Sample	Chromosome	Start	End	Num_Probes	Segment_Mean
MOWED_p_TCGAb3_39_40_41_42_STY_GenomeWideSNP_6_D05_1377386	1	51598	16929044	8776	-5e-04
MOWED_p_TCGAb3_39_40_41_42_STY_GenomeWideSNP_6_D05_1377386	1	16949054	16987299	19	-1.2549
MOWED_p_TCGAb3_39_40_41_42_STY_GenomeWideSNP_6_D05_1377386	1	17049632	17155662	70	0.4112
MOWED_p_TCGAb3_39_40_41_42_STY_GenomeWideSNP_6_D05_1377386	1	17157507	53260458	20196	0.0014
MOWED_p_TCGAb3_39_40_41_42_STY_GenomeWideSNP_6_D05_1377386	1	53261038	53262328	11	-0.7054
MOWED_p_TCGAb3_39_40_41_42_STY_GenomeWideSNP_6_D05_1377386	1	53265192	54913189	1092	-0.0039
MOWED_p_TCGAb3_39_40_41_42_STY_GenomeWideSNP_6_D05_1377386	1	54915916	55142602	197	0.4748
MOWED_p_TCGAb3_39_40_41_42_STY_GenomeWideSNP_6_D05_1377386	1	55152527	65131558	7545	-0.0019
MOWED_p_TCGAb3_39_40_41_42_STY_GenomeWideSNP_6_D05_1377386	1	65131693	65131784	2	-1.6197
MOWED_p_TCGAb3_39_40_41_42_STY_GenomeWideSNP_6_D05_1377386	1	65131798	71197026	4123	-0.0013
MOWED_p_TCGAb3_39_40_41_42_STY_GenomeWideSNP_6_D05_1377386	1	71198848	71202454	2	1.4643
MOWED_p_TCGAb3_39_40_41_42_STY_GenomeWideSNP_6_D05_1377386	1	71205572	72532112	779	0.0029
MOWED_p_TCGAb3_39_40_41_42_STY_GenomeWideSNP_6_D05_1377386	1	72533444	72585028	53	0.4331
MOWED_p_TCGAb3_39_40_41_42_STY_GenomeWideSNP_6_D05_1377386	1	72589343	77547724	3193	-0.0029
MOWED_p_TCGAb3_39_40_41_42_STY_GenomeWideSNP_6_D05_1377386	1	77547774	77552424	15	-0.8843
MOWED_p_TCGAb3_39_40_41_42_STY_GenomeWideSNP_6_D05_1377386	1	77554258	81661044	2557	-0.0069
MOWED_p_TCGAb3_39_40_41_42_STY_GenomeWideSNP_6_D05_1377386	1	81661190	81661193	2	1.6485
MOWED_p_TCGAb3_39_40_41_42_STY_GenomeWideSNP_6_D05_1377386	1	81661255	87591551	4017	8e-04
MOWED_p_TCGAb3_39_40_41_42_STY_GenomeWideSNP_6_D05_1377386	1	87592287	87606031	7	-0.8138
MOWED_p_TCGAb3_39_40_41_42_STY_GenomeWideSNP_6_D05_1377386	1	87606847	109986756	13824	-0.0046
MOWED_p_TCGAb3_39_40_41_42_STY_GenomeWideSNP_6_D05_1377386	1	109988751	109998724	3	-1.4137
MOWED_p_TCGAb3_39_40_41_42_STY_GenomeWideSNP_6_D05_1377386	1	110003103	111177743	875	0.0052
MOWED_p_TCGAb3_39_40_41_42_STY_GenomeWideSNP_6_D05_1377386	1	111178891	111189749	39	-0.6486
MOWED_p_TCGAb3_39_40_41_42_STY_GenomeWideSNP_6_D05_1377386	1	111193590	112498095	1084	-0.0042
MOWED_p_TCGAb3_39_40_41_42_STY_GenomeWideSNP_6_D05_1377386	1	112498138	112498764	13	0.5653
MOWED_p_TCGAb3_39_40_41_42_STY_GenomeWideSNP_6_D05_1377386	1	112498899	120886421	5102	-0.0016
MOWED_p_TCGAb3_39_40_41_42_STY_GenomeWideSNP_6_D05_1377386	1	120886544	120894018	5	0.9797
MOWED_p_TCGAb3_39_40_41_42_STY_GenomeWideSNP_6_D05_1377386	1	120895123	142788045	107	0.0653
MOWED_p_TCGAb3_39_40_41_42_STY_GenomeWideSNP_6_D05_1377386	1	142792400	143183358	3	2.4582
MOWED_p_TCGAb3_39_40_41_42_STY_GenomeWideSNP_6_D05_1377386	1	143238504	150827165	2803	0.0233
MOWED_p_TCGAb3_39_40_41_42_STY_GenomeWideSNP_6_D05_1377386	1	150827492	150827507	2	4.5423
MOWED_p_TCGAb3_39_40_41_42_STY_GenomeWideSNP_6_D05_1377386	1	150837793	150842085	13	0.4442
MOWED_p_TCGAb3_39_40_41_42_STY_GenomeWideSNP_6_D05_1377386	1	150846073	150846092	2	1.9708
MOWED_p_TCGAb3_39_40_41_42_STY_GenomeWideSNP_6_D05_1377386	1	150846245	151026302	178	-0.0093
MOWED_p_TCGAb3_39_40_41_42_STY_GenomeWideSNP_6_D05_1377386	1	151028547	151045067	40	0.429
MOWED_p_TCGAb3_39_40_41_42_STY_GenomeWideSNP_6_D05_1377386	1	151045150	159775499	5244	0.0042
MOWED_p_TCGAb3_39_40_41_42_STY_GenomeWideSNP_6_D05_1377386	1	159780383	159904825	46	0.2906
MOWED_p_TCGAb3_39_40_41_42_STY_GenomeWideSNP_6_D05_1377386	1	159905104	167483561	5986	0.0071
MOWED_p_TCGAb3_39_40_41_42_STY_GenomeWideSNP_6_D05_1377386	1	167500598	167508390	7	-2.2364
MOWED_p_TCGAb3_39_40_41_42_STY_GenomeWideSNP_6_D05_1377386	1	167509025	194998709	18145	0.001
MOWED_p_TCGAb3_39_40_41_42_STY_GenomeWideSNP_6_D05_1377386	1	195005246	195083353	93	-0.3465
MOWED_p_TCGAb3_39_40_41_42_STY_GenomeWideSNP_6_D05_1377386	1	195089940	246804070	35642	4e-04
MOWED_p_TCGAb3_39_40_41_42_STY_GenomeWideSNP_6_D05_1377386	1	246815817	246875487	35	-0.7007
MOWED_p_TCGAb3_39_40_41_42_STY_GenomeWideSNP_6_D05_1377386	1	246875732	247191011	142	0.0545
MOWED_p_TCGAb3_39_40_41_42_STY_GenomeWideSNP_6_D05_1377386	2	2784	7556169	5914	0.0041
MOWED_p_TCGAb3_39_40_41_42_STY_GenomeWideSNP_6_D05_1377386	2	7556824	7564423	3	1.4505
MOWED_p_TCGAb3_39_40_41_42_STY_GenomeWideSNP_6_D05_1377386	2	7564458	14950855	5340	0.0022
MOWED_p_TCGAb3_39_40_41_42_STY_GenomeWideSNP_6_D05_1377386	2	14956043	14956058	2	-3.0861
MOWED_p_TCGAb3_39_40_41_42_STY_GenomeWideSNP_6_D05_1377386	2	14959337	34373977	12690	0.0115
MOWED_p_TCGAb3_39_40_41_42_STY_GenomeWideSNP_6_D05_1377386	2	34377482	34379084	2	-1.6713
MOWED_p_TCGAb3_39_40_41_42_STY_GenomeWideSNP_6_D05_1377386	2	34379471	34564978	111	0.0716
MOWED_p_TCGAb3_39_40_41_42_STY_GenomeWideSNP_6_D05_1377386	2	34570274	34570632	7	1.0913
MOWED_p_TCGAb3_39_40_41_42_STY_GenomeWideSNP_6_D05_1377386	2	34570972	41091739	4831	0.0174
MOWED_p_TCGAb3_39_40_41_42_STY_GenomeWideSNP_6_D05_1377386	2	41091947	41096931	20	-0.4933
MOWED_p_TCGAb3_39_40_41_42_STY_GenomeWideSNP_6_D05_1377386	2	41096959	52607972	8163	0.0035
MOWED_p_TCGAb3_39_40_41_42_STY_GenomeWideSNP_6_D05_1377386	2	52607984	52635046	39	0.4923
MOWED_p_TCGAb3_39_40_41_42_STY_GenomeWideSNP_6_D05_1377386	2	52641453	106241081	29592	0.0151
MOWED_p_TCGAb3_39_40_41_42_STY_GenomeWideSNP_6_D05_1377386	2	106241154	106249661	6	-0.8842
MOWED_p_TCGAb3_39_40_41_42_STY_GenomeWideSNP_6_D05_1377386	2	106249763	106251789	7	-2.3757
MOWED_p_TCGAb3_39_40_41_42_STY_GenomeWideSNP_6_D05_1377386	2	106253687	180119399	44371	0.0063
MOWED_p_TCGAb3_39_40_41_42_STY_GenomeWideSNP_6_D05_1377386	2	180121607	180127998	14	-0.6627
MOWED_p_TCGAb3_39_40_41_42_STY_GenomeWideSNP_6_D05_1377386	2	180128688	180129742	10	-1.5303
MOWED_p_TCGAb3_39_40_41_42_STY_GenomeWideSNP_6_D05_1377386	2	180129757	180130133	5	-0.5762
MOWED_p_TCGAb3_39_40_41_42_STY_GenomeWideSNP_6_D05_1377386	2	180130151	234310302	33125	0.0098
MOWED_p_TCGAb3_39_40_41_42_STY_GenomeWideSNP_6_D05_1377386	2	234315343	234321911	7	-1.2589
MOWED_p_TCGAb3_39_40_41_42_STY_GenomeWideSNP_6_D05_1377386	2	234322722	242738129	5387	0.0125
MOWED_p_TCGAb3_39_40_41_42_STY_GenomeWideSNP_6_D05_1377386	3	35345	3971835	3549	0.0201
MOWED_p_TCGAb3_39_40_41_42_STY_GenomeWideSNP_6_D05_1377386	3	3972683	3986101	9	-1.118
MOWED_p_TCGAb3_39_40_41_42_STY_GenomeWideSNP_6_D05_1377386	3	3986128	6200608	1883	0.0136
MOWED_p_TCGAb3_39_40_41_42_STY_GenomeWideSNP_6_D05_1377386	3	6200624	6208537	11	0.6939
MOWED_p_TCGAb3_39_40_41_42_STY_GenomeWideSNP_6_D05_1377386	3	6208897	53003415	30219	0.0086
MOWED_p_TCGAb3_39_40_41_42_STY_GenomeWideSNP_6_D05_1377386	3	53006776	53014717	42	-0.6399
MOWED_p_TCGAb3_39_40_41_42_STY_GenomeWideSNP_6_D05_1377386	3	53016384	68828854	11994	0.0116
MOWED_p_TCGAb3_39_40_41_42_STY_GenomeWideSNP_6_D05_1377386	3	68828949	68830103	14	-1.2648
MOWED_p_TCGAb3_39_40_41_42_STY_GenomeWideSNP_6_D05_1377386	3	68831448	127194903	32297	0.0046
MOWED_p_TCGAb3_39_40_41_42_STY_GenomeWideSNP_6_D05_1377386	3	127194960	127204552	29	-0.7884
MOWED_p_TCGAb3_39_40_41_42_STY_GenomeWideSNP_6_D05_1377386	3	127205022	131246388	2329	0.006
MOWED_p_TCGAb3_39_40_41_42_STY_GenomeWideSNP_6_D05_1377386	3	131249276	131288742	50	0.3943
MOWED_p_TCGAb3_39_40_41_42_STY_GenomeWideSNP_6_D05_1377386	3	131288926	134507557	2127	0.0077
MOWED_p_TCGAb3_39_40_41_42_STY_GenomeWideSNP_6_D05_1377386	3	134507572	134507587	2	1.549
MOWED_p_TCGAb3_39_40_41_42_STY_GenomeWideSNP_6_D05_1377386	3	134507702	139659727	3000	0.0035
MOWED_p_TCGAb3_39_40_41_42_STY_GenomeWideSNP_6_D05_1377386	3	139660020	139660454	2	-1.9782
MOWED_p_TCGAb3_39_40_41_42_STY_GenomeWideSNP_6_D05_1377386	3	139663637	163990886	15105	0.0036
MOWED_p_TCGAb3_39_40_41_42_STY_GenomeWideSNP_6_D05_1377386	3	163990962	164096662	62	0.8723
MOWED_p_TCGAb3_39_40_41_42_STY_GenomeWideSNP_6_D05_1377386	3	164098261	190843448	16650	0.004
MOWED_p_TCGAb3_39_40_41_42_STY_GenomeWideSNP_6_D05_1377386	3	190846372	190853708	13	-0.7244
MOWED_p_TCGAb3_39_40_41_42_STY_GenomeWideSNP_6_D05_1377386	3	190855045	194360596	2488	0.0092
MOWED_p_TCGAb3_39_40_41_42_STY_GenomeWideSNP_6_D05_1377386	3	194360656	194365597	19	-1.304
MOWED_p_TCGAb3_39_40_41_42_STY_GenomeWideSNP_6_D05_1377386	3	194369129	196767187	1483	0.0037
MOWED_p_TCGAb3_39_40_41_42_STY_GenomeWideSNP_6_D05_1377386	3	196868323	196947987	39	-0.8013
MOWED_p_TCGAb3_39_40_41_42_STY_GenomeWideSNP_6_D05_1377386	3	196949765	199380515	1180	-0.0061
MOWED_p_TCGAb3_39_40_41_42_STY_GenomeWideSNP_6_D05_1377386	4	2281	8775443	5172	-0.0124
MOWED_p_TCGAb3_39_40_41_42_STY_GenomeWideSNP_6_D05_1377386	4	8979788	9000028	17	0.5825
MOWED_p_TCGAb3_39_40_41_42_STY_GenomeWideSNP_6_D05_1377386	4	9000369	9010230	10	-0.0512
MOWED_p_TCGAb3_39_40_41_42_STY_GenomeWideSNP_6_D05_1377386	4	9014003	9095185	44	0.5995
MOWED_p_TCGAb3_39_40_41_42_STY_GenomeWideSNP_6_D05_1377386	4	9105392	9840596	572	-0.0032
MOWED_p_TCGAb3_39_40_41_42_STY_GenomeWideSNP_6_D05_1377386	4	9843312	9843364	2	1.7563
MOWED_p_TCGAb3_39_40_41_42_STY_GenomeWideSNP_6_D05_1377386	4	9843706	20981682	8205	-0.0025
MOWED_p_TCGAb3_39_40_41_42_STY_GenomeWideSNP_6_D05_1377386	4	20981731	20985904	6	-1.0074
MOWED_p_TCGAb3_39_40_41_42_STY_GenomeWideSNP_6_D05_1377386	4	20985949	34442166	8742	-0.0055
MOWED_p_TCGAb3_39_40_41_42_STY_GenomeWideSNP_6_D05_1377386	4	34446701	34506399	52	0.3474
MOWED_p_TCGAb3_39_40_41_42_STY_GenomeWideSNP_6_D05_1377386	4	34508213	64112048	16376	0.0036
MOWED_p_TCGAb3_39_40_41_42_STY_GenomeWideSNP_6_D05_1377386	4	64116868	64117589	2	-1.669
MOWED_p_TCGAb3_39_40_41_42_STY_GenomeWideSNP_6_D05_1377386	4	64118133	64380204	175	-0.0029
MOWED_p_TCGAb3_39_40_41_42_STY_GenomeWideSNP_6_D05_1377386	4	64380328	64390349	20	0.5166
MOWED_p_TCGAb3_39_40_41_42_STY_GenomeWideSNP_6_D05_1377386	4	64390412	69049737	2873	-0.0054
MOWED_p_TCGAb3_39_40_41_42_STY_GenomeWideSNP_6_D05_1377386	4	69054598	69096367	17	0.8396
MOWED_p_TCGAb3_39_40_41_42_STY_GenomeWideSNP_6_D05_1377386	4	69096444	83856392	8732	-8e-04
MOWED_p_TCGAb3_39_40_41_42_STY_GenomeWideSNP_6_D05_1377386	4	83857571	83859356	10	-1.1001
MOWED_p_TCGAb3_39_40_41_42_STY_GenomeWideSNP_6_D05_1377386	4	83860850	87194247	2107	0.0085
MOWED_p_TCGAb3_39_40_41_42_STY_GenomeWideSNP_6_D05_1377386	4	87195118	87198406	16	-0.6967
MOWED_p_TCGAb3_39_40_41_42_STY_GenomeWideSNP_6_D05_1377386	4	87198592	104965020	10548	7e-04
MOWED_p_TCGAb3_39_40_41_42_STY_GenomeWideSNP_6_D05_1377386	4	104971079	104971086	5	1.6898
MOWED_p_TCGAb3_39_40_41_42_STY_GenomeWideSNP_6_D05_1377386	4	104971093	115393149	6301	0.0108
MOWED_p_TCGAb3_39_40_41_42_STY_GenomeWideSNP_6_D05_1377386	4	115394772	115401624	23	-1.53
MOWED_p_TCGAb3_39_40_41_42_STY_GenomeWideSNP_6_D05_1377386	4	115403678	138311645	13228	-0.0038
MOWED_p_TCGAb3_39_40_41_42_STY_GenomeWideSNP_6_D05_1377386	4	138311689	138314408	16	-0.5372
MOWED_p_TCGAb3_39_40_41_42_STY_GenomeWideSNP_6_D05_1377386	4	138314422	152095801	8378	0.0052
MOWED_p_TCGAb3_39_40_41_42_STY_GenomeWideSNP_6_D05_1377386	4	152095856	152103750	22	-2.307
MOWED_p_TCGAb3_39_40_41_42_STY_GenomeWideSNP_6_D05_1377386	4	152103756	172611602	12997	0.0023
MOWED_p_TCGAb3_39_40_41_42_STY_GenomeWideSNP_6_D05_1377386	4	172613549	172614019	5	1.9754
MOWED_p_TCGAb3_39_40_41_42_STY_GenomeWideSNP_6_D05_1377386	4	172614033	173661522	645	0.0028
MOWED_p_TCGAb3_39_40_41_42_STY_GenomeWideSNP_6_D05_1377386	4	173661604	173665218	6	1.527
MOWED_p_TCGAb3_39_40_41_42_STY_GenomeWideSNP_6_D05_1377386	4	173677707	183805666	6877	9e-04
MOWED_p_TCGAb3_39_40_41_42_STY_GenomeWideSNP_6_D05_1377386	4	183808334	183810384	5	-1.1517
MOWED_p_TCGAb3_39_40_41_42_STY_GenomeWideSNP_6_D05_1377386	4	183810762	183983481	132	0.081
MOWED_p_TCGAb3_39_40_41_42_STY_GenomeWideSNP_6_D05_1377386	4	183987544	183996044	2	-2.0976
MOWED_p_TCGAb3_39_40_41_42_STY_GenomeWideSNP_6_D05_1377386	4	183998421	188165769	2874	0.0076
MOWED_p_TCGAb3_39_40_41_42_STY_GenomeWideSNP_6_D05_1377386	4	188167520	188168605	2	-2.5794
MOWED_p_TCGAb3_39_40_41_42_STY_GenomeWideSNP_6_D05_1377386	4	188169623	191261904	1972	0.0056
MOWED_p_TCGAb3_39_40_41_42_STY_GenomeWideSNP_6_D05_1377386	5	68532	12838262	10181	-0.0096
MOWED_p_TCGAb3_39_40_41_42_STY_GenomeWideSNP_6_D05_1377386	5	12843869	12879650	15	0.6876
MOWED_p_TCGAb3_39_40_41_42_STY_GenomeWideSNP_6_D05_1377386	5	12886857	45975431	20453	-0.0017
MOWED_p_TCGAb3_39_40_41_42_STY_GenomeWideSNP_6_D05_1377386	5	45975797	45998113	4	-1.4936
MOWED_p_TCGAb3_39_40_41_42_STY_GenomeWideSNP_6_D05_1377386	5	46009205	68820884	12417	0.0031
MOWED_p_TCGAb3_39_40_41_42_STY_GenomeWideSNP_6_D05_1377386	5	68821963	68824017	3	-2.1158
MOWED_p_TCGAb3_39_40_41_42_STY_GenomeWideSNP_6_D05_1377386	5	68828518	68882059	15	0.0593
MOWED_p_TCGAb3_39_40_41_42_STY_GenomeWideSNP_6_D05_1377386	5	68903050	69153679	4	1.0367
MOWED_p_TCGAb3_39_40_41_42_STY_GenomeWideSNP_6_D05_1377386	5	69153891	75485776	3139	-8e-04
MOWED_p_TCGAb3_39_40_41_42_STY_GenomeWideSNP_6_D05_1377386	5	75485823	75485900	3	1.7074
MOWED_p_TCGAb3_39_40_41_42_STY_GenomeWideSNP_6_D05_1377386	5	75485932	98864471	13458	9e-04
MOWED_p_TCGAb3_39_40_41_42_STY_GenomeWideSNP_6_D05_1377386	5	98867773	98868525	2	-2.1957
MOWED_p_TCGAb3_39_40_41_42_STY_GenomeWideSNP_6_D05_1377386	5	98872236	104615052	3464	0.0162
MOWED_p_TCGAb3_39_40_41_42_STY_GenomeWideSNP_6_D05_1377386	5	104616331	104616352	2	2.0007
MOWED_p_TCGAb3_39_40_41_42_STY_GenomeWideSNP_6_D05_1377386	5	104617180	180722926	49608	4e-04
MOWED_p_TCGAb3_39_40_41_42_STY_GenomeWideSNP_6_D05_1377386	6	94661	29945051	21676	-9e-04
MOWED_p_TCGAb3_39_40_41_42_STY_GenomeWideSNP_6_D05_1377386	6	29945166	29951413	9	0.9067
MOWED_p_TCGAb3_39_40_41_42_STY_GenomeWideSNP_6_D05_1377386	6	29952013	29957246	7	2.3899
MOWED_p_TCGAb3_39_40_41_42_STY_GenomeWideSNP_6_D05_1377386	6	29958175	29982787	8	-0.0426
MOWED_p_TCGAb3_39_40_41_42_STY_GenomeWideSNP_6_D05_1377386	6	29984938	30004400	6	-1.1251
MOWED_p_TCGAb3_39_40_41_42_STY_GenomeWideSNP_6_D05_1377386	6	30004638	31385665	649	0.0023
MOWED_p_TCGAb3_39_40_41_42_STY_GenomeWideSNP_6_D05_1377386	6	31388802	31404430	12	-1.3604
MOWED_p_TCGAb3_39_40_41_42_STY_GenomeWideSNP_6_D05_1377386	6	31417903	34046721	1373	0.0021
MOWED_p_TCGAb3_39_40_41_42_STY_GenomeWideSNP_6_D05_1377386	6	34049989	34050683	6	-2.7035
MOWED_p_TCGAb3_39_40_41_42_STY_GenomeWideSNP_6_D05_1377386	6	34052564	54039026	12882	0.0068
MOWED_p_TCGAb3_39_40_41_42_STY_GenomeWideSNP_6_D05_1377386	6	54039043	54039814	8	1.0158
MOWED_p_TCGAb3_39_40_41_42_STY_GenomeWideSNP_6_D05_1377386	6	54043307	67262946	5635	0.0043
MOWED_p_TCGAb3_39_40_41_42_STY_GenomeWideSNP_6_D05_1377386	6	67263010	67264279	3	-1.6761
MOWED_p_TCGAb3_39_40_41_42_STY_GenomeWideSNP_6_D05_1377386	6	67264321	74648586	4856	-0.0067
MOWED_p_TCGAb3_39_40_41_42_STY_GenomeWideSNP_6_D05_1377386	6	74648953	74654069	9	-0.7648
MOWED_p_TCGAb3_39_40_41_42_STY_GenomeWideSNP_6_D05_1377386	6	74658138	77071668	1472	-0.006
MOWED_p_TCGAb3_39_40_41_42_STY_GenomeWideSNP_6_D05_1377386	6	77073620	77073789	7	0.9934
MOWED_p_TCGAb3_39_40_41_42_STY_GenomeWideSNP_6_D05_1377386	6	77073797	79019608	1288	0.0012
MOWED_p_TCGAb3_39_40_41_42_STY_GenomeWideSNP_6_D05_1377386	6	79025784	79091904	113	-0.4272
MOWED_p_TCGAb3_39_40_41_42_STY_GenomeWideSNP_6_D05_1377386	6	79095953	146681536	42405	0.0021
MOWED_p_TCGAb3_39_40_41_42_STY_GenomeWideSNP_6_D05_1377386	6	146685873	146685885	4	-1.6974
MOWED_p_TCGAb3_39_40_41_42_STY_GenomeWideSNP_6_D05_1377386	6	146688667	150411038	2566	0.0086
MOWED_p_TCGAb3_39_40_41_42_STY_GenomeWideSNP_6_D05_1377386	6	150413390	150418011	3	1.1718
MOWED_p_TCGAb3_39_40_41_42_STY_GenomeWideSNP_6_D05_1377386	6	150419014	152343386	1458	2e-04
MOWED_p_TCGAb3_39_40_41_42_STY_GenomeWideSNP_6_D05_1377386	6	152345925	152352514	10	-0.8147
MOWED_p_TCGAb3_39_40_41_42_STY_GenomeWideSNP_6_D05_1377386	6	152353586	170892930	13157	-0.0104
MOWED_p_TCGAb3_39_40_41_42_STY_GenomeWideSNP_6_D05_1377386	7	52911	22401305	16063	0.0061
MOWED_p_TCGAb3_39_40_41_42_STY_GenomeWideSNP_6_D05_1377386	7	22401997	22403012	2	-3.8371
MOWED_p_TCGAb3_39_40_41_42_STY_GenomeWideSNP_6_D05_1377386	7	22405279	29364375	5115	0.0036
MOWED_p_TCGAb3_39_40_41_42_STY_GenomeWideSNP_6_D05_1377386	7	29366835	29367229	4	-1.3704
MOWED_p_TCGAb3_39_40_41_42_STY_GenomeWideSNP_6_D05_1377386	7	29368917	31181902	1210	0.011
MOWED_p_TCGAb3_39_40_41_42_STY_GenomeWideSNP_6_D05_1377386	7	31182056	31182259	2	-2.456
MOWED_p_TCGAb3_39_40_41_42_STY_GenomeWideSNP_6_D05_1377386	7	31183741	38323848	5084	0.0091
MOWED_p_TCGAb3_39_40_41_42_STY_GenomeWideSNP_6_D05_1377386	7	38324752	38325253	3	1.1057
MOWED_p_TCGAb3_39_40_41_42_STY_GenomeWideSNP_6_D05_1377386	7	38325481	39043922	550	-0.0053
MOWED_p_TCGAb3_39_40_41_42_STY_GenomeWideSNP_6_D05_1377386	7	39043930	39046125	3	-2.539
MOWED_p_TCGAb3_39_40_41_42_STY_GenomeWideSNP_6_D05_1377386	7	39048019	47249414	5319	0.001
MOWED_p_TCGAb3_39_40_41_42_STY_GenomeWideSNP_6_D05_1377386	7	47251808	47255449	7	-4.8987
MOWED_p_TCGAb3_39_40_41_42_STY_GenomeWideSNP_6_D05_1377386	7	47258479	107960359	33063	0.003
MOWED_p_TCGAb3_39_40_41_42_STY_GenomeWideSNP_6_D05_1377386	7	107963577	107964211	2	-1.8075
MOWED_p_TCGAb3_39_40_41_42_STY_GenomeWideSNP_6_D05_1377386	7	107966754	125832792	10843	0.0083
MOWED_p_TCGAb3_39_40_41_42_STY_GenomeWideSNP_6_D05_1377386	7	125832887	125834113	12	-1.3129
MOWED_p_TCGAb3_39_40_41_42_STY_GenomeWideSNP_6_D05_1377386	7	125834114	140675215	9452	0.001
MOWED_p_TCGAb3_39_40_41_42_STY_GenomeWideSNP_6_D05_1377386	7	140676859	140677273	2	-3.0872
MOWED_p_TCGAb3_39_40_41_42_STY_GenomeWideSNP_6_D05_1377386	7	140678009	142148658	934	0.0254
MOWED_p_TCGAb3_39_40_41_42_STY_GenomeWideSNP_6_D05_1377386	7	142150149	142156508	10	-0.559
MOWED_p_TCGAb3_39_40_41_42_STY_GenomeWideSNP_6_D05_1377386	7	142158992	142165914	26	0.6039
MOWED_p_TCGAb3_39_40_41_42_STY_GenomeWideSNP_6_D05_1377386	7	142176424	142937021	473	0.0121
MOWED_p_TCGAb3_39_40_41_42_STY_GenomeWideSNP_6_D05_1377386	7	142937218	143017871	23	0.5369
MOWED_p_TCGAb3_39_40_41_42_STY_GenomeWideSNP_6_D05_1377386	7	143018007	143061967	22	0.0893
MOWED_p_TCGAb3_39_40_41_42_STY_GenomeWideSNP_6_D05_1377386	7	143075149	143203099	52	0.5303
MOWED_p_TCGAb3_39_40_41_42_STY_GenomeWideSNP_6_D05_1377386	7	143203219	143216684	11	0.0585
MOWED_p_TCGAb3_39_40_41_42_STY_GenomeWideSNP_6_D05_1377386	7	143223388	143241353	6	0.5446
MOWED_p_TCGAb3_39_40_41_42_STY_GenomeWideSNP_6_D05_1377386	7	143241483	143341142	108	-0.0381
MOWED_p_TCGAb3_39_40_41_42_STY_GenomeWideSNP_6_D05_1377386	7	143341554	143342084	4	-1.3054
MOWED_p_TCGAb3_39_40_41_42_STY_GenomeWideSNP_6_D05_1377386	7	143342102	154513733	7044	0.0033
MOWED_p_TCGAb3_39_40_41_42_STY_GenomeWideSNP_6_D05_1377386	7	154515786	154520478	45	-0.8312
MOWED_p_TCGAb3_39_40_41_42_STY_GenomeWideSNP_6_D05_1377386	7	154522885	158819765	2771	-0.0261
MOWED_p_TCGAb3_39_40_41_42_STY_GenomeWideSNP_6_D05_1377386	8	21254	585790	330	-0.0631
MOWED_p_TCGAb3_39_40_41_42_STY_GenomeWideSNP_6_D05_1377386	8	585875	585908	3	2.091
MOWED_p_TCGAb3_39_40_41_42_STY_GenomeWideSNP_6_D05_1377386	8	591043	7680588	7605	-0.0125
MOWED_p_TCGAb3_39_40_41_42_STY_GenomeWideSNP_6_D05_1377386	8	7683737	7791703	15	-0.6977
MOWED_p_TCGAb3_39_40_41_42_STY_GenomeWideSNP_6_D05_1377386	8	7791802	7903274	54	-0.0147
MOWED_p_TCGAb3_39_40_41_42_STY_GenomeWideSNP_6_D05_1377386	8	7903572	8003599	13	0.6436
MOWED_p_TCGAb3_39_40_41_42_STY_GenomeWideSNP_6_D05_1377386	8	8005738	13520809	4269	-0.002
MOWED_p_TCGAb3_39_40_41_42_STY_GenomeWideSNP_6_D05_1377386	8	13524810	13526256	3	-1.2254
MOWED_p_TCGAb3_39_40_41_42_STY_GenomeWideSNP_6_D05_1377386	8	13526448	25028104	9487	0.0084
MOWED_p_TCGAb3_39_40_41_42_STY_GenomeWideSNP_6_D05_1377386	8	25030360	25047021	28	0.4101
MOWED_p_TCGAb3_39_40_41_42_STY_GenomeWideSNP_6_D05_1377386	8	25047044	39367899	9001	0.0039
MOWED_p_TCGAb3_39_40_41_42_STY_GenomeWideSNP_6_D05_1377386	8	39370129	39504351	54	0.3853
MOWED_p_TCGAb3_39_40_41_42_STY_GenomeWideSNP_6_D05_1377386	8	39506122	51194564	4583	0.0042
MOWED_p_TCGAb3_39_40_41_42_STY_GenomeWideSNP_6_D05_1377386	8	51194577	51195976	8	-0.843
MOWED_p_TCGAb3_39_40_41_42_STY_GenomeWideSNP_6_D05_1377386	8	51201131	51399565	144	0.0385
MOWED_p_TCGAb3_39_40_41_42_STY_GenomeWideSNP_6_D05_1377386	8	51403256	51407207	3	-1.8194
MOWED_p_TCGAb3_39_40_41_42_STY_GenomeWideSNP_6_D05_1377386	8	51407875	112363642	37197	0.0028
MOWED_p_TCGAb3_39_40_41_42_STY_GenomeWideSNP_6_D05_1377386	8	112363822	112364436	7	1.0133
MOWED_p_TCGAb3_39_40_41_42_STY_GenomeWideSNP_6_D05_1377386	8	112369457	115703829	1821	-0.0198
MOWED_p_TCGAb3_39_40_41_42_STY_GenomeWideSNP_6_D05_1377386	8	115703843	115710659	27	-0.662
MOWED_p_TCGAb3_39_40_41_42_STY_GenomeWideSNP_6_D05_1377386	8	115710693	120221191	3107	-0.0072
MOWED_p_TCGAb3_39_40_41_42_STY_GenomeWideSNP_6_D05_1377386	8	120223965	120228627	4	-3.1751
MOWED_p_TCGAb3_39_40_41_42_STY_GenomeWideSNP_6_D05_1377386	8	120232035	140737742	15323	-0.0021
MOWED_p_TCGAb3_39_40_41_42_STY_GenomeWideSNP_6_D05_1377386	8	140739149	140740112	4	-1.5262
MOWED_p_TCGAb3_39_40_41_42_STY_GenomeWideSNP_6_D05_1377386	8	140740159	146268959	2588	-0.0122
MOWED_p_TCGAb3_39_40_41_42_STY_GenomeWideSNP_6_D05_1377386	9	36587	44158278	31330	0.0076
MOWED_p_TCGAb3_39_40_41_42_STY_GenomeWideSNP_6_D05_1377386	9	44164065	44815938	65	0.3626
MOWED_p_TCGAb3_39_40_41_42_STY_GenomeWideSNP_6_D05_1377386	9	44828123	46073641	68	-0.0255
MOWED_p_TCGAb3_39_40_41_42_STY_GenomeWideSNP_6_D05_1377386	9	46100361	46290679	20	0.8484
MOWED_p_TCGAb3_39_40_41_42_STY_GenomeWideSNP_6_D05_1377386	9	46324233	71218382	1154	0.0328
MOWED_p_TCGAb3_39_40_41_42_STY_GenomeWideSNP_6_D05_1377386	9	71218394	71238848	23	0.7298
MOWED_p_TCGAb3_39_40_41_42_STY_GenomeWideSNP_6_D05_1377386	9	71239424	140211215	46996	-0.0013
MOWED_p_TCGAb3_39_40_41_42_STY_GenomeWideSNP_6_D05_1377386	10	62809	1222009	689	-0.0104
MOWED_p_TCGAb3_39_40_41_42_STY_GenomeWideSNP_6_D05_1377386	10	1225393	1226330	2	-1.8612
MOWED_p_TCGAb3_39_40_41_42_STY_GenomeWideSNP_6_D05_1377386	10	1226476	4277070	2886	-0.0069
MOWED_p_TCGAb3_39_40_41_42_STY_GenomeWideSNP_6_D05_1377386	10	4280814	4281016	4	1.2067
MOWED_p_TCGAb3_39_40_41_42_STY_GenomeWideSNP_6_D05_1377386	10	4284071	15709436	9592	-0.0102
MOWED_p_TCGAb3_39_40_41_42_STY_GenomeWideSNP_6_D05_1377386	10	15710975	15714213	9	-0.871
MOWED_p_TCGAb3_39_40_41_42_STY_GenomeWideSNP_6_D05_1377386	10	15714422	18213969	1658	3e-04
MOWED_p_TCGAb3_39_40_41_42_STY_GenomeWideSNP_6_D05_1377386	10	18225129	18239819	3	-1.6826
MOWED_p_TCGAb3_39_40_41_42_STY_GenomeWideSNP_6_D05_1377386	10	18263653	46111486	16647	-8e-04
MOWED_p_TCGAb3_39_40_41_42_STY_GenomeWideSNP_6_D05_1377386	10	46337321	46363383	5	-2.8845
MOWED_p_TCGAb3_39_40_41_42_STY_GenomeWideSNP_6_D05_1377386	10	46366714	46475660	73	-0.0167
MOWED_p_TCGAb3_39_40_41_42_STY_GenomeWideSNP_6_D05_1377386	10	46475717	46479207	11	0.7293
MOWED_p_TCGAb3_39_40_41_42_STY_GenomeWideSNP_6_D05_1377386	10	46479232	54595789	4368	-0.0108
MOWED_p_TCGAb3_39_40_41_42_STY_GenomeWideSNP_6_D05_1377386	10	54599860	54609159	10	-1.064
MOWED_p_TCGAb3_39_40_41_42_STY_GenomeWideSNP_6_D05_1377386	10	54611407	58186409	2522	0.0024
MOWED_p_TCGAb3_39_40_41_42_STY_GenomeWideSNP_6_D05_1377386	10	58186527	58196843	39	-0.7569
MOWED_p_TCGAb3_39_40_41_42_STY_GenomeWideSNP_6_D05_1377386	10	58202758	122749100	42985	-0.0013
MOWED_p_TCGAb3_39_40_41_42_STY_GenomeWideSNP_6_D05_1377386	10	122751081	122761576	12	-0.7887
MOWED_p_TCGAb3_39_40_41_42_STY_GenomeWideSNP_6_D05_1377386	10	122766404	135084182	9164	-0.0121
MOWED_p_TCGAb3_39_40_41_42_STY_GenomeWideSNP_6_D05_1377386	10	135092863	135237865	111	0.4127
MOWED_p_TCGAb3_39_40_41_42_STY_GenomeWideSNP_6_D05_1377386	10	135239844	135356694	34	-0.0331
MOWED_p_TCGAb3_39_40_41_42_STY_GenomeWideSNP_6_D05_1377386	11	188510	87288959	53279	0.0058
MOWED_p_TCGAb3_39_40_41_42_STY_GenomeWideSNP_6_D05_1377386	11	87288963	87289513	3	-1.7096
MOWED_p_TCGAb3_39_40_41_42_STY_GenomeWideSNP_6_D05_1377386	11	87289527	87923538	459	-0.0026
MOWED_p_TCGAb3_39_40_41_42_STY_GenomeWideSNP_6_D05_1377386	11	87924705	87925679	4	-1.4281
MOWED_p_TCGAb3_39_40_41_42_STY_GenomeWideSNP_6_D05_1377386	11	87926085	89114479	723	0.0128
MOWED_p_TCGAb3_39_40_41_42_STY_GenomeWideSNP_6_D05_1377386	11	89127597	89169255	6	-1.3976
MOWED_p_TCGAb3_39_40_41_42_STY_GenomeWideSNP_6_D05_1377386	11	89175116	134449982	32379	0.0027
MOWED_p_TCGAb3_39_40_41_42_STY_GenomeWideSNP_6_D05_1377386	12	20703	9525137	6181	0.0036
MOWED_p_TCGAb3_39_40_41_42_STY_GenomeWideSNP_6_D05_1377386	12	9529176	9619559	23	0.7126
MOWED_p_TCGAb3_39_40_41_42_STY_GenomeWideSNP_6_D05_1377386	12	9626236	11395358	1181	-0.0067
MOWED_p_TCGAb3_39_40_41_42_STY_GenomeWideSNP_6_D05_1377386	12	11402844	11434673	32	-0.6902
MOWED_p_TCGAb3_39_40_41_42_STY_GenomeWideSNP_6_D05_1377386	12	11443459	21035569	6516	0.0051
MOWED_p_TCGAb3_39_40_41_42_STY_GenomeWideSNP_6_D05_1377386	12	21035698	21035773	3	-2.5387
MOWED_p_TCGAb3_39_40_41_42_STY_GenomeWideSNP_6_D05_1377386	12	21035809	30131313	6580	0.0035
MOWED_p_TCGAb3_39_40_41_42_STY_GenomeWideSNP_6_D05_1377386	12	30131407	30134956	17	0.5412
MOWED_p_TCGAb3_39_40_41_42_STY_GenomeWideSNP_6_D05_1377386	12	30134989	33277097	2339	-0.0031
MOWED_p_TCGAb3_39_40_41_42_STY_GenomeWideSNP_6_D05_1377386	12	33278024	33286685	6	-1.7409
MOWED_p_TCGAb3_39_40_41_42_STY_GenomeWideSNP_6_D05_1377386	12	33290320	39266408	2397	0.0069
MOWED_p_TCGAb3_39_40_41_42_STY_GenomeWideSNP_6_D05_1377386	12	39268879	39268897	2	-1.8795
MOWED_p_TCGAb3_39_40_41_42_STY_GenomeWideSNP_6_D05_1377386	12	39271657	41530122	1563	-0.0076
MOWED_p_TCGAb3_39_40_41_42_STY_GenomeWideSNP_6_D05_1377386	12	41530189	41535152	5	1.0338
MOWED_p_TCGAb3_39_40_41_42_STY_GenomeWideSNP_6_D05_1377386	12	41536624	44190705	1596	0.0121
MOWED_p_TCGAb3_39_40_41_42_STY_GenomeWideSNP_6_D05_1377386	12	44192107	44195804	3	-2.2553
MOWED_p_TCGAb3_39_40_41_42_STY_GenomeWideSNP_6_D05_1377386	12	44199559	130379757	55496	-0.0021
MOWED_p_TCGAb3_39_40_41_42_STY_GenomeWideSNP_6_D05_1377386	12	130380772	130381275	3	-2.4685
MOWED_p_TCGAb3_39_40_41_42_STY_GenomeWideSNP_6_D05_1377386	12	130382166	130680958	303	-0.0187
MOWED_p_TCGAb3_39_40_41_42_STY_GenomeWideSNP_6_D05_1377386	12	130683088	130699288	19	0.4995
MOWED_p_TCGAb3_39_40_41_42_STY_GenomeWideSNP_6_D05_1377386	12	130708284	132288262	569	-0.0081
MOWED_p_TCGAb3_39_40_41_42_STY_GenomeWideSNP_6_D05_1377386	13	17924949	75007537	37732	3e-04
MOWED_p_TCGAb3_39_40_41_42_STY_GenomeWideSNP_6_D05_1377386	13	75010701	75015769	10	0.9021
MOWED_p_TCGAb3_39_40_41_42_STY_GenomeWideSNP_6_D05_1377386	13	75018629	104820723	19969	-0.002
MOWED_p_TCGAb3_39_40_41_42_STY_GenomeWideSNP_6_D05_1377386	13	104820987	104824556	2	1.93
MOWED_p_TCGAb3_39_40_41_42_STY_GenomeWideSNP_6_D05_1377386	13	104824859	114126499	6413	-0.0034
MOWED_p_TCGAb3_39_40_41_42_STY_GenomeWideSNP_6_D05_1377386	14	18072124	18261718	19	0.0532
MOWED_p_TCGAb3_39_40_41_42_STY_GenomeWideSNP_6_D05_1377386	14	18343625	18763249	31	0.6765
MOWED_p_TCGAb3_39_40_41_42_STY_GenomeWideSNP_6_D05_1377386	14	18767885	73076460	34158	0.0064
MOWED_p_TCGAb3_39_40_41_42_STY_GenomeWideSNP_6_D05_1377386	14	73076604	73090732	7	-1.7363
MOWED_p_TCGAb3_39_40_41_42_STY_GenomeWideSNP_6_D05_1377386	14	73099653	105082353	20610	0.0021
MOWED_p_TCGAb3_39_40_41_42_STY_GenomeWideSNP_6_D05_1377386	14	105100682	105266346	22	0.6189
MOWED_p_TCGAb3_39_40_41_42_STY_GenomeWideSNP_6_D05_1377386	14	105268160	105531947	104	0.1398
MOWED_p_TCGAb3_39_40_41_42_STY_GenomeWideSNP_6_D05_1377386	14	105550720	105550986	2	3.5453
MOWED_p_TCGAb3_39_40_41_42_STY_GenomeWideSNP_6_D05_1377386	14	105553173	106356482	455	0.1183
MOWED_p_TCGAb3_39_40_41_42_STY_GenomeWideSNP_6_D05_1377386	15	18276341	19555435	305	-0.0282
MOWED_p_TCGAb3_39_40_41_42_STY_GenomeWideSNP_6_D05_1377386	15	19566875	19943111	60	0.3801
MOWED_p_TCGAb3_39_40_41_42_STY_GenomeWideSNP_6_D05_1377386	15	19945757	74678296	33895	0.0015
MOWED_p_TCGAb3_39_40_41_42_STY_GenomeWideSNP_6_D05_1377386	15	74678566	74682830	21	0.787
MOWED_p_TCGAb3_39_40_41_42_STY_GenomeWideSNP_6_D05_1377386	15	74689234	100286563	17632	0.0014
MOWED_p_TCGAb3_39_40_41_42_STY_GenomeWideSNP_6_D05_1377386	16	777	54352549	27253	-0.0027
MOWED_p_TCGAb3_39_40_41_42_STY_GenomeWideSNP_6_D05_1377386	16	54352715	54379945	23	-1.8021
MOWED_p_TCGAb3_39_40_41_42_STY_GenomeWideSNP_6_D05_1377386	16	54387058	76929109	14465	0.0028
MOWED_p_TCGAb3_39_40_41_42_STY_GenomeWideSNP_6_D05_1377386	16	76929941	76942266	17	-1.8092
MOWED_p_TCGAb3_39_40_41_42_STY_GenomeWideSNP_6_D05_1377386	16	76942502	78714525	2182	-0.0019
MOWED_p_TCGAb3_39_40_41_42_STY_GenomeWideSNP_6_D05_1377386	16	78716730	78717414	5	-1.6972
MOWED_p_TCGAb3_39_40_41_42_STY_GenomeWideSNP_6_D05_1377386	16	78717517	88815036	8405	-0.0178
MOWED_p_TCGAb3_39_40_41_42_STY_GenomeWideSNP_6_D05_1377386	17	526	8183635	4534	-6e-04
MOWED_p_TCGAb3_39_40_41_42_STY_GenomeWideSNP_6_D05_1377386	17	8188272	8188458	2	-3.2553
MOWED_p_TCGAb3_39_40_41_42_STY_GenomeWideSNP_6_D05_1377386	17	8190183	36633956	16359	-0.0038
MOWED_p_TCGAb3_39_40_41_42_STY_GenomeWideSNP_6_D05_1377386	17	36641086	36643802	4	-2.9218
MOWED_p_TCGAb3_39_40_41_42_STY_GenomeWideSNP_6_D05_1377386	17	36647295	36675234	13	-0.2296
MOWED_p_TCGAb3_39_40_41_42_STY_GenomeWideSNP_6_D05_1377386	17	36676540	36683976	23	1.6373
MOWED_p_TCGAb3_39_40_41_42_STY_GenomeWideSNP_6_D05_1377386	17	36684057	40813669	2118	0.0036
MOWED_p_TCGAb3_39_40_41_42_STY_GenomeWideSNP_6_D05_1377386	17	40815537	40815553	2	-1.6573
MOWED_p_TCGAb3_39_40_41_42_STY_GenomeWideSNP_6_D05_1377386	17	40815686	41557232	419	-0.0374
MOWED_p_TCGAb3_39_40_41_42_STY_GenomeWideSNP_6_D05_1377386	17	41560151	42107462	142	-0.4146
MOWED_p_TCGAb3_39_40_41_42_STY_GenomeWideSNP_6_D05_1377386	17	42107479	76243458	20585	-0.0029
MOWED_p_TCGAb3_39_40_41_42_STY_GenomeWideSNP_6_D05_1377386	17	76244388	76248774	2	1.8199
MOWED_p_TCGAb3_39_40_41_42_STY_GenomeWideSNP_6_D05_1377386	17	76248895	78643088	955	4e-04
MOWED_p_TCGAb3_39_40_41_42_STY_GenomeWideSNP_6_D05_1377386	18	1543	15173612	10387	0.0077
MOWED_p_TCGAb3_39_40_41_42_STY_GenomeWideSNP_6_D05_1377386	18	15181559	15211747	5	-1.158
MOWED_p_TCGAb3_39_40_41_42_STY_GenomeWideSNP_6_D05_1377386	18	15218659	76116029	40263	0.004
MOWED_p_TCGAb3_39_40_41_42_STY_GenomeWideSNP_6_D05_1377386	19	41910	40541162	16780	0.0052
MOWED_p_TCGAb3_39_40_41_42_STY_GenomeWideSNP_6_D05_1377386	19	40541333	40553688	22	-0.6269
MOWED_p_TCGAb3_39_40_41_42_STY_GenomeWideSNP_6_D05_1377386	19	40558584	49591799	4682	0.0058
MOWED_p_TCGAb3_39_40_41_42_STY_GenomeWideSNP_6_D05_1377386	19	49594121	49621954	24	0.4479
MOWED_p_TCGAb3_39_40_41_42_STY_GenomeWideSNP_6_D05_1377386	19	49622188	63789666	7771	6e-04
MOWED_p_TCGAb3_39_40_41_42_STY_GenomeWideSNP_6_D05_1377386	20	9305	55995414	38147	-6e-04
MOWED_p_TCGAb3_39_40_41_42_STY_GenomeWideSNP_6_D05_1377386	20	55995997	55996322	2	-3.2058
MOWED_p_TCGAb3_39_40_41_42_STY_GenomeWideSNP_6_D05_1377386	20	55996422	56043959	41	-0.0456
MOWED_p_TCGAb3_39_40_41_42_STY_GenomeWideSNP_6_D05_1377386	20	56044828	56044901	2	-2.247
MOWED_p_TCGAb3_39_40_41_42_STY_GenomeWideSNP_6_D05_1377386	20	56048433	56174313	96	-0.0179
MOWED_p_TCGAb3_39_40_41_42_STY_GenomeWideSNP_6_D05_1377386	20	56177529	56177596	2	1.0495
MOWED_p_TCGAb3_39_40_41_42_STY_GenomeWideSNP_6_D05_1377386	20	56178158	56448225	195	9e-04
MOWED_p_TCGAb3_39_40_41_42_STY_GenomeWideSNP_6_D05_1377386	20	56448481	56448511	2	1.9926
MOWED_p_TCGAb3_39_40_41_42_STY_GenomeWideSNP_6_D05_1377386	20	56449184	62426597	3864	-0.0101
MOWED_p_TCGAb3_39_40_41_42_STY_GenomeWideSNP_6_D05_1377386	21	9758742	23355589	7026	-0.0013
MOWED_p_TCGAb3_39_40_41_42_STY_GenomeWideSNP_6_D05_1377386	21	23355656	23355716	2	2.032
MOWED_p_TCGAb3_39_40_41_42_STY_GenomeWideSNP_6_D05_1377386	21	23355835	24048609	552	-0.0104
MOWED_p_TCGAb3_39_40_41_42_STY_GenomeWideSNP_6_D05_1377386	21	24048652	24048660	2	1.7758
MOWED_p_TCGAb3_39_40_41_42_STY_GenomeWideSNP_6_D05_1377386	21	24048953	46921385	16748	-0.0064
MOWED_p_TCGAb3_39_40_41_42_STY_GenomeWideSNP_6_D05_1377386	22	14432528	14441342	5	-1.0355
MOWED_p_TCGAb3_39_40_41_42_STY_GenomeWideSNP_6_D05_1377386	22	14457141	22674422	4603	-0.0265
MOWED_p_TCGAb3_39_40_41_42_STY_GenomeWideSNP_6_D05_1377386	22	22680529	22726814	19	-1.7681
MOWED_p_TCGAb3_39_40_41_42_STY_GenomeWideSNP_6_D05_1377386	22	22731529	24066677	878	-0.0074
MOWED_p_TCGAb3_39_40_41_42_STY_GenomeWideSNP_6_D05_1377386	22	24066678	24086507	31	-0.3491
MOWED_p_TCGAb3_39_40_41_42_STY_GenomeWideSNP_6_D05_1377386	22	24086933	46442374	15541	-9e-04
MOWED_p_TCGAb3_39_40_41_42_STY_GenomeWideSNP_6_D05_1377386	22	46443809	46466993	20	-0.4298
MOWED_p_TCGAb3_39_40_41_42_STY_GenomeWideSNP_6_D05_1377386	22	46467265	47194900	799	-0.0214
MOWED_p_TCGAb3_39_40_41_42_STY_GenomeWideSNP_6_D05_1377386	22	47195430	47199503	2	-1.9688
MOWED_p_TCGAb3_39_40_41_42_STY_GenomeWideSNP_6_D05_1377386	22	47199733	49581321	1589	-0.0902
MOWED_p_TCGAb3_39_40_41_42_STY_GenomeWideSNP_6_D05_1377386	X	108477	2786372	154	0.0611
MOWED_p_TCGAb3_39_40_41_42_STY_GenomeWideSNP_6_D05_1377386	X	2787355	2789749	8	-1.5377
MOWED_p_TCGAb3_39_40_41_42_STY_GenomeWideSNP_6_D05_1377386	X	2793107	152149886	82205	-0.0015
MOWED_p_TCGAb3_39_40_41_42_STY_GenomeWideSNP_6_D05_1377386	X	152151526	152151950	4	-2.117
MOWED_p_TCGAb3_39_40_41_42_STY_GenomeWideSNP_6_D05_1377386	X	152152024	154835548	1073	0.0204
MOWED_p_TCGAb3_39_40_41_42_STY_GenomeWideSNP_6_D05_1377386	Y	2710438	10243865	2532	-0.6526
MOWED_p_TCGAb3_39_40_41_42_STY_GenomeWideSNP_6_D05_1377386	Y	10258550	10258739	2	-3.4324
MOWED_p_TCGAb3_39_40_41_42_STY_GenomeWideSNP_6_D05_1377386	Y	10261430	57427647	6051	-0.6694
