GDC_Aliquot	Chromosome	Start	End	Num_Probes	Segment_Mean
1b8d48ad-6010-4f3c-a25f-a9333d226822	1	62920	1696979	212	-0.0214
1b8d48ad-6010-4f3c-a25f-a9333d226822	1	1710664	1741164	14	-1.0032
1b8d48ad-6010-4f3c-a25f-a9333d226822	1	1756148	10307072	4938	-0.0305
1b8d48ad-6010-4f3c-a25f-a9333d226822	1	10307151	10321821	23	-0.5216
1b8d48ad-6010-4f3c-a25f-a9333d226822	1	10322112	16785682	3516	-0.0284
1b8d48ad-6010-4f3c-a25f-a9333d226822	1	16787932	16949746	59	0.3111
1b8d48ad-6010-4f3c-a25f-a9333d226822	1	16951445	25269456	5267	-0.0362
1b8d48ad-6010-4f3c-a25f-a9333d226822	1	25269914	25273831	3	-1.4373
1b8d48ad-6010-4f3c-a25f-a9333d226822	1	25275368	31447399	3180	-0.032
1b8d48ad-6010-4f3c-a25f-a9333d226822	1	31448330	31493478	15	-1.0669
1b8d48ad-6010-4f3c-a25f-a9333d226822	1	31495473	66529437	21879	-0.0352
1b8d48ad-6010-4f3c-a25f-a9333d226822	1	66530354	72284670	3667	0.0045
1b8d48ad-6010-4f3c-a25f-a9333d226822	1	72290430	72297687	9	-1.0128
1b8d48ad-6010-4f3c-a25f-a9333d226822	1	72302735	72345465	48	0.6796
1b8d48ad-6010-4f3c-a25f-a9333d226822	1	72346221	75585159	1932	0.0085
1b8d48ad-6010-4f3c-a25f-a9333d226822	1	75589078	75589169	2	-2.9773
1b8d48ad-6010-4f3c-a25f-a9333d226822	1	75593824	86307363	7212	0.0116
1b8d48ad-6010-4f3c-a25f-a9333d226822	1	86311139	86312583	2	-1.5587
1b8d48ad-6010-4f3c-a25f-a9333d226822	1	86314399	110833598	15311	0.0131
1b8d48ad-6010-4f3c-a25f-a9333d226822	1	110834746	110845604	39	-0.9595
1b8d48ad-6010-4f3c-a25f-a9333d226822	1	110849445	152583051	8704	-0.0143
1b8d48ad-6010-4f3c-a25f-a9333d226822	1	152583230	152614118	35	1.3971
1b8d48ad-6010-4f3c-a25f-a9333d226822	1	152618018	152789447	168	0.0005
1b8d48ad-6010-4f3c-a25f-a9333d226822	1	152789463	152796224	36	0.5273
1b8d48ad-6010-4f3c-a25f-a9333d226822	1	152801429	169247699	11284	0.0018
1b8d48ad-6010-4f3c-a25f-a9333d226822	1	169264736	169268642	3	-3.9801
1b8d48ad-6010-4f3c-a25f-a9333d226822	1	169269493	169272528	3	-1.5015
1b8d48ad-6010-4f3c-a25f-a9333d226822	1	169273163	196745743	18180	-0.009
1b8d48ad-6010-4f3c-a25f-a9333d226822	1	196758720	196832525	57	-0.7703
1b8d48ad-6010-4f3c-a25f-a9333d226822	1	196832720	199142235	1380	0.0013
1b8d48ad-6010-4f3c-a25f-a9333d226822	1	199142298	199144712	8	-1.1307
1b8d48ad-6010-4f3c-a25f-a9333d226822	1	199145110	199536539	286	0.024
1b8d48ad-6010-4f3c-a25f-a9333d226822	1	199536965	199537065	2	1.3993
1b8d48ad-6010-4f3c-a25f-a9333d226822	1	199537902	208307883	5792	0.0013
1b8d48ad-6010-4f3c-a25f-a9333d226822	1	208307904	208308365	5	-1.3747
1b8d48ad-6010-4f3c-a25f-a9333d226822	1	208310766	230684884	15176	-0.0061
1b8d48ad-6010-4f3c-a25f-a9333d226822	1	230685738	230686250	3	-1.5215
1b8d48ad-6010-4f3c-a25f-a9333d226822	1	230687157	234339701	2869	-0.0185
1b8d48ad-6010-4f3c-a25f-a9333d226822	1	234339984	248930189	10302	0.0202
1b8d48ad-6010-4f3c-a25f-a9333d226822	2	12784	4158097	2988	0.0046
1b8d48ad-6010-4f3c-a25f-a9333d226822	2	4166274	4176429	42	-0.8467
1b8d48ad-6010-4f3c-a25f-a9333d226822	2	4182472	14565932	8013	-0.0035
1b8d48ad-6010-4f3c-a25f-a9333d226822	2	14566145	14569897	8	-1.253
1b8d48ad-6010-4f3c-a25f-a9333d226822	2	14569968	22131734	5459	0.0019
1b8d48ad-6010-4f3c-a25f-a9333d226822	2	22132153	22135126	3	-1.2149
1b8d48ad-6010-4f3c-a25f-a9333d226822	2	22137050	34466002	7577	-0.0231
1b8d48ad-6010-4f3c-a25f-a9333d226822	2	34474248	34512096	47	0.5332
1b8d48ad-6010-4f3c-a25f-a9333d226822	2	34512489	37793689	2485	-0.0103
1b8d48ad-6010-4f3c-a25f-a9333d226822	2	37794355	37794632	2	-1.4961
1b8d48ad-6010-4f3c-a25f-a9333d226822	2	37795069	38145736	291	-0.0059
1b8d48ad-6010-4f3c-a25f-a9333d226822	2	38146270	38146288	2	-1.6767
1b8d48ad-6010-4f3c-a25f-a9333d226822	2	38146410	45890775	5624	-0.0142
1b8d48ad-6010-4f3c-a25f-a9333d226822	2	45893251	45895025	5	-0.9009
1b8d48ad-6010-4f3c-a25f-a9333d226822	2	45895667	52527743	4605	0.0111
1b8d48ad-6010-4f3c-a25f-a9333d226822	2	52531615	52554404	33	-0.4518
1b8d48ad-6010-4f3c-a25f-a9333d226822	2	52560811	88864712	22638	0.0063
1b8d48ad-6010-4f3c-a25f-a9333d226822	2	88867126	97934182	1393	-0.0208
1b8d48ad-6010-4f3c-a25f-a9333d226822	2	97941573	97943701	3	-1.2298
1b8d48ad-6010-4f3c-a25f-a9333d226822	2	97945953	107824280	6392	-0.0171
1b8d48ad-6010-4f3c-a25f-a9333d226822	2	107830513	107864451	2	-1.3995
1b8d48ad-6010-4f3c-a25f-a9333d226822	2	107875632	113200130	2659	-0.0197
1b8d48ad-6010-4f3c-a25f-a9333d226822	2	113203431	128880504	9742	0.0201
1b8d48ad-6010-4f3c-a25f-a9333d226822	2	128880904	128882741	15	-3.6851
1b8d48ad-6010-4f3c-a25f-a9333d226822	2	128882755	155909355	16405	0.0094
1b8d48ad-6010-4f3c-a25f-a9333d226822	2	155909707	155910321	2	-2.3207
1b8d48ad-6010-4f3c-a25f-a9333d226822	2	155911705	166249021	6033	-0.0057
1b8d48ad-6010-4f3c-a25f-a9333d226822	2	166249262	166250418	3	-1.6186
1b8d48ad-6010-4f3c-a25f-a9333d226822	2	166252881	169988903	2407	0.0035
1b8d48ad-6010-4f3c-a25f-a9333d226822	2	169992633	177098019	4628	-0.0261
1b8d48ad-6010-4f3c-a25f-a9333d226822	2	177098625	191664669	8712	0.0111
1b8d48ad-6010-4f3c-a25f-a9333d226822	2	191665740	191666329	3	-1.274
1b8d48ad-6010-4f3c-a25f-a9333d226822	2	191668474	201209375	5409	0.0071
1b8d48ad-6010-4f3c-a25f-a9333d226822	2	201209564	203032174	916	-0.0429
1b8d48ad-6010-4f3c-a25f-a9333d226822	2	203035077	203039417	4	-1.1807
1b8d48ad-6010-4f3c-a25f-a9333d226822	2	203040995	237577934	22426	-0.0229
1b8d48ad-6010-4f3c-a25f-a9333d226822	2	237578710	242147305	2566	-0.0037
1b8d48ad-6010-4f3c-a25f-a9333d226822	3	20930	6604856	5818	0.0288
1b8d48ad-6010-4f3c-a25f-a9333d226822	3	6609441	6613728	27	-0.8702
1b8d48ad-6010-4f3c-a25f-a9333d226822	3	6613743	16197556	7050	-0.0089
1b8d48ad-6010-4f3c-a25f-a9333d226822	3	16199049	16199672	6	-1.0557
1b8d48ad-6010-4f3c-a25f-a9333d226822	3	16199818	28881852	8628	0.0055
1b8d48ad-6010-4f3c-a25f-a9333d226822	3	28882092	28883396	5	-1.0037
1b8d48ad-6010-4f3c-a25f-a9333d226822	3	28884364	30149632	955	-0.0144
1b8d48ad-6010-4f3c-a25f-a9333d226822	3	30151053	30151074	2	-1.4409
1b8d48ad-6010-4f3c-a25f-a9333d226822	3	30151286	39508891	6185	0.0094
1b8d48ad-6010-4f3c-a25f-a9333d226822	3	39508913	47437019	4808	-0.0307
1b8d48ad-6010-4f3c-a25f-a9333d226822	3	47450332	47451230	2	-2.8205
1b8d48ad-6010-4f3c-a25f-a9333d226822	3	47455724	54702226	3437	-0.0102
1b8d48ad-6010-4f3c-a25f-a9333d226822	3	54702727	65639217	8790	-0.0421
1b8d48ad-6010-4f3c-a25f-a9333d226822	3	65639601	71592068	4259	-0.0152
1b8d48ad-6010-4f3c-a25f-a9333d226822	3	71595239	84053071	7436	0.0093
1b8d48ad-6010-4f3c-a25f-a9333d226822	3	84056282	84057015	2	-3.5252
1b8d48ad-6010-4f3c-a25f-a9333d226822	3	84061816	162790480	45353	0.0115
1b8d48ad-6010-4f3c-a25f-a9333d226822	3	162794869	162908207	70	0.7384
1b8d48ad-6010-4f3c-a25f-a9333d226822	3	162908784	165863796	1699	0.0128
1b8d48ad-6010-4f3c-a25f-a9333d226822	3	165864247	165864649	2	-1.476
1b8d48ad-6010-4f3c-a25f-a9333d226822	3	165864773	169012392	1742	0.017
1b8d48ad-6010-4f3c-a25f-a9333d226822	3	169015614	169020840	2	-1.7146
1b8d48ad-6010-4f3c-a25f-a9333d226822	3	169022039	188765487	12608	0.0018
1b8d48ad-6010-4f3c-a25f-a9333d226822	3	188767288	188814819	27	-1.1912
1b8d48ad-6010-4f3c-a25f-a9333d226822	3	188815021	192585894	2686	-0.0176
1b8d48ad-6010-4f3c-a25f-a9333d226822	3	192594507	192595464	4	-0.9392
1b8d48ad-6010-4f3c-a25f-a9333d226822	3	192596196	193160113	404	0.0009
1b8d48ad-6010-4f3c-a25f-a9333d226822	3	193160173	193165114	19	-1.4111
1b8d48ad-6010-4f3c-a25f-a9333d226822	3	193168646	198169114	2691	-0.0202
1b8d48ad-6010-4f3c-a25f-a9333d226822	3	198169131	198169247	3	1.1842
1b8d48ad-6010-4f3c-a25f-a9333d226822	4	68929	698595	241	-0.1404
1b8d48ad-6010-4f3c-a25f-a9333d226822	4	701063	3742284	1277	0.0136
1b8d48ad-6010-4f3c-a25f-a9333d226822	4	3743687	4112194	107	-0.1128
1b8d48ad-6010-4f3c-a25f-a9333d226822	4	4117230	4133854	7	-0.8914
1b8d48ad-6010-4f3c-a25f-a9333d226822	4	4151033	10208766	4070	0.0028
1b8d48ad-6010-4f3c-a25f-a9333d226822	4	10212536	10233644	36	1.0896
1b8d48ad-6010-4f3c-a25f-a9333d226822	4	10234518	68548222	36495	0.0158
1b8d48ad-6010-4f3c-a25f-a9333d226822	4	68548225	68615219	40	-0.4109
1b8d48ad-6010-4f3c-a25f-a9333d226822	4	68616004	137018143	40854	0.0159
1b8d48ad-6010-4f3c-a25f-a9333d226822	4	137018216	137021888	12	-0.768
1b8d48ad-6010-4f3c-a25f-a9333d226822	4	137021897	137171085	100	-0.028
1b8d48ad-6010-4f3c-a25f-a9333d226822	4	137171266	137171910	12	-0.9412
1b8d48ad-6010-4f3c-a25f-a9333d226822	4	137172260	157542107	12574	0.0131
1b8d48ad-6010-4f3c-a25f-a9333d226822	4	157544517	157544775	3	-1.2988
1b8d48ad-6010-4f3c-a25f-a9333d226822	4	157547712	171448195	8825	0.0274
1b8d48ad-6010-4f3c-a25f-a9333d226822	4	171453733	171456559	10	2.1823
1b8d48ad-6010-4f3c-a25f-a9333d226822	4	171456573	171828831	228	0.0145
1b8d48ad-6010-4f3c-a25f-a9333d226822	4	171829823	171832459	7	0.5924
1b8d48ad-6010-4f3c-a25f-a9333d226822	4	171837291	172066676	162	-0.0137
1b8d48ad-6010-4f3c-a25f-a9333d226822	4	172066706	172068222	7	-0.6568
1b8d48ad-6010-4f3c-a25f-a9333d226822	4	172068257	172068354	5	-1.8367
1b8d48ad-6010-4f3c-a25f-a9333d226822	4	172068368	172501371	233	0.0228
1b8d48ad-6010-4f3c-a25f-a9333d226822	4	172503796	172507492	7	1.1462
1b8d48ad-6010-4f3c-a25f-a9333d226822	4	172519981	182646035	6883	0.0362
1b8d48ad-6010-4f3c-a25f-a9333d226822	4	182647146	182651199	6	-0.8632
1b8d48ad-6010-4f3c-a25f-a9333d226822	4	182651237	188515761	4023	0
1b8d48ad-6010-4f3c-a25f-a9333d226822	4	188515932	188516256	8	-1.116
1b8d48ad-6010-4f3c-a25f-a9333d226822	4	188518718	190106768	924	-0.0115
1b8d48ad-6010-4f3c-a25f-a9333d226822	5	15532	698390	309	0.02
1b8d48ad-6010-4f3c-a25f-a9333d226822	5	717264	800724	26	0.9163
1b8d48ad-6010-4f3c-a25f-a9333d226822	5	801456	12800777	9857	0.0203
1b8d48ad-6010-4f3c-a25f-a9333d226822	5	12815668	12838421	14	-1.6208
1b8d48ad-6010-4f3c-a25f-a9333d226822	5	12849089	15718383	1971	0.0343
1b8d48ad-6010-4f3c-a25f-a9333d226822	5	15719113	15720488	11	-0.7363
1b8d48ad-6010-4f3c-a25f-a9333d226822	5	15723237	19458679	2384	0.0173
1b8d48ad-6010-4f3c-a25f-a9333d226822	5	19458912	19459518	2	-2.1782
1b8d48ad-6010-4f3c-a25f-a9333d226822	5	19462162	29077992	5594	0.0092
1b8d48ad-6010-4f3c-a25f-a9333d226822	5	29078527	29082473	2	-1.6521
1b8d48ad-6010-4f3c-a25f-a9333d226822	5	29082547	46191782	10489	0.0072
1b8d48ad-6010-4f3c-a25f-a9333d226822	5	46195781	46199333	4	-1.8064
1b8d48ad-6010-4f3c-a25f-a9333d226822	5	46209197	46251204	13	-0.1652
1b8d48ad-6010-4f3c-a25f-a9333d226822	5	46270906	46278110	9	0.7704
1b8d48ad-6010-4f3c-a25f-a9333d226822	5	46313245	58030200	5074	0.0017
1b8d48ad-6010-4f3c-a25f-a9333d226822	5	58030336	58037706	31	-1.5732
1b8d48ad-6010-4f3c-a25f-a9333d226822	5	58042530	69550476	7294	-0.0058
1b8d48ad-6010-4f3c-a25f-a9333d226822	5	69571467	69822308	5	-1.3997
1b8d48ad-6010-4f3c-a25f-a9333d226822	5	69937600	71010901	14	0.0829
1b8d48ad-6010-4f3c-a25f-a9333d226822	5	71011558	71011717	3	-1.6216
1b8d48ad-6010-4f3c-a25f-a9333d226822	5	71053366	80196010	5767	-0.0308
1b8d48ad-6010-4f3c-a25f-a9333d226822	5	80196042	86815939	3869	0.0073
1b8d48ad-6010-4f3c-a25f-a9333d226822	5	86819561	86823329	3	-2.4584
1b8d48ad-6010-4f3c-a25f-a9333d226822	5	86825812	104515520	9882	0.0165
1b8d48ad-6010-4f3c-a25f-a9333d226822	5	104524672	104524903	4	-1.9878
1b8d48ad-6010-4f3c-a25f-a9333d226822	5	104525348	113986336	6361	0.0159
1b8d48ad-6010-4f3c-a25f-a9333d226822	5	113988573	113999692	11	-0.9523
1b8d48ad-6010-4f3c-a25f-a9333d226822	5	114001271	123133547	6279	0.0182
1b8d48ad-6010-4f3c-a25f-a9333d226822	5	123136025	126199127	2143	-0.0376
1b8d48ad-6010-4f3c-a25f-a9333d226822	5	126199753	127121923	526	0.0299
1b8d48ad-6010-4f3c-a25f-a9333d226822	5	127122434	127122625	2	-1.5857
1b8d48ad-6010-4f3c-a25f-a9333d226822	5	127127947	133389501	3514	0.0304
1b8d48ad-6010-4f3c-a25f-a9333d226822	5	133392000	138240621	3214	-0.0146
1b8d48ad-6010-4f3c-a25f-a9333d226822	5	138250641	138267612	10	0.2591
1b8d48ad-6010-4f3c-a25f-a9333d226822	5	138271549	138271991	2	-1.816
1b8d48ad-6010-4f3c-a25f-a9333d226822	5	138272977	150819676	7735	-0.006
1b8d48ad-6010-4f3c-a25f-a9333d226822	5	150822643	150839042	9	-1.1058
1b8d48ad-6010-4f3c-a25f-a9333d226822	5	150843825	181363319	20442	0.0129
1b8d48ad-6010-4f3c-a25f-a9333d226822	6	149661	11311022	8904	-0.0185
1b8d48ad-6010-4f3c-a25f-a9333d226822	6	11315878	11316547	3	-1.5559
1b8d48ad-6010-4f3c-a25f-a9333d226822	6	11317130	24321809	9719	-0.0347
1b8d48ad-6010-4f3c-a25f-a9333d226822	6	24325581	24326057	2	-1.4634
1b8d48ad-6010-4f3c-a25f-a9333d226822	6	24328478	27331746	1824	-0.0141
1b8d48ad-6010-4f3c-a25f-a9333d226822	6	27332801	27332961	2	-1.5615
1b8d48ad-6010-4f3c-a25f-a9333d226822	6	27333062	29869411	1205	-0.0157
1b8d48ad-6010-4f3c-a25f-a9333d226822	6	29869537	29881490	14	-1.3231
1b8d48ad-6010-4f3c-a25f-a9333d226822	6	29882419	31309909	662	-0.0115
1b8d48ad-6010-4f3c-a25f-a9333d226822	6	31313046	31328674	12	-1.8287
1b8d48ad-6010-4f3c-a25f-a9333d226822	6	31342147	32656527	558	-0.0274
1b8d48ad-6010-4f3c-a25f-a9333d226822	6	32656814	32658841	5	-1.7773
1b8d48ad-6010-4f3c-a25f-a9333d226822	6	32682835	46872622	9027	-0.0245
1b8d48ad-6010-4f3c-a25f-a9333d226822	6	46872709	76726815	16848	0.0179
1b8d48ad-6010-4f3c-a25f-a9333d226822	6	76730151	76743040	21	-0.6077
1b8d48ad-6010-4f3c-a25f-a9333d226822	6	76751356	80568270	2520	0.0261
1b8d48ad-6010-4f3c-a25f-a9333d226822	6	80574472	80579817	33	-0.963
1b8d48ad-6010-4f3c-a25f-a9333d226822	6	80584624	85992372	3353	0.0336
1b8d48ad-6010-4f3c-a25f-a9333d226822	6	85995537	85996204	3	-1.2472
1b8d48ad-6010-4f3c-a25f-a9333d226822	6	85998530	96007923	6210	0.0218
1b8d48ad-6010-4f3c-a25f-a9333d226822	6	96007937	96008615	2	-1.7107
1b8d48ad-6010-4f3c-a25f-a9333d226822	6	96009756	104356321	5156	0.0209
1b8d48ad-6010-4f3c-a25f-a9333d226822	6	104357313	104358665	4	-0.9549
1b8d48ad-6010-4f3c-a25f-a9333d226822	6	104359051	133945130	18414	0.02
1b8d48ad-6010-4f3c-a25f-a9333d226822	6	133947933	133948494	2	-2.2291
1b8d48ad-6010-4f3c-a25f-a9333d226822	6	133950934	137658461	2628	-0.0035
1b8d48ad-6010-4f3c-a25f-a9333d226822	6	137658512	137658970	3	-1.0954
1b8d48ad-6010-4f3c-a25f-a9333d226822	6	137659330	150128815	7884	-0.0018
1b8d48ad-6010-4f3c-a25f-a9333d226822	6	150128898	150129120	2	-2.2142
1b8d48ad-6010-4f3c-a25f-a9333d226822	6	150129888	170741917	14575	-0.0046
1b8d48ad-6010-4f3c-a25f-a9333d226822	7	43355	3343990	1413	0.0037
1b8d48ad-6010-4f3c-a25f-a9333d226822	7	3344304	3355694	15	-0.7211
1b8d48ad-6010-4f3c-a25f-a9333d226822	7	3359128	70955452	43185	0.0026
1b8d48ad-6010-4f3c-a25f-a9333d226822	7	70958264	70961155	2	-3.0241
1b8d48ad-6010-4f3c-a25f-a9333d226822	7	70963257	116285536	26220	0.0042
1b8d48ad-6010-4f3c-a25f-a9333d226822	7	116287872	116289165	9	-0.8388
1b8d48ad-6010-4f3c-a25f-a9333d226822	7	116289551	131156537	8847	0.017
1b8d48ad-6010-4f3c-a25f-a9333d226822	7	131159830	134340746	2192	-0.0623
1b8d48ad-6010-4f3c-a25f-a9333d226822	7	134341032	150603647	10131	0.0159
1b8d48ad-6010-4f3c-a25f-a9333d226822	7	150603779	150604481	3	-2.5826
1b8d48ad-6010-4f3c-a25f-a9333d226822	7	150610834	159334314	5805	-0.0016
1b8d48ad-6010-4f3c-a25f-a9333d226822	8	81254	1414637	884	0.0124
1b8d48ad-6010-4f3c-a25f-a9333d226822	8	1414680	1418902	13	-0.1936
1b8d48ad-6010-4f3c-a25f-a9333d226822	8	1419196	1419436	2	-1.9894
1b8d48ad-6010-4f3c-a25f-a9333d226822	8	1419522	2376828	771	0.039
1b8d48ad-6010-4f3c-a25f-a9333d226822	8	2377065	2377316	3	-1.2204
1b8d48ad-6010-4f3c-a25f-a9333d226822	8	2377376	4040699	1864	0.0346
1b8d48ad-6010-4f3c-a25f-a9333d226822	8	4040758	4040818	3	-2.1213
1b8d48ad-6010-4f3c-a25f-a9333d226822	8	4042072	4145783	172	-0.0382
1b8d48ad-6010-4f3c-a25f-a9333d226822	8	4145941	4145956	2	-3.0672
1b8d48ad-6010-4f3c-a25f-a9333d226822	8	4146039	5047915	1417	0.0306
1b8d48ad-6010-4f3c-a25f-a9333d226822	8	5050163	5053900	11	-1.4419
1b8d48ad-6010-4f3c-a25f-a9333d226822	8	5058053	7312952	2587	0.0517
1b8d48ad-6010-4f3c-a25f-a9333d226822	8	7329110	7329124	2	2.5061
1b8d48ad-6010-4f3c-a25f-a9333d226822	8	7336299	7380497	20	-1.4736
1b8d48ad-6010-4f3c-a25f-a9333d226822	8	7396819	7890177	26	-0.1338
1b8d48ad-6010-4f3c-a25f-a9333d226822	8	7919608	10331107	1901	0.0279
1b8d48ad-6010-4f3c-a25f-a9333d226822	8	10331488	10331634	2	-1.3008
1b8d48ad-6010-4f3c-a25f-a9333d226822	8	10332530	11290344	808	0.0324
1b8d48ad-6010-4f3c-a25f-a9333d226822	8	11292071	11293540	3	-1.0893
1b8d48ad-6010-4f3c-a25f-a9333d226822	8	11296512	12143614	533	0.0481
1b8d48ad-6010-4f3c-a25f-a9333d226822	8	12176798	12177488	2	-1.4482
1b8d48ad-6010-4f3c-a25f-a9333d226822	8	12323772	13007396	363	0.0534
1b8d48ad-6010-4f3c-a25f-a9333d226822	8	13007419	13008547	5	-0.9883
1b8d48ad-6010-4f3c-a25f-a9333d226822	8	13010003	18406981	4998	0.013
1b8d48ad-6010-4f3c-a25f-a9333d226822	8	18407644	18408647	2	-3.1309
1b8d48ad-6010-4f3c-a25f-a9333d226822	8	18408797	18994029	524	0.0097
1b8d48ad-6010-4f3c-a25f-a9333d226822	8	18994043	18994154	3	-1.0516
1b8d48ad-6010-4f3c-a25f-a9333d226822	8	18994251	25116961	4559	-0.008
1b8d48ad-6010-4f3c-a25f-a9333d226822	8	25117007	25126818	25	0.6539
1b8d48ad-6010-4f3c-a25f-a9333d226822	8	25133589	26709218	1202	0.0048
1b8d48ad-6010-4f3c-a25f-a9333d226822	8	26710407	26710470	3	-1.1717
1b8d48ad-6010-4f3c-a25f-a9333d226822	8	26710593	40914477	8948	0.0152
1b8d48ad-6010-4f3c-a25f-a9333d226822	8	40920333	40920952	2	1.5361
1b8d48ad-6010-4f3c-a25f-a9333d226822	8	40926161	46609495	1690	0.0112
1b8d48ad-6010-4f3c-a25f-a9333d226822	8	46613954	46623644	9	0.7094
1b8d48ad-6010-4f3c-a25f-a9333d226822	8	46624924	57505472	6649	0.0252
1b8d48ad-6010-4f3c-a25f-a9333d226822	8	57505838	57506080	3	-1.2096
1b8d48ad-6010-4f3c-a25f-a9333d226822	8	57506228	68410817	6696	0.0238
1b8d48ad-6010-4f3c-a25f-a9333d226822	8	68414319	68414821	2	-1.5187
1b8d48ad-6010-4f3c-a25f-a9333d226822	8	68420482	96535820	17078	0.0196
1b8d48ad-6010-4f3c-a25f-a9333d226822	8	96537335	102172566	3376	-0.0271
1b8d48ad-6010-4f3c-a25f-a9333d226822	8	102175027	102980362	435	0.0435
1b8d48ad-6010-4f3c-a25f-a9333d226822	8	102982683	102985207	3	-3.1401
1b8d48ad-6010-4f3c-a25f-a9333d226822	8	102986318	145072769	27917	0.0102
1b8d48ad-6010-4f3c-a25f-a9333d226822	9	46587	718743	702	-0.0292
1b8d48ad-6010-4f3c-a25f-a9333d226822	9	720790	41659472	30588	0.019
1b8d48ad-6010-4f3c-a25f-a9333d226822	9	41666811	42574420	44	-0.685
1b8d48ad-6010-4f3c-a25f-a9333d226822	9	42585140	42726239	13	0.8261
1b8d48ad-6010-4f3c-a25f-a9333d226822	9	42727685	63580418	110	-0.0669
1b8d48ad-6010-4f3c-a25f-a9333d226822	9	63590317	63590323	4	1.5666
1b8d48ad-6010-4f3c-a25f-a9333d226822	9	63590325	68318441	125	-0.0153
1b8d48ad-6010-4f3c-a25f-a9333d226822	9	68325679	68381085	10	-0.6485
1b8d48ad-6010-4f3c-a25f-a9333d226822	9	68384471	80053806	8534	0.0141
1b8d48ad-6010-4f3c-a25f-a9333d226822	9	80058591	138200944	39385	-0.0199
1b8d48ad-6010-4f3c-a25f-a9333d226822	10	45792	2030221	1465	0.0051
1b8d48ad-6010-4f3c-a25f-a9333d226822	10	2030387	2031517	5	-0.7472
1b8d48ad-6010-4f3c-a25f-a9333d226822	10	2033863	4197915	2059	-0.0022
1b8d48ad-6010-4f3c-a25f-a9333d226822	10	4198530	4199380	4	-1.4694
1b8d48ad-6010-4f3c-a25f-a9333d226822	10	4201806	4790728	615	-0.0635
1b8d48ad-6010-4f3c-a25f-a9333d226822	10	4791226	24086334	15048	0.0208
1b8d48ad-6010-4f3c-a25f-a9333d226822	10	24088745	24090110	15	0.8022
1b8d48ad-6010-4f3c-a25f-a9333d226822	10	24091731	74231883	30672	0.0158
1b8d48ad-6010-4f3c-a25f-a9333d226822	10	74236558	77574853	2241	-0.0451
1b8d48ad-6010-4f3c-a25f-a9333d226822	10	77575337	111303520	22300	0.009
1b8d48ad-6010-4f3c-a25f-a9333d226822	10	111303552	121212008	7154	-0.0109
1b8d48ad-6010-4f3c-a25f-a9333d226822	10	121212884	121212913	2	-1.8774
1b8d48ad-6010-4f3c-a25f-a9333d226822	10	121212925	133654968	9099	-0.0263
1b8d48ad-6010-4f3c-a25f-a9333d226822	11	198510	4946420	2417	0.0238
1b8d48ad-6010-4f3c-a25f-a9333d226822	11	4947280	4954475	28	0.4578
1b8d48ad-6010-4f3c-a25f-a9333d226822	11	4955027	5766175	786	0.038
1b8d48ad-6010-4f3c-a25f-a9333d226822	11	5766850	5787909	32	-0.7374
1b8d48ad-6010-4f3c-a25f-a9333d226822	11	5788108	9516357	2607	0.0306
1b8d48ad-6010-4f3c-a25f-a9333d226822	11	9516431	17335924	5728	-0.0336
1b8d48ad-6010-4f3c-a25f-a9333d226822	11	17338569	54924229	22652	0.0141
1b8d48ad-6010-4f3c-a25f-a9333d226822	11	54933825	54941157	5	-1.5578
1b8d48ad-6010-4f3c-a25f-a9333d226822	11	54952548	55595864	236	0.0703
1b8d48ad-6010-4f3c-a25f-a9333d226822	11	55606556	55685533	59	0.4635
1b8d48ad-6010-4f3c-a25f-a9333d226822	11	55686100	62759612	4185	0.0195
1b8d48ad-6010-4f3c-a25f-a9333d226822	11	62763622	78953158	8008	-0.0176
1b8d48ad-6010-4f3c-a25f-a9333d226822	11	78954572	80256469	1070	0.0152
1b8d48ad-6010-4f3c-a25f-a9333d226822	11	80256504	80256520	2	-4.4498
1b8d48ad-6010-4f3c-a25f-a9333d226822	11	80256642	86594771	4495	0.0113
1b8d48ad-6010-4f3c-a25f-a9333d226822	11	86594775	86595012	4	-1.447
1b8d48ad-6010-4f3c-a25f-a9333d226822	11	86604132	107359993	14597	0.0119
1b8d48ad-6010-4f3c-a25f-a9333d226822	11	107367930	107368402	7	0.9526
1b8d48ad-6010-4f3c-a25f-a9333d226822	11	107381636	107752775	293	0.0195
1b8d48ad-6010-4f3c-a25f-a9333d226822	11	107752876	107752898	2	-1.0786
1b8d48ad-6010-4f3c-a25f-a9333d226822	11	107753041	107910653	90	0.0049
1b8d48ad-6010-4f3c-a25f-a9333d226822	11	107913781	107914372	2	-4.2932
1b8d48ad-6010-4f3c-a25f-a9333d226822	11	107916987	110220920	1355	-0.0067
1b8d48ad-6010-4f3c-a25f-a9333d226822	11	110221049	110221252	2	-1.4473
1b8d48ad-6010-4f3c-a25f-a9333d226822	11	110226197	110877346	456	0.0142
1b8d48ad-6010-4f3c-a25f-a9333d226822	11	110877405	110879178	2	-2.8789
1b8d48ad-6010-4f3c-a25f-a9333d226822	11	110882292	122736656	8305	-0.0237
1b8d48ad-6010-4f3c-a25f-a9333d226822	11	122737138	126914471	3111	0.0285
1b8d48ad-6010-4f3c-a25f-a9333d226822	11	126918138	135074876	6307	-0.0154
1b8d48ad-6010-4f3c-a25f-a9333d226822	12	51460	9481274	6175	-0.009
1b8d48ad-6010-4f3c-a25f-a9333d226822	12	9485313	9554726	20	-2.0814
1b8d48ad-6010-4f3c-a25f-a9333d226822	12	9561078	29983077	14213	0.0155
1b8d48ad-6010-4f3c-a25f-a9333d226822	12	29983102	29990199	4	1.0081
1b8d48ad-6010-4f3c-a25f-a9333d226822	12	29990853	30091000	119	0.0284
1b8d48ad-6010-4f3c-a25f-a9333d226822	12	30091017	30091052	2	-2.2924
1b8d48ad-6010-4f3c-a25f-a9333d226822	12	30091101	30774716	586	-0.0155
1b8d48ad-6010-4f3c-a25f-a9333d226822	12	30775138	30778984	4	-1.08
1b8d48ad-6010-4f3c-a25f-a9333d226822	12	30779966	33141710	1659	0.0202
1b8d48ad-6010-4f3c-a25f-a9333d226822	12	33141726	33154440	28	-0.7256
1b8d48ad-6010-4f3c-a25f-a9333d226822	12	33155426	33232895	44	0.0841
1b8d48ad-6010-4f3c-a25f-a9333d226822	12	33233822	33242207	5	-0.997
1b8d48ad-6010-4f3c-a25f-a9333d226822	12	33242483	60125596	14020	0.0123
1b8d48ad-6010-4f3c-a25f-a9333d226822	12	60129451	60131331	2	-1.9909
1b8d48ad-6010-4f3c-a25f-a9333d226822	12	60137176	83769408	15138	0.0102
1b8d48ad-6010-4f3c-a25f-a9333d226822	12	83769511	83771462	3	-1.9368
1b8d48ad-6010-4f3c-a25f-a9333d226822	12	83771500	104350886	13245	0.0097
1b8d48ad-6010-4f3c-a25f-a9333d226822	12	104352297	119648375	10611	-0.0235
1b8d48ad-6010-4f3c-a25f-a9333d226822	12	119648907	131636170	8404	0.0251
1b8d48ad-6010-4f3c-a25f-a9333d226822	12	131648039	131657925	14	0.6777
1b8d48ad-6010-4f3c-a25f-a9333d226822	12	131658450	133201603	557	0.0152
1b8d48ad-6010-4f3c-a25f-a9333d226822	13	18452809	22260934	2296	0.0157
1b8d48ad-6010-4f3c-a25f-a9333d226822	13	22262673	22265634	2	1.5707
1b8d48ad-6010-4f3c-a25f-a9333d226822	13	22266479	23058865	565	-0.0249
1b8d48ad-6010-4f3c-a25f-a9333d226822	13	23058992	23059376	6	-1.0937
1b8d48ad-6010-4f3c-a25f-a9333d226822	13	23064056	24461469	1128	0.0175
1b8d48ad-6010-4f3c-a25f-a9333d226822	13	24465452	24465460	3	-1.1128
1b8d48ad-6010-4f3c-a25f-a9333d226822	13	24465540	24935368	323	0.0327
1b8d48ad-6010-4f3c-a25f-a9333d226822	13	24935708	24942153	6	-0.9422
1b8d48ad-6010-4f3c-a25f-a9333d226822	13	24942679	37496998	9153	0.0115
1b8d48ad-6010-4f3c-a25f-a9333d226822	13	37497899	37510620	16	-0.5134
1b8d48ad-6010-4f3c-a25f-a9333d226822	13	37514193	38478674	701	0.0062
1b8d48ad-6010-4f3c-a25f-a9333d226822	13	38483435	38483919	2	-2.699
1b8d48ad-6010-4f3c-a25f-a9333d226822	13	38490920	71902850	20855	0.004
1b8d48ad-6010-4f3c-a25f-a9333d226822	13	71903417	71906418	4	-3.4613
1b8d48ad-6010-4f3c-a25f-a9333d226822	13	71906467	72443604	443	0.0017
1b8d48ad-6010-4f3c-a25f-a9333d226822	13	72445187	72446647	6	-0.8927
1b8d48ad-6010-4f3c-a25f-a9333d226822	13	72448930	95982056	15356	0.0169
1b8d48ad-6010-4f3c-a25f-a9333d226822	13	95985850	95986382	2	-1.621
1b8d48ad-6010-4f3c-a25f-a9333d226822	13	95986397	106730287	8020	0.0198
1b8d48ad-6010-4f3c-a25f-a9333d226822	13	106731890	106732362	2	1.4121
1b8d48ad-6010-4f3c-a25f-a9333d226822	13	106732887	114342922	5273	0.023
1b8d48ad-6010-4f3c-a25f-a9333d226822	14	18239283	18393935	4	-0.2874
1b8d48ad-6010-4f3c-a25f-a9333d226822	14	18394567	19784886	80	0.4633
1b8d48ad-6010-4f3c-a25f-a9333d226822	14	19785633	26438671	4502	0.0441
1b8d48ad-6010-4f3c-a25f-a9333d226822	14	26438995	38392296	7479	0.003
1b8d48ad-6010-4f3c-a25f-a9333d226822	14	38393781	40139724	980	0.0374
1b8d48ad-6010-4f3c-a25f-a9333d226822	14	40144718	40147715	2	-2.6932
1b8d48ad-6010-4f3c-a25f-a9333d226822	14	40148961	41159026	725	0.0073
1b8d48ad-6010-4f3c-a25f-a9333d226822	14	41159271	41168226	7	-0.9692
1b8d48ad-6010-4f3c-a25f-a9333d226822	14	41168612	42379606	757	0.0041
1b8d48ad-6010-4f3c-a25f-a9333d226822	14	42380790	42385962	8	-0.694
1b8d48ad-6010-4f3c-a25f-a9333d226822	14	42386263	51430866	5287	0.0148
1b8d48ad-6010-4f3c-a25f-a9333d226822	14	51431336	57957793	4620	-0.0249
1b8d48ad-6010-4f3c-a25f-a9333d226822	14	57959109	69547262	7164	0.005
1b8d48ad-6010-4f3c-a25f-a9333d226822	14	69551330	69555750	9	-0.8566
1b8d48ad-6010-4f3c-a25f-a9333d226822	14	69555996	73534419	2627	-0.0143
1b8d48ad-6010-4f3c-a25f-a9333d226822	14	73540003	73563196	9	1.2564
1b8d48ad-6010-4f3c-a25f-a9333d226822	14	73563211	80991971	4899	-0.0018
1b8d48ad-6010-4f3c-a25f-a9333d226822	14	80995085	81000280	2	-1.3492
1b8d48ad-6010-4f3c-a25f-a9333d226822	14	81000318	85098248	2690	0.0018
1b8d48ad-6010-4f3c-a25f-a9333d226822	14	85098551	85099620	12	-0.6875
1b8d48ad-6010-4f3c-a25f-a9333d226822	14	85100404	95660205	7140	0.0036
1b8d48ad-6010-4f3c-a25f-a9333d226822	14	95660745	98818293	2489	-0.0379
1b8d48ad-6010-4f3c-a25f-a9333d226822	14	98818761	99690434	697	0
1b8d48ad-6010-4f3c-a25f-a9333d226822	14	99691454	99694043	2	-2.1164
1b8d48ad-6010-4f3c-a25f-a9333d226822	14	99696040	106877229	3230	-0.0067
1b8d48ad-6010-4f3c-a25f-a9333d226822	15	19811075	20001686	45	-0.1817
1b8d48ad-6010-4f3c-a25f-a9333d226822	15	20011702	22413894	164	0.5106
1b8d48ad-6010-4f3c-a25f-a9333d226822	15	22455811	24311527	949	-0.02
1b8d48ad-6010-4f3c-a25f-a9333d226822	15	24311894	24339057	11	-0.804
1b8d48ad-6010-4f3c-a25f-a9333d226822	15	24339849	32520328	4770	0.0065
1b8d48ad-6010-4f3c-a25f-a9333d226822	15	32565281	32584783	4	-1.2104
1b8d48ad-6010-4f3c-a25f-a9333d226822	15	32610782	37815207	3834	-0.0138
1b8d48ad-6010-4f3c-a25f-a9333d226822	15	37816448	37817575	2	-1.7117
1b8d48ad-6010-4f3c-a25f-a9333d226822	15	37819527	56497331	11358	-0.0261
1b8d48ad-6010-4f3c-a25f-a9333d226822	15	56497449	56508779	26	-0.8455
1b8d48ad-6010-4f3c-a25f-a9333d226822	15	56509425	65521764	6203	-0.0391
1b8d48ad-6010-4f3c-a25f-a9333d226822	15	65524604	65530231	5	-1.0365
1b8d48ad-6010-4f3c-a25f-a9333d226822	15	65532755	84793575	11291	-0.0354
1b8d48ad-6010-4f3c-a25f-a9333d226822	15	84793583	84793714	2	-2.7672
1b8d48ad-6010-4f3c-a25f-a9333d226822	15	84794022	99872475	11311	-0.0209
1b8d48ad-6010-4f3c-a25f-a9333d226822	15	99873378	99881038	4	-1.2675
1b8d48ad-6010-4f3c-a25f-a9333d226822	15	99884400	100281977	364	-0.0505
1b8d48ad-6010-4f3c-a25f-a9333d226822	15	100282472	100282623	2	-1.4449
1b8d48ad-6010-4f3c-a25f-a9333d226822	15	100283565	101928837	1207	-0.0239
1b8d48ad-6010-4f3c-a25f-a9333d226822	16	10777	13075494	9922	-0.0098
1b8d48ad-6010-4f3c-a25f-a9333d226822	16	13076928	23138706	5267	-0.0426
1b8d48ad-6010-4f3c-a25f-a9333d226822	16	23142262	55762682	11748	-0.0103
1b8d48ad-6010-4f3c-a25f-a9333d226822	16	55764310	55764867	3	2.6279
1b8d48ad-6010-4f3c-a25f-a9333d226822	16	55770436	55788532	15	0.4573
1b8d48ad-6010-4f3c-a25f-a9333d226822	16	55808442	75489068	11696	0.0111
1b8d48ad-6010-4f3c-a25f-a9333d226822	16	75489500	75489514	2	-1.4484
1b8d48ad-6010-4f3c-a25f-a9333d226822	16	75490811	80452625	5172	-0.0019
1b8d48ad-6010-4f3c-a25f-a9333d226822	16	80455032	80455666	2	-1.5363
1b8d48ad-6010-4f3c-a25f-a9333d226822	16	80455821	90096867	8046	-0.0068
1b8d48ad-6010-4f3c-a25f-a9333d226822	17	150733	41265433	20814	-0.0268
1b8d48ad-6010-4f3c-a25f-a9333d226822	17	41265456	41274279	25	0.8387
1b8d48ad-6010-4f3c-a25f-a9333d226822	17	41276472	46085231	2498	-0.028
1b8d48ad-6010-4f3c-a25f-a9333d226822	17	46085732	46142189	42	-0.5245
1b8d48ad-6010-4f3c-a25f-a9333d226822	17	46144772	79246981	19921	-0.0331
1b8d48ad-6010-4f3c-a25f-a9333d226822	17	79249578	79250308	3	-2.7709
1b8d48ad-6010-4f3c-a25f-a9333d226822	17	79250962	80714303	814	-0.0251
1b8d48ad-6010-4f3c-a25f-a9333d226822	17	80717512	80722487	4	-1.3916
1b8d48ad-6010-4f3c-a25f-a9333d226822	17	80726019	83091923	917	-0.006
1b8d48ad-6010-4f3c-a25f-a9333d226822	18	48133	6646969	4726	0.0096
1b8d48ad-6010-4f3c-a25f-a9333d226822	18	6647166	11455469	3702	-0.0279
1b8d48ad-6010-4f3c-a25f-a9333d226822	18	11456416	15107707	1925	0.0125
1b8d48ad-6010-4f3c-a25f-a9333d226822	18	15119681	15175019	18	-0.4519
1b8d48ad-6010-4f3c-a25f-a9333d226822	18	15177773	30407542	5754	0.0107
1b8d48ad-6010-4f3c-a25f-a9333d226822	18	30411467	30411486	2	-3.0695
1b8d48ad-6010-4f3c-a25f-a9333d226822	18	30411967	44394853	9050	0.0004
1b8d48ad-6010-4f3c-a25f-a9333d226822	18	44396921	44398660	6	-1.2034
1b8d48ad-6010-4f3c-a25f-a9333d226822	18	44402706	53734780	6584	-0.0031
1b8d48ad-6010-4f3c-a25f-a9333d226822	18	53735209	53736075	6	1.0069
1b8d48ad-6010-4f3c-a25f-a9333d226822	18	53737063	60593549	4732	0.0021
1b8d48ad-6010-4f3c-a25f-a9333d226822	18	60594566	60645707	27	0.5984
1b8d48ad-6010-4f3c-a25f-a9333d226822	18	60645984	66060309	3776	0.0198
1b8d48ad-6010-4f3c-a25f-a9333d226822	18	66060363	66065502	11	-0.7168
1b8d48ad-6010-4f3c-a25f-a9333d226822	18	66065527	66239629	147	0.0204
1b8d48ad-6010-4f3c-a25f-a9333d226822	18	66240197	66244352	10	-1.1777
1b8d48ad-6010-4f3c-a25f-a9333d226822	18	66244639	69076108	2059	-0.0025
1b8d48ad-6010-4f3c-a25f-a9333d226822	18	69078869	69086089	38	-0.9744
1b8d48ad-6010-4f3c-a25f-a9333d226822	18	69090459	71725333	1857	0.0083
1b8d48ad-6010-4f3c-a25f-a9333d226822	18	71725560	74632282	2354	0.0517
1b8d48ad-6010-4f3c-a25f-a9333d226822	18	74633934	80257174	3965	-0.0013
1b8d48ad-6010-4f3c-a25f-a9333d226822	19	90910	12055083	4766	-0.0116
1b8d48ad-6010-4f3c-a25f-a9333d226822	19	12055858	12058443	2	-1.984
1b8d48ad-6010-4f3c-a25f-a9333d226822	19	12071434	21632117	4841	-0.0321
1b8d48ad-6010-4f3c-a25f-a9333d226822	19	21632838	21637067	2	-1.9811
1b8d48ad-6010-4f3c-a25f-a9333d226822	19	21637309	35358420	7100	-0.0126
1b8d48ad-6010-4f3c-a25f-a9333d226822	19	35364451	35370268	17	-0.8003
1b8d48ad-6010-4f3c-a25f-a9333d226822	19	35370747	43185398	3866	-0.0345
1b8d48ad-6010-4f3c-a25f-a9333d226822	19	43187166	43199352	6	-1.0556
1b8d48ad-6010-4f3c-a25f-a9333d226822	19	43208098	54215136	5909	-0.0464
1b8d48ad-6010-4f3c-a25f-a9333d226822	19	54226329	54237443	16	-0.9665
1b8d48ad-6010-4f3c-a25f-a9333d226822	19	54249482	58586487	2586	-0.045
1b8d48ad-6010-4f3c-a25f-a9333d226822	20	80664	1601561	1239	-0.0063
1b8d48ad-6010-4f3c-a25f-a9333d226822	20	1609611	1613247	5	-1.6665
1b8d48ad-6010-4f3c-a25f-a9333d226822	20	1617300	33236859	19871	0.0024
1b8d48ad-6010-4f3c-a25f-a9333d226822	20	33236963	35194539	882	-0.0407
1b8d48ad-6010-4f3c-a25f-a9333d226822	20	35196376	35200473	3	-1.2099
1b8d48ad-6010-4f3c-a25f-a9333d226822	20	35201071	54170321	13085	-0.025
1b8d48ad-6010-4f3c-a25f-a9333d226822	20	54172187	54176757	3	-1.5984
1b8d48ad-6010-4f3c-a25f-a9333d226822	20	54177845	61268315	5813	-0.033
1b8d48ad-6010-4f3c-a25f-a9333d226822	20	61274641	64324800	1484	0.009
1b8d48ad-6010-4f3c-a25f-a9333d226822	21	10354168	10569525	55	-0.0269
1b8d48ad-6010-4f3c-a25f-a9333d226822	21	10571815	13223423	63	-0.4428
1b8d48ad-6010-4f3c-a25f-a9333d226822	21	13224688	32879283	14003	0.0159
1b8d48ad-6010-4f3c-a25f-a9333d226822	21	32881965	46677045	9743	-0.0155
1b8d48ad-6010-4f3c-a25f-a9333d226822	22	15294547	15473671	7	-0.6406
1b8d48ad-6010-4f3c-a25f-a9333d226822	22	15474116	20865716	2477	-0.0133
1b8d48ad-6010-4f3c-a25f-a9333d226822	22	20867517	20867931	2	-1.8487
1b8d48ad-6010-4f3c-a25f-a9333d226822	22	20877769	22113053	631	-0.0422
1b8d48ad-6010-4f3c-a25f-a9333d226822	22	22113116	22119654	5	-1.0979
1b8d48ad-6010-4f3c-a25f-a9333d226822	22	22120134	22120255	4	-3.9302
1b8d48ad-6010-4f3c-a25f-a9333d226822	22	22127104	22398345	334	-0.0944
1b8d48ad-6010-4f3c-a25f-a9333d226822	22	22398407	22398545	3	-1.5115
1b8d48ad-6010-4f3c-a25f-a9333d226822	22	22402989	23987520	933	-0.0516
1b8d48ad-6010-4f3c-a25f-a9333d226822	22	23988078	23989773	2	-3.4107
1b8d48ad-6010-4f3c-a25f-a9333d226822	22	23990431	25275764	824	-0.0372
1b8d48ad-6010-4f3c-a25f-a9333d226822	22	25276030	25608728	343	-0.1381
1b8d48ad-6010-4f3c-a25f-a9333d226822	22	25612136	34356908	6625	-0.0437
1b8d48ad-6010-4f3c-a25f-a9333d226822	22	34357403	34358095	6	-0.7862
1b8d48ad-6010-4f3c-a25f-a9333d226822	22	34358110	42496590	4960	-0.0285
1b8d48ad-6010-4f3c-a25f-a9333d226822	22	42501276	42538456	22	0.4347
1b8d48ad-6010-4f3c-a25f-a9333d226822	22	42546956	50796027	6104	-0.0301
1b8d48ad-6010-4f3c-a25f-a9333d226822	X	251810	12157587	7044	0.0097
1b8d48ad-6010-4f3c-a25f-a9333d226822	X	12157726	12158936	7	-0.9049
1b8d48ad-6010-4f3c-a25f-a9333d226822	X	12159524	17166852	3425	-0.0084
1b8d48ad-6010-4f3c-a25f-a9333d226822	X	17167471	17168720	7	-0.8435
1b8d48ad-6010-4f3c-a25f-a9333d226822	X	17168790	36603977	12316	0.0033
1b8d48ad-6010-4f3c-a25f-a9333d226822	X	36605216	36611874	8	-1.1871
1b8d48ad-6010-4f3c-a25f-a9333d226822	X	36612979	37065143	205	0.0013
1b8d48ad-6010-4f3c-a25f-a9333d226822	X	37074558	37076527	2	-1.5008
1b8d48ad-6010-4f3c-a25f-a9333d226822	X	37077962	84808991	20459	-0.0107
1b8d48ad-6010-4f3c-a25f-a9333d226822	X	84813484	84813629	2	-1.6174
1b8d48ad-6010-4f3c-a25f-a9333d226822	X	84816028	104044959	10321	0.0022
1b8d48ad-6010-4f3c-a25f-a9333d226822	X	104045398	104048764	5	-0.8768
1b8d48ad-6010-4f3c-a25f-a9333d226822	X	104048783	115279557	6008	-0.0039
1b8d48ad-6010-4f3c-a25f-a9333d226822	X	115282572	115406949	62	-0.2169
1b8d48ad-6010-4f3c-a25f-a9333d226822	X	115408963	127852485	7350	0.0206
1b8d48ad-6010-4f3c-a25f-a9333d226822	X	127852914	127857089	3	-1.2433
1b8d48ad-6010-4f3c-a25f-a9333d226822	X	127857178	141475366	7550	0.012
1b8d48ad-6010-4f3c-a25f-a9333d226822	X	141475512	141559094	2	-1.5344
1b8d48ad-6010-4f3c-a25f-a9333d226822	X	141578177	153224229	7826	0.02
1b8d48ad-6010-4f3c-a25f-a9333d226822	X	153224324	155952689	1015	-0.0236
1b8d48ad-6010-4f3c-a25f-a9333d226822	Y	2782397	6249869	784	-3.045
1b8d48ad-6010-4f3c-a25f-a9333d226822	Y	6252391	9330531	1442	-3.5248
1b8d48ad-6010-4f3c-a25f-a9333d226822	Y	9332936	9554275	25	-5.0601
1b8d48ad-6010-4f3c-a25f-a9333d226822	Y	9554586	23586854	4195	-3.452
1b8d48ad-6010-4f3c-a25f-a9333d226822	Y	23784615	56872112	192	-3.0402
