GDC_Aliquot	Chromosome	Start	End	Num_Probes	Segment_Mean
7e9e0bfc-5460-4357-8bac-356efed48bce	1	62920	16679483	8677	-0.0469
7e9e0bfc-5460-4357-8bac-356efed48bce	1	16685961	16919676	53	0.2312
7e9e0bfc-5460-4357-8bac-356efed48bce	1	16920587	16927043	9	0.6933
7e9e0bfc-5460-4357-8bac-356efed48bce	1	16930822	16934753	10	0.4898
7e9e0bfc-5460-4357-8bac-356efed48bce	1	16934768	25256850	5267	-0.0509
7e9e0bfc-5460-4357-8bac-356efed48bce	1	25266637	25320455	24	-0.4245
7e9e0bfc-5460-4357-8bac-356efed48bce	1	25336819	30264526	2386	-0.0391
7e9e0bfc-5460-4357-8bac-356efed48bce	1	30265508	30266949	7	-0.8356
7e9e0bfc-5460-4357-8bac-356efed48bce	1	30268649	30527231	210	-0.0855
7e9e0bfc-5460-4357-8bac-356efed48bce	1	30527974	33456499	1434	-0.0227
7e9e0bfc-5460-4357-8bac-356efed48bce	1	33456831	34626073	911	-0.0779
7e9e0bfc-5460-4357-8bac-356efed48bce	1	34637053	34638890	20	-0.7005
7e9e0bfc-5460-4357-8bac-356efed48bce	1	34648667	39456631	2619	-0.0533
7e9e0bfc-5460-4357-8bac-356efed48bce	1	39456656	41558355	1146	-0.005
7e9e0bfc-5460-4357-8bac-356efed48bce	1	41560014	43294565	1117	-0.0543
7e9e0bfc-5460-4357-8bac-356efed48bce	1	43294647	43296755	2	-2.3417
7e9e0bfc-5460-4357-8bac-356efed48bce	1	43297106	64502880	13596	-0.0367
7e9e0bfc-5460-4357-8bac-356efed48bce	1	64503133	72303253	5283	0.0148
7e9e0bfc-5460-4357-8bac-356efed48bce	1	72305460	72346757	46	0.4225
7e9e0bfc-5460-4357-8bac-356efed48bce	1	72351072	105470754	20951	0.021
7e9e0bfc-5460-4357-8bac-356efed48bce	1	105476583	105479753	17	-1.8736
7e9e0bfc-5460-4357-8bac-356efed48bce	1	105481433	109690431	2638	0.0274
7e9e0bfc-5460-4357-8bac-356efed48bce	1	109690640	109697556	10	-0.7502
7e9e0bfc-5460-4357-8bac-356efed48bce	1	109702376	112147704	1949	0.0178
7e9e0bfc-5460-4357-8bac-356efed48bce	1	112153343	112154591	22	-0.446
7e9e0bfc-5460-4357-8bac-356efed48bce	1	112154619	121347642	5087	0.0076
7e9e0bfc-5460-4357-8bac-356efed48bce	1	121386039	146004021	370	0.0903
7e9e0bfc-5460-4357-8bac-356efed48bce	1	146005291	152583051	2149	-0.0096
7e9e0bfc-5460-4357-8bac-356efed48bce	1	152583230	152614118	35	-0.831
7e9e0bfc-5460-4357-8bac-356efed48bce	1	152618018	152725262	104	-0.0228
7e9e0bfc-5460-4357-8bac-356efed48bce	1	152725578	153176582	382	-0.1135
7e9e0bfc-5460-4357-8bac-356efed48bce	1	153177384	169247699	11003	0.0204
7e9e0bfc-5460-4357-8bac-356efed48bce	1	169264736	169272528	7	0.7516
7e9e0bfc-5460-4357-8bac-356efed48bce	1	169273163	171047616	1238	0.0209
7e9e0bfc-5460-4357-8bac-356efed48bce	1	171048569	171068019	8	-0.3751
7e9e0bfc-5460-4357-8bac-356efed48bce	1	171069074	173098076	1363	0.0143
7e9e0bfc-5460-4357-8bac-356efed48bce	1	173099264	173100352	4	-0.7565
7e9e0bfc-5460-4357-8bac-356efed48bce	1	173102907	179192616	3854	-0.0003
7e9e0bfc-5460-4357-8bac-356efed48bce	1	179197422	179203821	10	0.5593
7e9e0bfc-5460-4357-8bac-356efed48bce	1	179203837	196762956	11707	0.0154
7e9e0bfc-5460-4357-8bac-356efed48bce	1	196769493	196854187	59	0.4572
7e9e0bfc-5460-4357-8bac-356efed48bce	1	196854483	202306934	3548	0.0332
7e9e0bfc-5460-4357-8bac-356efed48bce	1	202309153	225258536	15673	0.0002
7e9e0bfc-5460-4357-8bac-356efed48bce	1	225259649	225259782	2	-1.3262
7e9e0bfc-5460-4357-8bac-356efed48bce	1	225266684	233985558	5960	-0.0072
7e9e0bfc-5460-4357-8bac-356efed48bce	1	233986840	238589127	3465	0.0327
7e9e0bfc-5460-4357-8bac-356efed48bce	1	238589143	241544439	2342	-0.0007
7e9e0bfc-5460-4357-8bac-356efed48bce	1	241544505	245195201	2396	0.0405
7e9e0bfc-5460-4357-8bac-356efed48bce	1	245195357	245199720	3	-0.9876
7e9e0bfc-5460-4357-8bac-356efed48bce	1	245200121	246413875	938	0.0386
7e9e0bfc-5460-4357-8bac-356efed48bce	1	246414387	246793852	252	0.1085
7e9e0bfc-5460-4357-8bac-356efed48bce	1	246794759	246795038	2	1.1435
7e9e0bfc-5460-4357-8bac-356efed48bce	1	246798440	247965938	750	0.1034
7e9e0bfc-5460-4357-8bac-356efed48bce	1	247970532	248873001	441	0.0355
7e9e0bfc-5460-4357-8bac-356efed48bce	1	248873024	248930189	34	-0.2243
7e9e0bfc-5460-4357-8bac-356efed48bce	2	12784	1021265	691	-0.0621
7e9e0bfc-5460-4357-8bac-356efed48bce	2	1025004	4187192	2339	0.0348
7e9e0bfc-5460-4357-8bac-356efed48bce	2	4187794	4602761	346	-0.0238
7e9e0bfc-5460-4357-8bac-356efed48bce	2	4604202	4605672	4	-1.0066
7e9e0bfc-5460-4357-8bac-356efed48bce	2	4606898	7089698	2160	-0.0161
7e9e0bfc-5460-4357-8bac-356efed48bce	2	7093393	7094041	8	-0.8013
7e9e0bfc-5460-4357-8bac-356efed48bce	2	7094233	20703255	10081	0.0147
7e9e0bfc-5460-4357-8bac-356efed48bce	2	20703406	22675607	1209	-0.0471
7e9e0bfc-5460-4357-8bac-356efed48bce	2	22679518	22688855	10	0.044
7e9e0bfc-5460-4357-8bac-356efed48bce	2	22689630	22690202	3	0.7724
7e9e0bfc-5460-4357-8bac-356efed48bce	2	22697714	24045165	899	0.0102
7e9e0bfc-5460-4357-8bac-356efed48bce	2	24045272	32247285	4768	-0.0364
7e9e0bfc-5460-4357-8bac-356efed48bce	2	32251923	45090759	9364	0.0087
7e9e0bfc-5460-4357-8bac-356efed48bce	2	45091326	45101164	10	0.8223
7e9e0bfc-5460-4357-8bac-356efed48bce	2	45103904	52514599	5245	0.0104
7e9e0bfc-5460-4357-8bac-356efed48bce	2	52516787	52554404	41	-0.3936
7e9e0bfc-5460-4357-8bac-356efed48bce	2	52560811	87117615	22005	0.0129
7e9e0bfc-5460-4357-8bac-356efed48bce	2	87134049	87696853	115	0.4854
7e9e0bfc-5460-4357-8bac-356efed48bce	2	87725148	97359885	1729	0.0311
7e9e0bfc-5460-4357-8bac-356efed48bce	2	97524284	97545726	9	-0.7683
7e9e0bfc-5460-4357-8bac-356efed48bce	2	97550415	106266875	5573	-0.0032
7e9e0bfc-5460-4357-8bac-356efed48bce	2	106266890	106270799	7	-0.5715
7e9e0bfc-5460-4357-8bac-356efed48bce	2	106270952	107816713	983	-0.0031
7e9e0bfc-5460-4357-8bac-356efed48bce	2	107817583	107885445	10	-0.4673
7e9e0bfc-5460-4357-8bac-356efed48bce	2	107886031	111695901	1721	-0.0132
7e9e0bfc-5460-4357-8bac-356efed48bce	2	111699067	146107526	21111	0.0172
7e9e0bfc-5460-4357-8bac-356efed48bce	2	146107615	146120238	18	0.9006
7e9e0bfc-5460-4357-8bac-356efed48bce	2	146120827	158440017	7355	0.0242
7e9e0bfc-5460-4357-8bac-356efed48bce	2	158444230	158444291	2	-1.8769
7e9e0bfc-5460-4357-8bac-356efed48bce	2	158447627	158804973	261	-0.0178
7e9e0bfc-5460-4357-8bac-356efed48bce	2	158806010	158813937	5	-0.722
7e9e0bfc-5460-4357-8bac-356efed48bce	2	158813981	163780342	2969	0.0098
7e9e0bfc-5460-4357-8bac-356efed48bce	2	163786978	163788616	5	-0.9722
7e9e0bfc-5460-4357-8bac-356efed48bce	2	163790132	179546427	9904	-0.001
7e9e0bfc-5460-4357-8bac-356efed48bce	2	179548635	179557410	32	-0.6062
7e9e0bfc-5460-4357-8bac-356efed48bce	2	179560916	216858573	22504	0.0034
7e9e0bfc-5460-4357-8bac-356efed48bce	2	216860428	222250183	3485	-0.0341
7e9e0bfc-5460-4357-8bac-356efed48bce	2	222250198	232885364	6638	-0.0065
7e9e0bfc-5460-4357-8bac-356efed48bce	2	232885612	242147305	5911	-0.0471
7e9e0bfc-5460-4357-8bac-356efed48bce	3	20930	127144	92	-0.1802
7e9e0bfc-5460-4357-8bac-356efed48bce	3	128992	1016023	736	0.0351
7e9e0bfc-5460-4357-8bac-356efed48bce	3	1016732	3163748	1957	0.1017
7e9e0bfc-5460-4357-8bac-356efed48bce	3	3165956	6061586	2520	0.0502
7e9e0bfc-5460-4357-8bac-356efed48bce	3	6062956	10263745	3402	0.0138
7e9e0bfc-5460-4357-8bac-356efed48bce	3	10266508	11379115	858	-0.0295
7e9e0bfc-5460-4357-8bac-356efed48bce	3	11379129	11619806	132	0.0802
7e9e0bfc-5460-4357-8bac-356efed48bce	3	11619948	12235824	440	-0.0079
7e9e0bfc-5460-4357-8bac-356efed48bce	3	12239578	12385352	87	-0.1303
7e9e0bfc-5460-4357-8bac-356efed48bce	3	12385437	12651033	288	-0.009
7e9e0bfc-5460-4357-8bac-356efed48bce	3	12651596	34500012	14793	0.0273
7e9e0bfc-5460-4357-8bac-356efed48bce	3	34500056	35762590	804	-0.0363
7e9e0bfc-5460-4357-8bac-356efed48bce	3	35763779	39224442	2377	0.015
7e9e0bfc-5460-4357-8bac-356efed48bce	3	39224630	46751887	4704	-0.0286
7e9e0bfc-5460-4357-8bac-356efed48bce	3	46760327	46807689	39	-0.8402
7e9e0bfc-5460-4357-8bac-356efed48bce	3	46808099	56992816	5444	-0.0346
7e9e0bfc-5460-4357-8bac-356efed48bce	3	56997441	56997788	2	-1.042
7e9e0bfc-5460-4357-8bac-356efed48bce	3	56998213	58110221	549	-0.0275
7e9e0bfc-5460-4357-8bac-356efed48bce	3	58111669	60838650	2364	0.0144
7e9e0bfc-5460-4357-8bac-356efed48bce	3	60838831	65856518	4308	-0.0293
7e9e0bfc-5460-4357-8bac-356efed48bce	3	65860205	82815398	10954	0.0096
7e9e0bfc-5460-4357-8bac-356efed48bce	3	82823628	82831894	7	-0.6838
7e9e0bfc-5460-4357-8bac-356efed48bce	3	82833626	89620865	3749	0.0085
7e9e0bfc-5460-4357-8bac-356efed48bce	3	89622183	89624990	8	-1.0615
7e9e0bfc-5460-4357-8bac-356efed48bce	3	89629449	97842175	2298	-0.0019
7e9e0bfc-5460-4357-8bac-356efed48bce	3	97844308	114479700	10045	0.0294
7e9e0bfc-5460-4357-8bac-356efed48bce	3	114480269	119160442	3122	-0.0029
7e9e0bfc-5460-4357-8bac-356efed48bce	3	119160496	119160687	3	-0.7778
7e9e0bfc-5460-4357-8bac-356efed48bce	3	119163758	119396876	149	0.0433
7e9e0bfc-5460-4357-8bac-356efed48bce	3	119397267	119400601	5	0.55
7e9e0bfc-5460-4357-8bac-356efed48bce	3	119402963	120410093	593	0.0384
7e9e0bfc-5460-4357-8bac-356efed48bce	3	120411918	120412188	2	-1.0576
7e9e0bfc-5460-4357-8bac-356efed48bce	3	120415584	123484509	1712	0.0203
7e9e0bfc-5460-4357-8bac-356efed48bce	3	123486334	128415138	3149	-0.0195
7e9e0bfc-5460-4357-8bac-356efed48bce	3	128416814	129551118	547	0.0227
7e9e0bfc-5460-4357-8bac-356efed48bce	3	129552655	129645477	48	0.1863
7e9e0bfc-5460-4357-8bac-356efed48bce	3	129646649	132270041	1658	0.016
7e9e0bfc-5460-4357-8bac-356efed48bce	3	132270486	132276840	6	-0.6471
7e9e0bfc-5460-4357-8bac-356efed48bce	3	132281633	141419619	5623	0.0095
7e9e0bfc-5460-4357-8bac-356efed48bce	3	141420488	157596419	10030	0.0356
7e9e0bfc-5460-4357-8bac-356efed48bce	3	157597124	162794951	3175	0.0118
7e9e0bfc-5460-4357-8bac-356efed48bce	3	162795304	162908207	68	-1.4825
7e9e0bfc-5460-4357-8bac-356efed48bce	3	162908784	169841169	4022	0.0133
7e9e0bfc-5460-4357-8bac-356efed48bce	3	169846964	175362958	3636	0.0301
7e9e0bfc-5460-4357-8bac-356efed48bce	3	175363114	175363437	3	-0.784
7e9e0bfc-5460-4357-8bac-356efed48bce	3	175363536	175369828	7	-0.0003
7e9e0bfc-5460-4357-8bac-356efed48bce	3	175369906	176041982	411	0.1069
7e9e0bfc-5460-4357-8bac-356efed48bce	3	176042772	179889992	2460	0.0382
7e9e0bfc-5460-4357-8bac-356efed48bce	3	179891888	193156958	8635	0.0049
7e9e0bfc-5460-4357-8bac-356efed48bce	3	193160113	193165114	20	-0.5686
7e9e0bfc-5460-4357-8bac-356efed48bce	3	193168646	193425505	178	0.0137
7e9e0bfc-5460-4357-8bac-356efed48bce	3	193425547	193425759	5	-0.8754
7e9e0bfc-5460-4357-8bac-356efed48bce	3	193426083	194920587	977	0.0344
7e9e0bfc-5460-4357-8bac-356efed48bce	3	194920617	194921116	4	-0.7855
7e9e0bfc-5460-4357-8bac-356efed48bce	3	194921751	198169114	1526	-0.0164
7e9e0bfc-5460-4357-8bac-356efed48bce	3	198169131	198169247	3	-0.9239
7e9e0bfc-5460-4357-8bac-356efed48bce	4	68929	6202247	3317	-0.0574
7e9e0bfc-5460-4357-8bac-356efed48bce	4	6202636	42150410	24275	0.0104
7e9e0bfc-5460-4357-8bac-356efed48bce	4	42154161	43056867	639	0.0509
7e9e0bfc-5460-4357-8bac-356efed48bce	4	43056947	43271201	142	0.1781
7e9e0bfc-5460-4357-8bac-356efed48bce	4	43272246	48984998	3297	0.0376
7e9e0bfc-5460-4357-8bac-356efed48bce	4	48985741	52872244	644	0.0204
7e9e0bfc-5460-4357-8bac-356efed48bce	4	52872349	52872357	2	-3.077
7e9e0bfc-5460-4357-8bac-356efed48bce	4	52873095	54692717	1370	0.0287
7e9e0bfc-5460-4357-8bac-356efed48bce	4	54692732	54692745	2	-1.4526
7e9e0bfc-5460-4357-8bac-356efed48bce	4	54692768	55239163	435	-0.0126
7e9e0bfc-5460-4357-8bac-356efed48bce	4	55239529	57258401	1216	0.0603
7e9e0bfc-5460-4357-8bac-356efed48bce	4	57259884	59107300	1218	-0.0111
7e9e0bfc-5460-4357-8bac-356efed48bce	4	59108353	59122391	9	0.5915
7e9e0bfc-5460-4357-8bac-356efed48bce	4	59123359	68378716	5625	0.0245
7e9e0bfc-5460-4357-8bac-356efed48bce	4	68389352	68391041	2	-2.1361
7e9e0bfc-5460-4357-8bac-356efed48bce	4	68394355	68509223	21	0.0555
7e9e0bfc-5460-4357-8bac-356efed48bce	4	68509237	68618391	62	0.487
7e9e0bfc-5460-4357-8bac-356efed48bce	4	68620122	69255545	316	0.0443
7e9e0bfc-5460-4357-8bac-356efed48bce	4	69257792	69366304	56	-0.6269
7e9e0bfc-5460-4357-8bac-356efed48bce	4	69366406	69385210	10	0.0636
7e9e0bfc-5460-4357-8bac-356efed48bce	4	69386698	69412731	11	-0.4
7e9e0bfc-5460-4357-8bac-356efed48bce	4	69414814	76760612	4511	0.0213
7e9e0bfc-5460-4357-8bac-356efed48bce	4	76760805	77411433	571	-0.0432
7e9e0bfc-5460-4357-8bac-356efed48bce	4	77411962	83681075	3774	0.0399
7e9e0bfc-5460-4357-8bac-356efed48bce	4	83681257	87980824	2786	-0.0136
7e9e0bfc-5460-4357-8bac-356efed48bce	4	87981573	114252544	15669	0.0262
7e9e0bfc-5460-4357-8bac-356efed48bce	4	114254167	114261019	23	0.6315
7e9e0bfc-5460-4357-8bac-356efed48bce	4	114263073	137171085	13239	0.0246
7e9e0bfc-5460-4357-8bac-356efed48bce	4	137171266	137172260	13	-3.2417
7e9e0bfc-5460-4357-8bac-356efed48bce	4	137173804	137173967	3	-0.8302
7e9e0bfc-5460-4357-8bac-356efed48bce	4	137187209	190036988	33889	0.0313
7e9e0bfc-5460-4357-8bac-356efed48bce	4	190046094	190106768	5	-0.935
7e9e0bfc-5460-4357-8bac-356efed48bce	5	15532	7169363	5717	0.0236
7e9e0bfc-5460-4357-8bac-356efed48bce	5	7177225	7189812	26	-0.8448
7e9e0bfc-5460-4357-8bac-356efed48bce	5	7202522	15714247	6424	0.0288
7e9e0bfc-5460-4357-8bac-356efed48bce	5	15716018	15720488	13	-0.649
7e9e0bfc-5460-4357-8bac-356efed48bce	5	15723237	21449167	3528	0.0241
7e9e0bfc-5460-4357-8bac-356efed48bce	5	21451091	21468257	8	0.7154
7e9e0bfc-5460-4357-8bac-356efed48bce	5	21516085	29617924	4772	0.016
7e9e0bfc-5460-4357-8bac-356efed48bce	5	29625211	29635057	7	0.7338
7e9e0bfc-5460-4357-8bac-356efed48bce	5	29638891	46271828	10175	0.0245
7e9e0bfc-5460-4357-8bac-356efed48bce	5	46272419	46273400	5	-2.7152
7e9e0bfc-5460-4357-8bac-356efed48bce	5	46278110	53981978	2281	0.0334
7e9e0bfc-5460-4357-8bac-356efed48bce	5	53982634	53983152	2	-1.0462
7e9e0bfc-5460-4357-8bac-356efed48bce	5	53985536	58025819	2793	0.0447
7e9e0bfc-5460-4357-8bac-356efed48bce	5	58030200	58037706	32	-0.364
7e9e0bfc-5460-4357-8bac-356efed48bce	5	58042530	62277545	2836	0.0239
7e9e0bfc-5460-4357-8bac-356efed48bce	5	62279164	62280446	3	-1.1823
7e9e0bfc-5460-4357-8bac-356efed48bce	5	62286365	62286902	2	-0.3927
7e9e0bfc-5460-4357-8bac-356efed48bce	5	62297450	66034997	2132	0.0464
7e9e0bfc-5460-4357-8bac-356efed48bce	5	66036740	69550476	2321	0.0013
7e9e0bfc-5460-4357-8bac-356efed48bce	5	69571467	69822308	5	-1.5721
7e9e0bfc-5460-4357-8bac-356efed48bce	5	69937600	71939479	385	-0.0461
7e9e0bfc-5460-4357-8bac-356efed48bce	5	71939532	71944921	4	-0.8227
7e9e0bfc-5460-4357-8bac-356efed48bce	5	71945161	74531271	1761	-0.0206
7e9e0bfc-5460-4357-8bac-356efed48bce	5	74531897	104515520	17386	0.026
7e9e0bfc-5460-4357-8bac-356efed48bce	5	104524672	104524903	4	-1.4647
7e9e0bfc-5460-4357-8bac-356efed48bce	5	104525348	121210797	11443	0.0342
7e9e0bfc-5460-4357-8bac-356efed48bce	5	121216014	121216156	2	-1.1547
7e9e0bfc-5460-4357-8bac-356efed48bce	5	121216365	125316431	2729	0.0423
7e9e0bfc-5460-4357-8bac-356efed48bce	5	125319090	125327598	7	-0.5103
7e9e0bfc-5460-4357-8bac-356efed48bce	5	125327822	128770619	2136	0.0387
7e9e0bfc-5460-4357-8bac-356efed48bce	5	128771816	128772314	4	0.995
7e9e0bfc-5460-4357-8bac-356efed48bce	5	128774164	133074158	2297	0.0244
7e9e0bfc-5460-4357-8bac-356efed48bce	5	133076607	140202942	4320	-0.0183
7e9e0bfc-5460-4357-8bac-356efed48bce	5	140208508	153352105	8625	0.0184
7e9e0bfc-5460-4357-8bac-356efed48bce	5	153352887	153354708	4	-1.0418
7e9e0bfc-5460-4357-8bac-356efed48bce	5	153357066	156993692	2515	0.0134
7e9e0bfc-5460-4357-8bac-356efed48bce	5	156994920	156999228	5	-1.1809
7e9e0bfc-5460-4357-8bac-356efed48bce	5	157000282	173322519	11358	0.021
7e9e0bfc-5460-4357-8bac-356efed48bce	5	173323433	180947523	4612	-0.0176
7e9e0bfc-5460-4357-8bac-356efed48bce	5	180951710	180991103	19	-0.5022
7e9e0bfc-5460-4357-8bac-356efed48bce	5	181006225	181363319	170	-0.0166
7e9e0bfc-5460-4357-8bac-356efed48bce	6	149661	254283	101	-0.055
7e9e0bfc-5460-4357-8bac-356efed48bce	6	257353	382559	102	0.5091
7e9e0bfc-5460-4357-8bac-356efed48bce	6	382897	1338617	892	-0.0457
7e9e0bfc-5460-4357-8bac-356efed48bce	6	1341495	30197496	20739	0.0033
7e9e0bfc-5460-4357-8bac-356efed48bce	6	30201550	31309909	496	-0.0405
7e9e0bfc-5460-4357-8bac-356efed48bce	6	31313046	31328674	12	-1.3314
7e9e0bfc-5460-4357-8bac-356efed48bce	6	31342147	32486746	502	-0.0583
7e9e0bfc-5460-4357-8bac-356efed48bce	6	32488906	32533522	13	1.3843
7e9e0bfc-5460-4357-8bac-356efed48bce	6	32540699	32723053	94	0.0858
7e9e0bfc-5460-4357-8bac-356efed48bce	6	32732907	41531830	5776	-0.0436
7e9e0bfc-5460-4357-8bac-356efed48bce	6	41532754	50925015	5673	0.0079
7e9e0bfc-5460-4357-8bac-356efed48bce	6	50925538	50925578	2	1.4639
7e9e0bfc-5460-4357-8bac-356efed48bce	6	50931560	54066286	2200	-0.0024
7e9e0bfc-5460-4357-8bac-356efed48bce	6	54066353	54067057	7	1.0824
7e9e0bfc-5460-4357-8bac-356efed48bce	6	54070550	64627049	4227	0.0196
7e9e0bfc-5460-4357-8bac-356efed48bce	6	64637651	64639099	2	1.5725
7e9e0bfc-5460-4357-8bac-356efed48bce	6	64640883	66298393	1104	0.0285
7e9e0bfc-5460-4357-8bac-356efed48bce	6	66299130	66338736	55	-0.7206
7e9e0bfc-5460-4357-8bac-356efed48bce	6	66339513	73882142	5001	0.0222
7e9e0bfc-5460-4357-8bac-356efed48bce	6	73882509	73891694	10	0.7548
7e9e0bfc-5460-4357-8bac-356efed48bce	6	73893839	76305231	1472	0.0158
7e9e0bfc-5460-4357-8bac-356efed48bce	6	76307183	76307209	3	-0.8103
7e9e0bfc-5460-4357-8bac-356efed48bce	6	76307276	78259388	1295	0.0259
7e9e0bfc-5460-4357-8bac-356efed48bce	6	78261980	78325468	110	-0.3606
7e9e0bfc-5460-4357-8bac-356efed48bce	6	78329517	93942689	10007	0.0287
7e9e0bfc-5460-4357-8bac-356efed48bce	6	93942822	93947846	2	-1.2007
7e9e0bfc-5460-4357-8bac-356efed48bce	6	93949814	94315612	228	0.0569
7e9e0bfc-5460-4357-8bac-356efed48bce	6	94316624	94388092	73	0.2154
7e9e0bfc-5460-4357-8bac-356efed48bce	6	94388337	101497470	4100	0.0269
7e9e0bfc-5460-4357-8bac-356efed48bce	6	101497510	103088948	933	-0.0185
7e9e0bfc-5460-4357-8bac-356efed48bce	6	103091518	118565798	9523	0.029
7e9e0bfc-5460-4357-8bac-356efed48bce	6	118566052	118744202	124	0.1923
7e9e0bfc-5460-4357-8bac-356efed48bce	6	118744308	133945130	9605	0.0234
7e9e0bfc-5460-4357-8bac-356efed48bce	6	133947933	133948494	2	-2.1553
7e9e0bfc-5460-4357-8bac-356efed48bce	6	133950934	155385667	14373	0.0188
7e9e0bfc-5460-4357-8bac-356efed48bce	6	155387430	162075562	4654	-0.0081
7e9e0bfc-5460-4357-8bac-356efed48bce	6	162075577	162075620	2	-1.3898
7e9e0bfc-5460-4357-8bac-356efed48bce	6	162075640	170741917	6060	0.0079
7e9e0bfc-5460-4357-8bac-356efed48bce	7	43355	4656395	2526	-0.0075
7e9e0bfc-5460-4357-8bac-356efed48bce	7	4656446	16309218	8595	0.0361
7e9e0bfc-5460-4357-8bac-356efed48bce	7	16312112	17462707	911	0.086
7e9e0bfc-5460-4357-8bac-356efed48bce	7	17464515	17468584	7	0.6343
7e9e0bfc-5460-4357-8bac-356efed48bce	7	17468670	17726805	259	0.1028
7e9e0bfc-5460-4357-8bac-356efed48bce	7	17727580	23935602	4796	0.0342
7e9e0bfc-5460-4357-8bac-356efed48bce	7	23936210	26092670	1732	-0.0139
7e9e0bfc-5460-4357-8bac-356efed48bce	7	26102772	26105793	4	0.7342
7e9e0bfc-5460-4357-8bac-356efed48bce	7	26107599	29628975	2605	-0.0004
7e9e0bfc-5460-4357-8bac-356efed48bce	7	29631102	29646732	7	-0.9265
7e9e0bfc-5460-4357-8bac-356efed48bce	7	29648549	88663941	33020	0.0242
7e9e0bfc-5460-4357-8bac-356efed48bce	7	88666198	90517168	1223	0.0836
7e9e0bfc-5460-4357-8bac-356efed48bce	7	90517922	97766148	4629	0.0165
7e9e0bfc-5460-4357-8bac-356efed48bce	7	97766150	97773163	15	-2.1502
7e9e0bfc-5460-4357-8bac-356efed48bce	7	97774928	99344286	809	0.0345
7e9e0bfc-5460-4357-8bac-356efed48bce	7	99344422	105498500	2959	-0.0116
7e9e0bfc-5460-4357-8bac-356efed48bce	7	105498547	105787764	198	0.0458
7e9e0bfc-5460-4357-8bac-356efed48bce	7	105790867	105790966	2	-1.1133
7e9e0bfc-5460-4357-8bac-356efed48bce	7	105792258	109797044	2642	0.0275
7e9e0bfc-5460-4357-8bac-356efed48bce	7	109797612	109813853	27	-0.4703
7e9e0bfc-5460-4357-8bac-356efed48bce	7	109813925	126405597	10034	0.022
7e9e0bfc-5460-4357-8bac-356efed48bce	7	126405632	126406823	11	1.0333
7e9e0bfc-5460-4357-8bac-356efed48bce	7	126406824	126620696	142	-0.0227
7e9e0bfc-5460-4357-8bac-356efed48bce	7	126621795	126644754	14	0.4442
7e9e0bfc-5460-4357-8bac-356efed48bce	7	126646547	130182957	2010	0.0256
7e9e0bfc-5460-4357-8bac-356efed48bce	7	130183507	134113356	2558	-0.0273
7e9e0bfc-5460-4357-8bac-356efed48bce	7	134113790	135123219	750	0.0154
7e9e0bfc-5460-4357-8bac-356efed48bce	7	135129169	136127160	668	0.0785
7e9e0bfc-5460-4357-8bac-356efed48bce	7	136128142	142069843	3778	0.0173
7e9e0bfc-5460-4357-8bac-356efed48bce	7	142069880	142090383	30	-0.8191
7e9e0bfc-5460-4357-8bac-356efed48bce	7	142090403	154598185	7625	0.0204
7e9e0bfc-5460-4357-8bac-356efed48bce	7	154601461	154607903	4	-1.9315
7e9e0bfc-5460-4357-8bac-356efed48bce	7	154609120	154612302	5	-0.2995
7e9e0bfc-5460-4357-8bac-356efed48bce	7	154612449	155069450	387	0.0157
7e9e0bfc-5460-4357-8bac-356efed48bce	7	155069683	155069864	2	-1.0896
7e9e0bfc-5460-4357-8bac-356efed48bce	7	155070911	159208182	2746	0.029
7e9e0bfc-5460-4357-8bac-356efed48bce	7	159209715	159334314	91	-0.1798
7e9e0bfc-5460-4357-8bac-356efed48bce	8	81254	1134740	644	-0.0169
7e9e0bfc-5460-4357-8bac-356efed48bce	8	1136161	3866726	2622	0.0715
7e9e0bfc-5460-4357-8bac-356efed48bce	8	3866762	4144670	432	0.007
7e9e0bfc-5460-4357-8bac-356efed48bce	8	4144685	4144794	3	-1.426
7e9e0bfc-5460-4357-8bac-356efed48bce	8	4145131	4145783	10	0.1397
7e9e0bfc-5460-4357-8bac-356efed48bce	8	4145941	4145956	2	-2.9525
7e9e0bfc-5460-4357-8bac-356efed48bce	8	4146039	6852226	3735	0.0523
7e9e0bfc-5460-4357-8bac-356efed48bce	8	6852835	6853173	2	-1.5467
7e9e0bfc-5460-4357-8bac-356efed48bce	8	6853239	6968934	175	0.0171
7e9e0bfc-5460-4357-8bac-356efed48bce	8	6968962	6969677	9	-1.7084
7e9e0bfc-5460-4357-8bac-356efed48bce	8	6975846	8196822	160	0.0463
7e9e0bfc-5460-4357-8bac-356efed48bce	8	8197738	8214781	3	-1.2976
7e9e0bfc-5460-4357-8bac-356efed48bce	8	8234503	9644369	1335	0.0265
7e9e0bfc-5460-4357-8bac-356efed48bce	8	9644390	9644751	7	-0.778
7e9e0bfc-5460-4357-8bac-356efed48bce	8	9644826	13885687	3149	0.0328
7e9e0bfc-5460-4357-8bac-356efed48bce	8	13886002	15253141	1282	-0.0165
7e9e0bfc-5460-4357-8bac-356efed48bce	8	15253334	18407644	2812	0.043
7e9e0bfc-5460-4357-8bac-356efed48bce	8	18408647	18413675	4	-1.7032
7e9e0bfc-5460-4357-8bac-356efed48bce	8	18413877	25114672	5077	0.0054
7e9e0bfc-5460-4357-8bac-356efed48bce	8	25116928	25126818	27	0.9201
7e9e0bfc-5460-4357-8bac-356efed48bce	8	25133589	32533748	5186	0.0162
7e9e0bfc-5460-4357-8bac-356efed48bce	8	32536630	32544043	8	-0.9248
7e9e0bfc-5460-4357-8bac-356efed48bce	8	32552478	36387452	2220	0.0211
7e9e0bfc-5460-4357-8bac-356efed48bce	8	36397626	36405607	6	0.6577
7e9e0bfc-5460-4357-8bac-356efed48bce	8	36422668	39373140	1595	0.0406
7e9e0bfc-5460-4357-8bac-356efed48bce	8	39378084	39522148	54	-0.536
7e9e0bfc-5460-4357-8bac-356efed48bce	8	39526605	40914477	1077	0.0291
7e9e0bfc-5460-4357-8bac-356efed48bce	8	40920333	40920952	2	-2.1604
7e9e0bfc-5460-4357-8bac-356efed48bce	8	40926161	46396053	1617	0.067
7e9e0bfc-5460-4357-8bac-356efed48bce	8	46409732	57850330	6972	0.0269
7e9e0bfc-5460-4357-8bac-356efed48bce	8	57850434	57850495	3	-0.9548
7e9e0bfc-5460-4357-8bac-356efed48bce	8	57858719	58393274	396	-0.0014
7e9e0bfc-5460-4357-8bac-356efed48bce	8	58393415	58393536	2	-1.0179
7e9e0bfc-5460-4357-8bac-356efed48bce	8	58394716	71379789	7896	0.026
7e9e0bfc-5460-4357-8bac-356efed48bce	8	71380352	71380807	2	-1.1459
7e9e0bfc-5460-4357-8bac-356efed48bce	8	71381099	111282065	24047	0.0237
7e9e0bfc-5460-4357-8bac-356efed48bce	8	111282237	111283016	7	-1.5626
7e9e0bfc-5460-4357-8bac-356efed48bce	8	111283031	145072769	22917	0.0129
7e9e0bfc-5460-4357-8bac-356efed48bce	9	46587	602903	507	0.0029
7e9e0bfc-5460-4357-8bac-356efed48bce	9	606699	606961	4	-1.8875
7e9e0bfc-5460-4357-8bac-356efed48bce	9	607307	2147099	1803	0.0402
7e9e0bfc-5460-4357-8bac-356efed48bce	9	2148837	2150662	6	-0.9141
7e9e0bfc-5460-4357-8bac-356efed48bce	9	2152115	3160718	1045	0.0598
7e9e0bfc-5460-4357-8bac-356efed48bce	9	3168100	6342855	2750	-0.006
7e9e0bfc-5460-4357-8bac-356efed48bce	9	6347610	7372393	957	0.088
7e9e0bfc-5460-4357-8bac-356efed48bce	9	7372858	11276172	3635	0.0145
7e9e0bfc-5460-4357-8bac-356efed48bce	9	11276796	12642449	1064	0.067
7e9e0bfc-5460-4357-8bac-356efed48bce	9	12643350	18766421	5193	0.0087
7e9e0bfc-5460-4357-8bac-356efed48bce	9	18769140	18770647	5	-0.6753
7e9e0bfc-5460-4357-8bac-356efed48bce	9	18771508	22492890	2877	0.0299
7e9e0bfc-5460-4357-8bac-356efed48bce	9	22501914	22502700	2	1.1301
7e9e0bfc-5460-4357-8bac-356efed48bce	9	22509341	23361807	579	0.0021
7e9e0bfc-5460-4357-8bac-356efed48bce	9	23363117	23372401	7	-2.3012
7e9e0bfc-5460-4357-8bac-356efed48bce	9	23373486	23907084	422	0.0176
7e9e0bfc-5460-4357-8bac-356efed48bce	9	23912011	23916134	4	-0.9264
7e9e0bfc-5460-4357-8bac-356efed48bce	9	23922419	29974822	4555	0.031
7e9e0bfc-5460-4357-8bac-356efed48bce	9	29975255	37339454	4637	-0.002
7e9e0bfc-5460-4357-8bac-356efed48bce	9	37340662	39484471	1122	0.0451
7e9e0bfc-5460-4357-8bac-356efed48bce	9	39487653	40229601	18	-0.3638
7e9e0bfc-5460-4357-8bac-356efed48bce	9	40712794	41741113	94	0.0056
7e9e0bfc-5460-4357-8bac-356efed48bce	9	42014203	42574420	38	-0.4331
7e9e0bfc-5460-4357-8bac-356efed48bce	9	42585140	61405110	55	-0.077
7e9e0bfc-5460-4357-8bac-356efed48bce	9	61520021	61668104	32	0.6958
7e9e0bfc-5460-4357-8bac-356efed48bce	9	61680289	63580418	36	0.0098
7e9e0bfc-5460-4357-8bac-356efed48bce	9	63590317	63592813	7	1.2812
7e9e0bfc-5460-4357-8bac-356efed48bce	9	63614182	63754823	41	0.0202
7e9e0bfc-5460-4357-8bac-356efed48bce	9	63762040	67168711	69	-0.1714
7e9e0bfc-5460-4357-8bac-356efed48bce	9	67216687	76991054	6390	0.0061
7e9e0bfc-5460-4357-8bac-356efed48bce	9	76992049	76992062	2	-1.6646
7e9e0bfc-5460-4357-8bac-356efed48bce	9	76992368	82109386	3599	-0.0039
7e9e0bfc-5460-4357-8bac-356efed48bce	9	82112959	97728124	10640	-0.0249
7e9e0bfc-5460-4357-8bac-356efed48bce	9	97728424	104668681	4898	0.0046
7e9e0bfc-5460-4357-8bac-356efed48bce	9	104668925	105850569	859	0.0553
7e9e0bfc-5460-4357-8bac-356efed48bce	9	105851266	109191427	2623	-0.0018
7e9e0bfc-5460-4357-8bac-356efed48bce	9	109191835	123484990	10707	-0.0338
7e9e0bfc-5460-4357-8bac-356efed48bce	9	123486707	123487518	2	-1.2673
7e9e0bfc-5460-4357-8bac-356efed48bce	9	123487532	124350965	617	-0.0416
7e9e0bfc-5460-4357-8bac-356efed48bce	9	124353823	124356107	2	-1.831
7e9e0bfc-5460-4357-8bac-356efed48bce	9	124356893	135326886	6468	-0.0473
7e9e0bfc-5460-4357-8bac-356efed48bce	9	135326901	135335019	19	-0.42
7e9e0bfc-5460-4357-8bac-356efed48bce	9	135335157	135939337	293	-0.0572
7e9e0bfc-5460-4357-8bac-356efed48bce	9	135942723	138200944	792	-0.0085
7e9e0bfc-5460-4357-8bac-356efed48bce	10	45792	4248622	3575	-0.0237
7e9e0bfc-5460-4357-8bac-356efed48bce	10	4248646	4248732	2	1.3174
7e9e0bfc-5460-4357-8bac-356efed48bce	10	4248824	4611494	417	-0.0441
7e9e0bfc-5460-4357-8bac-356efed48bce	10	4611836	9333910	4067	0.0226
7e9e0bfc-5460-4357-8bac-356efed48bce	10	9334013	10737061	1096	-0.0225
7e9e0bfc-5460-4357-8bac-356efed48bce	10	10737460	13007885	1756	0.0327
7e9e0bfc-5460-4357-8bac-356efed48bce	10	13008005	13008170	5	-1.1507
7e9e0bfc-5460-4357-8bac-356efed48bce	10	13008428	14547227	1452	0.0058
7e9e0bfc-5460-4357-8bac-356efed48bce	10	14547241	33266585	13376	0.0256
7e9e0bfc-5460-4357-8bac-356efed48bce	10	33267762	34687512	1006	-0.0202
7e9e0bfc-5460-4357-8bac-356efed48bce	10	34690261	42195114	2350	0.0213
7e9e0bfc-5460-4357-8bac-356efed48bce	10	42211513	42211528	2	-1.2261
7e9e0bfc-5460-4357-8bac-356efed48bce	10	42222439	43039480	436	0.0185
7e9e0bfc-5460-4357-8bac-356efed48bce	10	43040472	43774020	519	0.0918
7e9e0bfc-5460-4357-8bac-356efed48bce	10	43774215	50229421	3361	0.0201
7e9e0bfc-5460-4357-8bac-356efed48bce	10	50235079	50240776	2	-1.737
7e9e0bfc-5460-4357-8bac-356efed48bce	10	50242107	70764752	14588	0.018
7e9e0bfc-5460-4357-8bac-356efed48bce	10	70767138	76493093	3219	-0.0201
7e9e0bfc-5460-4357-8bac-356efed48bce	10	76497303	76497852	2	1.7158
7e9e0bfc-5460-4357-8bac-356efed48bce	10	76501509	79043189	2081	-0.0154
7e9e0bfc-5460-4357-8bac-356efed48bce	10	79043242	80722283	970	0.0535
7e9e0bfc-5460-4357-8bac-356efed48bce	10	80728973	81121574	274	-0.0072
7e9e0bfc-5460-4357-8bac-356efed48bce	10	81122049	81130027	9	-0.7956
7e9e0bfc-5460-4357-8bac-356efed48bce	10	81134713	81832068	426	-0.0213
7e9e0bfc-5460-4357-8bac-356efed48bce	10	81832651	95928748	9468	0.0174
7e9e0bfc-5460-4357-8bac-356efed48bce	10	95937123	108958670	8427	-0.0069
7e9e0bfc-5460-4357-8bac-356efed48bce	10	108958947	108958972	2	-1.1883
7e9e0bfc-5460-4357-8bac-356efed48bce	10	108959208	112284351	2263	-0.003
7e9e0bfc-5460-4357-8bac-356efed48bce	10	112289877	112409871	105	0.1218
7e9e0bfc-5460-4357-8bac-356efed48bce	10	112409906	117184675	3273	-0.0033
7e9e0bfc-5460-4357-8bac-356efed48bce	10	117187079	122584593	4231	-0.0316
7e9e0bfc-5460-4357-8bac-356efed48bce	10	122584707	122591497	5	-0.9556
7e9e0bfc-5460-4357-8bac-356efed48bce	10	122597296	130472507	5902	-0.0455
7e9e0bfc-5460-4357-8bac-356efed48bce	10	130472578	130472631	2	-1.4453
7e9e0bfc-5460-4357-8bac-356efed48bce	10	130472877	133654968	1993	-0.0304
7e9e0bfc-5460-4357-8bac-356efed48bce	11	198510	6096746	3511	0.0103
7e9e0bfc-5460-4357-8bac-356efed48bce	11	6099417	6100864	2	-2.0393
7e9e0bfc-5460-4357-8bac-356efed48bce	11	6101273	9726936	2483	0.0112
7e9e0bfc-5460-4357-8bac-356efed48bce	11	9728098	10840564	785	-0.0213
7e9e0bfc-5460-4357-8bac-356efed48bce	11	10841877	11968234	1078	-0.0658
7e9e0bfc-5460-4357-8bac-356efed48bce	11	11969928	15963007	2932	-0.009
7e9e0bfc-5460-4357-8bac-356efed48bce	11	15963718	16792144	431	-0.0876
7e9e0bfc-5460-4357-8bac-356efed48bce	11	16793084	18918546	1452	-0.019
7e9e0bfc-5460-4357-8bac-356efed48bce	11	18918775	18939631	38	-0.3774
7e9e0bfc-5460-4357-8bac-356efed48bce	11	18939734	19682961	697	-0.017
7e9e0bfc-5460-4357-8bac-356efed48bce	11	19683686	36192420	12043	0.0125
7e9e0bfc-5460-4357-8bac-356efed48bce	11	36193408	37328514	889	0.067
7e9e0bfc-5460-4357-8bac-356efed48bce	11	37329278	37821027	276	0.0201
7e9e0bfc-5460-4357-8bac-356efed48bce	11	37821229	42677788	3221	-0.0151
7e9e0bfc-5460-4357-8bac-356efed48bce	11	42677910	48132762	3259	0.024
7e9e0bfc-5460-4357-8bac-356efed48bce	11	48140421	48140659	2	-1.0189
7e9e0bfc-5460-4357-8bac-356efed48bce	11	48140753	48576870	211	0.0343
7e9e0bfc-5460-4357-8bac-356efed48bce	11	48579882	48581124	2	-1.7585
7e9e0bfc-5460-4357-8bac-356efed48bce	11	48584766	50135128	612	-0.0107
7e9e0bfc-5460-4357-8bac-356efed48bce	11	50136924	50137254	2	1.1412
7e9e0bfc-5460-4357-8bac-356efed48bce	11	50137966	50384671	114	0.0072
7e9e0bfc-5460-4357-8bac-356efed48bce	11	50384854	50386219	4	0.9177
7e9e0bfc-5460-4357-8bac-356efed48bce	11	50397885	50788055	70	-0.0249
7e9e0bfc-5460-4357-8bac-356efed48bce	11	50791553	54555109	5	-0.743
7e9e0bfc-5460-4357-8bac-356efed48bce	11	54555644	55595864	371	0.0174
7e9e0bfc-5460-4357-8bac-356efed48bce	11	55606556	55686100	60	0.3722
7e9e0bfc-5460-4357-8bac-356efed48bce	11	55693207	63016722	4313	0.0105
7e9e0bfc-5460-4357-8bac-356efed48bce	11	63020797	75003524	5640	-0.0438
7e9e0bfc-5460-4357-8bac-356efed48bce	11	75012082	75832216	494	0.0126
7e9e0bfc-5460-4357-8bac-356efed48bce	11	75832234	76121896	112	-0.0909
7e9e0bfc-5460-4357-8bac-356efed48bce	11	76125569	79735971	2328	0.0327
7e9e0bfc-5460-4357-8bac-356efed48bce	11	79736862	79738068	2	-1.165
7e9e0bfc-5460-4357-8bac-356efed48bce	11	79741300	80256460	366	0.011
7e9e0bfc-5460-4357-8bac-356efed48bce	11	80256469	80256520	3	1.1612
7e9e0bfc-5460-4357-8bac-356efed48bce	11	80256642	80296077	54	0.0883
7e9e0bfc-5460-4357-8bac-356efed48bce	11	80296555	82508690	1756	-0.0163
7e9e0bfc-5460-4357-8bac-356efed48bce	11	82509592	84138472	1054	0.0307
7e9e0bfc-5460-4357-8bac-356efed48bce	11	84140933	84143845	3	-0.7271
7e9e0bfc-5460-4357-8bac-356efed48bce	11	84147099	86594771	1630	0.022
7e9e0bfc-5460-4357-8bac-356efed48bce	11	86594775	86595012	4	-0.7643
7e9e0bfc-5460-4357-8bac-356efed48bce	11	86604132	89768798	2096	0.0098
7e9e0bfc-5460-4357-8bac-356efed48bce	11	89796439	89834373	9	0.482
7e9e0bfc-5460-4357-8bac-356efed48bce	11	89847184	89966336	6	-0.0928
7e9e0bfc-5460-4357-8bac-356efed48bce	11	90043678	90077170	4	-1.0168
7e9e0bfc-5460-4357-8bac-356efed48bce	11	90085142	98600933	6169	0.0185
7e9e0bfc-5460-4357-8bac-356efed48bce	11	98605747	98606545	2	-1.1631
7e9e0bfc-5460-4357-8bac-356efed48bce	11	98615330	110623237	8313	0.0172
7e9e0bfc-5460-4357-8bac-356efed48bce	11	110623903	110624150	2	1.0944
7e9e0bfc-5460-4357-8bac-356efed48bce	11	110630891	112122101	992	-0.003
7e9e0bfc-5460-4357-8bac-356efed48bce	11	112122402	122475261	7349	-0.0314
7e9e0bfc-5460-4357-8bac-356efed48bce	11	122481272	134731118	9304	0.0148
7e9e0bfc-5460-4357-8bac-356efed48bce	11	134731897	134737977	5	-0.7035
7e9e0bfc-5460-4357-8bac-356efed48bce	11	134738185	134954460	195	-0.0441
7e9e0bfc-5460-4357-8bac-356efed48bce	11	134954980	135074876	85	-0.2803
7e9e0bfc-5460-4357-8bac-356efed48bce	12	51460	760112	421	0.0131
7e9e0bfc-5460-4357-8bac-356efed48bce	12	760150	764863	14	-0.789
7e9e0bfc-5460-4357-8bac-356efed48bce	12	766188	6230983	4174	-0.0138
7e9e0bfc-5460-4357-8bac-356efed48bce	12	6231222	8404097	989	0.0208
7e9e0bfc-5460-4357-8bac-356efed48bce	12	8405892	8428347	17	-0.3318
7e9e0bfc-5460-4357-8bac-356efed48bce	12	8432076	13569379	3616	0.039
7e9e0bfc-5460-4357-8bac-356efed48bce	12	13571372	13572164	2	-1.075
7e9e0bfc-5460-4357-8bac-356efed48bce	12	13576376	14734835	747	0.0189
7e9e0bfc-5460-4357-8bac-356efed48bce	12	14735831	14736917	2	-1.1904
7e9e0bfc-5460-4357-8bac-356efed48bce	12	14737942	24722188	6505	0.0177
7e9e0bfc-5460-4357-8bac-356efed48bce	12	24722429	25043532	276	0.1271
7e9e0bfc-5460-4357-8bac-356efed48bce	12	25047631	26691804	1342	0.0236
7e9e0bfc-5460-4357-8bac-356efed48bce	12	26693599	26693670	2	-1.0521
7e9e0bfc-5460-4357-8bac-356efed48bce	12	26694038	29983077	2304	0.032
7e9e0bfc-5460-4357-8bac-356efed48bce	12	29983102	29990199	4	-0.6522
7e9e0bfc-5460-4357-8bac-356efed48bce	12	29990853	33141726	2373	0.0353
7e9e0bfc-5460-4357-8bac-356efed48bce	12	33148472	33154440	27	-3.1984
7e9e0bfc-5460-4357-8bac-356efed48bce	12	33155426	42802858	3957	0.0314
7e9e0bfc-5460-4357-8bac-356efed48bce	12	42803164	42981570	135	0.1641
7e9e0bfc-5460-4357-8bac-356efed48bce	12	42982161	49450144	3731	0.0304
7e9e0bfc-5460-4357-8bac-356efed48bce	12	49458095	52378931	1576	-0.0371
7e9e0bfc-5460-4357-8bac-356efed48bce	12	52379162	52379898	5	0.7567
7e9e0bfc-5460-4357-8bac-356efed48bce	12	52381647	52881483	473	-0.0562
7e9e0bfc-5460-4357-8bac-356efed48bce	12	52881550	74792132	13545	0.013
7e9e0bfc-5460-4357-8bac-356efed48bce	12	74792231	74792534	2	-1.977
7e9e0bfc-5460-4357-8bac-356efed48bce	12	74793920	99398036	15868	0.0188
7e9e0bfc-5460-4357-8bac-356efed48bce	12	99401515	99404956	31	-0.6429
7e9e0bfc-5460-4357-8bac-356efed48bce	12	99409315	105551705	4043	0.0157
7e9e0bfc-5460-4357-8bac-356efed48bce	12	105554166	120947333	10361	-0.0298
7e9e0bfc-5460-4357-8bac-356efed48bce	12	120947867	133201603	8312	0.0037
7e9e0bfc-5460-4357-8bac-356efed48bce	13	18452809	23058539	2857	0.0158
7e9e0bfc-5460-4357-8bac-356efed48bce	13	23058721	23059376	11	-2.8849
7e9e0bfc-5460-4357-8bac-356efed48bce	13	23064056	31957984	6696	0.0399
7e9e0bfc-5460-4357-8bac-356efed48bce	13	31958485	31964286	18	0.3873
7e9e0bfc-5460-4357-8bac-356efed48bce	13	31965910	33614126	1216	0.0368
7e9e0bfc-5460-4357-8bac-356efed48bce	13	33618652	33619239	4	-1.1158
7e9e0bfc-5460-4357-8bac-356efed48bce	13	33623167	37498087	2683	0.0246
7e9e0bfc-5460-4357-8bac-356efed48bce	13	37501767	37510620	14	-0.5174
7e9e0bfc-5460-4357-8bac-356efed48bce	13	37514193	38478674	701	0.0291
7e9e0bfc-5460-4357-8bac-356efed48bce	13	38483435	38483919	2	1.4361
7e9e0bfc-5460-4357-8bac-356efed48bce	13	38490920	40901950	1774	0.0341
7e9e0bfc-5460-4357-8bac-356efed48bce	13	40904505	49387116	5725	0.0047
7e9e0bfc-5460-4357-8bac-356efed48bce	13	49387457	54872404	3168	0.0408
7e9e0bfc-5460-4357-8bac-356efed48bce	13	54873425	57072497	1101	-0.0087
7e9e0bfc-5460-4357-8bac-356efed48bce	13	57072924	57646614	326	0.0706
7e9e0bfc-5460-4357-8bac-356efed48bce	13	57651473	57652808	2	-1.3668
7e9e0bfc-5460-4357-8bac-356efed48bce	13	57654254	63650072	3559	0.0243
7e9e0bfc-5460-4357-8bac-356efed48bce	13	63650659	63662559	9	-4.4848
7e9e0bfc-5460-4357-8bac-356efed48bce	13	63665430	63875403	112	0.0357
7e9e0bfc-5460-4357-8bac-356efed48bce	13	63875778	64415638	320	0.1229
7e9e0bfc-5460-4357-8bac-356efed48bce	13	64416187	66475989	1274	0.0263
7e9e0bfc-5460-4357-8bac-356efed48bce	13	66476798	66805122	270	0.1217
7e9e0bfc-5460-4357-8bac-356efed48bce	13	66805336	71902850	3210	0.0283
7e9e0bfc-5460-4357-8bac-356efed48bce	13	71903417	71906418	4	-2.9647
7e9e0bfc-5460-4357-8bac-356efed48bce	13	71906467	105128737	22513	0.0204
7e9e0bfc-5460-4357-8bac-356efed48bce	13	105129375	105417440	224	0.1379
7e9e0bfc-5460-4357-8bac-356efed48bce	13	105420371	114161416	6269	0.0203
7e9e0bfc-5460-4357-8bac-356efed48bce	13	114162629	114342922	90	-0.1381
7e9e0bfc-5460-4357-8bac-356efed48bce	14	18239283	19256296	43	-0.123
7e9e0bfc-5460-4357-8bac-356efed48bce	14	19280948	19956767	125	0.3173
7e9e0bfc-5460-4357-8bac-356efed48bce	14	19957350	21858683	1259	0.0415
7e9e0bfc-5460-4357-8bac-356efed48bce	14	21859138	21860397	7	-0.9147
7e9e0bfc-5460-4357-8bac-356efed48bce	14	21860829	22007961	148	0.0144
7e9e0bfc-5460-4357-8bac-356efed48bce	14	22008151	22578966	519	0.1219
7e9e0bfc-5460-4357-8bac-356efed48bce	14	22579460	23957515	775	0.026
7e9e0bfc-5460-4357-8bac-356efed48bce	14	23975620	24015250	23	-0.777
7e9e0bfc-5460-4357-8bac-356efed48bce	14	24018934	44244665	12745	0.0272
7e9e0bfc-5460-4357-8bac-356efed48bce	14	44246880	44247879	2	-1.5856
7e9e0bfc-5460-4357-8bac-356efed48bce	14	44252472	53304015	5454	0.031
7e9e0bfc-5460-4357-8bac-356efed48bce	14	53306807	57310221	2905	-0.0143
7e9e0bfc-5460-4357-8bac-356efed48bce	14	57312936	61973964	2862	0.0317
7e9e0bfc-5460-4357-8bac-356efed48bce	14	61975737	63032144	757	-0.0256
7e9e0bfc-5460-4357-8bac-356efed48bce	14	63032177	68705449	3445	0.0288
7e9e0bfc-5460-4357-8bac-356efed48bce	14	68707680	69551330	544	-0.0194
7e9e0bfc-5460-4357-8bac-356efed48bce	14	69551651	69561830	12	-0.5447
7e9e0bfc-5460-4357-8bac-356efed48bce	14	69566109	75881373	3967	-0.0171
7e9e0bfc-5460-4357-8bac-356efed48bce	14	75881898	75882339	5	-1.0575
7e9e0bfc-5460-4357-8bac-356efed48bce	14	75884780	76308859	291	-0.037
7e9e0bfc-5460-4357-8bac-356efed48bce	14	76309600	93233639	11259	0.0204
7e9e0bfc-5460-4357-8bac-356efed48bce	14	93234600	104244431	7332	-0.0194
7e9e0bfc-5460-4357-8bac-356efed48bce	14	104257096	106070718	553	0.0306
7e9e0bfc-5460-4357-8bac-356efed48bce	14	106117522	106150166	21	-0.6997
7e9e0bfc-5460-4357-8bac-356efed48bce	14	106154301	106177502	11	-1.3447
7e9e0bfc-5460-4357-8bac-356efed48bce	14	106180838	106294689	47	-0.7594
7e9e0bfc-5460-4357-8bac-356efed48bce	14	106297265	106297273	3	0.422
7e9e0bfc-5460-4357-8bac-356efed48bce	14	106297409	106321086	14	-0.6762
7e9e0bfc-5460-4357-8bac-356efed48bce	14	106340102	106365807	11	0.8425
7e9e0bfc-5460-4357-8bac-356efed48bce	14	106369985	106407612	23	-0.205
7e9e0bfc-5460-4357-8bac-356efed48bce	14	106407614	106689547	167	0.0139
7e9e0bfc-5460-4357-8bac-356efed48bce	14	106696326	106877229	80	-0.2411
7e9e0bfc-5460-4357-8bac-356efed48bce	15	19811075	22455811	210	-0.0912
7e9e0bfc-5460-4357-8bac-356efed48bce	15	22483983	23199669	312	0.0778
7e9e0bfc-5460-4357-8bac-356efed48bce	15	23396367	23433999	14	-0.8471
7e9e0bfc-5460-4357-8bac-356efed48bce	15	23437561	25176460	1157	0.0018
7e9e0bfc-5460-4357-8bac-356efed48bce	15	25180191	25185096	6	-1.0096
7e9e0bfc-5460-4357-8bac-356efed48bce	15	25188158	26978664	1317	0.0199
7e9e0bfc-5460-4357-8bac-356efed48bce	15	26979174	26982553	4	0.9026
7e9e0bfc-5460-4357-8bac-356efed48bce	15	26983199	30231102	1818	0.0426
7e9e0bfc-5460-4357-8bac-356efed48bce	15	30252720	30269364	5	-0.9548
7e9e0bfc-5460-4357-8bac-356efed48bce	15	30281107	32212063	1066	0.0355
7e9e0bfc-5460-4357-8bac-356efed48bce	15	32217691	32220019	7	-0.9156
7e9e0bfc-5460-4357-8bac-356efed48bce	15	32239115	52873989	12681	-0.0055
7e9e0bfc-5460-4357-8bac-356efed48bce	15	52874343	53699547	672	-0.0471
7e9e0bfc-5460-4357-8bac-356efed48bce	15	53699636	59697189	4105	-0.0155
7e9e0bfc-5460-4357-8bac-356efed48bce	15	59698307	76598900	10537	-0.0408
7e9e0bfc-5460-4357-8bac-356efed48bce	15	76599170	76603434	21	-2.0892
7e9e0bfc-5460-4357-8bac-356efed48bce	15	76609838	88111237	7322	-0.0116
7e9e0bfc-5460-4357-8bac-356efed48bce	15	88111294	91104210	1890	0.0251
7e9e0bfc-5460-4357-8bac-356efed48bce	15	91104955	92222525	974	-0.022
7e9e0bfc-5460-4357-8bac-356efed48bce	15	92222644	92223064	3	1.72
7e9e0bfc-5460-4357-8bac-356efed48bce	15	92223528	94704989	2081	0.0288
7e9e0bfc-5460-4357-8bac-356efed48bce	15	94705132	98363905	2744	-0.0083
7e9e0bfc-5460-4357-8bac-356efed48bce	15	98366955	101809480	2555	0.0304
7e9e0bfc-5460-4357-8bac-356efed48bce	15	101810394	101928837	46	-0.2375
7e9e0bfc-5460-4357-8bac-356efed48bce	16	10777	35232200	20170	-0.0308
7e9e0bfc-5460-4357-8bac-356efed48bce	16	35236333	35266753	21	0.5223
7e9e0bfc-5460-4357-8bac-356efed48bce	16	35268863	35282555	6	-0.2224
7e9e0bfc-5460-4357-8bac-356efed48bce	16	35282935	35521195	139	0.5068
7e9e0bfc-5460-4357-8bac-356efed48bce	16	35522700	55761136	6597	0.0088
7e9e0bfc-5460-4357-8bac-356efed48bce	16	55762477	55788532	22	-0.63
7e9e0bfc-5460-4357-8bac-356efed48bce	16	55808442	55814156	10	0.3623
7e9e0bfc-5460-4357-8bac-356efed48bce	16	55822442	56696449	555	-0.0119
7e9e0bfc-5460-4357-8bac-356efed48bce	16	56696606	58884935	1301	0.0373
7e9e0bfc-5460-4357-8bac-356efed48bce	16	58885209	64846414	3937	-0.0101
7e9e0bfc-5460-4357-8bac-356efed48bce	16	64848589	64849130	2	-1.1086
7e9e0bfc-5460-4357-8bac-356efed48bce	16	64851029	65992090	923	-0.0081
7e9e0bfc-5460-4357-8bac-356efed48bce	16	65992250	66941159	626	0.0571
7e9e0bfc-5460-4357-8bac-356efed48bce	16	66943268	70086227	1393	-0.0082
7e9e0bfc-5460-4357-8bac-356efed48bce	16	70087520	70232872	39	-0.3498
7e9e0bfc-5460-4357-8bac-356efed48bce	16	70233657	74350360	2283	-0.0003
7e9e0bfc-5460-4357-8bac-356efed48bce	16	74363160	74422703	9	-0.7542
7e9e0bfc-5460-4357-8bac-356efed48bce	16	74431498	76022636	985	0.0425
7e9e0bfc-5460-4357-8bac-356efed48bce	16	76023657	77009780	815	-0.0371
7e9e0bfc-5460-4357-8bac-356efed48bce	16	77010008	81974002	5383	0.0167
7e9e0bfc-5460-4357-8bac-356efed48bce	16	81974402	90096867	6648	-0.0201
7e9e0bfc-5460-4357-8bac-356efed48bce	17	150733	6197464	3360	-0.0725
7e9e0bfc-5460-4357-8bac-356efed48bce	17	6197476	6197491	2	-1.4486
7e9e0bfc-5460-4357-8bac-356efed48bce	17	6197723	6984359	583	-0.0832
7e9e0bfc-5460-4357-8bac-356efed48bce	17	6984439	29346014	10121	-0.0017
7e9e0bfc-5460-4357-8bac-356efed48bce	17	29348153	36208249	4223	-0.0367
7e9e0bfc-5460-4357-8bac-356efed48bce	17	36460442	36893758	366	0.0096
7e9e0bfc-5460-4357-8bac-356efed48bce	17	36894275	37246843	218	-0.101
7e9e0bfc-5460-4357-8bac-356efed48bce	17	37249303	40696547	1568	-0.0375
7e9e0bfc-5460-4357-8bac-356efed48bce	17	40700045	41265456	371	-0.1192
7e9e0bfc-5460-4357-8bac-356efed48bce	17	41266762	41266838	5	0.4175
7e9e0bfc-5460-4357-8bac-356efed48bce	17	41266851	41274279	19	1.0254
7e9e0bfc-5460-4357-8bac-356efed48bce	17	41276472	46351954	2622	-0.0358
7e9e0bfc-5460-4357-8bac-356efed48bce	17	46446345	46446360	2	-1.7695
7e9e0bfc-5460-4357-8bac-356efed48bce	17	46569894	47748134	517	-0.0619
7e9e0bfc-5460-4357-8bac-356efed48bce	17	47748983	58134739	6838	-0.0108
7e9e0bfc-5460-4357-8bac-356efed48bce	17	58135153	58136733	4	-1.1144
7e9e0bfc-5460-4357-8bac-356efed48bce	17	58140037	65345346	3454	-0.0216
7e9e0bfc-5460-4357-8bac-356efed48bce	17	65345546	76924115	7620	-0.0426
7e9e0bfc-5460-4357-8bac-356efed48bce	17	76930346	76930670	3	-1.0721
7e9e0bfc-5460-4357-8bac-356efed48bce	17	76933916	81418592	2504	-0.0553
7e9e0bfc-5460-4357-8bac-356efed48bce	17	81418623	81418840	5	0.8896
7e9e0bfc-5460-4357-8bac-356efed48bce	17	81418872	83091923	619	-0.0236
7e9e0bfc-5460-4357-8bac-356efed48bce	18	48133	1729616	1177	0.021
7e9e0bfc-5460-4357-8bac-356efed48bce	18	1732595	3991503	1648	0.0773
7e9e0bfc-5460-4357-8bac-356efed48bce	18	3995715	65897329	37356	0.0196
7e9e0bfc-5460-4357-8bac-356efed48bce	18	65897799	65898227	4	-0.8343
7e9e0bfc-5460-4357-8bac-356efed48bce	18	65898385	68334330	1752	0.0172
7e9e0bfc-5460-4357-8bac-356efed48bce	18	68334351	68334366	2	-1.0286
7e9e0bfc-5460-4357-8bac-356efed48bce	18	68334451	71392837	2205	0.0241
7e9e0bfc-5460-4357-8bac-356efed48bce	18	71393503	73909422	2037	0.0666
7e9e0bfc-5460-4357-8bac-356efed48bce	18	73912168	73927768	14	-0.1329
7e9e0bfc-5460-4357-8bac-356efed48bce	18	73934126	80140678	4475	0.0227
7e9e0bfc-5460-4357-8bac-356efed48bce	18	80142837	80257174	69	-0.2051
7e9e0bfc-5460-4357-8bac-356efed48bce	19	90910	17166874	7449	-0.0557
7e9e0bfc-5460-4357-8bac-356efed48bce	19	17167390	19701028	1029	0.0083
7e9e0bfc-5460-4357-8bac-356efed48bce	19	19701386	20411869	437	-0.0584
7e9e0bfc-5460-4357-8bac-356efed48bce	19	20413400	20538428	70	-0.845
7e9e0bfc-5460-4357-8bac-356efed48bce	19	20538656	35358407	7716	-0.028
7e9e0bfc-5460-4357-8bac-356efed48bce	19	35358420	35370767	20	-0.5867
7e9e0bfc-5460-4357-8bac-356efed48bce	19	35370877	43412749	3960	-0.0616
7e9e0bfc-5460-4357-8bac-356efed48bce	19	43414700	43450763	23	-0.9542
7e9e0bfc-5460-4357-8bac-356efed48bce	19	43451497	44623056	827	-0.0871
7e9e0bfc-5460-4357-8bac-356efed48bce	19	44624135	51731848	3312	-0.0443
7e9e0bfc-5460-4357-8bac-356efed48bce	19	51733330	58493344	4226	-0.0974
7e9e0bfc-5460-4357-8bac-356efed48bce	19	58497119	58586487	28	-0.3999
7e9e0bfc-5460-4357-8bac-356efed48bce	20	80664	1580353	1203	-0.0078
7e9e0bfc-5460-4357-8bac-356efed48bce	20	1580934	1613247	41	2.0378
7e9e0bfc-5460-4357-8bac-356efed48bce	20	1617300	1833184	198	-0.051
7e9e0bfc-5460-4357-8bac-356efed48bce	20	1833453	14812166	9726	0.0096
7e9e0bfc-5460-4357-8bac-356efed48bce	20	14812188	14812192	2	-2.6172
7e9e0bfc-5460-4357-8bac-356efed48bce	20	14812769	22784230	6520	0.0028
7e9e0bfc-5460-4357-8bac-356efed48bce	20	22785178	32107319	2777	0.0378
7e9e0bfc-5460-4357-8bac-356efed48bce	20	32107342	33996961	1009	-0.0008
7e9e0bfc-5460-4357-8bac-356efed48bce	20	33997105	39405820	2903	-0.0276
7e9e0bfc-5460-4357-8bac-356efed48bce	20	39410348	39413403	3	-0.9875
7e9e0bfc-5460-4357-8bac-356efed48bce	20	39417485	43297219	3009	-0.056
7e9e0bfc-5460-4357-8bac-356efed48bce	20	43301325	43301734	2	-1.3374
7e9e0bfc-5460-4357-8bac-356efed48bce	20	43305438	45547082	1446	-0.0224
7e9e0bfc-5460-4357-8bac-356efed48bce	20	45547937	45549540	8	-0.8337
7e9e0bfc-5460-4357-8bac-356efed48bce	20	45550018	49532971	2818	-0.041
7e9e0bfc-5460-4357-8bac-356efed48bce	20	49533078	59626981	7713	-0.0114
7e9e0bfc-5460-4357-8bac-356efed48bce	20	59630949	60535987	792	-0.0482
7e9e0bfc-5460-4357-8bac-356efed48bce	20	60538651	60547635	7	-0.9513
7e9e0bfc-5460-4357-8bac-356efed48bce	20	60553323	61014743	440	-0.0666
7e9e0bfc-5460-4357-8bac-356efed48bce	20	61014966	61015027	3	0.7902
7e9e0bfc-5460-4357-8bac-356efed48bce	20	61015145	64324800	1746	-0.0351
7e9e0bfc-5460-4357-8bac-356efed48bce	21	10354168	14492802	626	-0.001
7e9e0bfc-5460-4357-8bac-356efed48bce	21	14493993	26908194	9235	0.035
7e9e0bfc-5460-4357-8bac-356efed48bce	21	26910341	26911285	4	-1.7825
7e9e0bfc-5460-4357-8bac-356efed48bce	21	26911831	33548629	4735	0.0292
7e9e0bfc-5460-4357-8bac-356efed48bce	21	33553344	40413036	5332	-0.0224
7e9e0bfc-5460-4357-8bac-356efed48bce	21	40415075	40979992	492	-0.0925
7e9e0bfc-5460-4357-8bac-356efed48bce	21	40980326	41496204	500	-0.0225
7e9e0bfc-5460-4357-8bac-356efed48bce	21	41496268	41496286	2	-1.6275
7e9e0bfc-5460-4357-8bac-356efed48bce	21	41496410	45056420	1989	-0.0268
7e9e0bfc-5460-4357-8bac-356efed48bce	21	45067916	45067987	2	-1.847
7e9e0bfc-5460-4357-8bac-356efed48bce	21	45069194	46556775	835	-0.0322
7e9e0bfc-5460-4357-8bac-356efed48bce	21	46560377	46677045	113	-0.1966
7e9e0bfc-5460-4357-8bac-356efed48bce	22	15294547	16832908	184	-0.0526
7e9e0bfc-5460-4357-8bac-356efed48bce	22	16834568	17185547	238	0.0684
7e9e0bfc-5460-4357-8bac-356efed48bce	22	17188356	17188416	2	-1.0934
7e9e0bfc-5460-4357-8bac-356efed48bce	22	17189334	18918078	719	0.0533
7e9e0bfc-5460-4357-8bac-356efed48bce	22	18918093	23900786	3199	-0.0586
7e9e0bfc-5460-4357-8bac-356efed48bce	22	23901549	23902371	2	-1.6143
7e9e0bfc-5460-4357-8bac-356efed48bce	22	23902843	38894915	10851	-0.0515
7e9e0bfc-5460-4357-8bac-356efed48bce	22	38899250	38900899	3	-3.0727
7e9e0bfc-5460-4357-8bac-356efed48bce	22	38903109	50796027	8072	-0.0478
7e9e0bfc-5460-4357-8bac-356efed48bce	X	251810	5240323	1868	-0.0092
7e9e0bfc-5460-4357-8bac-356efed48bce	X	5242906	5248159	5	-1.7012
7e9e0bfc-5460-4357-8bac-356efed48bce	X	5252118	38630880	21957	0.0038
7e9e0bfc-5460-4357-8bac-356efed48bce	X	38631591	38637367	4	-2.5129
7e9e0bfc-5460-4357-8bac-356efed48bce	X	38637681	55304854	8041	-0.0078
7e9e0bfc-5460-4357-8bac-356efed48bce	X	55307538	55312227	5	-2.2021
7e9e0bfc-5460-4357-8bac-356efed48bce	X	55313563	94354613	16595	0.0044
7e9e0bfc-5460-4357-8bac-356efed48bce	X	94354791	94355997	5	-2.0374
7e9e0bfc-5460-4357-8bac-356efed48bce	X	94357213	98369663	2351	0.0053
7e9e0bfc-5460-4357-8bac-356efed48bce	X	98373241	98374475	4	-4.9414
7e9e0bfc-5460-4357-8bac-356efed48bce	X	98376460	149652965	29427	0.0103
7e9e0bfc-5460-4357-8bac-356efed48bce	X	149690155	149758163	43	0.9216
7e9e0bfc-5460-4357-8bac-356efed48bce	X	149793935	149899987	66	-0.0088
7e9e0bfc-5460-4357-8bac-356efed48bce	X	149932109	150340025	230	1.0396
7e9e0bfc-5460-4357-8bac-356efed48bce	X	150342733	155550401	2794	-0.0101
7e9e0bfc-5460-4357-8bac-356efed48bce	X	155550509	155556117	9	-2.2123
7e9e0bfc-5460-4357-8bac-356efed48bce	X	155557895	155952689	96	-0.0233
7e9e0bfc-5460-4357-8bac-356efed48bce	Y	2782397	56872112	6640	-1.0287
