GDC_Aliquot	Chromosome	Start	End	Num_Probes	Segment_Mean
f4ad12a3-9db8-4362-9834-568d0501b6d4	1	62920	98602	13	0.4181
f4ad12a3-9db8-4362-9834-568d0501b6d4	1	259407	3301765	721	-0.1433
f4ad12a3-9db8-4362-9834-568d0501b6d4	1	3302046	8911966	3698	-0.0483
f4ad12a3-9db8-4362-9834-568d0501b6d4	1	8922847	8923001	2	-1.6226
f4ad12a3-9db8-4362-9834-568d0501b6d4	1	8923596	12792599	2013	-0.0404
f4ad12a3-9db8-4362-9834-568d0501b6d4	1	12797714	12797904	2	-2.5654
f4ad12a3-9db8-4362-9834-568d0501b6d4	1	12799143	16685961	2167	-0.0554
f4ad12a3-9db8-4362-9834-568d0501b6d4	1	16686246	16935752	76	-0.4891
f4ad12a3-9db8-4362-9834-568d0501b6d4	1	16949746	26518812	5801	-0.0444
f4ad12a3-9db8-4362-9834-568d0501b6d4	1	26520279	26522133	4	-1.7536
f4ad12a3-9db8-4362-9834-568d0501b6d4	1	26523804	44982594	10203	-0.0362
f4ad12a3-9db8-4362-9834-568d0501b6d4	1	44985927	72302815	17857	-0.0049
f4ad12a3-9db8-4362-9834-568d0501b6d4	1	72303233	72345465	46	-1.3266
f4ad12a3-9db8-4362-9834-568d0501b6d4	1	72346221	109690352	23555	0.0024
f4ad12a3-9db8-4362-9834-568d0501b6d4	1	109690415	109697556	12	1.2153
f4ad12a3-9db8-4362-9834-568d0501b6d4	1	109702376	110834943	836	0.0041
f4ad12a3-9db8-4362-9834-568d0501b6d4	1	110834946	110845604	37	-0.7745
f4ad12a3-9db8-4362-9834-568d0501b6d4	1	110849445	152583051	8686	-0.0045
f4ad12a3-9db8-4362-9834-568d0501b6d4	1	152583230	152614118	35	-1.5575
f4ad12a3-9db8-4362-9834-568d0501b6d4	1	152618018	152790593	186	0.0331
f4ad12a3-9db8-4362-9834-568d0501b6d4	1	152794991	152795471	10	0.7081
f4ad12a3-9db8-4362-9834-568d0501b6d4	1	152795487	155219369	1347	-0.022
f4ad12a3-9db8-4362-9834-568d0501b6d4	1	155219754	155231273	10	-1.0359
f4ad12a3-9db8-4362-9834-568d0501b6d4	1	155241876	158213339	1677	0.0204
f4ad12a3-9db8-4362-9834-568d0501b6d4	1	158214152	174826737	11738	-0.0061
f4ad12a3-9db8-4362-9834-568d0501b6d4	1	174826800	174835841	35	0.3165
f4ad12a3-9db8-4362-9834-568d0501b6d4	1	174835884	187212837	8263	-0.0095
f4ad12a3-9db8-4362-9834-568d0501b6d4	1	187213585	196758720	6333	0.0246
f4ad12a3-9db8-4362-9834-568d0501b6d4	1	196761905	196843377	58	-0.3065
f4ad12a3-9db8-4362-9834-568d0501b6d4	1	196843400	220776338	16286	0.0022
f4ad12a3-9db8-4362-9834-568d0501b6d4	1	220777663	220777793	2	-4.002
f4ad12a3-9db8-4362-9834-568d0501b6d4	1	220779968	248930189	19402	-0.0078
f4ad12a3-9db8-4362-9834-568d0501b6d4	2	12784	1884437	1216	-0.0989
f4ad12a3-9db8-4362-9834-568d0501b6d4	2	1886401	34466002	22793	-0.0038
f4ad12a3-9db8-4362-9834-568d0501b6d4	2	34474248	34511990	46	-1.5538
f4ad12a3-9db8-4362-9834-568d0501b6d4	2	34512096	36105115	1149	0.0325
f4ad12a3-9db8-4362-9834-568d0501b6d4	2	36108462	36125523	17	-0.7825
f4ad12a3-9db8-4362-9834-568d0501b6d4	2	36125971	52527590	11815	0.0102
f4ad12a3-9db8-4362-9834-568d0501b6d4	2	52527727	52537070	11	0.3823
f4ad12a3-9db8-4362-9834-568d0501b6d4	2	52537091	52553699	11	1.0641
f4ad12a3-9db8-4362-9834-568d0501b6d4	2	52553839	52554404	13	0.5415
f4ad12a3-9db8-4362-9834-568d0501b6d4	2	52560811	234596780	107466	-0.0016
f4ad12a3-9db8-4362-9834-568d0501b6d4	2	234597219	234597242	2	-2.3784
f4ad12a3-9db8-4362-9834-568d0501b6d4	2	234600712	240670864	4003	-0.0308
f4ad12a3-9db8-4362-9834-568d0501b6d4	2	240671904	240707925	8	-1.1267
f4ad12a3-9db8-4362-9834-568d0501b6d4	2	240708492	242147305	595	-0.0534
f4ad12a3-9db8-4362-9834-568d0501b6d4	3	20930	3514678	3132	-0.003
f4ad12a3-9db8-4362-9834-568d0501b6d4	3	3515098	3515126	2	-1.8896
f4ad12a3-9db8-4362-9834-568d0501b6d4	3	3515197	4989142	1314	-0.0155
f4ad12a3-9db8-4362-9834-568d0501b6d4	3	4989152	4989578	3	-2.0392
f4ad12a3-9db8-4362-9834-568d0501b6d4	3	4989609	11081913	4912	-0.023
f4ad12a3-9db8-4362-9834-568d0501b6d4	3	11083082	11088731	6	-1.5615
f4ad12a3-9db8-4362-9834-568d0501b6d4	3	11091146	46751887	23732	-0.0032
f4ad12a3-9db8-4362-9834-568d0501b6d4	3	46760327	46808099	40	-0.7526
f4ad12a3-9db8-4362-9834-568d0501b6d4	3	46817989	52997995	2503	-0.0013
f4ad12a3-9db8-4362-9834-568d0501b6d4	3	52998009	53005247	28	-0.5093
f4ad12a3-9db8-4362-9834-568d0501b6d4	3	53005263	68697108	11991	-0.0071
f4ad12a3-9db8-4362-9834-568d0501b6d4	3	68697133	68698262	13	-1.5372
f4ad12a3-9db8-4362-9834-568d0501b6d4	3	68699607	189642965	71523	0.0025
f4ad12a3-9db8-4362-9834-568d0501b6d4	3	189645889	189646849	11	-0.8972
f4ad12a3-9db8-4362-9834-568d0501b6d4	3	189653199	191993595	1652	0.0156
f4ad12a3-9db8-4362-9834-568d0501b6d4	3	192000909	192001309	4	-1.0485
f4ad12a3-9db8-4362-9834-568d0501b6d4	3	192004117	192884824	620	0.0289
f4ad12a3-9db8-4362-9834-568d0501b6d4	3	192884882	192884985	5	-0.9267
f4ad12a3-9db8-4362-9834-568d0501b6d4	3	192885162	193160173	202	-0.0073
f4ad12a3-9db8-4362-9834-568d0501b6d4	3	193160256	193165114	18	1.0158
f4ad12a3-9db8-4362-9834-568d0501b6d4	3	193168646	196949888	2068	-0.0177
f4ad12a3-9db8-4362-9834-568d0501b6d4	3	196950538	196955067	3	-1.8141
f4ad12a3-9db8-4362-9834-568d0501b6d4	3	196956906	198169247	610	-0.0156
f4ad12a3-9db8-4362-9834-568d0501b6d4	4	68929	4117959	1614	-0.0262
f4ad12a3-9db8-4362-9834-568d0501b6d4	4	4121101	4163608	8	-0.9622
f4ad12a3-9db8-4362-9834-568d0501b6d4	4	4164791	25554550	15251	-0.0082
f4ad12a3-9db8-4362-9834-568d0501b6d4	4	25554958	25576647	18	0.5606
f4ad12a3-9db8-4362-9834-568d0501b6d4	4	25583761	34784878	5751	0.0082
f4ad12a3-9db8-4362-9834-568d0501b6d4	4	34785333	34822561	36	-0.5722
f4ad12a3-9db8-4362-9834-568d0501b6d4	4	34823103	49214614	8955	0.001
f4ad12a3-9db8-4362-9834-568d0501b6d4	4	49289175	49295203	3	-1.7046
f4ad12a3-9db8-4362-9834-568d0501b6d4	4	49501149	62339627	6728	-0.0096
f4ad12a3-9db8-4362-9834-568d0501b6d4	4	62357391	62358268	2	-1.8893
f4ad12a3-9db8-4362-9834-568d0501b6d4	4	62363239	68506285	3732	0.0152
f4ad12a3-9db8-4362-9834-568d0501b6d4	4	68509223	68655691	68	0.4212
f4ad12a3-9db8-4362-9834-568d0501b6d4	4	68663241	68725894	5	-1.0237
f4ad12a3-9db8-4362-9834-568d0501b6d4	4	68726064	71539972	1635	0.0224
f4ad12a3-9db8-4362-9834-568d0501b6d4	4	71540749	71541012	2	2.248
f4ad12a3-9db8-4362-9834-568d0501b6d4	4	71544631	103824414	19705	-0.0066
f4ad12a3-9db8-4362-9834-568d0501b6d4	4	103830473	103830480	5	1.1821
f4ad12a3-9db8-4362-9834-568d0501b6d4	4	103830487	114252544	6290	-0.0099
f4ad12a3-9db8-4362-9834-568d0501b6d4	4	114254167	114263073	24	-1.5641
f4ad12a3-9db8-4362-9834-568d0501b6d4	4	114263096	171448195	34610	-0.0094
f4ad12a3-9db8-4362-9834-568d0501b6d4	4	171453733	171456625	12	1.0236
f4ad12a3-9db8-4362-9834-568d0501b6d4	4	171459220	190106768	12465	-0.021
f4ad12a3-9db8-4362-9834-568d0501b6d4	5	15532	1868629	910	-0.1098
f4ad12a3-9db8-4362-9834-568d0501b6d4	5	1869823	143033453	86106	0.0044
f4ad12a3-9db8-4362-9834-568d0501b6d4	5	143036333	143036666	3	-2.9982
f4ad12a3-9db8-4362-9834-568d0501b6d4	5	143040507	147966527	3268	-0.0085
f4ad12a3-9db8-4362-9834-568d0501b6d4	5	147966874	147967638	2	-2.4098
f4ad12a3-9db8-4362-9834-568d0501b6d4	5	147968656	172132185	16736	-0.002
f4ad12a3-9db8-4362-9834-568d0501b6d4	5	172132527	172172423	39	-0.3621
f4ad12a3-9db8-4362-9834-568d0501b6d4	5	172176487	172178906	4	-2.7088
f4ad12a3-9db8-4362-9834-568d0501b6d4	5	172181365	177771448	3549	-0.0414
f4ad12a3-9db8-4362-9834-568d0501b6d4	5	177800550	177805604	3	2.3895
f4ad12a3-9db8-4362-9834-568d0501b6d4	5	177827964	177839225	5	0.0034
f4ad12a3-9db8-4362-9834-568d0501b6d4	5	177876764	177897736	5	-1.4804
f4ad12a3-9db8-4362-9834-568d0501b6d4	5	177926412	181363319	1966	-0.044
f4ad12a3-9db8-4362-9834-568d0501b6d4	6	149661	253861	98	-0.1626
f4ad12a3-9db8-4362-9834-568d0501b6d4	6	254267	315197	30	-0.7195
f4ad12a3-9db8-4362-9834-568d0501b6d4	6	318804	925332	539	-0.1204
f4ad12a3-9db8-4362-9834-568d0501b6d4	6	929085	30499918	21229	0
f4ad12a3-9db8-4362-9834-568d0501b6d4	6	30507638	32634492	926	-0.0929
f4ad12a3-9db8-4362-9834-568d0501b6d4	6	32636595	73882142	24042	0.0079
f4ad12a3-9db8-4362-9834-568d0501b6d4	6	73882509	73891694	10	0.8052
f4ad12a3-9db8-4362-9834-568d0501b6d4	6	73893839	76312261	1477	0.0101
f4ad12a3-9db8-4362-9834-568d0501b6d4	6	76313871	76318064	25	-0.8783
f4ad12a3-9db8-4362-9834-568d0501b6d4	6	76323236	78252333	1251	0.01
f4ad12a3-9db8-4362-9834-568d0501b6d4	6	78252347	78311606	89	0.3338
f4ad12a3-9db8-4362-9834-568d0501b6d4	6	78313741	103286954	15481	0.0064
f4ad12a3-9db8-4362-9834-568d0501b6d4	6	103290101	103314186	46	-1.1842
f4ad12a3-9db8-4362-9834-568d0501b6d4	6	103317795	129469291	15934	-0.0014
f4ad12a3-9db8-4362-9834-568d0501b6d4	6	129469927	129475389	3	-1.9989
f4ad12a3-9db8-4362-9834-568d0501b6d4	6	129475475	166240150	25274	-0.0052
f4ad12a3-9db8-4362-9834-568d0501b6d4	6	166240304	169108781	1900	-0.0749
f4ad12a3-9db8-4362-9834-568d0501b6d4	6	169108943	170741917	932	-0.0261
f4ad12a3-9db8-4362-9834-568d0501b6d4	7	43355	90302	40	-0.0029
f4ad12a3-9db8-4362-9834-568d0501b6d4	7	92525	184477	80	-0.3044
f4ad12a3-9db8-4362-9834-568d0501b6d4	7	189720	4542388	2293	-0.0113
f4ad12a3-9db8-4362-9834-568d0501b6d4	7	4543637	4545479	2	-1.8261
f4ad12a3-9db8-4362-9834-568d0501b6d4	7	4545511	15919840	8366	0.0171
f4ad12a3-9db8-4362-9834-568d0501b6d4	7	15925661	15930114	2	-2.7252
f4ad12a3-9db8-4362-9834-568d0501b6d4	7	15930156	143434274	76765	-0.0058
f4ad12a3-9db8-4362-9834-568d0501b6d4	7	143434863	143439604	5	-2.2971
f4ad12a3-9db8-4362-9834-568d0501b6d4	7	143440523	144255220	373	-0.0177
f4ad12a3-9db8-4362-9834-568d0501b6d4	7	144255475	144352208	12	-0.7564
f4ad12a3-9db8-4362-9834-568d0501b6d4	7	144377836	154595415	6380	-0.0097
f4ad12a3-9db8-4362-9834-568d0501b6d4	7	154598185	154612302	10	-1.0845
f4ad12a3-9db8-4362-9834-568d0501b6d4	7	154612449	157962231	2375	-0.0211
f4ad12a3-9db8-4362-9834-568d0501b6d4	7	157962987	158018409	45	-0.3556
f4ad12a3-9db8-4362-9834-568d0501b6d4	7	158018570	159334314	797	-0.0508
f4ad12a3-9db8-4362-9834-568d0501b6d4	8	81254	645875	330	-0.1112
f4ad12a3-9db8-4362-9834-568d0501b6d4	8	645892	645908	2	3.2395
f4ad12a3-9db8-4362-9834-568d0501b6d4	8	656117	7155402	7360	-0.0245
f4ad12a3-9db8-4362-9834-568d0501b6d4	8	7167045	7396819	31	-0.8543
f4ad12a3-9db8-4362-9834-568d0501b6d4	8	7397588	114622424	66509	0.0023
f4ad12a3-9db8-4362-9834-568d0501b6d4	8	114622438	114629254	27	-0.6716
f4ad12a3-9db8-4362-9834-568d0501b6d4	8	114629288	141220093	19369	-0.0139
f4ad12a3-9db8-4362-9834-568d0501b6d4	8	141222605	142409225	678	-0.1615
f4ad12a3-9db8-4362-9834-568d0501b6d4	8	142409456	143616763	434	0.0006
f4ad12a3-9db8-4362-9834-568d0501b6d4	8	143616987	143625638	10	-0.7421
f4ad12a3-9db8-4362-9834-568d0501b6d4	8	143636819	145072769	501	-0.0656
f4ad12a3-9db8-4362-9834-568d0501b6d4	9	46587	289431	145	-0.0328
f4ad12a3-9db8-4362-9834-568d0501b6d4	9	290670	426816	154	-0.2091
f4ad12a3-9db8-4362-9834-568d0501b6d4	9	426904	39588611	30795	-0.0012
f4ad12a3-9db8-4362-9834-568d0501b6d4	9	39747848	42585140	144	-0.2941
f4ad12a3-9db8-4362-9834-568d0501b6d4	9	42697878	63580418	122	0.0184
f4ad12a3-9db8-4362-9834-568d0501b6d4	9	63590317	63592813	7	1.4919
f4ad12a3-9db8-4362-9834-568d0501b6d4	9	63614182	68421022	144	-0.0883
f4ad12a3-9db8-4362-9834-568d0501b6d4	9	68423153	131170147	44040	-0.0042
f4ad12a3-9db8-4362-9834-568d0501b6d4	9	131171530	138200944	3682	-0.054
f4ad12a3-9db8-4362-9834-568d0501b6d4	10	45792	55892809	37598	0.0009
f4ad12a3-9db8-4362-9834-568d0501b6d4	10	55894322	55906225	5	1.4622
f4ad12a3-9db8-4362-9834-568d0501b6d4	10	55907790	66318454	7318	0.0002
f4ad12a3-9db8-4362-9834-568d0501b6d4	10	66319415	66349580	30	-0.8633
f4ad12a3-9db8-4362-9834-568d0501b6d4	10	66362774	79684125	8547	-0.0066
f4ad12a3-9db8-4362-9834-568d0501b6d4	10	79689251	79754434	8	-1.0345
f4ad12a3-9db8-4362-9834-568d0501b6d4	10	79763550	118904399	26027	0.0053
f4ad12a3-9db8-4362-9834-568d0501b6d4	10	118905948	118906344	2	-2.0908
f4ad12a3-9db8-4362-9834-568d0501b6d4	10	118906734	130380941	8771	-0.0102
f4ad12a3-9db8-4362-9834-568d0501b6d4	10	130380993	133654968	2053	-0.0797
f4ad12a3-9db8-4362-9834-568d0501b6d4	11	198510	4217824	1723	-0.0303
f4ad12a3-9db8-4362-9834-568d0501b6d4	11	4228783	4314648	25	-0.7238
f4ad12a3-9db8-4362-9834-568d0501b6d4	11	4314837	4949013	657	0.0062
f4ad12a3-9db8-4362-9834-568d0501b6d4	11	4949047	4955042	28	-1.376
f4ad12a3-9db8-4362-9834-568d0501b6d4	11	4955781	135074876	84123	0.0004
f4ad12a3-9db8-4362-9834-568d0501b6d4	12	51460	10104867	6588	-0.0094
f4ad12a3-9db8-4362-9834-568d0501b6d4	12	10109330	101502922	56626	0.0196
f4ad12a3-9db8-4362-9834-568d0501b6d4	12	101508830	127745264	17409	-0.0076
f4ad12a3-9db8-4362-9834-568d0501b6d4	12	127745652	133201603	3957	-0.0581
f4ad12a3-9db8-4362-9834-568d0501b6d4	13	18452809	37497899	13443	-0.0044
f4ad12a3-9db8-4362-9834-568d0501b6d4	13	37498087	37510620	15	0.8945
f4ad12a3-9db8-4362-9834-568d0501b6d4	13	37514193	68676887	19408	0.0134
f4ad12a3-9db8-4362-9834-568d0501b6d4	13	68676903	68694110	27	-0.6443
f4ad12a3-9db8-4362-9834-568d0501b6d4	13	68694987	98442648	19442	0.0084
f4ad12a3-9db8-4362-9834-568d0501b6d4	13	98442707	98442834	2	-2.5985
f4ad12a3-9db8-4362-9834-568d0501b6d4	13	98442865	114342922	11659	-0.003
f4ad12a3-9db8-4362-9834-568d0501b6d4	14	18239283	19256296	43	0.1086
f4ad12a3-9db8-4362-9834-568d0501b6d4	14	19280948	19294475	4	1.1747
f4ad12a3-9db8-4362-9834-568d0501b6d4	14	19298389	21945987	1494	0.0213
f4ad12a3-9db8-4362-9834-568d0501b6d4	14	21950479	22794929	686	-0.099
f4ad12a3-9db8-4362-9834-568d0501b6d4	14	22794943	98707855	49012	0.015
f4ad12a3-9db8-4362-9834-568d0501b6d4	14	98711806	98727670	15	-0.7702
f4ad12a3-9db8-4362-9834-568d0501b6d4	14	98728699	105616252	3485	-0.0118
f4ad12a3-9db8-4362-9834-568d0501b6d4	14	105632009	105659061	8	-0.921
f4ad12a3-9db8-4362-9834-568d0501b6d4	14	105688531	106294689	197	-0.0351
f4ad12a3-9db8-4362-9834-568d0501b6d4	14	106297265	106297273	3	1.6007
f4ad12a3-9db8-4362-9834-568d0501b6d4	14	106297409	106340102	15	-0.0224
f4ad12a3-9db8-4362-9834-568d0501b6d4	14	106340305	106360014	7	-2.7763
f4ad12a3-9db8-4362-9834-568d0501b6d4	14	106362628	106877229	272	-0.0279
f4ad12a3-9db8-4362-9834-568d0501b6d4	15	19811075	20372908	87	-0.0468
f4ad12a3-9db8-4362-9834-568d0501b6d4	15	20373168	20376202	6	-0.7411
f4ad12a3-9db8-4362-9834-568d0501b6d4	15	20376309	20384789	14	0.3651
f4ad12a3-9db8-4362-9834-568d0501b6d4	15	20384907	20655113	36	-0.0872
f4ad12a3-9db8-4362-9834-568d0501b6d4	15	20657137	21018354	15	-0.7126
f4ad12a3-9db8-4362-9834-568d0501b6d4	15	21053458	29272075	4106	-0.0206
f4ad12a3-9db8-4362-9834-568d0501b6d4	15	29272589	29272992	2	-2.0389
f4ad12a3-9db8-4362-9834-568d0501b6d4	15	29274507	30156392	554	-0.0473
f4ad12a3-9db8-4362-9834-568d0501b6d4	15	30157841	30500366	30	-0.6565
f4ad12a3-9db8-4362-9834-568d0501b6d4	15	30503586	100328935	45403	0.0023
f4ad12a3-9db8-4362-9834-568d0501b6d4	15	100332303	100332360	2	-3.0229
f4ad12a3-9db8-4362-9834-568d0501b6d4	15	100332542	101928837	1161	-0.0369
f4ad12a3-9db8-4362-9834-568d0501b6d4	16	10777	83945996	47384	-0.007
f4ad12a3-9db8-4362-9834-568d0501b6d4	16	83946032	84817248	789	-0.1566
f4ad12a3-9db8-4362-9834-568d0501b6d4	16	84818484	85273406	324	-0.022
f4ad12a3-9db8-4362-9834-568d0501b6d4	16	85275193	85277474	3	-1.3986
f4ad12a3-9db8-4362-9834-568d0501b6d4	16	85278272	85891878	371	-0.0054
f4ad12a3-9db8-4362-9834-568d0501b6d4	16	85891963	85912844	20	-0.5761
f4ad12a3-9db8-4362-9834-568d0501b6d4	16	85913721	88605592	2151	-0.0157
f4ad12a3-9db8-4362-9834-568d0501b6d4	16	88606003	89808810	469	-0.1533
f4ad12a3-9db8-4362-9834-568d0501b6d4	16	89808825	90096867	162	-0.0234
f4ad12a3-9db8-4362-9834-568d0501b6d4	17	150733	1176906	528	-0.1336
f4ad12a3-9db8-4362-9834-568d0501b6d4	17	1189284	41223419	20184	0.0013
f4ad12a3-9db8-4362-9834-568d0501b6d4	17	41224170	41265456	19	-0.2158
f4ad12a3-9db8-4362-9834-568d0501b6d4	17	41266762	41274279	24	1.064
f4ad12a3-9db8-4362-9834-568d0501b6d4	17	41276472	46085732	2488	0.0015
f4ad12a3-9db8-4362-9834-568d0501b6d4	17	46088437	46286804	124	0.5343
f4ad12a3-9db8-4362-9834-568d0501b6d4	17	46323701	46569894	5	-0.9963
f4ad12a3-9db8-4362-9834-568d0501b6d4	17	46571001	51370515	2411	0.0067
f4ad12a3-9db8-4362-9834-568d0501b6d4	17	51371771	51374520	3	-1.4364
f4ad12a3-9db8-4362-9834-568d0501b6d4	17	51374848	53640545	1641	0.0182
f4ad12a3-9db8-4362-9834-568d0501b6d4	17	53649631	53649820	2	-2.9907
f4ad12a3-9db8-4362-9834-568d0501b6d4	17	53651183	73742947	12627	0.0166
f4ad12a3-9db8-4362-9834-568d0501b6d4	17	73745262	79389420	3199	-0.0324
f4ad12a3-9db8-4362-9834-568d0501b6d4	17	79391400	79392350	2	-2.2506
f4ad12a3-9db8-4362-9834-568d0501b6d4	17	79392394	80655063	645	-0.0483
f4ad12a3-9db8-4362-9834-568d0501b6d4	17	80655993	80660379	2	2.0951
f4ad12a3-9db8-4362-9834-568d0501b6d4	17	80660500	83091923	945	-0.0362
f4ad12a3-9db8-4362-9834-568d0501b6d4	18	48133	6478505	4576	0.0098
f4ad12a3-9db8-4362-9834-568d0501b6d4	18	6480070	6483100	4	-1.9803
f4ad12a3-9db8-4362-9834-568d0501b6d4	18	6484282	80257174	46015	0.0167
f4ad12a3-9db8-4362-9834-568d0501b6d4	19	90910	54787128	26689	0.0008
f4ad12a3-9db8-4362-9834-568d0501b6d4	19	54788617	54837236	28	-1.134
f4ad12a3-9db8-4362-9834-568d0501b6d4	19	54852069	58586487	2274	-0.0091
f4ad12a3-9db8-4362-9834-568d0501b6d4	20	80664	64324800	42225	0.0064
f4ad12a3-9db8-4362-9834-568d0501b6d4	21	10354168	10558331	52	-0.2063
f4ad12a3-9db8-4362-9834-568d0501b6d4	21	10559033	18685889	3490	0.0453
f4ad12a3-9db8-4362-9834-568d0501b6d4	21	18685980	18708616	24	0.5474
f4ad12a3-9db8-4362-9834-568d0501b6d4	21	18709557	42537167	18133	0.0341
f4ad12a3-9db8-4362-9834-568d0501b6d4	21	42537215	46677045	2104	-0.0281
f4ad12a3-9db8-4362-9834-568d0501b6d4	22	15294547	38894915	15132	-0.0124
f4ad12a3-9db8-4362-9834-568d0501b6d4	22	38899250	38904043	5	-2.3457
f4ad12a3-9db8-4362-9834-568d0501b6d4	22	38904200	38967679	38	0.0184
f4ad12a3-9db8-4362-9834-568d0501b6d4	22	38967712	38979302	22	-0.731
f4ad12a3-9db8-4362-9834-568d0501b6d4	22	38993700	38999476	9	-0.2287
f4ad12a3-9db8-4362-9834-568d0501b6d4	22	38999487	49142172	7012	-0.0004
f4ad12a3-9db8-4362-9834-568d0501b6d4	22	49142358	50796027	951	-0.1314
f4ad12a3-9db8-4362-9834-568d0501b6d4	X	251810	2748312	94	-0.6437
f4ad12a3-9db8-4362-9834-568d0501b6d4	X	2785350	34330179	21101	0.0243
f4ad12a3-9db8-4362-9834-568d0501b6d4	X	34330933	118912575	40107	-0.0028
f4ad12a3-9db8-4362-9834-568d0501b6d4	X	118912809	130914804	6862	0.0358
f4ad12a3-9db8-4362-9834-568d0501b6d4	X	130916946	130917014	2	-2.209
f4ad12a3-9db8-4362-9834-568d0501b6d4	X	130917694	141866559	6014	0.0167
f4ad12a3-9db8-4362-9834-568d0501b6d4	X	141868409	141870673	2	-2.6342
f4ad12a3-9db8-4362-9834-568d0501b6d4	X	141870854	155699647	8532	0.0124
f4ad12a3-9db8-4362-9834-568d0501b6d4	X	155699837	155952689	19	-0.5381
f4ad12a3-9db8-4362-9834-568d0501b6d4	Y	2782397	3117554	150	-2.5238
f4ad12a3-9db8-4362-9834-568d0501b6d4	Y	3137227	6249869	635	-2.1267
f4ad12a3-9db8-4362-9834-568d0501b6d4	Y	6252391	7943726	693	-2.4786
f4ad12a3-9db8-4362-9834-568d0501b6d4	Y	7944138	7964363	15	-3.8266
f4ad12a3-9db8-4362-9834-568d0501b6d4	Y	7964845	8492171	367	-2.5196
f4ad12a3-9db8-4362-9834-568d0501b6d4	Y	8492777	9921955	462	-2.7963
f4ad12a3-9db8-4362-9834-568d0501b6d4	Y	9937005	56872112	4314	-2.486
