GDC_Aliquot	Chromosome	Start	End	Num_Probes	Segment_Mean
d93f738f-7b10-435d-99c0-11b597161b56	1	62920	15823420	8312	0.0039
d93f738f-7b10-435d-99c0-11b597161b56	1	15827002	15828471	9	-1.8643
d93f738f-7b10-435d-99c0-11b597161b56	1	15828515	16617143	307	-0.0073
d93f738f-7b10-435d-99c0-11b597161b56	1	16617312	16643961	21	0.3512
d93f738f-7b10-435d-99c0-11b597161b56	1	16679239	16689764	6	-0.068
d93f738f-7b10-435d-99c0-11b597161b56	1	16718963	16788139	19	0.4009
d93f738f-7b10-435d-99c0-11b597161b56	1	16855942	72302735	33943	0.0015
d93f738f-7b10-435d-99c0-11b597161b56	1	72302815	72352916	52	0.4217
d93f738f-7b10-435d-99c0-11b597161b56	1	72353096	75585159	1911	0.0139
d93f738f-7b10-435d-99c0-11b597161b56	1	75589078	75589169	2	-2.4545
d93f738f-7b10-435d-99c0-11b597161b56	1	75593824	103560608	17957	0.0071
d93f738f-7b10-435d-99c0-11b597161b56	1	103566616	103616762	26	0.4698
d93f738f-7b10-435d-99c0-11b597161b56	1	103620877	108187137	2857	0.0015
d93f738f-7b10-435d-99c0-11b597161b56	1	108191613	108194874	3	-2.9909
d93f738f-7b10-435d-99c0-11b597161b56	1	108196482	110817153	1524	-0.0013
d93f738f-7b10-435d-99c0-11b597161b56	1	110817180	110851091	63	0.2272
d93f738f-7b10-435d-99c0-11b597161b56	1	110852244	112147704	1067	0.0074
d93f738f-7b10-435d-99c0-11b597161b56	1	112153343	112154619	23	-0.48
d93f738f-7b10-435d-99c0-11b597161b56	1	112154754	152588065	7561	0.0143
d93f738f-7b10-435d-99c0-11b597161b56	1	152588392	152614064	24	-0.8777
d93f738f-7b10-435d-99c0-11b597161b56	1	152614100	152787202	168	0.0084
d93f738f-7b10-435d-99c0-11b597161b56	1	152789447	152795388	27	0.5948
d93f738f-7b10-435d-99c0-11b597161b56	1	152795408	196758720	29290	0.0069
d93f738f-7b10-435d-99c0-11b597161b56	1	196761905	196832525	56	-0.3188
d93f738f-7b10-435d-99c0-11b597161b56	1	196832720	248930189	35620	0.0038
d93f738f-7b10-435d-99c0-11b597161b56	2	12784	4170418	2991	0.0086
d93f738f-7b10-435d-99c0-11b597161b56	2	4170511	4171952	10	0.6037
d93f738f-7b10-435d-99c0-11b597161b56	2	4172309	24376335	14839	0.0067
d93f738f-7b10-435d-99c0-11b597161b56	2	24376374	24388858	22	-0.5352
d93f738f-7b10-435d-99c0-11b597161b56	2	24390690	34466002	6112	0.0047
d93f738f-7b10-435d-99c0-11b597161b56	2	34476327	34512096	46	-1.5709
d93f738f-7b10-435d-99c0-11b597161b56	2	34512489	43298700	6456	0.0127
d93f738f-7b10-435d-99c0-11b597161b56	2	43299090	43305385	8	-1.1019
d93f738f-7b10-435d-99c0-11b597161b56	2	43311568	49305903	4198	0.0053
d93f738f-7b10-435d-99c0-11b597161b56	2	49308629	49310656	3	-1.1603
d93f738f-7b10-435d-99c0-11b597161b56	2	49311506	52510874	2257	0.0236
d93f738f-7b10-435d-99c0-11b597161b56	2	52510912	52554404	47	0.4354
d93f738f-7b10-435d-99c0-11b597161b56	2	52560811	86710564	21813	0.0059
d93f738f-7b10-435d-99c0-11b597161b56	2	86725947	86726731	2	-1.9815
d93f738f-7b10-435d-99c0-11b597161b56	2	86743283	87286164	129	0.0221
d93f738f-7b10-435d-99c0-11b597161b56	2	87287256	87295819	3	-1.2988
d93f738f-7b10-435d-99c0-11b597161b56	2	87299357	97359885	1791	0.0205
d93f738f-7b10-435d-99c0-11b597161b56	2	97524284	97545247	8	-0.9534
d93f738f-7b10-435d-99c0-11b597161b56	2	97545726	146106861	29261	0.0064
d93f738f-7b10-435d-99c0-11b597161b56	2	146106875	146109366	22	0.7606
d93f738f-7b10-435d-99c0-11b597161b56	2	146120238	183202925	22711	0.0002
d93f738f-7b10-435d-99c0-11b597161b56	2	183203845	196348836	7418	0.0262
d93f738f-7b10-435d-99c0-11b597161b56	2	196348911	242147305	28629	0.0033
d93f738f-7b10-435d-99c0-11b597161b56	3	20930	2819160	2425	0.0578
d93f738f-7b10-435d-99c0-11b597161b56	3	2820400	5770189	2598	0.004
d93f738f-7b10-435d-99c0-11b597161b56	3	5775194	6609441	758	0.0588
d93f738f-7b10-435d-99c0-11b597161b56	3	6609524	6613391	23	-0.6506
d93f738f-7b10-435d-99c0-11b597161b56	3	6613561	59669934	34228	0.0048
d93f738f-7b10-435d-99c0-11b597161b56	3	59672544	61065945	1571	0.071
d93f738f-7b10-435d-99c0-11b597161b56	3	61066042	65202778	3490	0.0019
d93f738f-7b10-435d-99c0-11b597161b56	3	65203560	65224640	51	-0.581
d93f738f-7b10-435d-99c0-11b597161b56	3	65224777	75519398	7329	0.002
d93f738f-7b10-435d-99c0-11b597161b56	3	75523398	75537654	6	0.9317
d93f738f-7b10-435d-99c0-11b597161b56	3	75546030	89345592	7649	0.0121
d93f738f-7b10-435d-99c0-11b597161b56	3	89355950	89355967	4	1.0668
d93f738f-7b10-435d-99c0-11b597161b56	3	89356604	93886356	460	0.0215
d93f738f-7b10-435d-99c0-11b597161b56	3	93889776	93905324	7	0.6767
d93f738f-7b10-435d-99c0-11b597161b56	3	93907348	99218940	2779	0.0078
d93f738f-7b10-435d-99c0-11b597161b56	3	99225614	99230577	38	-0.4925
d93f738f-7b10-435d-99c0-11b597161b56	3	99232120	162790404	38806	0.0059
d93f738f-7b10-435d-99c0-11b597161b56	3	162790480	162908207	71	0.4549
d93f738f-7b10-435d-99c0-11b597161b56	3	162908784	195685341	20567	0.0123
d93f738f-7b10-435d-99c0-11b597161b56	3	195691392	195720051	20	0.5998
d93f738f-7b10-435d-99c0-11b597161b56	3	195728637	198169247	1181	0.0095
d93f738f-7b10-435d-99c0-11b597161b56	4	68929	9455251	5142	0.0039
d93f738f-7b10-435d-99c0-11b597161b56	4	9459504	9477699	6	1.2518
d93f738f-7b10-435d-99c0-11b597161b56	4	9484440	10208766	537	-0.033
d93f738f-7b10-435d-99c0-11b597161b56	4	10212536	10229874	29	-1.7951
d93f738f-7b10-435d-99c0-11b597161b56	4	10232590	25961519	11427	0.0027
d93f738f-7b10-435d-99c0-11b597161b56	4	25967872	25980331	16	-0.9266
d93f738f-7b10-435d-99c0-11b597161b56	4	25983997	34777382	5434	0.0137
d93f738f-7b10-435d-99c0-11b597161b56	4	34777403	34823103	41	-0.4086
d93f738f-7b10-435d-99c0-11b597161b56	4	34828250	40698556	3861	0.0134
d93f738f-7b10-435d-99c0-11b597161b56	4	40701994	40702175	3	-2.407
d93f738f-7b10-435d-99c0-11b597161b56	4	40702670	56632503	8232	0.0098
d93f738f-7b10-435d-99c0-11b597161b56	4	56633100	56637762	2	-1.5565
d93f738f-7b10-435d-99c0-11b597161b56	4	56640405	68418873	7241	0.0107
d93f738f-7b10-435d-99c0-11b597161b56	4	68422420	68422424	3	-1.7682
d93f738f-7b10-435d-99c0-11b597161b56	4	68429081	68506285	12	0.1371
d93f738f-7b10-435d-99c0-11b597161b56	4	68509223	68620261	64	0.5229
d93f738f-7b10-435d-99c0-11b597161b56	4	68623617	114252544	27538	0.0062
d93f738f-7b10-435d-99c0-11b597161b56	4	114254167	114261019	23	0.6591
d93f738f-7b10-435d-99c0-11b597161b56	4	114263073	121360818	4316	0.004
d93f738f-7b10-435d-99c0-11b597161b56	4	121361313	121363980	28	-2.3747
d93f738f-7b10-435d-99c0-11b597161b56	4	121369976	137170949	8808	0.0092
d93f738f-7b10-435d-99c0-11b597161b56	4	137171041	137173967	18	-0.547
d93f738f-7b10-435d-99c0-11b597161b56	4	137187209	151868634	8786	0
d93f738f-7b10-435d-99c0-11b597161b56	4	151870381	151871739	13	-0.7348
d93f738f-7b10-435d-99c0-11b597161b56	4	151873644	160950700	5827	0.0075
d93f738f-7b10-435d-99c0-11b597161b56	4	160950716	160981302	55	0.2972
d93f738f-7b10-435d-99c0-11b597161b56	4	160982792	190106768	19022	0.0167
d93f738f-7b10-435d-99c0-11b597161b56	5	15532	20176778	14898	0.0094
d93f738f-7b10-435d-99c0-11b597161b56	5	20182113	20198128	13	0.7586
d93f738f-7b10-435d-99c0-11b597161b56	5	20205572	27525800	4231	0.0196
d93f738f-7b10-435d-99c0-11b597161b56	5	27525809	27525913	7	-1.966
d93f738f-7b10-435d-99c0-11b597161b56	5	27527372	99025637	39971	0.0047
d93f738f-7b10-435d-99c0-11b597161b56	5	99027313	102170240	1869	0.0562
d93f738f-7b10-435d-99c0-11b597161b56	5	102173651	152134610	31895	0.0062
d93f738f-7b10-435d-99c0-11b597161b56	5	152135825	152140710	15	-0.6216
d93f738f-7b10-435d-99c0-11b597161b56	5	152140861	177771448	17394	-0.0001
d93f738f-7b10-435d-99c0-11b597161b56	5	177800550	177801578	2	2.6356
d93f738f-7b10-435d-99c0-11b597161b56	5	177805604	178680821	448	0.0125
d93f738f-7b10-435d-99c0-11b597161b56	5	178682974	178686162	3	-2.0412
d93f738f-7b10-435d-99c0-11b597161b56	5	178691854	181363319	1527	0.005
d93f738f-7b10-435d-99c0-11b597161b56	6	149661	294837	124	0.0082
d93f738f-7b10-435d-99c0-11b597161b56	6	302306	385056	84	-0.3257
d93f738f-7b10-435d-99c0-11b597161b56	6	385687	29854205	21322	0.0117
d93f738f-7b10-435d-99c0-11b597161b56	6	29854794	29882419	43	-0.4606
d93f738f-7b10-435d-99c0-11b597161b56	6	29882497	31313046	659	0.0142
d93f738f-7b10-435d-99c0-11b597161b56	6	31318499	31328674	11	-0.9748
d93f738f-7b10-435d-99c0-11b597161b56	6	31342147	32488906	501	-0.0011
d93f738f-7b10-435d-99c0-11b597161b56	6	32488965	32658841	58	-0.4473
d93f738f-7b10-435d-99c0-11b597161b56	6	32682835	54066353	13645	0.0053
d93f738f-7b10-435d-99c0-11b597161b56	6	54066432	54067057	6	-1.3584
d93f738f-7b10-435d-99c0-11b597161b56	6	54070550	72153222	9241	0.0111
d93f738f-7b10-435d-99c0-11b597161b56	6	72156821	72157169	2	-2.0735
d93f738f-7b10-435d-99c0-11b597161b56	6	72158860	76305231	2546	0.0077
d93f738f-7b10-435d-99c0-11b597161b56	6	76307183	76307209	3	-1.4235
d93f738f-7b10-435d-99c0-11b597161b56	6	76307276	78253172	1286	0.0313
d93f738f-7b10-435d-99c0-11b597161b56	6	78259348	78322600	106	0.5567
d93f738f-7b10-435d-99c0-11b597161b56	6	78322875	93765426	9852	0.0077
d93f738f-7b10-435d-99c0-11b597161b56	6	93768888	93942689	102	0.1065
d93f738f-7b10-435d-99c0-11b597161b56	6	93942822	93947846	2	-1.1901
d93f738f-7b10-435d-99c0-11b597161b56	6	93949814	95912226	964	0.0755
d93f738f-7b10-435d-99c0-11b597161b56	6	95912371	103286954	4465	0.0179
d93f738f-7b10-435d-99c0-11b597161b56	6	103290101	103314186	46	0.6052
d93f738f-7b10-435d-99c0-11b597161b56	6	103317795	161898113	37732	0.0077
d93f738f-7b10-435d-99c0-11b597161b56	6	161900345	162754770	687	0.0872
d93f738f-7b10-435d-99c0-11b597161b56	6	162756891	170741917	5514	0.0202
d93f738f-7b10-435d-99c0-11b597161b56	7	43355	76524031	46516	0.0085
d93f738f-7b10-435d-99c0-11b597161b56	7	76524046	76527224	2	-2.2341
d93f738f-7b10-435d-99c0-11b597161b56	7	76531980	126404920	30049	0.0082
d93f738f-7b10-435d-99c0-11b597161b56	7	126405428	126406822	13	0.672
d93f738f-7b10-435d-99c0-11b597161b56	7	126406823	142063324	9888	0.0043
d93f738f-7b10-435d-99c0-11b597161b56	7	142069843	142092307	33	-0.6555
d93f738f-7b10-435d-99c0-11b597161b56	7	142099190	143802294	920	0.006
d93f738f-7b10-435d-99c0-11b597161b56	7	143846758	143850179	9	-0.8959
d93f738f-7b10-435d-99c0-11b597161b56	7	143875073	153450553	5806	0.0054
d93f738f-7b10-435d-99c0-11b597161b56	7	153450560	153450627	2	-2.4037
d93f738f-7b10-435d-99c0-11b597161b56	7	153450630	154598185	850	0.0344
d93f738f-7b10-435d-99c0-11b597161b56	7	154601461	154607903	4	-2.0767
d93f738f-7b10-435d-99c0-11b597161b56	7	154609120	156299494	1381	-0.0004
d93f738f-7b10-435d-99c0-11b597161b56	7	156299660	156299846	2	-1.6077
d93f738f-7b10-435d-99c0-11b597161b56	7	156302118	159334314	1845	0.0033
d93f738f-7b10-435d-99c0-11b597161b56	8	81254	12358500	10970	0.0234
d93f738f-7b10-435d-99c0-11b597161b56	8	12359339	12389977	27	-1.3967
d93f738f-7b10-435d-99c0-11b597161b56	8	12418301	14652523	1945	0.0004
d93f738f-7b10-435d-99c0-11b597161b56	8	14652552	14652565	2	1.5452
d93f738f-7b10-435d-99c0-11b597161b56	8	14652887	39373140	17395	-0.0006
d93f738f-7b10-435d-99c0-11b597161b56	8	39378084	39529446	58	-2.0392
d93f738f-7b10-435d-99c0-11b597161b56	8	39530780	40327031	597	0.0009
d93f738f-7b10-435d-99c0-11b597161b56	8	40327223	40327353	3	-0.7815
d93f738f-7b10-435d-99c0-11b597161b56	8	40327404	40914477	471	0.007
d93f738f-7b10-435d-99c0-11b597161b56	8	40920333	40920952	2	-2.3729
d93f738f-7b10-435d-99c0-11b597161b56	8	40926161	63936079	12507	0.006
d93f738f-7b10-435d-99c0-11b597161b56	8	63936340	63936561	6	1.0076
d93f738f-7b10-435d-99c0-11b597161b56	8	63936953	108846416	26898	0.0054
d93f738f-7b10-435d-99c0-11b597161b56	8	108852057	108941271	47	0.2891
d93f738f-7b10-435d-99c0-11b597161b56	8	108944839	111279265	1272	-0.0191
d93f738f-7b10-435d-99c0-11b597161b56	8	111282050	111283016	8	-0.8287
d93f738f-7b10-435d-99c0-11b597161b56	8	111283031	130728804	12883	0.0045
d93f738f-7b10-435d-99c0-11b597161b56	8	130729294	130733613	13	-1.0382
d93f738f-7b10-435d-99c0-11b597161b56	8	130735324	145072769	9921	0.012
d93f738f-7b10-435d-99c0-11b597161b56	9	46587	29934165	25171	0.0152
d93f738f-7b10-435d-99c0-11b597161b56	9	29934202	30001058	75	-0.7918
d93f738f-7b10-435d-99c0-11b597161b56	9	30001540	39547492	5714	0.0032
d93f738f-7b10-435d-99c0-11b597161b56	9	39588611	39840169	6	0.8788
d93f738f-7b10-435d-99c0-11b597161b56	9	40018947	40949742	21	-0.0807
d93f738f-7b10-435d-99c0-11b597161b56	9	40952530	41741113	79	-0.3689
d93f738f-7b10-435d-99c0-11b597161b56	9	42014203	61405110	93	0.1652
d93f738f-7b10-435d-99c0-11b597161b56	9	61520021	61647899	30	0.8003
d93f738f-7b10-435d-99c0-11b597161b56	9	61665362	63580418	38	-0.0541
d93f738f-7b10-435d-99c0-11b597161b56	9	63590317	63592813	7	1.8413
d93f738f-7b10-435d-99c0-11b597161b56	9	63614182	64617921	66	-0.0041
d93f738f-7b10-435d-99c0-11b597161b56	9	64672853	66189025	27	-0.4381
d93f738f-7b10-435d-99c0-11b597161b56	9	66880844	76715253	6121	0.0009
d93f738f-7b10-435d-99c0-11b597161b56	9	76716030	76716149	2	-2.6375
d93f738f-7b10-435d-99c0-11b597161b56	9	76717397	80336982	2586	-0.0084
d93f738f-7b10-435d-99c0-11b597161b56	9	80339732	80346788	4	-1.9009
d93f738f-7b10-435d-99c0-11b597161b56	9	80348696	87907679	5458	0.001
d93f738f-7b10-435d-99c0-11b597161b56	9	87939236	87939304	2	-2.0395
d93f738f-7b10-435d-99c0-11b597161b56	9	87943042	103804216	10554	0.0036
d93f738f-7b10-435d-99c0-11b597161b56	9	103806415	103807009	2	-1.9741
d93f738f-7b10-435d-99c0-11b597161b56	9	103808421	138200944	23023	0.0067
d93f738f-7b10-435d-99c0-11b597161b56	10	45792	17885034	14775	0.0057
d93f738f-7b10-435d-99c0-11b597161b56	10	17896194	17910884	3	-2.2792
d93f738f-7b10-435d-99c0-11b597161b56	10	17929793	26934974	6296	0.0098
d93f738f-7b10-435d-99c0-11b597161b56	10	26936975	26939544	13	-1.0526
d93f738f-7b10-435d-99c0-11b597161b56	10	26941064	54920517	15767	0.0065
d93f738f-7b10-435d-99c0-11b597161b56	10	54923330	54924277	2	-2.5319
d93f738f-7b10-435d-99c0-11b597161b56	10	54927534	89178916	23095	0.0045
d93f738f-7b10-435d-99c0-11b597161b56	10	89183210	89183902	6	-1.1553
d93f738f-7b10-435d-99c0-11b597161b56	10	89183979	133654968	30254	0.002
d93f738f-7b10-435d-99c0-11b597161b56	11	198510	4947280	2413	0.006
d93f738f-7b10-435d-99c0-11b597161b56	11	4949013	4955042	29	0.9345
d93f738f-7b10-435d-99c0-11b597161b56	11	4955781	5766175	779	0.0038
d93f738f-7b10-435d-99c0-11b597161b56	11	5766850	5788108	33	0.435
d93f738f-7b10-435d-99c0-11b597161b56	11	5788231	6086560	235	0.0218
d93f738f-7b10-435d-99c0-11b597161b56	11	6087039	6100864	8	-1.0395
d93f738f-7b10-435d-99c0-11b597161b56	11	6101273	55606572	30789	0.0053
d93f738f-7b10-435d-99c0-11b597161b56	11	55606712	55685533	57	-1.5368
d93f738f-7b10-435d-99c0-11b597161b56	11	55686100	67749366	6202	0.001
d93f738f-7b10-435d-99c0-11b597161b56	11	67757722	67757947	2	-1.4745
d93f738f-7b10-435d-99c0-11b597161b56	11	67758412	74387738	3345	0.0018
d93f738f-7b10-435d-99c0-11b597161b56	11	74403756	74466876	45	-0.8748
d93f738f-7b10-435d-99c0-11b597161b56	11	74470871	135074876	42443	0.005
d93f738f-7b10-435d-99c0-11b597161b56	12	51460	9481274	6155	0.0077
d93f738f-7b10-435d-99c0-11b597161b56	12	9485313	9575696	23	-1.5108
d93f738f-7b10-435d-99c0-11b597161b56	12	9582373	27493053	12314	-0.0007
d93f738f-7b10-435d-99c0-11b597161b56	12	27493059	27498429	29	-0.7389
d93f738f-7b10-435d-99c0-11b597161b56	12	27504228	29983102	1762	0.0067
d93f738f-7b10-435d-99c0-11b597161b56	12	29983285	29990199	3	1.1902
d93f738f-7b10-435d-99c0-11b597161b56	12	29990853	34097761	2966	0.0223
d93f738f-7b10-435d-99c0-11b597161b56	12	34103774	34111154	9	-1.021
d93f738f-7b10-435d-99c0-11b597161b56	12	34122447	61882031	14437	0.0075
d93f738f-7b10-435d-99c0-11b597161b56	12	61882116	61885198	8	-1.2689
d93f738f-7b10-435d-99c0-11b597161b56	12	61885690	90089573	17595	0.0023
d93f738f-7b10-435d-99c0-11b597161b56	12	90097892	90098297	7	-1.3501
d93f738f-7b10-435d-99c0-11b597161b56	12	90099780	133201603	29094	0.0022
d93f738f-7b10-435d-99c0-11b597161b56	13	18452809	37496998	13404	0.0051
d93f738f-7b10-435d-99c0-11b597161b56	13	37497899	37510620	16	1.0024
d93f738f-7b10-435d-99c0-11b597161b56	13	37514193	48957415	7979	-0.0033
d93f738f-7b10-435d-99c0-11b597161b56	13	48959579	48962368	2	-3.2453
d93f738f-7b10-435d-99c0-11b597161b56	13	48963569	63381784	8098	0.0104
d93f738f-7b10-435d-99c0-11b597161b56	13	63383653	64372566	579	0.0981
d93f738f-7b10-435d-99c0-11b597161b56	13	64373621	114342922	33630	0.0081
d93f738f-7b10-435d-99c0-11b597161b56	14	18239283	20082381	259	-0.0255
d93f738f-7b10-435d-99c0-11b597161b56	14	20085125	20087037	2	2.0955
d93f738f-7b10-435d-99c0-11b597161b56	14	20089108	41139155	13421	0.01
d93f738f-7b10-435d-99c0-11b597161b56	14	41141293	41188046	14	-0.6515
d93f738f-7b10-435d-99c0-11b597161b56	14	41188146	47271841	3534	0.0419
d93f738f-7b10-435d-99c0-11b597161b56	14	47271963	60589222	8657	-0.0004
d93f738f-7b10-435d-99c0-11b597161b56	14	60591424	60592418	2	-2.0479
d93f738f-7b10-435d-99c0-11b597161b56	14	60599500	73540003	8182	0.0006
d93f738f-7b10-435d-99c0-11b597161b56	14	73540147	73563196	8	0.9945
d93f738f-7b10-435d-99c0-11b597161b56	14	73563211	97686776	16155	0.0028
d93f738f-7b10-435d-99c0-11b597161b56	14	97687369	97688718	8	-1.3505
d93f738f-7b10-435d-99c0-11b597161b56	14	97690252	98707855	914	-0.0072
d93f738f-7b10-435d-99c0-11b597161b56	14	98711806	98722915	10	-1.2296
d93f738f-7b10-435d-99c0-11b597161b56	14	98723758	106437363	3769	0.0059
d93f738f-7b10-435d-99c0-11b597161b56	14	106437546	106462183	41	-0.5275
d93f738f-7b10-435d-99c0-11b597161b56	14	106462724	106877229	195	0.0424
d93f738f-7b10-435d-99c0-11b597161b56	15	19811075	19998708	44	0.0225
d93f738f-7b10-435d-99c0-11b597161b56	15	20001686	22572323	167	0.353
d93f738f-7b10-435d-99c0-11b597161b56	15	22576496	24424598	982	-0.0097
d93f738f-7b10-435d-99c0-11b597161b56	15	24429604	24473026	33	-1.6242
d93f738f-7b10-435d-99c0-11b597161b56	15	24473449	76599170	32526	0.0052
d93f738f-7b10-435d-99c0-11b597161b56	15	76599286	76603434	20	1.129
d93f738f-7b10-435d-99c0-11b597161b56	15	76609838	101928837	17547	0.0033
d93f738f-7b10-435d-99c0-11b597161b56	16	10777	18335528	12746	0.006
d93f738f-7b10-435d-99c0-11b597161b56	16	18540265	18730788	18	0.8065
d93f738f-7b10-435d-99c0-11b597161b56	16	18731740	55762682	14112	-0.0016
d93f738f-7b10-435d-99c0-11b597161b56	16	55764310	55764867	3	2.4655
d93f738f-7b10-435d-99c0-11b597161b56	16	55770436	55788532	14	0.454
d93f738f-7b10-435d-99c0-11b597161b56	16	55808442	70090510	8720	0.0063
d93f738f-7b10-435d-99c0-11b597161b56	16	70090862	70164453	17	-0.6484
d93f738f-7b10-435d-99c0-11b597161b56	16	70164493	71321410	376	0.0072
d93f738f-7b10-435d-99c0-11b597161b56	16	71322232	71325697	4	-1.1978
d93f738f-7b10-435d-99c0-11b597161b56	16	71327558	78337711	5096	0.007
d93f738f-7b10-435d-99c0-11b597161b56	16	78338543	78350841	15	-1.9838
d93f738f-7b10-435d-99c0-11b597161b56	16	78350868	90096867	10577	0.0021
d93f738f-7b10-435d-99c0-11b597161b56	17	150733	18452078	11360	0.0079
d93f738f-7b10-435d-99c0-11b597161b56	17	18455632	18561272	25	-1.7085
d93f738f-7b10-435d-99c0-11b597161b56	17	18561907	41266838	9378	0.0039
d93f738f-7b10-435d-99c0-11b597161b56	17	41266851	41274198	18	-0.8069
d93f738f-7b10-435d-99c0-11b597161b56	17	41274279	46120237	2520	-0.0017
d93f738f-7b10-435d-99c0-11b597161b56	17	46120280	46446345	105	-0.2373
d93f738f-7b10-435d-99c0-11b597161b56	17	46446360	46571001	3	-0.8678
d93f738f-7b10-435d-99c0-11b597161b56	17	46664059	83091923	21498	0.0029
d93f738f-7b10-435d-99c0-11b597161b56	18	48133	66060309	40092	0.0051
d93f738f-7b10-435d-99c0-11b597161b56	18	66060363	66061104	10	-1.9603
d93f738f-7b10-435d-99c0-11b597161b56	18	66065502	71413609	3822	0.0263
d93f738f-7b10-435d-99c0-11b597161b56	18	71421456	73701344	1807	0.091
d93f738f-7b10-435d-99c0-11b597161b56	18	73701659	80257174	4733	0.0101
d93f738f-7b10-435d-99c0-11b597161b56	19	90910	5506648	1590	0.0071
d93f738f-7b10-435d-99c0-11b597161b56	19	5510228	5510689	4	-1.4815
d93f738f-7b10-435d-99c0-11b597161b56	19	5513048	8346772	1340	-0.0062
d93f738f-7b10-435d-99c0-11b597161b56	19	8347288	8349417	2	-2.5518
d93f738f-7b10-435d-99c0-11b597161b56	19	8356123	42786621	17418	0.0012
d93f738f-7b10-435d-99c0-11b597161b56	19	42790238	43037267	113	-0.8017
d93f738f-7b10-435d-99c0-11b597161b56	19	43038679	51628560	4219	0.0036
d93f738f-7b10-435d-99c0-11b597161b56	19	51639099	51644944	11	0.8895
d93f738f-7b10-435d-99c0-11b597161b56	19	51651652	58586487	4321	0.0032
d93f738f-7b10-435d-99c0-11b597161b56	20	80664	1571811	1180	0.0091
d93f738f-7b10-435d-99c0-11b597161b56	20	1576544	1587360	28	-0.7935
d93f738f-7b10-435d-99c0-11b597161b56	20	1587437	1591257	15	-0.1185
d93f738f-7b10-435d-99c0-11b597161b56	20	1591489	1601122	11	-0.6883
d93f738f-7b10-435d-99c0-11b597161b56	20	1601446	1613203	6	1.0697
d93f738f-7b10-435d-99c0-11b597161b56	20	1613247	64324800	40961	0.0056
d93f738f-7b10-435d-99c0-11b597161b56	21	10354168	33660384	14526	0.0106
d93f738f-7b10-435d-99c0-11b597161b56	21	33661132	33688360	17	-0.7788
d93f738f-7b10-435d-99c0-11b597161b56	21	33693310	46677045	9174	0.0027
d93f738f-7b10-435d-99c0-11b597161b56	22	15294547	50796027	23217	0.0074
d93f738f-7b10-435d-99c0-11b597161b56	X	251810	7182164	3408	0.0116
d93f738f-7b10-435d-99c0-11b597161b56	X	7185165	7188165	4	-3.4737
d93f738f-7b10-435d-99c0-11b597161b56	X	7190809	13433505	4609	0.0027
d93f738f-7b10-435d-99c0-11b597161b56	X	13434331	13436263	3	-3.2756
d93f738f-7b10-435d-99c0-11b597161b56	X	13436317	56741797	24362	0.0168
d93f738f-7b10-435d-99c0-11b597161b56	X	56742423	56742773	2	-4.2664
d93f738f-7b10-435d-99c0-11b597161b56	X	56746645	58113794	662	0.0151
d93f738f-7b10-435d-99c0-11b597161b56	X	58114560	58115094	2	-1.6867
d93f738f-7b10-435d-99c0-11b597161b56	X	58130640	63250575	254	0.0109
d93f738f-7b10-435d-99c0-11b597161b56	X	63250976	63258382	8	1.5304
d93f738f-7b10-435d-99c0-11b597161b56	X	63261022	63297592	14	0.6718
d93f738f-7b10-435d-99c0-11b597161b56	X	63302403	66412304	1308	0.0071
d93f738f-7b10-435d-99c0-11b597161b56	X	66412388	66412488	2	-3.2734
d93f738f-7b10-435d-99c0-11b597161b56	X	66412778	70186529	1891	0.0083
d93f738f-7b10-435d-99c0-11b597161b56	X	70186861	70188594	6	-2.4234
d93f738f-7b10-435d-99c0-11b597161b56	X	70188790	77158195	2989	0.0098
d93f738f-7b10-435d-99c0-11b597161b56	X	77173605	77179707	3	-3.845
d93f738f-7b10-435d-99c0-11b597161b56	X	77191372	87553590	5463	0.013
d93f738f-7b10-435d-99c0-11b597161b56	X	87553603	87556797	3	-3.691
d93f738f-7b10-435d-99c0-11b597161b56	X	87556973	138487253	27372	0.0134
d93f738f-7b10-435d-99c0-11b597161b56	X	138487325	138487340	2	-5.8696
d93f738f-7b10-435d-99c0-11b597161b56	X	138487380	138491705	13	0.3449
d93f738f-7b10-435d-99c0-11b597161b56	X	138491915	155952689	10594	0.0197
d93f738f-7b10-435d-99c0-11b597161b56	Y	2782397	20067277	5742	-0.9221
d93f738f-7b10-435d-99c0-11b597161b56	Y	20068755	20327471	7	-1.7951
d93f738f-7b10-435d-99c0-11b597161b56	Y	20353082	21961640	588	-0.9312
d93f738f-7b10-435d-99c0-11b597161b56	Y	22159306	22169542	3	-2.2161
d93f738f-7b10-435d-99c0-11b597161b56	Y	22196203	23013519	95	-0.9232
d93f738f-7b10-435d-99c0-11b597161b56	Y	23014812	23029591	2	-2.7488
d93f738f-7b10-435d-99c0-11b597161b56	Y	23045484	56872112	197	-0.9485
