GDC_Aliquot	Chromosome	Start	End	Num_Probes	Segment_Mean
5c9d3e35-cb73-4217-a929-4ec33a2112ab	1	62920	259422	15	0.0545
5c9d3e35-cb73-4217-a929-4ec33a2112ab	1	259926	36868682	19949	-0.6758
5c9d3e35-cb73-4217-a929-4ec33a2112ab	1	36869632	36876656	5	-3.211
5c9d3e35-cb73-4217-a929-4ec33a2112ab	1	36879127	38635858	1073	-0.6938
5c9d3e35-cb73-4217-a929-4ec33a2112ab	1	38638289	40593827	1019	-0.6105
5c9d3e35-cb73-4217-a929-4ec33a2112ab	1	40594246	50722922	5728	-0.6755
5c9d3e35-cb73-4217-a929-4ec33a2112ab	1	50722954	53038086	1022	-0.6071
5c9d3e35-cb73-4217-a929-4ec33a2112ab	1	53045303	72284670	13681	-0.7046
5c9d3e35-cb73-4217-a929-4ec33a2112ab	1	72290430	72297687	9	-1.964
5c9d3e35-cb73-4217-a929-4ec33a2112ab	1	72302735	72345465	48	0.368
5c9d3e35-cb73-4217-a929-4ec33a2112ab	1	72346221	89009572	10900	-0.708
5c9d3e35-cb73-4217-a929-4ec33a2112ab	1	89012275	89012522	2	-3.3082
5c9d3e35-cb73-4217-a929-4ec33a2112ab	1	89015841	105478582	9981	-0.6957
5c9d3e35-cb73-4217-a929-4ec33a2112ab	1	105478597	105479753	11	-2.1694
5c9d3e35-cb73-4217-a929-4ec33a2112ab	1	105481433	112147704	4564	-0.6898
5c9d3e35-cb73-4217-a929-4ec33a2112ab	1	112153343	112154390	18	-1.6579
5c9d3e35-cb73-4217-a929-4ec33a2112ab	1	112154552	121705338	5134	-0.7065
5c9d3e35-cb73-4217-a929-4ec33a2112ab	1	143459641	143928045	127	0.5834
5c9d3e35-cb73-4217-a929-4ec33a2112ab	1	143942271	152583051	2313	0.0909
5c9d3e35-cb73-4217-a929-4ec33a2112ab	1	152583230	152614118	35	-2.0632
5c9d3e35-cb73-4217-a929-4ec33a2112ab	1	152618018	153235425	553	0.0615
5c9d3e35-cb73-4217-a929-4ec33a2112ab	1	153238306	161648901	4907	0.0976
5c9d3e35-cb73-4217-a929-4ec33a2112ab	1	161649069	161649268	6	1.1565
5c9d3e35-cb73-4217-a929-4ec33a2112ab	1	161678447	161803528	109	0.1141
5c9d3e35-cb73-4217-a929-4ec33a2112ab	1	161805787	196740093	24060	0.0546
5c9d3e35-cb73-4217-a929-4ec33a2112ab	1	196740316	196854187	69	0.6047
5c9d3e35-cb73-4217-a929-4ec33a2112ab	1	196854483	200820361	2520	0.047
5c9d3e35-cb73-4217-a929-4ec33a2112ab	1	200820594	206761074	3815	0.1019
5c9d3e35-cb73-4217-a929-4ec33a2112ab	1	206761111	209897717	2444	0.0595
5c9d3e35-cb73-4217-a929-4ec33a2112ab	1	209908268	209913207	4	-0.8927
5c9d3e35-cb73-4217-a929-4ec33a2112ab	1	209920149	213068099	2085	0.0687
5c9d3e35-cb73-4217-a929-4ec33a2112ab	1	213070088	222102686	6445	0.0341
5c9d3e35-cb73-4217-a929-4ec33a2112ab	1	222103928	248930189	18474	0.0662
5c9d3e35-cb73-4217-a929-4ec33a2112ab	2	12784	4170989	3002	0.0533
5c9d3e35-cb73-4217-a929-4ec33a2112ab	2	4171394	4176429	26	0.4303
5c9d3e35-cb73-4217-a929-4ec33a2112ab	2	4182472	12215657	6346	0.0607
5c9d3e35-cb73-4217-a929-4ec33a2112ab	2	12216159	12217340	3	-1.2175
5c9d3e35-cb73-4217-a929-4ec33a2112ab	2	12219634	14563570	1654	0.0618
5c9d3e35-cb73-4217-a929-4ec33a2112ab	2	14564825	14569968	12	-0.6731
5c9d3e35-cb73-4217-a929-4ec33a2112ab	2	14570240	52512042	26059	0.0568
5c9d3e35-cb73-4217-a929-4ec33a2112ab	2	52512079	52554404	43	0.564
5c9d3e35-cb73-4217-a929-4ec33a2112ab	2	52560811	146106875	53218	0.0519
5c9d3e35-cb73-4217-a929-4ec33a2112ab	2	146106889	146121420	32	0.5077
5c9d3e35-cb73-4217-a929-4ec33a2112ab	2	146122686	184453824	23660	0.0387
5c9d3e35-cb73-4217-a929-4ec33a2112ab	2	184455332	184460792	2	1.7546
5c9d3e35-cb73-4217-a929-4ec33a2112ab	2	184461059	185438760	534	0.0659
5c9d3e35-cb73-4217-a929-4ec33a2112ab	2	185438803	185987589	261	0.1897
5c9d3e35-cb73-4217-a929-4ec33a2112ab	2	185990889	207490231	12466	0.046
5c9d3e35-cb73-4217-a929-4ec33a2112ab	2	207490454	207494612	16	-0.7574
5c9d3e35-cb73-4217-a929-4ec33a2112ab	2	207494752	208181376	397	0.0845
5c9d3e35-cb73-4217-a929-4ec33a2112ab	2	208182637	230392040	14448	0.0389
5c9d3e35-cb73-4217-a929-4ec33a2112ab	2	230392097	242147305	7213	0.0704
5c9d3e35-cb73-4217-a929-4ec33a2112ab	3	20930	2113578	1875	0.11
5c9d3e35-cb73-4217-a929-4ec33a2112ab	3	2114612	41941846	28376	0.0574
5c9d3e35-cb73-4217-a929-4ec33a2112ab	3	41942123	53599298	5838	0.0972
5c9d3e35-cb73-4217-a929-4ec33a2112ab	3	53599808	59794813	4273	0.0498
5c9d3e35-cb73-4217-a929-4ec33a2112ab	3	59795491	60756732	1124	0.103
5c9d3e35-cb73-4217-a929-4ec33a2112ab	3	60757246	84053071	15889	0.0402
5c9d3e35-cb73-4217-a929-4ec33a2112ab	3	84056282	84057015	2	-2.2014
5c9d3e35-cb73-4217-a929-4ec33a2112ab	3	84061816	84153666	32	-0.0423
5c9d3e35-cb73-4217-a929-4ec33a2112ab	3	84154343	84159213	2	-1.8295
5c9d3e35-cb73-4217-a929-4ec33a2112ab	3	84159395	99218940	6260	0.0398
5c9d3e35-cb73-4217-a929-4ec33a2112ab	3	99225614	99226455	14	-1.6414
5c9d3e35-cb73-4217-a929-4ec33a2112ab	3	99226551	99230212	13	-2.7902
5c9d3e35-cb73-4217-a929-4ec33a2112ab	3	99230225	99230577	11	-1.0783
5c9d3e35-cb73-4217-a929-4ec33a2112ab	3	99232120	111524663	7338	0.0376
5c9d3e35-cb73-4217-a929-4ec33a2112ab	3	111527558	111527735	2	-2.4341
5c9d3e35-cb73-4217-a929-4ec33a2112ab	3	111530468	125705628	8880	0.0486
5c9d3e35-cb73-4217-a929-4ec33a2112ab	3	125706925	125731560	10	-0.5268
5c9d3e35-cb73-4217-a929-4ec33a2112ab	3	125732896	139149040	7929	0.0514
5c9d3e35-cb73-4217-a929-4ec33a2112ab	3	139149577	139157198	7	-0.8203
5c9d3e35-cb73-4217-a929-4ec33a2112ab	3	139157868	143909911	3182	0.0637
5c9d3e35-cb73-4217-a929-4ec33a2112ab	3	143916440	145499939	975	-0.0187
5c9d3e35-cb73-4217-a929-4ec33a2112ab	3	145501295	162790390	10662	0.0435
5c9d3e35-cb73-4217-a929-4ec33a2112ab	3	162790404	162933275	96	0.4704
5c9d3e35-cb73-4217-a929-4ec33a2112ab	3	162936129	189646041	16626	0.054
5c9d3e35-cb73-4217-a929-4ec33a2112ab	3	189646080	189646849	9	-0.9199
5c9d3e35-cb73-4217-a929-4ec33a2112ab	3	189653199	193155915	2488	0.0422
5c9d3e35-cb73-4217-a929-4ec33a2112ab	3	193156018	193165114	22	-1.1362
5c9d3e35-cb73-4217-a929-4ec33a2112ab	3	193168646	198169247	2691	0.0853
5c9d3e35-cb73-4217-a929-4ec33a2112ab	4	68929	5163328	2429	0.0966
5c9d3e35-cb73-4217-a929-4ec33a2112ab	4	5163348	5179462	11	-0.9333
5c9d3e35-cb73-4217-a929-4ec33a2112ab	4	5180010	9455251	2712	0.0845
5c9d3e35-cb73-4217-a929-4ec33a2112ab	4	9459504	9477699	6	-1.3343
5c9d3e35-cb73-4217-a929-4ec33a2112ab	4	9484440	10208766	539	0.0454
5c9d3e35-cb73-4217-a929-4ec33a2112ab	4	10212536	10227178	6	1.4452
5c9d3e35-cb73-4217-a929-4ec33a2112ab	4	10227193	10385349	199	0.0419
5c9d3e35-cb73-4217-a929-4ec33a2112ab	4	10388498	10399044	18	0.5046
5c9d3e35-cb73-4217-a929-4ec33a2112ab	4	10401094	34777432	16770	0.0397
5c9d3e35-cb73-4217-a929-4ec33a2112ab	4	34784878	34828306	41	0.9207
5c9d3e35-cb73-4217-a929-4ec33a2112ab	4	34828327	48436508	8688	0.0532
5c9d3e35-cb73-4217-a929-4ec33a2112ab	4	48446169	48449020	2	-2.1977
5c9d3e35-cb73-4217-a929-4ec33a2112ab	4	48451438	49654496	292	0.1199
5c9d3e35-cb73-4217-a929-4ec33a2112ab	4	49654578	49656206	2	-1.7394
5c9d3e35-cb73-4217-a929-4ec33a2112ab	4	49656595	68418873	10449	0.0353
5c9d3e35-cb73-4217-a929-4ec33a2112ab	4	68422420	68620122	79	0.7641
5c9d3e35-cb73-4217-a929-4ec33a2112ab	4	68620261	69257792	316	0.1086
5c9d3e35-cb73-4217-a929-4ec33a2112ab	4	69261926	69366081	54	-0.5586
5c9d3e35-cb73-4217-a929-4ec33a2112ab	4	69366304	161031285	55344	0.0373
5c9d3e35-cb73-4217-a929-4ec33a2112ab	4	161031431	161082114	40	0.6708
5c9d3e35-cb73-4217-a929-4ec33a2112ab	4	161085672	172066777	6971	0.0435
5c9d3e35-cb73-4217-a929-4ec33a2112ab	4	172067997	172068382	12	1.0088
5c9d3e35-cb73-4217-a929-4ec33a2112ab	4	172074828	188051292	10775	0.0476
5c9d3e35-cb73-4217-a929-4ec33a2112ab	4	188052011	190036988	1286	0.1081
5c9d3e35-cb73-4217-a929-4ec33a2112ab	4	190046094	190106768	5	-0.9837
5c9d3e35-cb73-4217-a929-4ec33a2112ab	5	15532	121088543	73932	0.0459
5c9d3e35-cb73-4217-a929-4ec33a2112ab	5	121090436	121131957	23	-0.8082
5c9d3e35-cb73-4217-a929-4ec33a2112ab	5	121132933	160866259	25350	0.0556
5c9d3e35-cb73-4217-a929-4ec33a2112ab	5	160868355	168856159	5420	0.0279
5c9d3e35-cb73-4217-a929-4ec33a2112ab	5	168858681	176033084	5356	0.0657
5c9d3e35-cb73-4217-a929-4ec33a2112ab	5	176038686	176042504	2	-1.7852
5c9d3e35-cb73-4217-a929-4ec33a2112ab	5	176043321	180934813	2516	0.0807
5c9d3e35-cb73-4217-a929-4ec33a2112ab	5	180934838	181015441	27	-0.4364
5c9d3e35-cb73-4217-a929-4ec33a2112ab	5	181015920	181363319	166	0.0712
5c9d3e35-cb73-4217-a929-4ec33a2112ab	6	149661	302306	125	0.0394
5c9d3e35-cb73-4217-a929-4ec33a2112ab	6	303017	385056	83	-0.3078
5c9d3e35-cb73-4217-a929-4ec33a2112ab	6	385687	6804735	5341	0.0676
5c9d3e35-cb73-4217-a929-4ec33a2112ab	6	6804826	6805099	2	-1.6102
5c9d3e35-cb73-4217-a929-4ec33a2112ab	6	6805699	20617692	10374	0.0584
5c9d3e35-cb73-4217-a929-4ec33a2112ab	6	20623374	23766139	2285	0.0065
5c9d3e35-cb73-4217-a929-4ec33a2112ab	6	23766276	26743855	2012	0.0767
5c9d3e35-cb73-4217-a929-4ec33a2112ab	6	26747492	26759781	5	-0.9754
5c9d3e35-cb73-4217-a929-4ec33a2112ab	6	26831719	29869411	1416	0.0729
5c9d3e35-cb73-4217-a929-4ec33a2112ab	6	29869537	29881490	14	-0.9925
5c9d3e35-cb73-4217-a929-4ec33a2112ab	6	29882419	32641650	1230	0.072
5c9d3e35-cb73-4217-a929-4ec33a2112ab	6	32656527	32658841	6	-1.8616
5c9d3e35-cb73-4217-a929-4ec33a2112ab	6	32682835	32743878	54	-0.1329
5c9d3e35-cb73-4217-a929-4ec33a2112ab	6	32743914	44986021	7748	0.0912
5c9d3e35-cb73-4217-a929-4ec33a2112ab	6	44986049	55960697	7109	0.0395
5c9d3e35-cb73-4217-a929-4ec33a2112ab	6	55961357	55978862	10	-0.7297
5c9d3e35-cb73-4217-a929-4ec33a2112ab	6	55986080	57246064	700	0.0481
5c9d3e35-cb73-4217-a929-4ec33a2112ab	6	57248892	61784652	810	0.1211
5c9d3e35-cb73-4217-a929-4ec33a2112ab	6	61785958	73882509	7652	0.042
5c9d3e35-cb73-4217-a929-4ec33a2112ab	6	73882741	73891694	9	-2.0114
5c9d3e35-cb73-4217-a929-4ec33a2112ab	6	73893839	78253172	2765	0.0266
5c9d3e35-cb73-4217-a929-4ec33a2112ab	6	78259348	78329517	113	0.7918
5c9d3e35-cb73-4217-a929-4ec33a2112ab	6	78331916	170741917	59654	0.0462
5c9d3e35-cb73-4217-a929-4ec33a2112ab	7	43355	88485024	54294	0.0527
5c9d3e35-cb73-4217-a929-4ec33a2112ab	7	88485909	90188963	1133	0.1334
5c9d3e35-cb73-4217-a929-4ec33a2112ab	7	90188976	98880566	5381	0.0392
5c9d3e35-cb73-4217-a929-4ec33a2112ab	7	98883158	102732564	1538	0.108
5c9d3e35-cb73-4217-a929-4ec33a2112ab	7	102739939	109793741	4530	0.052
5c9d3e35-cb73-4217-a929-4ec33a2112ab	7	109797035	109813853	35	-1.1956
5c9d3e35-cb73-4217-a929-4ec33a2112ab	7	109813925	111135042	881	0.0357
5c9d3e35-cb73-4217-a929-4ec33a2112ab	7	111135533	112930221	1125	0.1065
5c9d3e35-cb73-4217-a929-4ec33a2112ab	7	112930297	126404920	8017	0.0289
5c9d3e35-cb73-4217-a929-4ec33a2112ab	7	126405428	126406823	14	1.2555
5c9d3e35-cb73-4217-a929-4ec33a2112ab	7	126406824	134093676	4690	0.0561
5c9d3e35-cb73-4217-a929-4ec33a2112ab	7	134093715	134124039	43	0.4084
5c9d3e35-cb73-4217-a929-4ec33a2112ab	7	134130638	142392270	5457	0.0569
5c9d3e35-cb73-4217-a929-4ec33a2112ab	7	142392830	142809831	221	0.2017
5c9d3e35-cb73-4217-a929-4ec33a2112ab	7	142810364	144199159	743	0.0613
5c9d3e35-cb73-4217-a929-4ec33a2112ab	7	144207186	144295437	9	0.9103
5c9d3e35-cb73-4217-a929-4ec33a2112ab	7	144306653	150126227	3590	0.0537
5c9d3e35-cb73-4217-a929-4ec33a2112ab	7	150128092	150139332	3	-1.3266
5c9d3e35-cb73-4217-a929-4ec33a2112ab	7	150139809	159334314	6054	0.0649
5c9d3e35-cb73-4217-a929-4ec33a2112ab	8	81254	643041	321	0.0468
5c9d3e35-cb73-4217-a929-4ec33a2112ab	8	644944	645908	10	-0.847
5c9d3e35-cb73-4217-a929-4ec33a2112ab	8	656117	6299790	6479	0.0677
5c9d3e35-cb73-4217-a929-4ec33a2112ab	8	6300670	6314142	21	-1.2045
5c9d3e35-cb73-4217-a929-4ec33a2112ab	8	6315554	7357288	897	0.0476
5c9d3e35-cb73-4217-a929-4ec33a2112ab	8	7357323	8214781	65	-0.6661
5c9d3e35-cb73-4217-a929-4ec33a2112ab	8	8234503	12092042	3218	0.0606
5c9d3e35-cb73-4217-a929-4ec33a2112ab	8	12130217	12143614	6	-3.044
5c9d3e35-cb73-4217-a929-4ec33a2112ab	8	12176798	18413610	5364	0.047
5c9d3e35-cb73-4217-a929-4ec33a2112ab	8	18413675	18413877	2	-2.2527
5c9d3e35-cb73-4217-a929-4ec33a2112ab	8	18414438	25116961	5076	0.0674
5c9d3e35-cb73-4217-a929-4ec33a2112ab	8	25117007	25126818	25	1.0645
5c9d3e35-cb73-4217-a929-4ec33a2112ab	8	25133589	36215384	7304	0.0498
5c9d3e35-cb73-4217-a929-4ec33a2112ab	8	36219541	36219621	3	-1.0829
5c9d3e35-cb73-4217-a929-4ec33a2112ab	8	36220823	38430945	1187	0.0518
5c9d3e35-cb73-4217-a929-4ec33a2112ab	8	38432841	38432976	2	-1.8188
5c9d3e35-cb73-4217-a929-4ec33a2112ab	8	38432991	39373140	509	0.068
5c9d3e35-cb73-4217-a929-4ec33a2112ab	8	39378084	39529446	59	1.039
5c9d3e35-cb73-4217-a929-4ec33a2112ab	8	39530780	105931948	38743	0.0389
5c9d3e35-cb73-4217-a929-4ec33a2112ab	8	105932301	106388794	288	0.1595
5c9d3e35-cb73-4217-a929-4ec33a2112ab	8	106388881	111282237	2952	0.0362
5c9d3e35-cb73-4217-a929-4ec33a2112ab	8	111282441	111283031	6	-1.7249
5c9d3e35-cb73-4217-a929-4ec33a2112ab	8	111288052	128744020	11661	0.0411
5c9d3e35-cb73-4217-a929-4ec33a2112ab	8	128750889	128751839	2	-1.942
5c9d3e35-cb73-4217-a929-4ec33a2112ab	8	128765208	132513201	2691	0.0543
5c9d3e35-cb73-4217-a929-4ec33a2112ab	8	132513260	132513769	2	-1.9229
5c9d3e35-cb73-4217-a929-4ec33a2112ab	8	132516791	136825523	3513	0.0495
5c9d3e35-cb73-4217-a929-4ec33a2112ab	8	136825697	136825777	2	-1.8061
5c9d3e35-cb73-4217-a929-4ec33a2112ab	8	136825896	136881227	63	0.0989
5c9d3e35-cb73-4217-a929-4ec33a2112ab	8	136882257	136882271	2	-2.7181
5c9d3e35-cb73-4217-a929-4ec33a2112ab	8	136888490	145072769	4968	0.061
5c9d3e35-cb73-4217-a929-4ec33a2112ab	9	46587	5302749	5413	0.0559
5c9d3e35-cb73-4217-a929-4ec33a2112ab	9	5311567	5337707	11	0.7644
5c9d3e35-cb73-4217-a929-4ec33a2112ab	9	5340984	11505789	5445	0.0549
5c9d3e35-cb73-4217-a929-4ec33a2112ab	9	11505878	12525999	792	0.1262
5c9d3e35-cb73-4217-a929-4ec33a2112ab	9	12526192	21294550	7333	0.0477
5c9d3e35-cb73-4217-a929-4ec33a2112ab	9	21296216	21296285	3	-1.4431
5c9d3e35-cb73-4217-a929-4ec33a2112ab	9	21296355	22492890	822	0.0475
5c9d3e35-cb73-4217-a929-4ec33a2112ab	9	22501914	22502700	2	-3.0375
5c9d3e35-cb73-4217-a929-4ec33a2112ab	9	22509341	41644133	11422	0.069
5c9d3e35-cb73-4217-a929-4ec33a2112ab	9	41644288	41666811	6	-1.1248
5c9d3e35-cb73-4217-a929-4ec33a2112ab	9	41703463	42697878	45	0.1599
5c9d3e35-cb73-4217-a929-4ec33a2112ab	9	42698168	42729302	13	-0.8796
5c9d3e35-cb73-4217-a929-4ec33a2112ab	9	42736668	61405110	40	-0.0382
5c9d3e35-cb73-4217-a929-4ec33a2112ab	9	61520021	61647899	30	0.7368
5c9d3e35-cb73-4217-a929-4ec33a2112ab	9	61665362	77154478	6673	0.0457
5c9d3e35-cb73-4217-a929-4ec33a2112ab	9	77155482	77162488	29	1.0686
5c9d3e35-cb73-4217-a929-4ec33a2112ab	9	77171212	87899200	7662	0.0462
5c9d3e35-cb73-4217-a929-4ec33a2112ab	9	87907679	87939304	3	-1.1415
5c9d3e35-cb73-4217-a929-4ec33a2112ab	9	87943042	91639924	2679	0.0753
5c9d3e35-cb73-4217-a929-4ec33a2112ab	9	91639986	91641163	15	-0.5254
5c9d3e35-cb73-4217-a929-4ec33a2112ab	9	91641263	93586737	1110	0.0924
5c9d3e35-cb73-4217-a929-4ec33a2112ab	9	93588935	93591203	2	-1.526
5c9d3e35-cb73-4217-a929-4ec33a2112ab	9	93591220	120455432	19853	0.0641
5c9d3e35-cb73-4217-a929-4ec33a2112ab	9	120455446	135319522	8916	0.1172
5c9d3e35-cb73-4217-a929-4ec33a2112ab	9	135322259	135323776	2	-1.6843
5c9d3e35-cb73-4217-a929-4ec33a2112ab	9	135324566	137913947	926	0.1187
5c9d3e35-cb73-4217-a929-4ec33a2112ab	9	137916490	138200944	183	-0.0068
5c9d3e35-cb73-4217-a929-4ec33a2112ab	10	45792	13014263	10919	0.07
5c9d3e35-cb73-4217-a929-4ec33a2112ab	10	13014550	13016840	25	-1.1735
5c9d3e35-cb73-4217-a929-4ec33a2112ab	10	13022223	23223063	7641	0.0548
5c9d3e35-cb73-4217-a929-4ec33a2112ab	10	23229262	23232853	2	-1.4966
5c9d3e35-cb73-4217-a929-4ec33a2112ab	10	23233645	24086334	585	0.0595
5c9d3e35-cb73-4217-a929-4ec33a2112ab	10	24088745	24089125	11	1.1511
5c9d3e35-cb73-4217-a929-4ec33a2112ab	10	24089979	45817039	12220	0.0562
5c9d3e35-cb73-4217-a929-4ec33a2112ab	10	45936113	45998155	2	1.7979
5c9d3e35-cb73-4217-a929-4ec33a2112ab	10	45999975	46333369	227	0.0253
5c9d3e35-cb73-4217-a929-4ec33a2112ab	10	46370859	46632302	51	0.3617
5c9d3e35-cb73-4217-a929-4ec33a2112ab	10	46657149	47460004	297	0.0683
5c9d3e35-cb73-4217-a929-4ec33a2112ab	10	47559592	47680348	6	1.0622
5c9d3e35-cb73-4217-a929-4ec33a2112ab	10	47684886	50062639	1382	0.0609
5c9d3e35-cb73-4217-a929-4ec33a2112ab	10	50070600	50150838	6	-1.3331
5c9d3e35-cb73-4217-a929-4ec33a2112ab	10	50178219	51720868	1144	0.0635
5c9d3e35-cb73-4217-a929-4ec33a2112ab	10	51724314	52934206	964	-0.0095
5c9d3e35-cb73-4217-a929-4ec33a2112ab	10	52936205	59597863	4849	0.0591
5c9d3e35-cb73-4217-a929-4ec33a2112ab	10	59597932	59606506	18	-0.4486
5c9d3e35-cb73-4217-a929-4ec33a2112ab	10	59606547	69211717	6373	0.0538
5c9d3e35-cb73-4217-a929-4ec33a2112ab	10	69213697	74490027	3216	0.101
5c9d3e35-cb73-4217-a929-4ec33a2112ab	10	74492070	79689972	3687	0.0605
5c9d3e35-cb73-4217-a929-4ec33a2112ab	10	79736999	79737848	3	-1.2934
5c9d3e35-cb73-4217-a929-4ec33a2112ab	10	79747269	82182309	1613	0.0567
5c9d3e35-cb73-4217-a929-4ec33a2112ab	10	82184949	82185151	2	-2.7088
5c9d3e35-cb73-4217-a929-4ec33a2112ab	10	82185909	133654968	35334	0.058
5c9d3e35-cb73-4217-a929-4ec33a2112ab	11	198510	4954445	2445	0.082
5c9d3e35-cb73-4217-a929-4ec33a2112ab	11	4954475	4955781	4	-0.9648
5c9d3e35-cb73-4217-a929-4ec33a2112ab	11	4957152	5766175	782	0.069
5c9d3e35-cb73-4217-a929-4ec33a2112ab	11	5766850	5787818	31	-0.5963
5c9d3e35-cb73-4217-a929-4ec33a2112ab	11	5787909	55595864	31196	0.0555
5c9d3e35-cb73-4217-a929-4ec33a2112ab	11	55606556	55686100	60	-0.3294
5c9d3e35-cb73-4217-a929-4ec33a2112ab	11	55693207	60705043	3071	0.0658
5c9d3e35-cb73-4217-a929-4ec33a2112ab	11	60709688	78025925	8509	0.0945
5c9d3e35-cb73-4217-a929-4ec33a2112ab	11	78026070	101723653	16962	0.0448
5c9d3e35-cb73-4217-a929-4ec33a2112ab	11	101727129	101727233	4	1.8267
5c9d3e35-cb73-4217-a929-4ec33a2112ab	11	101727481	107910653	4184	0.0367
5c9d3e35-cb73-4217-a929-4ec33a2112ab	11	107913781	107914372	2	-2.8448
5c9d3e35-cb73-4217-a929-4ec33a2112ab	11	107916987	111013560	1912	0.0531
5c9d3e35-cb73-4217-a929-4ec33a2112ab	11	111014169	111016822	2	-1.3565
5c9d3e35-cb73-4217-a929-4ec33a2112ab	11	111019216	135074876	17607	0.0643
5c9d3e35-cb73-4217-a929-4ec33a2112ab	12	51460	8249238	5541	0.0938
5c9d3e35-cb73-4217-a929-4ec33a2112ab	12	8253044	11359558	1825	0.0519
5c9d3e35-cb73-4217-a929-4ec33a2112ab	12	11359597	11390452	27	0.6913
5c9d3e35-cb73-4217-a929-4ec33a2112ab	12	11390472	12383481	824	0.0593
5c9d3e35-cb73-4217-a929-4ec33a2112ab	12	12383712	12389946	15	-0.7285
5c9d3e35-cb73-4217-a929-4ec33a2112ab	12	12389980	13181725	542	0.0883
5c9d3e35-cb73-4217-a929-4ec33a2112ab	12	13181928	13182206	2	-1.9093
5c9d3e35-cb73-4217-a929-4ec33a2112ab	12	13183433	22086364	5877	0.0398
5c9d3e35-cb73-4217-a929-4ec33a2112ab	12	22090581	22090627	2	-1.813
5c9d3e35-cb73-4217-a929-4ec33a2112ab	12	22090727	45506042	13713	0.0492
5c9d3e35-cb73-4217-a929-4ec33a2112ab	12	45510655	45515754	4	-1.8307
5c9d3e35-cb73-4217-a929-4ec33a2112ab	12	45519509	54633428	5159	0.09
5c9d3e35-cb73-4217-a929-4ec33a2112ab	12	54634418	106195984	33140	0.0469
5c9d3e35-cb73-4217-a929-4ec33a2112ab	12	106197529	111533429	3215	0.084
5c9d3e35-cb73-4217-a929-4ec33a2112ab	12	111534350	111542193	5	-1.268
5c9d3e35-cb73-4217-a929-4ec33a2112ab	12	111546903	133201603	14873	0.0757
5c9d3e35-cb73-4217-a929-4ec33a2112ab	13	18452809	19547319	532	0.0644
5c9d3e35-cb73-4217-a929-4ec33a2112ab	13	19549755	19549770	2	-1.4025
5c9d3e35-cb73-4217-a929-4ec33a2112ab	13	19550361	23055048	2321	0.0524
5c9d3e35-cb73-4217-a929-4ec33a2112ab	13	23055071	23059376	13	-0.4812
5c9d3e35-cb73-4217-a929-4ec33a2112ab	13	23064056	37496998	10611	0.0519
5c9d3e35-cb73-4217-a929-4ec33a2112ab	13	37497899	37514193	17	0.8879
5c9d3e35-cb73-4217-a929-4ec33a2112ab	13	37514237	63633847	16326	0.0531
5c9d3e35-cb73-4217-a929-4ec33a2112ab	13	63636608	64416187	456	0.1636
5c9d3e35-cb73-4217-a929-4ec33a2112ab	13	64416300	71902850	4743	0.0448
5c9d3e35-cb73-4217-a929-4ec33a2112ab	13	71903417	71906418	4	-1.4622
5c9d3e35-cb73-4217-a929-4ec33a2112ab	13	71906467	114342922	29062	0.0393
5c9d3e35-cb73-4217-a929-4ec33a2112ab	14	18239283	19134873	34	0.1333
5c9d3e35-cb73-4217-a929-4ec33a2112ab	14	19138115	19954424	132	-0.413
5c9d3e35-cb73-4217-a929-4ec33a2112ab	14	19955213	21907847	1309	0.0946
5c9d3e35-cb73-4217-a929-4ec33a2112ab	14	21908468	22508844	551	0.2569
5c9d3e35-cb73-4217-a929-4ec33a2112ab	14	22509094	61694969	24676	0.0511
5c9d3e35-cb73-4217-a929-4ec33a2112ab	14	61704251	67525773	3524	-0.6393
5c9d3e35-cb73-4217-a929-4ec33a2112ab	14	67526250	67526308	2	-2.9464
5c9d3e35-cb73-4217-a929-4ec33a2112ab	14	67526325	96736704	19374	-0.6676
5c9d3e35-cb73-4217-a929-4ec33a2112ab	14	96736714	106877229	5649	0.0873
5c9d3e35-cb73-4217-a929-4ec33a2112ab	15	19811075	20373168	88	0.1139
5c9d3e35-cb73-4217-a929-4ec33a2112ab	15	20376198	20376309	6	-0.8032
5c9d3e35-cb73-4217-a929-4ec33a2112ab	15	20376311	20381704	11	0.0739
5c9d3e35-cb73-4217-a929-4ec33a2112ab	15	20384774	22395047	103	0.3426
5c9d3e35-cb73-4217-a929-4ec33a2112ab	15	22413894	30231102	4628	0.069
5c9d3e35-cb73-4217-a929-4ec33a2112ab	15	30252720	30269364	5	-1.0823
5c9d3e35-cb73-4217-a929-4ec33a2112ab	15	30281107	31068354	258	0.0902
5c9d3e35-cb73-4217-a929-4ec33a2112ab	15	31069302	31076401	8	-0.6831
5c9d3e35-cb73-4217-a929-4ec33a2112ab	15	31076424	32179735	800	0.0689
5c9d3e35-cb73-4217-a929-4ec33a2112ab	15	32212063	32220019	9	-0.984
5c9d3e35-cb73-4217-a929-4ec33a2112ab	15	32239115	56692027	15319	0.0662
5c9d3e35-cb73-4217-a929-4ec33a2112ab	15	56694582	57258564	261	-0.6738
5c9d3e35-cb73-4217-a929-4ec33a2112ab	15	57270392	85965728	17933	0.0827
5c9d3e35-cb73-4217-a929-4ec33a2112ab	15	85968663	85975028	5	-1.1494
5c9d3e35-cb73-4217-a929-4ec33a2112ab	15	85976009	85978982	4	-0.3217
5c9d3e35-cb73-4217-a929-4ec33a2112ab	15	85979545	101859834	12057	0.0707
5c9d3e35-cb73-4217-a929-4ec33a2112ab	15	101864933	101928837	13	-0.4804
5c9d3e35-cb73-4217-a929-4ec33a2112ab	16	10777	1023552	388	0.0616
5c9d3e35-cb73-4217-a929-4ec33a2112ab	16	1028763	1038797	2	-1.8158
5c9d3e35-cb73-4217-a929-4ec33a2112ab	16	1039949	5233490	1882	0.1212
5c9d3e35-cb73-4217-a929-4ec33a2112ab	16	5235519	10535402	5643	0.0647
5c9d3e35-cb73-4217-a929-4ec33a2112ab	16	10536068	12441081	1364	0.1053
5c9d3e35-cb73-4217-a929-4ec33a2112ab	16	12443774	12526879	76	0.5854
5c9d3e35-cb73-4217-a929-4ec33a2112ab	16	12531882	55762682	17555	0.0762
5c9d3e35-cb73-4217-a929-4ec33a2112ab	16	55764310	55764867	3	3.1212
5c9d3e35-cb73-4217-a929-4ec33a2112ab	16	55770436	55775554	7	0.8536
5c9d3e35-cb73-4217-a929-4ec33a2112ab	16	55776109	90096867	24898	0.0694
5c9d3e35-cb73-4217-a929-4ec33a2112ab	17	150733	8742840	4785	0.118
5c9d3e35-cb73-4217-a929-4ec33a2112ab	17	8742975	16838214	5691	0.0725
5c9d3e35-cb73-4217-a929-4ec33a2112ab	17	16838470	18455635	909	0.1264
5c9d3e35-cb73-4217-a929-4ec33a2112ab	17	18458372	18561907	24	0.7226
5c9d3e35-cb73-4217-a929-4ec33a2112ab	17	18565883	50859698	14216	0.1016
5c9d3e35-cb73-4217-a929-4ec33a2112ab	17	50862166	57610128	4818	0.0642
5c9d3e35-cb73-4217-a929-4ec33a2112ab	17	57610972	57611632	2	-1.5869
5c9d3e35-cb73-4217-a929-4ec33a2112ab	17	57614632	74844490	10430	0.079
5c9d3e35-cb73-4217-a929-4ec33a2112ab	17	74845024	83091923	4118	0.1169
5c9d3e35-cb73-4217-a929-4ec33a2112ab	18	48133	5012396	3545	0.0583
5c9d3e35-cb73-4217-a929-4ec33a2112ab	18	5012434	5012918	2	-1.9901
5c9d3e35-cb73-4217-a929-4ec33a2112ab	18	5013859	11329861	4787	0.0541
5c9d3e35-cb73-4217-a929-4ec33a2112ab	18	11329872	11555478	152	0.4705
5c9d3e35-cb73-4217-a929-4ec33a2112ab	18	11558125	53740727	23261	0.0471
5c9d3e35-cb73-4217-a929-4ec33a2112ab	18	53740772	53751899	7	-1.1099
5c9d3e35-cb73-4217-a929-4ec33a2112ab	18	53752133	60439643	4587	0.0412
5c9d3e35-cb73-4217-a929-4ec33a2112ab	18	60441324	60448003	2	-1.5
5c9d3e35-cb73-4217-a929-4ec33a2112ab	18	60448502	65533230	3540	0.0374
5c9d3e35-cb73-4217-a929-4ec33a2112ab	18	65533243	65537481	17	0.6764
5c9d3e35-cb73-4217-a929-4ec33a2112ab	18	65540037	72294563	4882	0.0602
5c9d3e35-cb73-4217-a929-4ec33a2112ab	18	72300799	73323309	842	0.1376
5c9d3e35-cb73-4217-a929-4ec33a2112ab	18	73324591	80257174	5068	0.0557
5c9d3e35-cb73-4217-a929-4ec33a2112ab	19	90910	515138	114	0.0561
5c9d3e35-cb73-4217-a929-4ec33a2112ab	19	516363	19809210	8430	0.1307
5c9d3e35-cb73-4217-a929-4ec33a2112ab	19	19810198	27275080	2614	0.077
5c9d3e35-cb73-4217-a929-4ec33a2112ab	19	27286478	28002093	265	-0.6289
5c9d3e35-cb73-4217-a929-4ec33a2112ab	19	28002554	32370899	3324	-0.7202
5c9d3e35-cb73-4217-a929-4ec33a2112ab	19	32371096	58586487	14281	-0.635
5c9d3e35-cb73-4217-a929-4ec33a2112ab	20	80664	1580276	1201	0.0694
5c9d3e35-cb73-4217-a929-4ec33a2112ab	20	1580305	1613247	43	2.2695
5c9d3e35-cb73-4217-a929-4ec33a2112ab	20	1617300	8545302	5161	0.0912
5c9d3e35-cb73-4217-a929-4ec33a2112ab	20	8545782	25020098	13031	0.0527
5c9d3e35-cb73-4217-a929-4ec33a2112ab	20	25020534	64324800	22915	0.0833
5c9d3e35-cb73-4217-a929-4ec33a2112ab	21	10354168	10388377	4	0.0229
5c9d3e35-cb73-4217-a929-4ec33a2112ab	21	10388383	10459118	13	-0.6083
5c9d3e35-cb73-4217-a929-4ec33a2112ab	21	10459828	26908194	9833	0.0432
5c9d3e35-cb73-4217-a929-4ec33a2112ab	21	26910341	26910533	3	-1.3743
5c9d3e35-cb73-4217-a929-4ec33a2112ab	21	26911285	41356533	10867	0.0562
5c9d3e35-cb73-4217-a929-4ec33a2112ab	21	41356534	46677045	3129	0.1004
5c9d3e35-cb73-4217-a929-4ec33a2112ab	22	15294547	25750561	5649	0.0606
5c9d3e35-cb73-4217-a929-4ec33a2112ab	22	25750589	33777419	5983	0.0954
5c9d3e35-cb73-4217-a929-4ec33a2112ab	22	33778960	33778998	4	-1.1006
5c9d3e35-cb73-4217-a929-4ec33a2112ab	22	33785435	36297607	2037	0.067
5c9d3e35-cb73-4217-a929-4ec33a2112ab	22	36297934	41606953	2953	0.1222
5c9d3e35-cb73-4217-a929-4ec33a2112ab	22	41607022	42508600	511	0.0648
5c9d3e35-cb73-4217-a929-4ec33a2112ab	22	42510995	42538456	19	0.6292
5c9d3e35-cb73-4217-a929-4ec33a2112ab	22	42546956	48954663	4917	0.1082
5c9d3e35-cb73-4217-a929-4ec33a2112ab	22	48955294	50796027	1181	0.0511
5c9d3e35-cb73-4217-a929-4ec33a2112ab	X	251810	2748312	94	0.3328
5c9d3e35-cb73-4217-a929-4ec33a2112ab	X	2785350	12916143	7575	-0.0195
5c9d3e35-cb73-4217-a929-4ec33a2112ab	X	12916175	12931549	17	-1.3409
5c9d3e35-cb73-4217-a929-4ec33a2112ab	X	12931785	33118047	12755	-0.0108
5c9d3e35-cb73-4217-a929-4ec33a2112ab	X	33118562	34103505	674	0.1274
5c9d3e35-cb73-4217-a929-4ec33a2112ab	X	34103539	34104021	14	0.8414
5c9d3e35-cb73-4217-a929-4ec33a2112ab	X	34109444	34139734	19	0.1955
5c9d3e35-cb73-4217-a929-4ec33a2112ab	X	34139906	38438347	2400	0.009
5c9d3e35-cb73-4217-a929-4ec33a2112ab	X	38438583	38438756	2	-6.7179
5c9d3e35-cb73-4217-a929-4ec33a2112ab	X	38438789	48001197	5195	0.0002
5c9d3e35-cb73-4217-a929-4ec33a2112ab	X	48020763	48128795	77	-3.5067
5c9d3e35-cb73-4217-a929-4ec33a2112ab	X	48141867	63193211	4454	0.0416
5c9d3e35-cb73-4217-a929-4ec33a2112ab	X	63250575	63297592	23	1.2117
5c9d3e35-cb73-4217-a929-4ec33a2112ab	X	63302403	138487253	39055	0.0062
5c9d3e35-cb73-4217-a929-4ec33a2112ab	X	138487325	138491611	14	-2.0106
5c9d3e35-cb73-4217-a929-4ec33a2112ab	X	138491915	155952689	10592	-0.0119
5c9d3e35-cb73-4217-a929-4ec33a2112ab	Y	2782397	56872112	6635	-2.3382
