Sample	Chromosome	Start	End	Num_Probes	Segment_Mean
OWNED_p_TCGA_b102_105_SNP_N_GenomeWideSNP_6_D12_777158	1	3208470	76174594	41173	0.005
OWNED_p_TCGA_b102_105_SNP_N_GenomeWideSNP_6_D12_777158	1	76174672	76174733	2	-2.2752
OWNED_p_TCGA_b102_105_SNP_N_GenomeWideSNP_6_D12_777158	1	76174981	245880329	87575	0.0015
OWNED_p_TCGA_b102_105_SNP_N_GenomeWideSNP_6_D12_777158	2	474222	16319757	9976	-0.0017
OWNED_p_TCGA_b102_105_SNP_N_GenomeWideSNP_6_D12_777158	2	16319785	16321511	3	-1.5808
OWNED_p_TCGA_b102_105_SNP_N_GenomeWideSNP_6_D12_777158	2	16323354	99674099	41906	0.009
OWNED_p_TCGA_b102_105_SNP_N_GenomeWideSNP_6_D12_777158	2	99674117	99674306	2	-2.4277
OWNED_p_TCGA_b102_105_SNP_N_GenomeWideSNP_6_D12_777158	2	99675611	242124735	79122	0.0058
OWNED_p_TCGA_b102_105_SNP_N_GenomeWideSNP_6_D12_777158	3	526235	199023074	106179	-0.0012
OWNED_p_TCGA_b102_105_SNP_N_GenomeWideSNP_6_D12_777158	4	1043934	5762269	2284	-0.0017
OWNED_p_TCGA_b102_105_SNP_N_GenomeWideSNP_6_D12_777158	4	5762305	5764811	3	-1.5593
OWNED_p_TCGA_b102_105_SNP_N_GenomeWideSNP_6_D12_777158	4	5768349	13380559	5035	-0.0031
OWNED_p_TCGA_b102_105_SNP_N_GenomeWideSNP_6_D12_777158	4	13384460	13387095	3	-1.9281
OWNED_p_TCGA_b102_105_SNP_N_GenomeWideSNP_6_D12_777158	4	13388846	117911371	57241	0.0019
OWNED_p_TCGA_b102_105_SNP_N_GenomeWideSNP_6_D12_777158	4	117914982	117922563	3	-1.792
OWNED_p_TCGA_b102_105_SNP_N_GenomeWideSNP_6_D12_777158	4	117923550	189836143	37962	-0.0035
OWNED_p_TCGA_b102_105_SNP_N_GenomeWideSNP_6_D12_777158	5	967233	180293075	100304	0.0024
OWNED_p_TCGA_b102_105_SNP_N_GenomeWideSNP_6_D12_777158	6	959281	162403604	92486	7e-04
OWNED_p_TCGA_b102_105_SNP_N_GenomeWideSNP_6_D12_777158	6	162515362	162523276	9	-1.1237
OWNED_p_TCGA_b102_105_SNP_N_GenomeWideSNP_6_D12_777158	6	162535978	170745844	3780	-0.0013
OWNED_p_TCGA_b102_105_SNP_N_GenomeWideSNP_6_D12_777158	7	671810	144348581	74064	0.003
OWNED_p_TCGA_b102_105_SNP_N_GenomeWideSNP_6_D12_777158	7	144349300	144385554	27	0.494
OWNED_p_TCGA_b102_105_SNP_N_GenomeWideSNP_6_D12_777158	7	144386169	158077879	7056	0.002
OWNED_p_TCGA_b102_105_SNP_N_GenomeWideSNP_6_D12_777158	8	607667	69553999	37021	-0.0015
OWNED_p_TCGA_b102_105_SNP_N_GenomeWideSNP_6_D12_777158	8	69554607	69615257	33	0.5012
OWNED_p_TCGA_b102_105_SNP_N_GenomeWideSNP_6_D12_777158	8	69615968	145304484	44289	-0.0011
OWNED_p_TCGA_b102_105_SNP_N_GenomeWideSNP_6_D12_777158	9	779932	140058573	67812	0.0025
OWNED_p_TCGA_b102_105_SNP_N_GenomeWideSNP_6_D12_777158	10	405240	135075077	80675	0.0103
OWNED_p_TCGA_b102_105_SNP_N_GenomeWideSNP_6_D12_777158	11	446120	13738564	8117	-0.0022
OWNED_p_TCGA_b102_105_SNP_N_GenomeWideSNP_6_D12_777158	11	13739806	13740152	2	-2.8081
OWNED_p_TCGA_b102_105_SNP_N_GenomeWideSNP_6_D12_777158	11	13742291	133647740	68932	0.0023
OWNED_p_TCGA_b102_105_SNP_N_GenomeWideSNP_6_D12_777158	12	760163	21996311	12126	-0.0037
OWNED_p_TCGA_b102_105_SNP_N_GenomeWideSNP_6_D12_777158	12	21997911	21999862	3	-1.7393
OWNED_p_TCGA_b102_105_SNP_N_GenomeWideSNP_6_D12_777158	12	21999947	131671419	61627	-0.0064
OWNED_p_TCGA_b102_105_SNP_N_GenomeWideSNP_6_D12_777158	13	18348806	110934790	55337	-0.0012
OWNED_p_TCGA_b102_105_SNP_N_GenomeWideSNP_6_D12_777158	13	110934856	110937398	3	-1.404
OWNED_p_TCGA_b102_105_SNP_N_GenomeWideSNP_6_D12_777158	13	110937676	114005560	1159	-0.0172
OWNED_p_TCGA_b102_105_SNP_N_GenomeWideSNP_6_D12_777158	14	19571208	105059083	49315	0.0045
OWNED_p_TCGA_b102_105_SNP_N_GenomeWideSNP_6_D12_777158	15	21238778	72093019	28780	0.0076
OWNED_p_TCGA_b102_105_SNP_N_GenomeWideSNP_6_D12_777158	15	72093028	72093042	2	-1.7308
OWNED_p_TCGA_b102_105_SNP_N_GenomeWideSNP_6_D12_777158	15	72093436	99701830	15640	0.0058
OWNED_p_TCGA_b102_105_SNP_N_GenomeWideSNP_6_D12_777158	16	593460	87907437	40767	0.0022
OWNED_p_TCGA_b102_105_SNP_N_GenomeWideSNP_6_D12_777158	17	933971	78510305	36900	0.0048
OWNED_p_TCGA_b102_105_SNP_N_GenomeWideSNP_6_D12_777158	18	319586	75210228	42542	-0.0068
OWNED_p_TCGA_b102_105_SNP_N_GenomeWideSNP_6_D12_777158	19	235018	63570038	23877	5e-04
OWNED_p_TCGA_b102_105_SNP_N_GenomeWideSNP_6_D12_777158	20	403764	61690281	37173	0.0034
OWNED_p_TCGA_b102_105_SNP_N_GenomeWideSNP_6_D12_777158	21	14269492	46503202	20544	0.0058
OWNED_p_TCGA_b102_105_SNP_N_GenomeWideSNP_6_D12_777158	22	15803930	47717016	16882	-0.0018
OWNED_p_TCGA_b102_105_SNP_N_GenomeWideSNP_6_D12_777158	X	3167107	154558783	63344	0.007
