Sample	Chromosome	Start	End	Num_Probes	Segment_Mean
DADOS_p_TCGAb3_85_86_87_88_NSP_GenomeWideSNP_6_F09_1464656	1	61735	98588	16	0.615
DADOS_p_TCGAb3_85_86_87_88_NSP_GenomeWideSNP_6_F09_1464656	1	98602	9589413	4832	-0.0076
DADOS_p_TCGAb3_85_86_87_88_NSP_GenomeWideSNP_6_F09_1464656	1	9596481	9596865	2	-1.2997
DADOS_p_TCGAb3_85_86_87_88_NSP_GenomeWideSNP_6_F09_1464656	1	9602373	10370402	347	-0.0143
DADOS_p_TCGAb3_85_86_87_88_NSP_GenomeWideSNP_6_F09_1464656	1	10370541	10377983	18	-0.6334
DADOS_p_TCGAb3_85_86_87_88_NSP_GenomeWideSNP_6_F09_1464656	1	10381772	16844932	3507	-4e-04
DADOS_p_TCGAb3_85_86_87_88_NSP_GenomeWideSNP_6_F09_1464656	1	16846035	17005734	46	0.328
DADOS_p_TCGAb3_85_86_87_88_NSP_GenomeWideSNP_6_F09_1464656	1	17005776	17114427	55	-0.2855
DADOS_p_TCGAb3_85_86_87_88_NSP_GenomeWideSNP_6_F09_1464656	1	17114634	25583341	5340	-0.0034
DADOS_p_TCGAb3_85_86_87_88_NSP_GenomeWideSNP_6_F09_1464656	1	25593128	25662005	30	0.3969
DADOS_p_TCGAb3_85_86_87_88_NSP_GenomeWideSNP_6_F09_1464656	1	25662212	76478754	31137	-0.0011
DADOS_p_TCGAb3_85_86_87_88_NSP_GenomeWideSNP_6_F09_1464656	1	76480075	76480439	3	-1.3335
DADOS_p_TCGAb3_85_86_87_88_NSP_GenomeWideSNP_6_F09_1464656	1	76484827	81326992	3141	-0.0139
DADOS_p_TCGAb3_85_86_87_88_NSP_GenomeWideSNP_6_F09_1464656	1	81330124	81330975	2	-2.1175
DADOS_p_TCGAb3_85_86_87_88_NSP_GenomeWideSNP_6_F09_1464656	1	81331397	83740524	1690	-0.0144
DADOS_p_TCGAb3_85_86_87_88_NSP_GenomeWideSNP_6_F09_1464656	1	83740658	83741510	2	-1.3782
DADOS_p_TCGAb3_85_86_87_88_NSP_GenomeWideSNP_6_F09_1464656	1	83742717	110221727	16646	-0.0057
DADOS_p_TCGAb3_85_86_87_88_NSP_GenomeWideSNP_6_F09_1464656	1	110224384	110242953	33	0.5949
DADOS_p_TCGAb3_85_86_87_88_NSP_GenomeWideSNP_6_F09_1464656	1	110244998	148662352	8336	-1e-04
DADOS_p_TCGAb3_85_86_87_88_NSP_GenomeWideSNP_6_F09_1464656	1	148662397	149062827	50	0.4098
DADOS_p_TCGAb3_85_86_87_88_NSP_GenomeWideSNP_6_F09_1464656	1	149067149	149521846	143	-0.07
DADOS_p_TCGAb3_85_86_87_88_NSP_GenomeWideSNP_6_F09_1464656	1	149545372	149644969	9	1.2226
DADOS_p_TCGAb3_85_86_87_88_NSP_GenomeWideSNP_6_F09_1464656	1	149645033	152759678	1694	-0.0112
DADOS_p_TCGAb3_85_86_87_88_NSP_GenomeWideSNP_6_F09_1464656	1	152761923	152778558	42	0.4484
DADOS_p_TCGAb3_85_86_87_88_NSP_GenomeWideSNP_6_F09_1464656	1	152778576	155180466	1340	-0.0038
DADOS_p_TCGAb3_85_86_87_88_NSP_GenomeWideSNP_6_F09_1464656	1	155189160	155201064	11	1.2463
DADOS_p_TCGAb3_85_86_87_88_NSP_GenomeWideSNP_6_F09_1464656	1	155211667	196714873	28210	-0.0051
DADOS_p_TCGAb3_85_86_87_88_NSP_GenomeWideSNP_6_F09_1464656	1	196727850	196740972	12	-1.7001
DADOS_p_TCGAb3_85_86_87_88_NSP_GenomeWideSNP_6_F09_1464656	1	196741117	196771280	35	-0.559
DADOS_p_TCGAb3_85_86_87_88_NSP_GenomeWideSNP_6_F09_1464656	1	196783626	199107702	1428	-0.0108
DADOS_p_TCGAb3_85_86_87_88_NSP_GenomeWideSNP_6_F09_1464656	1	199111363	199112524	7	-0.7083
DADOS_p_TCGAb3_85_86_87_88_NSP_GenomeWideSNP_6_F09_1464656	1	199113011	200828628	1161	0.0088
DADOS_p_TCGAb3_85_86_87_88_NSP_GenomeWideSNP_6_F09_1464656	1	200831932	200832804	3	-1.4254
DADOS_p_TCGAb3_85_86_87_88_NSP_GenomeWideSNP_6_F09_1464656	1	200840045	207697830	4338	0.0053
DADOS_p_TCGAb3_85_86_87_88_NSP_GenomeWideSNP_6_F09_1464656	1	207712848	207731374	3	-1.0945
DADOS_p_TCGAb3_85_86_87_88_NSP_GenomeWideSNP_6_F09_1464656	1	207734866	208479296	601	-0.0076
DADOS_p_TCGAb3_85_86_87_88_NSP_GenomeWideSNP_6_F09_1464656	1	208481228	208481710	6	-0.794
DADOS_p_TCGAb3_85_86_87_88_NSP_GenomeWideSNP_6_F09_1464656	1	208484111	209269627	642	0.0226
DADOS_p_TCGAb3_85_86_87_88_NSP_GenomeWideSNP_6_F09_1464656	1	209269714	209273268	4	-1.1086
DADOS_p_TCGAb3_85_86_87_88_NSP_GenomeWideSNP_6_F09_1464656	1	209273939	210071062	679	0.0066
DADOS_p_TCGAb3_85_86_87_88_NSP_GenomeWideSNP_6_F09_1464656	1	210081613	210083984	3	-2.7794
DADOS_p_TCGAb3_85_86_87_88_NSP_GenomeWideSNP_6_F09_1464656	1	210086552	240391740	21204	-0.0044
DADOS_p_TCGAb3_85_86_87_88_NSP_GenomeWideSNP_6_F09_1464656	1	240394015	240394139	6	-2.3725
DADOS_p_TCGAb3_85_86_87_88_NSP_GenomeWideSNP_6_F09_1464656	1	240396105	248749219	5758	-0.0184
DADOS_p_TCGAb3_85_86_87_88_NSP_GenomeWideSNP_6_F09_1464656	1	248749560	248797213	31	0.3957
DADOS_p_TCGAb3_85_86_87_88_NSP_GenomeWideSNP_6_F09_1464656	1	248805339	248866903	39	-0.0391
DADOS_p_TCGAb3_85_86_87_88_NSP_GenomeWideSNP_6_F09_1464656	1	248867244	248872658	4	-1.1031
DADOS_p_TCGAb3_85_86_87_88_NSP_GenomeWideSNP_6_F09_1464656	1	248876308	249224388	102	-0.02
DADOS_p_TCGAb3_85_86_87_88_NSP_GenomeWideSNP_6_F09_1464656	2	12784	6298140	4693	0.0063
DADOS_p_TCGAb3_85_86_87_88_NSP_GenomeWideSNP_6_F09_1464656	2	6300037	6307875	33	-1.0002
DADOS_p_TCGAb3_85_86_87_88_NSP_GenomeWideSNP_6_F09_1464656	2	6310503	106880095	62208	0.0186
DADOS_p_TCGAb3_85_86_87_88_NSP_GenomeWideSNP_6_F09_1464656	2	106880713	106885357	11	-2.4712
DADOS_p_TCGAb3_85_86_87_88_NSP_GenomeWideSNP_6_F09_1464656	2	106887255	125147751	10747	0.0172
DADOS_p_TCGAb3_85_86_87_88_NSP_GenomeWideSNP_6_F09_1464656	2	125150723	125152830	2	-3.1998
DADOS_p_TCGAb3_85_86_87_88_NSP_GenomeWideSNP_6_F09_1464656	2	125153540	125648783	333	-0.0015
DADOS_p_TCGAb3_85_86_87_88_NSP_GenomeWideSNP_6_F09_1464656	2	125651932	125658362	6	-1.1923
DADOS_p_TCGAb3_85_86_87_88_NSP_GenomeWideSNP_6_F09_1464656	2	125659692	130545565	3115	0.0124
DADOS_p_TCGAb3_85_86_87_88_NSP_GenomeWideSNP_6_F09_1464656	2	130549275	130549280	2	-1.9027
DADOS_p_TCGAb3_85_86_87_88_NSP_GenomeWideSNP_6_F09_1464656	2	130550251	130558377	6	-6.0625
DADOS_p_TCGAb3_85_86_87_88_NSP_GenomeWideSNP_6_F09_1464656	2	130559029	132083849	514	0.0036
DADOS_p_TCGAb3_85_86_87_88_NSP_GenomeWideSNP_6_F09_1464656	2	132093032	132096439	7	-0.953
DADOS_p_TCGAb3_85_86_87_88_NSP_GenomeWideSNP_6_F09_1464656	2	132097319	146864429	9232	0.0145
DADOS_p_TCGAb3_85_86_87_88_NSP_GenomeWideSNP_6_F09_1464656	2	146864443	146866934	22	0.613
DADOS_p_TCGAb3_85_86_87_88_NSP_GenomeWideSNP_6_F09_1464656	2	146877806	203293091	33846	0.0202
DADOS_p_TCGAb3_85_86_87_88_NSP_GenomeWideSNP_6_F09_1464656	2	203295775	203313482	42	-0.762
DADOS_p_TCGAb3_85_86_87_88_NSP_GenomeWideSNP_6_F09_1464656	2	203313497	243089456	25299	0.0219
DADOS_p_TCGAb3_85_86_87_88_NSP_GenomeWideSNP_6_F09_1464656	3	60345	46793377	33249	-0.4391
DADOS_p_TCGAb3_85_86_87_88_NSP_GenomeWideSNP_6_F09_1464656	3	46801817	46849179	39	-2.9032
DADOS_p_TCGAb3_85_86_87_88_NSP_GenomeWideSNP_6_F09_1464656	3	46849589	64830355	11729	-0.4378
DADOS_p_TCGAb3_85_86_87_88_NSP_GenomeWideSNP_6_F09_1464656	3	64831235	65501338	661	0.0041
DADOS_p_TCGAb3_85_86_87_88_NSP_GenomeWideSNP_6_F09_1464656	3	65501379	67267697	1181	-0.4229
DADOS_p_TCGAb3_85_86_87_88_NSP_GenomeWideSNP_6_F09_1464656	3	67270120	67270770	2	-1.8759
DADOS_p_TCGAb3_85_86_87_88_NSP_GenomeWideSNP_6_F09_1464656	3	67271029	67739968	379	-0.4328
DADOS_p_TCGAb3_85_86_87_88_NSP_GenomeWideSNP_6_F09_1464656	3	67740402	68445579	405	-0.0057
DADOS_p_TCGAb3_85_86_87_88_NSP_GenomeWideSNP_6_F09_1464656	3	68451221	68746164	219	-0.4519
DADOS_p_TCGAb3_85_86_87_88_NSP_GenomeWideSNP_6_F09_1464656	3	68746259	68747413	14	-1.9483
DADOS_p_TCGAb3_85_86_87_88_NSP_GenomeWideSNP_6_F09_1464656	3	68748758	70495040	1392	-0.4294
DADOS_p_TCGAb3_85_86_87_88_NSP_GenomeWideSNP_6_F09_1464656	3	70500509	70520256	18	-0.0095
DADOS_p_TCGAb3_85_86_87_88_NSP_GenomeWideSNP_6_F09_1464656	3	70520439	70525553	9	-0.4179
DADOS_p_TCGAb3_85_86_87_88_NSP_GenomeWideSNP_6_F09_1464656	3	70527712	71249961	492	0.0082
DADOS_p_TCGAb3_85_86_87_88_NSP_GenomeWideSNP_6_F09_1464656	3	71250135	71624920	253	-0.45
DADOS_p_TCGAb3_85_86_87_88_NSP_GenomeWideSNP_6_F09_1464656	3	71626123	73461096	1375	0
DADOS_p_TCGAb3_85_86_87_88_NSP_GenomeWideSNP_6_F09_1464656	3	73461819	73507103	44	-0.4402
DADOS_p_TCGAb3_85_86_87_88_NSP_GenomeWideSNP_6_F09_1464656	3	73509054	84102222	6060	-0.0066
DADOS_p_TCGAb3_85_86_87_88_NSP_GenomeWideSNP_6_F09_1464656	3	84105433	84106166	2	-1.2666
DADOS_p_TCGAb3_85_86_87_88_NSP_GenomeWideSNP_6_F09_1464656	3	84110967	89671333	3189	-0.0057
DADOS_p_TCGAb3_85_86_87_88_NSP_GenomeWideSNP_6_F09_1464656	3	89671347	89674140	7	-1.1816
DADOS_p_TCGAb3_85_86_87_88_NSP_GenomeWideSNP_6_F09_1464656	3	89678599	125712213	19543	0.0067
DADOS_p_TCGAb3_85_86_87_88_NSP_GenomeWideSNP_6_F09_1464656	3	125712270	125721862	30	-0.8605
DADOS_p_TCGAb3_85_86_87_88_NSP_GenomeWideSNP_6_F09_1464656	3	125722332	129760622	2335	0.0032
DADOS_p_TCGAb3_85_86_87_88_NSP_GenomeWideSNP_6_F09_1464656	3	129761124	129798735	48	0.3198
DADOS_p_TCGAb3_85_86_87_88_NSP_GenomeWideSNP_6_F09_1464656	3	129798781	162540490	20323	0.0018
DADOS_p_TCGAb3_85_86_87_88_NSP_GenomeWideSNP_6_F09_1464656	3	162545716	162626572	49	0.444
DADOS_p_TCGAb3_85_86_87_88_NSP_GenomeWideSNP_6_F09_1464656	3	162626603	162714517	71	-0.0885
DADOS_p_TCGAb3_85_86_87_88_NSP_GenomeWideSNP_6_F09_1464656	3	162717727	162719562	2	1.5543
DADOS_p_TCGAb3_85_86_87_88_NSP_GenomeWideSNP_6_F09_1464656	3	162726159	175080611	7592	-0.0023
DADOS_p_TCGAb3_85_86_87_88_NSP_GenomeWideSNP_6_F09_1464656	3	175080747	175081226	4	-4.0614
DADOS_p_TCGAb3_85_86_87_88_NSP_GenomeWideSNP_6_F09_1464656	3	175081325	180471706	3356	0.0026
DADOS_p_TCGAb3_85_86_87_88_NSP_GenomeWideSNP_6_F09_1464656	3	180472825	180477503	4	-1.0559
DADOS_p_TCGAb3_85_86_87_88_NSP_GenomeWideSNP_6_F09_1464656	3	180479157	195383142	9677	0.0051
DADOS_p_TCGAb3_85_86_87_88_NSP_GenomeWideSNP_6_F09_1464656	3	195390680	195474763	46	0.6256
DADOS_p_TCGAb3_85_86_87_88_NSP_GenomeWideSNP_6_F09_1464656	3	195478694	197896118	1173	-0.0146
DADOS_p_TCGAb3_85_86_87_88_NSP_GenomeWideSNP_6_F09_1464656	4	12281	3879618	1643	0.0157
DADOS_p_TCGAb3_85_86_87_88_NSP_GenomeWideSNP_6_F09_1464656	4	3885808	4167133	75	-0.7891
DADOS_p_TCGAb3_85_86_87_88_NSP_GenomeWideSNP_6_F09_1464656	4	4171335	10210390	4088	0.0203
DADOS_p_TCGAb3_85_86_87_88_NSP_GenomeWideSNP_6_F09_1464656	4	10223416	10234214	29	-2.4375
DADOS_p_TCGAb3_85_86_87_88_NSP_GenomeWideSNP_6_F09_1464656	4	10234266	61497136	31870	0.0203
DADOS_p_TCGAb3_85_86_87_88_NSP_GenomeWideSNP_6_F09_1464656	4	61500829	61501270	2	-1.4495
DADOS_p_TCGAb3_85_86_87_88_NSP_GenomeWideSNP_6_F09_1464656	4	61503976	66639887	3060	0.0082
DADOS_p_TCGAb3_85_86_87_88_NSP_GenomeWideSNP_6_F09_1464656	4	66640919	66642126	6	-0.732
DADOS_p_TCGAb3_85_86_87_88_NSP_GenomeWideSNP_6_F09_1464656	4	66644481	66868799	170	0.0102
DADOS_p_TCGAb3_85_86_87_88_NSP_GenomeWideSNP_6_F09_1464656	4	66869372	66901527	16	-0.4079
DADOS_p_TCGAb3_85_86_87_88_NSP_GenomeWideSNP_6_F09_1464656	4	66902487	69261064	1411	0.0225
DADOS_p_TCGAb3_85_86_87_88_NSP_GenomeWideSNP_6_F09_1464656	4	69282205	69288142	5	0.7971
DADOS_p_TCGAb3_85_86_87_88_NSP_GenomeWideSNP_6_F09_1464656	4	69294799	69372003	15	-0.0439
DADOS_p_TCGAb3_85_86_87_88_NSP_GenomeWideSNP_6_F09_1464656	4	69374941	69485979	64	-0.3753
DADOS_p_TCGAb3_85_86_87_88_NSP_GenomeWideSNP_6_F09_1464656	4	69489335	70123510	328	0.0134
DADOS_p_TCGAb3_85_86_87_88_NSP_GenomeWideSNP_6_F09_1464656	4	70127644	70231799	54	-2.273
DADOS_p_TCGAb3_85_86_87_88_NSP_GenomeWideSNP_6_F09_1464656	4	70232022	88194170	11137	0.0259
DADOS_p_TCGAb3_85_86_87_88_NSP_GenomeWideSNP_6_F09_1464656	4	88194203	88224918	21	-0.9935
DADOS_p_TCGAb3_85_86_87_88_NSP_GenomeWideSNP_6_F09_1464656	4	88228412	115173700	16216	0.0202
DADOS_p_TCGAb3_85_86_87_88_NSP_GenomeWideSNP_6_F09_1464656	4	115175323	115182175	23	0.7976
DADOS_p_TCGAb3_85_86_87_88_NSP_GenomeWideSNP_6_F09_1464656	4	115184229	116166104	612	0.0218
DADOS_p_TCGAb3_85_86_87_88_NSP_GenomeWideSNP_6_F09_1464656	4	116172611	116176125	22	-0.842
DADOS_p_TCGAb3_85_86_87_88_NSP_GenomeWideSNP_6_F09_1464656	4	116180182	132269242	9483	0.0233
DADOS_p_TCGAb3_85_86_87_88_NSP_GenomeWideSNP_6_F09_1464656	4	132279595	132281028	2	-2.5428
DADOS_p_TCGAb3_85_86_87_88_NSP_GenomeWideSNP_6_F09_1464656	4	132284073	191027923	37191	0.0181
DADOS_p_TCGAb3_85_86_87_88_NSP_GenomeWideSNP_6_F09_1464656	5	15532	45940040	30768	0.0226
DADOS_p_TCGAb3_85_86_87_88_NSP_GenomeWideSNP_6_F09_1464656	5	45953700	45962356	3	-1.6581
DADOS_p_TCGAb3_85_86_87_88_NSP_GenomeWideSNP_6_F09_1464656	5	45973448	46271008	55	-0.0629
DADOS_p_TCGAb3_85_86_87_88_NSP_GenomeWideSNP_6_F09_1464656	5	46271108	46273502	7	1.0107
DADOS_p_TCGAb3_85_86_87_88_NSP_GenomeWideSNP_6_F09_1464656	5	46278212	57321646	5082	0.0238
DADOS_p_TCGAb3_85_86_87_88_NSP_GenomeWideSNP_6_F09_1464656	5	57326027	57333533	32	-0.5118
DADOS_p_TCGAb3_85_86_87_88_NSP_GenomeWideSNP_6_F09_1464656	5	57338357	140218722	50137	0.0255
DADOS_p_TCGAb3_85_86_87_88_NSP_GenomeWideSNP_6_F09_1464656	5	140223836	140243756	13	-0.8183
DADOS_p_TCGAb3_85_86_87_88_NSP_GenomeWideSNP_6_F09_1464656	5	140252163	140479105	85	0.0293
DADOS_p_TCGAb3_85_86_87_88_NSP_GenomeWideSNP_6_F09_1464656	5	140479565	140479645	2	-1.1028
DADOS_p_TCGAb3_85_86_87_88_NSP_GenomeWideSNP_6_F09_1464656	5	140479976	148689959	5516	0.0345
DADOS_p_TCGAb3_85_86_87_88_NSP_GenomeWideSNP_6_F09_1464656	5	148690916	149675657	672	0.3514
DADOS_p_TCGAb3_85_86_87_88_NSP_GenomeWideSNP_6_F09_1464656	5	149683842	151514171	1272	0.0184
DADOS_p_TCGAb3_85_86_87_88_NSP_GenomeWideSNP_6_F09_1464656	5	151515386	151520271	15	-0.9107
DADOS_p_TCGAb3_85_86_87_88_NSP_GenomeWideSNP_6_F09_1464656	5	151520422	153747569	1526	0.0194
DADOS_p_TCGAb3_85_86_87_88_NSP_GenomeWideSNP_6_F09_1464656	5	153750917	154601747	505	0.3498
DADOS_p_TCGAb3_85_86_87_88_NSP_GenomeWideSNP_6_F09_1464656	5	154607051	156391005	1254	0.0272
DADOS_p_TCGAb3_85_86_87_88_NSP_GenomeWideSNP_6_F09_1464656	5	156391810	180790320	16232	0.3454
DADOS_p_TCGAb3_85_86_87_88_NSP_GenomeWideSNP_6_F09_1464656	6	149661	14491699	11377	0.0221
DADOS_p_TCGAb3_85_86_87_88_NSP_GenomeWideSNP_6_F09_1464656	6	14498023	14499329	2	-1.6302
DADOS_p_TCGAb3_85_86_87_88_NSP_GenomeWideSNP_6_F09_1464656	6	14499626	26705574	8911	0.0243
DADOS_p_TCGAb3_85_86_87_88_NSP_GenomeWideSNP_6_F09_1464656	6	26718131	26755915	20	0.4628
DADOS_p_TCGAb3_85_86_87_88_NSP_GenomeWideSNP_6_F09_1464656	6	26758030	29837072	1448	0.0186
DADOS_p_TCGAb3_85_86_87_88_NSP_GenomeWideSNP_6_F09_1464656	6	29837187	29850380	20	-1.0561
DADOS_p_TCGAb3_85_86_87_88_NSP_GenomeWideSNP_6_F09_1464656	6	29871636	33937999	2064	-0.0173
DADOS_p_TCGAb3_85_86_87_88_NSP_GenomeWideSNP_6_F09_1464656	6	33938743	33942705	7	-1.0576
DADOS_p_TCGAb3_85_86_87_88_NSP_GenomeWideSNP_6_F09_1464656	6	33944586	35752792	949	0.0237
DADOS_p_TCGAb3_85_86_87_88_NSP_GenomeWideSNP_6_F09_1464656	6	35756850	35757299	4	-0.8381
DADOS_p_TCGAb3_85_86_87_88_NSP_GenomeWideSNP_6_F09_1464656	6	35769721	38389698	1710	0.0266
DADOS_p_TCGAb3_85_86_87_88_NSP_GenomeWideSNP_6_F09_1464656	6	38391806	38402621	5	-0.8232
DADOS_p_TCGAb3_85_86_87_88_NSP_GenomeWideSNP_6_F09_1464656	6	38404801	41618178	2444	0.0248
DADOS_p_TCGAb3_85_86_87_88_NSP_GenomeWideSNP_6_F09_1464656	6	41618761	41619247	3	-1.6046
DADOS_p_TCGAb3_85_86_87_88_NSP_GenomeWideSNP_6_F09_1464656	6	41619689	42189302	332	0.0203
DADOS_p_TCGAb3_85_86_87_88_NSP_GenomeWideSNP_6_F09_1464656	6	42190430	42190556	3	-0.9158
DADOS_p_TCGAb3_85_86_87_88_NSP_GenomeWideSNP_6_F09_1464656	6	42193663	48930865	4155	0.0267
DADOS_p_TCGAb3_85_86_87_88_NSP_GenomeWideSNP_6_F09_1464656	6	48931729	48935200	5	-1.0624
DADOS_p_TCGAb3_85_86_87_88_NSP_GenomeWideSNP_6_F09_1464656	6	48946563	54848455	3931	0.0223
DADOS_p_TCGAb3_85_86_87_88_NSP_GenomeWideSNP_6_F09_1464656	6	54849161	54850139	3	-1.2353
DADOS_p_TCGAb3_85_86_87_88_NSP_GenomeWideSNP_6_F09_1464656	6	54852112	78942566	12676	0.0215
DADOS_p_TCGAb3_85_86_87_88_NSP_GenomeWideSNP_6_F09_1464656	6	78942652	79041773	136	0.304
DADOS_p_TCGAb3_85_86_87_88_NSP_GenomeWideSNP_6_F09_1464656	6	79041809	86841301	4874	0.0234
DADOS_p_TCGAb3_85_86_87_88_NSP_GenomeWideSNP_6_F09_1464656	6	86844815	86846215	2	-2.5484
DADOS_p_TCGAb3_85_86_87_88_NSP_GenomeWideSNP_6_F09_1464656	6	86847154	101927301	9540	0.0202
DADOS_p_TCGAb3_85_86_87_88_NSP_GenomeWideSNP_6_F09_1464656	6	101932126	101939489	6	-0.7518
DADOS_p_TCGAb3_85_86_87_88_NSP_GenomeWideSNP_6_F09_1464656	6	101944324	103737976	1071	0.0191
DADOS_p_TCGAb3_85_86_87_88_NSP_GenomeWideSNP_6_F09_1464656	6	103738039	103759725	39	-0.2664
DADOS_p_TCGAb3_85_86_87_88_NSP_GenomeWideSNP_6_F09_1464656	6	103759825	104897473	740	0.0321
DADOS_p_TCGAb3_85_86_87_88_NSP_GenomeWideSNP_6_F09_1464656	6	104909015	104929611	21	0.6545
DADOS_p_TCGAb3_85_86_87_88_NSP_GenomeWideSNP_6_F09_1464656	6	104943423	115195456	6505	0.0234
DADOS_p_TCGAb3_85_86_87_88_NSP_GenomeWideSNP_6_F09_1464656	6	115202532	115202790	4	-1.0923
DADOS_p_TCGAb3_85_86_87_88_NSP_GenomeWideSNP_6_F09_1464656	6	115206276	142620405	17170	0.024
DADOS_p_TCGAb3_85_86_87_88_NSP_GenomeWideSNP_6_F09_1464656	6	142621947	142622159	2	-2.4107
DADOS_p_TCGAb3_85_86_87_88_NSP_GenomeWideSNP_6_F09_1464656	6	142624580	171051005	19839	0.0196
DADOS_p_TCGAb3_85_86_87_88_NSP_GenomeWideSNP_6_F09_1464656	7	43355	15431632	10427	0.0162
DADOS_p_TCGAb3_85_86_87_88_NSP_GenomeWideSNP_6_F09_1464656	7	15431670	15433289	2	-2.3676
DADOS_p_TCGAb3_85_86_87_88_NSP_GenomeWideSNP_6_F09_1464656	7	15434065	38387443	17147	0.022
DADOS_p_TCGAb3_85_86_87_88_NSP_GenomeWideSNP_6_F09_1464656	7	38391365	38398047	5	-1.6373
DADOS_p_TCGAb3_85_86_87_88_NSP_GenomeWideSNP_6_F09_1464656	7	38400957	47282889	5868	0.0239
DADOS_p_TCGAb3_85_86_87_88_NSP_GenomeWideSNP_6_F09_1464656	7	47285283	47288924	7	-0.8865
DADOS_p_TCGAb3_85_86_87_88_NSP_GenomeWideSNP_6_F09_1464656	7	47291954	54386505	5143	0.0228
DADOS_p_TCGAb3_85_86_87_88_NSP_GenomeWideSNP_6_F09_1464656	7	54386509	54386517	5	-2.1183
DADOS_p_TCGAb3_85_86_87_88_NSP_GenomeWideSNP_6_F09_1464656	7	54393488	56756285	1571	0.0258
DADOS_p_TCGAb3_85_86_87_88_NSP_GenomeWideSNP_6_F09_1464656	7	56757827	56777036	9	-0.5854
DADOS_p_TCGAb3_85_86_87_88_NSP_GenomeWideSNP_6_F09_1464656	7	56780134	61257562	514	0.0044
DADOS_p_TCGAb3_85_86_87_88_NSP_GenomeWideSNP_6_F09_1464656	7	61288820	61888128	48	-0.4509
DADOS_p_TCGAb3_85_86_87_88_NSP_GenomeWideSNP_6_F09_1464656	7	61987173	66690571	1772	0.0154
DADOS_p_TCGAb3_85_86_87_88_NSP_GenomeWideSNP_6_F09_1464656	7	66695108	66698934	2	-2.6528
DADOS_p_TCGAb3_85_86_87_88_NSP_GenomeWideSNP_6_F09_1464656	7	66699784	91358314	14501	0.0194
DADOS_p_TCGAb3_85_86_87_88_NSP_GenomeWideSNP_6_F09_1464656	7	91358540	91359591	9	-0.8712
DADOS_p_TCGAb3_85_86_87_88_NSP_GenomeWideSNP_6_F09_1464656	7	91360990	97240000	3640	0.0204
DADOS_p_TCGAb3_85_86_87_88_NSP_GenomeWideSNP_6_F09_1464656	7	97252238	97258169	5	-1.3273
DADOS_p_TCGAb3_85_86_87_88_NSP_GenomeWideSNP_6_F09_1464656	7	97260975	126044974	16834	0.0165
DADOS_p_TCGAb3_85_86_87_88_NSP_GenomeWideSNP_6_F09_1464656	7	126045482	126046876	13	-1.2892
DADOS_p_TCGAb3_85_86_87_88_NSP_GenomeWideSNP_6_F09_1464656	7	126046877	133785177	4707	0.0203
DADOS_p_TCGAb3_85_86_87_88_NSP_GenomeWideSNP_6_F09_1464656	7	133785195	133790443	25	-2.4685
DADOS_p_TCGAb3_85_86_87_88_NSP_GenomeWideSNP_6_F09_1464656	7	133795634	133799197	12	-0.734
DADOS_p_TCGAb3_85_86_87_88_NSP_GenomeWideSNP_6_F09_1464656	7	133806244	142474939	5692	0.0235
DADOS_p_TCGAb3_85_86_87_88_NSP_GenomeWideSNP_6_F09_1464656	7	142476719	142486345	29	0.6435
DADOS_p_TCGAb3_85_86_87_88_NSP_GenomeWideSNP_6_F09_1464656	7	142486495	143532998	558	0.0109
DADOS_p_TCGAb3_85_86_87_88_NSP_GenomeWideSNP_6_F09_1464656	7	143543851	143545361	3	-1.2111
DADOS_p_TCGAb3_85_86_87_88_NSP_GenomeWideSNP_6_F09_1464656	7	143545694	143709699	130	0.0218
DADOS_p_TCGAb3_85_86_87_88_NSP_GenomeWideSNP_6_F09_1464656	7	143710096	143711151	7	-0.8654
DADOS_p_TCGAb3_85_86_87_88_NSP_GenomeWideSNP_6_F09_1464656	7	143711169	143909445	143	0.0288
DADOS_p_TCGAb3_85_86_87_88_NSP_GenomeWideSNP_6_F09_1464656	7	143911624	144049379	36	-0.3856
DADOS_p_TCGAb3_85_86_87_88_NSP_GenomeWideSNP_6_F09_1464656	7	144050933	154389895	6453	0.0133
DADOS_p_TCGAb3_85_86_87_88_NSP_GenomeWideSNP_6_F09_1464656	7	154393171	154397079	3	-1.3134
DADOS_p_TCGAb3_85_86_87_88_NSP_GenomeWideSNP_6_F09_1464656	7	154399613	154882800	425	0.0151
DADOS_p_TCGAb3_85_86_87_88_NSP_GenomeWideSNP_6_F09_1464656	7	154884853	154889545	45	-0.8587
DADOS_p_TCGAb3_85_86_87_88_NSP_GenomeWideSNP_6_F09_1464656	7	154891952	159127004	2778	0.0132
DADOS_p_TCGAb3_85_86_87_88_NSP_GenomeWideSNP_6_F09_1464656	8	31254	1367068	903	-0.0153
DADOS_p_TCGAb3_85_86_87_88_NSP_GenomeWideSNP_6_F09_1464656	8	1367362	1367602	3	-2.0472
DADOS_p_TCGAb3_85_86_87_88_NSP_GenomeWideSNP_6_F09_1464656	8	1367688	2080289	579	0.007
DADOS_p_TCGAb3_85_86_87_88_NSP_GenomeWideSNP_6_F09_1464656	8	2080394	2085178	21	-1.1324
DADOS_p_TCGAb3_85_86_87_88_NSP_GenomeWideSNP_6_F09_1464656	8	2090030	13614717	10994	0.0047
DADOS_p_TCGAb3_85_86_87_88_NSP_GenomeWideSNP_6_F09_1464656	8	13614732	13651722	45	-0.966
DADOS_p_TCGAb3_85_86_87_88_NSP_GenomeWideSNP_6_F09_1464656	8	13653184	16197191	2354	0.0058
DADOS_p_TCGAb3_85_86_87_88_NSP_GenomeWideSNP_6_F09_1464656	8	16206954	16207123	8	-1.937
DADOS_p_TCGAb3_85_86_87_88_NSP_GenomeWideSNP_6_F09_1464656	8	16212084	20930341	4220	0.028
DADOS_p_TCGAb3_85_86_87_88_NSP_GenomeWideSNP_6_F09_1464656	8	20930971	20934331	2	-2.2545
DADOS_p_TCGAb3_85_86_87_88_NSP_GenomeWideSNP_6_F09_1464656	8	20934631	21387770	449	0.0344
DADOS_p_TCGAb3_85_86_87_88_NSP_GenomeWideSNP_6_F09_1464656	8	21392400	21406200	11	-0.8993
DADOS_p_TCGAb3_85_86_87_88_NSP_GenomeWideSNP_6_F09_1464656	8	21408205	24979554	2279	0.021
DADOS_p_TCGAb3_85_86_87_88_NSP_GenomeWideSNP_6_F09_1464656	8	24979904	24979906	2	-2.0047
DADOS_p_TCGAb3_85_86_87_88_NSP_GenomeWideSNP_6_F09_1464656	8	24979929	32678866	5462	0.0292
DADOS_p_TCGAb3_85_86_87_88_NSP_GenomeWideSNP_6_F09_1464656	8	32683098	32688413	8	2.4686
DADOS_p_TCGAb3_85_86_87_88_NSP_GenomeWideSNP_6_F09_1464656	8	32692106	39226349	3581	0.0148
DADOS_p_TCGAb3_85_86_87_88_NSP_GenomeWideSNP_6_F09_1464656	8	39230183	39384969	60	0.3517
DADOS_p_TCGAb3_85_86_87_88_NSP_GenomeWideSNP_6_F09_1464656	8	39385194	42149992	1919	0.0225
DADOS_p_TCGAb3_85_86_87_88_NSP_GenomeWideSNP_6_F09_1464656	8	42150305	42150826	7	-1.0336
DADOS_p_TCGAb3_85_86_87_88_NSP_GenomeWideSNP_6_F09_1464656	8	42153491	51032011	2672	0.0103
DADOS_p_TCGAb3_85_86_87_88_NSP_GenomeWideSNP_6_F09_1464656	8	51032024	51032387	7	-2.2694
DADOS_p_TCGAb3_85_86_87_88_NSP_GenomeWideSNP_6_F09_1464656	8	51033423	63213378	8088	0.0212
DADOS_p_TCGAb3_85_86_87_88_NSP_GenomeWideSNP_6_F09_1464656	8	63217551	63224085	7	-0.9604
DADOS_p_TCGAb3_85_86_87_88_NSP_GenomeWideSNP_6_F09_1464656	8	63229146	146298155	52331	0.0179
DADOS_p_TCGAb3_85_86_87_88_NSP_GenomeWideSNP_6_F09_1464656	9	46587	602903	513	-0.0202
DADOS_p_TCGAb3_85_86_87_88_NSP_GenomeWideSNP_6_F09_1464656	9	606699	606961	4	-2.1861
DADOS_p_TCGAb3_85_86_87_88_NSP_GenomeWideSNP_6_F09_1464656	9	607307	2148966	1809	-0.0165
DADOS_p_TCGAb3_85_86_87_88_NSP_GenomeWideSNP_6_F09_1464656	9	2149934	2150662	4	-1.1139
DADOS_p_TCGAb3_85_86_87_88_NSP_GenomeWideSNP_6_F09_1464656	9	2152115	6399538	3830	-0.0061
DADOS_p_TCGAb3_85_86_87_88_NSP_GenomeWideSNP_6_F09_1464656	9	6399588	6401182	3	-1.4613
DADOS_p_TCGAb3_85_86_87_88_NSP_GenomeWideSNP_6_F09_1464656	9	6401361	10171341	3637	-0.0163
DADOS_p_TCGAb3_85_86_87_88_NSP_GenomeWideSNP_6_F09_1464656	9	10176726	10278701	93	0.5421
DADOS_p_TCGAb3_85_86_87_88_NSP_GenomeWideSNP_6_F09_1464656	9	10279606	41626881	21464	-0.0059
DADOS_p_TCGAb3_85_86_87_88_NSP_GenomeWideSNP_6_F09_1464656	9	41626896	41985187	23	0.5736
DADOS_p_TCGAb3_85_86_87_88_NSP_GenomeWideSNP_6_F09_1464656	9	42023107	44424451	111	0.0936
DADOS_p_TCGAb3_85_86_87_88_NSP_GenomeWideSNP_6_F09_1464656	9	44446136	44840918	38	0.6834
DADOS_p_TCGAb3_85_86_87_88_NSP_GenomeWideSNP_6_F09_1464656	9	44855737	68183981	156	0.0714
DADOS_p_TCGAb3_85_86_87_88_NSP_GenomeWideSNP_6_F09_1464656	9	68186051	68186057	4	1.8077
DADOS_p_TCGAb3_85_86_87_88_NSP_GenomeWideSNP_6_F09_1464656	9	68186059	74680271	3083	1e-04
DADOS_p_TCGAb3_85_86_87_88_NSP_GenomeWideSNP_6_F09_1464656	9	74682033	74683057	4	-1.1317
DADOS_p_TCGAb3_85_86_87_88_NSP_GenomeWideSNP_6_F09_1464656	9	74683084	138211368	44078	-0.0022
DADOS_p_TCGAb3_85_86_87_88_NSP_GenomeWideSNP_6_F09_1464656	9	138214105	138215622	2	-2.0043
DADOS_p_TCGAb3_85_86_87_88_NSP_GenomeWideSNP_6_F09_1464656	9	138216412	139427066	512	-0.0094
DADOS_p_TCGAb3_85_86_87_88_NSP_GenomeWideSNP_6_F09_1464656	9	139431355	139431752	3	-2.0242
DADOS_p_TCGAb3_85_86_87_88_NSP_GenomeWideSNP_6_F09_1464656	9	139433801	141091394	600	-0.0227
DADOS_p_TCGAb3_85_86_87_88_NSP_GenomeWideSNP_6_F09_1464656	10	72809	25725513	20171	-0.0117
DADOS_p_TCGAb3_85_86_87_88_NSP_GenomeWideSNP_6_F09_1464656	10	25727933	25728594	10	-0.9671
DADOS_p_TCGAb3_85_86_87_88_NSP_GenomeWideSNP_6_F09_1464656	10	25731255	26679781	711	-0.0082
DADOS_p_TCGAb3_85_86_87_88_NSP_GenomeWideSNP_6_F09_1464656	10	26686155	26689767	6	-1.2231
DADOS_p_TCGAb3_85_86_87_88_NSP_GenomeWideSNP_6_F09_1464656	10	26691649	28564323	1262	-0.0041
DADOS_p_TCGAb3_85_86_87_88_NSP_GenomeWideSNP_6_F09_1464656	10	28564760	28570599	26	-0.9709
DADOS_p_TCGAb3_85_86_87_88_NSP_GenomeWideSNP_6_F09_1464656	10	28573965	44230901	7996	-0.0024
DADOS_p_TCGAb3_85_86_87_88_NSP_GenomeWideSNP_6_F09_1464656	10	44231004	44231027	2	-1.5247
DADOS_p_TCGAb3_85_86_87_88_NSP_GenomeWideSNP_6_F09_1464656	10	44231342	57029123	7409	-0.0909
DADOS_p_TCGAb3_85_86_87_88_NSP_GenomeWideSNP_6_F09_1464656	10	57030751	57036122	5	-1.4193
DADOS_p_TCGAb3_85_86_87_88_NSP_GenomeWideSNP_6_F09_1464656	10	57039062	57637819	454	-0.1286
DADOS_p_TCGAb3_85_86_87_88_NSP_GenomeWideSNP_6_F09_1464656	10	57638469	57641824	2	-1.9635
DADOS_p_TCGAb3_85_86_87_88_NSP_GenomeWideSNP_6_F09_1464656	10	57642282	58448353	488	-0.1099
DADOS_p_TCGAb3_85_86_87_88_NSP_GenomeWideSNP_6_F09_1464656	10	58450780	58453680	2	-1.5217
DADOS_p_TCGAb3_85_86_87_88_NSP_GenomeWideSNP_6_F09_1464656	10	58454558	59747714	1046	-0.0905
DADOS_p_TCGAb3_85_86_87_88_NSP_GenomeWideSNP_6_F09_1464656	10	59748680	59750899	2	-1.2366
DADOS_p_TCGAb3_85_86_87_88_NSP_GenomeWideSNP_6_F09_1464656	10	59751948	67329406	5215	-0.086
DADOS_p_TCGAb3_85_86_87_88_NSP_GenomeWideSNP_6_F09_1464656	10	67331499	67336488	5	-1.3796
DADOS_p_TCGAb3_85_86_87_88_NSP_GenomeWideSNP_6_F09_1464656	10	67340178	67978859	532	-0.0782
DADOS_p_TCGAb3_85_86_87_88_NSP_GenomeWideSNP_6_F09_1464656	10	67980921	67981064	3	-1.5038
DADOS_p_TCGAb3_85_86_87_88_NSP_GenomeWideSNP_6_F09_1464656	10	67983410	81251331	8696	-0.0851
DADOS_p_TCGAb3_85_86_87_88_NSP_GenomeWideSNP_6_F09_1464656	10	81283267	81336695	3	-1.5806
DADOS_p_TCGAb3_85_86_87_88_NSP_GenomeWideSNP_6_F09_1464656	10	81347813	81559312	25	-0.0586
DADOS_p_TCGAb3_85_86_87_88_NSP_GenomeWideSNP_6_F09_1464656	10	81559401	81598055	17	0.3995
DADOS_p_TCGAb3_85_86_87_88_NSP_GenomeWideSNP_6_F09_1464656	10	81614702	89019812	5190	-0.0972
DADOS_p_TCGAb3_85_86_87_88_NSP_GenomeWideSNP_6_F09_1464656	10	89029243	89061261	6	0.6013
DADOS_p_TCGAb3_85_86_87_88_NSP_GenomeWideSNP_6_F09_1464656	10	89069796	92459927	2493	-0.0783
DADOS_p_TCGAb3_85_86_87_88_NSP_GenomeWideSNP_6_F09_1464656	10	92462715	92463291	4	-1.0019
DADOS_p_TCGAb3_85_86_87_88_NSP_GenomeWideSNP_6_F09_1464656	10	92471580	96869063	2562	-0.0888
DADOS_p_TCGAb3_85_86_87_88_NSP_GenomeWideSNP_6_F09_1464656	10	96869074	96875714	6	-0.8798
DADOS_p_TCGAb3_85_86_87_88_NSP_GenomeWideSNP_6_F09_1464656	10	96875959	99835094	1937	-0.0878
DADOS_p_TCGAb3_85_86_87_88_NSP_GenomeWideSNP_6_F09_1464656	10	99835175	99837402	7	-1.3561
DADOS_p_TCGAb3_85_86_87_88_NSP_GenomeWideSNP_6_F09_1464656	10	99845729	107056279	4240	-0.0859
DADOS_p_TCGAb3_85_86_87_88_NSP_GenomeWideSNP_6_F09_1464656	10	107057038	107059170	3	-1.9882
DADOS_p_TCGAb3_85_86_87_88_NSP_GenomeWideSNP_6_F09_1464656	10	107062476	115204728	5852	-0.0899
DADOS_p_TCGAb3_85_86_87_88_NSP_GenomeWideSNP_6_F09_1464656	10	115208757	115216865	8	-1.4002
DADOS_p_TCGAb3_85_86_87_88_NSP_GenomeWideSNP_6_F09_1464656	10	115219314	124334013	6805	-0.0873
DADOS_p_TCGAb3_85_86_87_88_NSP_GenomeWideSNP_6_F09_1464656	10	124341534	124357726	10	0.4846
DADOS_p_TCGAb3_85_86_87_88_NSP_GenomeWideSNP_6_F09_1464656	10	124383013	135506704	7918	-0.0965
DADOS_p_TCGAb3_85_86_87_88_NSP_GenomeWideSNP_6_F09_1464656	11	198510	4967650	2478	-0.0033
DADOS_p_TCGAb3_85_86_87_88_NSP_GenomeWideSNP_6_F09_1464656	11	4968117	4976334	32	-0.5224
DADOS_p_TCGAb3_85_86_87_88_NSP_GenomeWideSNP_6_F09_1464656	11	4976371	5787405	797	-0.0136
DADOS_p_TCGAb3_85_86_87_88_NSP_GenomeWideSNP_6_F09_1464656	11	5788080	5809338	33	-0.5595
DADOS_p_TCGAb3_85_86_87_88_NSP_GenomeWideSNP_6_F09_1464656	11	5809461	18940870	9429	-4e-04
DADOS_p_TCGAb3_85_86_87_88_NSP_GenomeWideSNP_6_F09_1464656	11	18949072	18961922	55	0.6055
DADOS_p_TCGAb3_85_86_87_88_NSP_GenomeWideSNP_6_F09_1464656	11	18961935	21711384	2498	0.0021
DADOS_p_TCGAb3_85_86_87_88_NSP_GenomeWideSNP_6_F09_1464656	11	21714462	21723483	6	-1.0782
DADOS_p_TCGAb3_85_86_87_88_NSP_GenomeWideSNP_6_F09_1464656	11	21734095	25605844	2757	-0.0203
DADOS_p_TCGAb3_85_86_87_88_NSP_GenomeWideSNP_6_F09_1464656	11	25608546	25624741	23	-4.7172
DADOS_p_TCGAb3_85_86_87_88_NSP_GenomeWideSNP_6_F09_1464656	11	25633583	90566513	37138	-0.0052
DADOS_p_TCGAb3_85_86_87_88_NSP_GenomeWideSNP_6_F09_1464656	11	90568187	90571038	4	-3.6438
DADOS_p_TCGAb3_85_86_87_88_NSP_GenomeWideSNP_6_F09_1464656	11	90572164	134944770	31924	-0.0097
DADOS_p_TCGAb3_85_86_87_88_NSP_GenomeWideSNP_6_F09_1464656	12	150442	8442285	5582	0.0103
DADOS_p_TCGAb3_85_86_87_88_NSP_GenomeWideSNP_6_F09_1464656	12	8449112	8449217	2	1.4754
DADOS_p_TCGAb3_85_86_87_88_NSP_GenomeWideSNP_6_F09_1464656	12	8453466	9630556	624	0.0249
DADOS_p_TCGAb3_85_86_87_88_NSP_GenomeWideSNP_6_F09_1464656	12	9633870	9713674	22	-1.9561
DADOS_p_TCGAb3_85_86_87_88_NSP_GenomeWideSNP_6_F09_1464656	12	9714954	18145568	5827	0.0146
DADOS_p_TCGAb3_85_86_87_88_NSP_GenomeWideSNP_6_F09_1464656	12	18146047	18239497	47	0.5581
DADOS_p_TCGAb3_85_86_87_88_NSP_GenomeWideSNP_6_F09_1464656	12	18242723	21144302	1883	0.015
DADOS_p_TCGAb3_85_86_87_88_NSP_GenomeWideSNP_6_F09_1464656	12	21144431	21144506	3	-2.4674
DADOS_p_TCGAb3_85_86_87_88_NSP_GenomeWideSNP_6_F09_1464656	12	21144542	33386757	8963	0.0192
DADOS_p_TCGAb3_85_86_87_88_NSP_GenomeWideSNP_6_F09_1464656	12	33388829	33395418	5	-2.4634
DADOS_p_TCGAb3_85_86_87_88_NSP_GenomeWideSNP_6_F09_1464656	12	33399053	34095910	463	-0.0112
DADOS_p_TCGAb3_85_86_87_88_NSP_GenomeWideSNP_6_F09_1464656	12	34098641	34110621	4	-0.9365
DADOS_p_TCGAb3_85_86_87_88_NSP_GenomeWideSNP_6_F09_1464656	12	34113665	34207009	47	-0.0044
DADOS_p_TCGAb3_85_86_87_88_NSP_GenomeWideSNP_6_F09_1464656	12	34208356	34217682	9	-0.7531
DADOS_p_TCGAb3_85_86_87_88_NSP_GenomeWideSNP_6_F09_1464656	12	34229648	84157733	28708	0.0186
DADOS_p_TCGAb3_85_86_87_88_NSP_GenomeWideSNP_6_F09_1464656	12	84160663	84161047	6	-0.8731
DADOS_p_TCGAb3_85_86_87_88_NSP_GenomeWideSNP_6_F09_1464656	12	84161185	108861534	16389	0.0221
DADOS_p_TCGAb3_85_86_87_88_NSP_GenomeWideSNP_6_F09_1464656	12	108863994	108864919	2	-1.9582
DADOS_p_TCGAb3_85_86_87_88_NSP_GenomeWideSNP_6_F09_1464656	12	108868094	113395184	2467	0.0104
DADOS_p_TCGAb3_85_86_87_88_NSP_GenomeWideSNP_6_F09_1464656	12	113397691	113398986	4	-0.9499
DADOS_p_TCGAb3_85_86_87_88_NSP_GenomeWideSNP_6_F09_1464656	12	113399552	130056508	11740	0.0169
DADOS_p_TCGAb3_85_86_87_88_NSP_GenomeWideSNP_6_F09_1464656	12	130056836	130060137	5	-1.3662
DADOS_p_TCGAb3_85_86_87_88_NSP_GenomeWideSNP_6_F09_1464656	12	130063808	132120715	1724	-0.0069
DADOS_p_TCGAb3_85_86_87_88_NSP_GenomeWideSNP_6_F09_1464656	12	132132584	132133335	13	-0.7228
DADOS_p_TCGAb3_85_86_87_88_NSP_GenomeWideSNP_6_F09_1464656	12	132142331	133778189	572	-0.0147
DADOS_p_TCGAb3_85_86_87_88_NSP_GenomeWideSNP_6_F09_1464656	13	19026949	20456271	715	0.0252
DADOS_p_TCGAb3_85_86_87_88_NSP_GenomeWideSNP_6_F09_1464656	13	20462314	20469457	14	-0.7549
DADOS_p_TCGAb3_85_86_87_88_NSP_GenomeWideSNP_6_F09_1464656	13	20471684	39745992	14061	0.0186
DADOS_p_TCGAb3_85_86_87_88_NSP_GenomeWideSNP_6_F09_1464656	13	39747763	39751136	3	-2.9709
DADOS_p_TCGAb3_85_86_87_88_NSP_GenomeWideSNP_6_F09_1464656	13	39754711	57751096	11343	0.0223
DADOS_p_TCGAb3_85_86_87_88_NSP_GenomeWideSNP_6_F09_1464656	13	57758270	57789714	35	-2.1775
DADOS_p_TCGAb3_85_86_87_88_NSP_GenomeWideSNP_6_F09_1464656	13	57790009	115108397	38179	0.0156
DADOS_p_TCGAb3_85_86_87_88_NSP_GenomeWideSNP_6_F09_1464656	14	19002124	19402242	26	0.0402
DADOS_p_TCGAb3_85_86_87_88_NSP_GenomeWideSNP_6_F09_1464656	14	19416191	20423372	164	-0.3572
DADOS_p_TCGAb3_85_86_87_88_NSP_GenomeWideSNP_6_F09_1464656	14	20424926	23734393	2299	-0.0162
DADOS_p_TCGAb3_85_86_87_88_NSP_GenomeWideSNP_6_F09_1464656	14	23734668	23734850	2	-1.597
DADOS_p_TCGAb3_85_86_87_88_NSP_GenomeWideSNP_6_F09_1464656	14	23736278	24431149	433	-0.0315
DADOS_p_TCGAb3_85_86_87_88_NSP_GenomeWideSNP_6_F09_1464656	14	24444829	24484459	25	-0.7435
DADOS_p_TCGAb3_85_86_87_88_NSP_GenomeWideSNP_6_F09_1464656	14	24488143	106547314	52232	-0.0311
DADOS_p_TCGAb3_85_86_87_88_NSP_GenomeWideSNP_6_F09_1464656	14	106547507	106567100	10	-0.8793
DADOS_p_TCGAb3_85_86_87_88_NSP_GenomeWideSNP_6_F09_1464656	14	106569463	106918649	194	-0.0452
DADOS_p_TCGAb3_85_86_87_88_NSP_GenomeWideSNP_6_F09_1464656	14	106922531	106939788	7	0.9157
DADOS_p_TCGAb3_85_86_87_88_NSP_GenomeWideSNP_6_F09_1464656	14	106943522	107285437	216	-0.0484
DADOS_p_TCGAb3_85_86_87_88_NSP_GenomeWideSNP_6_F09_1464656	15	20016328	20581562	104	-0.057
DADOS_p_TCGAb3_85_86_87_88_NSP_GenomeWideSNP_6_F09_1464656	15	20581564	21953711	200	-0.3332
DADOS_p_TCGAb3_85_86_87_88_NSP_GenomeWideSNP_6_F09_1464656	15	22042518	42402845	12576	-0.0122
DADOS_p_TCGAb3_85_86_87_88_NSP_GenomeWideSNP_6_F09_1464656	15	42403716	42407684	6	-0.9863
DADOS_p_TCGAb3_85_86_87_88_NSP_GenomeWideSNP_6_F09_1464656	15	42412291	58081272	9561	-0.0013
DADOS_p_TCGAb3_85_86_87_88_NSP_GenomeWideSNP_6_F09_1464656	15	58081846	58083428	3	-1.8019
DADOS_p_TCGAb3_85_86_87_88_NSP_GenomeWideSNP_6_F09_1464656	15	58088391	91218046	20933	5e-04
DADOS_p_TCGAb3_85_86_87_88_NSP_GenomeWideSNP_6_F09_1464656	15	91221045	91221307	2	-1.4741
DADOS_p_TCGAb3_85_86_87_88_NSP_GenomeWideSNP_6_F09_1464656	15	91228893	93796278	2122	0.004
DADOS_p_TCGAb3_85_86_87_88_NSP_GenomeWideSNP_6_F09_1464656	15	93797722	93798904	7	-0.7005
DADOS_p_TCGAb3_85_86_87_88_NSP_GenomeWideSNP_6_F09_1464656	15	93800425	102469040	6572	-0.0136
DADOS_p_TCGAb3_85_86_87_88_NSP_GenomeWideSNP_6_F09_1464656	16	60777	55796594	27345	0.0161
DADOS_p_TCGAb3_85_86_87_88_NSP_GenomeWideSNP_6_F09_1464656	16	55798222	55809224	9	0.9023
DADOS_p_TCGAb3_85_86_87_88_NSP_GenomeWideSNP_6_F09_1464656	16	55809466	78371608	14443	0.0156
DADOS_p_TCGAb3_85_86_87_88_NSP_GenomeWideSNP_6_F09_1464656	16	78372440	78384738	16	0.8928
DADOS_p_TCGAb3_85_86_87_88_NSP_GenomeWideSNP_6_F09_1464656	16	78384765	90287535	10650	0.011
DADOS_p_TCGAb3_85_86_87_88_NSP_GenomeWideSNP_6_F09_1464656	17	526	6100784	3373	0.0053
DADOS_p_TCGAb3_85_86_87_88_NSP_GenomeWideSNP_6_F09_1464656	17	6100796	6100811	2	-1.8088
DADOS_p_TCGAb3_85_86_87_88_NSP_GenomeWideSNP_6_F09_1464656	17	6101043	15599207	6682	-0.0403
DADOS_p_TCGAb3_85_86_87_88_NSP_GenomeWideSNP_6_F09_1464656	17	15607279	15614822	3	-1.2693
DADOS_p_TCGAb3_85_86_87_88_NSP_GenomeWideSNP_6_F09_1464656	17	15615121	34447402	8347	-0.0115
DADOS_p_TCGAb3_85_86_87_88_NSP_GenomeWideSNP_6_F09_1464656	17	34449179	34485091	29	0.3894
DADOS_p_TCGAb3_85_86_87_88_NSP_GenomeWideSNP_6_F09_1464656	17	34528125	39421708	2543	0.0177
DADOS_p_TCGAb3_85_86_87_88_NSP_GenomeWideSNP_6_F09_1464656	17	39423014	39430450	23	-1.5025
DADOS_p_TCGAb3_85_86_87_88_NSP_GenomeWideSNP_6_F09_1464656	17	39430531	55687489	9705	0.0163
DADOS_p_TCGAb3_85_86_87_88_NSP_GenomeWideSNP_6_F09_1464656	17	55688333	55688993	2	-2.2289
DADOS_p_TCGAb3_85_86_87_88_NSP_GenomeWideSNP_6_F09_1464656	17	55691993	77991228	13257	0.0115
DADOS_p_TCGAb3_85_86_87_88_NSP_GenomeWideSNP_6_F09_1464656	17	77993096	77996780	3	-1.1078
DADOS_p_TCGAb3_85_86_87_88_NSP_GenomeWideSNP_6_F09_1464656	17	78004093	81049726	1354	1e-04
DADOS_p_TCGAb3_85_86_87_88_NSP_GenomeWideSNP_6_F09_1464656	18	11543	58115807	36468	0.0229
DADOS_p_TCGAb3_85_86_87_88_NSP_GenomeWideSNP_6_F09_1464656	18	58116442	58121231	16	-0.9518
DADOS_p_TCGAb3_85_86_87_88_NSP_GenomeWideSNP_6_F09_1464656	18	58126311	64953649	4739	0.0191
DADOS_p_TCGAb3_85_86_87_88_NSP_GenomeWideSNP_6_F09_1464656	18	64959207	64967265	21	-0.769
DADOS_p_TCGAb3_85_86_87_88_NSP_GenomeWideSNP_6_F09_1464656	18	64967718	78015057	9595	0.0114
DADOS_p_TCGAb3_85_86_87_88_NSP_GenomeWideSNP_6_F09_1464656	19	90910	12692001	5075	0.016
DADOS_p_TCGAb3_85_86_87_88_NSP_GenomeWideSNP_6_F09_1464656	19	12697366	12698102	2	-2.284
DADOS_p_TCGAb3_85_86_87_88_NSP_GenomeWideSNP_6_F09_1464656	19	12700523	24451229	6159	0.0199
DADOS_p_TCGAb3_85_86_87_88_NSP_GenomeWideSNP_6_F09_1464656	19	24454781	24464957	14	-0.8053
DADOS_p_TCGAb3_85_86_87_88_NSP_GenomeWideSNP_6_F09_1464656	19	24487682	43697333	9522	0.0222
DADOS_p_TCGAb3_85_86_87_88_NSP_GenomeWideSNP_6_F09_1464656	19	43703033	43756237	22	-0.6965
DADOS_p_TCGAb3_85_86_87_88_NSP_GenomeWideSNP_6_F09_1464656	19	43766659	48531312	2403	0.0085
DADOS_p_TCGAb3_85_86_87_88_NSP_GenomeWideSNP_6_F09_1464656	19	48531330	48531332	2	-2.522
DADOS_p_TCGAb3_85_86_87_88_NSP_GenomeWideSNP_6_F09_1464656	19	48531376	54722275	3531	0.0012
DADOS_p_TCGAb3_85_86_87_88_NSP_GenomeWideSNP_6_F09_1464656	19	54730202	54741319	17	-0.9076
DADOS_p_TCGAb3_85_86_87_88_NSP_GenomeWideSNP_6_F09_1464656	19	54753340	57201722	1451	0.0199
DADOS_p_TCGAb3_85_86_87_88_NSP_GenomeWideSNP_6_F09_1464656	19	57204258	57211158	5	-1.0878
DADOS_p_TCGAb3_85_86_87_88_NSP_GenomeWideSNP_6_F09_1464656	19	57211511	59097854	1160	-0.0043
DADOS_p_TCGAb3_85_86_87_88_NSP_GenomeWideSNP_6_F09_1464656	20	61305	1560562	1202	0.008
DADOS_p_TCGAb3_85_86_87_88_NSP_GenomeWideSNP_6_F09_1464656	20	1560787	1593893	46	-0.6185
DADOS_p_TCGAb3_85_86_87_88_NSP_GenomeWideSNP_6_F09_1464656	20	1597946	23779830	17301	0.0206
DADOS_p_TCGAb3_85_86_87_88_NSP_GenomeWideSNP_6_F09_1464656	20	23780296	23782648	2	-1.575
DADOS_p_TCGAb3_85_86_87_88_NSP_GenomeWideSNP_6_F09_1464656	20	23785257	62956153	23963	0.0155
DADOS_p_TCGAb3_85_86_87_88_NSP_GenomeWideSNP_6_F09_1464656	21	10736871	10869911	7	-0.4693
DADOS_p_TCGAb3_85_86_87_88_NSP_GenomeWideSNP_6_F09_1464656	21	10871085	14436791	122	0.05
DADOS_p_TCGAb3_85_86_87_88_NSP_GenomeWideSNP_6_F09_1464656	21	14446712	14532550	15	-0.347
DADOS_p_TCGAb3_85_86_87_88_NSP_GenomeWideSNP_6_F09_1464656	21	14538478	14549965	4	-1.6216
DADOS_p_TCGAb3_85_86_87_88_NSP_GenomeWideSNP_6_F09_1464656	21	14560710	44729839	22347	-0.0324
DADOS_p_TCGAb3_85_86_87_88_NSP_GenomeWideSNP_6_F09_1464656	21	44733071	44733280	3	-1.5371
DADOS_p_TCGAb3_85_86_87_88_NSP_GenomeWideSNP_6_F09_1464656	21	44739048	48096957	1922	-0.0455
DADOS_p_TCGAb3_85_86_87_88_NSP_GenomeWideSNP_6_F09_1464656	22	16052528	18890292	1243	0.0302
DADOS_p_TCGAb3_85_86_87_88_NSP_GenomeWideSNP_6_F09_1464656	22	18890431	19006984	81	0.5899
DADOS_p_TCGAb3_85_86_87_88_NSP_GenomeWideSNP_6_F09_1464656	22	19024806	24271745	3267	-0.0027
DADOS_p_TCGAb3_85_86_87_88_NSP_GenomeWideSNP_6_F09_1464656	22	24283016	24332933	30	0.3981
DADOS_p_TCGAb3_85_86_87_88_NSP_GenomeWideSNP_6_F09_1464656	22	24337307	51234455	18954	0.0143
DADOS_p_TCGAb3_85_86_87_88_NSP_GenomeWideSNP_6_F09_1464656	X	168477	2666353	95	-0.7191
DADOS_p_TCGAb3_85_86_87_88_NSP_GenomeWideSNP_6_F09_1464656	X	2703391	23605025	14224	0.0147
DADOS_p_TCGAb3_85_86_87_88_NSP_GenomeWideSNP_6_F09_1464656	X	23605312	23673484	86	0.4131
DADOS_p_TCGAb3_85_86_87_88_NSP_GenomeWideSNP_6_F09_1464656	X	23674768	92323173	33582	0.0031
DADOS_p_TCGAb3_85_86_87_88_NSP_GenomeWideSNP_6_F09_1464656	X	92323279	92337030	37	-0.5463
DADOS_p_TCGAb3_85_86_87_88_NSP_GenomeWideSNP_6_F09_1464656	X	92337604	146179985	30989	0.0075
DADOS_p_TCGAb3_85_86_87_88_NSP_GenomeWideSNP_6_F09_1464656	X	146180109	146187678	22	-0.4865
DADOS_p_TCGAb3_85_86_87_88_NSP_GenomeWideSNP_6_F09_1464656	X	146187915	154929308	5037	0.0111
DADOS_p_TCGAb3_85_86_87_88_NSP_GenomeWideSNP_6_F09_1464656	X	154929498	155182354	19	-0.7133
DADOS_p_TCGAb3_85_86_87_88_NSP_GenomeWideSNP_6_F09_1464656	Y	2650438	2915759	135	-3.1162
DADOS_p_TCGAb3_85_86_87_88_NSP_GenomeWideSNP_6_F09_1464656	Y	2928908	6035471	701	-2.4421
DADOS_p_TCGAb3_85_86_87_88_NSP_GenomeWideSNP_6_F09_1464656	Y	6039351	6039663	2	-7.0123
DADOS_p_TCGAb3_85_86_87_88_NSP_GenomeWideSNP_6_F09_1464656	Y	6048274	6101425	33	-2.3932
DADOS_p_TCGAb3_85_86_87_88_NSP_GenomeWideSNP_6_F09_1464656	Y	6107901	6313572	91	-4.0043
DADOS_p_TCGAb3_85_86_87_88_NSP_GenomeWideSNP_6_F09_1464656	Y	6315579	7395687	460	-3.0081
DADOS_p_TCGAb3_85_86_87_88_NSP_GenomeWideSNP_6_F09_1464656	Y	7397635	9816334	1218	-3.3968
DADOS_p_TCGAb3_85_86_87_88_NSP_GenomeWideSNP_6_F09_1464656	Y	9816771	14764167	557	-2.9434
DADOS_p_TCGAb3_85_86_87_88_NSP_GenomeWideSNP_6_F09_1464656	Y	14764865	19063565	2224	-3.2149
DADOS_p_TCGAb3_85_86_87_88_NSP_GenomeWideSNP_6_F09_1464656	Y	19068122	19182271	46	-4.0212
DADOS_p_TCGAb3_85_86_87_88_NSP_GenomeWideSNP_6_F09_1464656	Y	19185349	19897503	340	-3.4069
DADOS_p_TCGAb3_85_86_87_88_NSP_GenomeWideSNP_6_F09_1464656	Y	19898025	21024613	526	-3.8482
DADOS_p_TCGAb3_85_86_87_88_NSP_GenomeWideSNP_6_F09_1464656	Y	21025062	24548177	1295	-3.2736
DADOS_p_TCGAb3_85_86_87_88_NSP_GenomeWideSNP_6_F09_1464656	Y	24560227	26218232	302	-3.8688
DADOS_p_TCGAb3_85_86_87_88_NSP_GenomeWideSNP_6_F09_1464656	Y	26222820	26430674	54	-3.1175
DADOS_p_TCGAb3_85_86_87_88_NSP_GenomeWideSNP_6_F09_1464656	Y	26430908	26473956	18	-1.8804
DADOS_p_TCGAb3_85_86_87_88_NSP_GenomeWideSNP_6_F09_1464656	Y	26482088	26630929	18	-3.121
DADOS_p_TCGAb3_85_86_87_88_NSP_GenomeWideSNP_6_F09_1464656	Y	26631228	27436702	86	-4.2978
DADOS_p_TCGAb3_85_86_87_88_NSP_GenomeWideSNP_6_F09_1464656	Y	27444915	27718290	90	-2.7198
DADOS_p_TCGAb3_85_86_87_88_NSP_GenomeWideSNP_6_F09_1464656	Y	27720551	28452016	259	-3.8667
DADOS_p_TCGAb3_85_86_87_88_NSP_GenomeWideSNP_6_F09_1464656	Y	28457337	59018259	175	-2.6577
