GDC_Aliquot	Chromosome	Start	End	Num_Probes	Segment_Mean
09fd41c3-2aeb-48be-853a-97e8dccea940	1	62920	98588	12	0.846
09fd41c3-2aeb-48be-853a-97e8dccea940	1	98602	668210	9	-0.1669
09fd41c3-2aeb-48be-853a-97e8dccea940	1	771719	16721984	8637	-0.6112
09fd41c3-2aeb-48be-853a-97e8dccea940	1	16766762	16788139	13	-2.0203
09fd41c3-2aeb-48be-853a-97e8dccea940	1	16855942	16935752	56	-0.0276
09fd41c3-2aeb-48be-853a-97e8dccea940	1	16949746	25247980	5242	-0.6176
09fd41c3-2aeb-48be-853a-97e8dccea940	1	25248216	25359294	40	-0.1043
09fd41c3-2aeb-48be-853a-97e8dccea940	1	25359353	40031005	7838	-0.5869
09fd41c3-2aeb-48be-853a-97e8dccea940	1	40036582	40036828	2	-3.9486
09fd41c3-2aeb-48be-853a-97e8dccea940	1	40037782	72307730	20780	-0.5725
09fd41c3-2aeb-48be-853a-97e8dccea940	1	72307746	72309451	2	-3.9172
09fd41c3-2aeb-48be-853a-97e8dccea940	1	72313397	105470754	20939	-0.5748
09fd41c3-2aeb-48be-853a-97e8dccea940	1	105476583	105481433	18	0.2621
09fd41c3-2aeb-48be-853a-97e8dccea940	1	105481448	109690352	2631	-0.5709
09fd41c3-2aeb-48be-853a-97e8dccea940	1	109690415	109697556	12	1.285
09fd41c3-2aeb-48be-853a-97e8dccea940	1	109702376	110822250	820	-0.6103
09fd41c3-2aeb-48be-853a-97e8dccea940	1	110823480	110850883	55	-0.1722
09fd41c3-2aeb-48be-853a-97e8dccea940	1	110851091	112147704	1064	-0.6037
09fd41c3-2aeb-48be-853a-97e8dccea940	1	112153343	112163438	27	0.1126
09fd41c3-2aeb-48be-853a-97e8dccea940	1	112163440	119823130	4929	-0.5904
09fd41c3-2aeb-48be-853a-97e8dccea940	1	119830787	152583230	2657	0.0512
09fd41c3-2aeb-48be-853a-97e8dccea940	1	152583291	152613762	30	2.023
09fd41c3-2aeb-48be-853a-97e8dccea940	1	152613802	155210675	1549	0.0308
09fd41c3-2aeb-48be-853a-97e8dccea940	1	155219369	155231273	11	1.3173
09fd41c3-2aeb-48be-853a-97e8dccea940	1	155241876	155687178	202	0.0149
09fd41c3-2aeb-48be-853a-97e8dccea940	1	155691436	157261279	769	-0.0427
09fd41c3-2aeb-48be-853a-97e8dccea940	1	157261638	166206806	6638	0.0339
09fd41c3-2aeb-48be-853a-97e8dccea940	1	166215244	166225133	10	0.8383
09fd41c3-2aeb-48be-853a-97e8dccea940	1	166226465	166579136	249	0.027
09fd41c3-2aeb-48be-853a-97e8dccea940	1	166582964	166583858	6	-0.7854
09fd41c3-2aeb-48be-853a-97e8dccea940	1	166584258	169247699	2053	0.0368
09fd41c3-2aeb-48be-853a-97e8dccea940	1	169264736	169272528	7	1.0422
09fd41c3-2aeb-48be-853a-97e8dccea940	1	169273163	184990847	10463	0.0433
09fd41c3-2aeb-48be-853a-97e8dccea940	1	184992672	185001379	9	-0.9538
09fd41c3-2aeb-48be-853a-97e8dccea940	1	185007889	189679027	2962	0.0518
09fd41c3-2aeb-48be-853a-97e8dccea940	1	189679353	189679397	2	-1.864
09fd41c3-2aeb-48be-853a-97e8dccea940	1	189682917	199828508	6622	0.0659
09fd41c3-2aeb-48be-853a-97e8dccea940	1	199829923	203194239	2251	-0.0006
09fd41c3-2aeb-48be-853a-97e8dccea940	1	203196253	203200263	8	-0.8527
09fd41c3-2aeb-48be-853a-97e8dccea940	1	203200364	218561292	10767	0.0335
09fd41c3-2aeb-48be-853a-97e8dccea940	1	218569402	218569632	2	-1.7275
09fd41c3-2aeb-48be-853a-97e8dccea940	1	218570810	220946070	1612	0.0302
09fd41c3-2aeb-48be-853a-97e8dccea940	1	220948026	223401769	1576	0.0549
09fd41c3-2aeb-48be-853a-97e8dccea940	1	223405285	223405987	3	-1.4559
09fd41c3-2aeb-48be-853a-97e8dccea940	1	223411377	234447137	7530	0.0365
09fd41c3-2aeb-48be-853a-97e8dccea940	1	234449180	234449795	4	-1.0615
09fd41c3-2aeb-48be-853a-97e8dccea940	1	234456059	234776541	288	-0.0101
09fd41c3-2aeb-48be-853a-97e8dccea940	1	234779700	234780167	2	-1.9257
09fd41c3-2aeb-48be-853a-97e8dccea940	1	234794424	240228440	4068	0.0242
09fd41c3-2aeb-48be-853a-97e8dccea940	1	240230715	240230839	6	-1.6603
09fd41c3-2aeb-48be-853a-97e8dccea940	1	240232805	248574146	5682	0.0236
09fd41c3-2aeb-48be-853a-97e8dccea940	1	248585893	248684083	49	0.3391
09fd41c3-2aeb-48be-853a-97e8dccea940	1	248684527	248930189	124	0.0474
09fd41c3-2aeb-48be-853a-97e8dccea940	2	12784	343154	210	0.076
09fd41c3-2aeb-48be-853a-97e8dccea940	2	343517	34476516	23865	-0.0206
09fd41c3-2aeb-48be-853a-97e8dccea940	2	34476558	34512096	44	0.8357
09fd41c3-2aeb-48be-853a-97e8dccea940	2	34512489	40381231	4304	0.0044
09fd41c3-2aeb-48be-853a-97e8dccea940	2	40385644	40386349	3	-1.2025
09fd41c3-2aeb-48be-853a-97e8dccea940	2	40387528	41011533	504	0.032
09fd41c3-2aeb-48be-853a-97e8dccea940	2	41011670	41024093	17	-0.5086
09fd41c3-2aeb-48be-853a-97e8dccea940	2	41024125	41327911	233	0.0855
09fd41c3-2aeb-48be-853a-97e8dccea940	2	41329141	50175224	6273	-0.0245
09fd41c3-2aeb-48be-853a-97e8dccea940	2	50176210	52514599	1666	0.0235
09fd41c3-2aeb-48be-853a-97e8dccea940	2	52516787	52560811	42	-0.386
09fd41c3-2aeb-48be-853a-97e8dccea940	2	52563002	87211079	22023	-0.0168
09fd41c3-2aeb-48be-853a-97e8dccea940	2	87218694	87218834	2	-1.7838
09fd41c3-2aeb-48be-853a-97e8dccea940	2	87221597	89981175	759	-0.0572
09fd41c3-2aeb-48be-853a-97e8dccea940	2	89984583	129787992	20771	0.026
09fd41c3-2aeb-48be-853a-97e8dccea940	2	129791702	129801456	9	-1.2168
09fd41c3-2aeb-48be-853a-97e8dccea940	2	129801673	132624389	1075	-0.0046
09fd41c3-2aeb-48be-853a-97e8dccea940	2	132624419	132624746	3	-1.8048
09fd41c3-2aeb-48be-853a-97e8dccea940	2	132627908	146106861	8606	0.0343
09fd41c3-2aeb-48be-853a-97e8dccea940	2	146106875	146109366	22	0.9913
09fd41c3-2aeb-48be-853a-97e8dccea940	2	146120238	176059767	18262	0.0442
09fd41c3-2aeb-48be-853a-97e8dccea940	2	176061565	176065180	4	-1.1231
09fd41c3-2aeb-48be-853a-97e8dccea940	2	176068475	180135369	2704	0.0605
09fd41c3-2aeb-48be-853a-97e8dccea940	2	180135801	180139023	2	-1.3095
09fd41c3-2aeb-48be-853a-97e8dccea940	2	180141744	184229950	2504	0.0522
09fd41c3-2aeb-48be-853a-97e8dccea940	2	184235808	184272191	67	-0.636
09fd41c3-2aeb-48be-853a-97e8dccea940	2	184276306	217794755	20198	0.0582
09fd41c3-2aeb-48be-853a-97e8dccea940	2	217797304	242147305	15322	0.0335
09fd41c3-2aeb-48be-853a-97e8dccea940	3	20930	1875292	1674	-0.0036
09fd41c3-2aeb-48be-853a-97e8dccea940	3	1876465	1881281	6	-1.1173
09fd41c3-2aeb-48be-853a-97e8dccea940	3	1883380	60661807	39707	-0.0128
09fd41c3-2aeb-48be-853a-97e8dccea940	3	60662336	60662399	2	-1.9073
09fd41c3-2aeb-48be-853a-97e8dccea940	3	60668436	61257937	580	0.0347
09fd41c3-2aeb-48be-853a-97e8dccea940	3	61258716	61266795	2	-1.5674
09fd41c3-2aeb-48be-853a-97e8dccea940	3	61267371	68697013	5809	0.0058
09fd41c3-2aeb-48be-853a-97e8dccea940	3	68697108	68698262	14	1.3338
09fd41c3-2aeb-48be-853a-97e8dccea940	3	68699607	109092167	21923	-0.0054
09fd41c3-2aeb-48be-853a-97e8dccea940	3	109092792	109097082	3	-1.6224
09fd41c3-2aeb-48be-853a-97e8dccea940	3	109098826	130067896	12733	-0.0101
09fd41c3-2aeb-48be-853a-97e8dccea940	3	130067910	130089968	32	0.6127
09fd41c3-2aeb-48be-853a-97e8dccea940	3	130092370	130125709	13	-0.2004
09fd41c3-2aeb-48be-853a-97e8dccea940	3	130129574	130137903	4	-1.8136
09fd41c3-2aeb-48be-853a-97e8dccea940	3	130141782	156421879	16297	-0.0014
09fd41c3-2aeb-48be-853a-97e8dccea940	3	156422960	156428691	3	-1.6521
09fd41c3-2aeb-48be-853a-97e8dccea940	3	156429698	161714818	3208	-0.0096
09fd41c3-2aeb-48be-853a-97e8dccea940	3	161715517	169244378	4398	0.0342
09fd41c3-2aeb-48be-853a-97e8dccea940	3	169244812	174682844	3542	-0.0049
09fd41c3-2aeb-48be-853a-97e8dccea940	3	174683102	174683995	4	-1.3241
09fd41c3-2aeb-48be-853a-97e8dccea940	3	174684425	175362822	514	0.0053
09fd41c3-2aeb-48be-853a-97e8dccea940	3	175362958	175821487	310	0.0968
09fd41c3-2aeb-48be-853a-97e8dccea940	3	175821536	182971707	4220	-0.0086
09fd41c3-2aeb-48be-853a-97e8dccea940	3	182974356	182976788	4	-1.0864
09fd41c3-2aeb-48be-853a-97e8dccea940	3	182978381	195685341	8482	-0.008
09fd41c3-2aeb-48be-853a-97e8dccea940	3	195691392	195715711	16	-0.6543
09fd41c3-2aeb-48be-853a-97e8dccea940	3	195719726	198169247	1187	0.038
09fd41c3-2aeb-48be-853a-97e8dccea940	4	68929	780829	266	0.1241
09fd41c3-2aeb-48be-853a-97e8dccea940	4	783123	9390027	4848	-0.0134
09fd41c3-2aeb-48be-853a-97e8dccea940	4	9390554	9617513	87	0.1332
09fd41c3-2aeb-48be-853a-97e8dccea940	4	9624789	9630824	3	-3.1695
09fd41c3-2aeb-48be-853a-97e8dccea940	4	9631635	10208766	497	-0.0142
09fd41c3-2aeb-48be-853a-97e8dccea940	4	10212536	10222224	4	1.5131
09fd41c3-2aeb-48be-853a-97e8dccea940	4	10227159	10389091	203	0.0109
09fd41c3-2aeb-48be-853a-97e8dccea940	4	10390730	10399044	16	0.5881
09fd41c3-2aeb-48be-853a-97e8dccea940	4	10401094	34763973	16764	0.0193
09fd41c3-2aeb-48be-853a-97e8dccea940	4	34764075	34828327	53	0.4699
09fd41c3-2aeb-48be-853a-97e8dccea940	4	34828382	44966586	6599	0.0248
09fd41c3-2aeb-48be-853a-97e8dccea940	4	44967219	44968465	3	-1.6421
09fd41c3-2aeb-48be-853a-97e8dccea940	4	44971409	49091769	2357	0.0509
09fd41c3-2aeb-48be-853a-97e8dccea940	4	49112078	49141246	3	1.759
09fd41c3-2aeb-48be-853a-97e8dccea940	4	49146817	52874069	600	0.0466
09fd41c3-2aeb-48be-853a-97e8dccea940	4	52875481	55734206	2078	-0.0082
09fd41c3-2aeb-48be-853a-97e8dccea940	4	55734547	55742213	5	-0.9258
09fd41c3-2aeb-48be-853a-97e8dccea940	4	55743359	57272526	945	-0.011
09fd41c3-2aeb-48be-853a-97e8dccea940	4	57273231	68352181	6840	0.0391
09fd41c3-2aeb-48be-853a-97e8dccea940	4	68352334	68674307	99	0.5024
09fd41c3-2aeb-48be-853a-97e8dccea940	4	68686026	69433003	401	0.1303
09fd41c3-2aeb-48be-853a-97e8dccea940	4	69433747	85075126	9690	0.031
09fd41c3-2aeb-48be-853a-97e8dccea940	4	85075406	85722589	458	0.0862
09fd41c3-2aeb-48be-853a-97e8dccea940	4	85722704	85722949	3	1.2786
09fd41c3-2aeb-48be-853a-97e8dccea940	4	85722977	88844721	1938	0.0372
09fd41c3-2aeb-48be-853a-97e8dccea940	4	88845412	88853079	4	-0.7755
09fd41c3-2aeb-48be-853a-97e8dccea940	4	88855067	89506725	455	0.0308
09fd41c3-2aeb-48be-853a-97e8dccea940	4	89507019	89507343	4	-1.0517
09fd41c3-2aeb-48be-853a-97e8dccea940	4	89508641	107145001	10294	0.0323
09fd41c3-2aeb-48be-853a-97e8dccea940	4	107145112	107154866	29	0.4369
09fd41c3-2aeb-48be-853a-97e8dccea940	4	107154967	115251455	5048	0.0202
09fd41c3-2aeb-48be-853a-97e8dccea940	4	115251792	115252062	7	0.786
09fd41c3-2aeb-48be-853a-97e8dccea940	4	115252079	118118777	1763	0.034
09fd41c3-2aeb-48be-853a-97e8dccea940	4	118119170	118119731	2	-1.3132
09fd41c3-2aeb-48be-853a-97e8dccea940	4	118122933	122002766	2361	0.0326
09fd41c3-2aeb-48be-853a-97e8dccea940	4	122003184	122004374	4	-0.863
09fd41c3-2aeb-48be-853a-97e8dccea940	4	122007101	124538250	1348	0.0082
09fd41c3-2aeb-48be-853a-97e8dccea940	4	124539196	124541780	3	-1.4125
09fd41c3-2aeb-48be-853a-97e8dccea940	4	124541870	125714501	759	0.0186
09fd41c3-2aeb-48be-853a-97e8dccea940	4	125714974	125750625	14	-0.4707
09fd41c3-2aeb-48be-853a-97e8dccea940	4	125752048	126823519	688	0.0498
09fd41c3-2aeb-48be-853a-97e8dccea940	4	126825467	126850164	15	0.4493
09fd41c3-2aeb-48be-853a-97e8dccea940	4	126853830	130003933	1752	0.0251
09fd41c3-2aeb-48be-853a-97e8dccea940	4	130004884	137261279	4006	0.0652
09fd41c3-2aeb-48be-853a-97e8dccea940	4	137261327	137261805	9	0.6966
09fd41c3-2aeb-48be-853a-97e8dccea940	4	137261857	138272309	672	0.0589
09fd41c3-2aeb-48be-853a-97e8dccea940	4	138275941	140308672	1397	0.0067
09fd41c3-2aeb-48be-853a-97e8dccea940	4	140309337	140310488	2	-1.3074
09fd41c3-2aeb-48be-853a-97e8dccea940	4	140311849	142872786	1636	0.0237
09fd41c3-2aeb-48be-853a-97e8dccea940	4	142872919	142879820	34	-0.5848
09fd41c3-2aeb-48be-853a-97e8dccea940	4	142879943	160958866	10871	0.0302
09fd41c3-2aeb-48be-853a-97e8dccea940	4	160958972	160963448	19	-0.4763
09fd41c3-2aeb-48be-853a-97e8dccea940	4	160963756	177125974	10031	0.0401
09fd41c3-2aeb-48be-853a-97e8dccea940	4	177127866	177134401	4	-1.3633
09fd41c3-2aeb-48be-853a-97e8dccea940	4	177135692	188300104	7982	0.0285
09fd41c3-2aeb-48be-853a-97e8dccea940	4	188300206	188300285	4	1.8116
09fd41c3-2aeb-48be-853a-97e8dccea940	4	188301659	190106768	1141	0.0612
09fd41c3-2aeb-48be-853a-97e8dccea940	5	15532	12791608	10178	0.0087
09fd41c3-2aeb-48be-853a-97e8dccea940	5	12800777	12826538	12	0.8968
09fd41c3-2aeb-48be-853a-97e8dccea940	5	12833745	15123912	1643	-0.0007
09fd41c3-2aeb-48be-853a-97e8dccea940	5	15124115	16043218	531	0.0838
09fd41c3-2aeb-48be-853a-97e8dccea940	5	16043428	17491332	989	-0.0189
09fd41c3-2aeb-48be-853a-97e8dccea940	5	17496510	104515520	49250	0.0441
09fd41c3-2aeb-48be-853a-97e8dccea940	5	104524672	104524903	4	1.8627
09fd41c3-2aeb-48be-853a-97e8dccea940	5	104525348	107804746	2132	0.0613
09fd41c3-2aeb-48be-853a-97e8dccea940	5	107805489	107805607	2	-2.5825
09fd41c3-2aeb-48be-853a-97e8dccea940	5	107809054	148831634	26326	0.0346
09fd41c3-2aeb-48be-853a-97e8dccea940	5	148833943	150822643	1329	0.0035
09fd41c3-2aeb-48be-853a-97e8dccea940	5	150825938	150839042	8	-0.5688
09fd41c3-2aeb-48be-853a-97e8dccea940	5	150843825	152135909	966	0.0082
09fd41c3-2aeb-48be-853a-97e8dccea940	5	152135923	152140710	13	-0.7871
09fd41c3-2aeb-48be-853a-97e8dccea940	5	152140861	154465243	1597	0.0139
09fd41c3-2aeb-48be-853a-97e8dccea940	5	154465433	154465503	2	-1.5662
09fd41c3-2aeb-48be-853a-97e8dccea940	5	154476927	168147933	9256	0.0338
09fd41c3-2aeb-48be-853a-97e8dccea940	5	168148623	168856144	533	-0.0619
09fd41c3-2aeb-48be-853a-97e8dccea940	5	168856159	171915200	2346	0.0133
09fd41c3-2aeb-48be-853a-97e8dccea940	5	171925393	172008704	44	0.3162
09fd41c3-2aeb-48be-853a-97e8dccea940	5	172010029	173774786	1291	0.0193
09fd41c3-2aeb-48be-853a-97e8dccea940	5	173774914	173781883	13	-0.5432
09fd41c3-2aeb-48be-853a-97e8dccea940	5	173781997	177771448	2393	0.0242
09fd41c3-2aeb-48be-853a-97e8dccea940	5	177800550	177805604	3	3.131
09fd41c3-2aeb-48be-853a-97e8dccea940	5	177827964	180693665	1635	-0.0015
09fd41c3-2aeb-48be-853a-97e8dccea940	5	180697535	180789266	83	0.2015
09fd41c3-2aeb-48be-853a-97e8dccea940	5	180799516	180953203	77	0.0019
09fd41c3-2aeb-48be-853a-97e8dccea940	5	180960138	180990207	12	0.5825
09fd41c3-2aeb-48be-853a-97e8dccea940	5	180990614	181363319	174	0.0147
09fd41c3-2aeb-48be-853a-97e8dccea940	6	149661	204689	35	0.1528
09fd41c3-2aeb-48be-853a-97e8dccea940	6	204909	227053	29	-0.1099
09fd41c3-2aeb-48be-853a-97e8dccea940	6	227183	366333	129	0.2771
09fd41c3-2aeb-48be-853a-97e8dccea940	6	373453	387659	18	-0.4358
09fd41c3-2aeb-48be-853a-97e8dccea940	6	389319	11289219	8663	0.0265
09fd41c3-2aeb-48be-853a-97e8dccea940	6	11290032	11290114	2	-2.95
09fd41c3-2aeb-48be-853a-97e8dccea940	6	11290884	16979550	4423	0.0319
09fd41c3-2aeb-48be-853a-97e8dccea940	6	16984228	16984249	2	-2.2787
09fd41c3-2aeb-48be-853a-97e8dccea940	6	16984296	18103638	657	0.015
09fd41c3-2aeb-48be-853a-97e8dccea940	6	18110168	18111304	2	-2.243
09fd41c3-2aeb-48be-853a-97e8dccea940	6	18114889	25309222	5332	0.0252
09fd41c3-2aeb-48be-853a-97e8dccea940	6	25319281	25401930	64	-0.6648
09fd41c3-2aeb-48be-853a-97e8dccea940	6	25401951	26153107	524	0.2752
09fd41c3-2aeb-48be-853a-97e8dccea940	6	26155837	26291299	85	-0.6289
09fd41c3-2aeb-48be-853a-97e8dccea940	6	26292219	26644778	228	0.2465
09fd41c3-2aeb-48be-853a-97e8dccea940	6	26651535	26664304	11	-0.5114
09fd41c3-2aeb-48be-853a-97e8dccea940	6	26670022	26960438	41	-0.085
09fd41c3-2aeb-48be-853a-97e8dccea940	6	26962520	27039334	52	-0.5475
09fd41c3-2aeb-48be-853a-97e8dccea940	6	27043967	27367737	153	0.3527
09fd41c3-2aeb-48be-853a-97e8dccea940	6	27376035	27516037	67	-0.5769
09fd41c3-2aeb-48be-853a-97e8dccea940	6	27520823	27706309	96	-0.3412
09fd41c3-2aeb-48be-853a-97e8dccea940	6	27706397	27771475	42	-0.7203
09fd41c3-2aeb-48be-853a-97e8dccea940	6	27774389	27888502	61	0.2968
09fd41c3-2aeb-48be-853a-97e8dccea940	6	27890643	28088674	103	-0.5453
09fd41c3-2aeb-48be-853a-97e8dccea940	6	28091915	28331518	129	0.2156
09fd41c3-2aeb-48be-853a-97e8dccea940	6	28334501	28340114	4	-0.5522
09fd41c3-2aeb-48be-853a-97e8dccea940	6	28340257	28426794	68	0.2569
09fd41c3-2aeb-48be-853a-97e8dccea940	6	28435826	28507143	36	-0.4598
09fd41c3-2aeb-48be-853a-97e8dccea940	6	28509903	28524877	9	0.3784
09fd41c3-2aeb-48be-853a-97e8dccea940	6	28527113	28528713	3	-0.4954
09fd41c3-2aeb-48be-853a-97e8dccea940	6	28529112	28943099	133	0.23
09fd41c3-2aeb-48be-853a-97e8dccea940	6	28949195	29130592	33	-0.7091
09fd41c3-2aeb-48be-853a-97e8dccea940	6	29138691	29237690	18	0.3369
09fd41c3-2aeb-48be-853a-97e8dccea940	6	29239793	29316685	24	-0.5864
09fd41c3-2aeb-48be-853a-97e8dccea940	6	29318893	29472480	85	0.2632
09fd41c3-2aeb-48be-853a-97e8dccea940	6	29476344	29479078	4	-0.4737
09fd41c3-2aeb-48be-853a-97e8dccea940	6	29486712	29710373	130	0.1882
09fd41c3-2aeb-48be-853a-97e8dccea940	6	29710743	30690462	472	-0.659
09fd41c3-2aeb-48be-853a-97e8dccea940	6	30698817	31313046	338	0.2054
09fd41c3-2aeb-48be-853a-97e8dccea940	6	31318499	31328176	8	1.3915
09fd41c3-2aeb-48be-853a-97e8dccea940	6	31328210	31650790	205	0.2503
09fd41c3-2aeb-48be-853a-97e8dccea940	6	31654829	31826815	37	-0.738
09fd41c3-2aeb-48be-853a-97e8dccea940	6	31859509	31965741	27	0.1833
09fd41c3-2aeb-48be-853a-97e8dccea940	6	31973780	32463515	228	-0.5871
09fd41c3-2aeb-48be-853a-97e8dccea940	6	32463775	32533522	19	1.5115
09fd41c3-2aeb-48be-853a-97e8dccea940	6	32540699	32722250	90	0.1729
09fd41c3-2aeb-48be-853a-97e8dccea940	6	32723020	32723053	3	2.0814
09fd41c3-2aeb-48be-853a-97e8dccea940	6	32732907	33712030	547	-0.618
09fd41c3-2aeb-48be-853a-97e8dccea940	6	33714637	33849156	101	0.1674
09fd41c3-2aeb-48be-853a-97e8dccea940	6	33852991	33970222	104	-0.6178
09fd41c3-2aeb-48be-853a-97e8dccea940	6	33970966	33974928	7	-1.9441
09fd41c3-2aeb-48be-853a-97e8dccea940	6	33976809	34174978	127	-0.6409
09fd41c3-2aeb-48be-853a-97e8dccea940	6	34176296	34559705	195	0.2163
09fd41c3-2aeb-48be-853a-97e8dccea940	6	34560740	34626299	33	-0.7281
09fd41c3-2aeb-48be-853a-97e8dccea940	6	34626579	36309033	887	0.2441
09fd41c3-2aeb-48be-853a-97e8dccea940	6	36309036	36402477	97	-0.5322
09fd41c3-2aeb-48be-853a-97e8dccea940	6	36404283	36505713	46	0.1514
09fd41c3-2aeb-48be-853a-97e8dccea940	6	36522014	36552985	15	-0.5787
09fd41c3-2aeb-48be-853a-97e8dccea940	6	36560759	36662822	52	0.2221
09fd41c3-2aeb-48be-853a-97e8dccea940	6	36663445	36702623	37	-0.7398
09fd41c3-2aeb-48be-853a-97e8dccea940	6	36702753	36752698	38	0.279
09fd41c3-2aeb-48be-853a-97e8dccea940	6	36753851	36789406	30	-0.5439
09fd41c3-2aeb-48be-853a-97e8dccea940	6	36798515	36892316	71	0.2944
09fd41c3-2aeb-48be-853a-97e8dccea940	6	36894162	37011308	113	-0.6479
09fd41c3-2aeb-48be-853a-97e8dccea940	6	37011442	37163600	90	0.2407
09fd41c3-2aeb-48be-853a-97e8dccea940	6	37173333	37277357	58	-0.5758
09fd41c3-2aeb-48be-853a-97e8dccea940	6	37278200	37440681	102	0.2538
09fd41c3-2aeb-48be-853a-97e8dccea940	6	37441861	37700436	199	-0.6572
09fd41c3-2aeb-48be-853a-97e8dccea940	6	37701726	37808296	76	0.2395
09fd41c3-2aeb-48be-853a-97e8dccea940	6	37817243	37824120	4	-0.5776
09fd41c3-2aeb-48be-853a-97e8dccea940	6	37829536	38083328	137	0.2943
09fd41c3-2aeb-48be-853a-97e8dccea940	6	38084874	38143563	32	-0.5045
09fd41c3-2aeb-48be-853a-97e8dccea940	6	38147197	38279944	102	0.261
09fd41c3-2aeb-48be-853a-97e8dccea940	6	38283004	38559705	195	-0.5934
09fd41c3-2aeb-48be-853a-97e8dccea940	6	38560416	39174807	496	0.2469
09fd41c3-2aeb-48be-853a-97e8dccea940	6	39177187	39266716	73	-0.7255
09fd41c3-2aeb-48be-853a-97e8dccea940	6	39270014	39283007	15	0.2932
09fd41c3-2aeb-48be-853a-97e8dccea940	6	39283045	39284531	5	-0.6732
09fd41c3-2aeb-48be-853a-97e8dccea940	6	39285348	39376814	80	0.2077
09fd41c3-2aeb-48be-853a-97e8dccea940	6	39378232	39402029	22	1.6049
09fd41c3-2aeb-48be-853a-97e8dccea940	6	39402894	39424942	21	-0.5834
09fd41c3-2aeb-48be-853a-97e8dccea940	6	39426382	39628450	113	1.6462
09fd41c3-2aeb-48be-853a-97e8dccea940	6	39637336	40798727	979	1.8851
09fd41c3-2aeb-48be-853a-97e8dccea940	6	40805232	41277698	302	-0.6074
09fd41c3-2aeb-48be-853a-97e8dccea940	6	41278735	41286753	12	0.3143
09fd41c3-2aeb-48be-853a-97e8dccea940	6	41290123	41294053	4	-0.4347
09fd41c3-2aeb-48be-853a-97e8dccea940	6	41302346	41314582	12	0.5287
09fd41c3-2aeb-48be-853a-97e8dccea940	6	41314659	41337716	26	0.2334
09fd41c3-2aeb-48be-853a-97e8dccea940	6	41339856	41345738	5	-0.3842
09fd41c3-2aeb-48be-853a-97e8dccea940	6	41347498	41431376	45	0.2765
09fd41c3-2aeb-48be-853a-97e8dccea940	6	41435507	41444758	6	-0.8029
09fd41c3-2aeb-48be-853a-97e8dccea940	6	41446812	41623516	125	0.2718
09fd41c3-2aeb-48be-853a-97e8dccea940	6	41630134	41661099	27	2.2452
09fd41c3-2aeb-48be-853a-97e8dccea940	6	41661988	41682998	20	-0.0285
09fd41c3-2aeb-48be-853a-97e8dccea940	6	41685904	41851563	86	2.1742
09fd41c3-2aeb-48be-853a-97e8dccea940	6	41853399	41863151	8	-0.3913
09fd41c3-2aeb-48be-853a-97e8dccea940	6	41863696	42071749	115	0.8356
09fd41c3-2aeb-48be-853a-97e8dccea940	6	42071928	42161506	55	1.7752
09fd41c3-2aeb-48be-853a-97e8dccea940	6	42164001	42182375	11	-0.7319
09fd41c3-2aeb-48be-853a-97e8dccea940	6	42187763	42211142	23	1.5326
09fd41c3-2aeb-48be-853a-97e8dccea940	6	42214445	42278684	39	-0.6017
09fd41c3-2aeb-48be-853a-97e8dccea940	6	42281158	42300130	16	1.5053
09fd41c3-2aeb-48be-853a-97e8dccea940	6	42305565	42323537	16	-0.6035
09fd41c3-2aeb-48be-853a-97e8dccea940	6	42326361	42574332	133	1.4562
09fd41c3-2aeb-48be-853a-97e8dccea940	6	42580078	42981697	190	2.1523
09fd41c3-2aeb-48be-853a-97e8dccea940	6	42985475	43051702	26	1.7028
09fd41c3-2aeb-48be-853a-97e8dccea940	6	43052450	43066179	11	0.2635
09fd41c3-2aeb-48be-853a-97e8dccea940	6	43069984	43077724	16	1.7995
09fd41c3-2aeb-48be-853a-97e8dccea940	6	43103552	43110344	9	-0.5098
09fd41c3-2aeb-48be-853a-97e8dccea940	6	43116361	43226139	57	0.1937
09fd41c3-2aeb-48be-853a-97e8dccea940	6	43230371	43420478	103	-0.6007
09fd41c3-2aeb-48be-853a-97e8dccea940	6	43421751	43495960	28	0.1298
09fd41c3-2aeb-48be-853a-97e8dccea940	6	43497094	43518172	8	1.9861
09fd41c3-2aeb-48be-853a-97e8dccea940	6	43522292	43546984	14	0.2911
09fd41c3-2aeb-48be-853a-97e8dccea940	6	43549425	43831723	148	1.6573
09fd41c3-2aeb-48be-853a-97e8dccea940	6	43833845	43920200	52	1.1759
09fd41c3-2aeb-48be-853a-97e8dccea940	6	43922205	43925201	6	-0.7535
09fd41c3-2aeb-48be-853a-97e8dccea940	6	43929649	43971194	35	1.0693
09fd41c3-2aeb-48be-853a-97e8dccea940	6	43976539	44031960	38	1.7993
09fd41c3-2aeb-48be-853a-97e8dccea940	6	44034442	44057350	14	0.3088
09fd41c3-2aeb-48be-853a-97e8dccea940	6	44057962	44068965	9	2.2377
09fd41c3-2aeb-48be-853a-97e8dccea940	6	44071085	44161145	50	0.2122
09fd41c3-2aeb-48be-853a-97e8dccea940	6	44163133	44310167	70	-0.6873
09fd41c3-2aeb-48be-853a-97e8dccea940	6	44310593	44506138	137	0.2301
09fd41c3-2aeb-48be-853a-97e8dccea940	6	44508016	44612052	89	-0.6415
09fd41c3-2aeb-48be-853a-97e8dccea940	6	44612935	44627327	16	0.2923
09fd41c3-2aeb-48be-853a-97e8dccea940	6	44629708	44674959	46	-0.6721
09fd41c3-2aeb-48be-853a-97e8dccea940	6	44675426	44715386	27	0.2353
09fd41c3-2aeb-48be-853a-97e8dccea940	6	44716387	45643918	520	-0.5492
09fd41c3-2aeb-48be-853a-97e8dccea940	6	45648706	45771715	73	0.2844
09fd41c3-2aeb-48be-853a-97e8dccea940	6	45771769	45772351	3	0.3932
09fd41c3-2aeb-48be-853a-97e8dccea940	6	45774888	45797055	24	1.5881
09fd41c3-2aeb-48be-853a-97e8dccea940	6	45797516	45800630	6	2.4277
09fd41c3-2aeb-48be-853a-97e8dccea940	6	45800692	45811995	11	1.6312
09fd41c3-2aeb-48be-853a-97e8dccea940	6	45812209	45812519	2	0.0696
09fd41c3-2aeb-48be-853a-97e8dccea940	6	45814288	46338002	406	1.6885
09fd41c3-2aeb-48be-853a-97e8dccea940	6	46338707	46662104	201	1.5395
09fd41c3-2aeb-48be-853a-97e8dccea940	6	46662738	46765366	70	1.3059
09fd41c3-2aeb-48be-853a-97e8dccea940	6	46765686	46787615	12	1.9602
09fd41c3-2aeb-48be-853a-97e8dccea940	6	46789326	46854748	40	1.4265
09fd41c3-2aeb-48be-853a-97e8dccea940	6	46854852	46958100	106	1.8193
09fd41c3-2aeb-48be-853a-97e8dccea940	6	46960032	47087463	105	1.1979
09fd41c3-2aeb-48be-853a-97e8dccea940	6	47092381	47239365	133	1.5133
09fd41c3-2aeb-48be-853a-97e8dccea940	6	47239565	47269181	24	0.996
09fd41c3-2aeb-48be-853a-97e8dccea940	6	47269684	47307927	29	1.658
09fd41c3-2aeb-48be-853a-97e8dccea940	6	47309833	47442843	89	0.9859
09fd41c3-2aeb-48be-853a-97e8dccea940	6	47445812	48180754	449	1.7127
09fd41c3-2aeb-48be-853a-97e8dccea940	6	48188219	48712459	299	1.1799
09fd41c3-2aeb-48be-853a-97e8dccea940	6	48715401	48819397	67	1.4903
09fd41c3-2aeb-48be-853a-97e8dccea940	6	48824488	48906367	54	1.0173
09fd41c3-2aeb-48be-853a-97e8dccea940	6	48909949	49095395	100	1.6836
09fd41c3-2aeb-48be-853a-97e8dccea940	6	49101641	49221718	65	1.0632
09fd41c3-2aeb-48be-853a-97e8dccea940	6	49222643	49687936	263	1.3158
09fd41c3-2aeb-48be-853a-97e8dccea940	6	49692899	50376588	398	1.8461
09fd41c3-2aeb-48be-853a-97e8dccea940	6	50379038	50582693	110	0.2061
09fd41c3-2aeb-48be-853a-97e8dccea940	6	50592717	50701583	76	-0.5282
09fd41c3-2aeb-48be-853a-97e8dccea940	6	50701698	50953545	142	0.2885
09fd41c3-2aeb-48be-853a-97e8dccea940	6	50954460	50958351	5	-0.6317
09fd41c3-2aeb-48be-853a-97e8dccea940	6	50961353	51819562	555	0.2749
09fd41c3-2aeb-48be-853a-97e8dccea940	6	51822479	52062889	156	0.8827
09fd41c3-2aeb-48be-853a-97e8dccea940	6	52064034	52232533	117	0.4809
09fd41c3-2aeb-48be-853a-97e8dccea940	6	52235651	52284458	50	0.8445
09fd41c3-2aeb-48be-853a-97e8dccea940	6	52289201	52442015	97	0.2385
09fd41c3-2aeb-48be-853a-97e8dccea940	6	52442405	52515843	52	0.8119
09fd41c3-2aeb-48be-853a-97e8dccea940	6	52518705	52520546	6	1.3332
09fd41c3-2aeb-48be-853a-97e8dccea940	6	52524077	52630403	63	0.7981
09fd41c3-2aeb-48be-853a-97e8dccea940	6	52636495	52666029	27	0.5061
09fd41c3-2aeb-48be-853a-97e8dccea940	6	52669280	52742349	54	0.8643
09fd41c3-2aeb-48be-853a-97e8dccea940	6	52743138	52762034	23	0.5018
09fd41c3-2aeb-48be-853a-97e8dccea940	6	52762393	53153488	282	0.8428
09fd41c3-2aeb-48be-853a-97e8dccea940	6	53153521	53440244	198	1.0305
09fd41c3-2aeb-48be-853a-97e8dccea940	6	53445431	53448058	8	0.7229
09fd41c3-2aeb-48be-853a-97e8dccea940	6	53449388	53660102	167	0.4594
09fd41c3-2aeb-48be-853a-97e8dccea940	6	53661448	53977802	232	0.8292
09fd41c3-2aeb-48be-853a-97e8dccea940	6	53977899	54611439	448	0.461
09fd41c3-2aeb-48be-853a-97e8dccea940	6	54613732	55016249	269	0.8776
09fd41c3-2aeb-48be-853a-97e8dccea940	6	55016409	55169703	77	1.5492
09fd41c3-2aeb-48be-853a-97e8dccea940	6	55173497	55798419	407	0.8712
09fd41c3-2aeb-48be-853a-97e8dccea940	6	55800317	55887166	54	0.4261
09fd41c3-2aeb-48be-853a-97e8dccea940	6	55889135	55997401	71	0.8542
09fd41c3-2aeb-48be-853a-97e8dccea940	6	56001293	56371488	254	0.4675
09fd41c3-2aeb-48be-853a-97e8dccea940	6	56375331	56549657	110	0.8802
09fd41c3-2aeb-48be-853a-97e8dccea940	6	56550163	56678939	68	0.4492
09fd41c3-2aeb-48be-853a-97e8dccea940	6	56684073	56734919	19	0.8499
09fd41c3-2aeb-48be-853a-97e8dccea940	6	56737420	56961532	110	0.4525
09fd41c3-2aeb-48be-853a-97e8dccea940	6	56962894	57057255	52	0.8639
09fd41c3-2aeb-48be-853a-97e8dccea940	6	57066757	57347009	138	0.4261
09fd41c3-2aeb-48be-853a-97e8dccea940	6	57350696	58311129	183	0.877
09fd41c3-2aeb-48be-853a-97e8dccea940	6	58314564	60585656	83	0.5747
09fd41c3-2aeb-48be-853a-97e8dccea940	6	60585948	60800954	104	0.9194
09fd41c3-2aeb-48be-853a-97e8dccea940	6	60801970	61199962	145	0.4782
09fd41c3-2aeb-48be-853a-97e8dccea940	6	61200155	61527062	51	1.0623
09fd41c3-2aeb-48be-853a-97e8dccea940	6	61530738	61531101	9	0.355
09fd41c3-2aeb-48be-853a-97e8dccea940	6	61531247	61890924	253	0.9281
09fd41c3-2aeb-48be-853a-97e8dccea940	6	61897502	61910192	6	-0.5355
09fd41c3-2aeb-48be-853a-97e8dccea940	6	61913818	61925535	9	2.1082
09fd41c3-2aeb-48be-853a-97e8dccea940	6	61928271	62431426	280	-0.5405
09fd41c3-2aeb-48be-853a-97e8dccea940	6	62436134	62456897	15	1.6014
09fd41c3-2aeb-48be-853a-97e8dccea940	6	62473677	62489898	6	-0.7223
09fd41c3-2aeb-48be-853a-97e8dccea940	6	62500369	62947698	217	2.0083
09fd41c3-2aeb-48be-853a-97e8dccea940	6	62955241	63070126	76	1.4029
09fd41c3-2aeb-48be-853a-97e8dccea940	6	63073343	63093727	10	-0.5079
09fd41c3-2aeb-48be-853a-97e8dccea940	6	63096726	63107001	7	2.0462
09fd41c3-2aeb-48be-853a-97e8dccea940	6	63111679	66085052	1759	-0.5581
09fd41c3-2aeb-48be-853a-97e8dccea940	6	66092896	66108711	16	1.4963
09fd41c3-2aeb-48be-853a-97e8dccea940	6	66109251	66139151	20	-0.5642
09fd41c3-2aeb-48be-853a-97e8dccea940	6	66140043	66351232	169	2.0404
09fd41c3-2aeb-48be-853a-97e8dccea940	6	66353289	66365496	8	-0.2954
09fd41c3-2aeb-48be-853a-97e8dccea940	6	66368948	66412602	29	1.7238
09fd41c3-2aeb-48be-853a-97e8dccea940	6	66413451	66439025	25	-0.5352
09fd41c3-2aeb-48be-853a-97e8dccea940	6	66440687	66469045	35	1.9494
09fd41c3-2aeb-48be-853a-97e8dccea940	6	66474383	66611116	106	-0.5657
09fd41c3-2aeb-48be-853a-97e8dccea940	6	66616171	66616559	2	-2.405
09fd41c3-2aeb-48be-853a-97e8dccea940	6	66619266	69303212	1812	-0.5582
09fd41c3-2aeb-48be-853a-97e8dccea940	6	69305112	69310102	6	-1.8457
09fd41c3-2aeb-48be-853a-97e8dccea940	6	69311565	70989162	1041	-0.5777
09fd41c3-2aeb-48be-853a-97e8dccea940	6	70994070	70994729	2	-3.0834
09fd41c3-2aeb-48be-853a-97e8dccea940	6	70995205	73882142	1905	-0.5903
09fd41c3-2aeb-48be-853a-97e8dccea940	6	73882509	73893903	13	0.1701
09fd41c3-2aeb-48be-853a-97e8dccea940	6	73894003	78253172	2761	-0.5561
09fd41c3-2aeb-48be-853a-97e8dccea940	6	78259348	78325468	113	0.091
09fd41c3-2aeb-48be-853a-97e8dccea940	6	78329517	80552577	1390	-0.5984
09fd41c3-2aeb-48be-853a-97e8dccea940	6	80554458	80555029	2	-2.9721
09fd41c3-2aeb-48be-853a-97e8dccea940	6	80555383	92866163	7810	-0.5825
09fd41c3-2aeb-48be-853a-97e8dccea940	6	92866201	92868912	29	-1.7463
09fd41c3-2aeb-48be-853a-97e8dccea940	6	92873205	103286954	6203	-0.5587
09fd41c3-2aeb-48be-853a-97e8dccea940	6	103290101	103299578	12	0.8635
09fd41c3-2aeb-48be-853a-97e8dccea940	6	103299596	103314186	34	0.1864
09fd41c3-2aeb-48be-853a-97e8dccea940	6	103317795	167050231	41832	-0.586
09fd41c3-2aeb-48be-853a-97e8dccea940	6	167050426	168238232	542	-0.7535
09fd41c3-2aeb-48be-853a-97e8dccea940	6	168243338	170741917	1641	-0.6284
09fd41c3-2aeb-48be-853a-97e8dccea940	7	43355	3021488	1110	0.049
09fd41c3-2aeb-48be-853a-97e8dccea940	7	3024374	54283982	37347	0.1163
09fd41c3-2aeb-48be-853a-97e8dccea940	7	54284039	54318812	16	-0.0587
09fd41c3-2aeb-48be-853a-97e8dccea940	7	54318816	54318824	5	-1.7652
09fd41c3-2aeb-48be-853a-97e8dccea940	7	54325795	61091469	2043	0.0915
09fd41c3-2aeb-48be-853a-97e8dccea940	7	61093309	62332999	23	-0.4315
09fd41c3-2aeb-48be-853a-97e8dccea940	7	62526795	63381394	269	0.2245
09fd41c3-2aeb-48be-853a-97e8dccea940	7	63455884	78268011	6861	0.0823
09fd41c3-2aeb-48be-853a-97e8dccea940	7	78268667	89993162	7642	0.1385
09fd41c3-2aeb-48be-853a-97e8dccea940	7	89993314	89994725	5	-0.6189
09fd41c3-2aeb-48be-853a-97e8dccea940	7	89997297	90139872	113	0.0941
09fd41c3-2aeb-48be-853a-97e8dccea940	7	90146435	90147556	4	-2.1377
09fd41c3-2aeb-48be-853a-97e8dccea940	7	90147717	97312239	4560	0.1242
09fd41c3-2aeb-48be-853a-97e8dccea940	7	97315956	97317387	6	-0.6014
09fd41c3-2aeb-48be-853a-97e8dccea940	7	97331103	97766197	306	0.1033
09fd41c3-2aeb-48be-853a-97e8dccea940	7	97772620	97772915	6	0.6609
09fd41c3-2aeb-48be-853a-97e8dccea940	7	97772976	97777749	21	0.102
09fd41c3-2aeb-48be-853a-97e8dccea940	7	97788295	97791338	4	-1.7394
09fd41c3-2aeb-48be-853a-97e8dccea940	7	97791340	102451288	2025	0.0625
09fd41c3-2aeb-48be-853a-97e8dccea940	7	102458452	104825194	1347	0.1345
09fd41c3-2aeb-48be-853a-97e8dccea940	7	104825409	104836088	25	-0.6362
09fd41c3-2aeb-48be-853a-97e8dccea940	7	104838045	106379007	1026	0.1115
09fd41c3-2aeb-48be-853a-97e8dccea940	7	106382024	106382435	2	-1.2584
09fd41c3-2aeb-48be-853a-97e8dccea940	7	106393754	111142940	3073	0.1286
09fd41c3-2aeb-48be-853a-97e8dccea940	7	111147727	111437786	220	0.277
09fd41c3-2aeb-48be-853a-97e8dccea940	7	111438748	118148761	4017	0.1143
09fd41c3-2aeb-48be-853a-97e8dccea940	7	118152454	118152946	3	-1.0817
09fd41c3-2aeb-48be-853a-97e8dccea940	7	118174148	134093884	9611	0.1191
09fd41c3-2aeb-48be-853a-97e8dccea940	7	134093896	134105690	25	0.4988
09fd41c3-2aeb-48be-853a-97e8dccea940	7	134110881	140492542	4112	0.1077
09fd41c3-2aeb-48be-853a-97e8dccea940	7	140493059	140498752	12	-0.6904
09fd41c3-2aeb-48be-853a-97e8dccea940	7	140499212	150209431	5939	0.1071
09fd41c3-2aeb-48be-853a-97e8dccea940	7	150211753	150212265	3	-1.4637
09fd41c3-2aeb-48be-853a-97e8dccea940	7	150224578	159334314	6021	0.0939
09fd41c3-2aeb-48be-853a-97e8dccea940	8	81254	644973	324	0.1502
09fd41c3-2aeb-48be-853a-97e8dccea940	8	645220	645875	6	0.8766
09fd41c3-2aeb-48be-853a-97e8dccea940	8	645892	645908	2	3.5511
09fd41c3-2aeb-48be-853a-97e8dccea940	8	656117	3650738	2605	0.1742
09fd41c3-2aeb-48be-853a-97e8dccea940	8	3650871	3651150	2	-1.4299
09fd41c3-2aeb-48be-853a-97e8dccea940	8	3652384	4194461	880	0.1932
09fd41c3-2aeb-48be-853a-97e8dccea940	8	4194475	4239997	100	-0.0092
09fd41c3-2aeb-48be-853a-97e8dccea940	8	4241072	6348145	2956	0.2161
09fd41c3-2aeb-48be-853a-97e8dccea940	8	6348446	6348805	2	-1.4955
09fd41c3-2aeb-48be-853a-97e8dccea940	8	6350198	6843611	569	0.1697
09fd41c3-2aeb-48be-853a-97e8dccea940	8	6852226	6870245	25	0.7529
09fd41c3-2aeb-48be-853a-97e8dccea940	8	6870866	7153553	247	0.1382
09fd41c3-2aeb-48be-853a-97e8dccea940	8	7155402	8102048	69	-0.3846
09fd41c3-2aeb-48be-853a-97e8dccea940	8	8104937	12691236	3299	0.1706
09fd41c3-2aeb-48be-853a-97e8dccea940	8	12691718	12698533	9	-0.8872
09fd41c3-2aeb-48be-853a-97e8dccea940	8	12701420	13729046	979	0.1644
09fd41c3-2aeb-48be-853a-97e8dccea940	8	13729692	13740782	13	0.3279
09fd41c3-2aeb-48be-853a-97e8dccea940	8	13741542	13742435	15	0.6523
09fd41c3-2aeb-48be-853a-97e8dccea940	8	13742496	13752897	25	0.3629
09fd41c3-2aeb-48be-853a-97e8dccea940	8	13752985	13754665	7	0.1834
09fd41c3-2aeb-48be-853a-97e8dccea940	8	13757208	13794213	46	-0.3876
09fd41c3-2aeb-48be-853a-97e8dccea940	8	13795675	14491729	668	0.2054
09fd41c3-2aeb-48be-853a-97e8dccea940	8	14494574	14494725	2	-1.5747
09fd41c3-2aeb-48be-853a-97e8dccea940	8	14495022	14915419	426	0.23
09fd41c3-2aeb-48be-853a-97e8dccea940	8	14915678	14915692	2	-0.9308
09fd41c3-2aeb-48be-853a-97e8dccea940	8	14915784	16349445	1254	0.2065
09fd41c3-2aeb-48be-853a-97e8dccea940	8	16349505	16349614	7	-1.1329
09fd41c3-2aeb-48be-853a-97e8dccea940	8	16354575	17343789	809	0.2152
09fd41c3-2aeb-48be-853a-97e8dccea940	8	17345362	17347440	3	1.7385
09fd41c3-2aeb-48be-853a-97e8dccea940	8	17347937	25116961	6118	0.1867
09fd41c3-2aeb-48be-853a-97e8dccea940	8	25117007	25133759	29	0.9807
09fd41c3-2aeb-48be-853a-97e8dccea940	8	25133774	39356427	9004	0.1741
09fd41c3-2aeb-48be-853a-97e8dccea940	8	39357136	39529446	69	0.6129
09fd41c3-2aeb-48be-853a-97e8dccea940	8	39530780	39698189	107	0.2784
09fd41c3-2aeb-48be-853a-97e8dccea940	8	39707562	40428286	597	0.1419
09fd41c3-2aeb-48be-853a-97e8dccea940	8	40429803	40438935	2	1.2391
09fd41c3-2aeb-48be-853a-97e8dccea940	8	40441510	43102491	1645	0.1408
09fd41c3-2aeb-48be-853a-97e8dccea940	8	43104811	43862525	220	0.276
09fd41c3-2aeb-48be-853a-97e8dccea940	8	43869321	43931659	15	0.7948
09fd41c3-2aeb-48be-853a-97e8dccea940	8	45951913	57202716	6592	0.1836
09fd41c3-2aeb-48be-853a-97e8dccea940	8	57203991	57217466	4	-1.372
09fd41c3-2aeb-48be-853a-97e8dccea940	8	57220239	64438879	4734	0.1895
09fd41c3-2aeb-48be-853a-97e8dccea940	8	64438881	64441618	2	-2.7814
09fd41c3-2aeb-48be-853a-97e8dccea940	8	64447984	145072769	51007	0.1884
09fd41c3-2aeb-48be-853a-97e8dccea940	9	46587	9246647	8830	0.0342
09fd41c3-2aeb-48be-853a-97e8dccea940	9	9247009	12569817	2880	0.0923
09fd41c3-2aeb-48be-853a-97e8dccea940	9	12570076	19899850	6156	0.0268
09fd41c3-2aeb-48be-853a-97e8dccea940	9	19900010	19903135	2	-1.4373
09fd41c3-2aeb-48be-853a-97e8dccea940	9	19903792	20374247	429	0.0227
09fd41c3-2aeb-48be-853a-97e8dccea940	9	20378538	23361807	2125	0.0468
09fd41c3-2aeb-48be-853a-97e8dccea940	9	23363117	23368027	5	1.116
09fd41c3-2aeb-48be-853a-97e8dccea940	9	23372011	32238491	6561	0.0596
09fd41c3-2aeb-48be-853a-97e8dccea940	9	32239116	35596347	2008	0.0049
09fd41c3-2aeb-48be-853a-97e8dccea940	9	35599755	35599925	2	1.5036
09fd41c3-2aeb-48be-853a-97e8dccea940	9	35599969	39459244	2155	0.0029
09fd41c3-2aeb-48be-853a-97e8dccea940	9	39464004	40189830	29	0.4345
09fd41c3-2aeb-48be-853a-97e8dccea940	9	40228981	42014203	97	-0.0225
09fd41c3-2aeb-48be-853a-97e8dccea940	9	42037471	42073850	4	1.3918
09fd41c3-2aeb-48be-853a-97e8dccea940	9	42080170	60893611	79	0.2081
09fd41c3-2aeb-48be-853a-97e8dccea940	9	60894341	63580418	77	-0.0625
09fd41c3-2aeb-48be-853a-97e8dccea940	9	63590317	63592813	7	1.5189
09fd41c3-2aeb-48be-853a-97e8dccea940	9	63614182	64480578	49	0.089
09fd41c3-2aeb-48be-853a-97e8dccea940	9	64493528	64510407	9	-0.8112
09fd41c3-2aeb-48be-853a-97e8dccea940	9	64520620	64672853	9	1.1894
09fd41c3-2aeb-48be-853a-97e8dccea940	9	64794598	106490142	26836	0.0388
09fd41c3-2aeb-48be-853a-97e8dccea940	9	106490245	106490889	3	-2.1256
09fd41c3-2aeb-48be-853a-97e8dccea940	9	106491854	133307114	18819	0.0298
09fd41c3-2aeb-48be-853a-97e8dccea940	9	133307129	133307252	4	1.9755
09fd41c3-2aeb-48be-853a-97e8dccea940	9	133316268	138200944	2280	-0.0007
09fd41c3-2aeb-48be-853a-97e8dccea940	10	45792	2649384	2031	0.0307
09fd41c3-2aeb-48be-853a-97e8dccea940	10	2650099	3094525	492	0.563
09fd41c3-2aeb-48be-853a-97e8dccea940	10	3095280	4244878	1050	0.0298
09fd41c3-2aeb-48be-853a-97e8dccea940	10	4248622	4254989	6	0.7982
09fd41c3-2aeb-48be-853a-97e8dccea940	10	4255061	6369412	1818	0.0352
09fd41c3-2aeb-48be-853a-97e8dccea940	10	6369488	6369519	3	1.5789
09fd41c3-2aeb-48be-853a-97e8dccea940	10	6376792	11646234	4518	0.0256
09fd41c3-2aeb-48be-853a-97e8dccea940	10	11646378	15776093	3389	-0.0206
09fd41c3-2aeb-48be-853a-97e8dccea940	10	15777170	20996475	4068	0.0205
09fd41c3-2aeb-48be-853a-97e8dccea940	10	20997450	20998599	2	-1.5115
09fd41c3-2aeb-48be-853a-97e8dccea940	10	20998694	24088746	1805	0.0408
09fd41c3-2aeb-48be-853a-97e8dccea940	10	24088747	24088753	5	1.1703
09fd41c3-2aeb-48be-853a-97e8dccea940	10	24088989	42195114	9900	0.0157
09fd41c3-2aeb-48be-853a-97e8dccea940	10	42211513	42211528	2	-1.5175
09fd41c3-2aeb-48be-853a-97e8dccea940	10	42222439	50081224	4303	0.0193
09fd41c3-2aeb-48be-853a-97e8dccea940	10	50097459	50210870	7	0.8304
09fd41c3-2aeb-48be-853a-97e8dccea940	10	50222104	54558736	3383	0.0377
09fd41c3-2aeb-48be-853a-97e8dccea940	10	54559465	57608935	2163	0.097
09fd41c3-2aeb-48be-853a-97e8dccea940	10	57610904	63860061	4289	0.0293
09fd41c3-2aeb-48be-853a-97e8dccea940	10	63860403	63860894	4	-0.9311
09fd41c3-2aeb-48be-853a-97e8dccea940	10	63865829	65529055	1138	0.0518
09fd41c3-2aeb-48be-853a-97e8dccea940	10	65529532	65585544	82	0.308
09fd41c3-2aeb-48be-853a-97e8dccea940	10	65585568	133535572	46105	0.0249
09fd41c3-2aeb-48be-853a-97e8dccea940	10	133535722	133654968	68	0.4972
09fd41c3-2aeb-48be-853a-97e8dccea940	11	198510	3395259	1276	0.0729
09fd41c3-2aeb-48be-853a-97e8dccea940	11	3397122	3407016	5	-1.975
09fd41c3-2aeb-48be-853a-97e8dccea940	11	3416270	4946420	1136	0.0996
09fd41c3-2aeb-48be-853a-97e8dccea940	11	4947280	4952799	25	-1.3987
09fd41c3-2aeb-48be-853a-97e8dccea940	11	4953934	5757241	778	0.1352
09fd41c3-2aeb-48be-853a-97e8dccea940	11	5757293	5787909	42	0.4477
09fd41c3-2aeb-48be-853a-97e8dccea940	11	5788108	7788131	1498	0.1053
09fd41c3-2aeb-48be-853a-97e8dccea940	11	7791493	7810711	7	-1.7812
09fd41c3-2aeb-48be-853a-97e8dccea940	11	7815462	25584298	13205	0.1152
09fd41c3-2aeb-48be-853a-97e8dccea940	11	25587000	25612037	24	-0.759
09fd41c3-2aeb-48be-853a-97e8dccea940	11	25615879	54952548	16253	0.1041
09fd41c3-2aeb-48be-853a-97e8dccea940	11	54953347	54990815	2	2.0823
09fd41c3-2aeb-48be-853a-97e8dccea940	11	55006417	55595864	233	0.1566
09fd41c3-2aeb-48be-853a-97e8dccea940	11	55606556	55685533	59	0.6769
09fd41c3-2aeb-48be-853a-97e8dccea940	11	55686100	57015234	891	0.1643
09fd41c3-2aeb-48be-853a-97e8dccea940	11	57016530	80453727	12569	0.0899
09fd41c3-2aeb-48be-853a-97e8dccea940	11	80455087	101723653	15086	0.1197
09fd41c3-2aeb-48be-853a-97e8dccea940	11	101727129	101727233	4	1.705
09fd41c3-2aeb-48be-853a-97e8dccea940	11	101727481	135074876	23725	0.1124
09fd41c3-2aeb-48be-853a-97e8dccea940	12	51460	741122	411	0.0136
09fd41c3-2aeb-48be-853a-97e8dccea940	12	741724	776000	49	0.42
09fd41c3-2aeb-48be-853a-97e8dccea940	12	776015	8075523	5009	0.0389
09fd41c3-2aeb-48be-853a-97e8dccea940	12	8077827	8079937	7	-0.8827
09fd41c3-2aeb-48be-853a-97e8dccea940	12	8084044	8275839	81	0.0294
09fd41c3-2aeb-48be-853a-97e8dccea940	12	8283642	8289689	3	-1.2085
09fd41c3-2aeb-48be-853a-97e8dccea940	12	8296516	8296621	2	2.1831
09fd41c3-2aeb-48be-853a-97e8dccea940	12	8300870	8404097	35	0.0894
09fd41c3-2aeb-48be-853a-97e8dccea940	12	8405892	8406040	2	2.9889
09fd41c3-2aeb-48be-853a-97e8dccea940	12	8406196	8442298	17	0.7015
09fd41c3-2aeb-48be-853a-97e8dccea940	12	8442935	9477960	558	0.0389
09fd41c3-2aeb-48be-853a-97e8dccea940	12	9481274	9575696	24	1.1995
09fd41c3-2aeb-48be-853a-97e8dccea940	12	9582373	11351157	1178	0.0723
09fd41c3-2aeb-48be-853a-97e8dccea940	12	11358643	11390472	31	-0.717
09fd41c3-2aeb-48be-853a-97e8dccea940	12	11399258	16266471	3525	0.0422
09fd41c3-2aeb-48be-853a-97e8dccea940	12	16268053	16268391	2	-1.4446
09fd41c3-2aeb-48be-853a-97e8dccea940	12	16275623	25840422	6510	0.0512
09fd41c3-2aeb-48be-853a-97e8dccea940	12	25841140	25842454	7	-1.0107
09fd41c3-2aeb-48be-853a-97e8dccea940	12	25843135	26487239	498	0.0335
09fd41c3-2aeb-48be-853a-97e8dccea940	12	26490377	26490422	2	-1.9459
09fd41c3-2aeb-48be-853a-97e8dccea940	12	26490923	33233822	4902	0.0397
09fd41c3-2aeb-48be-853a-97e8dccea940	12	33235894	33242207	4	-2.6496
09fd41c3-2aeb-48be-853a-97e8dccea940	12	33242483	38712177	1231	0.1212
09fd41c3-2aeb-48be-853a-97e8dccea940	12	38712929	40423795	1010	0.0564
09fd41c3-2aeb-48be-853a-97e8dccea940	12	40423942	40427676	12	-0.6574
09fd41c3-2aeb-48be-853a-97e8dccea940	12	40435353	45506042	3281	0.0502
09fd41c3-2aeb-48be-853a-97e8dccea940	12	45510655	45515754	4	-1.1143
09fd41c3-2aeb-48be-853a-97e8dccea940	12	45519509	52378931	3805	0.0306
09fd41c3-2aeb-48be-853a-97e8dccea940	12	52379162	52379898	5	1.008
09fd41c3-2aeb-48be-853a-97e8dccea940	12	52381647	63526209	6821	0.0413
09fd41c3-2aeb-48be-853a-97e8dccea940	12	63526805	63539183	4	-1.3147
09fd41c3-2aeb-48be-853a-97e8dccea940	12	63545944	63734445	59	0.8474
09fd41c3-2aeb-48be-853a-97e8dccea940	12	63741025	99398014	22998	0.0504
09fd41c3-2aeb-48be-853a-97e8dccea940	12	99398036	99402929	19	-0.5116
09fd41c3-2aeb-48be-853a-97e8dccea940	12	99403124	132980347	22602	0.0336
09fd41c3-2aeb-48be-853a-97e8dccea940	12	132980416	133201603	117	0.2471
09fd41c3-2aeb-48be-853a-97e8dccea940	13	18452809	19207785	334	-0.0127
09fd41c3-2aeb-48be-853a-97e8dccea940	13	19211268	19211281	2	1.498
09fd41c3-2aeb-48be-853a-97e8dccea940	13	19211872	23913651	3179	0.0147
09fd41c3-2aeb-48be-853a-97e8dccea940	13	23918346	23921773	3	-1.5228
09fd41c3-2aeb-48be-853a-97e8dccea940	13	23922979	38478674	10675	-0.0079
09fd41c3-2aeb-48be-853a-97e8dccea940	13	38483435	38483919	2	1.8051
09fd41c3-2aeb-48be-853a-97e8dccea940	13	38490920	42596056	2846	0.0151
09fd41c3-2aeb-48be-853a-97e8dccea940	13	42597432	42597530	2	-3.9501
09fd41c3-2aeb-48be-853a-97e8dccea940	13	42598151	62979513	12420	0.0253
09fd41c3-2aeb-48be-853a-97e8dccea940	13	62979918	62979930	2	-2.3351
09fd41c3-2aeb-48be-853a-97e8dccea940	13	62982658	93764188	19880	0.0336
09fd41c3-2aeb-48be-853a-97e8dccea940	13	93769823	95367202	1206	-0.0145
09fd41c3-2aeb-48be-853a-97e8dccea940	13	95367535	95370320	3	-1.4241
09fd41c3-2aeb-48be-853a-97e8dccea940	13	95371532	114342922	13583	0.003
09fd41c3-2aeb-48be-853a-97e8dccea940	14	18239283	20033176	220	0.2977
09fd41c3-2aeb-48be-853a-97e8dccea940	14	20033191	20243693	144	0.0004
09fd41c3-2aeb-48be-853a-97e8dccea940	14	20244163	20286644	18	0.5095
09fd41c3-2aeb-48be-853a-97e8dccea940	14	20287644	39865731	12517	0.025
09fd41c3-2aeb-48be-853a-97e8dccea940	14	39870336	47096454	4333	0.0683
09fd41c3-2aeb-48be-853a-97e8dccea940	14	47097102	64680958	11458	0.0299
09fd41c3-2aeb-48be-853a-97e8dccea940	14	64682481	64682731	2	-1.8865
09fd41c3-2aeb-48be-853a-97e8dccea940	14	64684202	73540003	5547	0.0306
09fd41c3-2aeb-48be-853a-97e8dccea940	14	73540147	73554275	7	1.386
09fd41c3-2aeb-48be-853a-97e8dccea940	14	73563196	76316266	1642	0.0277
09fd41c3-2aeb-48be-853a-97e8dccea940	14	76316370	78532827	1612	-0.0208
09fd41c3-2aeb-48be-853a-97e8dccea940	14	78534345	78535999	2	-1.3745
09fd41c3-2aeb-48be-853a-97e8dccea940	14	78537050	79095768	419	-0.0028
09fd41c3-2aeb-48be-853a-97e8dccea940	14	79098692	87936730	5842	0.0388
09fd41c3-2aeb-48be-853a-97e8dccea940	14	87937032	87947939	20	0.4629
09fd41c3-2aeb-48be-853a-97e8dccea940	14	87948856	104464094	10787	0.0169
09fd41c3-2aeb-48be-853a-97e8dccea940	14	104470042	104471983	2	-2.1034
09fd41c3-2aeb-48be-853a-97e8dccea940	14	104480266	106321086	545	-0.005
09fd41c3-2aeb-48be-853a-97e8dccea940	14	106340102	106364815	10	-1.1222
09fd41c3-2aeb-48be-853a-97e8dccea940	14	106365807	106372206	5	-0.0626
09fd41c3-2aeb-48be-853a-97e8dccea940	14	106378645	106487827	75	0.3289
09fd41c3-2aeb-48be-853a-97e8dccea940	14	106492557	106877229	191	0.1067
09fd41c3-2aeb-48be-853a-97e8dccea940	15	19811075	20056983	50	-0.0397
09fd41c3-2aeb-48be-853a-97e8dccea940	15	20059033	20373168	38	0.356
09fd41c3-2aeb-48be-853a-97e8dccea940	15	20376198	20376311	7	-0.7255
09fd41c3-2aeb-48be-853a-97e8dccea940	15	20380735	22265258	99	0.4909
09fd41c3-2aeb-48be-853a-97e8dccea940	15	22266759	22913591	176	0.0057
09fd41c3-2aeb-48be-853a-97e8dccea940	15	22913937	26750529	2512	-0.0891
09fd41c3-2aeb-48be-853a-97e8dccea940	15	26751834	26751896	2	-1.9046
09fd41c3-2aeb-48be-853a-97e8dccea940	15	26752669	27678978	697	-0.1038
09fd41c3-2aeb-48be-853a-97e8dccea940	15	27680690	27681353	3	-2.1944
09fd41c3-2aeb-48be-853a-97e8dccea940	15	27682157	30077828	1241	-0.0801
09fd41c3-2aeb-48be-853a-97e8dccea940	15	30094208	30503586	35	-0.7009
09fd41c3-2aeb-48be-853a-97e8dccea940	15	30515739	66636205	23184	-0.0731
09fd41c3-2aeb-48be-853a-97e8dccea940	15	66637236	76586021	5858	0.0265
09fd41c3-2aeb-48be-853a-97e8dccea940	15	76598900	76603434	22	0.9797
09fd41c3-2aeb-48be-853a-97e8dccea940	15	76609838	83874133	4414	0.0163
09fd41c3-2aeb-48be-853a-97e8dccea940	15	83874498	83874798	4	-0.9801
09fd41c3-2aeb-48be-853a-97e8dccea940	15	83878525	85813096	986	0.0318
09fd41c3-2aeb-48be-853a-97e8dccea940	15	85818185	85820680	8	-0.9913
09fd41c3-2aeb-48be-853a-97e8dccea940	15	85821495	101928837	12190	0.0097
09fd41c3-2aeb-48be-853a-97e8dccea940	16	10777	90096867	51852	0.0946
09fd41c3-2aeb-48be-853a-97e8dccea940	17	150733	355168	120	0.3516
09fd41c3-2aeb-48be-853a-97e8dccea940	17	359124	950392	317	0.5446
09fd41c3-2aeb-48be-853a-97e8dccea940	17	953977	2408335	718	0.3591
09fd41c3-2aeb-48be-853a-97e8dccea940	17	2409060	2409080	4	1.9287
09fd41c3-2aeb-48be-853a-97e8dccea940	17	2413234	6054891	2087	0.3815
09fd41c3-2aeb-48be-853a-97e8dccea940	17	6055381	6059063	6	-0.9498
09fd41c3-2aeb-48be-853a-97e8dccea940	17	6060639	11131670	3270	0.3865
09fd41c3-2aeb-48be-853a-97e8dccea940	17	11131749	11133132	9	-0.4801
09fd41c3-2aeb-48be-853a-97e8dccea940	17	11135820	16759600	3943	0.3925
09fd41c3-2aeb-48be-853a-97e8dccea940	17	16759737	16853833	13	-0.2874
09fd41c3-2aeb-48be-853a-97e8dccea940	17	16866487	18452078	905	0.3648
09fd41c3-2aeb-48be-853a-97e8dccea940	17	18455632	18561907	26	1.1789
09fd41c3-2aeb-48be-853a-97e8dccea940	17	18565883	19594577	360	0.3512
09fd41c3-2aeb-48be-853a-97e8dccea940	17	19596423	19635134	30	-0.4258
09fd41c3-2aeb-48be-853a-97e8dccea940	17	19635445	29848086	2467	0.3893
09fd41c3-2aeb-48be-853a-97e8dccea940	17	29853818	29855667	5	-0.5343
09fd41c3-2aeb-48be-853a-97e8dccea940	17	29858131	30196708	135	0.3899
09fd41c3-2aeb-48be-853a-97e8dccea940	17	30197396	36113461	3845	0.4418
09fd41c3-2aeb-48be-853a-97e8dccea940	17	36116407	36157718	31	0.2204
09fd41c3-2aeb-48be-853a-97e8dccea940	17	36200725	36208249	2	2.7201
09fd41c3-2aeb-48be-853a-97e8dccea940	17	36460442	36586260	98	0.4849
09fd41c3-2aeb-48be-853a-97e8dccea940	17	36586276	40488309	1927	0.4104
09fd41c3-2aeb-48be-853a-97e8dccea940	17	40489895	41265456	498	0.504
09fd41c3-2aeb-48be-853a-97e8dccea940	17	41266762	41274279	24	1.6854
09fd41c3-2aeb-48be-853a-97e8dccea940	17	41276472	41372886	115	0.4512
09fd41c3-2aeb-48be-853a-97e8dccea940	17	41376617	41380422	7	1.1862
09fd41c3-2aeb-48be-853a-97e8dccea940	17	41391076	46284997	2499	0.4025
09fd41c3-2aeb-48be-853a-97e8dccea940	17	46286804	46446360	5	-0.9684
09fd41c3-2aeb-48be-853a-97e8dccea940	17	46569894	52889852	3585	0.4264
09fd41c3-2aeb-48be-853a-97e8dccea940	17	52889874	53217893	205	0.5894
09fd41c3-2aeb-48be-853a-97e8dccea940	17	53222535	57610128	3215	0.4389
09fd41c3-2aeb-48be-853a-97e8dccea940	17	57610972	57614632	3	1.4262
09fd41c3-2aeb-48be-853a-97e8dccea940	17	57616251	58977668	764	0.4144
09fd41c3-2aeb-48be-853a-97e8dccea940	17	58982162	59093786	42	0.7075
09fd41c3-2aeb-48be-853a-97e8dccea940	17	59100301	65654879	3208	0.4143
09fd41c3-2aeb-48be-853a-97e8dccea940	17	65655696	74538736	6231	0.4475
09fd41c3-2aeb-48be-853a-97e8dccea940	17	74538828	80630401	3343	0.4113
09fd41c3-2aeb-48be-853a-97e8dccea940	17	80631014	80639707	12	1.0177
09fd41c3-2aeb-48be-853a-97e8dccea940	17	80641024	83091923	963	0.4056
09fd41c3-2aeb-48be-853a-97e8dccea940	18	48133	11558125	8494	0.0359
09fd41c3-2aeb-48be-853a-97e8dccea940	18	11560802	11561887	5	-1.0351
09fd41c3-2aeb-48be-853a-97e8dccea940	18	11565966	14656199	1686	0.0108
09fd41c3-2aeb-48be-853a-97e8dccea940	18	14660483	21100467	277	0.1568
09fd41c3-2aeb-48be-853a-97e8dccea940	18	21101332	22918940	913	0.0211
09fd41c3-2aeb-48be-853a-97e8dccea940	18	22923306	26674994	2408	-0.4626
09fd41c3-2aeb-48be-853a-97e8dccea940	18	26675849	37261364	6739	-0.411
09fd41c3-2aeb-48be-853a-97e8dccea940	18	37267584	37444376	114	-0.5066
09fd41c3-2aeb-48be-853a-97e8dccea940	18	37446127	37447262	5	-1.3842
09fd41c3-2aeb-48be-853a-97e8dccea940	18	37447733	38015909	392	-0.4619
09fd41c3-2aeb-48be-853a-97e8dccea940	18	38018974	38019521	2	-2.4128
09fd41c3-2aeb-48be-853a-97e8dccea940	18	38022342	43502627	3613	-0.4079
09fd41c3-2aeb-48be-853a-97e8dccea940	18	43504094	43621658	53	-1.4685
09fd41c3-2aeb-48be-853a-97e8dccea940	18	43625511	60250615	11488	-0.4471
09fd41c3-2aeb-48be-853a-97e8dccea940	18	60250708	60250981	7	1.4175
09fd41c3-2aeb-48be-853a-97e8dccea940	18	60251118	73559652	9601	-0.4017
09fd41c3-2aeb-48be-853a-97e8dccea940	18	73560094	79980544	4702	-0.4764
09fd41c3-2aeb-48be-853a-97e8dccea940	18	79980660	80257174	164	-0.3757
09fd41c3-2aeb-48be-853a-97e8dccea940	19	90910	15698940	6611	-0.0013
09fd41c3-2aeb-48be-853a-97e8dccea940	19	15709237	15746808	41	0.3395
09fd41c3-2aeb-48be-853a-97e8dccea940	19	15747148	19900349	1940	-0.0108
09fd41c3-2aeb-48be-853a-97e8dccea940	19	19900607	20358949	276	0.1458
09fd41c3-2aeb-48be-853a-97e8dccea940	19	20362744	20372008	12	-0.3613
09fd41c3-2aeb-48be-853a-97e8dccea940	19	20372341	20958704	329	0.1926
09fd41c3-2aeb-48be-853a-97e8dccea940	19	20958993	20972787	17	-0.034
09fd41c3-2aeb-48be-853a-97e8dccea940	19	20975084	20982361	4	-1.2226
09fd41c3-2aeb-48be-853a-97e8dccea940	19	20985642	27579291	1957	0.0496
09fd41c3-2aeb-48be-853a-97e8dccea940	19	27579513	43193181	9395	0.01
09fd41c3-2aeb-48be-853a-97e8dccea940	19	43198881	43252085	22	-0.5279
09fd41c3-2aeb-48be-853a-97e8dccea940	19	43262507	43444315	90	0.1593
09fd41c3-2aeb-48be-853a-97e8dccea940	19	43445053	43553896	63	-0.0579
09fd41c3-2aeb-48be-853a-97e8dccea940	19	43553946	43554337	2	-1.2717
09fd41c3-2aeb-48be-853a-97e8dccea940	19	43554941	44109508	396	0.0462
09fd41c3-2aeb-48be-853a-97e8dccea940	19	44109892	44111178	3	-0.9179
09fd41c3-2aeb-48be-853a-97e8dccea940	19	44117159	44401739	191	0.0662
09fd41c3-2aeb-48be-853a-97e8dccea940	19	44402359	44402382	2	-1.7059
09fd41c3-2aeb-48be-853a-97e8dccea940	19	44402845	51041994	2980	-0.0117
09fd41c3-2aeb-48be-853a-97e8dccea940	19	51043264	58586487	4764	0.0516
09fd41c3-2aeb-48be-853a-97e8dccea940	20	80664	1591489	1226	0.3384
09fd41c3-2aeb-48be-853a-97e8dccea940	20	1591557	1617300	18	-0.5303
09fd41c3-2aeb-48be-853a-97e8dccea940	20	1617460	7016171	4003	0.3111
09fd41c3-2aeb-48be-853a-97e8dccea940	20	7016759	7017158	3	-1.0751
09fd41c3-2aeb-48be-853a-97e8dccea940	20	7017574	7624284	470	0.3521
09fd41c3-2aeb-48be-853a-97e8dccea940	20	7624771	7624886	2	-2.2715
09fd41c3-2aeb-48be-853a-97e8dccea940	20	7625126	8170142	398	0.3504
09fd41c3-2aeb-48be-853a-97e8dccea940	20	8170758	8391565	179	0.4808
09fd41c3-2aeb-48be-853a-97e8dccea940	20	8396273	14495111	4644	0.3332
09fd41c3-2aeb-48be-853a-97e8dccea940	20	14497261	14497877	4	-0.9075
09fd41c3-2aeb-48be-853a-97e8dccea940	20	14498626	14779398	193	0.3482
09fd41c3-2aeb-48be-853a-97e8dccea940	20	14780815	15142008	364	0.433
09fd41c3-2aeb-48be-853a-97e8dccea940	20	15142714	24801017	7799	0.3225
09fd41c3-2aeb-48be-853a-97e8dccea940	20	24803240	24804140	2	-1.3062
09fd41c3-2aeb-48be-853a-97e8dccea940	20	24806186	26277456	696	0.3131
09fd41c3-2aeb-48be-853a-97e8dccea940	20	26285462	26297680	6	-0.5998
09fd41c3-2aeb-48be-853a-97e8dccea940	20	26299965	64324800	22367	0.3291
09fd41c3-2aeb-48be-853a-97e8dccea940	21	10354168	22198989	6254	0.0301
09fd41c3-2aeb-48be-853a-97e8dccea940	21	22199191	23459273	969	0.1201
09fd41c3-2aeb-48be-853a-97e8dccea940	21	23459697	31025583	5628	0.0304
09fd41c3-2aeb-48be-853a-97e8dccea940	21	31025989	32927194	1322	-0.0308
09fd41c3-2aeb-48be-853a-97e8dccea940	21	32931136	41661459	6889	0.0218
09fd41c3-2aeb-48be-853a-97e8dccea940	21	41664668	41665066	2	1.5277
09fd41c3-2aeb-48be-853a-97e8dccea940	21	41666104	46021401	2411	0.018
09fd41c3-2aeb-48be-853a-97e8dccea940	21	46022420	46022662	2	-1.8206
09fd41c3-2aeb-48be-853a-97e8dccea940	21	46030942	46570095	289	-0.0218
09fd41c3-2aeb-48be-853a-97e8dccea940	21	46570275	46585176	10	0.5134
09fd41c3-2aeb-48be-853a-97e8dccea940	21	46585313	46632257	45	0.0162
09fd41c3-2aeb-48be-853a-97e8dccea940	21	46632926	46677045	35	0.2829
09fd41c3-2aeb-48be-853a-97e8dccea940	22	15294547	20652927	2232	0.0013
09fd41c3-2aeb-48be-853a-97e8dccea940	22	20653880	23235402	1704	0.0776
09fd41c3-2aeb-48be-853a-97e8dccea940	22	23239115	42496590	13206	0.0106
09fd41c3-2aeb-48be-853a-97e8dccea940	22	42501276	42554485	25	0.5688
09fd41c3-2aeb-48be-853a-97e8dccea940	22	42559425	48965059	4933	0.0083
09fd41c3-2aeb-48be-853a-97e8dccea940	22	48967938	49304789	364	-0.1216
09fd41c3-2aeb-48be-853a-97e8dccea940	22	49305952	50796027	798	0.0685
09fd41c3-2aeb-48be-853a-97e8dccea940	X	251810	4125343	910	-0.0238
09fd41c3-2aeb-48be-853a-97e8dccea940	X	4125937	4128902	4	-3.6726
09fd41c3-2aeb-48be-853a-97e8dccea940	X	4130583	22225561	12195	0.0109
09fd41c3-2aeb-48be-853a-97e8dccea940	X	22226211	22246528	5	-2.6741
09fd41c3-2aeb-48be-853a-97e8dccea940	X	22246690	50187523	16605	0.0216
09fd41c3-2aeb-48be-853a-97e8dccea940	X	50192196	50192280	2	-3.7127
09fd41c3-2aeb-48be-853a-97e8dccea940	X	50192695	79950473	11184	0.0079
09fd41c3-2aeb-48be-853a-97e8dccea940	X	79954706	79960063	6	-3.453
09fd41c3-2aeb-48be-853a-97e8dccea940	X	79966552	86573286	3623	0.0214
09fd41c3-2aeb-48be-853a-97e8dccea940	X	86573599	86573678	2	-2.7224
09fd41c3-2aeb-48be-853a-97e8dccea940	X	86574371	91712745	2568	0.0323
09fd41c3-2aeb-48be-853a-97e8dccea940	X	91715507	91716772	7	-0.9674
09fd41c3-2aeb-48be-853a-97e8dccea940	X	91716890	94158610	1143	0.0343
09fd41c3-2aeb-48be-853a-97e8dccea940	X	94158623	94164611	12	-0.3674
09fd41c3-2aeb-48be-853a-97e8dccea940	X	94168196	94174154	6	-2.6911
09fd41c3-2aeb-48be-853a-97e8dccea940	X	94174579	136657052	23387	0.007
09fd41c3-2aeb-48be-853a-97e8dccea940	X	136657103	136657513	2	-4.2359
09fd41c3-2aeb-48be-853a-97e8dccea940	X	136659026	155952689	11725	0.0042
09fd41c3-2aeb-48be-853a-97e8dccea940	Y	2782397	7923389	1457	-0.7565
09fd41c3-2aeb-48be-853a-97e8dccea940	Y	7923705	7934126	12	-1.1996
09fd41c3-2aeb-48be-853a-97e8dccea940	Y	7934908	9327138	757	-0.8355
09fd41c3-2aeb-48be-853a-97e8dccea940	Y	9329696	9553097	25	-1.2033
09fd41c3-2aeb-48be-853a-97e8dccea940	Y	9553467	9685653	57	-0.6956
09fd41c3-2aeb-48be-853a-97e8dccea940	Y	9759940	9811130	3	-2.9922
09fd41c3-2aeb-48be-853a-97e8dccea940	Y	9870332	14289056	1326	-0.7754
09fd41c3-2aeb-48be-853a-97e8dccea940	Y	14289525	14289645	2	-2.9592
09fd41c3-2aeb-48be-853a-97e8dccea940	Y	14290359	20068755	2106	-0.7625
09fd41c3-2aeb-48be-853a-97e8dccea940	Y	20104703	20125525	4	-2.3483
09fd41c3-2aeb-48be-853a-97e8dccea940	Y	20304197	21961640	590	-0.7917
09fd41c3-2aeb-48be-853a-97e8dccea940	Y	22159306	22169542	3	-2.4469
09fd41c3-2aeb-48be-853a-97e8dccea940	Y	22196203	26312501	126	-0.7352
09fd41c3-2aeb-48be-853a-97e8dccea940	Y	26313074	26612625	153	-0.1169
09fd41c3-2aeb-48be-853a-97e8dccea940	Y	26620571	56872112	17	-0.9083
