GDC_Aliquot	Chromosome	Start	End	Num_Probes	Segment_Mean
88f2ebf8-ef0e-4956-be31-eac7455e4c8c	1	62920	86341	11	0.931
88f2ebf8-ef0e-4956-be31-eac7455e4c8c	1	98588	9529354	4808	0.0044
88f2ebf8-ef0e-4956-be31-eac7455e4c8c	1	9536422	9536806	2	-2.0489
88f2ebf8-ef0e-4956-be31-eac7455e4c8c	1	9542315	16909713	3905	0.0049
88f2ebf8-ef0e-4956-be31-eac7455e4c8c	1	16909725	16935752	33	-0.5448
88f2ebf8-ef0e-4956-be31-eac7455e4c8c	1	16949746	72318265	34038	-0.0018
88f2ebf8-ef0e-4956-be31-eac7455e4c8c	1	72318471	72318539	3	-2.0782
88f2ebf8-ef0e-4956-be31-eac7455e4c8c	1	72323013	100136221	17918	-0.0016
88f2ebf8-ef0e-4956-be31-eac7455e4c8c	1	100137757	100139121	3	-1.8378
88f2ebf8-ef0e-4956-be31-eac7455e4c8c	1	100139769	103697067	2142	-0.0007
88f2ebf8-ef0e-4956-be31-eac7455e4c8c	1	103697364	103760781	4	1.099
88f2ebf8-ef0e-4956-be31-eac7455e4c8c	1	103760879	105470132	916	0.0054
88f2ebf8-ef0e-4956-be31-eac7455e4c8c	1	105470754	105479753	18	-2.2764
88f2ebf8-ef0e-4956-be31-eac7455e4c8c	1	105481433	109684695	2636	-0.0088
88f2ebf8-ef0e-4956-be31-eac7455e4c8c	1	109684893	109697556	14	1.3127
88f2ebf8-ef0e-4956-be31-eac7455e4c8c	1	109702376	112147704	1951	-0.0045
88f2ebf8-ef0e-4956-be31-eac7455e4c8c	1	112153343	112163460	29	0.5291
88f2ebf8-ef0e-4956-be31-eac7455e4c8c	1	112163496	121705338	5159	0.0032
88f2ebf8-ef0e-4956-be31-eac7455e4c8c	1	143459641	143748421	100	0.2181
88f2ebf8-ef0e-4956-be31-eac7455e4c8c	1	143748590	152787202	2546	0.0068
88f2ebf8-ef0e-4956-be31-eac7455e4c8c	1	152789447	152796224	37	0.7216
88f2ebf8-ef0e-4956-be31-eac7455e4c8c	1	152801429	155210675	1343	0.0034
88f2ebf8-ef0e-4956-be31-eac7455e4c8c	1	155219369	155231273	11	1.3632
88f2ebf8-ef0e-4956-be31-eac7455e4c8c	1	155241876	190395090	23918	-0.0017
88f2ebf8-ef0e-4956-be31-eac7455e4c8c	1	190399453	190407132	9	-0.8656
88f2ebf8-ef0e-4956-be31-eac7455e4c8c	1	190407361	196762956	4194	-0.0047
88f2ebf8-ef0e-4956-be31-eac7455e4c8c	1	196769493	196847600	58	-0.5481
88f2ebf8-ef0e-4956-be31-eac7455e4c8c	1	196854187	196995755	95	-0.006
88f2ebf8-ef0e-4956-be31-eac7455e4c8c	1	196996904	197007448	7	-1.2139
88f2ebf8-ef0e-4956-be31-eac7455e4c8c	1	197014101	199138574	1272	0.0031
88f2ebf8-ef0e-4956-be31-eac7455e4c8c	1	199142235	199144712	9	-1.2002
88f2ebf8-ef0e-4956-be31-eac7455e4c8c	1	199145110	209897717	7402	-0.0043
88f2ebf8-ef0e-4956-be31-eac7455e4c8c	1	209908268	209910639	3	-2.8242
88f2ebf8-ef0e-4956-be31-eac7455e4c8c	1	209913207	229038624	12606	0.0035
88f2ebf8-ef0e-4956-be31-eac7455e4c8c	1	229042572	229048757	9	-1.2808
88f2ebf8-ef0e-4956-be31-eac7455e4c8c	1	229053730	248546369	14239	-0.0003
88f2ebf8-ef0e-4956-be31-eac7455e4c8c	1	248550567	248574146	3	-1.0874
88f2ebf8-ef0e-4956-be31-eac7455e4c8c	1	248585893	248633912	32	-3.3697
88f2ebf8-ef0e-4956-be31-eac7455e4c8c	1	248645563	248930189	139	-0.0893
88f2ebf8-ef0e-4956-be31-eac7455e4c8c	2	12784	34466002	24087	-0.001
88f2ebf8-ef0e-4956-be31-eac7455e4c8c	2	34474248	34512489	48	0.6168
88f2ebf8-ef0e-4956-be31-eac7455e4c8c	2	34512965	41010869	4793	-0.008
88f2ebf8-ef0e-4956-be31-eac7455e4c8c	2	41010908	41018747	28	-0.7043
88f2ebf8-ef0e-4956-be31-eac7455e4c8c	2	41024093	52514599	8177	0.0022
88f2ebf8-ef0e-4956-be31-eac7455e4c8c	2	52516787	52554404	41	0.5519
88f2ebf8-ef0e-4956-be31-eac7455e4c8c	2	52560811	124891206	40451	0.0022
88f2ebf8-ef0e-4956-be31-eac7455e4c8c	2	124894355	124900785	6	-1.2886
88f2ebf8-ef0e-4956-be31-eac7455e4c8c	2	124902115	125683791	419	-0.007
88f2ebf8-ef0e-4956-be31-eac7455e4c8c	2	125684156	125684175	2	-1.5332
88f2ebf8-ef0e-4956-be31-eac7455e4c8c	2	125684423	129787992	2690	0.0148
88f2ebf8-ef0e-4956-be31-eac7455e4c8c	2	129791702	129800804	8	-1.3152
88f2ebf8-ef0e-4956-be31-eac7455e4c8c	2	129801456	131458124	580	0.0156
88f2ebf8-ef0e-4956-be31-eac7455e4c8c	2	131464435	131468795	2	-2.4978
88f2ebf8-ef0e-4956-be31-eac7455e4c8c	2	131472229	146104517	9100	0.0043
88f2ebf8-ef0e-4956-be31-eac7455e4c8c	2	146106836	146109366	24	0.7049
88f2ebf8-ef0e-4956-be31-eac7455e4c8c	2	146120238	179196928	20276	0.0024
88f2ebf8-ef0e-4956-be31-eac7455e4c8c	2	179202465	179211936	2	-2.4665
88f2ebf8-ef0e-4956-be31-eac7455e4c8c	2	179214417	193823021	8592	0.0013
88f2ebf8-ef0e-4956-be31-eac7455e4c8c	2	193825580	193829074	2	1.7656
88f2ebf8-ef0e-4956-be31-eac7455e4c8c	2	193837590	224903396	19382	0.0007
88f2ebf8-ef0e-4956-be31-eac7455e4c8c	2	224903917	224907117	5	-1.1594
88f2ebf8-ef0e-4956-be31-eac7455e4c8c	2	224907287	231745930	4287	0.005
88f2ebf8-ef0e-4956-be31-eac7455e4c8c	2	231746173	231746906	2	-2.1222
88f2ebf8-ef0e-4956-be31-eac7455e4c8c	2	231751786	242147305	6519	-0.0007
88f2ebf8-ef0e-4956-be31-eac7455e4c8c	3	20930	948533	748	-0.0131
88f2ebf8-ef0e-4956-be31-eac7455e4c8c	3	949070	955034	9	-1.2085
88f2ebf8-ef0e-4956-be31-eac7455e4c8c	3	956297	64971583	44327	0.0009
88f2ebf8-ef0e-4956-be31-eac7455e4c8c	3	64971646	64972713	11	-0.8258
88f2ebf8-ef0e-4956-be31-eac7455e4c8c	3	64975715	68697013	2700	-0.0001
88f2ebf8-ef0e-4956-be31-eac7455e4c8c	3	68697108	68698262	14	-1.8394
88f2ebf8-ef0e-4956-be31-eac7455e4c8c	3	68699607	69124033	338	0.0089
88f2ebf8-ef0e-4956-be31-eac7455e4c8c	3	69124224	69132401	4	-1.2848
88f2ebf8-ef0e-4956-be31-eac7455e4c8c	3	69134618	114936935	25075	0.0059
88f2ebf8-ef0e-4956-be31-eac7455e4c8c	3	114941745	114950103	7	-1.1892
88f2ebf8-ef0e-4956-be31-eac7455e4c8c	3	114950171	123714886	5456	0.0133
88f2ebf8-ef0e-4956-be31-eac7455e4c8c	3	123715019	123716907	2	-1.749
88f2ebf8-ef0e-4956-be31-eac7455e4c8c	3	123722841	125950205	1394	-0.0004
88f2ebf8-ef0e-4956-be31-eac7455e4c8c	3	125954540	125957120	3	-1.3811
88f2ebf8-ef0e-4956-be31-eac7455e4c8c	3	125961657	128935282	1907	0.0074
88f2ebf8-ef0e-4956-be31-eac7455e4c8c	3	128936203	128942143	6	-0.7262
88f2ebf8-ef0e-4956-be31-eac7455e4c8c	3	128944316	130047743	472	-0.0031
88f2ebf8-ef0e-4956-be31-eac7455e4c8c	3	130057015	130088081	37	0.4577
88f2ebf8-ef0e-4956-be31-eac7455e4c8c	3	130088155	130152692	23	-0.2724
88f2ebf8-ef0e-4956-be31-eac7455e4c8c	3	130166725	132269667	1407	0.0056
88f2ebf8-ef0e-4956-be31-eac7455e4c8c	3	132269760	132270503	6	-0.5785
88f2ebf8-ef0e-4956-be31-eac7455e4c8c	3	132273893	132276840	4	-1.9223
88f2ebf8-ef0e-4956-be31-eac7455e4c8c	3	132281633	162794951	18834	0.0034
88f2ebf8-ef0e-4956-be31-eac7455e4c8c	3	162795304	162898127	62	-2.2331
88f2ebf8-ef0e-4956-be31-eac7455e4c8c	3	162906054	173486475	6340	0.0049
88f2ebf8-ef0e-4956-be31-eac7455e4c8c	3	173491902	173494583	10	-1.2468
88f2ebf8-ef0e-4956-be31-eac7455e4c8c	3	173497944	193160804	12832	0.0083
88f2ebf8-ef0e-4956-be31-eac7455e4c8c	3	193161032	193161217	2	2.4671
88f2ebf8-ef0e-4956-be31-eac7455e4c8c	3	193162684	193168714	16	0.3577
88f2ebf8-ef0e-4956-be31-eac7455e4c8c	3	193168734	198106887	2653	0.0084
88f2ebf8-ef0e-4956-be31-eac7455e4c8c	3	198106927	198169247	36	0.2021
88f2ebf8-ef0e-4956-be31-eac7455e4c8c	4	68929	9379218	5103	0.0026
88f2ebf8-ef0e-4956-be31-eac7455e4c8c	4	9379465	9484440	63	0.527
88f2ebf8-ef0e-4956-be31-eac7455e4c8c	4	9494650	10208570	536	0.0015
88f2ebf8-ef0e-4956-be31-eac7455e4c8c	4	10208670	10233558	37	0.459
88f2ebf8-ef0e-4956-be31-eac7455e4c8c	4	10233644	12363386	1785	-0.0081
88f2ebf8-ef0e-4956-be31-eac7455e4c8c	4	12368261	12389386	47	-0.9603
88f2ebf8-ef0e-4956-be31-eac7455e4c8c	4	12390274	34777418	15144	-0.0028
88f2ebf8-ef0e-4956-be31-eac7455e4c8c	4	34777432	34823103	39	0.5132
88f2ebf8-ef0e-4956-be31-eac7455e4c8c	4	34828250	44321815	6191	0.0031
88f2ebf8-ef0e-4956-be31-eac7455e4c8c	4	44324250	44328954	9	-1.7033
88f2ebf8-ef0e-4956-be31-eac7455e4c8c	4	44329876	63826341	10359	0.0114
88f2ebf8-ef0e-4956-be31-eac7455e4c8c	4	63827261	63842540	30	0.5616
88f2ebf8-ef0e-4956-be31-eac7455e4c8c	4	63850713	68548225	2893	0.0062
88f2ebf8-ef0e-4956-be31-eac7455e4c8c	4	68554305	68747216	67	-0.3139
88f2ebf8-ef0e-4956-be31-eac7455e4c8c	4	68749255	69261934	295	-0.048
88f2ebf8-ef0e-4956-be31-eac7455e4c8c	4	69262694	69366081	52	-0.8353
88f2ebf8-ef0e-4956-be31-eac7455e4c8c	4	69366304	70009265	411	-0.0006
88f2ebf8-ef0e-4956-be31-eac7455e4c8c	4	70009932	70010026	2	-2.3662
88f2ebf8-ef0e-4956-be31-eac7455e4c8c	4	70010883	100186975	18380	0.0044
88f2ebf8-ef0e-4956-be31-eac7455e4c8c	4	100199100	100214009	15	-1.1002
88f2ebf8-ef0e-4956-be31-eac7455e4c8c	4	100214832	105782376	3337	0.0082
88f2ebf8-ef0e-4956-be31-eac7455e4c8c	4	105788935	105795937	6	-1.066
88f2ebf8-ef0e-4956-be31-eac7455e4c8c	4	105796640	107130343	733	0.014
88f2ebf8-ef0e-4956-be31-eac7455e4c8c	4	107144594	107147256	18	-0.9525
88f2ebf8-ef0e-4956-be31-eac7455e4c8c	4	107150362	107150471	3	0.5226
88f2ebf8-ef0e-4956-be31-eac7455e4c8c	4	107150731	107154866	13	-0.934
88f2ebf8-ef0e-4956-be31-eac7455e4c8c	4	107154967	171448195	39088	0.004
88f2ebf8-ef0e-4956-be31-eac7455e4c8c	4	171453733	171456559	10	2.1307
88f2ebf8-ef0e-4956-be31-eac7455e4c8c	4	171456573	172066706	398	-0.0102
88f2ebf8-ef0e-4956-be31-eac7455e4c8c	4	172066777	172068368	12	0.8605
88f2ebf8-ef0e-4956-be31-eac7455e4c8c	4	172068382	172501190	231	0.0136
88f2ebf8-ef0e-4956-be31-eac7455e4c8c	4	172501371	172507492	8	0.8221
88f2ebf8-ef0e-4956-be31-eac7455e4c8c	4	172519981	179172552	4138	-0.0034
88f2ebf8-ef0e-4956-be31-eac7455e4c8c	4	179176834	179177184	2	-3.2424
88f2ebf8-ef0e-4956-be31-eac7455e4c8c	4	179180768	188300104	6560	0.0035
88f2ebf8-ef0e-4956-be31-eac7455e4c8c	4	188300206	188301659	5	1.2551
88f2ebf8-ef0e-4956-be31-eac7455e4c8c	4	188301899	190106768	1141	0.0001
88f2ebf8-ef0e-4956-be31-eac7455e4c8c	5	15532	681187	304	-0.0215
88f2ebf8-ef0e-4956-be31-eac7455e4c8c	5	685389	825538	48	0.655
88f2ebf8-ef0e-4956-be31-eac7455e4c8c	5	833513	11161513	8747	0.0084
88f2ebf8-ef0e-4956-be31-eac7455e4c8c	5	11162524	11162659	3	-1.7336
88f2ebf8-ef0e-4956-be31-eac7455e4c8c	5	11167165	12791608	1087	0.0126
88f2ebf8-ef0e-4956-be31-eac7455e4c8c	5	12800777	12819964	10	0.9863
88f2ebf8-ef0e-4956-be31-eac7455e4c8c	5	12824299	17255255	3021	0.0105
88f2ebf8-ef0e-4956-be31-eac7455e4c8c	5	17255575	17255939	4	-1.0958
88f2ebf8-ef0e-4956-be31-eac7455e4c8c	5	17256447	20473472	1968	0.0015
88f2ebf8-ef0e-4956-be31-eac7455e4c8c	5	20485547	20485637	2	-1.8888
88f2ebf8-ef0e-4956-be31-eac7455e4c8c	5	20486081	32834793	7560	0.0073
88f2ebf8-ef0e-4956-be31-eac7455e4c8c	5	32835106	32835364	2	-1.6274
88f2ebf8-ef0e-4956-be31-eac7455e4c8c	5	32835451	34066212	843	0.0094
88f2ebf8-ef0e-4956-be31-eac7455e4c8c	5	34067164	34083537	6	-1.4177
88f2ebf8-ef0e-4956-be31-eac7455e4c8c	5	34087401	46196012	7055	0.0082
88f2ebf8-ef0e-4956-be31-eac7455e4c8c	5	46199332	46251204	15	-0.2919
88f2ebf8-ef0e-4956-be31-eac7455e4c8c	5	46270906	46278110	9	1.0131
88f2ebf8-ef0e-4956-be31-eac7455e4c8c	5	46313245	104515520	31945	0.0013
88f2ebf8-ef0e-4956-be31-eac7455e4c8c	5	104524672	104524903	4	-2.2245
88f2ebf8-ef0e-4956-be31-eac7455e4c8c	5	104525348	112353065	5064	-0.0003
88f2ebf8-ef0e-4956-be31-eac7455e4c8c	5	112353597	112353817	4	-1.613
88f2ebf8-ef0e-4956-be31-eac7455e4c8c	5	112355319	181363319	45189	0.0045
88f2ebf8-ef0e-4956-be31-eac7455e4c8c	6	149661	302306	125	0.0105
88f2ebf8-ef0e-4956-be31-eac7455e4c8c	6	303017	366333	69	-0.4538
88f2ebf8-ef0e-4956-be31-eac7455e4c8c	6	373453	6250391	4868	0.0056
88f2ebf8-ef0e-4956-be31-eac7455e4c8c	6	6250605	6250679	2	-1.7831
88f2ebf8-ef0e-4956-be31-eac7455e4c8c	6	6253313	17435895	8496	-0.0025
88f2ebf8-ef0e-4956-be31-eac7455e4c8c	6	17439987	17440228	4	-1.2631
88f2ebf8-ef0e-4956-be31-eac7455e4c8c	6	17441828	21441633	2935	-0.001
88f2ebf8-ef0e-4956-be31-eac7455e4c8c	6	21444302	21444720	2	-1.5514
88f2ebf8-ef0e-4956-be31-eac7455e4c8c	6	21451070	29869411	5156	-0.0018
88f2ebf8-ef0e-4956-be31-eac7455e4c8c	6	29869537	29882419	15	-1.0852
88f2ebf8-ef0e-4956-be31-eac7455e4c8c	6	29882497	32460338	1158	-0.0006
88f2ebf8-ef0e-4956-be31-eac7455e4c8c	6	32461817	32658841	77	-0.4094
88f2ebf8-ef0e-4956-be31-eac7455e4c8c	6	32682835	32718419	36	-0.0102
88f2ebf8-ef0e-4956-be31-eac7455e4c8c	6	32720838	32732907	12	0.6705
88f2ebf8-ef0e-4956-be31-eac7455e4c8c	6	32733056	48963228	10343	0.005
88f2ebf8-ef0e-4956-be31-eac7455e4c8c	6	48964092	48967563	5	-0.9413
88f2ebf8-ef0e-4956-be31-eac7455e4c8c	6	48978926	53863452	3143	0.0035
88f2ebf8-ef0e-4956-be31-eac7455e4c8c	6	53863953	53866663	4	-1.2371
88f2ebf8-ef0e-4956-be31-eac7455e4c8c	6	53869994	54066286	158	0.005
88f2ebf8-ef0e-4956-be31-eac7455e4c8c	6	54066353	54067057	7	1.5946
88f2ebf8-ef0e-4956-be31-eac7455e4c8c	6	54070550	78169795	13101	0.0049
88f2ebf8-ef0e-4956-be31-eac7455e4c8c	6	78171734	78188798	7	-1.1411
88f2ebf8-ef0e-4956-be31-eac7455e4c8c	6	78190303	78259388	57	0.0695
88f2ebf8-ef0e-4956-be31-eac7455e4c8c	6	78261980	78325468	111	0.5277
88f2ebf8-ef0e-4956-be31-eac7455e4c8c	6	78329517	146318707	42496	0.0047
88f2ebf8-ef0e-4956-be31-eac7455e4c8c	6	146323044	146323056	4	-2.7037
88f2ebf8-ef0e-4956-be31-eac7455e4c8c	6	146325838	170741917	17200	0.0091
88f2ebf8-ef0e-4956-be31-eac7455e4c8c	7	43355	28840104	20741	-0.0041
88f2ebf8-ef0e-4956-be31-eac7455e4c8c	7	28842980	28843866	2	-2.5734
88f2ebf8-ef0e-4956-be31-eac7455e4c8c	7	28846954	34855738	4197	-0.0039
88f2ebf8-ef0e-4956-be31-eac7455e4c8c	7	34859961	34861976	3	-1.3839
88f2ebf8-ef0e-4956-be31-eac7455e4c8c	7	34864152	38351764	2550	0.0123
88f2ebf8-ef0e-4956-be31-eac7455e4c8c	7	38352435	38356875	3	-1.4287
88f2ebf8-ef0e-4956-be31-eac7455e4c8c	7	38361356	54318812	10989	-0.0043
88f2ebf8-ef0e-4956-be31-eac7455e4c8c	7	54318816	54318824	5	-2.3692
88f2ebf8-ef0e-4956-be31-eac7455e4c8c	7	54325795	65108474	3017	0.0048
88f2ebf8-ef0e-4956-be31-eac7455e4c8c	7	65133963	65483073	170	-1.1052
88f2ebf8-ef0e-4956-be31-eac7455e4c8c	7	65485980	65684237	39	-0.5792
88f2ebf8-ef0e-4956-be31-eac7455e4c8c	7	65696403	83468341	9603	-0.003
88f2ebf8-ef0e-4956-be31-eac7455e4c8c	7	83468371	83468602	3	-1.6978
88f2ebf8-ef0e-4956-be31-eac7455e4c8c	7	83473667	87235368	2356	0.0131
88f2ebf8-ef0e-4956-be31-eac7455e4c8c	7	87250905	87251118	2	-2.0746
88f2ebf8-ef0e-4956-be31-eac7455e4c8c	7	87251144	91578827	2782	-0.0078
88f2ebf8-ef0e-4956-be31-eac7455e4c8c	7	91589569	91589817	3	-1.5251
88f2ebf8-ef0e-4956-be31-eac7455e4c8c	7	91595717	126405502	20534	-0.0019
88f2ebf8-ef0e-4956-be31-eac7455e4c8c	7	126405597	126406546	9	-1.6992
88f2ebf8-ef0e-4956-be31-eac7455e4c8c	7	126406561	133535356	4329	0.0058
88f2ebf8-ef0e-4956-be31-eac7455e4c8c	7	133537710	133538263	2	-2.1204
88f2ebf8-ef0e-4956-be31-eac7455e4c8c	7	133539830	134100556	372	-0.0316
88f2ebf8-ef0e-4956-be31-eac7455e4c8c	7	134100587	134114401	32	0.8175
88f2ebf8-ef0e-4956-be31-eac7455e4c8c	7	134114444	159334314	16090	0.0028
88f2ebf8-ef0e-4956-be31-eac7455e4c8c	8	81254	213414	7	-0.3423
88f2ebf8-ef0e-4956-be31-eac7455e4c8c	8	214984	285379	65	0.0789
88f2ebf8-ef0e-4956-be31-eac7455e4c8c	8	287333	287740	6	-0.9857
88f2ebf8-ef0e-4956-be31-eac7455e4c8c	8	288516	289671	9	-0.2141
88f2ebf8-ef0e-4956-be31-eac7455e4c8c	8	296363	380877	59	0.0681
88f2ebf8-ef0e-4956-be31-eac7455e4c8c	8	381550	381630	2	1.4718
88f2ebf8-ef0e-4956-be31-eac7455e4c8c	8	384030	1414637	735	-0.0037
88f2ebf8-ef0e-4956-be31-eac7455e4c8c	8	1414680	1414696	2	-1.8617
88f2ebf8-ef0e-4956-be31-eac7455e4c8c	8	1415048	2828000	1110	0.0078
88f2ebf8-ef0e-4956-be31-eac7455e4c8c	8	2830487	2830543	2	-1.6043
88f2ebf8-ef0e-4956-be31-eac7455e4c8c	8	2839427	2844412	42	0.0897
88f2ebf8-ef0e-4956-be31-eac7455e4c8c	8	2846011	2846377	7	-0.8483
88f2ebf8-ef0e-4956-be31-eac7455e4c8c	8	2849649	3929538	1309	0.0155
88f2ebf8-ef0e-4956-be31-eac7455e4c8c	8	3929561	3932584	23	-0.7631
88f2ebf8-ef0e-4956-be31-eac7455e4c8c	8	3933696	6299790	3438	-0.0025
88f2ebf8-ef0e-4956-be31-eac7455e4c8c	8	6300670	6300775	3	1.5485
88f2ebf8-ef0e-4956-be31-eac7455e4c8c	8	6300806	7185818	911	0.0004
88f2ebf8-ef0e-4956-be31-eac7455e4c8c	8	7296545	7397588	26	-0.6105
88f2ebf8-ef0e-4956-be31-eac7455e4c8c	8	7414835	7537162	14	0.1722
88f2ebf8-ef0e-4956-be31-eac7455e4c8c	8	7598502	8139659	28	0.6953
88f2ebf8-ef0e-4956-be31-eac7455e4c8c	8	8196822	12385031	3253	0.0109
88f2ebf8-ef0e-4956-be31-eac7455e4c8c	8	12387683	12454103	10	-0.8646
88f2ebf8-ef0e-4956-be31-eac7455e4c8c	8	12470324	18406981	5333	-0.0036
88f2ebf8-ef0e-4956-be31-eac7455e4c8c	8	18407644	18413675	5	-2.3088
88f2ebf8-ef0e-4956-be31-eac7455e4c8c	8	18413877	25116928	5083	-0.0035
88f2ebf8-ef0e-4956-be31-eac7455e4c8c	8	25116961	25126735	25	0.5431
88f2ebf8-ef0e-4956-be31-eac7455e4c8c	8	25126818	32821348	5433	-0.0072
88f2ebf8-ef0e-4956-be31-eac7455e4c8c	8	32825580	32830895	8	1.9547
88f2ebf8-ef0e-4956-be31-eac7455e4c8c	8	32834588	32984135	96	0.0071
88f2ebf8-ef0e-4956-be31-eac7455e4c8c	8	32985406	33161526	112	-0.2268
88f2ebf8-ef0e-4956-be31-eac7455e4c8c	8	33163279	39393453	3374	0.0045
88f2ebf8-ef0e-4956-be31-eac7455e4c8c	8	39393968	39504170	42	-0.508
88f2ebf8-ef0e-4956-be31-eac7455e4c8c	8	39505410	39512955	4	-0.2231
88f2ebf8-ef0e-4956-be31-eac7455e4c8c	8	39517213	40326278	597	0.0142
88f2ebf8-ef0e-4956-be31-eac7455e4c8c	8	40326280	40331992	33	-1.0337
88f2ebf8-ef0e-4956-be31-eac7455e4c8c	8	40335391	95400818	31650	0.0006
88f2ebf8-ef0e-4956-be31-eac7455e4c8c	8	95402255	95403455	3	-2.0444
88f2ebf8-ef0e-4956-be31-eac7455e4c8c	8	95404316	95635573	214	0.0304
88f2ebf8-ef0e-4956-be31-eac7455e4c8c	8	95640390	95641579	4	-1.0068
88f2ebf8-ef0e-4956-be31-eac7455e4c8c	8	95641634	97839960	1500	0.0012
88f2ebf8-ef0e-4956-be31-eac7455e4c8c	8	97843900	97851051	9	-1.1758
88f2ebf8-ef0e-4956-be31-eac7455e4c8c	8	97851387	100829984	1564	-0.0008
88f2ebf8-ef0e-4956-be31-eac7455e4c8c	8	100831079	100833741	2	-2.0555
88f2ebf8-ef0e-4956-be31-eac7455e4c8c	8	100837984	106221326	3369	0.0101
88f2ebf8-ef0e-4956-be31-eac7455e4c8c	8	106222058	106223800	3	-1.1766
88f2ebf8-ef0e-4956-be31-eac7455e4c8c	8	106223814	111282050	3067	0.0004
88f2ebf8-ef0e-4956-be31-eac7455e4c8c	8	111282065	111283031	9	1.0116
88f2ebf8-ef0e-4956-be31-eac7455e4c8c	8	111288052	114619207	1821	0.0024
88f2ebf8-ef0e-4956-be31-eac7455e4c8c	8	114619814	114626121	15	-0.7919
88f2ebf8-ef0e-4956-be31-eac7455e4c8c	8	114626166	114628588	8	0.0317
88f2ebf8-ef0e-4956-be31-eac7455e4c8c	8	114628679	114629502	13	-0.8571
88f2ebf8-ef0e-4956-be31-eac7455e4c8c	8	114638468	119135741	3109	0.0002
88f2ebf8-ef0e-4956-be31-eac7455e4c8c	8	119139771	119147207	5	-0.9681
88f2ebf8-ef0e-4956-be31-eac7455e4c8c	8	119150615	122546127	2249	-0.0006
88f2ebf8-ef0e-4956-be31-eac7455e4c8c	8	122548923	122548929	2	-1.615
88f2ebf8-ef0e-4956-be31-eac7455e4c8c	8	122548969	127430224	3428	-0.0028
88f2ebf8-ef0e-4956-be31-eac7455e4c8c	8	127435304	127440521	2	-1.7933
88f2ebf8-ef0e-4956-be31-eac7455e4c8c	8	127441520	129124895	1228	-0.0085
88f2ebf8-ef0e-4956-be31-eac7455e4c8c	8	129127700	129132280	4	-2.1509
88f2ebf8-ef0e-4956-be31-eac7455e4c8c	8	129134311	135608540	5047	0.0075
88f2ebf8-ef0e-4956-be31-eac7455e4c8c	8	135611149	135612722	6	-1.1836
88f2ebf8-ef0e-4956-be31-eac7455e4c8c	8	135618027	136365537	601	0.0116
88f2ebf8-ef0e-4956-be31-eac7455e4c8c	8	136366984	136369716	4	-1.0474
88f2ebf8-ef0e-4956-be31-eac7455e4c8c	8	136372704	145072769	5372	0.0069
88f2ebf8-ef0e-4956-be31-eac7455e4c8c	9	46587	11837866	11150	0.0003
88f2ebf8-ef0e-4956-be31-eac7455e4c8c	9	11839399	11839955	3	-2.2747
88f2ebf8-ef0e-4956-be31-eac7455e4c8c	9	11841788	23361807	9276	-0.0011
88f2ebf8-ef0e-4956-be31-eac7455e4c8c	9	23363117	23373486	8	1.0029
88f2ebf8-ef0e-4956-be31-eac7455e4c8c	9	23378490	28044706	3544	-0.0038
88f2ebf8-ef0e-4956-be31-eac7455e4c8c	9	28047590	28050693	5	-1.0658
88f2ebf8-ef0e-4956-be31-eac7455e4c8c	9	28055605	41635766	7296	0.0015
88f2ebf8-ef0e-4956-be31-eac7455e4c8c	9	41639988	42727685	66	0.4919
88f2ebf8-ef0e-4956-be31-eac7455e4c8c	9	42729302	77154478	6747	0.0093
88f2ebf8-ef0e-4956-be31-eac7455e4c8c	9	77155482	77162488	29	0.6414
88f2ebf8-ef0e-4956-be31-eac7455e4c8c	9	77171212	86536113	6493	-0.0062
88f2ebf8-ef0e-4956-be31-eac7455e4c8c	9	86540532	86541148	2	1.9668
88f2ebf8-ef0e-4956-be31-eac7455e4c8c	9	86541951	138200944	34899	0
88f2ebf8-ef0e-4956-be31-eac7455e4c8c	10	45792	24088745	19204	0.0006
88f2ebf8-ef0e-4956-be31-eac7455e4c8c	10	24088746	24089125	10	-2.4729
88f2ebf8-ef0e-4956-be31-eac7455e4c8c	10	24089979	46130381	12298	0.0058
88f2ebf8-ef0e-4956-be31-eac7455e4c8c	10	46146395	46554197	210	0.5721
88f2ebf8-ef0e-4956-be31-eac7455e4c8c	10	46559733	57335200	7054	-0.0015
88f2ebf8-ef0e-4956-be31-eac7455e4c8c	10	57335285	57337873	19	-0.6988
88f2ebf8-ef0e-4956-be31-eac7455e4c8c	10	57337889	57478852	89	-0.0099
88f2ebf8-ef0e-4956-be31-eac7455e4c8c	10	57479376	57484863	6	-1.4936
88f2ebf8-ef0e-4956-be31-eac7455e4c8c	10	57490663	58012787	405	-0.0057
88f2ebf8-ef0e-4956-be31-eac7455e4c8c	10	58015004	58015272	3	-1.1285
88f2ebf8-ef0e-4956-be31-eac7455e4c8c	10	58017816	65548178	5144	0.003
88f2ebf8-ef0e-4956-be31-eac7455e4c8c	10	65548193	65563168	28	0.5732
88f2ebf8-ef0e-4956-be31-eac7455e4c8c	10	65565695	65581795	17	0.0072
88f2ebf8-ef0e-4956-be31-eac7455e4c8c	10	65583696	65584197	8	-0.8694
88f2ebf8-ef0e-4956-be31-eac7455e4c8c	10	65585009	79624118	9200	0.0039
88f2ebf8-ef0e-4956-be31-eac7455e4c8c	10	79624128	79684125	8	-1.6042
88f2ebf8-ef0e-4956-be31-eac7455e4c8c	10	79689251	80580951	460	-0.017
88f2ebf8-ef0e-4956-be31-eac7455e4c8c	10	80583294	80583354	2	-2.5269
88f2ebf8-ef0e-4956-be31-eac7455e4c8c	10	80583883	95109306	9788	-0.0098
88f2ebf8-ef0e-4956-be31-eac7455e4c8c	10	95109317	95109949	5	-2.4868
88f2ebf8-ef0e-4956-be31-eac7455e4c8c	10	95115957	107452377	7813	-0.0016
88f2ebf8-ef0e-4956-be31-eac7455e4c8c	10	107452544	107473564	28	-0.5981
88f2ebf8-ef0e-4956-be31-eac7455e4c8c	10	107473591	126201139	13494	-0.001
88f2ebf8-ef0e-4956-be31-eac7455e4c8c	10	126201754	126206650	4	-1.249
88f2ebf8-ef0e-4956-be31-eac7455e4c8c	10	126211731	131728762	4490	0.0024
88f2ebf8-ef0e-4956-be31-eac7455e4c8c	10	131728918	131731070	5	-1.0567
88f2ebf8-ef0e-4956-be31-eac7455e4c8c	10	131731482	133654968	906	0.0059
88f2ebf8-ef0e-4956-be31-eac7455e4c8c	11	198510	4946166	2418	0.013
88f2ebf8-ef0e-4956-be31-eac7455e4c8c	11	4946420	4955042	31	1.0462
88f2ebf8-ef0e-4956-be31-eac7455e4c8c	11	4955781	5431336	427	0.0133
88f2ebf8-ef0e-4956-be31-eac7455e4c8c	11	5432455	5433011	5	-1.2396
88f2ebf8-ef0e-4956-be31-eac7455e4c8c	11	5434316	5766862	354	0.023
88f2ebf8-ef0e-4956-be31-eac7455e4c8c	11	5768371	5788108	31	-0.5447
88f2ebf8-ef0e-4956-be31-eac7455e4c8c	11	5788231	5850293	68	0.0107
88f2ebf8-ef0e-4956-be31-eac7455e4c8c	11	5851007	5862087	7	-1.0439
88f2ebf8-ef0e-4956-be31-eac7455e4c8c	11	5864481	21733139	11900	0.0009
88f2ebf8-ef0e-4956-be31-eac7455e4c8c	11	21735961	21741546	2	-1.8894
88f2ebf8-ef0e-4956-be31-eac7455e4c8c	11	21741547	24260664	1750	-0.0066
88f2ebf8-ef0e-4956-be31-eac7455e4c8c	11	24260982	24265953	5	-1.2919
88f2ebf8-ef0e-4956-be31-eac7455e4c8c	11	24267993	35897669	8198	-0.0041
88f2ebf8-ef0e-4956-be31-eac7455e4c8c	11	35907196	35907229	3	-1.2958
88f2ebf8-ef0e-4956-be31-eac7455e4c8c	11	35909139	54924229	9046	0.0019
88f2ebf8-ef0e-4956-be31-eac7455e4c8c	11	54933825	54934156	3	-1.8447
88f2ebf8-ef0e-4956-be31-eac7455e4c8c	11	54940988	55606572	240	0.0419
88f2ebf8-ef0e-4956-be31-eac7455e4c8c	11	55606712	55686100	58	0.5731
88f2ebf8-ef0e-4956-be31-eac7455e4c8c	11	55693207	87749903	18570	0.0063
88f2ebf8-ef0e-4956-be31-eac7455e4c8c	11	87750423	87751818	2	-1.8137
88f2ebf8-ef0e-4956-be31-eac7455e4c8c	11	87754726	101723653	9993	0.012
88f2ebf8-ef0e-4956-be31-eac7455e4c8c	11	101727129	101727233	4	1.4361
88f2ebf8-ef0e-4956-be31-eac7455e4c8c	11	101727481	107350629	3779	0.0059
88f2ebf8-ef0e-4956-be31-eac7455e4c8c	11	107353032	107353673	6	-1.0486
88f2ebf8-ef0e-4956-be31-eac7455e4c8c	11	107356630	107359993	13	0.0935
88f2ebf8-ef0e-4956-be31-eac7455e4c8c	11	107367930	107368402	7	-2.5558
88f2ebf8-ef0e-4956-be31-eac7455e4c8c	11	107381636	124031652	11534	0.0028
88f2ebf8-ef0e-4956-be31-eac7455e4c8c	11	124031766	124050170	13	-0.8649
88f2ebf8-ef0e-4956-be31-eac7455e4c8c	11	124050772	135074876	8385	0.0071
88f2ebf8-ef0e-4956-be31-eac7455e4c8c	12	51460	8404097	5599	0.0042
88f2ebf8-ef0e-4956-be31-eac7455e4c8c	12	8405892	8423870	15	1.7481
88f2ebf8-ef0e-4956-be31-eac7455e4c8c	12	8428232	9477960	562	0.0131
88f2ebf8-ef0e-4956-be31-eac7455e4c8c	12	9481274	9575696	24	-1.9649
88f2ebf8-ef0e-4956-be31-eac7455e4c8c	12	9582373	22095235	8486	-0.0015
88f2ebf8-ef0e-4956-be31-eac7455e4c8c	12	22095435	22096195	10	-0.8905
88f2ebf8-ef0e-4956-be31-eac7455e4c8c	12	22096272	29270209	5220	0.002
88f2ebf8-ef0e-4956-be31-eac7455e4c8c	12	29270650	29284120	10	-0.6527
88f2ebf8-ef0e-4956-be31-eac7455e4c8c	12	29286655	30082648	582	-0.015
88f2ebf8-ef0e-4956-be31-eac7455e4c8c	12	30086334	30090789	25	-0.9635
88f2ebf8-ef0e-4956-be31-eac7455e4c8c	12	30091000	33232895	2325	-0.0077
88f2ebf8-ef0e-4956-be31-eac7455e4c8c	12	33233822	33242483	6	-1.0185
88f2ebf8-ef0e-4956-be31-eac7455e4c8c	12	33246118	40423713	2242	-0.0248
88f2ebf8-ef0e-4956-be31-eac7455e4c8c	12	40423795	40436126	16	-0.9591
88f2ebf8-ef0e-4956-be31-eac7455e4c8c	12	40436781	42369946	1351	-0.0082
88f2ebf8-ef0e-4956-be31-eac7455e4c8c	12	42370009	42370024	2	-1.6234
88f2ebf8-ef0e-4956-be31-eac7455e4c8c	12	42372817	63526209	12566	-0.0039
88f2ebf8-ef0e-4956-be31-eac7455e4c8c	12	63526805	63531025	3	-1.5196
88f2ebf8-ef0e-4956-be31-eac7455e4c8c	12	63539183	74785641	7191	-0.0015
88f2ebf8-ef0e-4956-be31-eac7455e4c8c	12	74792132	74792534	3	-1.6489
88f2ebf8-ef0e-4956-be31-eac7455e4c8c	12	74793920	133201603	38617	0.0001
88f2ebf8-ef0e-4956-be31-eac7455e4c8c	13	18452809	50853839	22562	0.0054
88f2ebf8-ef0e-4956-be31-eac7455e4c8c	13	50854976	50862640	2	-2.6762
88f2ebf8-ef0e-4956-be31-eac7455e4c8c	13	50863313	57184136	3468	0.0049
88f2ebf8-ef0e-4956-be31-eac7455e4c8c	13	57184155	57215580	34	-0.7927
88f2ebf8-ef0e-4956-be31-eac7455e4c8c	13	57215875	71902850	8996	-0.0051
88f2ebf8-ef0e-4956-be31-eac7455e4c8c	13	71903417	71906418	4	1.2547
88f2ebf8-ef0e-4956-be31-eac7455e4c8c	13	71906467	92354703	13275	0.0009
88f2ebf8-ef0e-4956-be31-eac7455e4c8c	13	92357155	92366356	4	-1.2348
88f2ebf8-ef0e-4956-be31-eac7455e4c8c	13	92367085	114342922	15822	0.0073
88f2ebf8-ef0e-4956-be31-eac7455e4c8c	14	18239283	18646056	16	0.0168
88f2ebf8-ef0e-4956-be31-eac7455e4c8c	14	18656322	19951992	146	-0.4572
88f2ebf8-ef0e-4956-be31-eac7455e4c8c	14	19952080	21858683	1264	0.0126
88f2ebf8-ef0e-4956-be31-eac7455e4c8c	14	21859138	21860397	7	-1.1532
88f2ebf8-ef0e-4956-be31-eac7455e4c8c	14	21860829	69547262	30187	0.0062
88f2ebf8-ef0e-4956-be31-eac7455e4c8c	14	69551330	69555750	9	-0.7821
88f2ebf8-ef0e-4956-be31-eac7455e4c8c	14	69555996	73540003	2626	0.0092
88f2ebf8-ef0e-4956-be31-eac7455e4c8c	14	73540147	73554275	7	1.2119
88f2ebf8-ef0e-4956-be31-eac7455e4c8c	14	73563196	73953773	196	-0.0016
88f2ebf8-ef0e-4956-be31-eac7455e4c8c	14	73957074	73957079	2	1.9382
88f2ebf8-ef0e-4956-be31-eac7455e4c8c	14	73958353	86397045	8367	0.0094
88f2ebf8-ef0e-4956-be31-eac7455e4c8c	14	86397332	86399517	2	-2.1245
88f2ebf8-ef0e-4956-be31-eac7455e4c8c	14	86399571	99954659	9534	0.0015
88f2ebf8-ef0e-4956-be31-eac7455e4c8c	14	99962082	99962879	2	-2.0213
88f2ebf8-ef0e-4956-be31-eac7455e4c8c	14	99965119	105632998	2548	0.0101
88f2ebf8-ef0e-4956-be31-eac7455e4c8c	14	105636696	105701150	9	0.6849
88f2ebf8-ef0e-4956-be31-eac7455e4c8c	14	105728140	106258891	176	0.0014
88f2ebf8-ef0e-4956-be31-eac7455e4c8c	14	106260759	106290131	13	-0.62
88f2ebf8-ef0e-4956-be31-eac7455e4c8c	14	106290365	106423925	60	0.0407
88f2ebf8-ef0e-4956-be31-eac7455e4c8c	14	106425447	106462183	47	-0.8192
88f2ebf8-ef0e-4956-be31-eac7455e4c8c	14	106462724	106877229	195	-0.0021
88f2ebf8-ef0e-4956-be31-eac7455e4c8c	15	19811075	20190276	56	0.0076
88f2ebf8-ef0e-4956-be31-eac7455e4c8c	15	20206125	21078947	109	-0.5493
88f2ebf8-ef0e-4956-be31-eac7455e4c8c	15	21085447	22576496	48	-0.0236
88f2ebf8-ef0e-4956-be31-eac7455e4c8c	15	22582296	22584747	2	-2.6839
88f2ebf8-ef0e-4956-be31-eac7455e4c8c	15	22590285	29654922	4345	-0.0031
88f2ebf8-ef0e-4956-be31-eac7455e4c8c	15	29655156	29655658	2	-1.8954
88f2ebf8-ef0e-4956-be31-eac7455e4c8c	15	29655862	53978957	14938	-0.0007
88f2ebf8-ef0e-4956-be31-eac7455e4c8c	15	53981678	53982129	2	-1.9525
88f2ebf8-ef0e-4956-be31-eac7455e4c8c	15	53983030	76598900	14418	-0.0046
88f2ebf8-ef0e-4956-be31-eac7455e4c8c	15	76599170	76603003	14	0.9007
88f2ebf8-ef0e-4956-be31-eac7455e4c8c	15	76603426	101928837	17621	0.0039
88f2ebf8-ef0e-4956-be31-eac7455e4c8c	16	10777	19933041	13471	0.0031
88f2ebf8-ef0e-4956-be31-eac7455e4c8c	16	19934328	19954553	28	-1.2596
88f2ebf8-ef0e-4956-be31-eac7455e4c8c	16	19956040	22825302	1458	0.0081
88f2ebf8-ef0e-4956-be31-eac7455e4c8c	16	22828100	22829534	3	-1.7392
88f2ebf8-ef0e-4956-be31-eac7455e4c8c	16	22829674	29114764	4030	0.0005
88f2ebf8-ef0e-4956-be31-eac7455e4c8c	16	29121560	29122679	11	-0.9109
88f2ebf8-ef0e-4956-be31-eac7455e4c8c	16	29122762	33340712	1015	0.0177
88f2ebf8-ef0e-4956-be31-eac7455e4c8c	16	33640096	33700323	5	-1.0187
88f2ebf8-ef0e-4956-be31-eac7455e4c8c	16	33701693	55762682	6921	-0.0028
88f2ebf8-ef0e-4956-be31-eac7455e4c8c	16	55764310	55764867	3	2.6577
88f2ebf8-ef0e-4956-be31-eac7455e4c8c	16	55770436	55788532	15	0.7619
88f2ebf8-ef0e-4956-be31-eac7455e4c8c	16	55808442	55846568	22	-0.1333
88f2ebf8-ef0e-4956-be31-eac7455e4c8c	16	55846794	55852803	12	-1.0157
88f2ebf8-ef0e-4956-be31-eac7455e4c8c	16	55853372	78337711	14246	-0.0003
88f2ebf8-ef0e-4956-be31-eac7455e4c8c	16	78338543	78350868	16	1.1857
88f2ebf8-ef0e-4956-be31-eac7455e4c8c	16	78351104	79025272	924	0.0068
88f2ebf8-ef0e-4956-be31-eac7455e4c8c	16	79026255	79029101	13	-1.3245
88f2ebf8-ef0e-4956-be31-eac7455e4c8c	16	79029245	80632491	1808	-0.0071
88f2ebf8-ef0e-4956-be31-eac7455e4c8c	16	80632882	80638532	2	-2.0715
88f2ebf8-ef0e-4956-be31-eac7455e4c8c	16	80638807	90096867	7868	0.0023
88f2ebf8-ef0e-4956-be31-eac7455e4c8c	17	150733	8339592	4534	0.0047
88f2ebf8-ef0e-4956-be31-eac7455e4c8c	17	8344229	8344415	2	-3.9984
88f2ebf8-ef0e-4956-be31-eac7455e4c8c	17	8346140	46080231	18796	0.0041
88f2ebf8-ef0e-4956-be31-eac7455e4c8c	17	46084501	46274320	122	-0.3884
88f2ebf8-ef0e-4956-be31-eac7455e4c8c	17	46274335	56081683	5817	-0.0018
88f2ebf8-ef0e-4956-be31-eac7455e4c8c	17	56083553	56095230	26	-1.3439
88f2ebf8-ef0e-4956-be31-eac7455e4c8c	17	56095462	69889125	7854	-0.006
88f2ebf8-ef0e-4956-be31-eac7455e4c8c	17	69889342	69895785	3	-2.5289
88f2ebf8-ef0e-4956-be31-eac7455e4c8c	17	69895877	72018020	1714	-0.0167
88f2ebf8-ef0e-4956-be31-eac7455e4c8c	17	72018133	72018339	2	-1.7582
88f2ebf8-ef0e-4956-be31-eac7455e4c8c	17	72019093	77858748	3643	0.001
88f2ebf8-ef0e-4956-be31-eac7455e4c8c	17	77864587	77870847	3	-2.0103
88f2ebf8-ef0e-4956-be31-eac7455e4c8c	17	77872544	81139641	1800	0.0058
88f2ebf8-ef0e-4956-be31-eac7455e4c8c	17	81154966	81155301	5	-2.6437
88f2ebf8-ef0e-4956-be31-eac7455e4c8c	17	81158113	83091923	715	0.008
88f2ebf8-ef0e-4956-be31-eac7455e4c8c	18	48133	14023033	9995	0.0116
88f2ebf8-ef0e-4956-be31-eac7455e4c8c	18	14026499	14026536	2	-2.633
88f2ebf8-ef0e-4956-be31-eac7455e4c8c	18	14026963	27489285	4348	0.0091
88f2ebf8-ef0e-4956-be31-eac7455e4c8c	18	27490935	27494918	5	-1.1563
88f2ebf8-ef0e-4956-be31-eac7455e4c8c	18	27496251	66054343	25965	0.0151
88f2ebf8-ef0e-4956-be31-eac7455e4c8c	18	66060256	66061104	12	-2.0739
88f2ebf8-ef0e-4956-be31-eac7455e4c8c	18	66065502	71421456	3857	0.0151
88f2ebf8-ef0e-4956-be31-eac7455e4c8c	18	71424091	71425059	2	-2.4986
88f2ebf8-ef0e-4956-be31-eac7455e4c8c	18	71425397	80257174	6572	0.0179
88f2ebf8-ef0e-4956-be31-eac7455e4c8c	19	90910	14928127	6096	-0.0017
88f2ebf8-ef0e-4956-be31-eac7455e4c8c	19	14934380	14938487	3	-2.0718
88f2ebf8-ef0e-4956-be31-eac7455e4c8c	19	14940475	17030497	1282	0.0053
88f2ebf8-ef0e-4956-be31-eac7455e4c8c	19	17031058	17033504	4	-1.2674
88f2ebf8-ef0e-4956-be31-eac7455e4c8c	19	17038637	21632117	2219	0.0013
88f2ebf8-ef0e-4956-be31-eac7455e4c8c	19	21632838	21637067	2	-2.0858
88f2ebf8-ef0e-4956-be31-eac7455e4c8c	19	21637309	43193181	10985	0.0005
88f2ebf8-ef0e-4956-be31-eac7455e4c8c	19	43198881	43252085	22	-0.9274
88f2ebf8-ef0e-4956-be31-eac7455e4c8c	19	43262507	54801157	6186	-0.0026
88f2ebf8-ef0e-4956-be31-eac7455e4c8c	19	54801545	54802362	2	-1.7762
88f2ebf8-ef0e-4956-be31-eac7455e4c8c	19	54802832	58586487	2305	-0.0032
88f2ebf8-ef0e-4956-be31-eac7455e4c8c	20	80664	1601561	1240	0.0067
88f2ebf8-ef0e-4956-be31-eac7455e4c8c	20	1609611	1613247	5	-2.0535
88f2ebf8-ef0e-4956-be31-eac7455e4c8c	20	1617300	4459418	2039	0.0184
88f2ebf8-ef0e-4956-be31-eac7455e4c8c	20	4465402	4471309	8	-1.2688
88f2ebf8-ef0e-4956-be31-eac7455e4c8c	20	4472816	54028329	31601	0.0044
88f2ebf8-ef0e-4956-be31-eac7455e4c8c	20	54031269	54042112	36	-0.7986
88f2ebf8-ef0e-4956-be31-eac7455e4c8c	20	54046035	57053498	2503	0.0048
88f2ebf8-ef0e-4956-be31-eac7455e4c8c	20	57058289	57061422	4	-2.1111
88f2ebf8-ef0e-4956-be31-eac7455e4c8c	20	57061582	59805016	2103	0.0018
88f2ebf8-ef0e-4956-be31-eac7455e4c8c	20	59805142	59805790	2	-2.0098
88f2ebf8-ef0e-4956-be31-eac7455e4c8c	20	59807594	64324800	2843	0.0163
88f2ebf8-ef0e-4956-be31-eac7455e4c8c	21	10354168	23471856	7243	0.0042
88f2ebf8-ef0e-4956-be31-eac7455e4c8c	21	23476365	23511849	18	-0.9178
88f2ebf8-ef0e-4956-be31-eac7455e4c8c	21	23512948	46677045	16605	0.0015
88f2ebf8-ef0e-4956-be31-eac7455e4c8c	22	15294547	23377019	4036	0.0163
88f2ebf8-ef0e-4956-be31-eac7455e4c8c	22	23378024	23378474	5	-1.5676
88f2ebf8-ef0e-4956-be31-eac7455e4c8c	22	23407926	50796027	19232	0.0034
88f2ebf8-ef0e-4956-be31-eac7455e4c8c	X	251810	9981741	5569	-0.0032
88f2ebf8-ef0e-4956-be31-eac7455e4c8c	X	9982641	9988995	6	-1.1358
88f2ebf8-ef0e-4956-be31-eac7455e4c8c	X	9991955	147762145	73580	0.0047
88f2ebf8-ef0e-4956-be31-eac7455e4c8c	X	147762180	147767641	32	-1.0487
88f2ebf8-ef0e-4956-be31-eac7455e4c8c	X	147767674	151708283	2500	-0.0008
88f2ebf8-ef0e-4956-be31-eac7455e4c8c	X	151709072	151710185	4	-6.5595
88f2ebf8-ef0e-4956-be31-eac7455e4c8c	X	151710911	152337437	421	-0.0012
88f2ebf8-ef0e-4956-be31-eac7455e4c8c	X	152342526	152348153	3	-2.631
88f2ebf8-ef0e-4956-be31-eac7455e4c8c	X	152348845	155952689	1531	0.0014
88f2ebf8-ef0e-4956-be31-eac7455e4c8c	Y	2782397	3326047	192	-3.4921
88f2ebf8-ef0e-4956-be31-eac7455e4c8c	Y	3327226	6249869	593	-2.9311
88f2ebf8-ef0e-4956-be31-eac7455e4c8c	Y	6252391	23586854	5663	-3.5876
88f2ebf8-ef0e-4956-be31-eac7455e4c8c	Y	23784615	56872112	192	-3.0398
