Sample	Chromosome	Start	End	Num_Probes	Segment_Mean
DADOS_p_TCGAb3_85_86_87_88_NSP_GenomeWideSNP_6_F01_1464666	1	61735	82170	9	-0.8066
DADOS_p_TCGAb3_85_86_87_88_NSP_GenomeWideSNP_6_F01_1464666	1	82315	72763370	43041	0.0082
DADOS_p_TCGAb3_85_86_87_88_NSP_GenomeWideSNP_6_F01_1464666	1	72768418	72768916	3	-0.7658
DADOS_p_TCGAb3_85_86_87_88_NSP_GenomeWideSNP_6_F01_1464666	1	72768936	72811148	45	-2.0005
DADOS_p_TCGAb3_85_86_87_88_NSP_GenomeWideSNP_6_F01_1464666	1	72811904	76050844	1933	-0.0082
DADOS_p_TCGAb3_85_86_87_88_NSP_GenomeWideSNP_6_F01_1464666	1	76054763	76054854	2	-2.5673
DADOS_p_TCGAb3_85_86_87_88_NSP_GenomeWideSNP_6_F01_1464666	1	76059509	95130697	12524	0.0071
DADOS_p_TCGAb3_85_86_87_88_NSP_GenomeWideSNP_6_F01_1464666	1	95130766	95152850	57	-0.9073
DADOS_p_TCGAb3_85_86_87_88_NSP_GenomeWideSNP_6_F01_1464666	1	95155385	104178038	5581	0.0084
DADOS_p_TCGAb3_85_86_87_88_NSP_GenomeWideSNP_6_F01_1464666	1	104221531	104268222	24	0.4151
DADOS_p_TCGAb3_85_86_87_88_NSP_GenomeWideSNP_6_F01_1464666	1	104303403	106019205	920	-0.0018
DADOS_p_TCGAb3_85_86_87_88_NSP_GenomeWideSNP_6_F01_1464666	1	106019236	106022375	16	0.7758
DADOS_p_TCGAb3_85_86_87_88_NSP_GenomeWideSNP_6_F01_1464666	1	106024055	112063002	4108	0.0146
DADOS_p_TCGAb3_85_86_87_88_NSP_GenomeWideSNP_6_F01_1464666	1	112063048	112069015	7	-0.8544
DADOS_p_TCGAb3_85_86_87_88_NSP_GenomeWideSNP_6_F01_1464666	1	112069485	145151728	5949	0.0098
DADOS_p_TCGAb3_85_86_87_88_NSP_GenomeWideSNP_6_F01_1464666	1	145151959	145152018	3	1.6183
DADOS_p_TCGAb3_85_86_87_88_NSP_GenomeWideSNP_6_F01_1464666	1	145152050	145391761	70	-0.1801
DADOS_p_TCGAb3_85_86_87_88_NSP_GenomeWideSNP_6_F01_1464666	1	145392524	145625979	105	0.0465
DADOS_p_TCGAb3_85_86_87_88_NSP_GenomeWideSNP_6_F01_1464666	1	145626284	145630378	3	-1.0673
DADOS_p_TCGAb3_85_86_87_88_NSP_GenomeWideSNP_6_F01_1464666	1	145633360	152759678	2674	0.0043
DADOS_p_TCGAb3_85_86_87_88_NSP_GenomeWideSNP_6_F01_1464666	1	152761923	152768700	37	-0.3682
DADOS_p_TCGAb3_85_86_87_88_NSP_GenomeWideSNP_6_F01_1464666	1	152773905	161508875	5280	0.0051
DADOS_p_TCGAb3_85_86_87_88_NSP_GenomeWideSNP_6_F01_1464666	1	161517939	161637868	44	-0.3514
DADOS_p_TCGAb3_85_86_87_88_NSP_GenomeWideSNP_6_F01_1464666	1	161637956	169233974	6023	0.0112
DADOS_p_TCGAb3_85_86_87_88_NSP_GenomeWideSNP_6_F01_1464666	1	169234529	169238731	4	-0.8767
DADOS_p_TCGAb3_85_86_87_88_NSP_GenomeWideSNP_6_F01_1464666	1	169238745	169577333	243	0.004
DADOS_p_TCGAb3_85_86_87_88_NSP_GenomeWideSNP_6_F01_1464666	1	169578287	169583197	8	-0.9337
DADOS_p_TCGAb3_85_86_87_88_NSP_GenomeWideSNP_6_F01_1464666	1	169583295	189084904	12839	0.0057
DADOS_p_TCGAb3_85_86_87_88_NSP_GenomeWideSNP_6_F01_1464666	1	189085327	189085372	2	-2.479
DADOS_p_TCGAb3_85_86_87_88_NSP_GenomeWideSNP_6_F01_1464666	1	189085409	194448234	3663	-0.0049
DADOS_p_TCGAb3_85_86_87_88_NSP_GenomeWideSNP_6_F01_1464666	1	194451411	194455018	2	-2.2238
DADOS_p_TCGAb3_85_86_87_88_NSP_GenomeWideSNP_6_F01_1464666	1	194457016	196714873	1454	0.0102
DADOS_p_TCGAb3_85_86_87_88_NSP_GenomeWideSNP_6_F01_1464666	1	196727850	196732086	4	-2.196
DADOS_p_TCGAb3_85_86_87_88_NSP_GenomeWideSNP_6_F01_1464666	1	196738623	196791043	66	0.0976
DADOS_p_TCGAb3_85_86_87_88_NSP_GenomeWideSNP_6_F01_1464666	1	196798565	196799288	8	0.7777
DADOS_p_TCGAb3_85_86_87_88_NSP_GenomeWideSNP_6_F01_1464666	1	196799505	196828802	27	0.0403
DADOS_p_TCGAb3_85_86_87_88_NSP_GenomeWideSNP_6_F01_1464666	1	196828871	196828938	2	1.1269
DADOS_p_TCGAb3_85_86_87_88_NSP_GenomeWideSNP_6_F01_1464666	1	196831324	199111690	1372	0.0011
DADOS_p_TCGAb3_85_86_87_88_NSP_GenomeWideSNP_6_F01_1464666	1	199111972	199112524	3	-1.0206
DADOS_p_TCGAb3_85_86_87_88_NSP_GenomeWideSNP_6_F01_1464666	1	199113011	210071062	7436	0.0067
DADOS_p_TCGAb3_85_86_87_88_NSP_GenomeWideSNP_6_F01_1464666	1	210081613	210082065	2	-1.4453
DADOS_p_TCGAb3_85_86_87_88_NSP_GenomeWideSNP_6_F01_1464666	1	210083984	246588418	25649	0.0067
DADOS_p_TCGAb3_85_86_87_88_NSP_GenomeWideSNP_6_F01_1464666	1	246588547	246588622	2	-1.3876
DADOS_p_TCGAb3_85_86_87_88_NSP_GenomeWideSNP_6_F01_1464666	1	246588730	248709670	1307	-0.0043
DADOS_p_TCGAb3_85_86_87_88_NSP_GenomeWideSNP_6_F01_1464666	1	248713868	248794464	34	-0.4372
DADOS_p_TCGAb3_85_86_87_88_NSP_GenomeWideSNP_6_F01_1464666	1	248795289	249224388	149	0.0271
DADOS_p_TCGAb3_85_86_87_88_NSP_GenomeWideSNP_6_F01_1464666	2	12784	89327401	60069	0.0056
DADOS_p_TCGAb3_85_86_87_88_NSP_GenomeWideSNP_6_F01_1464666	2	89337678	89369338	8	-1.5089
DADOS_p_TCGAb3_85_86_87_88_NSP_GenomeWideSNP_6_F01_1464666	2	89385322	89583907	53	-0.0971
DADOS_p_TCGAb3_85_86_87_88_NSP_GenomeWideSNP_6_F01_1464666	2	89593755	90121364	81	-0.7557
DADOS_p_TCGAb3_85_86_87_88_NSP_GenomeWideSNP_6_F01_1464666	2	90121415	90130290	18	-0.2857
DADOS_p_TCGAb3_85_86_87_88_NSP_GenomeWideSNP_6_F01_1464666	2	90130349	90262898	66	-0.8681
DADOS_p_TCGAb3_85_86_87_88_NSP_GenomeWideSNP_6_F01_1464666	2	90267086	106880095	6632	0.0105
DADOS_p_TCGAb3_85_86_87_88_NSP_GenomeWideSNP_6_F01_1464666	2	106880713	106885357	11	0.8637
DADOS_p_TCGAb3_85_86_87_88_NSP_GenomeWideSNP_6_F01_1464666	2	106887255	130242530	13982	0.0065
DADOS_p_TCGAb3_85_86_87_88_NSP_GenomeWideSNP_6_F01_1464666	2	130245738	130246833	4	-1.1655
DADOS_p_TCGAb3_85_86_87_88_NSP_GenomeWideSNP_6_F01_1464666	2	130255110	138706592	4965	-5e-04
DADOS_p_TCGAb3_85_86_87_88_NSP_GenomeWideSNP_6_F01_1464666	2	138706613	138707313	2	-2.0242
DADOS_p_TCGAb3_85_86_87_88_NSP_GenomeWideSNP_6_F01_1464666	2	138707686	146864429	5008	0.0016
DADOS_p_TCGAb3_85_86_87_88_NSP_GenomeWideSNP_6_F01_1464666	2	146864443	146866934	22	0.6479
DADOS_p_TCGAb3_85_86_87_88_NSP_GenomeWideSNP_6_F01_1464666	2	146877806	194550420	28850	0.0059
DADOS_p_TCGAb3_85_86_87_88_NSP_GenomeWideSNP_6_F01_1464666	2	194553561	194568323	9	0.6292
DADOS_p_TCGAb3_85_86_87_88_NSP_GenomeWideSNP_6_F01_1464666	2	194569722	203293012	4987	0.0112
DADOS_p_TCGAb3_85_86_87_88_NSP_GenomeWideSNP_6_F01_1464666	2	203293091	203312201	42	-0.7793
DADOS_p_TCGAb3_85_86_87_88_NSP_GenomeWideSNP_6_F01_1464666	2	203313482	243089456	25298	0.0049
DADOS_p_TCGAb3_85_86_87_88_NSP_GenomeWideSNP_6_F01_1464666	3	60345	46801817	33241	-0.474
DADOS_p_TCGAb3_85_86_87_88_NSP_GenomeWideSNP_6_F01_1464666	3	46801864	46849179	38	-1.5617
DADOS_p_TCGAb3_85_86_87_88_NSP_GenomeWideSNP_6_F01_1464666	3	46849589	65989754	12790	-0.469
DADOS_p_TCGAb3_85_86_87_88_NSP_GenomeWideSNP_6_F01_1464666	3	65991856	65992303	3	-2.254
DADOS_p_TCGAb3_85_86_87_88_NSP_GenomeWideSNP_6_F01_1464666	3	65992411	68732028	1769	-0.4788
DADOS_p_TCGAb3_85_86_87_88_NSP_GenomeWideSNP_6_F01_1464666	3	68746164	68747413	15	0.67
DADOS_p_TCGAb3_85_86_87_88_NSP_GenomeWideSNP_6_F01_1464666	3	68748758	69425213	535	-0.4679
DADOS_p_TCGAb3_85_86_87_88_NSP_GenomeWideSNP_6_F01_1464666	3	69425619	69426175	2	-2.2926
DADOS_p_TCGAb3_85_86_87_88_NSP_GenomeWideSNP_6_F01_1464666	3	69427512	84995062	9621	-0.4732
DADOS_p_TCGAb3_85_86_87_88_NSP_GenomeWideSNP_6_F01_1464666	3	84995591	85532201	289	0.0209
DADOS_p_TCGAb3_85_86_87_88_NSP_GenomeWideSNP_6_F01_1464666	3	85534571	87775449	1245	-0.4865
DADOS_p_TCGAb3_85_86_87_88_NSP_GenomeWideSNP_6_F01_1464666	3	87776084	88343115	270	-0.0078
DADOS_p_TCGAb3_85_86_87_88_NSP_GenomeWideSNP_6_F01_1464666	3	88348460	89319562	628	-0.4745
DADOS_p_TCGAb3_85_86_87_88_NSP_GenomeWideSNP_6_F01_1464666	3	89319577	89319812	2	-2.8706
DADOS_p_TCGAb3_85_86_87_88_NSP_GenomeWideSNP_6_F01_1464666	3	89320085	90502862	498	-0.451
DADOS_p_TCGAb3_85_86_87_88_NSP_GenomeWideSNP_6_F01_1464666	3	93519478	114655782	12387	0.016
DADOS_p_TCGAb3_85_86_87_88_NSP_GenomeWideSNP_6_F01_1464666	3	114660592	114660944	6	-3.123
DADOS_p_TCGAb3_85_86_87_88_NSP_GenomeWideSNP_6_F01_1464666	3	114668950	116246069	1019	0.0125
DADOS_p_TCGAb3_85_86_87_88_NSP_GenomeWideSNP_6_F01_1464666	3	116246682	116246736	3	-1.1248
DADOS_p_TCGAb3_85_86_87_88_NSP_GenomeWideSNP_6_F01_1464666	3	116246824	129785940	8244	0.0108
DADOS_p_TCGAb3_85_86_87_88_NSP_GenomeWideSNP_6_F01_1464666	3	129786209	129811262	54	0.2959
DADOS_p_TCGAb3_85_86_87_88_NSP_GenomeWideSNP_6_F01_1464666	3	129811271	169348944	24269	0.0084
DADOS_p_TCGAb3_85_86_87_88_NSP_GenomeWideSNP_6_F01_1464666	3	169349862	169350604	2	-1.7146
DADOS_p_TCGAb3_85_86_87_88_NSP_GenomeWideSNP_6_F01_1464666	3	169352458	192877962	15280	0.0105
DADOS_p_TCGAb3_85_86_87_88_NSP_GenomeWideSNP_6_F01_1464666	3	192878045	192880587	7	1.0164
DADOS_p_TCGAb3_85_86_87_88_NSP_GenomeWideSNP_6_F01_1464666	3	192880726	197869571	2714	0.0064
DADOS_p_TCGAb3_85_86_87_88_NSP_GenomeWideSNP_6_F01_1464666	3	197895985	197896118	4	-0.9448
DADOS_p_TCGAb3_85_86_87_88_NSP_GenomeWideSNP_6_F01_1464666	4	12281	9381191	5195	0.0082
DADOS_p_TCGAb3_85_86_87_88_NSP_GenomeWideSNP_6_F01_1464666	4	9381818	9406123	28	-0.3135
DADOS_p_TCGAb3_85_86_87_88_NSP_GenomeWideSNP_6_F01_1464666	4	9407241	10210390	584	0.032
DADOS_p_TCGAb3_85_86_87_88_NSP_GenomeWideSNP_6_F01_1464666	4	10223416	10231498	28	-2.4083
DADOS_p_TCGAb3_85_86_87_88_NSP_GenomeWideSNP_6_F01_1464666	4	10234214	21368339	8220	0.0183
DADOS_p_TCGAb3_85_86_87_88_NSP_GenomeWideSNP_6_F01_1464666	4	21368693	21376851	16	-0.5723
DADOS_p_TCGAb3_85_86_87_88_NSP_GenomeWideSNP_6_F01_1464666	4	21383740	69284591	28300	0.011
DADOS_p_TCGAb3_85_86_87_88_NSP_GenomeWideSNP_6_F01_1464666	4	69288138	69288142	3	1.2236
DADOS_p_TCGAb3_85_86_87_88_NSP_GenomeWideSNP_6_F01_1464666	4	69294799	69360489	14	-0.0026
DADOS_p_TCGAb3_85_86_87_88_NSP_GenomeWideSNP_6_F01_1464666	4	69367142	69485979	66	-1.9051
DADOS_p_TCGAb3_85_86_87_88_NSP_GenomeWideSNP_6_F01_1464666	4	69489335	69551744	9	-0.8716
DADOS_p_TCGAb3_85_86_87_88_NSP_GenomeWideSNP_6_F01_1464666	4	69558271	70123510	319	0.0264
DADOS_p_TCGAb3_85_86_87_88_NSP_GenomeWideSNP_6_F01_1464666	4	70127644	70232124	56	0.4656
DADOS_p_TCGAb3_85_86_87_88_NSP_GenomeWideSNP_6_F01_1464666	4	70236151	77423073	4359	0.0093
DADOS_p_TCGAb3_85_86_87_88_NSP_GenomeWideSNP_6_F01_1464666	4	77424006	77424258	4	-1.0399
DADOS_p_TCGAb3_85_86_87_88_NSP_GenomeWideSNP_6_F01_1464666	4	77427827	86976391	6090	0.012
DADOS_p_TCGAb3_85_86_87_88_NSP_GenomeWideSNP_6_F01_1464666	4	86976444	86979944	18	-0.7913
DADOS_p_TCGAb3_85_86_87_88_NSP_GenomeWideSNP_6_F01_1464666	4	86980089	154551283	40212	0.0093
DADOS_p_TCGAb3_85_86_87_88_NSP_GenomeWideSNP_6_F01_1464666	4	154552833	154553155	3	-2.0073
DADOS_p_TCGAb3_85_86_87_88_NSP_GenomeWideSNP_6_F01_1464666	4	154553693	156968180	1683	-0.0076
DADOS_p_TCGAb3_85_86_87_88_NSP_GenomeWideSNP_6_F01_1464666	4	156968283	156968298	2	-1.6284
DADOS_p_TCGAb3_85_86_87_88_NSP_GenomeWideSNP_6_F01_1464666	4	156968473	161874000	3077	0.0049
DADOS_p_TCGAb3_85_86_87_88_NSP_GenomeWideSNP_6_F01_1464666	4	161880018	161884919	22	-0.6527
DADOS_p_TCGAb3_85_86_87_88_NSP_GenomeWideSNP_6_F01_1464666	4	161884958	172987928	7086	0.003
DADOS_p_TCGAb3_85_86_87_88_NSP_GenomeWideSNP_6_F01_1464666	4	172989148	172989533	12	-2.0483
DADOS_p_TCGAb3_85_86_87_88_NSP_GenomeWideSNP_6_F01_1464666	4	172995979	191027923	12133	0.0049
DADOS_p_TCGAb3_85_86_87_88_NSP_GenomeWideSNP_6_F01_1464666	5	15532	667509	300	0.0326
DADOS_p_TCGAb3_85_86_87_88_NSP_GenomeWideSNP_6_F01_1464666	5	670745	779860	37	0.4186
DADOS_p_TCGAb3_85_86_87_88_NSP_GenomeWideSNP_6_F01_1464666	5	779881	17504277	13082	0.0115
DADOS_p_TCGAb3_85_86_87_88_NSP_GenomeWideSNP_6_F01_1464666	5	17508439	17515801	7	0.8818
DADOS_p_TCGAb3_85_86_87_88_NSP_GenomeWideSNP_6_F01_1464666	5	17601553	46246660	17394	0.0078
DADOS_p_TCGAb3_85_86_87_88_NSP_GenomeWideSNP_6_F01_1464666	5	46251306	46278212	10	0.67
DADOS_p_TCGAb3_85_86_87_88_NSP_GenomeWideSNP_6_F01_1464666	5	46313347	57956826	5557	-8e-04
DADOS_p_TCGAb3_85_86_87_88_NSP_GenomeWideSNP_6_F01_1464666	5	57956843	57959132	23	-0.7648
DADOS_p_TCGAb3_85_86_87_88_NSP_GenomeWideSNP_6_F01_1464666	5	57959692	68867294	6839	0.0065
DADOS_p_TCGAb3_85_86_87_88_NSP_GenomeWideSNP_6_F01_1464666	5	69074977	69118135	4	-1.2952
DADOS_p_TCGAb3_85_86_87_88_NSP_GenomeWideSNP_6_F01_1464666	5	69233427	91585793	12587	0.0085
DADOS_p_TCGAb3_85_86_87_88_NSP_GenomeWideSNP_6_F01_1464666	5	91590759	92710555	577	0.3592
DADOS_p_TCGAb3_85_86_87_88_NSP_GenomeWideSNP_6_F01_1464666	5	92717119	97603099	2783	-9e-04
DADOS_p_TCGAb3_85_86_87_88_NSP_GenomeWideSNP_6_F01_1464666	5	97615107	103851221	3621	0.3595
DADOS_p_TCGAb3_85_86_87_88_NSP_GenomeWideSNP_6_F01_1464666	5	103860373	103860548	3	-0.8388
DADOS_p_TCGAb3_85_86_87_88_NSP_GenomeWideSNP_6_F01_1464666	5	103860604	117386617	9407	0.3501
DADOS_p_TCGAb3_85_86_87_88_NSP_GenomeWideSNP_6_F01_1464666	5	117388422	117388963	10	-2.7761
DADOS_p_TCGAb3_85_86_87_88_NSP_GenomeWideSNP_6_F01_1464666	5	117389085	140576241	13998	0.3549
DADOS_p_TCGAb3_85_86_87_88_NSP_GenomeWideSNP_6_F01_1464666	5	140597816	140601198	5	-0.7092
DADOS_p_TCGAb3_85_86_87_88_NSP_GenomeWideSNP_6_F01_1464666	5	140602119	142015193	893	0.3435
DADOS_p_TCGAb3_85_86_87_88_NSP_GenomeWideSNP_6_F01_1464666	5	142017860	142020013	7	-0.6749
DADOS_p_TCGAb3_85_86_87_88_NSP_GenomeWideSNP_6_F01_1464666	5	142022102	176533135	23781	0.3537
DADOS_p_TCGAb3_85_86_87_88_NSP_GenomeWideSNP_6_F01_1464666	5	176534423	176534516	2	-1.1322
DADOS_p_TCGAb3_85_86_87_88_NSP_GenomeWideSNP_6_F01_1464666	5	176539212	177167963	240	0.3459
DADOS_p_TCGAb3_85_86_87_88_NSP_GenomeWideSNP_6_F01_1464666	5	177197955	177259415	7	-0.3584
DADOS_p_TCGAb3_85_86_87_88_NSP_GenomeWideSNP_6_F01_1464666	5	177260330	180380203	1815	0.3546
DADOS_p_TCGAb3_85_86_87_88_NSP_GenomeWideSNP_6_F01_1464666	5	180387138	180417911	15	0.8903
DADOS_p_TCGAb3_85_86_87_88_NSP_GenomeWideSNP_6_F01_1464666	5	180418103	180694888	167	0.369
DADOS_p_TCGAb3_85_86_87_88_NSP_GenomeWideSNP_6_F01_1464666	5	180696384	180790320	5	0.0701
DADOS_p_TCGAb3_85_86_87_88_NSP_GenomeWideSNP_6_F01_1464666	6	149661	29837072	21754	0.0103
DADOS_p_TCGAb3_85_86_87_88_NSP_GenomeWideSNP_6_F01_1464666	6	29837187	29849267	16	-1.288
DADOS_p_TCGAb3_85_86_87_88_NSP_GenomeWideSNP_6_F01_1464666	6	29850196	32431292	1187	-0.0169
DADOS_p_TCGAb3_85_86_87_88_NSP_GenomeWideSNP_6_F01_1464666	6	32431552	32501299	22	1.1568
DADOS_p_TCGAb3_85_86_87_88_NSP_GenomeWideSNP_6_F01_1464666	6	32508476	32686196	88	0.1564
DADOS_p_TCGAb3_85_86_87_88_NSP_GenomeWideSNP_6_F01_1464666	6	32688615	32690830	11	-0.9536
DADOS_p_TCGAb3_85_86_87_88_NSP_GenomeWideSNP_6_F01_1464666	6	32692227	78962889	27009	0.0045
DADOS_p_TCGAb3_85_86_87_88_NSP_GenomeWideSNP_6_F01_1464666	6	78969065	79032592	107	-0.5548
DADOS_p_TCGAb3_85_86_87_88_NSP_GenomeWideSNP_6_F01_1464666	6	79034940	86486941	4733	0.0052
DADOS_p_TCGAb3_85_86_87_88_NSP_GenomeWideSNP_6_F01_1464666	6	86489818	86491727	2	-1.6937
DADOS_p_TCGAb3_85_86_87_88_NSP_GenomeWideSNP_6_F01_1464666	6	86495070	101966828	9714	0.0063
DADOS_p_TCGAb3_85_86_87_88_NSP_GenomeWideSNP_6_F01_1464666	6	101969330	101970016	4	-1.0054
DADOS_p_TCGAb3_85_86_87_88_NSP_GenomeWideSNP_6_F01_1464666	6	101970079	103734829	1049	0.0111
DADOS_p_TCGAb3_85_86_87_88_NSP_GenomeWideSNP_6_F01_1464666	6	103737976	103762061	46	-1.434
DADOS_p_TCGAb3_85_86_87_88_NSP_GenomeWideSNP_6_F01_1464666	6	103765470	153957370	32303	0.0076
DADOS_p_TCGAb3_85_86_87_88_NSP_GenomeWideSNP_6_F01_1464666	6	153960786	153961419	2	-3.3344
DADOS_p_TCGAb3_85_86_87_88_NSP_GenomeWideSNP_6_F01_1464666	6	153961899	165575015	8212	0.0082
DADOS_p_TCGAb3_85_86_87_88_NSP_GenomeWideSNP_6_F01_1464666	6	165577139	165639708	66	0.3993
DADOS_p_TCGAb3_85_86_87_88_NSP_GenomeWideSNP_6_F01_1464666	6	165639794	165724052	66	-0.0168
DADOS_p_TCGAb3_85_86_87_88_NSP_GenomeWideSNP_6_F01_1464666	6	165731526	165731928	2	-1.9277
DADOS_p_TCGAb3_85_86_87_88_NSP_GenomeWideSNP_6_F01_1464666	6	165734652	171051005	3620	0.0201
DADOS_p_TCGAb3_85_86_87_88_NSP_GenomeWideSNP_6_F01_1464666	7	43355	22434780	16113	0.007
DADOS_p_TCGAb3_85_86_87_88_NSP_GenomeWideSNP_6_F01_1464666	7	22435472	22436487	2	-3.4786
DADOS_p_TCGAb3_85_86_87_88_NSP_GenomeWideSNP_6_F01_1464666	7	22438754	54386505	22476	0.0079
DADOS_p_TCGAb3_85_86_87_88_NSP_GenomeWideSNP_6_F01_1464666	7	54386509	54386517	5	-2.6738
DADOS_p_TCGAb3_85_86_87_88_NSP_GenomeWideSNP_6_F01_1464666	7	54393488	56807732	1592	8e-04
DADOS_p_TCGAb3_85_86_87_88_NSP_GenomeWideSNP_6_F01_1464666	7	56807765	56861678	19	-0.8992
DADOS_p_TCGAb3_85_86_87_88_NSP_GenomeWideSNP_6_F01_1464666	7	56862521	56930890	11	-0.3259
DADOS_p_TCGAb3_85_86_87_88_NSP_GenomeWideSNP_6_F01_1464666	7	56938486	56954399	4	-1.058
DADOS_p_TCGAb3_85_86_87_88_NSP_GenomeWideSNP_6_F01_1464666	7	56957104	63166234	839	-0.0125
DADOS_p_TCGAb3_85_86_87_88_NSP_GenomeWideSNP_6_F01_1464666	7	63169428	63302442	24	0.569
DADOS_p_TCGAb3_85_86_87_88_NSP_GenomeWideSNP_6_F01_1464666	7	63311642	75437685	5728	0.0098
DADOS_p_TCGAb3_85_86_87_88_NSP_GenomeWideSNP_6_F01_1464666	7	75438763	75438780	2	-1.4482
DADOS_p_TCGAb3_85_86_87_88_NSP_GenomeWideSNP_6_F01_1464666	7	75439696	109433785	20603	0.0076
DADOS_p_TCGAb3_85_86_87_88_NSP_GenomeWideSNP_6_F01_1464666	7	109433798	109453910	36	0.4776
DADOS_p_TCGAb3_85_86_87_88_NSP_GenomeWideSNP_6_F01_1464666	7	109453982	138669978	18093	0.0071
DADOS_p_TCGAb3_85_86_87_88_NSP_GenomeWideSNP_6_F01_1464666	7	138672802	138673567	3	-1.3337
DADOS_p_TCGAb3_85_86_87_88_NSP_GenomeWideSNP_6_F01_1464666	7	138676864	140192342	812	-0.0065
DADOS_p_TCGAb3_85_86_87_88_NSP_GenomeWideSNP_6_F01_1464666	7	140192859	140198323	11	-3.1916
DADOS_p_TCGAb3_85_86_87_88_NSP_GenomeWideSNP_6_F01_1464666	7	140198552	140199012	2	-1.4264
DADOS_p_TCGAb3_85_86_87_88_NSP_GenomeWideSNP_6_F01_1464666	7	140206602	142047109	1314	0.0166
DADOS_p_TCGAb3_85_86_87_88_NSP_GenomeWideSNP_6_F01_1464666	7	142047132	142047648	5	-0.8687
DADOS_p_TCGAb3_85_86_87_88_NSP_GenomeWideSNP_6_F01_1464666	7	142099013	142476764	256	0.1044
DADOS_p_TCGAb3_85_86_87_88_NSP_GenomeWideSNP_6_F01_1464666	7	142476933	142486045	25	0.5707
DADOS_p_TCGAb3_85_86_87_88_NSP_GenomeWideSNP_6_F01_1464666	7	142486115	143444531	521	0.008
DADOS_p_TCGAb3_85_86_87_88_NSP_GenomeWideSNP_6_F01_1464666	7	143448379	143470120	8	0.5004
DADOS_p_TCGAb3_85_86_87_88_NSP_GenomeWideSNP_6_F01_1464666	7	143470139	143545361	34	0.1525
DADOS_p_TCGAb3_85_86_87_88_NSP_GenomeWideSNP_6_F01_1464666	7	143545694	143568059	7	0.5042
DADOS_p_TCGAb3_85_86_87_88_NSP_GenomeWideSNP_6_F01_1464666	7	143572166	143709699	123	0.0362
DADOS_p_TCGAb3_85_86_87_88_NSP_GenomeWideSNP_6_F01_1464666	7	143710096	143711151	7	-0.4745
DADOS_p_TCGAb3_85_86_87_88_NSP_GenomeWideSNP_6_F01_1464666	7	143711169	143873952	138	-0.0294
DADOS_p_TCGAb3_85_86_87_88_NSP_GenomeWideSNP_6_F01_1464666	7	143896252	143909445	5	-1.0326
DADOS_p_TCGAb3_85_86_87_88_NSP_GenomeWideSNP_6_F01_1464666	7	143911624	143946878	8	-0.1624
DADOS_p_TCGAb3_85_86_87_88_NSP_GenomeWideSNP_6_F01_1464666	7	143952313	143961286	6	0.4142
DADOS_p_TCGAb3_85_86_87_88_NSP_GenomeWideSNP_6_F01_1464666	7	143961955	144003667	9	-0.2652
DADOS_p_TCGAb3_85_86_87_88_NSP_GenomeWideSNP_6_F01_1464666	7	144003746	144009564	3	-1.4682
DADOS_p_TCGAb3_85_86_87_88_NSP_GenomeWideSNP_6_F01_1464666	7	144014189	159127004	9712	-1e-04
DADOS_p_TCGAb3_85_86_87_88_NSP_GenomeWideSNP_6_F01_1464666	8	31254	2036476	1425	0.0152
DADOS_p_TCGAb3_85_86_87_88_NSP_GenomeWideSNP_6_F01_1464666	8	2036715	2036733	2	-1.5917
DADOS_p_TCGAb3_85_86_87_88_NSP_GenomeWideSNP_6_F01_1464666	8	2039437	2080289	58	0.0094
DADOS_p_TCGAb3_85_86_87_88_NSP_GenomeWideSNP_6_F01_1464666	8	2080394	2082877	20	-0.5432
DADOS_p_TCGAb3_85_86_87_88_NSP_GenomeWideSNP_6_F01_1464666	8	2085178	3784187	1934	0.0086
DADOS_p_TCGAb3_85_86_87_88_NSP_GenomeWideSNP_6_F01_1464666	8	3787060	3791265	26	-0.7253
DADOS_p_TCGAb3_85_86_87_88_NSP_GenomeWideSNP_6_F01_1464666	8	3791362	11997095	7840	0.0132
DADOS_p_TCGAb3_85_86_87_88_NSP_GenomeWideSNP_6_F01_1464666	8	12000309	12507071	127	-0.3374
DADOS_p_TCGAb3_85_86_87_88_NSP_GenomeWideSNP_6_F01_1464666	8	12528428	15817196	3145	-0.0011
DADOS_p_TCGAb3_85_86_87_88_NSP_GenomeWideSNP_6_F01_1464666	8	15817284	15817556	2	-1.3265
DADOS_p_TCGAb3_85_86_87_88_NSP_GenomeWideSNP_6_F01_1464666	8	15817881	16197191	316	-0.042
DADOS_p_TCGAb3_85_86_87_88_NSP_GenomeWideSNP_6_F01_1464666	8	16206954	16207123	8	-1.5742
DADOS_p_TCGAb3_85_86_87_88_NSP_GenomeWideSNP_6_F01_1464666	8	16212084	24972187	6949	0.0077
DADOS_p_TCGAb3_85_86_87_88_NSP_GenomeWideSNP_6_F01_1464666	8	24974443	24984333	27	-0.4527
DADOS_p_TCGAb3_85_86_87_88_NSP_GenomeWideSNP_6_F01_1464666	8	24991104	39230659	9043	0.0038
DADOS_p_TCGAb3_85_86_87_88_NSP_GenomeWideSNP_6_F01_1464666	8	39235603	39333148	37	0.5108
DADOS_p_TCGAb3_85_86_87_88_NSP_GenomeWideSNP_6_F01_1464666	8	39339520	43342635	2526	0.0049
DADOS_p_TCGAb3_85_86_87_88_NSP_GenomeWideSNP_6_F01_1464666	8	43343554	43353486	2	-1.6739
DADOS_p_TCGAb3_85_86_87_88_NSP_GenomeWideSNP_6_F01_1464666	8	43360692	75308318	17612	0.0054
DADOS_p_TCGAb3_85_86_87_88_NSP_GenomeWideSNP_6_F01_1464666	8	75319183	75327594	5	-0.9176
DADOS_p_TCGAb3_85_86_87_88_NSP_GenomeWideSNP_6_F01_1464666	8	75328535	89928378	8240	0.0101
DADOS_p_TCGAb3_85_86_87_88_NSP_GenomeWideSNP_6_F01_1464666	8	89928926	89929995	4	-1.0466
DADOS_p_TCGAb3_85_86_87_88_NSP_GenomeWideSNP_6_F01_1464666	8	89930086	90734506	572	0.0207
DADOS_p_TCGAb3_85_86_87_88_NSP_GenomeWideSNP_6_F01_1464666	8	90738200	90739480	5	-0.8858
DADOS_p_TCGAb3_85_86_87_88_NSP_GenomeWideSNP_6_F01_1464666	8	90742503	146298155	36075	0.0061
DADOS_p_TCGAb3_85_86_87_88_NSP_GenomeWideSNP_6_F01_1464666	9	46587	591967	480	0.001
DADOS_p_TCGAb3_85_86_87_88_NSP_GenomeWideSNP_6_F01_1464666	9	592077	608659	45	-1.0637
DADOS_p_TCGAb3_85_86_87_88_NSP_GenomeWideSNP_6_F01_1464666	9	608683	29924682	24882	0.0082
DADOS_p_TCGAb3_85_86_87_88_NSP_GenomeWideSNP_6_F01_1464666	9	29926374	29934163	11	-0.8609
DADOS_p_TCGAb3_85_86_87_88_NSP_GenomeWideSNP_6_F01_1464666	9	29934200	38994130	5804	0.0051
DADOS_p_TCGAb3_85_86_87_88_NSP_GenomeWideSNP_6_F01_1464666	9	38996103	40476154	89	-0.5662
DADOS_p_TCGAb3_85_86_87_88_NSP_GenomeWideSNP_6_F01_1464666	9	40508680	68183978	371	-0.0721
DADOS_p_TCGAb3_85_86_87_88_NSP_GenomeWideSNP_6_F01_1464666	9	68183981	68188547	9	1.213
DADOS_p_TCGAb3_85_86_87_88_NSP_GenomeWideSNP_6_F01_1464666	9	68209916	79226666	6259	0.004
DADOS_p_TCGAb3_85_86_87_88_NSP_GenomeWideSNP_6_F01_1464666	9	79230339	79231549	7	-0.8548
DADOS_p_TCGAb3_85_86_87_88_NSP_GenomeWideSNP_6_F01_1464666	9	79231752	100373359	14571	0.0071
DADOS_p_TCGAb3_85_86_87_88_NSP_GenomeWideSNP_6_F01_1464666	9	100374354	100377130	3	-1.0589
DADOS_p_TCGAb3_85_86_87_88_NSP_GenomeWideSNP_6_F01_1464666	9	100377140	107361710	4883	0.0032
DADOS_p_TCGAb3_85_86_87_88_NSP_GenomeWideSNP_6_F01_1464666	9	107363833	107366783	31	-0.8298
DADOS_p_TCGAb3_85_86_87_88_NSP_GenomeWideSNP_6_F01_1464666	9	107369879	141091394	22516	0.0069
DADOS_p_TCGAb3_85_86_87_88_NSP_GenomeWideSNP_6_F01_1464666	10	72809	122770663	81760	0.0052
DADOS_p_TCGAb3_85_86_87_88_NSP_GenomeWideSNP_6_F01_1464666	10	122770678	122777498	19	-0.636
DADOS_p_TCGAb3_85_86_87_88_NSP_GenomeWideSNP_6_F01_1464666	10	122789542	127068633	3296	6e-04
DADOS_p_TCGAb3_85_86_87_88_NSP_GenomeWideSNP_6_F01_1464666	10	127072943	127074060	2	-1.5435
DADOS_p_TCGAb3_85_86_87_88_NSP_GenomeWideSNP_6_F01_1464666	10	127079102	129084071	1471	0.0042
DADOS_p_TCGAb3_85_86_87_88_NSP_GenomeWideSNP_6_F01_1464666	10	129084327	129087520	3	-1.0544
DADOS_p_TCGAb3_85_86_87_88_NSP_GenomeWideSNP_6_F01_1464666	10	129088032	135506704	4569	0.0056
DADOS_p_TCGAb3_85_86_87_88_NSP_GenomeWideSNP_6_F01_1464666	11	198510	733813	175	-0.002
DADOS_p_TCGAb3_85_86_87_88_NSP_GenomeWideSNP_6_F01_1464666	11	741820	743813	5	-0.9211
DADOS_p_TCGAb3_85_86_87_88_NSP_GenomeWideSNP_6_F01_1464666	11	745581	3282568	1091	0.0061
DADOS_p_TCGAb3_85_86_87_88_NSP_GenomeWideSNP_6_F01_1464666	11	3286016	3346743	5	1.2348
DADOS_p_TCGAb3_85_86_87_88_NSP_GenomeWideSNP_6_F01_1464666	11	3363765	3486724	70	-0.0177
DADOS_p_TCGAb3_85_86_87_88_NSP_GenomeWideSNP_6_F01_1464666	11	3488430	3488541	2	-3.1208
DADOS_p_TCGAb3_85_86_87_88_NSP_GenomeWideSNP_6_F01_1464666	11	3506526	4238406	438	0.0261
DADOS_p_TCGAb3_85_86_87_88_NSP_GenomeWideSNP_6_F01_1464666	11	4239054	4272420	11	-0.6713
DADOS_p_TCGAb3_85_86_87_88_NSP_GenomeWideSNP_6_F01_1464666	11	4272462	4954470	649	-0.0109
DADOS_p_TCGAb3_85_86_87_88_NSP_GenomeWideSNP_6_F01_1464666	11	4954607	4976892	70	0.2524
DADOS_p_TCGAb3_85_86_87_88_NSP_GenomeWideSNP_6_F01_1464666	11	4976907	5787405	787	0.0091
DADOS_p_TCGAb3_85_86_87_88_NSP_GenomeWideSNP_6_F01_1464666	11	5788080	5809338	33	-0.4993
DADOS_p_TCGAb3_85_86_87_88_NSP_GenomeWideSNP_6_F01_1464666	11	5809461	18940322	9426	0.0049
DADOS_p_TCGAb3_85_86_87_88_NSP_GenomeWideSNP_6_F01_1464666	11	18940856	18961988	59	-0.2541
DADOS_p_TCGAb3_85_86_87_88_NSP_GenomeWideSNP_6_F01_1464666	11	18962016	21186995	2037	0.0144
DADOS_p_TCGAb3_85_86_87_88_NSP_GenomeWideSNP_6_F01_1464666	11	21191016	21215845	45	-0.9379
DADOS_p_TCGAb3_85_86_87_88_NSP_GenomeWideSNP_6_F01_1464666	11	21216377	51096372	19384	0.002
DADOS_p_TCGAb3_85_86_87_88_NSP_GenomeWideSNP_6_F01_1464666	11	51126742	51127104	2	-1.9141
DADOS_p_TCGAb3_85_86_87_88_NSP_GenomeWideSNP_6_F01_1464666	11	51163249	55376498	394	-0.0058
DADOS_p_TCGAb3_85_86_87_88_NSP_GenomeWideSNP_6_F01_1464666	11	55376511	55452977	49	0.3341
DADOS_p_TCGAb3_85_86_87_88_NSP_GenomeWideSNP_6_F01_1464666	11	55453009	79967504	13299	0.0028
DADOS_p_TCGAb3_85_86_87_88_NSP_GenomeWideSNP_6_F01_1464666	11	79967513	79967548	2	-2.1338
DADOS_p_TCGAb3_85_86_87_88_NSP_GenomeWideSNP_6_F01_1464666	11	79967564	104942257	17716	0.0078
DADOS_p_TCGAb3_85_86_87_88_NSP_GenomeWideSNP_6_F01_1464666	11	104943730	104971223	21	0.646
DADOS_p_TCGAb3_85_86_87_88_NSP_GenomeWideSNP_6_F01_1464666	11	104972167	134944770	21400	0.0073
DADOS_p_TCGAb3_85_86_87_88_NSP_GenomeWideSNP_6_F01_1464666	12	150442	8542090	5617	0.0086
DADOS_p_TCGAb3_85_86_87_88_NSP_GenomeWideSNP_6_F01_1464666	12	8552522	8558792	6	-0.9519
DADOS_p_TCGAb3_85_86_87_88_NSP_GenomeWideSNP_6_F01_1464666	12	8558813	9630556	583	0.0072
DADOS_p_TCGAb3_85_86_87_88_NSP_GenomeWideSNP_6_F01_1464666	12	9633870	9734970	27	0.891
DADOS_p_TCGAb3_85_86_87_88_NSP_GenomeWideSNP_6_F01_1464666	12	9735686	10580460	634	0.0159
DADOS_p_TCGAb3_85_86_87_88_NSP_GenomeWideSNP_6_F01_1464666	12	10583367	10586795	2	-1.3084
DADOS_p_TCGAb3_85_86_87_88_NSP_GenomeWideSNP_6_F01_1464666	12	10587320	11215372	404	-0.0099
DADOS_p_TCGAb3_85_86_87_88_NSP_GenomeWideSNP_6_F01_1464666	12	11216849	11241532	14	-1.28
DADOS_p_TCGAb3_85_86_87_88_NSP_GenomeWideSNP_6_F01_1464666	12	11251874	11504091	132	2e-04
DADOS_p_TCGAb3_85_86_87_88_NSP_GenomeWideSNP_6_F01_1464666	12	11511577	11543406	32	0.5274
DADOS_p_TCGAb3_85_86_87_88_NSP_GenomeWideSNP_6_F01_1464666	12	11552192	15567923	3010	0.0058
DADOS_p_TCGAb3_85_86_87_88_NSP_GenomeWideSNP_6_F01_1464666	12	15568846	15573643	5	-1.3434
DADOS_p_TCGAb3_85_86_87_88_NSP_GenomeWideSNP_6_F01_1464666	12	15575137	30235421	10121	0.0125
DADOS_p_TCGAb3_85_86_87_88_NSP_GenomeWideSNP_6_F01_1464666	12	30235581	30243631	23	-0.7441
DADOS_p_TCGAb3_85_86_87_88_NSP_GenomeWideSNP_6_F01_1464666	12	30243665	99791814	41689	0.006
DADOS_p_TCGAb3_85_86_87_88_NSP_GenomeWideSNP_6_F01_1464666	12	99795293	99798734	31	-1.6782
DADOS_p_TCGAb3_85_86_87_88_NSP_GenomeWideSNP_6_F01_1464666	12	99803093	127589085	18211	0.0064
DADOS_p_TCGAb3_85_86_87_88_NSP_GenomeWideSNP_6_F01_1464666	12	127589118	127604375	44	-0.49
DADOS_p_TCGAb3_85_86_87_88_NSP_GenomeWideSNP_6_F01_1464666	12	127604394	133778189	4520	0.0117
DADOS_p_TCGAb3_85_86_87_88_NSP_GenomeWideSNP_6_F01_1464666	13	19026949	50918665	22277	0.0127
DADOS_p_TCGAb3_85_86_87_88_NSP_GenomeWideSNP_6_F01_1464666	13	50919045	50924448	6	-0.8624
DADOS_p_TCGAb3_85_86_87_88_NSP_GenomeWideSNP_6_F01_1464666	13	50925940	57764037	3864	0.0071
DADOS_p_TCGAb3_85_86_87_88_NSP_GenomeWideSNP_6_F01_1464666	13	57764057	57790009	22	-0.3996
DADOS_p_TCGAb3_85_86_87_88_NSP_GenomeWideSNP_6_F01_1464666	13	57792969	98326636	25840	0.0081
DADOS_p_TCGAb3_85_86_87_88_NSP_GenomeWideSNP_6_F01_1464666	13	98326648	98326676	2	-1.5361
DADOS_p_TCGAb3_85_86_87_88_NSP_GenomeWideSNP_6_F01_1464666	13	98326875	111723194	10549	0.0088
DADOS_p_TCGAb3_85_86_87_88_NSP_GenomeWideSNP_6_F01_1464666	13	111724124	111724532	2	-1.3688
DADOS_p_TCGAb3_85_86_87_88_NSP_GenomeWideSNP_6_F01_1464666	13	111724545	115108397	1783	0.0155
DADOS_p_TCGAb3_85_86_87_88_NSP_GenomeWideSNP_6_F01_1464666	14	19002124	21362036	909	0.0419
DADOS_p_TCGAb3_85_86_87_88_NSP_GenomeWideSNP_6_F01_1464666	14	21363348	21421088	23	-4.2997
DADOS_p_TCGAb3_85_86_87_88_NSP_GenomeWideSNP_6_F01_1464666	14	21424718	22392966	611	0.0119
DADOS_p_TCGAb3_85_86_87_88_NSP_GenomeWideSNP_6_F01_1464666	14	22392983	22393545	5	-0.9938
DADOS_p_TCGAb3_85_86_87_88_NSP_GenomeWideSNP_6_F01_1464666	14	22393599	28665038	4118	0.0262
DADOS_p_TCGAb3_85_86_87_88_NSP_GenomeWideSNP_6_F01_1464666	14	28668373	28670738	5	-1.2627
DADOS_p_TCGAb3_85_86_87_88_NSP_GenomeWideSNP_6_F01_1464666	14	28674626	48539010	12282	0.0059
DADOS_p_TCGAb3_85_86_87_88_NSP_GenomeWideSNP_6_F01_1464666	14	48540122	48540991	3	-1.7299
DADOS_p_TCGAb3_85_86_87_88_NSP_GenomeWideSNP_6_F01_1464666	14	48542729	74006707	16386	0.006
DADOS_p_TCGAb3_85_86_87_88_NSP_GenomeWideSNP_6_F01_1464666	14	74006851	74020979	7	0.8205
DADOS_p_TCGAb3_85_86_87_88_NSP_GenomeWideSNP_6_F01_1464666	14	74029900	106535295	20827	0.0035
DADOS_p_TCGAb3_85_86_87_88_NSP_GenomeWideSNP_6_F01_1464666	14	106538062	106553186	10	0.704
DADOS_p_TCGAb3_85_86_87_88_NSP_GenomeWideSNP_6_F01_1464666	14	106555921	107285437	421	-0.0028
DADOS_p_TCGAb3_85_86_87_88_NSP_GenomeWideSNP_6_F01_1464666	15	20016328	20246372	51	-9e-04
DADOS_p_TCGAb3_85_86_87_88_NSP_GenomeWideSNP_6_F01_1464666	15	20247155	22280477	257	0.5432
DADOS_p_TCGAb3_85_86_87_88_NSP_GenomeWideSNP_6_F01_1464666	15	22284954	22291024	4	-1.2128
DADOS_p_TCGAb3_85_86_87_88_NSP_GenomeWideSNP_6_F01_1464666	15	22293227	23487546	429	0.0812
DADOS_p_TCGAb3_85_86_87_88_NSP_GenomeWideSNP_6_F01_1464666	15	23641514	23670984	12	-0.8737
DADOS_p_TCGAb3_85_86_87_88_NSP_GenomeWideSNP_6_F01_1464666	15	23671846	27918623	3063	0.0102
DADOS_p_TCGAb3_85_86_87_88_NSP_GenomeWideSNP_6_F01_1464666	15	27919497	27927806	13	-0.7988
DADOS_p_TCGAb3_85_86_87_88_NSP_GenomeWideSNP_6_F01_1464666	15	27928794	30369914	1270	0.0233
DADOS_p_TCGAb3_85_86_87_88_NSP_GenomeWideSNP_6_F01_1464666	15	30370031	30913587	113	-0.4772
DADOS_p_TCGAb3_85_86_87_88_NSP_GenomeWideSNP_6_F01_1464666	15	30920624	32444055	1049	0.0191
DADOS_p_TCGAb3_85_86_87_88_NSP_GenomeWideSNP_6_F01_1464666	15	32460887	32857412	64	-0.3351
DADOS_p_TCGAb3_85_86_87_88_NSP_GenomeWideSNP_6_F01_1464666	15	32857482	34944530	1636	0.0017
DADOS_p_TCGAb3_85_86_87_88_NSP_GenomeWideSNP_6_F01_1464666	15	34949119	34949194	2	-1.3156
DADOS_p_TCGAb3_85_86_87_88_NSP_GenomeWideSNP_6_F01_1464666	15	34952739	82691502	30088	0.0071
DADOS_p_TCGAb3_85_86_87_88_NSP_GenomeWideSNP_6_F01_1464666	15	82695702	83108458	12	-0.6354
DADOS_p_TCGAb3_85_86_87_88_NSP_GenomeWideSNP_6_F01_1464666	15	83108839	102469040	14021	0.0085
DADOS_p_TCGAb3_85_86_87_88_NSP_GenomeWideSNP_6_F01_1464666	16	60777	18255924	12811	0.0074
DADOS_p_TCGAb3_85_86_87_88_NSP_GenomeWideSNP_6_F01_1464666	16	18262173	18286515	2	-1.8463
DADOS_p_TCGAb3_85_86_87_88_NSP_GenomeWideSNP_6_F01_1464666	16	18305985	90287535	39638	0.0068
DADOS_p_TCGAb3_85_86_87_88_NSP_GenomeWideSNP_6_F01_1464666	17	526	6101198	3379	0.0126
DADOS_p_TCGAb3_85_86_87_88_NSP_GenomeWideSNP_6_F01_1464666	17	6106486	6132774	28	-0.9917
DADOS_p_TCGAb3_85_86_87_88_NSP_GenomeWideSNP_6_F01_1464666	17	6132812	16591273	7095	0.0099
DADOS_p_TCGAb3_85_86_87_88_NSP_GenomeWideSNP_6_F01_1464666	17	16611748	16741528	25	-0.4416
DADOS_p_TCGAb3_85_86_87_88_NSP_GenomeWideSNP_6_F01_1464666	17	16741784	17229373	281	0.0366
DADOS_p_TCGAb3_85_86_87_88_NSP_GenomeWideSNP_6_F01_1464666	17	17234400	17234723	2	-2.2251
DADOS_p_TCGAb3_85_86_87_88_NSP_GenomeWideSNP_6_F01_1464666	17	17236091	18355392	637	-0.0055
DADOS_p_TCGAb3_85_86_87_88_NSP_GenomeWideSNP_6_F01_1464666	17	18358946	18465221	28	0.5178
DADOS_p_TCGAb3_85_86_87_88_NSP_GenomeWideSNP_6_F01_1464666	17	18469197	34437128	6926	0.005
DADOS_p_TCGAb3_85_86_87_88_NSP_GenomeWideSNP_6_F01_1464666	17	34439978	34629696	41	0.7482
DADOS_p_TCGAb3_85_86_87_88_NSP_GenomeWideSNP_6_F01_1464666	17	34816256	39387560	2521	-0.005
DADOS_p_TCGAb3_85_86_87_88_NSP_GenomeWideSNP_6_F01_1464666	17	39389311	39389918	2	-2.8083
DADOS_p_TCGAb3_85_86_87_88_NSP_GenomeWideSNP_6_F01_1464666	17	39390276	39421708	13	0.1376
DADOS_p_TCGAb3_85_86_87_88_NSP_GenomeWideSNP_6_F01_1464666	17	39423014	39423305	10	1.9916
DADOS_p_TCGAb3_85_86_87_88_NSP_GenomeWideSNP_6_F01_1464666	17	39423320	39430450	13	1.213
DADOS_p_TCGAb3_85_86_87_88_NSP_GenomeWideSNP_6_F01_1464666	17	39430531	77991228	22961	0.0055
DADOS_p_TCGAb3_85_86_87_88_NSP_GenomeWideSNP_6_F01_1464666	17	77993096	77996780	3	-1.1465
DADOS_p_TCGAb3_85_86_87_88_NSP_GenomeWideSNP_6_F01_1464666	17	78004093	81049726	1353	0.016
DADOS_p_TCGAb3_85_86_87_88_NSP_GenomeWideSNP_6_F01_1464666	18	11543	78015057	50840	0.0104
DADOS_p_TCGAb3_85_86_87_88_NSP_GenomeWideSNP_6_F01_1464666	19	90910	43696975	20772	0.0071
DADOS_p_TCGAb3_85_86_87_88_NSP_GenomeWideSNP_6_F01_1464666	19	43697333	43756237	23	-0.7328
DADOS_p_TCGAb3_85_86_87_88_NSP_GenomeWideSNP_6_F01_1464666	19	43766659	44902381	751	0.0033
DADOS_p_TCGAb3_85_86_87_88_NSP_GenomeWideSNP_6_F01_1464666	19	44905905	44906547	3	-1.3855
DADOS_p_TCGAb3_85_86_87_88_NSP_GenomeWideSNP_6_F01_1464666	19	44906619	54722275	5183	0.0082
DADOS_p_TCGAb3_85_86_87_88_NSP_GenomeWideSNP_6_F01_1464666	19	54730202	54741319	17	-0.8513
DADOS_p_TCGAb3_85_86_87_88_NSP_GenomeWideSNP_6_F01_1464666	19	54753340	55335506	308	0.0107
DADOS_p_TCGAb3_85_86_87_88_NSP_GenomeWideSNP_6_F01_1464666	19	55339733	55365630	12	-0.6969
DADOS_p_TCGAb3_85_86_87_88_NSP_GenomeWideSNP_6_F01_1464666	19	55368203	56282070	442	0.0138
DADOS_p_TCGAb3_85_86_87_88_NSP_GenomeWideSNP_6_F01_1464666	19	56282369	56283067	4	-1.2778
DADOS_p_TCGAb3_85_86_87_88_NSP_GenomeWideSNP_6_F01_1464666	19	56286293	59097854	1849	0.0098
DADOS_p_TCGAb3_85_86_87_88_NSP_GenomeWideSNP_6_F01_1464666	20	61305	1572135	1231	0.0033
DADOS_p_TCGAb3_85_86_87_88_NSP_GenomeWideSNP_6_F01_1464666	20	1572203	1597946	18	-0.4705
DADOS_p_TCGAb3_85_86_87_88_NSP_GenomeWideSNP_6_F01_1464666	20	1598106	62916068	41253	0.0058
DADOS_p_TCGAb3_85_86_87_88_NSP_GenomeWideSNP_6_F01_1464666	20	62954695	62956153	5	-0.8516
DADOS_p_TCGAb3_85_86_87_88_NSP_GenomeWideSNP_6_F01_1464666	21	10736871	10956152	43	0.3768
DADOS_p_TCGAb3_85_86_87_88_NSP_GenomeWideSNP_6_F01_1464666	21	10960425	20056087	3671	0.0119
DADOS_p_TCGAb3_85_86_87_88_NSP_GenomeWideSNP_6_F01_1464666	21	20057678	20080934	27	0.6088
DADOS_p_TCGAb3_85_86_87_88_NSP_GenomeWideSNP_6_F01_1464666	21	20081875	24023240	3003	-0.0025
DADOS_p_TCGAb3_85_86_87_88_NSP_GenomeWideSNP_6_F01_1464666	21	24023611	24023934	4	-1.7567
DADOS_p_TCGAb3_85_86_87_88_NSP_GenomeWideSNP_6_F01_1464666	21	24025470	24421025	285	-0.0236
DADOS_p_TCGAb3_85_86_87_88_NSP_GenomeWideSNP_6_F01_1464666	21	24423306	24436710	33	-0.8467
DADOS_p_TCGAb3_85_86_87_88_NSP_GenomeWideSNP_6_F01_1464666	21	24437020	46926551	16665	0.0109
DADOS_p_TCGAb3_85_86_87_88_NSP_GenomeWideSNP_6_F01_1464666	21	46931017	46931109	2	1.5886
DADOS_p_TCGAb3_85_86_87_88_NSP_GenomeWideSNP_6_F01_1464666	21	46931460	48096957	688	0.0154
DADOS_p_TCGAb3_85_86_87_88_NSP_GenomeWideSNP_6_F01_1464666	22	16052528	20330744	2148	0.0152
DADOS_p_TCGAb3_85_86_87_88_NSP_GenomeWideSNP_6_F01_1464666	22	20397856	20499111	5	0.9396
DADOS_p_TCGAb3_85_86_87_88_NSP_GenomeWideSNP_6_F01_1464666	22	20662706	21708108	708	0.0294
DADOS_p_TCGAb3_85_86_87_88_NSP_GenomeWideSNP_6_F01_1464666	22	21721603	21845067	38	0.5248
DADOS_p_TCGAb3_85_86_87_88_NSP_GenomeWideSNP_6_F01_1464666	22	21845294	24344422	1722	0.0369
DADOS_p_TCGAb3_85_86_87_88_NSP_GenomeWideSNP_6_F01_1464666	22	24350529	24396814	19	-1.9604
DADOS_p_TCGAb3_85_86_87_88_NSP_GenomeWideSNP_6_F01_1464666	22	24401529	36478767	9163	0.007
DADOS_p_TCGAb3_85_86_87_88_NSP_GenomeWideSNP_6_F01_1464666	22	36479477	36480113	2	-1.4014
DADOS_p_TCGAb3_85_86_87_88_NSP_GenomeWideSNP_6_F01_1464666	22	36483941	36570828	70	0.0148
DADOS_p_TCGAb3_85_86_87_88_NSP_GenomeWideSNP_6_F01_1464666	22	36572515	36573930	4	-1.0748
DADOS_p_TCGAb3_85_86_87_88_NSP_GenomeWideSNP_6_F01_1464666	22	36576940	50967032	9535	0.0107
DADOS_p_TCGAb3_85_86_87_88_NSP_GenomeWideSNP_6_F01_1464666	22	50973108	50973113	4	-1.0318
DADOS_p_TCGAb3_85_86_87_88_NSP_GenomeWideSNP_6_F01_1464666	22	50973116	51234455	148	0.0436
DADOS_p_TCGAb3_85_86_87_88_NSP_GenomeWideSNP_6_F01_1464666	X	168477	155182354	83918	0.003
DADOS_p_TCGAb3_85_86_87_88_NSP_GenomeWideSNP_6_F01_1464666	Y	2650438	7455441	1459	-0.606
DADOS_p_TCGAb3_85_86_87_88_NSP_GenomeWideSNP_6_F01_1464666	Y	7455623	7472116	13	-1.4563
DADOS_p_TCGAb3_85_86_87_88_NSP_GenomeWideSNP_6_F01_1464666	Y	7472222	9633865	1101	-0.6082
DADOS_p_TCGAb3_85_86_87_88_NSP_GenomeWideSNP_6_F01_1464666	Y	9648550	9648739	2	1.7745
DADOS_p_TCGAb3_85_86_87_88_NSP_GenomeWideSNP_6_F01_1464666	Y	9651430	24119779	4901	-0.5734
DADOS_p_TCGAb3_85_86_87_88_NSP_GenomeWideSNP_6_F01_1464666	Y	24177818	24883739	196	-3.0482
DADOS_p_TCGAb3_85_86_87_88_NSP_GenomeWideSNP_6_F01_1464666	Y	24884015	24951001	15	-1.7472
DADOS_p_TCGAb3_85_86_87_88_NSP_GenomeWideSNP_6_F01_1464666	Y	24964952	25813223	72	-0.7178
DADOS_p_TCGAb3_85_86_87_88_NSP_GenomeWideSNP_6_F01_1464666	Y	25824699	26526478	256	-0.0979
DADOS_p_TCGAb3_85_86_87_88_NSP_GenomeWideSNP_6_F01_1464666	Y	26598702	27190752	82	-0.6329
DADOS_p_TCGAb3_85_86_87_88_NSP_GenomeWideSNP_6_F01_1464666	Y	27224321	28137660	270	-0.1391
DADOS_p_TCGAb3_85_86_87_88_NSP_GenomeWideSNP_6_F01_1464666	Y	28157255	28175261	2	-0.5728
DADOS_p_TCGAb3_85_86_87_88_NSP_GenomeWideSNP_6_F01_1464666	Y	28180174	28322083	37	-1.0944
DADOS_p_TCGAb3_85_86_87_88_NSP_GenomeWideSNP_6_F01_1464666	Y	28344493	59018259	224	-0.6271
