Sample	Chromosome	Start	End	Num_Probes	Segment_Mean
MOWED_p_TCGAb3_39_40_41_42_STY_GenomeWideSNP_6_D05_1377386	1	61735	17056457	8776	-5e-04
MOWED_p_TCGAb3_39_40_41_42_STY_GenomeWideSNP_6_D05_1377386	1	17076467	17114712	19	-1.2549
MOWED_p_TCGAb3_39_40_41_42_STY_GenomeWideSNP_6_D05_1377386	1	17177045	17283075	70	0.4112
MOWED_p_TCGAb3_39_40_41_42_STY_GenomeWideSNP_6_D05_1377386	1	17284920	53487870	20192	0.0014
MOWED_p_TCGAb3_39_40_41_42_STY_GenomeWideSNP_6_D05_1377386	1	53488450	53489740	11	-0.7054
MOWED_p_TCGAb3_39_40_41_42_STY_GenomeWideSNP_6_D05_1377386	1	53492604	55140601	1092	-0.0039
MOWED_p_TCGAb3_39_40_41_42_STY_GenomeWideSNP_6_D05_1377386	1	55143328	55370014	197	0.4748
MOWED_p_TCGAb3_39_40_41_42_STY_GenomeWideSNP_6_D05_1377386	1	55379939	65358970	7545	-0.0019
MOWED_p_TCGAb3_39_40_41_42_STY_GenomeWideSNP_6_D05_1377386	1	65359105	65359196	2	-1.6197
MOWED_p_TCGAb3_39_40_41_42_STY_GenomeWideSNP_6_D05_1377386	1	65359210	71424438	4203	-0.002
MOWED_p_TCGAb3_39_40_41_42_STY_GenomeWideSNP_6_D05_1377386	1	71426260	71429866	2	1.4643
MOWED_p_TCGAb3_39_40_41_42_STY_GenomeWideSNP_6_D05_1377386	1	71432984	72759524	779	0.0029
MOWED_p_TCGAb3_39_40_41_42_STY_GenomeWideSNP_6_D05_1377386	1	72760856	72812440	53	0.4331
MOWED_p_TCGAb3_39_40_41_42_STY_GenomeWideSNP_6_D05_1377386	1	72816755	77775136	3192	-0.003
MOWED_p_TCGAb3_39_40_41_42_STY_GenomeWideSNP_6_D05_1377386	1	77775186	77779836	15	-0.8843
MOWED_p_TCGAb3_39_40_41_42_STY_GenomeWideSNP_6_D05_1377386	1	77781670	81888456	2557	-0.0069
MOWED_p_TCGAb3_39_40_41_42_STY_GenomeWideSNP_6_D05_1377386	1	81888602	81888605	2	1.6485
MOWED_p_TCGAb3_39_40_41_42_STY_GenomeWideSNP_6_D05_1377386	1	81888667	87818963	4012	0.001
MOWED_p_TCGAb3_39_40_41_42_STY_GenomeWideSNP_6_D05_1377386	1	87819699	87833443	7	-0.8138
MOWED_p_TCGAb3_39_40_41_42_STY_GenomeWideSNP_6_D05_1377386	1	87834259	110185233	13821	-0.0044
MOWED_p_TCGAb3_39_40_41_42_STY_GenomeWideSNP_6_D05_1377386	1	110187228	110197201	3	-1.4137
MOWED_p_TCGAb3_39_40_41_42_STY_GenomeWideSNP_6_D05_1377386	1	110201580	111376220	875	0.0052
MOWED_p_TCGAb3_39_40_41_42_STY_GenomeWideSNP_6_D05_1377386	1	111377368	111388226	39	-0.6486
MOWED_p_TCGAb3_39_40_41_42_STY_GenomeWideSNP_6_D05_1377386	1	111392067	112696572	1084	-0.0042
MOWED_p_TCGAb3_39_40_41_42_STY_GenomeWideSNP_6_D05_1377386	1	112696615	112697241	13	0.5653
MOWED_p_TCGAb3_39_40_41_42_STY_GenomeWideSNP_6_D05_1377386	1	112697376	121184898	5100	-0.0015
MOWED_p_TCGAb3_39_40_41_42_STY_GenomeWideSNP_6_D05_1377386	1	121185021	121192495	5	0.9797
MOWED_p_TCGAb3_39_40_41_42_STY_GenomeWideSNP_6_D05_1377386	1	121193600	144076688	106	0.0666
MOWED_p_TCGAb3_39_40_41_42_STY_GenomeWideSNP_6_D05_1377386	1	144081043	144472001	3	2.4582
MOWED_p_TCGAb3_39_40_41_42_STY_GenomeWideSNP_6_D05_1377386	1	144527147	152560541	2803	0.0231
MOWED_p_TCGAb3_39_40_41_42_STY_GenomeWideSNP_6_D05_1377386	1	152560868	152560883	2	4.5423
MOWED_p_TCGAb3_39_40_41_42_STY_GenomeWideSNP_6_D05_1377386	1	152571169	152575461	13	0.4442
MOWED_p_TCGAb3_39_40_41_42_STY_GenomeWideSNP_6_D05_1377386	1	152579449	152579468	2	1.9708
MOWED_p_TCGAb3_39_40_41_42_STY_GenomeWideSNP_6_D05_1377386	1	152579621	152759678	178	-0.0093
MOWED_p_TCGAb3_39_40_41_42_STY_GenomeWideSNP_6_D05_1377386	1	152761923	152778443	40	0.429
MOWED_p_TCGAb3_39_40_41_42_STY_GenomeWideSNP_6_D05_1377386	1	152778526	161523982	5249	0.0041
MOWED_p_TCGAb3_39_40_41_42_STY_GenomeWideSNP_6_D05_1377386	1	161595202	161637868	39	0.3353
MOWED_p_TCGAb3_39_40_41_42_STY_GenomeWideSNP_6_D05_1377386	1	161637956	169216937	5987	0.0072
MOWED_p_TCGAb3_39_40_41_42_STY_GenomeWideSNP_6_D05_1377386	1	169233974	169241766	7	-2.2364
MOWED_p_TCGAb3_39_40_41_42_STY_GenomeWideSNP_6_D05_1377386	1	169242401	196732086	18145	0.001
MOWED_p_TCGAb3_39_40_41_42_STY_GenomeWideSNP_6_D05_1377386	1	196738623	196816730	93	-0.3465
MOWED_p_TCGAb3_39_40_41_42_STY_GenomeWideSNP_6_D05_1377386	1	196823317	248737447	35639	5e-04
MOWED_p_TCGAb3_39_40_41_42_STY_GenomeWideSNP_6_D05_1377386	1	248749194	248808864	36	-0.7384
MOWED_p_TCGAb3_39_40_41_42_STY_GenomeWideSNP_6_D05_1377386	1	248809109	249224388	142	0.0545
MOWED_p_TCGAb3_39_40_41_42_STY_GenomeWideSNP_6_D05_1377386	2	12784	7638718	5913	0.004
MOWED_p_TCGAb3_39_40_41_42_STY_GenomeWideSNP_6_D05_1377386	2	7639373	7646972	3	1.4505
MOWED_p_TCGAb3_39_40_41_42_STY_GenomeWideSNP_6_D05_1377386	2	7647007	15033404	5339	0.0022
MOWED_p_TCGAb3_39_40_41_42_STY_GenomeWideSNP_6_D05_1377386	2	15038592	15038607	2	-3.0861
MOWED_p_TCGAb3_39_40_41_42_STY_GenomeWideSNP_6_D05_1377386	2	15041886	34520473	12690	0.0115
MOWED_p_TCGAb3_39_40_41_42_STY_GenomeWideSNP_6_D05_1377386	2	34523978	34525580	2	-1.6713
MOWED_p_TCGAb3_39_40_41_42_STY_GenomeWideSNP_6_D05_1377386	2	34525967	34711474	111	0.0716
MOWED_p_TCGAb3_39_40_41_42_STY_GenomeWideSNP_6_D05_1377386	2	34716770	34717128	7	1.0913
MOWED_p_TCGAb3_39_40_41_42_STY_GenomeWideSNP_6_D05_1377386	2	34717468	41238235	4831	0.0174
MOWED_p_TCGAb3_39_40_41_42_STY_GenomeWideSNP_6_D05_1377386	2	41238443	41243427	20	-0.4933
MOWED_p_TCGAb3_39_40_41_42_STY_GenomeWideSNP_6_D05_1377386	2	41243455	52754468	8162	0.0035
MOWED_p_TCGAb3_39_40_41_42_STY_GenomeWideSNP_6_D05_1377386	2	52754480	52781542	39	0.4923
MOWED_p_TCGAb3_39_40_41_42_STY_GenomeWideSNP_6_D05_1377386	2	52787949	106874649	29584	0.0151
MOWED_p_TCGAb3_39_40_41_42_STY_GenomeWideSNP_6_D05_1377386	2	106874722	106883229	6	-0.8842
MOWED_p_TCGAb3_39_40_41_42_STY_GenomeWideSNP_6_D05_1377386	2	106883331	106885357	7	-2.3757
MOWED_p_TCGAb3_39_40_41_42_STY_GenomeWideSNP_6_D05_1377386	2	106887255	180411154	44367	0.0062
MOWED_p_TCGAb3_39_40_41_42_STY_GenomeWideSNP_6_D05_1377386	2	180413362	180419753	14	-0.6627
MOWED_p_TCGAb3_39_40_41_42_STY_GenomeWideSNP_6_D05_1377386	2	180420443	180421497	10	-1.5303
MOWED_p_TCGAb3_39_40_41_42_STY_GenomeWideSNP_6_D05_1377386	2	180421512	180421888	5	-0.5762
MOWED_p_TCGAb3_39_40_41_42_STY_GenomeWideSNP_6_D05_1377386	2	180421906	234645563	33127	0.0098
MOWED_p_TCGAb3_39_40_41_42_STY_GenomeWideSNP_6_D05_1377386	2	234650604	234657172	7	-1.2589
MOWED_p_TCGAb3_39_40_41_42_STY_GenomeWideSNP_6_D05_1377386	2	234657983	243089456	5388	0.0125
MOWED_p_TCGAb3_39_40_41_42_STY_GenomeWideSNP_6_D05_1377386	3	60345	3996835	3548	0.0201
MOWED_p_TCGAb3_39_40_41_42_STY_GenomeWideSNP_6_D05_1377386	3	3997683	4011101	9	-1.118
MOWED_p_TCGAb3_39_40_41_42_STY_GenomeWideSNP_6_D05_1377386	3	4011128	6225608	1884	0.0135
MOWED_p_TCGAb3_39_40_41_42_STY_GenomeWideSNP_6_D05_1377386	3	6225624	6233537	11	0.6939
MOWED_p_TCGAb3_39_40_41_42_STY_GenomeWideSNP_6_D05_1377386	3	6233897	53028375	30220	0.0086
MOWED_p_TCGAb3_39_40_41_42_STY_GenomeWideSNP_6_D05_1377386	3	53031736	53039677	42	-0.6399
MOWED_p_TCGAb3_39_40_41_42_STY_GenomeWideSNP_6_D05_1377386	3	53041344	68746164	11993	0.0116
MOWED_p_TCGAb3_39_40_41_42_STY_GenomeWideSNP_6_D05_1377386	3	68746259	68747413	14	-1.2648
MOWED_p_TCGAb3_39_40_41_42_STY_GenomeWideSNP_6_D05_1377386	3	68748758	125712213	32291	0.0046
MOWED_p_TCGAb3_39_40_41_42_STY_GenomeWideSNP_6_D05_1377386	3	125712270	125721862	29	-0.7884
MOWED_p_TCGAb3_39_40_41_42_STY_GenomeWideSNP_6_D05_1377386	3	125722332	129763698	2329	0.006
MOWED_p_TCGAb3_39_40_41_42_STY_GenomeWideSNP_6_D05_1377386	3	129766586	129806052	50	0.3943
MOWED_p_TCGAb3_39_40_41_42_STY_GenomeWideSNP_6_D05_1377386	3	129806236	133024867	2127	0.0077
MOWED_p_TCGAb3_39_40_41_42_STY_GenomeWideSNP_6_D05_1377386	3	133024882	133024897	2	1.549
MOWED_p_TCGAb3_39_40_41_42_STY_GenomeWideSNP_6_D05_1377386	3	133025012	138177037	3000	0.0035
MOWED_p_TCGAb3_39_40_41_42_STY_GenomeWideSNP_6_D05_1377386	3	138177330	138177764	2	-1.9782
MOWED_p_TCGAb3_39_40_41_42_STY_GenomeWideSNP_6_D05_1377386	3	138180947	162508192	15104	0.0036
MOWED_p_TCGAb3_39_40_41_42_STY_GenomeWideSNP_6_D05_1377386	3	162508268	162613968	62	0.8723
MOWED_p_TCGAb3_39_40_41_42_STY_GenomeWideSNP_6_D05_1377386	3	162615567	189360754	16651	0.004
MOWED_p_TCGAb3_39_40_41_42_STY_GenomeWideSNP_6_D05_1377386	3	189363678	189371014	13	-0.7244
MOWED_p_TCGAb3_39_40_41_42_STY_GenomeWideSNP_6_D05_1377386	3	189372351	192877902	2488	0.0092
MOWED_p_TCGAb3_39_40_41_42_STY_GenomeWideSNP_6_D05_1377386	3	192877962	192882903	19	-1.304
MOWED_p_TCGAb3_39_40_41_42_STY_GenomeWideSNP_6_D05_1377386	3	192886435	195285898	1483	0.0037
MOWED_p_TCGAb3_39_40_41_42_STY_GenomeWideSNP_6_D05_1377386	3	195383142	195462316	39	-0.8013
MOWED_p_TCGAb3_39_40_41_42_STY_GenomeWideSNP_6_D05_1377386	3	195464094	197896118	1180	-0.0061
MOWED_p_TCGAb3_39_40_41_42_STY_GenomeWideSNP_6_D05_1377386	4	12281	8724543	5172	-0.0124
MOWED_p_TCGAb3_39_40_41_42_STY_GenomeWideSNP_6_D05_1377386	4	9370690	9390930	17	0.5825
MOWED_p_TCGAb3_39_40_41_42_STY_GenomeWideSNP_6_D05_1377386	4	9391271	9401132	10	-0.0512
MOWED_p_TCGAb3_39_40_41_42_STY_GenomeWideSNP_6_D05_1377386	4	9404905	9486087	44	0.5995
MOWED_p_TCGAb3_39_40_41_42_STY_GenomeWideSNP_6_D05_1377386	4	9496294	10231498	572	-0.0032
MOWED_p_TCGAb3_39_40_41_42_STY_GenomeWideSNP_6_D05_1377386	4	10234214	10234266	2	1.7563
MOWED_p_TCGAb3_39_40_41_42_STY_GenomeWideSNP_6_D05_1377386	4	10234608	21372584	8206	-0.0025
MOWED_p_TCGAb3_39_40_41_42_STY_GenomeWideSNP_6_D05_1377386	4	21372633	21376806	6	-1.0074
MOWED_p_TCGAb3_39_40_41_42_STY_GenomeWideSNP_6_D05_1377386	4	21376851	34765771	8741	-0.0055
MOWED_p_TCGAb3_39_40_41_42_STY_GenomeWideSNP_6_D05_1377386	4	34770306	34830004	52	0.3474
MOWED_p_TCGAb3_39_40_41_42_STY_GenomeWideSNP_6_D05_1377386	4	34831818	64429453	16373	0.0035
MOWED_p_TCGAb3_39_40_41_42_STY_GenomeWideSNP_6_D05_1377386	4	64434273	64434994	2	-1.669
MOWED_p_TCGAb3_39_40_41_42_STY_GenomeWideSNP_6_D05_1377386	4	64435538	64697609	175	-0.0029
MOWED_p_TCGAb3_39_40_41_42_STY_GenomeWideSNP_6_D05_1377386	4	64697733	64707754	20	0.5166
MOWED_p_TCGAb3_39_40_41_42_STY_GenomeWideSNP_6_D05_1377386	4	64707817	69367142	2878	-0.0052
MOWED_p_TCGAb3_39_40_41_42_STY_GenomeWideSNP_6_D05_1377386	4	69372003	69413772	17	0.8396
MOWED_p_TCGAb3_39_40_41_42_STY_GenomeWideSNP_6_D05_1377386	4	69413849	83637368	8729	-0.001
MOWED_p_TCGAb3_39_40_41_42_STY_GenomeWideSNP_6_D05_1377386	4	83638547	83640332	10	-1.1001
MOWED_p_TCGAb3_39_40_41_42_STY_GenomeWideSNP_6_D05_1377386	4	83641826	86975223	2108	0.0086
MOWED_p_TCGAb3_39_40_41_42_STY_GenomeWideSNP_6_D05_1377386	4	86976094	86979382	16	-0.6967
MOWED_p_TCGAb3_39_40_41_42_STY_GenomeWideSNP_6_D05_1377386	4	86979568	104745571	10551	8e-04
MOWED_p_TCGAb3_39_40_41_42_STY_GenomeWideSNP_6_D05_1377386	4	104751630	104751637	5	1.6898
MOWED_p_TCGAb3_39_40_41_42_STY_GenomeWideSNP_6_D05_1377386	4	104751644	115173700	6301	0.0108
MOWED_p_TCGAb3_39_40_41_42_STY_GenomeWideSNP_6_D05_1377386	4	115175323	115182175	23	-1.53
MOWED_p_TCGAb3_39_40_41_42_STY_GenomeWideSNP_6_D05_1377386	4	115184229	138092195	13229	-0.0038
MOWED_p_TCGAb3_39_40_41_42_STY_GenomeWideSNP_6_D05_1377386	4	138092239	138094958	16	-0.5372
MOWED_p_TCGAb3_39_40_41_42_STY_GenomeWideSNP_6_D05_1377386	4	138094972	151876351	8381	0.0052
MOWED_p_TCGAb3_39_40_41_42_STY_GenomeWideSNP_6_D05_1377386	4	151876406	151884300	22	-2.307
MOWED_p_TCGAb3_39_40_41_42_STY_GenomeWideSNP_6_D05_1377386	4	151884306	172375027	12997	0.0023
MOWED_p_TCGAb3_39_40_41_42_STY_GenomeWideSNP_6_D05_1377386	4	172376974	172377444	5	1.9754
MOWED_p_TCGAb3_39_40_41_42_STY_GenomeWideSNP_6_D05_1377386	4	172377458	173424947	645	0.0028
MOWED_p_TCGAb3_39_40_41_42_STY_GenomeWideSNP_6_D05_1377386	4	173425029	173428643	6	1.527
MOWED_p_TCGAb3_39_40_41_42_STY_GenomeWideSNP_6_D05_1377386	4	173441132	183568672	6877	9e-04
MOWED_p_TCGAb3_39_40_41_42_STY_GenomeWideSNP_6_D05_1377386	4	183571340	183573390	5	-1.1517
MOWED_p_TCGAb3_39_40_41_42_STY_GenomeWideSNP_6_D05_1377386	4	183573768	183746487	132	0.081
MOWED_p_TCGAb3_39_40_41_42_STY_GenomeWideSNP_6_D05_1377386	4	183750550	183759050	2	-2.0976
MOWED_p_TCGAb3_39_40_41_42_STY_GenomeWideSNP_6_D05_1377386	4	183761427	187928775	2874	0.0076
MOWED_p_TCGAb3_39_40_41_42_STY_GenomeWideSNP_6_D05_1377386	4	187930526	187931611	2	-2.5794
MOWED_p_TCGAb3_39_40_41_42_STY_GenomeWideSNP_6_D05_1377386	4	187932629	191027923	1971	0.0055
MOWED_p_TCGAb3_39_40_41_42_STY_GenomeWideSNP_6_D05_1377386	5	15532	12785262	10183	-0.0096
MOWED_p_TCGAb3_39_40_41_42_STY_GenomeWideSNP_6_D05_1377386	5	12790869	12826650	15	0.6876
MOWED_p_TCGAb3_39_40_41_42_STY_GenomeWideSNP_6_D05_1377386	5	12833857	45939674	20450	-0.0017
MOWED_p_TCGAb3_39_40_41_42_STY_GenomeWideSNP_6_D05_1377386	5	45940040	45962356	4	-1.4936
MOWED_p_TCGAb3_39_40_41_42_STY_GenomeWideSNP_6_D05_1377386	5	45973448	68785128	12416	0.0032
MOWED_p_TCGAb3_39_40_41_42_STY_GenomeWideSNP_6_D05_1377386	5	68786207	68788261	3	-2.1158
MOWED_p_TCGAb3_39_40_41_42_STY_GenomeWideSNP_6_D05_1377386	5	68792762	68867294	16	0.0919
MOWED_p_TCGAb3_39_40_41_42_STY_GenomeWideSNP_6_D05_1377386	5	69074977	69074991	2	1.4621
MOWED_p_TCGAb3_39_40_41_42_STY_GenomeWideSNP_6_D05_1377386	5	69117923	75450020	3142	-5e-04
MOWED_p_TCGAb3_39_40_41_42_STY_GenomeWideSNP_6_D05_1377386	5	75450067	75450144	3	1.7074
MOWED_p_TCGAb3_39_40_41_42_STY_GenomeWideSNP_6_D05_1377386	5	75450176	98836572	13457	9e-04
MOWED_p_TCGAb3_39_40_41_42_STY_GenomeWideSNP_6_D05_1377386	5	98839874	98840626	2	-2.1957
MOWED_p_TCGAb3_39_40_41_42_STY_GenomeWideSNP_6_D05_1377386	5	98844337	104587153	3465	0.0162
MOWED_p_TCGAb3_39_40_41_42_STY_GenomeWideSNP_6_D05_1377386	5	104588432	104588453	2	2.0007
MOWED_p_TCGAb3_39_40_41_42_STY_GenomeWideSNP_6_D05_1377386	5	104589281	180790320	49609	4e-04
MOWED_p_TCGAb3_39_40_41_42_STY_GenomeWideSNP_6_D05_1377386	6	149661	29837072	21675	-9e-04
MOWED_p_TCGAb3_39_40_41_42_STY_GenomeWideSNP_6_D05_1377386	6	29837187	29843434	9	0.9067
MOWED_p_TCGAb3_39_40_41_42_STY_GenomeWideSNP_6_D05_1377386	6	29844034	29849267	7	2.3899
MOWED_p_TCGAb3_39_40_41_42_STY_GenomeWideSNP_6_D05_1377386	6	29850196	29874808	8	-0.0426
MOWED_p_TCGAb3_39_40_41_42_STY_GenomeWideSNP_6_D05_1377386	6	29876959	29896421	6	-1.1251
MOWED_p_TCGAb3_39_40_41_42_STY_GenomeWideSNP_6_D05_1377386	6	29896659	31277686	649	0.0023
MOWED_p_TCGAb3_39_40_41_42_STY_GenomeWideSNP_6_D05_1377386	6	31280823	31296451	12	-1.3604
MOWED_p_TCGAb3_39_40_41_42_STY_GenomeWideSNP_6_D05_1377386	6	31309924	33938743	1373	0.0021
MOWED_p_TCGAb3_39_40_41_42_STY_GenomeWideSNP_6_D05_1377386	6	33942011	33942705	6	-2.7035
MOWED_p_TCGAb3_39_40_41_42_STY_GenomeWideSNP_6_D05_1377386	6	33944586	53931067	12883	0.0069
MOWED_p_TCGAb3_39_40_41_42_STY_GenomeWideSNP_6_D05_1377386	6	53931084	53931855	8	1.0158
MOWED_p_TCGAb3_39_40_41_42_STY_GenomeWideSNP_6_D05_1377386	6	53935348	67206225	5636	0.0042
MOWED_p_TCGAb3_39_40_41_42_STY_GenomeWideSNP_6_D05_1377386	6	67206289	67207558	3	-1.6761
MOWED_p_TCGAb3_39_40_41_42_STY_GenomeWideSNP_6_D05_1377386	6	67207600	74591858	4855	-0.0068
MOWED_p_TCGAb3_39_40_41_42_STY_GenomeWideSNP_6_D05_1377386	6	74592225	74597341	9	-0.7648
MOWED_p_TCGAb3_39_40_41_42_STY_GenomeWideSNP_6_D05_1377386	6	74601410	77014948	1472	-0.006
MOWED_p_TCGAb3_39_40_41_42_STY_GenomeWideSNP_6_D05_1377386	6	77016900	77017069	7	0.9934
MOWED_p_TCGAb3_39_40_41_42_STY_GenomeWideSNP_6_D05_1377386	6	77017077	78962889	1288	8e-04
MOWED_p_TCGAb3_39_40_41_42_STY_GenomeWideSNP_6_D05_1377386	6	78969065	79035185	113	-0.4272
MOWED_p_TCGAb3_39_40_41_42_STY_GenomeWideSNP_6_D05_1377386	6	79039234	146639843	42411	0.0021
MOWED_p_TCGAb3_39_40_41_42_STY_GenomeWideSNP_6_D05_1377386	6	146644180	146644192	4	-1.6974
MOWED_p_TCGAb3_39_40_41_42_STY_GenomeWideSNP_6_D05_1377386	6	146646974	150369345	2566	0.0086
MOWED_p_TCGAb3_39_40_41_42_STY_GenomeWideSNP_6_D05_1377386	6	150371697	150376318	3	1.1718
MOWED_p_TCGAb3_39_40_41_42_STY_GenomeWideSNP_6_D05_1377386	6	150377321	152301693	1458	2e-04
MOWED_p_TCGAb3_39_40_41_42_STY_GenomeWideSNP_6_D05_1377386	6	152304232	152310821	10	-0.8147
MOWED_p_TCGAb3_39_40_41_42_STY_GenomeWideSNP_6_D05_1377386	6	152311893	171051005	13157	-0.0104
MOWED_p_TCGAb3_39_40_41_42_STY_GenomeWideSNP_6_D05_1377386	7	43355	22434780	16063	0.0061
MOWED_p_TCGAb3_39_40_41_42_STY_GenomeWideSNP_6_D05_1377386	7	22435472	22436487	2	-3.8371
MOWED_p_TCGAb3_39_40_41_42_STY_GenomeWideSNP_6_D05_1377386	7	22438754	29397850	5113	0.0037
MOWED_p_TCGAb3_39_40_41_42_STY_GenomeWideSNP_6_D05_1377386	7	29400310	29400704	4	-1.3704
MOWED_p_TCGAb3_39_40_41_42_STY_GenomeWideSNP_6_D05_1377386	7	29402392	31215377	1210	0.011
MOWED_p_TCGAb3_39_40_41_42_STY_GenomeWideSNP_6_D05_1377386	7	31215531	31215734	2	-2.456
MOWED_p_TCGAb3_39_40_41_42_STY_GenomeWideSNP_6_D05_1377386	7	31217216	38357323	5084	0.0091
MOWED_p_TCGAb3_39_40_41_42_STY_GenomeWideSNP_6_D05_1377386	7	38358227	38358728	3	1.1057
MOWED_p_TCGAb3_39_40_41_42_STY_GenomeWideSNP_6_D05_1377386	7	38358956	39077397	550	-0.0053
MOWED_p_TCGAb3_39_40_41_42_STY_GenomeWideSNP_6_D05_1377386	7	39077405	39079600	3	-2.539
MOWED_p_TCGAb3_39_40_41_42_STY_GenomeWideSNP_6_D05_1377386	7	39081494	47282889	5318	0.001
MOWED_p_TCGAb3_39_40_41_42_STY_GenomeWideSNP_6_D05_1377386	7	47285283	47288924	7	-4.8987
MOWED_p_TCGAb3_39_40_41_42_STY_GenomeWideSNP_6_D05_1377386	7	47291954	108173123	33068	0.003
MOWED_p_TCGAb3_39_40_41_42_STY_GenomeWideSNP_6_D05_1377386	7	108176341	108176975	2	-1.8075
MOWED_p_TCGAb3_39_40_41_42_STY_GenomeWideSNP_6_D05_1377386	7	108179518	126045556	10844	0.0083
MOWED_p_TCGAb3_39_40_41_42_STY_GenomeWideSNP_6_D05_1377386	7	126045651	126046877	12	-1.3129
MOWED_p_TCGAb3_39_40_41_42_STY_GenomeWideSNP_6_D05_1377386	7	126046878	141028746	9453	0.001
MOWED_p_TCGAb3_39_40_41_42_STY_GenomeWideSNP_6_D05_1377386	7	141030390	141030804	2	-3.0872
MOWED_p_TCGAb3_39_40_41_42_STY_GenomeWideSNP_6_D05_1377386	7	141031540	142469083	934	0.0254
MOWED_p_TCGAb3_39_40_41_42_STY_GenomeWideSNP_6_D05_1377386	7	142470574	142476933	10	-0.559
MOWED_p_TCGAb3_39_40_41_42_STY_GenomeWideSNP_6_D05_1377386	7	142479416	142486345	26	0.6039
MOWED_p_TCGAb3_39_40_41_42_STY_GenomeWideSNP_6_D05_1377386	7	142486495	143226899	471	0.0121
MOWED_p_TCGAb3_39_40_41_42_STY_GenomeWideSNP_6_D05_1377386	7	143227096	143307749	23	0.5369
MOWED_p_TCGAb3_39_40_41_42_STY_GenomeWideSNP_6_D05_1377386	7	143307885	143431034	22	0.0893
MOWED_p_TCGAb3_39_40_41_42_STY_GenomeWideSNP_6_D05_1377386	7	143444216	143572166	52	0.5303
MOWED_p_TCGAb3_39_40_41_42_STY_GenomeWideSNP_6_D05_1377386	7	143572286	143585751	11	0.0585
MOWED_p_TCGAb3_39_40_41_42_STY_GenomeWideSNP_6_D05_1377386	7	143592455	143610420	6	0.5446
MOWED_p_TCGAb3_39_40_41_42_STY_GenomeWideSNP_6_D05_1377386	7	143610550	143710209	108	-0.0381
MOWED_p_TCGAb3_39_40_41_42_STY_GenomeWideSNP_6_D05_1377386	7	143710621	143711151	4	-1.3054
MOWED_p_TCGAb3_39_40_41_42_STY_GenomeWideSNP_6_D05_1377386	7	143711169	154882800	7045	0.0033
MOWED_p_TCGAb3_39_40_41_42_STY_GenomeWideSNP_6_D05_1377386	7	154884853	154889545	45	-0.8312
MOWED_p_TCGAb3_39_40_41_42_STY_GenomeWideSNP_6_D05_1377386	7	154891952	159127004	2771	-0.0261
MOWED_p_TCGAb3_39_40_41_42_STY_GenomeWideSNP_6_D05_1377386	8	31254	595790	330	-0.0631
MOWED_p_TCGAb3_39_40_41_42_STY_GenomeWideSNP_6_D05_1377386	8	595875	595908	3	2.091
MOWED_p_TCGAb3_39_40_41_42_STY_GenomeWideSNP_6_D05_1377386	8	601043	7643178	7606	-0.0125
MOWED_p_TCGAb3_39_40_41_42_STY_GenomeWideSNP_6_D05_1377386	8	7646327	7754293	15	-0.6977
MOWED_p_TCGAb3_39_40_41_42_STY_GenomeWideSNP_6_D05_1377386	8	7754392	7865864	54	-0.0147
MOWED_p_TCGAb3_39_40_41_42_STY_GenomeWideSNP_6_D05_1377386	8	7866162	7966189	13	0.6436
MOWED_p_TCGAb3_39_40_41_42_STY_GenomeWideSNP_6_D05_1377386	8	7968328	13476438	4268	-0.002
MOWED_p_TCGAb3_39_40_41_42_STY_GenomeWideSNP_6_D05_1377386	8	13480439	13481885	3	-1.2254
MOWED_p_TCGAb3_39_40_41_42_STY_GenomeWideSNP_6_D05_1377386	8	13482077	24972187	9487	0.0084
MOWED_p_TCGAb3_39_40_41_42_STY_GenomeWideSNP_6_D05_1377386	8	24974443	24991104	28	0.4101
MOWED_p_TCGAb3_39_40_41_42_STY_GenomeWideSNP_6_D05_1377386	8	24991127	39248742	9002	0.0041
MOWED_p_TCGAb3_39_40_41_42_STY_GenomeWideSNP_6_D05_1377386	8	39250972	39385194	54	0.3853
MOWED_p_TCGAb3_39_40_41_42_STY_GenomeWideSNP_6_D05_1377386	8	39386965	51032011	4583	0.0045
MOWED_p_TCGAb3_39_40_41_42_STY_GenomeWideSNP_6_D05_1377386	8	51032024	51033423	8	-0.843
MOWED_p_TCGAb3_39_40_41_42_STY_GenomeWideSNP_6_D05_1377386	8	51038578	51237012	144	0.0385
MOWED_p_TCGAb3_39_40_41_42_STY_GenomeWideSNP_6_D05_1377386	8	51240703	51244654	3	-1.8194
MOWED_p_TCGAb3_39_40_41_42_STY_GenomeWideSNP_6_D05_1377386	8	51245322	112294466	37200	0.0029
MOWED_p_TCGAb3_39_40_41_42_STY_GenomeWideSNP_6_D05_1377386	8	112294646	112295260	7	1.0133
MOWED_p_TCGAb3_39_40_41_42_STY_GenomeWideSNP_6_D05_1377386	8	112300281	115634653	1824	-0.0195
MOWED_p_TCGAb3_39_40_41_42_STY_GenomeWideSNP_6_D05_1377386	8	115634667	115641483	27	-0.662
MOWED_p_TCGAb3_39_40_41_42_STY_GenomeWideSNP_6_D05_1377386	8	115641517	120152010	3107	-0.0072
MOWED_p_TCGAb3_39_40_41_42_STY_GenomeWideSNP_6_D05_1377386	8	120154784	120159446	4	-3.1751
MOWED_p_TCGAb3_39_40_41_42_STY_GenomeWideSNP_6_D05_1377386	8	120162854	140668560	15322	-0.0021
MOWED_p_TCGAb3_39_40_41_42_STY_GenomeWideSNP_6_D05_1377386	8	140669967	140670930	4	-1.5262
MOWED_p_TCGAb3_39_40_41_42_STY_GenomeWideSNP_6_D05_1377386	8	140670977	146298155	2588	-0.0122
MOWED_p_TCGAb3_39_40_41_42_STY_GenomeWideSNP_6_D05_1377386	9	46587	44218282	31338	0.0074
MOWED_p_TCGAb3_39_40_41_42_STY_GenomeWideSNP_6_D05_1377386	9	44224069	44875942	65	0.3626
MOWED_p_TCGAb3_39_40_41_42_STY_GenomeWideSNP_6_D05_1377386	9	44888127	46183645	68	-0.0255
MOWED_p_TCGAb3_39_40_41_42_STY_GenomeWideSNP_6_D05_1377386	9	46210365	46400683	20	0.8484
MOWED_p_TCGAb3_39_40_41_42_STY_GenomeWideSNP_6_D05_1377386	9	46434237	72028562	1155	0.0322
MOWED_p_TCGAb3_39_40_41_42_STY_GenomeWideSNP_6_D05_1377386	9	72028574	72049028	23	0.7298
MOWED_p_TCGAb3_39_40_41_42_STY_GenomeWideSNP_6_D05_1377386	9	72049604	141091394	47002	-0.0014
MOWED_p_TCGAb3_39_40_41_42_STY_GenomeWideSNP_6_D05_1377386	10	72809	1232009	689	-0.0104
MOWED_p_TCGAb3_39_40_41_42_STY_GenomeWideSNP_6_D05_1377386	10	1235393	1236330	2	-1.8612
MOWED_p_TCGAb3_39_40_41_42_STY_GenomeWideSNP_6_D05_1377386	10	1236476	15669430	12482	-0.009
MOWED_p_TCGAb3_39_40_41_42_STY_GenomeWideSNP_6_D05_1377386	10	15670969	15674207	9	-0.871
MOWED_p_TCGAb3_39_40_41_42_STY_GenomeWideSNP_6_D05_1377386	10	15674416	18173963	1658	3e-04
MOWED_p_TCGAb3_39_40_41_42_STY_GenomeWideSNP_6_D05_1377386	10	18185123	18199813	3	-1.6826
MOWED_p_TCGAb3_39_40_41_42_STY_GenomeWideSNP_6_D05_1377386	10	18223647	46691480	16646	-8e-04
MOWED_p_TCGAb3_39_40_41_42_STY_GenomeWideSNP_6_D05_1377386	10	46917315	46943377	5	-2.8845
MOWED_p_TCGAb3_39_40_41_42_STY_GenomeWideSNP_6_D05_1377386	10	46946708	47055654	73	-0.0166
MOWED_p_TCGAb3_39_40_41_42_STY_GenomeWideSNP_6_D05_1377386	10	47055711	47059201	11	0.7293
MOWED_p_TCGAb3_39_40_41_42_STY_GenomeWideSNP_6_D05_1377386	10	47059226	54925783	4368	-0.0108
MOWED_p_TCGAb3_39_40_41_42_STY_GenomeWideSNP_6_D05_1377386	10	54929854	54939153	10	-1.064
MOWED_p_TCGAb3_39_40_41_42_STY_GenomeWideSNP_6_D05_1377386	10	54941401	58516403	2523	0.0024
MOWED_p_TCGAb3_39_40_41_42_STY_GenomeWideSNP_6_D05_1377386	10	58516521	58526837	39	-0.7569
MOWED_p_TCGAb3_39_40_41_42_STY_GenomeWideSNP_6_D05_1377386	10	58532752	122759110	42982	-0.0014
MOWED_p_TCGAb3_39_40_41_42_STY_GenomeWideSNP_6_D05_1377386	10	122761091	122771586	12	-0.7887
MOWED_p_TCGAb3_39_40_41_42_STY_GenomeWideSNP_6_D05_1377386	10	122776414	135234192	9164	-0.0121
MOWED_p_TCGAb3_39_40_41_42_STY_GenomeWideSNP_6_D05_1377386	10	135242873	135387875	111	0.4127
MOWED_p_TCGAb3_39_40_41_42_STY_GenomeWideSNP_6_D05_1377386	10	135389854	135506704	34	-0.0331
MOWED_p_TCGAb3_39_40_41_42_STY_GenomeWideSNP_6_D05_1377386	11	198510	87611311	53275	0.0057
MOWED_p_TCGAb3_39_40_41_42_STY_GenomeWideSNP_6_D05_1377386	11	87611315	87611865	3	-1.7096
MOWED_p_TCGAb3_39_40_41_42_STY_GenomeWideSNP_6_D05_1377386	11	87611879	88283890	459	-0.0026
MOWED_p_TCGAb3_39_40_41_42_STY_GenomeWideSNP_6_D05_1377386	11	88285057	88286031	4	-1.4281
MOWED_p_TCGAb3_39_40_41_42_STY_GenomeWideSNP_6_D05_1377386	11	88286437	89474831	723	0.0128
MOWED_p_TCGAb3_39_40_41_42_STY_GenomeWideSNP_6_D05_1377386	11	89487949	89529607	6	-1.3976
MOWED_p_TCGAb3_39_40_41_42_STY_GenomeWideSNP_6_D05_1377386	11	89535468	134944770	32372	0.0026
MOWED_p_TCGAb3_39_40_41_42_STY_GenomeWideSNP_6_D05_1377386	12	150442	9633870	6180	0.0036
MOWED_p_TCGAb3_39_40_41_42_STY_GenomeWideSNP_6_D05_1377386	12	9637909	9728292	24	0.6972
MOWED_p_TCGAb3_39_40_41_42_STY_GenomeWideSNP_6_D05_1377386	12	9734969	11504091	1180	-0.0066
MOWED_p_TCGAb3_39_40_41_42_STY_GenomeWideSNP_6_D05_1377386	12	11511577	11543406	32	-0.6902
MOWED_p_TCGAb3_39_40_41_42_STY_GenomeWideSNP_6_D05_1377386	12	11552192	21144302	6515	0.0052
MOWED_p_TCGAb3_39_40_41_42_STY_GenomeWideSNP_6_D05_1377386	12	21144431	21144506	3	-2.5387
MOWED_p_TCGAb3_39_40_41_42_STY_GenomeWideSNP_6_D05_1377386	12	21144542	30240046	6579	0.0034
MOWED_p_TCGAb3_39_40_41_42_STY_GenomeWideSNP_6_D05_1377386	12	30240140	30243689	17	0.5412
MOWED_p_TCGAb3_39_40_41_42_STY_GenomeWideSNP_6_D05_1377386	12	30243722	33385830	2338	-0.0033
MOWED_p_TCGAb3_39_40_41_42_STY_GenomeWideSNP_6_D05_1377386	12	33386757	33395418	6	-1.7409
MOWED_p_TCGAb3_39_40_41_42_STY_GenomeWideSNP_6_D05_1377386	12	33399053	40980141	2396	0.0068
MOWED_p_TCGAb3_39_40_41_42_STY_GenomeWideSNP_6_D05_1377386	12	40982612	40982630	2	-1.8795
MOWED_p_TCGAb3_39_40_41_42_STY_GenomeWideSNP_6_D05_1377386	12	40985390	43243855	1563	-0.0076
MOWED_p_TCGAb3_39_40_41_42_STY_GenomeWideSNP_6_D05_1377386	12	43243922	43248885	5	1.0338
MOWED_p_TCGAb3_39_40_41_42_STY_GenomeWideSNP_6_D05_1377386	12	43250357	45904438	1596	0.0121
MOWED_p_TCGAb3_39_40_41_42_STY_GenomeWideSNP_6_D05_1377386	12	45905840	45909537	3	-2.2553
MOWED_p_TCGAb3_39_40_41_42_STY_GenomeWideSNP_6_D05_1377386	12	45913292	131813804	55493	-0.0021
MOWED_p_TCGAb3_39_40_41_42_STY_GenomeWideSNP_6_D05_1377386	12	131814819	131815322	3	-2.4685
MOWED_p_TCGAb3_39_40_41_42_STY_GenomeWideSNP_6_D05_1377386	12	131816213	132115005	303	-0.0187
MOWED_p_TCGAb3_39_40_41_42_STY_GenomeWideSNP_6_D05_1377386	12	132117135	132133335	19	0.4995
MOWED_p_TCGAb3_39_40_41_42_STY_GenomeWideSNP_6_D05_1377386	12	132142331	133778189	569	-0.0081
MOWED_p_TCGAb3_39_40_41_42_STY_GenomeWideSNP_6_D05_1377386	13	19026949	76109536	37729	4e-04
MOWED_p_TCGAb3_39_40_41_42_STY_GenomeWideSNP_6_D05_1377386	13	76112700	76117768	10	0.9021
MOWED_p_TCGAb3_39_40_41_42_STY_GenomeWideSNP_6_D05_1377386	13	76120628	106022722	19968	-0.002
MOWED_p_TCGAb3_39_40_41_42_STY_GenomeWideSNP_6_D05_1377386	13	106022986	106026555	2	1.93
MOWED_p_TCGAb3_39_40_41_42_STY_GenomeWideSNP_6_D05_1377386	13	106026858	115108397	6413	-0.0034
MOWED_p_TCGAb3_39_40_41_42_STY_GenomeWideSNP_6_D05_1377386	14	19002124	19191718	19	0.0532
MOWED_p_TCGAb3_39_40_41_42_STY_GenomeWideSNP_6_D05_1377386	14	19273625	19693249	31	0.6765
MOWED_p_TCGAb3_39_40_41_42_STY_GenomeWideSNP_6_D05_1377386	14	19697885	74006707	34154	0.0064
MOWED_p_TCGAb3_39_40_41_42_STY_GenomeWideSNP_6_D05_1377386	14	74006851	74020979	7	-1.7363
MOWED_p_TCGAb3_39_40_41_42_STY_GenomeWideSNP_6_D05_1377386	14	74029900	106011308	20611	0.0021
MOWED_p_TCGAb3_39_40_41_42_STY_GenomeWideSNP_6_D05_1377386	14	106029637	106195301	22	0.6189
MOWED_p_TCGAb3_39_40_41_42_STY_GenomeWideSNP_6_D05_1377386	14	106197115	106460902	104	0.1398
MOWED_p_TCGAb3_39_40_41_42_STY_GenomeWideSNP_6_D05_1377386	14	106479675	106479941	2	3.5453
MOWED_p_TCGAb3_39_40_41_42_STY_GenomeWideSNP_6_D05_1377386	14	106482128	107285437	455	0.1183
MOWED_p_TCGAb3_39_40_41_42_STY_GenomeWideSNP_6_D05_1377386	15	20016328	21953711	304	-0.0288
MOWED_p_TCGAb3_39_40_41_42_STY_GenomeWideSNP_6_D05_1377386	15	22042518	22441747	61	0.3774
MOWED_p_TCGAb3_39_40_41_42_STY_GenomeWideSNP_6_D05_1377386	15	22444393	76891241	33893	0.0015
MOWED_p_TCGAb3_39_40_41_42_STY_GenomeWideSNP_6_D05_1377386	15	76891511	76895775	21	0.787
MOWED_p_TCGAb3_39_40_41_42_STY_GenomeWideSNP_6_D05_1377386	15	76902179	102469040	17631	0.0014
MOWED_p_TCGAb3_39_40_41_42_STY_GenomeWideSNP_6_D05_1377386	16	60777	55795048	27251	-0.0027
MOWED_p_TCGAb3_39_40_41_42_STY_GenomeWideSNP_6_D05_1377386	16	55795214	55822444	23	-1.8021
MOWED_p_TCGAb3_39_40_41_42_STY_GenomeWideSNP_6_D05_1377386	16	55829557	78371608	14385	0.0032
MOWED_p_TCGAb3_39_40_41_42_STY_GenomeWideSNP_6_D05_1377386	16	78372440	78384765	17	-1.8092
MOWED_p_TCGAb3_39_40_41_42_STY_GenomeWideSNP_6_D05_1377386	16	78385001	80157024	2182	-0.0019
MOWED_p_TCGAb3_39_40_41_42_STY_GenomeWideSNP_6_D05_1377386	16	80159229	80159913	5	-1.6972
MOWED_p_TCGAb3_39_40_41_42_STY_GenomeWideSNP_6_D05_1377386	16	80160016	90287535	8408	-0.0179
MOWED_p_TCGAb3_39_40_41_42_STY_GenomeWideSNP_6_D05_1377386	17	526	8242910	4534	-6e-04
MOWED_p_TCGAb3_39_40_41_42_STY_GenomeWideSNP_6_D05_1377386	17	8247547	8247733	2	-3.2553
MOWED_p_TCGAb3_39_40_41_42_STY_GenomeWideSNP_6_D05_1377386	17	8249458	39380430	16358	-0.0039
MOWED_p_TCGAb3_39_40_41_42_STY_GenomeWideSNP_6_D05_1377386	17	39387560	39390276	4	-2.9218
MOWED_p_TCGAb3_39_40_41_42_STY_GenomeWideSNP_6_D05_1377386	17	39393769	39421708	13	-0.2296
MOWED_p_TCGAb3_39_40_41_42_STY_GenomeWideSNP_6_D05_1377386	17	39423014	39430450	23	1.6373
MOWED_p_TCGAb3_39_40_41_42_STY_GenomeWideSNP_6_D05_1377386	17	39430531	43457886	2118	0.0036
MOWED_p_TCGAb3_39_40_41_42_STY_GenomeWideSNP_6_D05_1377386	17	43459754	43459770	2	-1.6573
MOWED_p_TCGAb3_39_40_41_42_STY_GenomeWideSNP_6_D05_1377386	17	43459903	44201454	419	-0.0374
MOWED_p_TCGAb3_39_40_41_42_STY_GenomeWideSNP_6_D05_1377386	17	44204373	44752283	142	-0.4146
MOWED_p_TCGAb3_39_40_41_42_STY_GenomeWideSNP_6_D05_1377386	17	44752300	78628863	20586	-0.0028
MOWED_p_TCGAb3_39_40_41_42_STY_GenomeWideSNP_6_D05_1377386	17	78629793	78634179	2	1.8199
MOWED_p_TCGAb3_39_40_41_42_STY_GenomeWideSNP_6_D05_1377386	17	78634300	81049726	955	4e-04
MOWED_p_TCGAb3_39_40_41_42_STY_GenomeWideSNP_6_D05_1377386	18	11543	15183612	10387	0.0078
MOWED_p_TCGAb3_39_40_41_42_STY_GenomeWideSNP_6_D05_1377386	18	15191559	15221747	5	-1.158
MOWED_p_TCGAb3_39_40_41_42_STY_GenomeWideSNP_6_D05_1377386	18	15228659	78015057	40260	0.004
MOWED_p_TCGAb3_39_40_41_42_STY_GenomeWideSNP_6_D05_1377386	19	90910	35849322	16779	0.0052
MOWED_p_TCGAb3_39_40_41_42_STY_GenomeWideSNP_6_D05_1377386	19	35849493	35861848	22	-0.6269
MOWED_p_TCGAb3_39_40_41_42_STY_GenomeWideSNP_6_D05_1377386	19	35866744	44899959	4682	0.0058
MOWED_p_TCGAb3_39_40_41_42_STY_GenomeWideSNP_6_D05_1377386	19	44902281	44930114	24	0.4479
MOWED_p_TCGAb3_39_40_41_42_STY_GenomeWideSNP_6_D05_1377386	19	44930348	59097854	7771	6e-04
MOWED_p_TCGAb3_39_40_41_42_STY_GenomeWideSNP_6_D05_1377386	20	61305	56562008	38150	-6e-04
MOWED_p_TCGAb3_39_40_41_42_STY_GenomeWideSNP_6_D05_1377386	20	56562591	56562916	2	-3.2058
MOWED_p_TCGAb3_39_40_41_42_STY_GenomeWideSNP_6_D05_1377386	20	56563016	56610553	41	-0.0456
MOWED_p_TCGAb3_39_40_41_42_STY_GenomeWideSNP_6_D05_1377386	20	56611422	56611495	2	-2.247
MOWED_p_TCGAb3_39_40_41_42_STY_GenomeWideSNP_6_D05_1377386	20	56615027	56740907	96	-0.0179
MOWED_p_TCGAb3_39_40_41_42_STY_GenomeWideSNP_6_D05_1377386	20	56744123	56744190	2	1.0495
MOWED_p_TCGAb3_39_40_41_42_STY_GenomeWideSNP_6_D05_1377386	20	56744752	57014819	195	9e-04
MOWED_p_TCGAb3_39_40_41_42_STY_GenomeWideSNP_6_D05_1377386	20	57015075	57015105	2	1.9926
MOWED_p_TCGAb3_39_40_41_42_STY_GenomeWideSNP_6_D05_1377386	20	57015778	62956153	3864	-0.0101
MOWED_p_TCGAb3_39_40_41_42_STY_GenomeWideSNP_6_D05_1377386	21	10736871	24433718	7026	-0.0013
MOWED_p_TCGAb3_39_40_41_42_STY_GenomeWideSNP_6_D05_1377386	21	24433785	24433845	2	2.032
MOWED_p_TCGAb3_39_40_41_42_STY_GenomeWideSNP_6_D05_1377386	21	24433964	25126738	552	-0.0104
MOWED_p_TCGAb3_39_40_41_42_STY_GenomeWideSNP_6_D05_1377386	21	25126781	25126789	2	1.7758
MOWED_p_TCGAb3_39_40_41_42_STY_GenomeWideSNP_6_D05_1377386	21	25127082	48096957	16747	-0.0064
MOWED_p_TCGAb3_39_40_41_42_STY_GenomeWideSNP_6_D05_1377386	22	16052528	16061342	5	-1.0355
MOWED_p_TCGAb3_39_40_41_42_STY_GenomeWideSNP_6_D05_1377386	22	16077141	24344422	4603	-0.0265
MOWED_p_TCGAb3_39_40_41_42_STY_GenomeWideSNP_6_D05_1377386	22	24350529	24396814	19	-1.7681
MOWED_p_TCGAb3_39_40_41_42_STY_GenomeWideSNP_6_D05_1377386	22	24401529	25736677	878	-0.0074
MOWED_p_TCGAb3_39_40_41_42_STY_GenomeWideSNP_6_D05_1377386	22	25736678	25756507	31	-0.3491
MOWED_p_TCGAb3_39_40_41_42_STY_GenomeWideSNP_6_D05_1377386	22	25756933	48063710	15540	-9e-04
MOWED_p_TCGAb3_39_40_41_42_STY_GenomeWideSNP_6_D05_1377386	22	48065145	48088329	20	-0.4298
MOWED_p_TCGAb3_39_40_41_42_STY_GenomeWideSNP_6_D05_1377386	22	48088601	48816236	799	-0.0214
MOWED_p_TCGAb3_39_40_41_42_STY_GenomeWideSNP_6_D05_1377386	22	48816766	48820839	2	-1.9688
MOWED_p_TCGAb3_39_40_41_42_STY_GenomeWideSNP_6_D05_1377386	22	48821069	51234455	1590	-0.0902
MOWED_p_TCGAb3_39_40_41_42_STY_GenomeWideSNP_6_D05_1377386	X	168477	2776372	154	0.0611
MOWED_p_TCGAb3_39_40_41_42_STY_GenomeWideSNP_6_D05_1377386	X	2777355	2779749	8	-1.5377
MOWED_p_TCGAb3_39_40_41_42_STY_GenomeWideSNP_6_D05_1377386	X	2783107	152496692	82192	-9e-04
MOWED_p_TCGAb3_39_40_41_42_STY_GenomeWideSNP_6_D05_1377386	X	152498332	152498756	4	-2.117
MOWED_p_TCGAb3_39_40_41_42_STY_GenomeWideSNP_6_D05_1377386	X	152498830	155182354	1075	0.0203
MOWED_p_TCGAb3_39_40_41_42_STY_GenomeWideSNP_6_D05_1377386	Y	2650438	9633865	2572	-0.6601
MOWED_p_TCGAb3_39_40_41_42_STY_GenomeWideSNP_6_D05_1377386	Y	9648550	9648739	2	-3.4324
MOWED_p_TCGAb3_39_40_41_42_STY_GenomeWideSNP_6_D05_1377386	Y	9651430	59018259	6055	-0.6698
