GDC_Aliquot	Chromosome	Start	End	Num_Probes	Segment_Mean
3b4c60a5-3b05-4ca0-b2c6-f930c1d9fbe9	1	62920	10920523	5499	0.0038
3b4c60a5-3b05-4ca0-b2c6-f930c1d9fbe9	1	10923173	10924349	2	-1.6332
3b4c60a5-3b05-4ca0-b2c6-f930c1d9fbe9	1	10931159	16719082	3185	0.0007
3b4c60a5-3b05-4ca0-b2c6-f930c1d9fbe9	1	16719266	16949746	74	-0.3534
3b4c60a5-3b05-4ca0-b2c6-f930c1d9fbe9	1	16951445	25092208	5144	-0.0001
3b4c60a5-3b05-4ca0-b2c6-f930c1d9fbe9	1	25096910	25097831	2	-1.6666
3b4c60a5-3b05-4ca0-b2c6-f930c1d9fbe9	1	25098398	25256850	118	0.0444
3b4c60a5-3b05-4ca0-b2c6-f930c1d9fbe9	1	25266637	25320198	22	-2.1712
3b4c60a5-3b05-4ca0-b2c6-f930c1d9fbe9	1	25320253	72284670	28738	0.0016
3b4c60a5-3b05-4ca0-b2c6-f930c1d9fbe9	1	72290430	72297687	9	-0.8027
3b4c60a5-3b05-4ca0-b2c6-f930c1d9fbe9	1	72302735	72343036	39	0.2698
3b4c60a5-3b05-4ca0-b2c6-f930c1d9fbe9	1	72343068	75585159	1941	-0.0094
3b4c60a5-3b05-4ca0-b2c6-f930c1d9fbe9	1	75589078	75589169	2	-3.4747
3b4c60a5-3b05-4ca0-b2c6-f930c1d9fbe9	1	75593824	143568166	28852	-0.0007
3b4c60a5-3b05-4ca0-b2c6-f930c1d9fbe9	1	143574450	143713930	71	0.2433
3b4c60a5-3b05-4ca0-b2c6-f930c1d9fbe9	1	143714499	143754077	21	0.6328
3b4c60a5-3b05-4ca0-b2c6-f930c1d9fbe9	1	143754192	144503864	29	0.3311
3b4c60a5-3b05-4ca0-b2c6-f930c1d9fbe9	1	144932423	152579985	2295	0.0072
3b4c60a5-3b05-4ca0-b2c6-f930c1d9fbe9	1	152580015	152618486	46	0.3003
3b4c60a5-3b05-4ca0-b2c6-f930c1d9fbe9	1	152618548	152787202	162	-0.0199
3b4c60a5-3b05-4ca0-b2c6-f930c1d9fbe9	1	152789447	152796224	37	0.6905
3b4c60a5-3b05-4ca0-b2c6-f930c1d9fbe9	1	152801429	179361393	17907	0.0023
3b4c60a5-3b05-4ca0-b2c6-f930c1d9fbe9	1	179362247	179364180	3	-1.252
3b4c60a5-3b05-4ca0-b2c6-f930c1d9fbe9	1	179370071	193186662	9169	-0.002
3b4c60a5-3b05-4ca0-b2c6-f930c1d9fbe9	1	193187149	193187218	4	-1.4476
3b4c60a5-3b05-4ca0-b2c6-f930c1d9fbe9	1	193190593	194479104	942	0.0015
3b4c60a5-3b05-4ca0-b2c6-f930c1d9fbe9	1	194482281	194485888	2	2.2333
3b4c60a5-3b05-4ca0-b2c6-f930c1d9fbe9	1	194487886	196745692	1450	-0.0058
3b4c60a5-3b05-4ca0-b2c6-f930c1d9fbe9	1	196745743	196846661	62	0.5071
3b4c60a5-3b05-4ca0-b2c6-f930c1d9fbe9	1	196847600	238653177	28727	0.0002
3b4c60a5-3b05-4ca0-b2c6-f930c1d9fbe9	1	238653862	238654554	2	-1.4575
3b4c60a5-3b05-4ca0-b2c6-f930c1d9fbe9	1	238654640	241567795	2297	0.0016
3b4c60a5-3b05-4ca0-b2c6-f930c1d9fbe9	1	241571821	241580784	6	-1.2115
3b4c60a5-3b05-4ca0-b2c6-f930c1d9fbe9	1	241586760	248930189	4792	0.0035
3b4c60a5-3b05-4ca0-b2c6-f930c1d9fbe9	2	12784	295255	180	-0.0078
3b4c60a5-3b05-4ca0-b2c6-f930c1d9fbe9	2	296789	296852	3	-1.1665
3b4c60a5-3b05-4ca0-b2c6-f930c1d9fbe9	2	300879	4158097	2805	0.0096
3b4c60a5-3b05-4ca0-b2c6-f930c1d9fbe9	2	4166274	4175577	36	-0.7629
3b4c60a5-3b05-4ca0-b2c6-f930c1d9fbe9	2	4175922	12439340	6551	-0.0022
3b4c60a5-3b05-4ca0-b2c6-f930c1d9fbe9	2	12439962	12440331	2	-2.2389
3b4c60a5-3b05-4ca0-b2c6-f930c1d9fbe9	2	12440850	34460213	14516	-0.0013
3b4c60a5-3b05-4ca0-b2c6-f930c1d9fbe9	2	34466002	34502800	45	0.6099
3b4c60a5-3b05-4ca0-b2c6-f930c1d9fbe9	2	34511446	45085223	7742	-0.0008
3b4c60a5-3b05-4ca0-b2c6-f930c1d9fbe9	2	45085443	45103904	20	0.6168
3b4c60a5-3b05-4ca0-b2c6-f930c1d9fbe9	2	45104765	52527743	5253	-0.0046
3b4c60a5-3b05-4ca0-b2c6-f930c1d9fbe9	2	52531615	52554404	33	0.4522
3b4c60a5-3b05-4ca0-b2c6-f930c1d9fbe9	2	52560811	60511092	5649	0.0019
3b4c60a5-3b05-4ca0-b2c6-f930c1d9fbe9	2	60511926	60512402	2	-1.3923
3b4c60a5-3b05-4ca0-b2c6-f930c1d9fbe9	2	60518354	73919850	8042	-0.0009
3b4c60a5-3b05-4ca0-b2c6-f930c1d9fbe9	2	73920500	73920691	2	-2.0844
3b4c60a5-3b05-4ca0-b2c6-f930c1d9fbe9	2	73923129	86710564	8228	0.0008
3b4c60a5-3b05-4ca0-b2c6-f930c1d9fbe9	2	86725947	86726731	2	-1.8601
3b4c60a5-3b05-4ca0-b2c6-f930c1d9fbe9	2	86743283	91783652	1009	0.0457
3b4c60a5-3b05-4ca0-b2c6-f930c1d9fbe9	2	91784176	94675825	43	0.3001
3b4c60a5-3b05-4ca0-b2c6-f930c1d9fbe9	2	94675975	106258266	6455	0.0023
3b4c60a5-3b05-4ca0-b2c6-f930c1d9fbe9	2	106263639	106270952	14	0.5719
3b4c60a5-3b05-4ca0-b2c6-f930c1d9fbe9	2	106271414	128880504	13390	0.001
3b4c60a5-3b05-4ca0-b2c6-f930c1d9fbe9	2	128880904	128882723	14	-0.7637
3b4c60a5-3b05-4ca0-b2c6-f930c1d9fbe9	2	128882741	137947468	5415	0.0018
3b4c60a5-3b05-4ca0-b2c6-f930c1d9fbe9	2	137949022	137962742	13	-0.5452
3b4c60a5-3b05-4ca0-b2c6-f930c1d9fbe9	2	137965229	146104517	4995	-0.0011
3b4c60a5-3b05-4ca0-b2c6-f930c1d9fbe9	2	146106836	146120827	26	0.6262
3b4c60a5-3b05-4ca0-b2c6-f930c1d9fbe9	2	146120842	150175020	2265	-0.0013
3b4c60a5-3b05-4ca0-b2c6-f930c1d9fbe9	2	150178933	150181218	3	-1.2751
3b4c60a5-3b05-4ca0-b2c6-f930c1d9fbe9	2	150182694	174059982	14858	0.0011
3b4c60a5-3b05-4ca0-b2c6-f930c1d9fbe9	2	174065969	174217719	94	-1.1838
3b4c60a5-3b05-4ca0-b2c6-f930c1d9fbe9	2	174218669	179196928	3061	-0.0027
3b4c60a5-3b05-4ca0-b2c6-f930c1d9fbe9	2	179202465	179211936	2	-2.2977
3b4c60a5-3b05-4ca0-b2c6-f930c1d9fbe9	2	179214417	212316597	19748	0
3b4c60a5-3b05-4ca0-b2c6-f930c1d9fbe9	2	212321824	212327101	25	-1.0643
3b4c60a5-3b05-4ca0-b2c6-f930c1d9fbe9	2	212327402	214430626	1309	0.0165
3b4c60a5-3b05-4ca0-b2c6-f930c1d9fbe9	2	214430798	214431003	2	-1.5884
3b4c60a5-3b05-4ca0-b2c6-f930c1d9fbe9	2	214431623	242147305	17712	0.0007
3b4c60a5-3b05-4ca0-b2c6-f930c1d9fbe9	3	20930	25998030	19644	-0.0067
3b4c60a5-3b05-4ca0-b2c6-f930c1d9fbe9	3	26000038	26124061	66	-1.1982
3b4c60a5-3b05-4ca0-b2c6-f930c1d9fbe9	3	26124227	30149632	2793	-0.003
3b4c60a5-3b05-4ca0-b2c6-f930c1d9fbe9	3	30151053	30151074	2	-1.799
3b4c60a5-3b05-4ca0-b2c6-f930c1d9fbe9	3	30151286	37935926	5126	-0.0042
3b4c60a5-3b05-4ca0-b2c6-f930c1d9fbe9	3	37940617	37945437	18	-0.975
3b4c60a5-3b05-4ca0-b2c6-f930c1d9fbe9	3	37945615	68682877	20149	-0.0007
3b4c60a5-3b05-4ca0-b2c6-f930c1d9fbe9	3	68697013	68698262	15	1.2096
3b4c60a5-3b05-4ca0-b2c6-f930c1d9fbe9	3	68699607	75372019	4872	-0.0006
3b4c60a5-3b05-4ca0-b2c6-f930c1d9fbe9	3	75377956	75493695	49	-3.5088
3b4c60a5-3b05-4ca0-b2c6-f930c1d9fbe9	3	75496671	75519398	10	-0.7228
3b4c60a5-3b05-4ca0-b2c6-f930c1d9fbe9	3	75523398	75571744	12	-2.2522
3b4c60a5-3b05-4ca0-b2c6-f930c1d9fbe9	3	75589590	84650533	4974	-0.0016
3b4c60a5-3b05-4ca0-b2c6-f930c1d9fbe9	3	84650607	84652985	13	-0.8784
3b4c60a5-3b05-4ca0-b2c6-f930c1d9fbe9	3	84653010	136300257	28802	-0.0036
3b4c60a5-3b05-4ca0-b2c6-f930c1d9fbe9	3	136304109	136306584	2	-3.3777
3b4c60a5-3b05-4ca0-b2c6-f930c1d9fbe9	3	136319699	162815162	16257	-0.0031
3b4c60a5-3b05-4ca0-b2c6-f930c1d9fbe9	3	162816942	162822702	6	-1.8297
3b4c60a5-3b05-4ca0-b2c6-f930c1d9fbe9	3	162827928	162910826	51	-0.3741
3b4c60a5-3b05-4ca0-b2c6-f930c1d9fbe9	3	162910855	193156958	19173	-0.0016
3b4c60a5-3b05-4ca0-b2c6-f930c1d9fbe9	3	193160113	193162937	10	1.2189
3b4c60a5-3b05-4ca0-b2c6-f930c1d9fbe9	3	193163042	195558822	1493	0.0169
3b4c60a5-3b05-4ca0-b2c6-f930c1d9fbe9	3	195559056	195720051	26	-1.2273
3b4c60a5-3b05-4ca0-b2c6-f930c1d9fbe9	3	195728637	195934679	99	-0.0586
3b4c60a5-3b05-4ca0-b2c6-f930c1d9fbe9	3	195963975	195974244	3	-1.583
3b4c60a5-3b05-4ca0-b2c6-f930c1d9fbe9	3	195974292	197322591	663	-0.0126
3b4c60a5-3b05-4ca0-b2c6-f930c1d9fbe9	3	197327674	197330101	3	-1.1257
3b4c60a5-3b05-4ca0-b2c6-f930c1d9fbe9	3	197331531	198169247	417	0.0102
3b4c60a5-3b05-4ca0-b2c6-f930c1d9fbe9	4	68929	10212536	5707	0.0054
3b4c60a5-3b05-4ca0-b2c6-f930c1d9fbe9	4	10221792	10236812	37	0.3493
3b4c60a5-3b05-4ca0-b2c6-f930c1d9fbe9	4	10237337	10389091	169	-0.0082
3b4c60a5-3b05-4ca0-b2c6-f930c1d9fbe9	4	10390730	10401122	18	-0.6837
3b4c60a5-3b05-4ca0-b2c6-f930c1d9fbe9	4	10401140	34777418	16789	0.001
3b4c60a5-3b05-4ca0-b2c6-f930c1d9fbe9	4	34777432	34823103	39	-0.4821
3b4c60a5-3b05-4ca0-b2c6-f930c1d9fbe9	4	34828250	49214614	8974	0.003
3b4c60a5-3b05-4ca0-b2c6-f930c1d9fbe9	4	49289175	49289338	2	-2.5979
3b4c60a5-3b05-4ca0-b2c6-f930c1d9fbe9	4	49295203	49656595	19	0.5221
3b4c60a5-3b05-4ca0-b2c6-f930c1d9fbe9	4	51819533	57656644	3950	0.0053
3b4c60a5-3b05-4ca0-b2c6-f930c1d9fbe9	4	57660443	57661117	3	-1.2374
3b4c60a5-3b05-4ca0-b2c6-f930c1d9fbe9	4	57661291	58290448	425	-0.0035
3b4c60a5-3b05-4ca0-b2c6-f930c1d9fbe9	4	58301943	58314222	5	-1.4425
3b4c60a5-3b05-4ca0-b2c6-f930c1d9fbe9	4	58320511	63840033	3203	0.0055
3b4c60a5-3b05-4ca0-b2c6-f930c1d9fbe9	4	63841863	63842505	7	-0.6343
3b4c60a5-3b05-4ca0-b2c6-f930c1d9fbe9	4	63842540	64042320	87	0.0332
3b4c60a5-3b05-4ca0-b2c6-f930c1d9fbe9	4	64044640	64047016	5	-1.4925
3b4c60a5-3b05-4ca0-b2c6-f930c1d9fbe9	4	64050149	68478894	2780	0.0044
3b4c60a5-3b05-4ca0-b2c6-f930c1d9fbe9	4	68494770	68623617	69	-1.7287
3b4c60a5-3b05-4ca0-b2c6-f930c1d9fbe9	4	68639397	69257792	314	-0.0023
3b4c60a5-3b05-4ca0-b2c6-f930c1d9fbe9	4	69261926	69366406	56	-0.7235
3b4c60a5-3b05-4ca0-b2c6-f930c1d9fbe9	4	69370433	76368633	4256	0.0022
3b4c60a5-3b05-4ca0-b2c6-f930c1d9fbe9	4	76370923	76371213	4	-1.419
3b4c60a5-3b05-4ca0-b2c6-f930c1d9fbe9	4	76371648	76872222	360	0.0014
3b4c60a5-3b05-4ca0-b2c6-f930c1d9fbe9	4	76872235	76872625	2	-1.4421
3b4c60a5-3b05-4ca0-b2c6-f930c1d9fbe9	4	76872676	86054070	5816	0.0017
3b4c60a5-3b05-4ca0-b2c6-f930c1d9fbe9	4	86054941	86058611	19	-0.9544
3b4c60a5-3b05-4ca0-b2c6-f930c1d9fbe9	4	86058791	91017021	3037	-0.0042
3b4c60a5-3b05-4ca0-b2c6-f930c1d9fbe9	4	91017241	91017501	3	-1.2817
3b4c60a5-3b05-4ca0-b2c6-f930c1d9fbe9	4	91017586	97211472	3690	-0.0023
3b4c60a5-3b05-4ca0-b2c6-f930c1d9fbe9	4	97211492	97211583	2	-1.6147
3b4c60a5-3b05-4ca0-b2c6-f930c1d9fbe9	4	97213659	101252048	2307	-0.0075
3b4c60a5-3b05-4ca0-b2c6-f930c1d9fbe9	4	101252622	101252729	3	-1.3558
3b4c60a5-3b05-4ca0-b2c6-f930c1d9fbe9	4	101255769	114254167	7833	0.0018
3b4c60a5-3b05-4ca0-b2c6-f930c1d9fbe9	4	114254188	114263073	23	0.7165
3b4c60a5-3b05-4ca0-b2c6-f930c1d9fbe9	4	114263096	171448195	34658	0.0025
3b4c60a5-3b05-4ca0-b2c6-f930c1d9fbe9	4	171453733	171456137	7	1.4011
3b4c60a5-3b05-4ca0-b2c6-f930c1d9fbe9	4	171456293	188515761	11565	-0.0001
3b4c60a5-3b05-4ca0-b2c6-f930c1d9fbe9	4	188515932	188516256	8	-0.815
3b4c60a5-3b05-4ca0-b2c6-f930c1d9fbe9	4	188518718	190106768	925	0.0229
3b4c60a5-3b05-4ca0-b2c6-f930c1d9fbe9	5	15532	733497	322	0.0643
3b4c60a5-3b05-4ca0-b2c6-f930c1d9fbe9	5	741924	779766	12	0.5503
3b4c60a5-3b05-4ca0-b2c6-f930c1d9fbe9	5	800724	1773359	511	0.0323
3b4c60a5-3b05-4ca0-b2c6-f930c1d9fbe9	5	1778227	1778392	2	-1.2991
3b4c60a5-3b05-4ca0-b2c6-f930c1d9fbe9	5	1778664	12791608	9344	-0.0035
3b4c60a5-3b05-4ca0-b2c6-f930c1d9fbe9	5	12800777	12838421	15	0.7334
3b4c60a5-3b05-4ca0-b2c6-f930c1d9fbe9	5	12849089	15887247	2081	-0.0058
3b4c60a5-3b05-4ca0-b2c6-f930c1d9fbe9	5	15890563	15913742	11	0.563
3b4c60a5-3b05-4ca0-b2c6-f930c1d9fbe9	5	15914790	17827436	1233	0.0119
3b4c60a5-3b05-4ca0-b2c6-f930c1d9fbe9	5	17828029	17841304	11	-0.5115
3b4c60a5-3b05-4ca0-b2c6-f930c1d9fbe9	5	17848713	18442123	399	0.0077
3b4c60a5-3b05-4ca0-b2c6-f930c1d9fbe9	5	18442843	18453901	4	-2.0824
3b4c60a5-3b05-4ca0-b2c6-f930c1d9fbe9	5	18458441	21376735	1724	0.0013
3b4c60a5-3b05-4ca0-b2c6-f930c1d9fbe9	5	21377730	21377744	2	1.5154
3b4c60a5-3b05-4ca0-b2c6-f930c1d9fbe9	5	21385957	26789387	3184	0.002
3b4c60a5-3b05-4ca0-b2c6-f930c1d9fbe9	5	26797651	26797735	2	-1.7899
3b4c60a5-3b05-4ca0-b2c6-f930c1d9fbe9	5	26803775	34700599	5073	-0.006
3b4c60a5-3b05-4ca0-b2c6-f930c1d9fbe9	5	34700960	34701084	2	-3.161
3b4c60a5-3b05-4ca0-b2c6-f930c1d9fbe9	5	34703258	57919006	11744	-0.0028
3b4c60a5-3b05-4ca0-b2c6-f930c1d9fbe9	5	57919601	57919892	2	-1.6354
3b4c60a5-3b05-4ca0-b2c6-f930c1d9fbe9	5	57920899	58025819	82	-0.0655
3b4c60a5-3b05-4ca0-b2c6-f930c1d9fbe9	5	58030200	58037706	32	3.1977
3b4c60a5-3b05-4ca0-b2c6-f930c1d9fbe9	5	58042530	86815939	16954	-0.0025
3b4c60a5-3b05-4ca0-b2c6-f930c1d9fbe9	5	86819561	86823329	3	-2.0326
3b4c60a5-3b05-4ca0-b2c6-f930c1d9fbe9	5	86825812	97709417	5962	-0.0095
3b4c60a5-3b05-4ca0-b2c6-f930c1d9fbe9	5	97712762	97763616	43	-1.1687
3b4c60a5-3b05-4ca0-b2c6-f930c1d9fbe9	5	97763980	104515520	3879	0
3b4c60a5-3b05-4ca0-b2c6-f930c1d9fbe9	5	104524672	104524903	4	-1.9234
3b4c60a5-3b05-4ca0-b2c6-f930c1d9fbe9	5	104525348	178680821	48717	0.0006
3b4c60a5-3b05-4ca0-b2c6-f930c1d9fbe9	5	178682974	178685260	2	-2.7959
3b4c60a5-3b05-4ca0-b2c6-f930c1d9fbe9	5	178686162	180766199	1243	0.0141
3b4c60a5-3b05-4ca0-b2c6-f930c1d9fbe9	5	180766779	180768522	4	-1.8796
3b4c60a5-3b05-4ca0-b2c6-f930c1d9fbe9	5	180769816	181363319	289	0.0157
3b4c60a5-3b05-4ca0-b2c6-f930c1d9fbe9	6	149661	254283	101	0.0522
3b4c60a5-3b05-4ca0-b2c6-f930c1d9fbe9	6	257353	267693	8	-0.8464
3b4c60a5-3b05-4ca0-b2c6-f930c1d9fbe9	6	271773	384546	98	-0.2674
3b4c60a5-3b05-4ca0-b2c6-f930c1d9fbe9	6	385056	385784	3	-1.1793
3b4c60a5-3b05-4ca0-b2c6-f930c1d9fbe9	6	387532	1671208	1146	-0.0025
3b4c60a5-3b05-4ca0-b2c6-f930c1d9fbe9	6	1676609	1678304	2	-1.9161
3b4c60a5-3b05-4ca0-b2c6-f930c1d9fbe9	6	1680880	29882589	20319	0.0036
3b4c60a5-3b05-4ca0-b2c6-f930c1d9fbe9	6	29882603	29933799	17	-0.9516
3b4c60a5-3b05-4ca0-b2c6-f930c1d9fbe9	6	29940692	32463515	1152	0.007
3b4c60a5-3b05-4ca0-b2c6-f930c1d9fbe9	6	32463775	32605994	35	1.3533
3b4c60a5-3b05-4ca0-b2c6-f930c1d9fbe9	6	32606237	32722250	75	0.2797
3b4c60a5-3b05-4ca0-b2c6-f930c1d9fbe9	6	32723020	32723053	3	2.2149
3b4c60a5-3b05-4ca0-b2c6-f930c1d9fbe9	6	32732907	52759800	12677	0.0019
3b4c60a5-3b05-4ca0-b2c6-f930c1d9fbe9	6	52760252	52760977	2	1.4705
3b4c60a5-3b05-4ca0-b2c6-f930c1d9fbe9	6	52761471	54066286	978	-0.0068
3b4c60a5-3b05-4ca0-b2c6-f930c1d9fbe9	6	54066353	54067057	7	-1.3485
3b4c60a5-3b05-4ca0-b2c6-f930c1d9fbe9	6	54070550	78259388	13166	0.0032
3b4c60a5-3b05-4ca0-b2c6-f930c1d9fbe9	6	78261980	78325468	111	0.5326
3b4c60a5-3b05-4ca0-b2c6-f930c1d9fbe9	6	78329517	101540944	14443	0.0034
3b4c60a5-3b05-4ca0-b2c6-f930c1d9fbe9	6	101541591	101541607	2	-1.5918
3b4c60a5-3b05-4ca0-b2c6-f930c1d9fbe9	6	101547591	103286954	1031	0.0071
3b4c60a5-3b05-4ca0-b2c6-f930c1d9fbe9	6	103290101	103314174	45	-1.335
3b4c60a5-3b05-4ca0-b2c6-f930c1d9fbe9	6	103314186	133945130	19088	0.0002
3b4c60a5-3b05-4ca0-b2c6-f930c1d9fbe9	6	133947933	133948494	2	1.5622
3b4c60a5-3b05-4ca0-b2c6-f930c1d9fbe9	6	133950934	135014291	722	-0.0103
3b4c60a5-3b05-4ca0-b2c6-f930c1d9fbe9	6	135021116	135022100	2	-1.739
3b4c60a5-3b05-4ca0-b2c6-f930c1d9fbe9	6	135028432	162638395	18784	0.0052
3b4c60a5-3b05-4ca0-b2c6-f930c1d9fbe9	6	162647041	162657222	5	-1.1275
3b4c60a5-3b05-4ca0-b2c6-f930c1d9fbe9	6	162657743	170741917	5584	-0.0038
3b4c60a5-3b05-4ca0-b2c6-f930c1d9fbe9	7	43355	6799093	3424	0.0076
3b4c60a5-3b05-4ca0-b2c6-f930c1d9fbe9	7	6814479	6824452	4	-1.074
3b4c60a5-3b05-4ca0-b2c6-f930c1d9fbe9	7	6824616	7315878	352	0.0198
3b4c60a5-3b05-4ca0-b2c6-f930c1d9fbe9	7	7316197	7316278	2	1.4393
3b4c60a5-3b05-4ca0-b2c6-f930c1d9fbe9	7	7316295	9135141	1623	-0.0061
3b4c60a5-3b05-4ca0-b2c6-f930c1d9fbe9	7	9138746	9138993	4	-1.9251
3b4c60a5-3b05-4ca0-b2c6-f930c1d9fbe9	7	9139659	16977686	6268	0.0027
3b4c60a5-3b05-4ca0-b2c6-f930c1d9fbe9	7	16977859	16979253	6	-0.8481
3b4c60a5-3b05-4ca0-b2c6-f930c1d9fbe9	7	16980973	23995508	5457	-0.0036
3b4c60a5-3b05-4ca0-b2c6-f930c1d9fbe9	7	24000259	24000764	2	1.9931
3b4c60a5-3b05-4ca0-b2c6-f930c1d9fbe9	7	24001198	70955452	27486	0.0031
3b4c60a5-3b05-4ca0-b2c6-f930c1d9fbe9	7	70958264	70961155	2	-2.7703
3b4c60a5-3b05-4ca0-b2c6-f930c1d9fbe9	7	70963257	91578827	11849	0.0039
3b4c60a5-3b05-4ca0-b2c6-f930c1d9fbe9	7	91589569	91589648	2	-1.7584
3b4c60a5-3b05-4ca0-b2c6-f930c1d9fbe9	7	91589817	105946407	7965	0.0034
3b4c60a5-3b05-4ca0-b2c6-f930c1d9fbe9	7	105946471	105946772	4	-2.3047
3b4c60a5-3b05-4ca0-b2c6-f930c1d9fbe9	7	105946995	108421914	1606	0.0088
3b4c60a5-3b05-4ca0-b2c6-f930c1d9fbe9	7	108422473	108422794	3	-1.1398
3b4c60a5-3b05-4ca0-b2c6-f930c1d9fbe9	7	108423670	116285536	4808	0.006
3b4c60a5-3b05-4ca0-b2c6-f930c1d9fbe9	7	116287872	116289165	9	-0.9822
3b4c60a5-3b05-4ca0-b2c6-f930c1d9fbe9	7	116289551	134100424	10856	0.0062
3b4c60a5-3b05-4ca0-b2c6-f930c1d9fbe9	7	134100442	134105690	23	-2.2809
3b4c60a5-3b05-4ca0-b2c6-f930c1d9fbe9	7	134110881	134114444	12	-0.6045
3b4c60a5-3b05-4ca0-b2c6-f930c1d9fbe9	7	134121491	135451971	1004	0.0171
3b4c60a5-3b05-4ca0-b2c6-f930c1d9fbe9	7	135457003	135458334	5	-1.1596
3b4c60a5-3b05-4ca0-b2c6-f930c1d9fbe9	7	135462677	139996791	2835	0.0051
3b4c60a5-3b05-4ca0-b2c6-f930c1d9fbe9	7	140001893	140048422	26	0.6945
3b4c60a5-3b05-4ca0-b2c6-f930c1d9fbe9	7	140053280	140118822	34	0.0358
3b4c60a5-3b05-4ca0-b2c6-f930c1d9fbe9	7	140124127	140132332	7	0.5921
3b4c60a5-3b05-4ca0-b2c6-f930c1d9fbe9	7	140137139	142063324	1284	0.0104
3b4c60a5-3b05-4ca0-b2c6-f930c1d9fbe9	7	142069843	142092307	34	0.4203
3b4c60a5-3b05-4ca0-b2c6-f930c1d9fbe9	7	142099190	145495224	1930	0.0039
3b4c60a5-3b05-4ca0-b2c6-f930c1d9fbe9	7	145495625	145495800	2	-1.6226
3b4c60a5-3b05-4ca0-b2c6-f930c1d9fbe9	7	145495852	153450553	4842	0.0052
3b4c60a5-3b05-4ca0-b2c6-f930c1d9fbe9	7	153450560	153450627	2	-3.4964
3b4c60a5-3b05-4ca0-b2c6-f930c1d9fbe9	7	153450630	153563433	106	0.0001
3b4c60a5-3b05-4ca0-b2c6-f930c1d9fbe9	7	153563512	153570166	3	-1.1514
3b4c60a5-3b05-4ca0-b2c6-f930c1d9fbe9	7	153571190	159334314	3981	0.012
3b4c60a5-3b05-4ca0-b2c6-f930c1d9fbe9	8	81254	212832	6	-0.1886
3b4c60a5-3b05-4ca0-b2c6-f930c1d9fbe9	8	213414	644973	318	-0.0035
3b4c60a5-3b05-4ca0-b2c6-f930c1d9fbe9	8	645220	645908	8	1.2978
3b4c60a5-3b05-4ca0-b2c6-f930c1d9fbe9	8	656117	2844412	1707	0.0103
3b4c60a5-3b05-4ca0-b2c6-f930c1d9fbe9	8	2846011	2846377	7	-1.5445
3b4c60a5-3b05-4ca0-b2c6-f930c1d9fbe9	8	2849649	3913025	1304	-0.0135
3b4c60a5-3b05-4ca0-b2c6-f930c1d9fbe9	8	3914800	3932584	28	-0.6657
3b4c60a5-3b05-4ca0-b2c6-f930c1d9fbe9	8	3933696	4308904	696	0.0025
3b4c60a5-3b05-4ca0-b2c6-f930c1d9fbe9	8	4308968	4309168	3	1.2083
3b4c60a5-3b05-4ca0-b2c6-f930c1d9fbe9	8	4309259	5716836	1895	-0.0028
3b4c60a5-3b05-4ca0-b2c6-f930c1d9fbe9	8	5718947	5723161	11	0.6018
3b4c60a5-3b05-4ca0-b2c6-f930c1d9fbe9	8	5723366	7167045	1742	-0.0022
3b4c60a5-3b05-4ca0-b2c6-f930c1d9fbe9	8	7172468	7380497	29	-0.5543
3b4c60a5-3b05-4ca0-b2c6-f930c1d9fbe9	8	7396819	8110806	40	0.4476
3b4c60a5-3b05-4ca0-b2c6-f930c1d9fbe9	8	8120447	14652059	5229	-0.0008
3b4c60a5-3b05-4ca0-b2c6-f930c1d9fbe9	8	14652523	14652565	3	1.5045
3b4c60a5-3b05-4ca0-b2c6-f930c1d9fbe9	8	14652887	25114672	8454	0.0033
3b4c60a5-3b05-4ca0-b2c6-f930c1d9fbe9	8	25116928	25122472	21	0.7154
3b4c60a5-3b05-4ca0-b2c6-f930c1d9fbe9	8	25126554	32574851	5233	0.0067
3b4c60a5-3b05-4ca0-b2c6-f930c1d9fbe9	8	32579357	32581419	3	-1.7084
3b4c60a5-3b05-4ca0-b2c6-f930c1d9fbe9	8	32581692	39373140	3787	0.0034
3b4c60a5-3b05-4ca0-b2c6-f930c1d9fbe9	8	39378084	39529446	59	-2.6313
3b4c60a5-3b05-4ca0-b2c6-f930c1d9fbe9	8	39530780	106879633	39421	0.0033
3b4c60a5-3b05-4ca0-b2c6-f930c1d9fbe9	8	106886379	106892554	4	-1.0722
3b4c60a5-3b05-4ca0-b2c6-f930c1d9fbe9	8	106895351	111279265	2589	0.0036
3b4c60a5-3b05-4ca0-b2c6-f930c1d9fbe9	8	111282050	111282809	6	-0.8336
3b4c60a5-3b05-4ca0-b2c6-f930c1d9fbe9	8	111282852	111283016	3	-3.1388
3b4c60a5-3b05-4ca0-b2c6-f930c1d9fbe9	8	111283031	114619814	1824	0.0006
3b4c60a5-3b05-4ca0-b2c6-f930c1d9fbe9	8	114622258	114626166	15	-0.7765
3b4c60a5-3b05-4ca0-b2c6-f930c1d9fbe9	8	114626238	114628907	12	-0.1525
3b4c60a5-3b05-4ca0-b2c6-f930c1d9fbe9	8	114628953	114629502	8	-0.8517
3b4c60a5-3b05-4ca0-b2c6-f930c1d9fbe9	8	114638468	142662564	20194	0.0034
3b4c60a5-3b05-4ca0-b2c6-f930c1d9fbe9	8	142668300	142668654	3	-1.1922
3b4c60a5-3b05-4ca0-b2c6-f930c1d9fbe9	8	142670817	143222462	222	-0.0017
3b4c60a5-3b05-4ca0-b2c6-f930c1d9fbe9	8	143227585	143228432	9	0.5632
3b4c60a5-3b05-4ca0-b2c6-f930c1d9fbe9	8	143228447	145072769	633	0.0061
3b4c60a5-3b05-4ca0-b2c6-f930c1d9fbe9	9	46587	23361807	20435	-0.0014
3b4c60a5-3b05-4ca0-b2c6-f930c1d9fbe9	9	23363117	23372401	7	1.0986
3b4c60a5-3b05-4ca0-b2c6-f930c1d9fbe9	9	23373486	39487690	10748	0.0026
3b4c60a5-3b05-4ca0-b2c6-f930c1d9fbe9	9	39547279	67720642	393	0.1367
3b4c60a5-3b05-4ca0-b2c6-f930c1d9fbe9	9	67759000	70194046	1516	0.0098
3b4c60a5-3b05-4ca0-b2c6-f930c1d9fbe9	9	70196070	70197838	2	-1.5014
3b4c60a5-3b05-4ca0-b2c6-f930c1d9fbe9	9	70198765	138200944	46430	0.001
3b4c60a5-3b05-4ca0-b2c6-f930c1d9fbe9	10	45792	4248622	3579	0.0086
3b4c60a5-3b05-4ca0-b2c6-f930c1d9fbe9	10	4248646	4248732	2	1.4462
3b4c60a5-3b05-4ca0-b2c6-f930c1d9fbe9	10	4248824	17885034	11279	0.0032
3b4c60a5-3b05-4ca0-b2c6-f930c1d9fbe9	10	17896194	17910884	3	-1.4247
3b4c60a5-3b05-4ca0-b2c6-f930c1d9fbe9	10	17929793	30962405	9373	0.0012
3b4c60a5-3b05-4ca0-b2c6-f930c1d9fbe9	10	30962419	30962753	6	-1.2029
3b4c60a5-3b05-4ca0-b2c6-f930c1d9fbe9	10	30962785	33671910	1819	0.005
3b4c60a5-3b05-4ca0-b2c6-f930c1d9fbe9	10	33674094	33674225	2	-1.5313
3b4c60a5-3b05-4ca0-b2c6-f930c1d9fbe9	10	33677193	45574604	5332	0.0041
3b4c60a5-3b05-4ca0-b2c6-f930c1d9fbe9	10	45577424	45585913	8	-0.7698
3b4c60a5-3b05-4ca0-b2c6-f930c1d9fbe9	10	45587723	55420393	5963	0.0027
3b4c60a5-3b05-4ca0-b2c6-f930c1d9fbe9	10	55420481	55420557	3	-1.9601
3b4c60a5-3b05-4ca0-b2c6-f930c1d9fbe9	10	55420561	56762315	941	0.0115
3b4c60a5-3b05-4ca0-b2c6-f930c1d9fbe9	10	56763737	56764353	5	-0.9847
3b4c60a5-3b05-4ca0-b2c6-f930c1d9fbe9	10	56765627	65546518	6127	-0.0008
3b4c60a5-3b05-4ca0-b2c6-f930c1d9fbe9	10	65548165	65554672	27	0.4601
3b4c60a5-3b05-4ca0-b2c6-f930c1d9fbe9	10	65554688	76493093	6784	-0.0001
3b4c60a5-3b05-4ca0-b2c6-f930c1d9fbe9	10	76497303	76497852	2	1.7897
3b4c60a5-3b05-4ca0-b2c6-f930c1d9fbe9	10	76501509	81533406	3571	0.0063
3b4c60a5-3b05-4ca0-b2c6-f930c1d9fbe9	10	81538687	81550606	16	-1.6317
3b4c60a5-3b05-4ca0-b2c6-f930c1d9fbe9	10	81552386	133654968	35863	-0.0004
3b4c60a5-3b05-4ca0-b2c6-f930c1d9fbe9	11	198510	3465494	1296	0.0195
3b4c60a5-3b05-4ca0-b2c6-f930c1d9fbe9	11	3466435	3467311	3	-1.2625
3b4c60a5-3b05-4ca0-b2c6-f930c1d9fbe9	11	3485296	4286769	459	0.039
3b4c60a5-3b05-4ca0-b2c6-f930c1d9fbe9	11	4298482	4337579	9	0.7149
3b4c60a5-3b05-4ca0-b2c6-f930c1d9fbe9	11	4337826	4946000	649	-0.0123
3b4c60a5-3b05-4ca0-b2c6-f930c1d9fbe9	11	4946021	4954475	31	0.6433
3b4c60a5-3b05-4ca0-b2c6-f930c1d9fbe9	11	4955027	5761695	779	0.0041
3b4c60a5-3b05-4ca0-b2c6-f930c1d9fbe9	11	5761729	5787818	39	-0.3241
3b4c60a5-3b05-4ca0-b2c6-f930c1d9fbe9	11	5787909	18927525	9414	-0.0008
3b4c60a5-3b05-4ca0-b2c6-f930c1d9fbe9	11	18927562	18939855	38	0.3403
3b4c60a5-3b05-4ca0-b2c6-f930c1d9fbe9	11	18940050	24420628	4378	0.0057
3b4c60a5-3b05-4ca0-b2c6-f930c1d9fbe9	11	24422703	24428711	6	-1.3868
3b4c60a5-3b05-4ca0-b2c6-f930c1d9fbe9	11	24433630	55606572	17396	-0.0039
3b4c60a5-3b05-4ca0-b2c6-f930c1d9fbe9	11	55606712	55686100	58	0.6742
3b4c60a5-3b05-4ca0-b2c6-f930c1d9fbe9	11	55693207	86594619	17760	0.0022
3b4c60a5-3b05-4ca0-b2c6-f930c1d9fbe9	11	86594771	86595012	5	-1.1779
3b4c60a5-3b05-4ca0-b2c6-f930c1d9fbe9	11	86604132	99640757	9074	-0.001
3b4c60a5-3b05-4ca0-b2c6-f930c1d9fbe9	11	99641525	99641895	6	-0.7674
3b4c60a5-3b05-4ca0-b2c6-f930c1d9fbe9	11	99643362	135074876	25466	0.0008
3b4c60a5-3b05-4ca0-b2c6-f930c1d9fbe9	12	51460	756804	417	0.0185
3b4c60a5-3b05-4ca0-b2c6-f930c1d9fbe9	12	759943	764863	18	-0.9859
3b4c60a5-3b05-4ca0-b2c6-f930c1d9fbe9	12	766188	33232895	22427	0.0036
3b4c60a5-3b05-4ca0-b2c6-f930c1d9fbe9	12	33233822	33242483	6	-1.1043
3b4c60a5-3b05-4ca0-b2c6-f930c1d9fbe9	12	33246118	39083525	1435	0.0067
3b4c60a5-3b05-4ca0-b2c6-f930c1d9fbe9	12	39087759	39089311	5	-1.2955
3b4c60a5-3b05-4ca0-b2c6-f930c1d9fbe9	12	39094246	45506042	4100	-0.0036
3b4c60a5-3b05-4ca0-b2c6-f930c1d9fbe9	12	45510655	45515754	4	-1.4987
3b4c60a5-3b05-4ca0-b2c6-f930c1d9fbe9	12	45519509	55657036	5854	0.0062
3b4c60a5-3b05-4ca0-b2c6-f930c1d9fbe9	12	55659083	55659122	2	-1.1963
3b4c60a5-3b05-4ca0-b2c6-f930c1d9fbe9	12	55660983	58327400	1340	0.0147
3b4c60a5-3b05-4ca0-b2c6-f930c1d9fbe9	12	58327448	58336379	3	1.1828
3b4c60a5-3b05-4ca0-b2c6-f930c1d9fbe9	12	58337065	83769408	16418	0.0029
3b4c60a5-3b05-4ca0-b2c6-f930c1d9fbe9	12	83769511	83771500	4	-1.4959
3b4c60a5-3b05-4ca0-b2c6-f930c1d9fbe9	12	83771500	131292887	31946	-0.001
3b4c60a5-3b05-4ca0-b2c6-f930c1d9fbe9	12	131309623	131311902	5	1.0055
3b4c60a5-3b05-4ca0-b2c6-f930c1d9fbe9	12	131319247	131413152	72	-0.0854
3b4c60a5-3b05-4ca0-b2c6-f930c1d9fbe9	12	131413400	131413523	5	0.6992
3b4c60a5-3b05-4ca0-b2c6-f930c1d9fbe9	12	131415578	131636170	236	0.026
3b4c60a5-3b05-4ca0-b2c6-f930c1d9fbe9	12	131648039	131648790	13	-2.4428
3b4c60a5-3b05-4ca0-b2c6-f930c1d9fbe9	12	131657925	133201603	559	0.0179
3b4c60a5-3b05-4ca0-b2c6-f930c1d9fbe9	13	18452809	38478674	14199	0.0011
3b4c60a5-3b05-4ca0-b2c6-f930c1d9fbe9	13	38483435	38483919	2	-2.2387
3b4c60a5-3b05-4ca0-b2c6-f930c1d9fbe9	13	38490920	71902850	20856	0.0001
3b4c60a5-3b05-4ca0-b2c6-f930c1d9fbe9	13	71903417	71906418	4	-3.5262
3b4c60a5-3b05-4ca0-b2c6-f930c1d9fbe9	13	71906467	73827872	1412	0.0082
3b4c60a5-3b05-4ca0-b2c6-f930c1d9fbe9	13	73829418	73831584	2	-1.3745
3b4c60a5-3b05-4ca0-b2c6-f930c1d9fbe9	13	73832157	111517720	26270	0.0044
3b4c60a5-3b05-4ca0-b2c6-f930c1d9fbe9	13	111518677	111518766	2	1.6722
3b4c60a5-3b05-4ca0-b2c6-f930c1d9fbe9	13	111521972	114342922	1420	0.0024
3b4c60a5-3b05-4ca0-b2c6-f930c1d9fbe9	14	18239283	19326853	49	-0.1259
3b4c60a5-3b05-4ca0-b2c6-f930c1d9fbe9	14	19367655	19921562	97	0.2766
3b4c60a5-3b05-4ca0-b2c6-f930c1d9fbe9	14	19922395	69547262	31475	0.0004
3b4c60a5-3b05-4ca0-b2c6-f930c1d9fbe9	14	69551330	69555750	9	-0.7395
3b4c60a5-3b05-4ca0-b2c6-f930c1d9fbe9	14	69555996	99182754	20246	0.0016
3b4c60a5-3b05-4ca0-b2c6-f930c1d9fbe9	14	99183226	99183260	2	1.7225
3b4c60a5-3b05-4ca0-b2c6-f930c1d9fbe9	14	99183417	106321086	3266	-0.0028
3b4c60a5-3b05-4ca0-b2c6-f930c1d9fbe9	14	106340102	106346129	7	-1.7868
3b4c60a5-3b05-4ca0-b2c6-f930c1d9fbe9	14	106360014	106403147	24	0.0315
3b4c60a5-3b05-4ca0-b2c6-f930c1d9fbe9	14	106407604	106418444	7	-1.1344
3b4c60a5-3b05-4ca0-b2c6-f930c1d9fbe9	14	106423925	106719325	171	0.0847
3b4c60a5-3b05-4ca0-b2c6-f930c1d9fbe9	14	106769689	106775945	5	-0.8577
3b4c60a5-3b05-4ca0-b2c6-f930c1d9fbe9	14	106776137	106877229	67	0.0209
3b4c60a5-3b05-4ca0-b2c6-f930c1d9fbe9	15	19811075	23813652	832	-0.009
3b4c60a5-3b05-4ca0-b2c6-f930c1d9fbe9	15	23813673	23813702	2	-4.8514
3b4c60a5-3b05-4ca0-b2c6-f930c1d9fbe9	15	23813848	24429740	367	-0.0168
3b4c60a5-3b05-4ca0-b2c6-f930c1d9fbe9	15	24429986	24473026	31	-2.3264
3b4c60a5-3b05-4ca0-b2c6-f930c1d9fbe9	15	24473449	30215235	3607	0.0076
3b4c60a5-3b05-4ca0-b2c6-f930c1d9fbe9	15	30230885	30281121	9	-1.1937
3b4c60a5-3b05-4ca0-b2c6-f930c1d9fbe9	15	30284526	32220019	1074	0.0087
3b4c60a5-3b05-4ca0-b2c6-f930c1d9fbe9	15	32239115	32617778	28	0.4052
3b4c60a5-3b05-4ca0-b2c6-f930c1d9fbe9	15	32621877	40556152	5759	0.0014
3b4c60a5-3b05-4ca0-b2c6-f930c1d9fbe9	15	40557499	40557629	2	-1.5022
3b4c60a5-3b05-4ca0-b2c6-f930c1d9fbe9	15	40559556	57614508	10137	-0.0018
3b4c60a5-3b05-4ca0-b2c6-f930c1d9fbe9	15	57616118	57624754	9	-0.8044
3b4c60a5-3b05-4ca0-b2c6-f930c1d9fbe9	15	57625623	69210228	7922	0
3b4c60a5-3b05-4ca0-b2c6-f930c1d9fbe9	15	69215828	69236278	10	0.6434
3b4c60a5-3b05-4ca0-b2c6-f930c1d9fbe9	15	69236922	92222525	14349	0.0022
3b4c60a5-3b05-4ca0-b2c6-f930c1d9fbe9	15	92222644	92223064	3	2.5343
3b4c60a5-3b05-4ca0-b2c6-f930c1d9fbe9	15	92223528	97909211	4475	-0.0002
3b4c60a5-3b05-4ca0-b2c6-f930c1d9fbe9	15	97912295	97912623	2	-2.1312
3b4c60a5-3b05-4ca0-b2c6-f930c1d9fbe9	15	97913346	101928837	2952	0.0084
3b4c60a5-3b05-4ca0-b2c6-f930c1d9fbe9	16	10777	14835894	11108	-0.0008
3b4c60a5-3b05-4ca0-b2c6-f930c1d9fbe9	16	14838199	14965488	38	0.3371
3b4c60a5-3b05-4ca0-b2c6-f930c1d9fbe9	16	14965876	66017015	22578	0.0066
3b4c60a5-3b05-4ca0-b2c6-f930c1d9fbe9	16	66019327	66019498	2	-2.7789
3b4c60a5-3b05-4ca0-b2c6-f930c1d9fbe9	16	66020304	78337711	7520	0.006
3b4c60a5-3b05-4ca0-b2c6-f930c1d9fbe9	16	78338543	78349243	14	1.4067
3b4c60a5-3b05-4ca0-b2c6-f930c1d9fbe9	16	78350841	80217859	2298	-0.0059
3b4c60a5-3b05-4ca0-b2c6-f930c1d9fbe9	16	80218562	80219040	5	-0.8457
3b4c60a5-3b05-4ca0-b2c6-f930c1d9fbe9	16	80219179	83432433	3394	0.0099
3b4c60a5-3b05-4ca0-b2c6-f930c1d9fbe9	16	83436288	83436978	3	-1.4199
3b4c60a5-3b05-4ca0-b2c6-f930c1d9fbe9	16	83437190	84189232	779	0.0123
3b4c60a5-3b05-4ca0-b2c6-f930c1d9fbe9	16	84189717	84194699	2	-1.3834
3b4c60a5-3b05-4ca0-b2c6-f930c1d9fbe9	16	84197918	90096867	4142	0.0085
3b4c60a5-3b05-4ca0-b2c6-f930c1d9fbe9	17	150733	18414080	11393	-0.0004
3b4c60a5-3b05-4ca0-b2c6-f930c1d9fbe9	17	18452078	18523147	18	0.6631
3b4c60a5-3b05-4ca0-b2c6-f930c1d9fbe9	17	18529764	32863598	4279	0.0072
3b4c60a5-3b05-4ca0-b2c6-f930c1d9fbe9	17	32868076	32868459	2	-1.5498
3b4c60a5-3b05-4ca0-b2c6-f930c1d9fbe9	17	32871458	36109735	2567	0.0016
3b4c60a5-3b05-4ca0-b2c6-f930c1d9fbe9	17	36112585	36465216	38	0.5495
3b4c60a5-3b05-4ca0-b2c6-f930c1d9fbe9	17	36466570	41265456	2521	0.0069
3b4c60a5-3b05-4ca0-b2c6-f930c1d9fbe9	17	41266762	41274198	23	2.2144
3b4c60a5-3b05-4ca0-b2c6-f930c1d9fbe9	17	41274279	46136800	2536	-0.014
3b4c60a5-3b05-4ca0-b2c6-f930c1d9fbe9	17	46137998	46323701	87	0.4408
3b4c60a5-3b05-4ca0-b2c6-f930c1d9fbe9	17	46351954	46446360	3	-1.1546
3b4c60a5-3b05-4ca0-b2c6-f930c1d9fbe9	17	46569894	83091923	21578	0.0017
3b4c60a5-3b05-4ca0-b2c6-f930c1d9fbe9	18	48133	66239629	40473	-0.0003
3b4c60a5-3b05-4ca0-b2c6-f930c1d9fbe9	18	66240197	66244352	10	-1.092
3b4c60a5-3b05-4ca0-b2c6-f930c1d9fbe9	18	66244639	80257174	10272	-0.0057
3b4c60a5-3b05-4ca0-b2c6-f930c1d9fbe9	19	90910	20411869	8925	-0.0007
3b4c60a5-3b05-4ca0-b2c6-f930c1d9fbe9	19	20413400	20533583	68	-0.9438
3b4c60a5-3b05-4ca0-b2c6-f930c1d9fbe9	19	20538075	21632117	616	0.0239
3b4c60a5-3b05-4ca0-b2c6-f930c1d9fbe9	19	21632838	21637067	2	-1.9123
3b4c60a5-3b05-4ca0-b2c6-f930c1d9fbe9	19	21637309	54801157	17194	0.0034
3b4c60a5-3b05-4ca0-b2c6-f930c1d9fbe9	19	54801545	54802362	2	-1.5672
3b4c60a5-3b05-4ca0-b2c6-f930c1d9fbe9	19	54802832	55771169	465	0.0207
3b4c60a5-3b05-4ca0-b2c6-f930c1d9fbe9	19	55771663	55771701	2	-3.3403
3b4c60a5-3b05-4ca0-b2c6-f930c1d9fbe9	19	55774927	58586487	1839	-0.0001
3b4c60a5-3b05-4ca0-b2c6-f930c1d9fbe9	20	80664	384103	228	-0.015
3b4c60a5-3b05-4ca0-b2c6-f930c1d9fbe9	20	390693	397335	4	-1.3027
3b4c60a5-3b05-4ca0-b2c6-f930c1d9fbe9	20	397598	1580353	972	0.0094
3b4c60a5-3b05-4ca0-b2c6-f930c1d9fbe9	20	1580934	1601446	35	1.8701
3b4c60a5-3b05-4ca0-b2c6-f930c1d9fbe9	20	1601561	60732557	39102	0.0014
3b4c60a5-3b05-4ca0-b2c6-f930c1d9fbe9	20	60734538	60735065	2	-1.7293
3b4c60a5-3b05-4ca0-b2c6-f930c1d9fbe9	20	60735435	61973114	1071	-0.0101
3b4c60a5-3b05-4ca0-b2c6-f930c1d9fbe9	20	61983972	61984028	3	-1.0076
3b4c60a5-3b05-4ca0-b2c6-f930c1d9fbe9	20	61992694	62078399	52	-0.0443
3b4c60a5-3b05-4ca0-b2c6-f930c1d9fbe9	20	62079449	62079504	2	1.3152
3b4c60a5-3b05-4ca0-b2c6-f930c1d9fbe9	20	62080339	64324800	922	0.0399
3b4c60a5-3b05-4ca0-b2c6-f930c1d9fbe9	21	10354168	13583316	269	0.0975
3b4c60a5-3b05-4ca0-b2c6-f930c1d9fbe9	21	13612103	13677975	4	1.1444
3b4c60a5-3b05-4ca0-b2c6-f930c1d9fbe9	21	13803967	46677045	23597	0.0012
3b4c60a5-3b05-4ca0-b2c6-f930c1d9fbe9	22	15294547	22113033	3115	0.0198
3b4c60a5-3b05-4ca0-b2c6-f930c1d9fbe9	22	22113053	22119654	6	-0.85
3b4c60a5-3b05-4ca0-b2c6-f930c1d9fbe9	22	22120134	22120255	4	-4.3137
3b4c60a5-3b05-4ca0-b2c6-f930c1d9fbe9	22	22127104	50796027	20153	0.0036
3b4c60a5-3b05-4ca0-b2c6-f930c1d9fbe9	X	251810	9605751	5244	-0.0076
3b4c60a5-3b05-4ca0-b2c6-f930c1d9fbe9	X	9610023	9610158	2	-1.2581
3b4c60a5-3b05-4ca0-b2c6-f930c1d9fbe9	X	9610705	12157587	1800	-0.0072
3b4c60a5-3b05-4ca0-b2c6-f930c1d9fbe9	X	12157726	12157810	4	-0.95
3b4c60a5-3b05-4ca0-b2c6-f930c1d9fbe9	X	12157900	32652112	13172	0.0035
3b4c60a5-3b05-4ca0-b2c6-f930c1d9fbe9	X	32658796	32658809	2	-1.4412
3b4c60a5-3b05-4ca0-b2c6-f930c1d9fbe9	X	32658845	37850312	3086	-0.0028
3b4c60a5-3b05-4ca0-b2c6-f930c1d9fbe9	X	37851496	37852498	2	-1.3489
3b4c60a5-3b05-4ca0-b2c6-f930c1d9fbe9	X	37855604	42546140	2752	-0.0024
3b4c60a5-3b05-4ca0-b2c6-f930c1d9fbe9	X	42549942	42646021	44	-1.0834
3b4c60a5-3b05-4ca0-b2c6-f930c1d9fbe9	X	42659741	145848938	51632	0.0027
3b4c60a5-3b05-4ca0-b2c6-f930c1d9fbe9	X	145851517	145860430	5	-1.5964
3b4c60a5-3b05-4ca0-b2c6-f930c1d9fbe9	X	145866129	151124426	3545	0.003
3b4c60a5-3b05-4ca0-b2c6-f930c1d9fbe9	X	151125462	151126987	2	1.1618
3b4c60a5-3b05-4ca0-b2c6-f930c1d9fbe9	X	151128083	155952689	2365	0.0015
3b4c60a5-3b05-4ca0-b2c6-f930c1d9fbe9	Y	2782397	6233384	784	-2.9375
3b4c60a5-3b05-4ca0-b2c6-f930c1d9fbe9	Y	6249869	9327138	1442	-3.5355
3b4c60a5-3b05-4ca0-b2c6-f930c1d9fbe9	Y	9329696	9554275	27	-5.0452
3b4c60a5-3b05-4ca0-b2c6-f930c1d9fbe9	Y	9554586	17056257	2768	-3.4127
3b4c60a5-3b05-4ca0-b2c6-f930c1d9fbe9	Y	17056790	17067660	5	-7.0708
3b4c60a5-3b05-4ca0-b2c6-f930c1d9fbe9	Y	17070391	23586854	1422	-3.4928
3b4c60a5-3b05-4ca0-b2c6-f930c1d9fbe9	Y	23784615	56872112	192	-2.9372
