Sample	Chromosome	Start	End	Num_Probes	Segment_Mean
MOHEL_p_TCGA_271_274_275_N_GenomeWideSNP_6_H04_1320312	1	51598	7248007	3512	0.109
MOHEL_p_TCGA_271_274_275_N_GenomeWideSNP_6_H04_1320312	1	7248788	7249107	2	-1.3424
MOHEL_p_TCGA_271_274_275_N_GenomeWideSNP_6_H04_1320312	1	7249262	12906093	3058	0.0901
MOHEL_p_TCGA_271_274_275_N_GenomeWideSNP_6_H04_1320312	1	13081670	13109957	6	-0.6563
MOHEL_p_TCGA_271_274_275_N_GenomeWideSNP_6_H04_1320312	1	13247932	14203854	472	0.1017
MOHEL_p_TCGA_271_274_275_N_GenomeWideSNP_6_H04_1320312	1	14210188	14210524	4	0.925
MOHEL_p_TCGA_271_274_275_N_GenomeWideSNP_6_H04_1320312	1	14210581	16021930	1365	0.0905
MOHEL_p_TCGA_271_274_275_N_GenomeWideSNP_6_H04_1320312	1	16022502	16026084	2	1.6649
MOHEL_p_TCGA_271_274_275_N_GenomeWideSNP_6_H04_1320312	1	16026123	16987299	410	0.1081
MOHEL_p_TCGA_271_274_275_N_GenomeWideSNP_6_H04_1320312	1	17049632	17172570	79	0.3728
MOHEL_p_TCGA_271_274_275_N_GenomeWideSNP_6_H04_1320312	1	17172760	21004837	2709	0.0863
MOHEL_p_TCGA_271_274_275_N_GenomeWideSNP_6_H04_1320312	1	21005162	21005686	2	1.6872
MOHEL_p_TCGA_271_274_275_N_GenomeWideSNP_6_H04_1320312	1	21008824	22191588	629	0.08
MOHEL_p_TCGA_271_274_275_N_GenomeWideSNP_6_H04_1320312	1	22193102	22209830	7	-0.7527
MOHEL_p_TCGA_271_274_275_N_GenomeWideSNP_6_H04_1320312	1	22210712	38355445	8745	0.0869
MOHEL_p_TCGA_271_274_275_N_GenomeWideSNP_6_H04_1320312	1	38356619	38357468	3	-1.4501
MOHEL_p_TCGA_271_274_275_N_GenomeWideSNP_6_H04_1320312	1	38359733	46282940	4523	0.102
MOHEL_p_TCGA_271_274_275_N_GenomeWideSNP_6_H04_1320312	1	46284862	46286413	2	1.5814
MOHEL_p_TCGA_271_274_275_N_GenomeWideSNP_6_H04_1320312	1	46292140	71197026	16652	0.1137
MOHEL_p_TCGA_271_274_275_N_GenomeWideSNP_6_H04_1320312	1	71198848	71202454	2	1.5027
MOHEL_p_TCGA_271_274_275_N_GenomeWideSNP_6_H04_1320312	1	71205572	72541504	788	0.139
MOHEL_p_TCGA_271_274_275_N_GenomeWideSNP_6_H04_1320312	1	72541524	72583736	45	-1.7235
MOHEL_p_TCGA_271_274_275_N_GenomeWideSNP_6_H04_1320312	1	72584492	81661044	5787	0.1264
MOHEL_p_TCGA_271_274_275_N_GenomeWideSNP_6_H04_1320312	1	81661190	81661193	2	1.9867
MOHEL_p_TCGA_271_274_275_N_GenomeWideSNP_6_H04_1320312	1	81661255	89247843	5198	0.128
MOHEL_p_TCGA_271_274_275_N_GenomeWideSNP_6_H04_1320312	1	89250546	89250793	2	-1.3609
MOHEL_p_TCGA_271_274_275_N_GenomeWideSNP_6_H04_1320312	1	89254112	144083920	20199	0.1208
MOHEL_p_TCGA_271_274_275_N_GenomeWideSNP_6_H04_1320312	1	144093481	144723881	167	-0.8398
MOHEL_p_TCGA_271_274_275_N_GenomeWideSNP_6_H04_1320312	1	144755081	146805892	699	0.1622
MOHEL_p_TCGA_271_274_275_N_GenomeWideSNP_6_H04_1320312	1	146814416	147572692	191	-0.4535
MOHEL_p_TCGA_271_274_275_N_GenomeWideSNP_6_H04_1320312	1	147603260	150821800	1518	0.106
MOHEL_p_TCGA_271_274_275_N_GenomeWideSNP_6_H04_1320312	1	150822151	150852741	31	1.1563
MOHEL_p_TCGA_271_274_275_N_GenomeWideSNP_6_H04_1320312	1	150852862	156781647	3509	0.1043
MOHEL_p_TCGA_271_274_275_N_GenomeWideSNP_6_H04_1320312	1	156781709	156786919	17	-0.9566
MOHEL_p_TCGA_271_274_275_N_GenomeWideSNP_6_H04_1320312	1	156790295	173063956	11565	0.1163
MOHEL_p_TCGA_271_274_275_N_GenomeWideSNP_6_H04_1320312	1	173064008	173064071	2	1.629
MOHEL_p_TCGA_271_274_275_N_GenomeWideSNP_6_H04_1320312	1	173064128	177597151	3089	0.1241
MOHEL_p_TCGA_271_274_275_N_GenomeWideSNP_6_H04_1320312	1	177598005	177599938	3	-1.198
MOHEL_p_TCGA_271_274_275_N_GenomeWideSNP_6_H04_1320312	1	177605829	194981496	11580	0.1249
MOHEL_p_TCGA_271_274_275_N_GenomeWideSNP_6_H04_1320312	1	194994473	195015840	27	-2.0255
MOHEL_p_TCGA_271_274_275_N_GenomeWideSNP_6_H04_1320312	1	195016444	195083353	70	-0.7644
MOHEL_p_TCGA_271_274_275_N_GenomeWideSNP_6_H04_1320312	1	195089940	238460655	30016	0.1137
MOHEL_p_TCGA_271_274_275_N_GenomeWideSNP_6_H04_1320312	1	238460671	238460762	4	-1.6286
MOHEL_p_TCGA_271_274_275_N_GenomeWideSNP_6_H04_1320312	1	238462728	247191011	5932	0.13
MOHEL_p_TCGA_271_274_275_N_GenomeWideSNP_6_H04_1320312	2	2784	7147280	5546	0.1108
MOHEL_p_TCGA_271_274_275_N_GenomeWideSNP_6_H04_1320312	2	7150975	7151815	9	-0.7423
MOHEL_p_TCGA_271_274_275_N_GenomeWideSNP_6_H04_1320312	2	7151927	7556824	372	0.0981
MOHEL_p_TCGA_271_274_275_N_GenomeWideSNP_6_H04_1320312	2	7560516	7564423	2	1.7082
MOHEL_p_TCGA_271_274_275_N_GenomeWideSNP_6_H04_1320312	2	7564458	13902161	4560	0.114
MOHEL_p_TCGA_271_274_275_N_GenomeWideSNP_6_H04_1320312	2	13903675	13903755	2	-1.8421
MOHEL_p_TCGA_271_274_275_N_GenomeWideSNP_6_H04_1320312	2	13905324	19768932	4441	0.116
MOHEL_p_TCGA_271_274_275_N_GenomeWideSNP_6_H04_1320312	2	19769477	19770516	3	-1.0266
MOHEL_p_TCGA_271_274_275_N_GenomeWideSNP_6_H04_1320312	2	19774704	21672487	1283	0.1126
MOHEL_p_TCGA_271_274_275_N_GenomeWideSNP_6_H04_1320312	2	21676503	21710724	27	-0.6191
MOHEL_p_TCGA_271_274_275_N_GenomeWideSNP_6_H04_1320312	2	21713722	33032785	6673	0.1084
MOHEL_p_TCGA_271_274_275_N_GenomeWideSNP_6_H04_1320312	2	33032936	33056439	18	0.5579
MOHEL_p_TCGA_271_274_275_N_GenomeWideSNP_6_H04_1320312	2	33056622	34564978	1186	0.1198
MOHEL_p_TCGA_271_274_275_N_GenomeWideSNP_6_H04_1320312	2	34570274	34570987	9	0.9234
MOHEL_p_TCGA_271_274_275_N_GenomeWideSNP_6_H04_1320312	2	34571172	35820627	895	0.0952
MOHEL_p_TCGA_271_274_275_N_GenomeWideSNP_6_H04_1320312	2	35820889	35841420	9	0.8411
MOHEL_p_TCGA_271_274_275_N_GenomeWideSNP_6_H04_1320312	2	35841451	40842768	3763	0.1261
MOHEL_p_TCGA_271_274_275_N_GenomeWideSNP_6_H04_1320312	2	40843820	40844942	4	1.1267
MOHEL_p_TCGA_271_274_275_N_GenomeWideSNP_6_H04_1320312	2	40845310	41091739	179	0.1207
MOHEL_p_TCGA_271_274_275_N_GenomeWideSNP_6_H04_1320312	2	41091947	41099053	22	-0.6856
MOHEL_p_TCGA_271_274_275_N_GenomeWideSNP_6_H04_1320312	2	41099391	52607972	8195	0.1122
MOHEL_p_TCGA_271_274_275_N_GenomeWideSNP_6_H04_1320312	2	52607984	52643644	41	0.6153
MOHEL_p_TCGA_271_274_275_N_GenomeWideSNP_6_H04_1320312	2	52643997	59475986	4781	0.1175
MOHEL_p_TCGA_271_274_275_N_GenomeWideSNP_6_H04_1320312	2	59480161	59497960	7	1.1264
MOHEL_p_TCGA_271_274_275_N_GenomeWideSNP_6_H04_1320312	2	59498346	91068463	18277	0.1086
MOHEL_p_TCGA_271_274_275_N_GenomeWideSNP_6_H04_1320312	2	91091707	91176561	38	-0.2954
MOHEL_p_TCGA_271_274_275_N_GenomeWideSNP_6_H04_1320312	2	91176960	97484644	983	0.0891
MOHEL_p_TCGA_271_274_275_N_GenomeWideSNP_6_H04_1320312	2	97507179	97528142	8	1.2094
MOHEL_p_TCGA_271_274_275_N_GenomeWideSNP_6_H04_1320312	2	97528621	131936468	20390	0.1109
MOHEL_p_TCGA_271_274_275_N_GenomeWideSNP_6_H04_1320312	2	131937876	131942838	5	-1.4107
MOHEL_p_TCGA_271_274_275_N_GenomeWideSNP_6_H04_1320312	2	131943262	132496988	217	0.0706
MOHEL_p_TCGA_271_274_275_N_GenomeWideSNP_6_H04_1320312	2	132502109	132502129	2	-1.7306
MOHEL_p_TCGA_271_274_275_N_GenomeWideSNP_6_H04_1320312	2	132502593	176967088	27400	0.1165
MOHEL_p_TCGA_271_274_275_N_GenomeWideSNP_6_H04_1320312	2	176975422	176980779	2	1.6898
MOHEL_p_TCGA_271_274_275_N_GenomeWideSNP_6_H04_1320312	2	176983384	180121616	2070	0.1229
MOHEL_p_TCGA_271_274_275_N_GenomeWideSNP_6_H04_1320312	2	180126456	180127998	12	-0.4786
MOHEL_p_TCGA_271_274_275_N_GenomeWideSNP_6_H04_1320312	2	180128688	180129742	10	-1.3892
MOHEL_p_TCGA_271_274_275_N_GenomeWideSNP_6_H04_1320312	2	180129757	180130133	5	-0.6223
MOHEL_p_TCGA_271_274_275_N_GenomeWideSNP_6_H04_1320312	2	180130151	185024921	3173	0.1162
MOHEL_p_TCGA_271_274_275_N_GenomeWideSNP_6_H04_1320312	2	185025125	185028304	4	1.9786
MOHEL_p_TCGA_271_274_275_N_GenomeWideSNP_6_H04_1320312	2	185033764	188827168	2027	0.1195
MOHEL_p_TCGA_271_274_275_N_GenomeWideSNP_6_H04_1320312	2	188828173	188835175	4	-1.8478
MOHEL_p_TCGA_271_274_275_N_GenomeWideSNP_6_H04_1320312	2	188837303	228967049	24854	0.119
MOHEL_p_TCGA_271_274_275_N_GenomeWideSNP_6_H04_1320312	2	228970536	228972658	2	1.9474
MOHEL_p_TCGA_271_274_275_N_GenomeWideSNP_6_H04_1320312	2	228974618	242738129	8543	0.1051
MOHEL_p_TCGA_271_274_275_N_GenomeWideSNP_6_H04_1320312	3	35345	1893149	1687	-0.405
MOHEL_p_TCGA_271_274_275_N_GenomeWideSNP_6_H04_1320312	3	1894824	1896232	4	-2.5988
MOHEL_p_TCGA_271_274_275_N_GenomeWideSNP_6_H04_1320312	3	1897965	6621543	4142	-0.3894
MOHEL_p_TCGA_271_274_275_N_GenomeWideSNP_6_H04_1320312	3	6626128	6628114	19	-1.8208
MOHEL_p_TCGA_271_274_275_N_GenomeWideSNP_6_H04_1320312	3	6628148	12674328	4706	-0.3988
MOHEL_p_TCGA_271_274_275_N_GenomeWideSNP_6_H04_1320312	3	12674515	12674620	2	1.3421
MOHEL_p_TCGA_271_274_275_N_GenomeWideSNP_6_H04_1320312	3	12676396	13557576	603	-0.421
MOHEL_p_TCGA_271_274_275_N_GenomeWideSNP_6_H04_1320312	3	13557898	13558528	2	-2.7093
MOHEL_p_TCGA_271_274_275_N_GenomeWideSNP_6_H04_1320312	3	13560313	82947239	45729	-0.39
MOHEL_p_TCGA_271_274_275_N_GenomeWideSNP_6_H04_1320312	3	82955469	83011021	36	0.1387
MOHEL_p_TCGA_271_274_275_N_GenomeWideSNP_6_H04_1320312	3	83014744	83051834	30	-0.4066
MOHEL_p_TCGA_271_274_275_N_GenomeWideSNP_6_H04_1320312	3	83054427	83144919	55	0.1393
MOHEL_p_TCGA_271_274_275_N_GenomeWideSNP_6_H04_1320312	3	83146868	83714482	228	-0.3944
MOHEL_p_TCGA_271_274_275_N_GenomeWideSNP_6_H04_1320312	3	83727489	83782609	26	0.1054
MOHEL_p_TCGA_271_274_275_N_GenomeWideSNP_6_H04_1320312	3	83787010	84782561	505	-0.3739
MOHEL_p_TCGA_271_274_275_N_GenomeWideSNP_6_H04_1320312	3	84782986	84788974	17	0.2531
MOHEL_p_TCGA_271_274_275_N_GenomeWideSNP_6_H04_1320312	3	84789755	84909660	80	-0.4242
MOHEL_p_TCGA_271_274_275_N_GenomeWideSNP_6_H04_1320312	3	84913322	85142309	163	0.0858
MOHEL_p_TCGA_271_274_275_N_GenomeWideSNP_6_H04_1320312	3	85144082	85405966	126	-0.3875
MOHEL_p_TCGA_271_274_275_N_GenomeWideSNP_6_H04_1320312	3	85407136	85603747	107	0.0827
MOHEL_p_TCGA_271_274_275_N_GenomeWideSNP_6_H04_1320312	3	85603815	85922061	191	-0.3982
MOHEL_p_TCGA_271_274_275_N_GenomeWideSNP_6_H04_1320312	3	85923501	86041466	64	0.1564
MOHEL_p_TCGA_271_274_275_N_GenomeWideSNP_6_H04_1320312	3	86045511	86730291	392	-0.4068
MOHEL_p_TCGA_271_274_275_N_GenomeWideSNP_6_H04_1320312	3	86730628	89105106	1247	0.1304
MOHEL_p_TCGA_271_274_275_N_GenomeWideSNP_6_H04_1320312	3	89109736	89491125	353	-0.3972
MOHEL_p_TCGA_271_274_275_N_GenomeWideSNP_6_H04_1320312	3	89492460	163995843	42397	0.1294
MOHEL_p_TCGA_271_274_275_N_GenomeWideSNP_6_H04_1320312	3	163996153	164007552	8	-3.0687
MOHEL_p_TCGA_271_274_275_N_GenomeWideSNP_6_H04_1320312	3	164011324	164098609	52	-1.2678
MOHEL_p_TCGA_271_274_275_N_GenomeWideSNP_6_H04_1320312	3	164106536	196744021	20700	0.1325
MOHEL_p_TCGA_271_274_275_N_GenomeWideSNP_6_H04_1320312	3	196744161	196967482	59	-0.245
MOHEL_p_TCGA_271_274_275_N_GenomeWideSNP_6_H04_1320312	3	196968041	199322975	1148	0.1457
MOHEL_p_TCGA_271_274_275_N_GenomeWideSNP_6_H04_1320312	3	199329613	199380515	20	-0.5706
MOHEL_p_TCGA_271_274_275_N_GenomeWideSNP_6_H04_1320312	4	2281	8773152	5186	0.1059
MOHEL_p_TCGA_271_274_275_N_GenomeWideSNP_6_H04_1320312	4	8775443	9066075	63	0.4275
MOHEL_p_TCGA_271_274_275_N_GenomeWideSNP_6_H04_1320312	4	9070328	9088443	9	1.4196
MOHEL_p_TCGA_271_274_275_N_GenomeWideSNP_6_H04_1320312	4	9095185	9228235	40	0.2203
MOHEL_p_TCGA_271_274_275_N_GenomeWideSNP_6_H04_1320312	4	9235511	9235938	2	-1.9291
MOHEL_p_TCGA_271_274_275_N_GenomeWideSNP_6_H04_1320312	4	9241546	9468995	122	0.0954
MOHEL_p_TCGA_271_274_275_N_GenomeWideSNP_6_H04_1320312	4	9468999	9473325	3	1.0789
MOHEL_p_TCGA_271_274_275_N_GenomeWideSNP_6_H04_1320312	4	9474140	9819488	378	0.0931
MOHEL_p_TCGA_271_274_275_N_GenomeWideSNP_6_H04_1320312	4	9823258	9844264	34	1.1788
MOHEL_p_TCGA_271_274_275_N_GenomeWideSNP_6_H04_1320312	4	9844280	20977791	8211	0.1307
MOHEL_p_TCGA_271_274_275_N_GenomeWideSNP_6_H04_1320312	4	20981101	20985949	15	-0.6449
MOHEL_p_TCGA_271_274_275_N_GenomeWideSNP_6_H04_1320312	4	20992838	34455449	8770	0.1269
MOHEL_p_TCGA_271_274_275_N_GenomeWideSNP_6_H04_1320312	4	34462895	34501120	38	0.7714
MOHEL_p_TCGA_271_274_275_N_GenomeWideSNP_6_H04_1320312	4	34506267	49344863	9005	0.1274
MOHEL_p_TCGA_271_274_275_N_GenomeWideSNP_6_H04_1320312	4	49350120	49353369	5	-0.8122
MOHEL_p_TCGA_271_274_275_N_GenomeWideSNP_6_H04_1320312	4	52380456	63352531	7021	0.128
MOHEL_p_TCGA_271_274_275_N_GenomeWideSNP_6_H04_1320312	4	63352664	63353729	5	1.0553
MOHEL_p_TCGA_271_274_275_N_GenomeWideSNP_6_H04_1320312	4	63354182	64353835	543	0.1224
MOHEL_p_TCGA_271_274_275_N_GenomeWideSNP_6_H04_1320312	4	64355262	64390853	44	-0.2134
MOHEL_p_TCGA_271_274_275_N_GenomeWideSNP_6_H04_1320312	4	64399026	69054598	2879	0.1296
MOHEL_p_TCGA_271_274_275_N_GenomeWideSNP_6_H04_1320312	4	69057536	69109083	25	0.8958
MOHEL_p_TCGA_271_274_275_N_GenomeWideSNP_6_H04_1320312	4	69112317	70162241	374	0.0782
MOHEL_p_TCGA_271_274_275_N_GenomeWideSNP_6_H04_1320312	4	70163001	70266713	54	0.6694
MOHEL_p_TCGA_271_274_275_N_GenomeWideSNP_6_H04_1320312	4	70270740	144985208	45102	0.135
MOHEL_p_TCGA_271_274_275_N_GenomeWideSNP_6_H04_1320312	4	144985314	145221539	130	0.5828
MOHEL_p_TCGA_271_274_275_N_GenomeWideSNP_6_H04_1320312	4	145224130	157187538	7124	0.1337
MOHEL_p_TCGA_271_274_275_N_GenomeWideSNP_6_H04_1320312	4	157187630	157187748	3	-1.0385
MOHEL_p_TCGA_271_274_275_N_GenomeWideSNP_6_H04_1320312	4	157187923	162093375	3076	0.1427
MOHEL_p_TCGA_271_274_275_N_GenomeWideSNP_6_H04_1320312	4	162093390	162099591	5	-0.7931
MOHEL_p_TCGA_271_274_275_N_GenomeWideSNP_6_H04_1320312	4	162099647	162104358	18	-2.348
MOHEL_p_TCGA_271_274_275_N_GenomeWideSNP_6_H04_1320312	4	162104369	173659097	7327	0.1353
MOHEL_p_TCGA_271_274_275_N_GenomeWideSNP_6_H04_1320312	4	173661522	173665218	7	1.047
MOHEL_p_TCGA_271_274_275_N_GenomeWideSNP_6_H04_1320312	4	173677707	178611863	2976	0.1304
MOHEL_p_TCGA_271_274_275_N_GenomeWideSNP_6_H04_1320312	4	178612788	178623504	6	-0.912
MOHEL_p_TCGA_271_274_275_N_GenomeWideSNP_6_H04_1320312	4	178623889	179476595	559	0.1238
MOHEL_p_TCGA_271_274_275_N_GenomeWideSNP_6_H04_1320312	4	179478976	179482770	2	-4.1472
MOHEL_p_TCGA_271_274_275_N_GenomeWideSNP_6_H04_1320312	4	179483968	188114635	6327	0.1348
MOHEL_p_TCGA_271_274_275_N_GenomeWideSNP_6_H04_1320312	4	188114713	188114732	2	1.9334
MOHEL_p_TCGA_271_274_275_N_GenomeWideSNP_6_H04_1320312	4	188115159	189458252	836	0.1443
MOHEL_p_TCGA_271_274_275_N_GenomeWideSNP_6_H04_1320312	4	189458354	189458369	2	-1.8486
MOHEL_p_TCGA_271_274_275_N_GenomeWideSNP_6_H04_1320312	4	189458418	191261904	1179	0.1187
MOHEL_p_TCGA_271_274_275_N_GenomeWideSNP_6_H04_1320312	5	68532	832860	338	0.1737
MOHEL_p_TCGA_271_274_275_N_GenomeWideSNP_6_H04_1320312	5	832881	853839	6	-1.924
MOHEL_p_TCGA_271_274_275_N_GenomeWideSNP_6_H04_1320312	5	854571	878653	20	-0.5285
MOHEL_p_TCGA_271_274_275_N_GenomeWideSNP_6_H04_1320312	5	886628	1150923	92	0.1136
MOHEL_p_TCGA_271_274_275_N_GenomeWideSNP_6_H04_1320312	5	1160428	1339516	127	0.4524
MOHEL_p_TCGA_271_274_275_N_GenomeWideSNP_6_H04_1320312	5	1340391	11214625	8547	0.122
MOHEL_p_TCGA_271_274_275_N_GenomeWideSNP_6_H04_1320312	5	11215636	11215771	3	-2.3863
MOHEL_p_TCGA_271_274_275_N_GenomeWideSNP_6_H04_1320312	5	11220277	12838262	1085	0.1246
MOHEL_p_TCGA_271_274_275_N_GenomeWideSNP_6_H04_1320312	5	12843869	12879650	15	0.6944
MOHEL_p_TCGA_271_274_275_N_GenomeWideSNP_6_H04_1320312	5	12886857	20472958	4933	0.1238
MOHEL_p_TCGA_271_274_275_N_GenomeWideSNP_6_H04_1320312	5	20473002	20480059	19	-0.8659
MOHEL_p_TCGA_271_274_275_N_GenomeWideSNP_6_H04_1320312	5	20484248	21487034	593	0.1032
MOHEL_p_TCGA_271_274_275_N_GenomeWideSNP_6_H04_1320312	5	21487721	21488195	3	1.4203
MOHEL_p_TCGA_271_274_275_N_GenomeWideSNP_6_H04_1320312	5	21488253	21554497	9	0.2295
MOHEL_p_TCGA_271_274_275_N_GenomeWideSNP_6_H04_1320312	5	21554943	21600815	26	-0.2582
MOHEL_p_TCGA_271_274_275_N_GenomeWideSNP_6_H04_1320312	5	21601061	34635804	8154	0.129
MOHEL_p_TCGA_271_274_275_N_GenomeWideSNP_6_H04_1320312	5	34635829	34635839	2	-1.2861
MOHEL_p_TCGA_271_274_275_N_GenomeWideSNP_6_H04_1320312	5	34636020	46227641	6824	0.1298
MOHEL_p_TCGA_271_274_275_N_GenomeWideSNP_6_H04_1320312	5	46231640	46235192	4	-0.8949
MOHEL_p_TCGA_271_274_275_N_GenomeWideSNP_6_H04_1320312	5	46245056	46287063	13	0.159
MOHEL_p_TCGA_271_274_275_N_GenomeWideSNP_6_H04_1320312	5	46306765	46309259	8	1.0259
MOHEL_p_TCGA_271_274_275_N_GenomeWideSNP_6_H04_1320312	5	46313969	57365513	5090	0.1229
MOHEL_p_TCGA_271_274_275_N_GenomeWideSNP_6_H04_1320312	5	57365604	57365678	3	-1.29
MOHEL_p_TCGA_271_274_275_N_GenomeWideSNP_6_H04_1320312	5	57365890	57990549	457	0.1265
MOHEL_p_TCGA_271_274_275_N_GenomeWideSNP_6_H04_1320312	5	57990671	57992583	8	-0.478
MOHEL_p_TCGA_271_274_275_N_GenomeWideSNP_6_H04_1320312	5	57992600	57994889	23	-2.905
MOHEL_p_TCGA_271_274_275_N_GenomeWideSNP_6_H04_1320312	5	57995449	65347937	4492	0.1256
MOHEL_p_TCGA_271_274_275_N_GenomeWideSNP_6_H04_1320312	5	65348011	65353669	5	-0.8206
MOHEL_p_TCGA_271_274_275_N_GenomeWideSNP_6_H04_1320312	5	65354596	68882059	2338	0.1215
MOHEL_p_TCGA_271_274_275_N_GenomeWideSNP_6_H04_1320312	5	68903050	70427009	25	0.5724
MOHEL_p_TCGA_271_274_275_N_GenomeWideSNP_6_H04_1320312	5	70689828	75485776	3131	0.1233
MOHEL_p_TCGA_271_274_275_N_GenomeWideSNP_6_H04_1320312	5	75485823	75485900	3	1.4371
MOHEL_p_TCGA_271_274_275_N_GenomeWideSNP_6_H04_1320312	5	75485932	98906572	13505	0.1307
MOHEL_p_TCGA_271_274_275_N_GenomeWideSNP_6_H04_1320312	5	98906666	98906703	2	1.574
MOHEL_p_TCGA_271_274_275_N_GenomeWideSNP_6_H04_1320312	5	98909891	104615052	3453	0.1398
MOHEL_p_TCGA_271_274_275_N_GenomeWideSNP_6_H04_1320312	5	104616331	104616352	2	1.8701
MOHEL_p_TCGA_271_274_275_N_GenomeWideSNP_6_H04_1320312	5	104617180	126485514	14792	0.1318
MOHEL_p_TCGA_271_274_275_N_GenomeWideSNP_6_H04_1320312	5	126486025	126486216	2	-1.2462
MOHEL_p_TCGA_271_274_275_N_GenomeWideSNP_6_H04_1320312	5	126491538	151496021	15455	0.1229
MOHEL_p_TCGA_271_274_275_N_GenomeWideSNP_6_H04_1320312	5	151496064	151498544	8	-0.757
MOHEL_p_TCGA_271_274_275_N_GenomeWideSNP_6_H04_1320312	5	151500464	155409498	2665	0.127
MOHEL_p_TCGA_271_274_275_N_GenomeWideSNP_6_H04_1320312	5	155409576	155415307	12	-3.1687
MOHEL_p_TCGA_271_274_275_N_GenomeWideSNP_6_H04_1320312	5	155427828	180722926	16831	0.1212
MOHEL_p_TCGA_271_274_275_N_GenomeWideSNP_6_H04_1320312	6	94661	199283	101	-0.3952
MOHEL_p_TCGA_271_274_275_N_GenomeWideSNP_6_H04_1320312	6	202353	330687	108	-0.057
MOHEL_p_TCGA_271_274_275_N_GenomeWideSNP_6_H04_1320312	6	330784	29952351	21537	-0.3964
MOHEL_p_TCGA_271_274_275_N_GenomeWideSNP_6_H04_1320312	6	29956867	29958359	9	0.5161
MOHEL_p_TCGA_271_274_275_N_GenomeWideSNP_6_H04_1320312	6	29979615	31394255	668	-0.3985
MOHEL_p_TCGA_271_274_275_N_GenomeWideSNP_6_H04_1320312	6	31394284	31394510	2	-3.1687
MOHEL_p_TCGA_271_274_275_N_GenomeWideSNP_6_H04_1320312	6	31395090	32556107	513	-0.3177
MOHEL_p_TCGA_271_274_275_N_GenomeWideSNP_6_H04_1320312	6	32557028	32557501	2	-2.8749
MOHEL_p_TCGA_271_274_275_N_GenomeWideSNP_6_H04_1320312	6	32560779	38997035	3917	-0.3995
MOHEL_p_TCGA_271_274_275_N_GenomeWideSNP_6_H04_1320312	6	38998388	38999046	2	-2.5248
MOHEL_p_TCGA_271_274_275_N_GenomeWideSNP_6_H04_1320312	6	38999978	75168869	20742	-0.398
MOHEL_p_TCGA_271_274_275_N_GenomeWideSNP_6_H04_1320312	6	75169435	75169621	2	-2.4366
MOHEL_p_TCGA_271_274_275_N_GenomeWideSNP_6_H04_1320312	6	75170327	79036175	2449	-0.3886
MOHEL_p_TCGA_271_274_275_N_GenomeWideSNP_6_H04_1320312	6	79036196	79095953	90	-0.6804
MOHEL_p_TCGA_271_274_275_N_GenomeWideSNP_6_H04_1320312	6	79098352	95147382	10307	-0.3907
MOHEL_p_TCGA_271_274_275_N_GenomeWideSNP_6_H04_1320312	6	95147495	95147588	3	-1.9015
MOHEL_p_TCGA_271_274_275_N_GenomeWideSNP_6_H04_1320312	6	95147905	103844669	5176	-0.3893
MOHEL_p_TCGA_271_274_275_N_GenomeWideSNP_6_H04_1320312	6	103844732	103872363	47	0.3953
MOHEL_p_TCGA_271_274_275_N_GenomeWideSNP_6_H04_1320312	6	103872404	167517235	42077	-0.391
MOHEL_p_TCGA_271_274_275_N_GenomeWideSNP_6_H04_1320312	6	167518262	167518434	2	-2.3514
MOHEL_p_TCGA_271_274_275_N_GenomeWideSNP_6_H04_1320312	6	167518799	170892930	2126	-0.3879
MOHEL_p_TCGA_271_274_275_N_GenomeWideSNP_6_H04_1320312	7	52911	6803593	3443	0.1187
MOHEL_p_TCGA_271_274_275_N_GenomeWideSNP_6_H04_1320312	7	6805249	6829218	4	-1.4181
MOHEL_p_TCGA_271_274_275_N_GenomeWideSNP_6_H04_1320312	7	6830608	22401305	12651	0.1285
MOHEL_p_TCGA_271_274_275_N_GenomeWideSNP_6_H04_1320312	7	22401997	22403012	2	-3.5151
MOHEL_p_TCGA_271_274_275_N_GenomeWideSNP_6_H04_1320312	7	22405279	54353999	22475	0.1213
MOHEL_p_TCGA_271_274_275_N_GenomeWideSNP_6_H04_1320312	7	54354003	54354011	5	-2.4956
MOHEL_p_TCGA_271_274_275_N_GenomeWideSNP_6_H04_1320312	7	54360982	91195790	18402	0.1216
MOHEL_p_TCGA_271_274_275_N_GenomeWideSNP_6_H04_1320312	7	91195805	91196969	8	1.0636
MOHEL_p_TCGA_271_274_275_N_GenomeWideSNP_6_H04_1320312	7	91197272	93520343	1454	0.1264
MOHEL_p_TCGA_271_274_275_N_GenomeWideSNP_6_H04_1320312	7	93521552	93522080	4	-0.6587
MOHEL_p_TCGA_271_274_275_N_GenomeWideSNP_6_H04_1320312	7	93523327	93870689	212	0.1201
MOHEL_p_TCGA_271_274_275_N_GenomeWideSNP_6_H04_1320312	7	93870967	93871273	4	-0.8612
MOHEL_p_TCGA_271_274_275_N_GenomeWideSNP_6_H04_1320312	7	93876870	97233445	2083	0.1315
MOHEL_p_TCGA_271_274_275_N_GenomeWideSNP_6_H04_1320312	7	97239868	97240411	8	-0.925
MOHEL_p_TCGA_271_274_275_N_GenomeWideSNP_6_H04_1320312	7	97242176	102136421	2076	0.1
MOHEL_p_TCGA_271_274_275_N_GenomeWideSNP_6_H04_1320312	7	102139083	102181307	21	-0.3222
MOHEL_p_TCGA_271_274_275_N_GenomeWideSNP_6_H04_1320312	7	102182164	109228157	4558	0.1257
MOHEL_p_TCGA_271_274_275_N_GenomeWideSNP_6_H04_1320312	7	109228158	109246132	21	-0.3463
MOHEL_p_TCGA_271_274_275_N_GenomeWideSNP_6_H04_1320312	7	109246174	123963081	8860	0.1273
MOHEL_p_TCGA_271_274_275_N_GenomeWideSNP_6_H04_1320312	7	123963335	123963529	2	1.8579
MOHEL_p_TCGA_271_274_275_N_GenomeWideSNP_6_H04_1320312	7	123963613	125832792	1170	0.1255
MOHEL_p_TCGA_271_274_275_N_GenomeWideSNP_6_H04_1320312	7	125832887	125833836	9	-1.5428
MOHEL_p_TCGA_271_274_275_N_GenomeWideSNP_6_H04_1320312	7	125833851	143504885	11304	0.1295
MOHEL_p_TCGA_271_274_275_N_GenomeWideSNP_6_H04_1320312	7	143527185	143697880	44	-0.6087
MOHEL_p_TCGA_271_274_275_N_GenomeWideSNP_6_H04_1320312	7	143705862	153549811	6109	0.1224
MOHEL_p_TCGA_271_274_275_N_GenomeWideSNP_6_H04_1320312	7	153551054	153551234	3	-1.0487
MOHEL_p_TCGA_271_274_275_N_GenomeWideSNP_6_H04_1320312	7	153553787	158819765	3581	0.1144
MOHEL_p_TCGA_271_274_275_N_GenomeWideSNP_6_H04_1320312	8	21254	585790	334	-0.4274
MOHEL_p_TCGA_271_274_275_N_GenomeWideSNP_6_H04_1320312	8	585875	585908	3	2.1519
MOHEL_p_TCGA_271_274_275_N_GenomeWideSNP_6_H04_1320312	8	591043	2689206	1778	-0.4068
MOHEL_p_TCGA_271_274_275_N_GenomeWideSNP_6_H04_1320312	8	2689341	2691306	8	-1.6352
MOHEL_p_TCGA_271_274_275_N_GenomeWideSNP_6_H04_1320312	8	2694578	7157899	5693	-0.4024
MOHEL_p_TCGA_271_274_275_N_GenomeWideSNP_6_H04_1320312	8	7158228	8055341	238	0.2206
MOHEL_p_TCGA_271_274_275_N_GenomeWideSNP_6_H04_1320312	8	8055342	12029695	3225	-0.4051
MOHEL_p_TCGA_271_274_275_N_GenomeWideSNP_6_H04_1320312	8	12034504	12072406	5	0.7506
MOHEL_p_TCGA_271_274_275_N_GenomeWideSNP_6_H04_1320312	8	12207108	12278669	16	-0.434
MOHEL_p_TCGA_271_274_275_N_GenomeWideSNP_6_H04_1320312	8	12278771	12464553	88	0.1795
MOHEL_p_TCGA_271_274_275_N_GenomeWideSNP_6_H04_1320312	8	12464671	23463685	9284	-0.4016
MOHEL_p_TCGA_271_274_275_N_GenomeWideSNP_6_H04_1320312	8	23463718	23463756	3	-3.5317
MOHEL_p_TCGA_271_274_275_N_GenomeWideSNP_6_H04_1320312	8	23463816	25028104	1139	-0.3855
MOHEL_p_TCGA_271_274_275_N_GenomeWideSNP_6_H04_1320312	8	25030360	25040167	26	0.1146
MOHEL_p_TCGA_271_274_275_N_GenomeWideSNP_6_H04_1320312	8	25040250	29500681	3231	-0.4041
MOHEL_p_TCGA_271_274_275_N_GenomeWideSNP_6_H04_1320312	8	29503055	29503203	2	-2.1911
MOHEL_p_TCGA_271_274_275_N_GenomeWideSNP_6_H04_1320312	8	29503852	32551911	2008	-0.3867
MOHEL_p_TCGA_271_274_275_N_GenomeWideSNP_6_H04_1320312	8	32556417	32561898	7	-1.2645
MOHEL_p_TCGA_271_274_275_N_GenomeWideSNP_6_H04_1320312	8	32563808	38502094	3386	-0.3926
MOHEL_p_TCGA_271_274_275_N_GenomeWideSNP_6_H04_1320312	8	38504546	38506548	3	-1.7491
MOHEL_p_TCGA_271_274_275_N_GenomeWideSNP_6_H04_1320312	8	38507169	39370644	406	-0.433
MOHEL_p_TCGA_271_274_275_N_GenomeWideSNP_6_H04_1320312	8	39375218	39503857	50	-0.0692
MOHEL_p_TCGA_271_274_275_N_GenomeWideSNP_6_H04_1320312	8	39504126	40891153	1078	-0.387
MOHEL_p_TCGA_271_274_275_N_GenomeWideSNP_6_H04_1320312	8	40897009	40897628	2	-2.4427
MOHEL_p_TCGA_271_274_275_N_GenomeWideSNP_6_H04_1320312	8	40902837	55371785	6193	-0.3896
MOHEL_p_TCGA_271_274_275_N_GenomeWideSNP_6_H04_1320312	8	55373358	55373373	2	-2.343
MOHEL_p_TCGA_271_274_275_N_GenomeWideSNP_6_H04_1320312	8	55373441	58505888	2085	-0.4002
MOHEL_p_TCGA_271_274_275_N_GenomeWideSNP_6_H04_1320312	8	58506586	58506995	2	1.4693
MOHEL_p_TCGA_271_274_275_N_GenomeWideSNP_6_H04_1320312	8	58509144	58537125	45	-0.4016
MOHEL_p_TCGA_271_274_275_N_GenomeWideSNP_6_H04_1320312	8	58537374	58537983	3	0.8779
MOHEL_p_TCGA_271_274_275_N_GenomeWideSNP_6_H04_1320312	8	58538001	63196814	3143	-0.395
MOHEL_p_TCGA_271_274_275_N_GenomeWideSNP_6_H04_1320312	8	63197819	63202305	3	0.7843
MOHEL_p_TCGA_271_274_275_N_GenomeWideSNP_6_H04_1320312	8	63202964	65011451	1104	-0.4054
MOHEL_p_TCGA_271_274_275_N_GenomeWideSNP_6_H04_1320312	8	65011466	65012064	6	0.5595
MOHEL_p_TCGA_271_274_275_N_GenomeWideSNP_6_H04_1320312	8	65012277	72373302	4241	-0.3961
MOHEL_p_TCGA_271_274_275_N_GenomeWideSNP_6_H04_1320312	8	72374735	72374919	2	-2.4118
MOHEL_p_TCGA_271_274_275_N_GenomeWideSNP_6_H04_1320312	8	72377865	102690629	18267	-0.3944
MOHEL_p_TCGA_271_274_275_N_GenomeWideSNP_6_H04_1320312	8	102690805	102694798	4	-1.9705
MOHEL_p_TCGA_271_274_275_N_GenomeWideSNP_6_H04_1320312	8	102694846	107317406	2800	-0.3912
MOHEL_p_TCGA_271_274_275_N_GenomeWideSNP_6_H04_1320312	8	107317922	107318609	2	1.3994
MOHEL_p_TCGA_271_274_275_N_GenomeWideSNP_6_H04_1320312	8	107318735	121190420	8696	-0.3894
MOHEL_p_TCGA_271_274_275_N_GenomeWideSNP_6_H04_1320312	8	121193934	146268959	17309	0.1234
MOHEL_p_TCGA_271_274_275_N_GenomeWideSNP_6_H04_1320312	9	36587	6685986	6381	-0.3141
MOHEL_p_TCGA_271_274_275_N_GenomeWideSNP_6_H04_1320312	9	6691145	6705049	9	-1.3362
MOHEL_p_TCGA_271_274_275_N_GenomeWideSNP_6_H04_1320312	9	6706958	12544856	5319	-0.3293
MOHEL_p_TCGA_271_274_275_N_GenomeWideSNP_6_H04_1320312	9	12546594	12552294	3	1.538
MOHEL_p_TCGA_271_274_275_N_GenomeWideSNP_6_H04_1320312	9	12555520	16800614	3515	-0.3276
MOHEL_p_TCGA_271_274_275_N_GenomeWideSNP_6_H04_1320312	9	16804388	16806774	3	-1.9041
MOHEL_p_TCGA_271_274_275_N_GenomeWideSNP_6_H04_1320312	9	16810939	19145204	2131	-0.3204
MOHEL_p_TCGA_271_274_275_N_GenomeWideSNP_6_H04_1320312	9	19146258	19351448	118	0.1397
MOHEL_p_TCGA_271_274_275_N_GenomeWideSNP_6_H04_1320312	9	19355066	28293495	6743	-0.3243
MOHEL_p_TCGA_271_274_275_N_GenomeWideSNP_6_H04_1320312	9	28293612	28301629	4	1.1176
MOHEL_p_TCGA_271_274_275_N_GenomeWideSNP_6_H04_1320312	9	28302061	71222317	8499	-0.316
MOHEL_p_TCGA_271_274_275_N_GenomeWideSNP_6_H04_1320312	9	71225019	71238848	17	0.4217
MOHEL_p_TCGA_271_274_275_N_GenomeWideSNP_6_H04_1320312	9	71239424	95509918	17246	-0.3336
MOHEL_p_TCGA_271_274_275_N_GenomeWideSNP_6_H04_1320312	9	95510532	95510778	2	-2.622
MOHEL_p_TCGA_271_274_275_N_GenomeWideSNP_6_H04_1320312	9	95512767	140211215	29847	-0.3425
MOHEL_p_TCGA_271_274_275_N_GenomeWideSNP_6_H04_1320312	10	62809	17967560	14885	0.1227
MOHEL_p_TCGA_271_274_275_N_GenomeWideSNP_6_H04_1320312	10	17978214	17989863	2	-2.7324
MOHEL_p_TCGA_271_274_275_N_GenomeWideSNP_6_H04_1320312	10	18011822	18213969	13	0.1
MOHEL_p_TCGA_271_274_275_N_GenomeWideSNP_6_H04_1320312	10	18225129	18239819	3	1.3824
MOHEL_p_TCGA_271_274_275_N_GenomeWideSNP_6_H04_1320312	10	18263653	27263909	6350	0.1243
MOHEL_p_TCGA_271_274_275_N_GenomeWideSNP_6_H04_1320312	10	27265910	27268479	13	0.7054
MOHEL_p_TCGA_271_274_275_N_GenomeWideSNP_6_H04_1320312	10	27269999	31286516	3038	0.1121
MOHEL_p_TCGA_271_274_275_N_GenomeWideSNP_6_H04_1320312	10	31291340	31291720	8	-0.814
MOHEL_p_TCGA_271_274_275_N_GenomeWideSNP_6_H04_1320312	10	31291732	37853596	4295	0.1203
MOHEL_p_TCGA_271_274_275_N_GenomeWideSNP_6_H04_1320312	10	37861771	37861995	4	-0.8068
MOHEL_p_TCGA_271_274_275_N_GenomeWideSNP_6_H04_1320312	10	37865495	41797865	587	0.1145
MOHEL_p_TCGA_271_274_275_N_GenomeWideSNP_6_H04_1320312	10	41798458	41822352	5	0.9907
MOHEL_p_TCGA_271_274_275_N_GenomeWideSNP_6_H04_1320312	10	41822490	46094186	2387	0.096
MOHEL_p_TCGA_271_274_275_N_GenomeWideSNP_6_H04_1320312	10	46111165	47468066	373	0.5507
MOHEL_p_TCGA_271_274_275_N_GenomeWideSNP_6_H04_1320312	10	47480482	48391956	291	0.1199
MOHEL_p_TCGA_271_274_275_N_GenomeWideSNP_6_H04_1320312	10	48457816	49003796	30	0.5557
MOHEL_p_TCGA_271_274_275_N_GenomeWideSNP_6_H04_1320312	10	49033015	54597533	3781	0.1288
MOHEL_p_TCGA_271_274_275_N_GenomeWideSNP_6_H04_1320312	10	54599860	54609159	10	-0.8259
MOHEL_p_TCGA_271_274_275_N_GenomeWideSNP_6_H04_1320312	10	54611407	135356694	55019	0.1141
MOHEL_p_TCGA_271_274_275_N_GenomeWideSNP_6_H04_1320312	11	188510	5829007	3408	0.1081
MOHEL_p_TCGA_271_274_275_N_GenomeWideSNP_6_H04_1320312	11	5832443	5838612	4	-0.9629
MOHEL_p_TCGA_271_274_275_N_GenomeWideSNP_6_H04_1320312	11	5839893	21149404	11450	0.1111
MOHEL_p_TCGA_271_274_275_N_GenomeWideSNP_6_H04_1320312	11	21149961	21152967	8	0.7797
MOHEL_p_TCGA_271_274_275_N_GenomeWideSNP_6_H04_1320312	11	21153085	21671038	443	0.1063
MOHEL_p_TCGA_271_274_275_N_GenomeWideSNP_6_H04_1320312	11	21671128	21680059	5	-0.8046
MOHEL_p_TCGA_271_274_275_N_GenomeWideSNP_6_H04_1320312	11	21690671	23451408	1265	0.1257
MOHEL_p_TCGA_271_274_275_N_GenomeWideSNP_6_H04_1320312	11	23451453	23451963	2	-3.2386
MOHEL_p_TCGA_271_274_275_N_GenomeWideSNP_6_H04_1320312	11	23452610	25658780	1565	0.1404
MOHEL_p_TCGA_271_274_275_N_GenomeWideSNP_6_H04_1320312	11	25658813	25675500	26	-0.5772
MOHEL_p_TCGA_271_274_275_N_GenomeWideSNP_6_H04_1320312	11	25675557	55119916	16478	0.1224
MOHEL_p_TCGA_271_274_275_N_GenomeWideSNP_6_H04_1320312	11	55130608	55209553	58	0.4975
MOHEL_p_TCGA_271_274_275_N_GenomeWideSNP_6_H04_1320312	11	55209585	91470137	21381	0.1111
MOHEL_p_TCGA_271_274_275_N_GenomeWideSNP_6_H04_1320312	11	91470306	91470691	2	2.0309
MOHEL_p_TCGA_271_274_275_N_GenomeWideSNP_6_H04_1320312	11	91472352	104283899	9477	0.1239
MOHEL_p_TCGA_271_274_275_N_GenomeWideSNP_6_H04_1320312	11	104283949	104286244	4	1.2514
MOHEL_p_TCGA_271_274_275_N_GenomeWideSNP_6_H04_1320312	11	104287415	134449982	21565	0.1144
MOHEL_p_TCGA_271_274_275_N_GenomeWideSNP_6_H04_1320312	12	20703	11402845	7415	0.1151
MOHEL_p_TCGA_271_274_275_N_GenomeWideSNP_6_H04_1320312	12	11403759	11434673	29	-0.6676
MOHEL_p_TCGA_271_274_275_N_GenomeWideSNP_6_H04_1320312	12	11443459	22135866	7294	0.1214
MOHEL_p_TCGA_271_274_275_N_GenomeWideSNP_6_H04_1320312	12	22139390	22140256	9	-0.6903
MOHEL_p_TCGA_271_274_275_N_GenomeWideSNP_6_H04_1320312	12	22140373	24921458	1927	0.1297
MOHEL_p_TCGA_271_274_275_N_GenomeWideSNP_6_H04_1320312	12	24922076	24957874	26	0.4748
MOHEL_p_TCGA_271_274_275_N_GenomeWideSNP_6_H04_1320312	12	24958054	29225316	3227	0.1168
MOHEL_p_TCGA_271_274_275_N_GenomeWideSNP_6_H04_1320312	12	29225395	29225405	2	-2.0146
MOHEL_p_TCGA_271_274_275_N_GenomeWideSNP_6_H04_1320312	12	29225419	33278024	3017	0.1243
MOHEL_p_TCGA_271_274_275_N_GenomeWideSNP_6_H04_1320312	12	33280096	33286685	5	-1.4438
MOHEL_p_TCGA_271_274_275_N_GenomeWideSNP_6_H04_1320312	12	33290320	44186092	5571	0.1259
MOHEL_p_TCGA_271_274_275_N_GenomeWideSNP_6_H04_1320312	12	44190705	44195804	4	-1.4618
MOHEL_p_TCGA_271_274_275_N_GenomeWideSNP_6_H04_1320312	12	44199559	71528383	16730	0.117
MOHEL_p_TCGA_271_274_275_N_GenomeWideSNP_6_H04_1320312	12	71531671	71531672	2	1.4841
MOHEL_p_TCGA_271_274_275_N_GenomeWideSNP_6_H04_1320312	12	71539459	72635961	644	0.1118
MOHEL_p_TCGA_271_274_275_N_GenomeWideSNP_6_H04_1320312	12	72638988	72639077	2	1.6343
MOHEL_p_TCGA_271_274_275_N_GenomeWideSNP_6_H04_1320312	12	72639312	97474621	15873	0.1262
MOHEL_p_TCGA_271_274_275_N_GenomeWideSNP_6_H04_1320312	12	97480376	97482119	2	-1.2871
MOHEL_p_TCGA_271_274_275_N_GenomeWideSNP_6_H04_1320312	12	97486213	98319779	507	0.1094
MOHEL_p_TCGA_271_274_275_N_GenomeWideSNP_6_H04_1320312	12	98319868	98319982	3	-0.9336
MOHEL_p_TCGA_271_274_275_N_GenomeWideSNP_6_H04_1320312	12	98320317	98322049	16	-0.0939
MOHEL_p_TCGA_271_274_275_N_GenomeWideSNP_6_H04_1320312	12	98322188	98322865	9	-0.7353
MOHEL_p_TCGA_271_274_275_N_GenomeWideSNP_6_H04_1320312	12	98327224	129713910	21395	0.1134
MOHEL_p_TCGA_271_274_275_N_GenomeWideSNP_6_H04_1320312	12	129714159	129716112	16	-0.8088
MOHEL_p_TCGA_271_274_275_N_GenomeWideSNP_6_H04_1320312	12	129716322	132288262	1358	0.1125
MOHEL_p_TCGA_271_274_275_N_GenomeWideSNP_6_H04_1320312	13	17924949	31430071	9646	0.1214
MOHEL_p_TCGA_271_274_275_N_GenomeWideSNP_6_H04_1320312	13	31430121	31436423	19	-0.5237
MOHEL_p_TCGA_271_274_275_N_GenomeWideSNP_6_H04_1320312	13	31438047	36976439	3915	0.1216
MOHEL_p_TCGA_271_274_275_N_GenomeWideSNP_6_H04_1320312	13	36982105	36986330	6	1.0912
MOHEL_p_TCGA_271_274_275_N_GenomeWideSNP_6_H04_1320312	13	36986374	50443055	9121	0.1214
MOHEL_p_TCGA_271_274_275_N_GenomeWideSNP_6_H04_1320312	13	50444912	50447199	2	1.775
MOHEL_p_TCGA_271_274_275_N_GenomeWideSNP_6_H04_1320312	13	50447558	52832964	1289	0.1315
MOHEL_p_TCGA_271_274_275_N_GenomeWideSNP_6_H04_1320312	13	52834099	52847490	14	0.6393
MOHEL_p_TCGA_271_274_275_N_GenomeWideSNP_6_H04_1320312	13	52848188	54369057	976	0.1265
MOHEL_p_TCGA_271_274_275_N_GenomeWideSNP_6_H04_1320312	13	54371695	54371733	2	1.6399
MOHEL_p_TCGA_271_274_275_N_GenomeWideSNP_6_H04_1320312	13	54371803	56649097	1135	0.1145
MOHEL_p_TCGA_271_274_275_N_GenomeWideSNP_6_H04_1320312	13	56656271	56676381	34	-2.2131
MOHEL_p_TCGA_271_274_275_N_GenomeWideSNP_6_H04_1320312	13	56687715	114126499	38150	0.1231
MOHEL_p_TCGA_271_274_275_N_GenomeWideSNP_6_H04_1320312	14	18072124	18492533	29	-0.0606
MOHEL_p_TCGA_271_274_275_N_GenomeWideSNP_6_H04_1320312	14	18502799	18539520	9	-1.59
MOHEL_p_TCGA_271_274_275_N_GenomeWideSNP_6_H04_1320312	14	18611714	19369534	85	-0.3331
MOHEL_p_TCGA_271_274_275_N_GenomeWideSNP_6_H04_1320312	14	19380763	19490079	63	-0.7277
MOHEL_p_TCGA_271_274_275_N_GenomeWideSNP_6_H04_1320312	14	19492423	44895806	16068	-0.329
MOHEL_p_TCGA_271_274_275_N_GenomeWideSNP_6_H04_1320312	14	44895847	45085468	93	-2.0478
MOHEL_p_TCGA_271_274_275_N_GenomeWideSNP_6_H04_1320312	14	45093697	61725255	10756	-0.3387
MOHEL_p_TCGA_271_274_275_N_GenomeWideSNP_6_H04_1320312	14	61728973	61730485	4	-1.5658
MOHEL_p_TCGA_271_274_275_N_GenomeWideSNP_6_H04_1320312	14	61734091	73070876	7203	-0.3271
MOHEL_p_TCGA_271_274_275_N_GenomeWideSNP_6_H04_1320312	14	73076460	73090732	8	-1.5724
MOHEL_p_TCGA_271_274_275_N_GenomeWideSNP_6_H04_1320312	14	73099653	75158611	1210	-0.3385
MOHEL_p_TCGA_271_274_275_N_GenomeWideSNP_6_H04_1320312	14	75161270	75161934	2	-2.1908
MOHEL_p_TCGA_271_274_275_N_GenomeWideSNP_6_H04_1320312	14	75163674	78607254	2447	-0.3474
MOHEL_p_TCGA_271_274_275_N_GenomeWideSNP_6_H04_1320312	14	78612387	78614233	3	-1.7017
MOHEL_p_TCGA_271_274_275_N_GenomeWideSNP_6_H04_1320312	14	78614898	81557216	1914	-0.3269
MOHEL_p_TCGA_271_274_275_N_GenomeWideSNP_6_H04_1320312	14	81560212	81563045	3	0.8904
MOHEL_p_TCGA_271_274_275_N_GenomeWideSNP_6_H04_1320312	14	81566950	84635179	2030	-0.3387
MOHEL_p_TCGA_271_274_275_N_GenomeWideSNP_6_H04_1320312	14	84635226	84635553	3	0.8047
MOHEL_p_TCGA_271_274_275_N_GenomeWideSNP_6_H04_1320312	14	84635717	87631051	2048	-0.3433
MOHEL_p_TCGA_271_274_275_N_GenomeWideSNP_6_H04_1320312	14	87637670	87637904	2	-2.5893
MOHEL_p_TCGA_271_274_275_N_GenomeWideSNP_6_H04_1320312	14	87640992	96427169	5949	-0.354
MOHEL_p_TCGA_271_274_275_N_GenomeWideSNP_6_H04_1320312	14	96427455	96428255	3	-2.0551
MOHEL_p_TCGA_271_274_275_N_GenomeWideSNP_6_H04_1320312	14	96429451	106356482	5620	-0.3405
MOHEL_p_TCGA_271_274_275_N_GenomeWideSNP_6_H04_1320312	15	18276341	19788634	311	0.0941
MOHEL_p_TCGA_271_274_275_N_GenomeWideSNP_6_H04_1320312	15	19792388	20088838	111	0.5543
MOHEL_p_TCGA_271_274_275_N_GenomeWideSNP_6_H04_1320312	15	20224763	100286563	51650	0.1156
MOHEL_p_TCGA_271_274_275_N_GenomeWideSNP_6_H04_1320312	16	777	22328822	14843	0.1178
MOHEL_p_TCGA_271_274_275_N_GenomeWideSNP_6_H04_1320312	16	22331172	22618243	80	-0.1851
MOHEL_p_TCGA_271_274_275_N_GenomeWideSNP_6_H04_1320312	16	22620480	88815036	37586	0.1126
MOHEL_p_TCGA_271_274_275_N_GenomeWideSNP_6_H04_1320312	17	526	4486107	2443	0.1078
MOHEL_p_TCGA_271_274_275_N_GenomeWideSNP_6_H04_1320312	17	4487026	4491080	4	-0.9477
MOHEL_p_TCGA_271_274_275_N_GenomeWideSNP_6_H04_1320312	17	4491215	15452858	7584	0.1087
MOHEL_p_TCGA_271_274_275_N_GenomeWideSNP_6_H04_1320312	17	15453791	15487515	5	-1.7133
MOHEL_p_TCGA_271_274_275_N_GenomeWideSNP_6_H04_1320312	17	15495003	78643088	35260	0.1071
MOHEL_p_TCGA_271_274_275_N_GenomeWideSNP_6_H04_1320312	18	1543	24441996	15114	0.1226
MOHEL_p_TCGA_271_274_275_N_GenomeWideSNP_6_H04_1320312	18	24442054	24449765	9	-0.7887
MOHEL_p_TCGA_271_274_275_N_GenomeWideSNP_6_H04_1320312	18	24449993	39127759	9488	0.1332
MOHEL_p_TCGA_271_274_275_N_GenomeWideSNP_6_H04_1320312	18	39135064	39157329	16	-0.5961
MOHEL_p_TCGA_271_274_275_N_GenomeWideSNP_6_H04_1320312	18	39163240	61355303	15386	0.1209
MOHEL_p_TCGA_271_274_275_N_GenomeWideSNP_6_H04_1320312	18	61355399	61358391	13	-0.6766
MOHEL_p_TCGA_271_274_275_N_GenomeWideSNP_6_H04_1320312	18	61358412	63449238	1447	0.1222
MOHEL_p_TCGA_271_274_275_N_GenomeWideSNP_6_H04_1320312	18	63455162	63466327	10	-0.9237
MOHEL_p_TCGA_271_274_275_N_GenomeWideSNP_6_H04_1320312	18	63469463	76116029	9345	0.1271
MOHEL_p_TCGA_271_274_275_N_GenomeWideSNP_6_H04_1320312	19	41910	48116511	20629	0.0914
MOHEL_p_TCGA_271_274_275_N_GenomeWideSNP_6_H04_1320312	19	48116948	48132284	9	-0.835
MOHEL_p_TCGA_271_274_275_N_GenomeWideSNP_6_H04_1320312	19	48135462	48405217	135	0.1422
MOHEL_p_TCGA_271_274_275_N_GenomeWideSNP_6_H04_1320312	19	48405574	48448077	16	-2.7983
MOHEL_p_TCGA_271_274_275_N_GenomeWideSNP_6_H04_1320312	19	48458499	63789666	8564	0.1012
MOHEL_p_TCGA_271_274_275_N_GenomeWideSNP_6_H04_1320312	20	9305	1500503	1186	0.1342
MOHEL_p_TCGA_271_274_275_N_GenomeWideSNP_6_H04_1320312	20	1505190	1508562	16	-0.5624
MOHEL_p_TCGA_271_274_275_N_GenomeWideSNP_6_H04_1320312	20	1508787	1508922	3	1.0925
MOHEL_p_TCGA_271_274_275_N_GenomeWideSNP_6_H04_1320312	20	1508951	1508999	2	-3.1311
MOHEL_p_TCGA_271_274_275_N_GenomeWideSNP_6_H04_1320312	20	1509580	1520203	25	-0.4861
MOHEL_p_TCGA_271_274_275_N_GenomeWideSNP_6_H04_1320312	20	1520218	5376300	2827	0.1055
MOHEL_p_TCGA_271_274_275_N_GenomeWideSNP_6_H04_1320312	20	5376353	5422117	22	0.5162
MOHEL_p_TCGA_271_274_275_N_GenomeWideSNP_6_H04_1320312	20	5422271	23980601	14649	0.1169
MOHEL_p_TCGA_271_274_275_N_GenomeWideSNP_6_H04_1320312	20	23981255	24006407	19	0.5099
MOHEL_p_TCGA_271_274_275_N_GenomeWideSNP_6_H04_1320312	20	24009186	50081000	14750	0.1002
MOHEL_p_TCGA_271_274_275_N_GenomeWideSNP_6_H04_1320312	20	50086204	50087807	4	-1.3351
MOHEL_p_TCGA_271_274_275_N_GenomeWideSNP_6_H04_1320312	20	50087983	62426597	8994	0.1021
MOHEL_p_TCGA_271_274_275_N_GenomeWideSNP_6_H04_1320312	21	9758742	24048609	7606	-0.3258
MOHEL_p_TCGA_271_274_275_N_GenomeWideSNP_6_H04_1320312	21	24048652	24048660	2	1.9873
MOHEL_p_TCGA_271_274_275_N_GenomeWideSNP_6_H04_1320312	21	24048953	39869127	11764	-0.34
MOHEL_p_TCGA_271_274_275_N_GenomeWideSNP_6_H04_1320312	21	39869185	39869222	2	1.6084
MOHEL_p_TCGA_271_274_275_N_GenomeWideSNP_6_H04_1320312	21	39869345	46921385	5012	-0.3459
MOHEL_p_TCGA_271_274_275_N_GenomeWideSNP_6_H04_1320312	22	14432528	17112919	1215	0.0939
MOHEL_p_TCGA_271_274_275_N_GenomeWideSNP_6_H04_1320312	22	17128440	17128454	2	2.292
MOHEL_p_TCGA_271_274_275_N_GenomeWideSNP_6_H04_1320312	22	17150421	21079833	2420	0.1359
MOHEL_p_TCGA_271_274_275_N_GenomeWideSNP_6_H04_1320312	22	21079990	21080397	4	1.412
MOHEL_p_TCGA_271_274_275_N_GenomeWideSNP_6_H04_1320312	22	21080415	49581321	19924	0.098
MOHEL_p_TCGA_271_274_275_N_GenomeWideSNP_6_H04_1320312	X	108477	79047452	41202	0
MOHEL_p_TCGA_271_274_275_N_GenomeWideSNP_6_H04_1320312	X	79049601	79065733	15	-2.9823
MOHEL_p_TCGA_271_274_275_N_GenomeWideSNP_6_H04_1320312	X	79065773	110702003	16989	-0.0087
MOHEL_p_TCGA_271_274_275_N_GenomeWideSNP_6_H04_1320312	X	110707613	110708380	2	2.9396
MOHEL_p_TCGA_271_274_275_N_GenomeWideSNP_6_H04_1320312	X	110710790	138128447	15745	0.0051
MOHEL_p_TCGA_271_274_275_N_GenomeWideSNP_6_H04_1320312	X	138129124	138129689	4	-3.2135
MOHEL_p_TCGA_271_274_275_N_GenomeWideSNP_6_H04_1320312	X	138129809	154835548	10363	0.0075
MOHEL_p_TCGA_271_274_275_N_GenomeWideSNP_6_H04_1320312	Y	2710438	57427647	8588	-0.8197
