GDC_Aliquot	Chromosome	Start	End	Num_Probes	Segment_Mean
8092c1e2-c838-4ff9-8cb6-e3589f1de5a1	1	62920	2951519	586	-0.073
8092c1e2-c838-4ff9-8cb6-e3589f1de5a1	1	2961213	16643961	8066	0.031
8092c1e2-c838-4ff9-8cb6-e3589f1de5a1	1	16679239	16934716	74	0.4243
8092c1e2-c838-4ff9-8cb6-e3589f1de5a1	1	16934753	20556030	2534	0.0273
8092c1e2-c838-4ff9-8cb6-e3589f1de5a1	1	20556451	20557323	6	-0.7683
8092c1e2-c838-4ff9-8cb6-e3589f1de5a1	1	20558448	21313491	397	0.0585
8092c1e2-c838-4ff9-8cb6-e3589f1de5a1	1	21313631	21313902	2	-1.8511
8092c1e2-c838-4ff9-8cb6-e3589f1de5a1	1	21314008	25266637	2304	0.0235
8092c1e2-c838-4ff9-8cb6-e3589f1de5a1	1	25269390	25278567	11	-0.74
8092c1e2-c838-4ff9-8cb6-e3589f1de5a1	1	25284629	25430443	44	-0.0816
8092c1e2-c838-4ff9-8cb6-e3589f1de5a1	1	25432164	30254028	2344	0.0712
8092c1e2-c838-4ff9-8cb6-e3589f1de5a1	1	30258675	30264526	6	-1.128
8092c1e2-c838-4ff9-8cb6-e3589f1de5a1	1	30265508	63161359	20067	0.0705
8092c1e2-c838-4ff9-8cb6-e3589f1de5a1	1	63161439	63162977	3	-2.0456
8092c1e2-c838-4ff9-8cb6-e3589f1de5a1	1	63163233	72284670	6174	0.0791
8092c1e2-c838-4ff9-8cb6-e3589f1de5a1	1	72290430	72297687	9	-1.0279
8092c1e2-c838-4ff9-8cb6-e3589f1de5a1	1	72302735	72344159	44	0.5202
8092c1e2-c838-4ff9-8cb6-e3589f1de5a1	1	72345255	105476614	20889	0.0645
8092c1e2-c838-4ff9-8cb6-e3589f1de5a1	1	105476688	105479722	13	1.0163
8092c1e2-c838-4ff9-8cb6-e3589f1de5a1	1	105479738	109684893	2632	0.081
8092c1e2-c838-4ff9-8cb6-e3589f1de5a1	1	109690352	109697533	12	-1.3736
8092c1e2-c838-4ff9-8cb6-e3589f1de5a1	1	109697556	112147704	1938	0.1025
8092c1e2-c838-4ff9-8cb6-e3589f1de5a1	1	112153343	112154591	22	0.7486
8092c1e2-c838-4ff9-8cb6-e3589f1de5a1	1	112154619	152583051	7581	0.0671
8092c1e2-c838-4ff9-8cb6-e3589f1de5a1	1	152583230	152614118	35	1.0815
8092c1e2-c838-4ff9-8cb6-e3589f1de5a1	1	152618018	194479104	28105	0.0705
8092c1e2-c838-4ff9-8cb6-e3589f1de5a1	1	194482281	194485888	2	-2.3533
8092c1e2-c838-4ff9-8cb6-e3589f1de5a1	1	194487886	196769652	1451	0.0699
8092c1e2-c838-4ff9-8cb6-e3589f1de5a1	1	196769851	196843377	51	0.3789
8092c1e2-c838-4ff9-8cb6-e3589f1de5a1	1	196843400	196846661	2	2.6395
8092c1e2-c838-4ff9-8cb6-e3589f1de5a1	1	196847600	240228440	29812	0.0605
8092c1e2-c838-4ff9-8cb6-e3589f1de5a1	1	240230715	240230839	6	-1.8307
8092c1e2-c838-4ff9-8cb6-e3589f1de5a1	1	240232805	248347107	5580	0.0688
8092c1e2-c838-4ff9-8cb6-e3589f1de5a1	1	248348372	248930189	258	0.4039
8092c1e2-c838-4ff9-8cb6-e3589f1de5a1	2	12784	4158097	2983	0.3235
8092c1e2-c838-4ff9-8cb6-e3589f1de5a1	2	4166274	4176429	42	-0.5905
8092c1e2-c838-4ff9-8cb6-e3589f1de5a1	2	4182472	14337880	7803	0.3645
8092c1e2-c838-4ff9-8cb6-e3589f1de5a1	2	14345032	20994618	4954	0.6198
8092c1e2-c838-4ff9-8cb6-e3589f1de5a1	2	20994772	21081560	60	0.4163
8092c1e2-c838-4ff9-8cb6-e3589f1de5a1	2	21088204	24376374	2040	0.065
8092c1e2-c838-4ff9-8cb6-e3589f1de5a1	2	24376380	24388259	20	-0.8711
8092c1e2-c838-4ff9-8cb6-e3589f1de5a1	2	24388858	34295406	6026	0.0564
8092c1e2-c838-4ff9-8cb6-e3589f1de5a1	2	34298911	34300513	2	-2.4207
8092c1e2-c838-4ff9-8cb6-e3589f1de5a1	2	34300900	45890775	8504	0.0768
8092c1e2-c838-4ff9-8cb6-e3589f1de5a1	2	45893251	45893805	2	-1.5259
8092c1e2-c838-4ff9-8cb6-e3589f1de5a1	2	45893947	52527330	4581	0.0903
8092c1e2-c838-4ff9-8cb6-e3589f1de5a1	2	52527342	52554404	39	-2.6346
8092c1e2-c838-4ff9-8cb6-e3589f1de5a1	2	52560811	97359380	23772	0.0708
8092c1e2-c838-4ff9-8cb6-e3589f1de5a1	2	97359885	97545726	10	-1.0405
8092c1e2-c838-4ff9-8cb6-e3589f1de5a1	2	97550415	100853887	1945	0.0782
8092c1e2-c838-4ff9-8cb6-e3589f1de5a1	2	100854195	106263639	3604	0.0477
8092c1e2-c838-4ff9-8cb6-e3589f1de5a1	2	106264257	106270799	12	0.7374
8092c1e2-c838-4ff9-8cb6-e3589f1de5a1	2	106270952	107875632	992	-0.0141
8092c1e2-c838-4ff9-8cb6-e3589f1de5a1	2	107885445	122626173	8405	0.0505
8092c1e2-c838-4ff9-8cb6-e3589f1de5a1	2	122626238	122722323	74	-0.0483
8092c1e2-c838-4ff9-8cb6-e3589f1de5a1	2	122724137	122724665	7	-1.05
8092c1e2-c838-4ff9-8cb6-e3589f1de5a1	2	122726077	127094445	2852	0.0427
8092c1e2-c838-4ff9-8cb6-e3589f1de5a1	2	127099470	127100187	2	-2.2167
8092c1e2-c838-4ff9-8cb6-e3589f1de5a1	2	127100370	130036283	1914	0.0491
8092c1e2-c838-4ff9-8cb6-e3589f1de5a1	2	130036310	130241291	38	-0.3362
8092c1e2-c838-4ff9-8cb6-e3589f1de5a1	2	130241393	131606002	457	0.0216
8092c1e2-c838-4ff9-8cb6-e3589f1de5a1	2	131608406	146106875	9020	0.0668
8092c1e2-c838-4ff9-8cb6-e3589f1de5a1	2	146106889	146109366	21	0.6775
8092c1e2-c838-4ff9-8cb6-e3589f1de5a1	2	146120238	160696369	8783	0.0739
8092c1e2-c838-4ff9-8cb6-e3589f1de5a1	2	160696730	160696820	2	-1.5515
8092c1e2-c838-4ff9-8cb6-e3589f1de5a1	2	160700545	183220725	13977	0.0763
8092c1e2-c838-4ff9-8cb6-e3589f1de5a1	2	183221060	183224996	9	-0.9136
8092c1e2-c838-4ff9-8cb6-e3589f1de5a1	2	183229270	227375482	26966	0.0795
8092c1e2-c838-4ff9-8cb6-e3589f1de5a1	2	227381813	227389512	5	1.324
8092c1e2-c838-4ff9-8cb6-e3589f1de5a1	2	227389556	230316570	1888	0.0695
8092c1e2-c838-4ff9-8cb6-e3589f1de5a1	2	230316717	230344058	13	-0.5026
8092c1e2-c838-4ff9-8cb6-e3589f1de5a1	2	230344884	236894723	4176	0.0535
8092c1e2-c838-4ff9-8cb6-e3589f1de5a1	2	236894890	236895291	4	-1.3279
8092c1e2-c838-4ff9-8cb6-e3589f1de5a1	2	236895339	242147305	3055	0.0463
8092c1e2-c838-4ff9-8cb6-e3589f1de5a1	3	20930	6604856	5785	0.04
8092c1e2-c838-4ff9-8cb6-e3589f1de5a1	3	6609441	6611645	23	-0.882
8092c1e2-c838-4ff9-8cb6-e3589f1de5a1	3	6613391	36242239	20587	0.0703
8092c1e2-c838-4ff9-8cb6-e3589f1de5a1	3	36242465	36243538	3	-2.1897
8092c1e2-c838-4ff9-8cb6-e3589f1de5a1	3	36243787	36254876	7	0.377
8092c1e2-c838-4ff9-8cb6-e3589f1de5a1	3	36255327	36255333	3	-1.1952
8092c1e2-c838-4ff9-8cb6-e3589f1de5a1	3	36255351	42037370	3773	0.0708
8092c1e2-c838-4ff9-8cb6-e3589f1de5a1	3	42037619	48177020	3459	-0.1717
8092c1e2-c838-4ff9-8cb6-e3589f1de5a1	3	48177394	49736431	557	0.0631
8092c1e2-c838-4ff9-8cb6-e3589f1de5a1	3	49745398	50233781	188	0.4295
8092c1e2-c838-4ff9-8cb6-e3589f1de5a1	3	50243736	68682877	13196	-0.1784
8092c1e2-c838-4ff9-8cb6-e3589f1de5a1	3	68697013	68698262	15	-1.4695
8092c1e2-c838-4ff9-8cb6-e3589f1de5a1	3	68699607	88953630	12267	-0.1764
8092c1e2-c838-4ff9-8cb6-e3589f1de5a1	3	88961602	117252356	14712	0.0778
8092c1e2-c838-4ff9-8cb6-e3589f1de5a1	3	117253473	117253624	2	-2.3954
8092c1e2-c838-4ff9-8cb6-e3589f1de5a1	3	117254432	162812527	27824	0.0775
8092c1e2-c838-4ff9-8cb6-e3589f1de5a1	3	162813082	162822702	8	-1.658
8092c1e2-c838-4ff9-8cb6-e3589f1de5a1	3	162827928	195536070	20649	0.0813
8092c1e2-c838-4ff9-8cb6-e3589f1de5a1	3	195536361	195751823	52	-0.4289
8092c1e2-c838-4ff9-8cb6-e3589f1de5a1	3	195751990	198169247	1163	0.0867
8092c1e2-c838-4ff9-8cb6-e3589f1de5a1	4	68929	345062	135	0.0858
8092c1e2-c838-4ff9-8cb6-e3589f1de5a1	4	355507	357006	4	-1.0869
8092c1e2-c838-4ff9-8cb6-e3589f1de5a1	4	360262	5164024	2283	0.063
8092c1e2-c838-4ff9-8cb6-e3589f1de5a1	4	5164348	5177975	7	-1.1663
8092c1e2-c838-4ff9-8cb6-e3589f1de5a1	4	5179462	10208766	3252	0.0554
8092c1e2-c838-4ff9-8cb6-e3589f1de5a1	4	10212536	10233644	36	-2.2942
8092c1e2-c838-4ff9-8cb6-e3589f1de5a1	4	10234518	32392452	15592	0.0598
8092c1e2-c838-4ff9-8cb6-e3589f1de5a1	4	32398929	32399891	5	-1.0081
8092c1e2-c838-4ff9-8cb6-e3589f1de5a1	4	32403692	34777418	1338	0.0609
8092c1e2-c838-4ff9-8cb6-e3589f1de5a1	4	34777432	34828291	41	0.5311
8092c1e2-c838-4ff9-8cb6-e3589f1de5a1	4	34828306	68378716	19376	0.0675
8092c1e2-c838-4ff9-8cb6-e3589f1de5a1	4	68389352	68395346	5	-1.4016
8092c1e2-c838-4ff9-8cb6-e3589f1de5a1	4	68416487	81426969	7911	0.0682
8092c1e2-c838-4ff9-8cb6-e3589f1de5a1	4	81438516	87849077	4052	0.1081
8092c1e2-c838-4ff9-8cb6-e3589f1de5a1	4	87849142	87849665	6	0.8468
8092c1e2-c838-4ff9-8cb6-e3589f1de5a1	4	87849692	89075074	731	0.1043
8092c1e2-c838-4ff9-8cb6-e3589f1de5a1	4	89076730	91148753	1300	0.0572
8092c1e2-c838-4ff9-8cb6-e3589f1de5a1	4	91152891	91159466	7	-1.2048
8092c1e2-c838-4ff9-8cb6-e3589f1de5a1	4	91160414	114252544	13685	0.0701
8092c1e2-c838-4ff9-8cb6-e3589f1de5a1	4	114254167	114261019	23	1.2036
8092c1e2-c838-4ff9-8cb6-e3589f1de5a1	4	114263073	121360818	4329	0.0777
8092c1e2-c838-4ff9-8cb6-e3589f1de5a1	4	121361313	121361457	4	-1.6358
8092c1e2-c838-4ff9-8cb6-e3589f1de5a1	4	121361549	121370367	26	-0.6848
8092c1e2-c838-4ff9-8cb6-e3589f1de5a1	4	121371000	137163953	8838	0.0639
8092c1e2-c838-4ff9-8cb6-e3589f1de5a1	4	137168393	137173818	19	-0.7823
8092c1e2-c838-4ff9-8cb6-e3589f1de5a1	4	137173967	181486545	27872	0.0678
8092c1e2-c838-4ff9-8cb6-e3589f1de5a1	4	181486725	190106768	5897	0.0166
8092c1e2-c838-4ff9-8cb6-e3589f1de5a1	5	15532	3848686	2773	-0.0308
8092c1e2-c838-4ff9-8cb6-e3589f1de5a1	5	3848742	8376700	3861	0.0238
8092c1e2-c838-4ff9-8cb6-e3589f1de5a1	5	8376742	12791608	3519	0.079
8092c1e2-c838-4ff9-8cb6-e3589f1de5a1	5	12800777	12826538	12	-1.5385
8092c1e2-c838-4ff9-8cb6-e3589f1de5a1	5	12833745	12996778	53	0.0621
8092c1e2-c838-4ff9-8cb6-e3589f1de5a1	5	12997698	13043119	19	-0.4601
8092c1e2-c838-4ff9-8cb6-e3589f1de5a1	5	13079786	17625524	3107	0.0613
8092c1e2-c838-4ff9-8cb6-e3589f1de5a1	5	17629411	17642176	7	-1.0662
8092c1e2-c838-4ff9-8cb6-e3589f1de5a1	5	17642442	19004955	885	0.0442
8092c1e2-c838-4ff9-8cb6-e3589f1de5a1	5	19006508	19007521	2	-1.5975
8092c1e2-c838-4ff9-8cb6-e3589f1de5a1	5	19007694	21376735	1382	0.0526
8092c1e2-c838-4ff9-8cb6-e3589f1de5a1	5	21377730	21377744	2	1.8093
8092c1e2-c838-4ff9-8cb6-e3589f1de5a1	5	21385957	58025819	20024	0.0578
8092c1e2-c838-4ff9-8cb6-e3589f1de5a1	5	58030200	58037706	32	1.3481
8092c1e2-c838-4ff9-8cb6-e3589f1de5a1	5	58042530	155962824	59996	0.0813
8092c1e2-c838-4ff9-8cb6-e3589f1de5a1	5	155963429	177724103	14852	0.0555
8092c1e2-c838-4ff9-8cb6-e3589f1de5a1	5	177730398	177832414	10	-0.8351
8092c1e2-c838-4ff9-8cb6-e3589f1de5a1	5	177833329	180188580	1357	0.0562
8092c1e2-c838-4ff9-8cb6-e3589f1de5a1	5	180191177	180201421	13	-1.2746
8092c1e2-c838-4ff9-8cb6-e3589f1de5a1	5	180205676	180934266	414	0.0739
8092c1e2-c838-4ff9-8cb6-e3589f1de5a1	5	180934813	180991103	24	-0.557
8092c1e2-c838-4ff9-8cb6-e3589f1de5a1	5	181006225	181363319	170	0.0395
8092c1e2-c838-4ff9-8cb6-e3589f1de5a1	6	149661	254283	101	0.0058
8092c1e2-c838-4ff9-8cb6-e3589f1de5a1	6	257353	323084	32	0.5615
8092c1e2-c838-4ff9-8cb6-e3589f1de5a1	6	323326	18370098	14030	0.0586
8092c1e2-c838-4ff9-8cb6-e3589f1de5a1	6	18371667	18371716	2	-1.7044
8092c1e2-c838-4ff9-8cb6-e3589f1de5a1	6	18373352	22563659	3103	0.0763
8092c1e2-c838-4ff9-8cb6-e3589f1de5a1	6	22564861	22564923	3	-1.0726
8092c1e2-c838-4ff9-8cb6-e3589f1de5a1	6	22567834	25063711	1810	0.0731
8092c1e2-c838-4ff9-8cb6-e3589f1de5a1	6	25064413	25065441	5	-1.2468
8092c1e2-c838-4ff9-8cb6-e3589f1de5a1	6	25065831	29869411	2491	0.0602
8092c1e2-c838-4ff9-8cb6-e3589f1de5a1	6	29869537	29881490	14	-0.9988
8092c1e2-c838-4ff9-8cb6-e3589f1de5a1	6	29882419	31313046	657	0.0563
8092c1e2-c838-4ff9-8cb6-e3589f1de5a1	6	31318499	31328674	11	-2.1184
8092c1e2-c838-4ff9-8cb6-e3589f1de5a1	6	31342147	32718419	594	0.0126
8092c1e2-c838-4ff9-8cb6-e3589f1de5a1	6	32720838	32721076	3	1.5704
8092c1e2-c838-4ff9-8cb6-e3589f1de5a1	6	32721547	33970029	753	0.0761
8092c1e2-c838-4ff9-8cb6-e3589f1de5a1	6	33970222	33974928	8	-1.0177
8092c1e2-c838-4ff9-8cb6-e3589f1de5a1	6	33976809	46326540	7841	0.0784
8092c1e2-c838-4ff9-8cb6-e3589f1de5a1	6	46336265	47854134	1104	0.0107
8092c1e2-c838-4ff9-8cb6-e3589f1de5a1	6	47854268	48963228	595	0.0871
8092c1e2-c838-4ff9-8cb6-e3589f1de5a1	6	48964092	48967563	5	-0.8566
8092c1e2-c838-4ff9-8cb6-e3589f1de5a1	6	48978926	54066269	3292	0.0706
8092c1e2-c838-4ff9-8cb6-e3589f1de5a1	6	54066286	54067057	8	-1.5892
8092c1e2-c838-4ff9-8cb6-e3589f1de5a1	6	54070550	63024941	3374	0.085
8092c1e2-c838-4ff9-8cb6-e3589f1de5a1	6	63029807	66328153	1969	-0.6993
8092c1e2-c838-4ff9-8cb6-e3589f1de5a1	6	66331020	66333299	7	-2.1958
8092c1e2-c838-4ff9-8cb6-e3589f1de5a1	6	66333342	75715182	6104	-0.6889
8092c1e2-c838-4ff9-8cb6-e3589f1de5a1	6	75719448	75726438	7	-2.4373
8092c1e2-c838-4ff9-8cb6-e3589f1de5a1	6	75733618	76726815	642	-0.6934
8092c1e2-c838-4ff9-8cb6-e3589f1de5a1	6	76730151	76742675	14	-1.6767
8092c1e2-c838-4ff9-8cb6-e3589f1de5a1	6	76742729	78263007	991	-0.6927
8092c1e2-c838-4ff9-8cb6-e3589f1de5a1	6	78263059	78325468	97	-0.3217
8092c1e2-c838-4ff9-8cb6-e3589f1de5a1	6	78329517	82048036	2463	-0.7075
8092c1e2-c838-4ff9-8cb6-e3589f1de5a1	6	82056119	82057693	2	-2.8124
8092c1e2-c838-4ff9-8cb6-e3589f1de5a1	6	82058095	82256502	99	-0.6685
8092c1e2-c838-4ff9-8cb6-e3589f1de5a1	6	82257458	82259395	4	-2.6624
8092c1e2-c838-4ff9-8cb6-e3589f1de5a1	6	82260063	103286954	12819	-0.6976
8092c1e2-c838-4ff9-8cb6-e3589f1de5a1	6	103290101	103314186	45	0.256
8092c1e2-c838-4ff9-8cb6-e3589f1de5a1	6	103317795	108756689	3367	-0.733
8092c1e2-c838-4ff9-8cb6-e3589f1de5a1	6	108756737	108759061	2	-3.8762
8092c1e2-c838-4ff9-8cb6-e3589f1de5a1	6	108759204	158257535	31629	-0.7203
8092c1e2-c838-4ff9-8cb6-e3589f1de5a1	6	158257599	158259301	3	-3.6771
8092c1e2-c838-4ff9-8cb6-e3589f1de5a1	6	158259364	166091896	5833	-0.7467
8092c1e2-c838-4ff9-8cb6-e3589f1de5a1	6	166092436	170741917	2943	-0.8365
8092c1e2-c838-4ff9-8cb6-e3589f1de5a1	7	43355	2149661	665	-0.8667
8092c1e2-c838-4ff9-8cb6-e3589f1de5a1	7	2152435	16556132	10614	0.0778
8092c1e2-c838-4ff9-8cb6-e3589f1de5a1	7	16557026	16557233	2	-2.9857
8092c1e2-c838-4ff9-8cb6-e3589f1de5a1	7	16557815	22395161	4717	0.0564
8092c1e2-c838-4ff9-8cb6-e3589f1de5a1	7	22395853	22396868	2	-2.7662
8092c1e2-c838-4ff9-8cb6-e3589f1de5a1	7	22399135	29648549	5361	0.07
8092c1e2-c838-4ff9-8cb6-e3589f1de5a1	7	29650069	29650443	2	-1.6746
8092c1e2-c838-4ff9-8cb6-e3589f1de5a1	7	29651467	38184011	5856	0.0746
8092c1e2-c838-4ff9-8cb6-e3589f1de5a1	7	38184184	38368593	177	0.2799
8092c1e2-c838-4ff9-8cb6-e3589f1de5a1	7	38368878	45651529	4613	0.0615
8092c1e2-c838-4ff9-8cb6-e3589f1de5a1	7	45652606	53582800	5810	0.0348
8092c1e2-c838-4ff9-8cb6-e3589f1de5a1	7	53582832	55094318	1177	0.1079
8092c1e2-c838-4ff9-8cb6-e3589f1de5a1	7	55094612	76532105	7608	0.0322
8092c1e2-c838-4ff9-8cb6-e3589f1de5a1	7	76550397	96429459	12656	0.0849
8092c1e2-c838-4ff9-8cb6-e3589f1de5a1	7	96439159	96443262	5	-1.0715
8092c1e2-c838-4ff9-8cb6-e3589f1de5a1	7	96444810	101409205	2413	0.0609
8092c1e2-c838-4ff9-8cb6-e3589f1de5a1	7	101416451	101416668	2	-2.1269
8092c1e2-c838-4ff9-8cb6-e3589f1de5a1	7	101419630	134100424	19772	0.0793
8092c1e2-c838-4ff9-8cb6-e3589f1de5a1	7	134100442	134105690	24	-2.7692
8092c1e2-c838-4ff9-8cb6-e3589f1de5a1	7	134110881	134133228	19	-0.3744
8092c1e2-c838-4ff9-8cb6-e3589f1de5a1	7	134133578	142435388	5474	0.0967
8092c1e2-c838-4ff9-8cb6-e3589f1de5a1	7	142439145	142440912	4	-0.3067
8092c1e2-c838-4ff9-8cb6-e3589f1de5a1	7	142442624	142785841	165	0.3094
8092c1e2-c838-4ff9-8cb6-e3589f1de5a1	7	142801993	159334314	10382	0.0652
8092c1e2-c838-4ff9-8cb6-e3589f1de5a1	8	81254	6968741	7591	-0.058
8092c1e2-c838-4ff9-8cb6-e3589f1de5a1	8	6968768	6969643	9	-2.9312
8092c1e2-c838-4ff9-8cb6-e3589f1de5a1	8	6969664	16404738	6938	-0.0445
8092c1e2-c838-4ff9-8cb6-e3589f1de5a1	8	16404755	16417152	26	-0.8773
8092c1e2-c838-4ff9-8cb6-e3589f1de5a1	8	16421186	25116928	6829	-0.0255
8092c1e2-c838-4ff9-8cb6-e3589f1de5a1	8	25116961	25126818	26	-0.545
8092c1e2-c838-4ff9-8cb6-e3589f1de5a1	8	25133589	34974499	6620	-0.0288
8092c1e2-c838-4ff9-8cb6-e3589f1de5a1	8	34974857	34997908	14	-1.2591
8092c1e2-c838-4ff9-8cb6-e3589f1de5a1	8	34998616	39368369	2337	-0.0332
8092c1e2-c838-4ff9-8cb6-e3589f1de5a1	8	39368422	39538338	72	0.448
8092c1e2-c838-4ff9-8cb6-e3589f1de5a1	8	39539496	57498941	9385	0.0447
8092c1e2-c838-4ff9-8cb6-e3589f1de5a1	8	57499084	62783360	3558	0.0888
8092c1e2-c838-4ff9-8cb6-e3589f1de5a1	8	62785468	71303076	4901	0.0453
8092c1e2-c838-4ff9-8cb6-e3589f1de5a1	8	71303129	71304364	7	-3.4808
8092c1e2-c838-4ff9-8cb6-e3589f1de5a1	8	71307628	94545324	13792	0.0627
8092c1e2-c838-4ff9-8cb6-e3589f1de5a1	8	94545374	94545764	6	1.1181
8092c1e2-c838-4ff9-8cb6-e3589f1de5a1	8	94545887	107551065	8127	0.0743
8092c1e2-c838-4ff9-8cb6-e3589f1de5a1	8	107553100	120479398	7914	0.3704
8092c1e2-c838-4ff9-8cb6-e3589f1de5a1	8	120481592	125910692	3726	0.4067
8092c1e2-c838-4ff9-8cb6-e3589f1de5a1	8	125911370	128744020	2095	0.3504
8092c1e2-c838-4ff9-8cb6-e3589f1de5a1	8	128750889	128751839	2	-2.5939
8092c1e2-c838-4ff9-8cb6-e3589f1de5a1	8	128765208	137285942	6542	0.361
8092c1e2-c838-4ff9-8cb6-e3589f1de5a1	8	137286374	143622987	4171	0.1519
8092c1e2-c838-4ff9-8cb6-e3589f1de5a1	8	143623027	143625638	8	-1.701
8092c1e2-c838-4ff9-8cb6-e3589f1de5a1	8	143636819	145058439	493	0.132
8092c1e2-c838-4ff9-8cb6-e3589f1de5a1	8	145062930	145072769	9	-0.7263
8092c1e2-c838-4ff9-8cb6-e3589f1de5a1	9	46587	186580	17	-0.2623
8092c1e2-c838-4ff9-8cb6-e3589f1de5a1	9	192129	2828742	2981	-0.6557
8092c1e2-c838-4ff9-8cb6-e3589f1de5a1	9	2828765	6492715	3163	-0.5769
8092c1e2-c838-4ff9-8cb6-e3589f1de5a1	9	6494504	7173500	622	-0.6572
8092c1e2-c838-4ff9-8cb6-e3589f1de5a1	9	7173752	7270225	123	-0.8692
8092c1e2-c838-4ff9-8cb6-e3589f1de5a1	9	7270363	9011455	1663	-0.6487
8092c1e2-c838-4ff9-8cb6-e3589f1de5a1	9	9020101	9022312	2	-2.2835
8092c1e2-c838-4ff9-8cb6-e3589f1de5a1	9	9022473	9045932	14	-0.832
8092c1e2-c838-4ff9-8cb6-e3589f1de5a1	9	9049072	15994242	5710	-0.5838
8092c1e2-c838-4ff9-8cb6-e3589f1de5a1	9	15994726	17636443	1480	-0.6343
8092c1e2-c838-4ff9-8cb6-e3589f1de5a1	9	17636473	17636653	3	-2.6698
8092c1e2-c838-4ff9-8cb6-e3589f1de5a1	9	17636676	21104438	2933	-0.6062
8092c1e2-c838-4ff9-8cb6-e3589f1de5a1	9	21104447	21107471	4	-2.09
8092c1e2-c838-4ff9-8cb6-e3589f1de5a1	9	21111933	28276258	5271	-0.5912
8092c1e2-c838-4ff9-8cb6-e3589f1de5a1	9	28278105	28278253	2	-2.6085
8092c1e2-c838-4ff9-8cb6-e3589f1de5a1	9	28279001	29963162	1216	-0.58
8092c1e2-c838-4ff9-8cb6-e3589f1de5a1	9	29965086	29969712	3	-2.5048
8092c1e2-c838-4ff9-8cb6-e3589f1de5a1	9	29969779	30574648	401	-0.5724
8092c1e2-c838-4ff9-8cb6-e3589f1de5a1	9	30580710	32417623	1309	-0.1242
8092c1e2-c838-4ff9-8cb6-e3589f1de5a1	9	32418239	38989381	3984	-0.0248
8092c1e2-c838-4ff9-8cb6-e3589f1de5a1	9	38996106	38996751	3	-2.1906
8092c1e2-c838-4ff9-8cb6-e3589f1de5a1	9	39011605	61520021	255	-0.1597
8092c1e2-c838-4ff9-8cb6-e3589f1de5a1	9	61521913	61647899	29	-1.7637
8092c1e2-c838-4ff9-8cb6-e3589f1de5a1	9	61665362	68318441	167	-0.0595
8092c1e2-c838-4ff9-8cb6-e3589f1de5a1	9	68325679	69118752	649	0.0317
8092c1e2-c838-4ff9-8cb6-e3589f1de5a1	9	69125255	69127809	3	1.2632
8092c1e2-c838-4ff9-8cb6-e3589f1de5a1	9	69131137	72063626	2191	0.0141
8092c1e2-c838-4ff9-8cb6-e3589f1de5a1	9	72064538	72068141	6	-1.1806
8092c1e2-c838-4ff9-8cb6-e3589f1de5a1	9	72068168	87907679	11309	0.0269
8092c1e2-c838-4ff9-8cb6-e3589f1de5a1	9	87939236	87939304	2	-1.9355
8092c1e2-c838-4ff9-8cb6-e3589f1de5a1	9	87943042	133018603	31156	0.033
8092c1e2-c838-4ff9-8cb6-e3589f1de5a1	9	133019092	135381975	1370	-0.0208
8092c1e2-c838-4ff9-8cb6-e3589f1de5a1	9	135382341	135383092	2	-1.7852
8092c1e2-c838-4ff9-8cb6-e3589f1de5a1	9	135383377	137358336	646	-0.0382
8092c1e2-c838-4ff9-8cb6-e3589f1de5a1	9	137358495	137396337	10	-0.6765
8092c1e2-c838-4ff9-8cb6-e3589f1de5a1	9	137396353	138200944	399	-0.0376
8092c1e2-c838-4ff9-8cb6-e3589f1de5a1	10	45792	174048	60	-0.1136
8092c1e2-c838-4ff9-8cb6-e3589f1de5a1	10	174152	24086334	19067	0.0512
8092c1e2-c838-4ff9-8cb6-e3589f1de5a1	10	24088745	24089125	11	-2.8336
8092c1e2-c838-4ff9-8cb6-e3589f1de5a1	10	24089979	54697027	17620	0.0561
8092c1e2-c838-4ff9-8cb6-e3589f1de5a1	10	54697413	54708677	10	1.4992
8092c1e2-c838-4ff9-8cb6-e3589f1de5a1	10	54712504	55420393	443	0.1158
8092c1e2-c838-4ff9-8cb6-e3589f1de5a1	10	55420481	55420557	3	-2.0723
8092c1e2-c838-4ff9-8cb6-e3589f1de5a1	10	55420561	66208854	7606	0.0996
8092c1e2-c838-4ff9-8cb6-e3589f1de5a1	10	66209117	66210267	3	-1.3805
8092c1e2-c838-4ff9-8cb6-e3589f1de5a1	10	66210815	70767845	3023	0.0901
8092c1e2-c838-4ff9-8cb6-e3589f1de5a1	10	70769184	70772281	4	-0.9834
8092c1e2-c838-4ff9-8cb6-e3589f1de5a1	10	70773443	76493093	3208	0.0765
8092c1e2-c838-4ff9-8cb6-e3589f1de5a1	10	76497303	76497852	2	-1.663
8092c1e2-c838-4ff9-8cb6-e3589f1de5a1	10	76501509	79488560	2426	0.0587
8092c1e2-c838-4ff9-8cb6-e3589f1de5a1	10	79488828	80248392	262	-0.2489
8092c1e2-c838-4ff9-8cb6-e3589f1de5a1	10	80248789	127245633	32005	-0.1879
8092c1e2-c838-4ff9-8cb6-e3589f1de5a1	10	127248143	133654968	4581	-0.2487
8092c1e2-c838-4ff9-8cb6-e3589f1de5a1	11	198510	4946021	2410	0.0004
8092c1e2-c838-4ff9-8cb6-e3589f1de5a1	11	4946166	4973997	44	0.4227
8092c1e2-c838-4ff9-8cb6-e3589f1de5a1	11	4974218	5188362	182	0.048
8092c1e2-c838-4ff9-8cb6-e3589f1de5a1	11	5188762	5189020	2	-1.7884
8092c1e2-c838-4ff9-8cb6-e3589f1de5a1	11	5189339	5766175	583	0.0435
8092c1e2-c838-4ff9-8cb6-e3589f1de5a1	11	5766850	5788231	34	0.6506
8092c1e2-c838-4ff9-8cb6-e3589f1de5a1	11	5791130	6923298	842	0.0633
8092c1e2-c838-4ff9-8cb6-e3589f1de5a1	11	6924220	6926530	2	-1.3704
8092c1e2-c838-4ff9-8cb6-e3589f1de5a1	11	6926734	16604164	7001	0.0555
8092c1e2-c838-4ff9-8cb6-e3589f1de5a1	11	16615776	16616495	6	-1.0821
8092c1e2-c838-4ff9-8cb6-e3589f1de5a1	11	16624541	18919323	1525	0.0715
8092c1e2-c838-4ff9-8cb6-e3589f1de5a1	11	18927525	18939631	35	0.6975
8092c1e2-c838-4ff9-8cb6-e3589f1de5a1	11	18939734	80256460	34957	0.0702
8092c1e2-c838-4ff9-8cb6-e3589f1de5a1	11	80256469	80256520	3	-2.2294
8092c1e2-c838-4ff9-8cb6-e3589f1de5a1	11	80256642	81269614	830	0.0784
8092c1e2-c838-4ff9-8cb6-e3589f1de5a1	11	81270989	84951131	2579	0.1181
8092c1e2-c838-4ff9-8cb6-e3589f1de5a1	11	84951266	94004564	6020	0.0638
8092c1e2-c838-4ff9-8cb6-e3589f1de5a1	11	94007925	98242451	3063	0.105
8092c1e2-c838-4ff9-8cb6-e3589f1de5a1	11	98242518	101723653	2756	0.0608
8092c1e2-c838-4ff9-8cb6-e3589f1de5a1	11	101727129	101727233	4	1.7039
8092c1e2-c838-4ff9-8cb6-e3589f1de5a1	11	101727481	132984634	22054	0.0736
8092c1e2-c838-4ff9-8cb6-e3589f1de5a1	11	132984874	132987832	2	-1.755
8092c1e2-c838-4ff9-8cb6-e3589f1de5a1	11	132987895	135074876	1565	0.055
8092c1e2-c838-4ff9-8cb6-e3589f1de5a1	12	51460	9477960	6144	0.0595
8092c1e2-c838-4ff9-8cb6-e3589f1de5a1	12	9481274	9575696	24	-1.6529
8092c1e2-c838-4ff9-8cb6-e3589f1de5a1	12	9582373	11068125	1034	0.075
8092c1e2-c838-4ff9-8cb6-e3589f1de5a1	12	11070111	11088933	9	-1.4135
8092c1e2-c838-4ff9-8cb6-e3589f1de5a1	12	11099275	11351157	131	0.0605
8092c1e2-c838-4ff9-8cb6-e3589f1de5a1	12	11358643	11388095	29	0.7484
8092c1e2-c838-4ff9-8cb6-e3589f1de5a1	12	11390452	24240820	8699	0.0547
8092c1e2-c838-4ff9-8cb6-e3589f1de5a1	12	24242268	24242338	3	-1.4309
8092c1e2-c838-4ff9-8cb6-e3589f1de5a1	12	24244010	30082488	4344	0.0409
8092c1e2-c838-4ff9-8cb6-e3589f1de5a1	12	30082648	30090756	25	-0.6873
8092c1e2-c838-4ff9-8cb6-e3589f1de5a1	12	30090789	33141726	2245	0.0446
8092c1e2-c838-4ff9-8cb6-e3589f1de5a1	12	33148472	33154440	27	-0.744
8092c1e2-c838-4ff9-8cb6-e3589f1de5a1	12	33155426	34097761	580	0.0484
8092c1e2-c838-4ff9-8cb6-e3589f1de5a1	12	34103774	34111154	9	-0.8844
8092c1e2-c838-4ff9-8cb6-e3589f1de5a1	12	34122447	38387400	479	-0.0646
8092c1e2-c838-4ff9-8cb6-e3589f1de5a1	12	38387716	127065460	56207	0.0431
8092c1e2-c838-4ff9-8cb6-e3589f1de5a1	12	127065544	133201603	4548	0.011
8092c1e2-c838-4ff9-8cb6-e3589f1de5a1	13	18452809	19547319	531	0.0316
8092c1e2-c838-4ff9-8cb6-e3589f1de5a1	13	19549755	19549770	2	-2.3911
8092c1e2-c838-4ff9-8cb6-e3589f1de5a1	13	19550361	29455681	7126	0.0385
8092c1e2-c838-4ff9-8cb6-e3589f1de5a1	13	29457425	29459091	2	-1.9117
8092c1e2-c838-4ff9-8cb6-e3589f1de5a1	13	29462056	37496998	5768	0.0595
8092c1e2-c838-4ff9-8cb6-e3589f1de5a1	13	37497899	37510620	16	-2.3907
8092c1e2-c838-4ff9-8cb6-e3589f1de5a1	13	37514193	38478674	699	0.055
8092c1e2-c838-4ff9-8cb6-e3589f1de5a1	13	38483435	38483919	2	-2.6464
8092c1e2-c838-4ff9-8cb6-e3589f1de5a1	13	38490920	63743696	15677	0.0644
8092c1e2-c838-4ff9-8cb6-e3589f1de5a1	13	63770336	63803906	28	0.7369
8092c1e2-c838-4ff9-8cb6-e3589f1de5a1	13	63804120	91339111	17647	0.061
8092c1e2-c838-4ff9-8cb6-e3589f1de5a1	13	91341771	104482750	9350	0.1001
8092c1e2-c838-4ff9-8cb6-e3589f1de5a1	13	104482774	106730287	1832	0.0604
8092c1e2-c838-4ff9-8cb6-e3589f1de5a1	13	106731890	106732362	2	1.5384
8092c1e2-c838-4ff9-8cb6-e3589f1de5a1	13	106732887	111947223	4039	0.0748
8092c1e2-c838-4ff9-8cb6-e3589f1de5a1	13	111948280	111948410	2	-1.813
8092c1e2-c838-4ff9-8cb6-e3589f1de5a1	13	111950292	114342922	1217	0.0722
8092c1e2-c838-4ff9-8cb6-e3589f1de5a1	14	18239283	19280948	44	0.1391
8092c1e2-c838-4ff9-8cb6-e3589f1de5a1	14	19289821	19294475	3	-1.4948
8092c1e2-c838-4ff9-8cb6-e3589f1de5a1	14	19298389	19959454	129	0.2997
8092c1e2-c838-4ff9-8cb6-e3589f1de5a1	14	19964642	21919594	1320	0.0872
8092c1e2-c838-4ff9-8cb6-e3589f1de5a1	14	21921927	22500668	504	0.3339
8092c1e2-c838-4ff9-8cb6-e3589f1de5a1	14	22501067	23975769	867	0.088
8092c1e2-c838-4ff9-8cb6-e3589f1de5a1	14	23975815	24015250	21	-0.8166
8092c1e2-c838-4ff9-8cb6-e3589f1de5a1	14	24018934	60263287	22864	0.0806
8092c1e2-c838-4ff9-8cb6-e3589f1de5a1	14	60264832	75553353	9470	-0.7175
8092c1e2-c838-4ff9-8cb6-e3589f1de5a1	14	75555157	75557476	4	-3.8859
8092c1e2-c838-4ff9-8cb6-e3589f1de5a1	14	75559792	79524013	2731	-0.7422
8092c1e2-c838-4ff9-8cb6-e3589f1de5a1	14	79524279	79526763	2	-3.3639
8092c1e2-c838-4ff9-8cb6-e3589f1de5a1	14	79529019	84037349	2997	-0.6969
8092c1e2-c838-4ff9-8cb6-e3589f1de5a1	14	84037724	84038468	3	-2.8943
8092c1e2-c838-4ff9-8cb6-e3589f1de5a1	14	84038681	90014882	3905	-0.7153
8092c1e2-c838-4ff9-8cb6-e3589f1de5a1	14	90019940	105544971	9654	-0.786
8092c1e2-c838-4ff9-8cb6-e3589f1de5a1	14	105563300	105960212	97	-0.697
8092c1e2-c838-4ff9-8cb6-e3589f1de5a1	14	105960223	106340102	133	-0.5138
8092c1e2-c838-4ff9-8cb6-e3589f1de5a1	14	106340305	106362628	8	0.2492
8092c1e2-c838-4ff9-8cb6-e3589f1de5a1	14	106364815	106493062	83	-0.5078
8092c1e2-c838-4ff9-8cb6-e3589f1de5a1	14	106496501	106877229	187	-0.739
8092c1e2-c838-4ff9-8cb6-e3589f1de5a1	15	19811075	20060725	52	-0.0755
8092c1e2-c838-4ff9-8cb6-e3589f1de5a1	15	20062609	21071626	112	0.664
8092c1e2-c838-4ff9-8cb6-e3589f1de5a1	15	21078947	21096887	3	-0.7233
8092c1e2-c838-4ff9-8cb6-e3589f1de5a1	15	21262847	22395047	41	0.414
8092c1e2-c838-4ff9-8cb6-e3589f1de5a1	15	22413894	22576496	5	-0.2389
8092c1e2-c838-4ff9-8cb6-e3589f1de5a1	15	22582296	22584747	2	-1.8904
8092c1e2-c838-4ff9-8cb6-e3589f1de5a1	15	22590285	32219354	5685	0.0442
8092c1e2-c838-4ff9-8cb6-e3589f1de5a1	15	32219403	32491973	19	-0.5234
8092c1e2-c838-4ff9-8cb6-e3589f1de5a1	15	32504134	43604064	7221	0.0812
8092c1e2-c838-4ff9-8cb6-e3589f1de5a1	15	43637153	43703690	18	0.8256
8092c1e2-c838-4ff9-8cb6-e3589f1de5a1	15	43721953	76599170	20644	0.0785
8092c1e2-c838-4ff9-8cb6-e3589f1de5a1	15	76599286	76603434	20	-2.4152
8092c1e2-c838-4ff9-8cb6-e3589f1de5a1	15	76609838	94284656	11889	0.077
8092c1e2-c838-4ff9-8cb6-e3589f1de5a1	15	94285033	97591307	2460	0.0322
8092c1e2-c838-4ff9-8cb6-e3589f1de5a1	15	97592717	98493707	698	0.2725
8092c1e2-c838-4ff9-8cb6-e3589f1de5a1	15	98494578	98695147	143	0.0499
8092c1e2-c838-4ff9-8cb6-e3589f1de5a1	15	98697718	98699088	3	-1.0982
8092c1e2-c838-4ff9-8cb6-e3589f1de5a1	15	98700478	98867883	117	0.0681
8092c1e2-c838-4ff9-8cb6-e3589f1de5a1	15	98869967	101485789	1991	0.2752
8092c1e2-c838-4ff9-8cb6-e3589f1de5a1	15	101491141	101928837	251	-0.01
8092c1e2-c838-4ff9-8cb6-e3589f1de5a1	16	10777	458081	204	0.0179
8092c1e2-c838-4ff9-8cb6-e3589f1de5a1	16	458627	481106	12	-0.6135
8092c1e2-c838-4ff9-8cb6-e3589f1de5a1	16	483465	14887120	10862	0.0514
8092c1e2-c838-4ff9-8cb6-e3589f1de5a1	16	14895982	15022400	53	-0.2528
8092c1e2-c838-4ff9-8cb6-e3589f1de5a1	16	15031584	19933041	2293	0.0511
8092c1e2-c838-4ff9-8cb6-e3589f1de5a1	16	19934328	19956040	29	-1.006
8092c1e2-c838-4ff9-8cb6-e3589f1de5a1	16	19958932	31121064	6061	0.0458
8092c1e2-c838-4ff9-8cb6-e3589f1de5a1	16	31122053	31327153	89	0.3584
8092c1e2-c838-4ff9-8cb6-e3589f1de5a1	16	31328111	31374838	16	-0.1648
8092c1e2-c838-4ff9-8cb6-e3589f1de5a1	16	31375541	88404879	31359	0.0586
8092c1e2-c838-4ff9-8cb6-e3589f1de5a1	16	88407435	90096867	705	-0.0488
8092c1e2-c838-4ff9-8cb6-e3589f1de5a1	17	150733	10807742	6229	0.0614
8092c1e2-c838-4ff9-8cb6-e3589f1de5a1	17	10807857	10813518	2	-1.7438
8092c1e2-c838-4ff9-8cb6-e3589f1de5a1	17	10821273	14813729	3138	0.0293
8092c1e2-c838-4ff9-8cb6-e3589f1de5a1	17	14814185	36109139	8820	0.0707
8092c1e2-c838-4ff9-8cb6-e3589f1de5a1	17	36109315	36157718	36	0.5626
8092c1e2-c838-4ff9-8cb6-e3589f1de5a1	17	36200725	41265456	2520	0.0679
8092c1e2-c838-4ff9-8cb6-e3589f1de5a1	17	41266762	41274279	24	-0.6993
8092c1e2-c838-4ff9-8cb6-e3589f1de5a1	17	41276472	46284997	2615	0.0633
8092c1e2-c838-4ff9-8cb6-e3589f1de5a1	17	46286804	46571001	7	-1.1255
8092c1e2-c838-4ff9-8cb6-e3589f1de5a1	17	46664059	57610128	6972	0.0725
8092c1e2-c838-4ff9-8cb6-e3589f1de5a1	17	57610972	57611632	2	-1.6927
8092c1e2-c838-4ff9-8cb6-e3589f1de5a1	17	57614632	66432620	4477	0.0823
8092c1e2-c838-4ff9-8cb6-e3589f1de5a1	17	66434729	66435476	2	-1.9893
8092c1e2-c838-4ff9-8cb6-e3589f1de5a1	17	66435506	74099101	5501	0.0747
8092c1e2-c838-4ff9-8cb6-e3589f1de5a1	17	74099162	74695492	355	-0.0664
8092c1e2-c838-4ff9-8cb6-e3589f1de5a1	17	74695789	83091923	4173	0.0617
8092c1e2-c838-4ff9-8cb6-e3589f1de5a1	18	48133	1143495	808	0.2249
8092c1e2-c838-4ff9-8cb6-e3589f1de5a1	18	1143892	44183900	24176	0.0479
8092c1e2-c838-4ff9-8cb6-e3589f1de5a1	18	44185756	44196615	10	-0.7981
8092c1e2-c838-4ff9-8cb6-e3589f1de5a1	18	44197205	68818312	17202	0.0435
8092c1e2-c838-4ff9-8cb6-e3589f1de5a1	18	68818513	68822550	2	-1.6708
8092c1e2-c838-4ff9-8cb6-e3589f1de5a1	18	68824346	76248303	5711	0.0286
8092c1e2-c838-4ff9-8cb6-e3589f1de5a1	18	76249175	80257174	2664	-0.0418
8092c1e2-c838-4ff9-8cb6-e3589f1de5a1	19	90910	255578	4	-0.4019
8092c1e2-c838-4ff9-8cb6-e3589f1de5a1	19	255830	21938426	9758	0.0584
8092c1e2-c838-4ff9-8cb6-e3589f1de5a1	19	21938656	31419932	4221	0.0167
8092c1e2-c838-4ff9-8cb6-e3589f1de5a1	19	31420223	40739117	5395	0.0648
8092c1e2-c838-4ff9-8cb6-e3589f1de5a1	19	40744311	58586487	9592	-0.7429
8092c1e2-c838-4ff9-8cb6-e3589f1de5a1	20	80664	1579916	1195	0.0533
8092c1e2-c838-4ff9-8cb6-e3589f1de5a1	20	1580141	1613247	46	-0.5831
8092c1e2-c838-4ff9-8cb6-e3589f1de5a1	20	1617300	51307234	31505	0.0666
8092c1e2-c838-4ff9-8cb6-e3589f1de5a1	20	51309515	57637072	4982	0.0225
8092c1e2-c838-4ff9-8cb6-e3589f1de5a1	20	57637745	60990189	2711	0.286
8092c1e2-c838-4ff9-8cb6-e3589f1de5a1	20	60993969	61015145	49	1.4489
8092c1e2-c838-4ff9-8cb6-e3589f1de5a1	20	61015428	64324800	1739	0.2666
8092c1e2-c838-4ff9-8cb6-e3589f1de5a1	21	10354168	13028413	96	-0.4285
8092c1e2-c838-4ff9-8cb6-e3589f1de5a1	21	13028693	46677045	23678	0.0616
8092c1e2-c838-4ff9-8cb6-e3589f1de5a1	22	15294547	20596277	2162	0.0449
8092c1e2-c838-4ff9-8cb6-e3589f1de5a1	22	20598622	20601876	3	-2.3773
8092c1e2-c838-4ff9-8cb6-e3589f1de5a1	22	20604014	23987520	2216	0.0511
8092c1e2-c838-4ff9-8cb6-e3589f1de5a1	22	23988078	23989773	2	-3.3687
8092c1e2-c838-4ff9-8cb6-e3589f1de5a1	22	23990431	24685371	354	0.0858
8092c1e2-c838-4ff9-8cb6-e3589f1de5a1	22	24686148	24686567	3	-1.5313
8092c1e2-c838-4ff9-8cb6-e3589f1de5a1	22	24691707	38894915	10404	0.0595
8092c1e2-c838-4ff9-8cb6-e3589f1de5a1	22	38899250	38900899	3	-2.3832
8092c1e2-c838-4ff9-8cb6-e3589f1de5a1	22	38903109	42496590	1945	0.0601
8092c1e2-c838-4ff9-8cb6-e3589f1de5a1	22	42501276	42559425	26	0.8747
8092c1e2-c838-4ff9-8cb6-e3589f1de5a1	22	42559782	50671564	6022	0.0403
8092c1e2-c838-4ff9-8cb6-e3589f1de5a1	22	50677098	50718303	30	-0.3734
8092c1e2-c838-4ff9-8cb6-e3589f1de5a1	22	50718505	50796027	27	-0.0278
8092c1e2-c838-4ff9-8cb6-e3589f1de5a1	X	251810	722126	76	-0.6014
8092c1e2-c838-4ff9-8cb6-e3589f1de5a1	X	728811	3110364	242	-0.1639
8092c1e2-c838-4ff9-8cb6-e3589f1de5a1	X	3110586	16455101	9719	-0.032
8092c1e2-c838-4ff9-8cb6-e3589f1de5a1	X	16455356	16455490	5	-1.1493
8092c1e2-c838-4ff9-8cb6-e3589f1de5a1	X	16455513	53509422	21071	-0.0273
8092c1e2-c838-4ff9-8cb6-e3589f1de5a1	X	53512301	56431373	1284	0.0226
8092c1e2-c838-4ff9-8cb6-e3589f1de5a1	X	56443062	56485756	23	0.9441
8092c1e2-c838-4ff9-8cb6-e3589f1de5a1	X	56489321	153318149	50062	0.021
8092c1e2-c838-4ff9-8cb6-e3589f1de5a1	X	153318370	154483840	475	-0.0871
8092c1e2-c838-4ff9-8cb6-e3589f1de5a1	X	154484758	155952689	509	0.0705
8092c1e2-c838-4ff9-8cb6-e3589f1de5a1	Y	2782397	6233384	783	-2.854
8092c1e2-c838-4ff9-8cb6-e3589f1de5a1	Y	6249869	8632342	1177	-3.3208
8092c1e2-c838-4ff9-8cb6-e3589f1de5a1	Y	8632861	8654617	9	-5.7753
8092c1e2-c838-4ff9-8cb6-e3589f1de5a1	Y	8654875	9330531	257	-3.5556
8092c1e2-c838-4ff9-8cb6-e3589f1de5a1	Y	9332936	9550385	21	-5.4433
8092c1e2-c838-4ff9-8cb6-e3589f1de5a1	Y	9550653	25971733	4218	-3.2716
8092c1e2-c838-4ff9-8cb6-e3589f1de5a1	Y	26077669	56872112	172	-2.9749
