GDC_Aliquot	Chromosome	Start	End	Num_Probes	Segment_Mean
b53beeee-ed70-43a4-b6a2-7f8d567f7016	1	62920	3009328	608	-0.1574
b53beeee-ed70-43a4-b6a2-7f8d567f7016	1	3009991	7262100	2864	0.0036
b53beeee-ed70-43a4-b6a2-7f8d567f7016	1	7264408	7265360	4	-1.507
b53beeee-ed70-43a4-b6a2-7f8d567f7016	1	7266141	16785682	5198	-0.0079
b53beeee-ed70-43a4-b6a2-7f8d567f7016	1	16787932	16988207	78	-0.3307
b53beeee-ed70-43a4-b6a2-7f8d567f7016	1	16993283	72303233	33867	0.0053
b53beeee-ed70-43a4-b6a2-7f8d567f7016	1	72303253	72345465	45	-1.0303
b53beeee-ed70-43a4-b6a2-7f8d567f7016	1	72346221	105476583	20882	0.0026
b53beeee-ed70-43a4-b6a2-7f8d567f7016	1	105476614	105479753	16	0.6389
b53beeee-ed70-43a4-b6a2-7f8d567f7016	1	105481433	109632424	2606	0.0052
b53beeee-ed70-43a4-b6a2-7f8d567f7016	1	109633358	109709168	45	-0.3542
b53beeee-ed70-43a4-b6a2-7f8d567f7016	1	109709226	112147704	1921	0.0068
b53beeee-ed70-43a4-b6a2-7f8d567f7016	1	112153343	112154619	23	0.6922
b53beeee-ed70-43a4-b6a2-7f8d567f7016	1	112154754	152583051	7577	-0.0001
b53beeee-ed70-43a4-b6a2-7f8d567f7016	1	152583230	152614118	35	0.9945
b53beeee-ed70-43a4-b6a2-7f8d567f7016	1	152618018	158896783	3803	0.0018
b53beeee-ed70-43a4-b6a2-7f8d567f7016	1	158898711	158899969	2	3.0005
b53beeee-ed70-43a4-b6a2-7f8d567f7016	1	158905028	160833752	1294	-0.011
b53beeee-ed70-43a4-b6a2-7f8d567f7016	1	160833928	160833945	2	1.8192
b53beeee-ed70-43a4-b6a2-7f8d567f7016	1	160834012	174827267	9844	0.0059
b53beeee-ed70-43a4-b6a2-7f8d567f7016	1	174827418	174832702	16	-0.7859
b53beeee-ed70-43a4-b6a2-7f8d567f7016	1	174832716	196745743	14591	0.0038
b53beeee-ed70-43a4-b6a2-7f8d567f7016	1	196758720	196846661	61	-1.5126
b53beeee-ed70-43a4-b6a2-7f8d567f7016	1	196847600	237104070	27305	-0.0018
b53beeee-ed70-43a4-b6a2-7f8d567f7016	1	237110719	237110913	2	-2.7847
b53beeee-ed70-43a4-b6a2-7f8d567f7016	1	237111820	248930189	8367	-0.0049
b53beeee-ed70-43a4-b6a2-7f8d567f7016	2	12784	7987785	6289	-0.0161
b53beeee-ed70-43a4-b6a2-7f8d567f7016	2	7989207	7996487	9	-1.2234
b53beeee-ed70-43a4-b6a2-7f8d567f7016	2	7999793	34474248	17725	0.0076
b53beeee-ed70-43a4-b6a2-7f8d567f7016	2	34476327	34511990	45	-0.7357
b53beeee-ed70-43a4-b6a2-7f8d567f7016	2	34512096	35750907	869	0.008
b53beeee-ed70-43a4-b6a2-7f8d567f7016	2	35752724	35762850	6	-1.3636
b53beeee-ed70-43a4-b6a2-7f8d567f7016	2	35762881	52527743	12072	0.0134
b53beeee-ed70-43a4-b6a2-7f8d567f7016	2	52531615	52554404	33	-0.5675
b53beeee-ed70-43a4-b6a2-7f8d567f7016	2	52560811	127094445	41676	0.0053
b53beeee-ed70-43a4-b6a2-7f8d567f7016	2	127099470	127100370	3	1.9702
b53beeee-ed70-43a4-b6a2-7f8d567f7016	2	127101070	146107526	11427	0.0001
b53beeee-ed70-43a4-b6a2-7f8d567f7016	2	146107615	146109366	17	-1.9894
b53beeee-ed70-43a4-b6a2-7f8d567f7016	2	146120238	207490231	36844	0.0045
b53beeee-ed70-43a4-b6a2-7f8d567f7016	2	207490454	207494612	16	-1.2628
b53beeee-ed70-43a4-b6a2-7f8d567f7016	2	207494752	241072273	21550	-0.001
b53beeee-ed70-43a4-b6a2-7f8d567f7016	2	241074641	241074746	2	-1.8863
b53beeee-ed70-43a4-b6a2-7f8d567f7016	2	241077474	242147305	453	-0.0386
b53beeee-ed70-43a4-b6a2-7f8d567f7016	3	20930	141230	111	-0.0052
b53beeee-ed70-43a4-b6a2-7f8d567f7016	3	142682	144336	3	1.8074
b53beeee-ed70-43a4-b6a2-7f8d567f7016	3	144528	6604856	5668	0.0087
b53beeee-ed70-43a4-b6a2-7f8d567f7016	3	6609441	6611535	21	-0.8252
b53beeee-ed70-43a4-b6a2-7f8d567f7016	3	6611557	68697133	41775	0.0019
b53beeee-ed70-43a4-b6a2-7f8d567f7016	3	68697295	68698262	12	-1.2133
b53beeee-ed70-43a4-b6a2-7f8d567f7016	3	68699607	132270486	36018	0.0004
b53beeee-ed70-43a4-b6a2-7f8d567f7016	3	132270503	132276840	5	-2.1742
b53beeee-ed70-43a4-b6a2-7f8d567f7016	3	132281633	133305620	672	-0.0069
b53beeee-ed70-43a4-b6a2-7f8d567f7016	3	133305636	133306330	13	0.6497
b53beeee-ed70-43a4-b6a2-7f8d567f7016	3	133313753	136300257	1894	-0.007
b53beeee-ed70-43a4-b6a2-7f8d567f7016	3	136304109	136306584	2	-2.541
b53beeee-ed70-43a4-b6a2-7f8d567f7016	3	136319699	173519113	22577	-0.0001
b53beeee-ed70-43a4-b6a2-7f8d567f7016	3	173522845	173583028	26	0.7003
b53beeee-ed70-43a4-b6a2-7f8d567f7016	3	173583247	183746833	6256	-0.0095
b53beeee-ed70-43a4-b6a2-7f8d567f7016	3	183762175	184036241	139	-0.2303
b53beeee-ed70-43a4-b6a2-7f8d567f7016	3	184036257	193156958	6357	-0.0012
b53beeee-ed70-43a4-b6a2-7f8d567f7016	3	193160113	193165114	20	1.1657
b53beeee-ed70-43a4-b6a2-7f8d567f7016	3	193168646	194920587	1158	-0.0181
b53beeee-ed70-43a4-b6a2-7f8d567f7016	3	194920617	194921116	4	-1.2527
b53beeee-ed70-43a4-b6a2-7f8d567f7016	3	194921751	195558822	313	-0.024
b53beeee-ed70-43a4-b6a2-7f8d567f7016	3	195559056	195720051	26	-0.702
b53beeee-ed70-43a4-b6a2-7f8d567f7016	3	195728637	198169247	1181	-0.0388
b53beeee-ed70-43a4-b6a2-7f8d567f7016	4	68929	554946	211	-0.0457
b53beeee-ed70-43a4-b6a2-7f8d567f7016	4	558960	917606	109	-0.3051
b53beeee-ed70-43a4-b6a2-7f8d567f7016	4	918363	10208766	5358	-0.0206
b53beeee-ed70-43a4-b6a2-7f8d567f7016	4	10212536	10229874	29	-2.0816
b53beeee-ed70-43a4-b6a2-7f8d567f7016	4	10232590	10233644	7	-0.8091
b53beeee-ed70-43a4-b6a2-7f8d567f7016	4	10234518	17023170	5286	-0.005
b53beeee-ed70-43a4-b6a2-7f8d567f7016	4	17023868	17026325	2	1.7914
b53beeee-ed70-43a4-b6a2-7f8d567f7016	4	17028780	34777432	11647	0.0033
b53beeee-ed70-43a4-b6a2-7f8d567f7016	4	34784878	34823103	38	-2.4726
b53beeee-ed70-43a4-b6a2-7f8d567f7016	4	34828250	40701994	3871	0.0039
b53beeee-ed70-43a4-b6a2-7f8d567f7016	4	40702128	40702670	3	-1.6254
b53beeee-ed70-43a4-b6a2-7f8d567f7016	4	40703970	54635561	6908	-0.0044
b53beeee-ed70-43a4-b6a2-7f8d567f7016	4	54635754	54639766	3	2.4147
b53beeee-ed70-43a4-b6a2-7f8d567f7016	4	54641439	57902056	2312	-0.0052
b53beeee-ed70-43a4-b6a2-7f8d567f7016	4	57904497	57904813	2	1.8896
b53beeee-ed70-43a4-b6a2-7f8d567f7016	4	57908276	63832015	3411	-0.0065
b53beeee-ed70-43a4-b6a2-7f8d567f7016	4	63832110	63839810	11	0.8962
b53beeee-ed70-43a4-b6a2-7f8d567f7016	4	63839893	68509442	2879	0.0021
b53beeee-ed70-43a4-b6a2-7f8d567f7016	4	68509630	68623617	63	-0.4487
b53beeee-ed70-43a4-b6a2-7f8d567f7016	4	68639397	68663241	4	1.4807
b53beeee-ed70-43a4-b6a2-7f8d567f7016	4	68671434	71539972	1640	0.0066
b53beeee-ed70-43a4-b6a2-7f8d567f7016	4	71540749	71541012	2	1.9247
b53beeee-ed70-43a4-b6a2-7f8d567f7016	4	71544631	94924355	14296	-0.0061
b53beeee-ed70-43a4-b6a2-7f8d567f7016	4	94924481	94925319	2	2.0899
b53beeee-ed70-43a4-b6a2-7f8d567f7016	4	94926863	103294549	5018	-0.0052
b53beeee-ed70-43a4-b6a2-7f8d567f7016	4	103296943	103296945	3	1.5652
b53beeee-ed70-43a4-b6a2-7f8d567f7016	4	103298947	114252544	6650	0.0028
b53beeee-ed70-43a4-b6a2-7f8d567f7016	4	114254167	114261019	23	0.9216
b53beeee-ed70-43a4-b6a2-7f8d567f7016	4	114263073	183057666	42324	-0.0005
b53beeee-ed70-43a4-b6a2-7f8d567f7016	4	183058817	183061944	2	2.946
b53beeee-ed70-43a4-b6a2-7f8d567f7016	4	183064047	190106768	4642	-0.0242
b53beeee-ed70-43a4-b6a2-7f8d567f7016	5	15532	1892645	922	-0.1374
b53beeee-ed70-43a4-b6a2-7f8d567f7016	5	1893813	12819201	9230	-0.0004
b53beeee-ed70-43a4-b6a2-7f8d567f7016	5	12819263	12826538	8	-1.7869
b53beeee-ed70-43a4-b6a2-7f8d567f7016	5	12833745	58025819	25467	-0.002
b53beeee-ed70-43a4-b6a2-7f8d567f7016	5	58030200	58037706	32	1.4216
b53beeee-ed70-43a4-b6a2-7f8d567f7016	5	58042530	138469431	48822	0.0004
b53beeee-ed70-43a4-b6a2-7f8d567f7016	5	138472272	138481105	19	-0.8795
b53beeee-ed70-43a4-b6a2-7f8d567f7016	5	138481268	152134475	8566	-0.0027
b53beeee-ed70-43a4-b6a2-7f8d567f7016	5	152134539	152140936	19	-0.571
b53beeee-ed70-43a4-b6a2-7f8d567f7016	5	152141650	171877335	13667	-0.0039
b53beeee-ed70-43a4-b6a2-7f8d567f7016	5	171877622	172189500	205	-0.1611
b53beeee-ed70-43a4-b6a2-7f8d567f7016	5	172194210	177730398	3538	-0.0076
b53beeee-ed70-43a4-b6a2-7f8d567f7016	5	177739139	177833329	10	-0.8923
b53beeee-ed70-43a4-b6a2-7f8d567f7016	5	177838979	180766199	1683	-0.0201
b53beeee-ed70-43a4-b6a2-7f8d567f7016	5	180766779	180767185	2	-1.8457
b53beeee-ed70-43a4-b6a2-7f8d567f7016	5	180767609	180801175	35	-0.2823
b53beeee-ed70-43a4-b6a2-7f8d567f7016	5	180808503	180934240	59	-0.0319
b53beeee-ed70-43a4-b6a2-7f8d567f7016	5	180934266	180951710	7	-0.3826
b53beeee-ed70-43a4-b6a2-7f8d567f7016	5	180951888	181015400	21	-2.2621
b53beeee-ed70-43a4-b6a2-7f8d567f7016	5	181015441	181363319	167	-0.0871
b53beeee-ed70-43a4-b6a2-7f8d567f7016	6	149661	254283	101	-0.1109
b53beeee-ed70-43a4-b6a2-7f8d567f7016	6	257353	381149	98	-0.7788
b53beeee-ed70-43a4-b6a2-7f8d567f7016	6	382559	771504	324	-0.0411
b53beeee-ed70-43a4-b6a2-7f8d567f7016	6	771711	776878	4	1.2936
b53beeee-ed70-43a4-b6a2-7f8d567f7016	6	779944	18339702	13605	-0.0109
b53beeee-ed70-43a4-b6a2-7f8d567f7016	6	18339775	18340056	2	2.0351
b53beeee-ed70-43a4-b6a2-7f8d567f7016	6	18340067	29869295	7437	0.0065
b53beeee-ed70-43a4-b6a2-7f8d567f7016	6	29869410	30003229	84	-0.6596
b53beeee-ed70-43a4-b6a2-7f8d567f7016	6	30003771	31309909	587	-0.0008
b53beeee-ed70-43a4-b6a2-7f8d567f7016	6	31313046	31327629	8	-2.1339
b53beeee-ed70-43a4-b6a2-7f8d567f7016	6	31328176	32463515	497	-0.0163
b53beeee-ed70-43a4-b6a2-7f8d567f7016	6	32463775	32533522	19	1.4852
b53beeee-ed70-43a4-b6a2-7f8d567f7016	6	32540699	65689858	18593	-0.0026
b53beeee-ed70-43a4-b6a2-7f8d567f7016	6	65689879	65699457	22	-0.7848
b53beeee-ed70-43a4-b6a2-7f8d567f7016	6	65699523	76730151	7186	0
b53beeee-ed70-43a4-b6a2-7f8d567f7016	6	76730331	76743040	20	-0.7543
b53beeee-ed70-43a4-b6a2-7f8d567f7016	6	76751356	78253157	973	0.0151
b53beeee-ed70-43a4-b6a2-7f8d567f7016	6	78253172	78325457	111	-0.6248
b53beeee-ed70-43a4-b6a2-7f8d567f7016	6	78325468	103286954	15429	0.0015
b53beeee-ed70-43a4-b6a2-7f8d567f7016	6	103290101	103314186	45	0.8627
b53beeee-ed70-43a4-b6a2-7f8d567f7016	6	103317795	156869644	34421	-0.0053
b53beeee-ed70-43a4-b6a2-7f8d567f7016	6	156871431	156882273	15	-1.3044
b53beeee-ed70-43a4-b6a2-7f8d567f7016	6	156888325	170741917	9554	-0.0214
b53beeee-ed70-43a4-b6a2-7f8d567f7016	7	43355	156599096	95865	-0.004
b53beeee-ed70-43a4-b6a2-7f8d567f7016	7	156600474	156601485	3	-3.4811
b53beeee-ed70-43a4-b6a2-7f8d567f7016	7	156602214	159334314	1617	-0.0456
b53beeee-ed70-43a4-b6a2-7f8d567f7016	8	81254	663620	339	-0.1102
b53beeee-ed70-43a4-b6a2-7f8d567f7016	8	667625	2844412	1691	-0.0107
b53beeee-ed70-43a4-b6a2-7f8d567f7016	8	2846011	2846377	7	-1.7883
b53beeee-ed70-43a4-b6a2-7f8d567f7016	8	2849649	4308904	2018	0.0122
b53beeee-ed70-43a4-b6a2-7f8d567f7016	8	4308968	4309665	5	1.4556
b53beeee-ed70-43a4-b6a2-7f8d567f7016	8	4309863	50119451	30967	-0.0096
b53beeee-ed70-43a4-b6a2-7f8d567f7016	8	50119464	50120863	8	-1.7077
b53beeee-ed70-43a4-b6a2-7f8d567f7016	8	50126018	140916075	58289	-0.002
b53beeee-ed70-43a4-b6a2-7f8d567f7016	8	140916207	141564862	403	-0.1326
b53beeee-ed70-43a4-b6a2-7f8d567f7016	8	141565045	141566354	3	2.107
b53beeee-ed70-43a4-b6a2-7f8d567f7016	8	141566973	142407067	492	-0.2002
b53beeee-ed70-43a4-b6a2-7f8d567f7016	8	142407252	144483318	703	-0.0274
b53beeee-ed70-43a4-b6a2-7f8d567f7016	8	144485603	145064887	244	-0.1972
b53beeee-ed70-43a4-b6a2-7f8d567f7016	8	145067303	145072769	6	2.2136
b53beeee-ed70-43a4-b6a2-7f8d567f7016	9	46587	6575976	6243	0.0103
b53beeee-ed70-43a4-b6a2-7f8d567f7016	9	6577647	6584843	6	-1.5433
b53beeee-ed70-43a4-b6a2-7f8d567f7016	9	6585463	7732224	1194	0.0202
b53beeee-ed70-43a4-b6a2-7f8d567f7016	9	7734250	7735326	3	2.7925
b53beeee-ed70-43a4-b6a2-7f8d567f7016	9	7735724	16898260	7791	0.0222
b53beeee-ed70-43a4-b6a2-7f8d567f7016	9	16903448	16906361	5	1.4712
b53beeee-ed70-43a4-b6a2-7f8d567f7016	9	16906558	41644133	15898	0.0079
b53beeee-ed70-43a4-b6a2-7f8d567f7016	9	41644133	41646850	5	-1.6963
b53beeee-ed70-43a4-b6a2-7f8d567f7016	9	41659472	61405110	100	-0.0851
b53beeee-ed70-43a4-b6a2-7f8d567f7016	9	61520021	61647899	30	0.4298
b53beeee-ed70-43a4-b6a2-7f8d567f7016	9	61665362	90847295	16345	-0.0011
b53beeee-ed70-43a4-b6a2-7f8d567f7016	9	90847386	90847850	3	2.0842
b53beeee-ed70-43a4-b6a2-7f8d567f7016	9	90850677	138200944	31535	0.002
b53beeee-ed70-43a4-b6a2-7f8d567f7016	10	45792	46522514	31548	-0.0031
b53beeee-ed70-43a4-b6a2-7f8d567f7016	10	46522571	46526280	15	0.8621
b53beeee-ed70-43a4-b6a2-7f8d567f7016	10	46526920	48751600	803	-0.0313
b53beeee-ed70-43a4-b6a2-7f8d567f7016	10	48753401	48755086	4	1.6707
b53beeee-ed70-43a4-b6a2-7f8d567f7016	10	48755225	55420561	4824	0.003
b53beeee-ed70-43a4-b6a2-7f8d567f7016	10	55420780	55423301	10	0.9286
b53beeee-ed70-43a4-b6a2-7f8d567f7016	10	55423591	79935570	16334	0.004
b53beeee-ed70-43a4-b6a2-7f8d567f7016	10	79938845	80237692	186	-0.2004
b53beeee-ed70-43a4-b6a2-7f8d567f7016	10	80248392	80248789	2	0.6758
b53beeee-ed70-43a4-b6a2-7f8d567f7016	10	80252343	87187304	4935	-0.0025
b53beeee-ed70-43a4-b6a2-7f8d567f7016	10	87189670	87310039	13	0.5951
b53beeee-ed70-43a4-b6a2-7f8d567f7016	10	87310988	87357543	12	-0.8149
b53beeee-ed70-43a4-b6a2-7f8d567f7016	10	87371433	130616775	29773	-0.0005
b53beeee-ed70-43a4-b6a2-7f8d567f7016	10	130620551	133654968	1863	-0.0673
b53beeee-ed70-43a4-b6a2-7f8d567f7016	11	198510	253390	36	0.0156
b53beeee-ed70-43a4-b6a2-7f8d567f7016	11	253662	254010	3	1.5738
b53beeee-ed70-43a4-b6a2-7f8d567f7016	11	254064	1623210	441	-0.0271
b53beeee-ed70-43a4-b6a2-7f8d567f7016	11	1623675	1628817	7	-1.4177
b53beeee-ed70-43a4-b6a2-7f8d567f7016	11	1629309	5769582	2739	-0.0018
b53beeee-ed70-43a4-b6a2-7f8d567f7016	11	5769733	5788108	26	0.4551
b53beeee-ed70-43a4-b6a2-7f8d567f7016	11	5788231	18919323	9374	-0.0026
b53beeee-ed70-43a4-b6a2-7f8d567f7016	11	18927525	18940441	43	-1.3922
b53beeee-ed70-43a4-b6a2-7f8d567f7016	11	18940469	42785494	17116	0.0058
b53beeee-ed70-43a4-b6a2-7f8d567f7016	11	42791601	42796489	3	-2.6382
b53beeee-ed70-43a4-b6a2-7f8d567f7016	11	42799053	55592077	4561	-0.0042
b53beeee-ed70-43a4-b6a2-7f8d567f7016	11	55592092	55706751	76	0.273
b53beeee-ed70-43a4-b6a2-7f8d567f7016	11	55707880	55708084	2	1.6809
b53beeee-ed70-43a4-b6a2-7f8d567f7016	11	55708163	59331211	2204	0.007
b53beeee-ed70-43a4-b6a2-7f8d567f7016	11	59334286	59342713	3	2.3177
b53beeee-ed70-43a4-b6a2-7f8d567f7016	11	59344263	63949244	2520	0.0044
b53beeee-ed70-43a4-b6a2-7f8d567f7016	11	63953469	63971170	15	-0.6279
b53beeee-ed70-43a4-b6a2-7f8d567f7016	11	63971967	65339198	512	-0.0242
b53beeee-ed70-43a4-b6a2-7f8d567f7016	11	65339698	65339983	2	1.9257
b53beeee-ed70-43a4-b6a2-7f8d567f7016	11	65343252	65534970	78	-0.0955
b53beeee-ed70-43a4-b6a2-7f8d567f7016	11	65542252	65902628	152	-0.2378
b53beeee-ed70-43a4-b6a2-7f8d567f7016	11	65903039	95533318	18203	0.0011
b53beeee-ed70-43a4-b6a2-7f8d567f7016	11	95534736	95536228	4	-1.4176
b53beeee-ed70-43a4-b6a2-7f8d567f7016	11	95538364	96072527	393	-0.0149
b53beeee-ed70-43a4-b6a2-7f8d567f7016	11	96072649	96072816	6	-1.0912
b53beeee-ed70-43a4-b6a2-7f8d567f7016	11	96072843	99968957	2888	0.0177
b53beeee-ed70-43a4-b6a2-7f8d567f7016	11	99972614	99972630	2	-2.2076
b53beeee-ed70-43a4-b6a2-7f8d567f7016	11	99972870	135074876	25068	-0.0025
b53beeee-ed70-43a4-b6a2-7f8d567f7016	12	51460	9481274	6144	-0.0125
b53beeee-ed70-43a4-b6a2-7f8d567f7016	12	9485313	9575696	23	-1.6185
b53beeee-ed70-43a4-b6a2-7f8d567f7016	12	9582373	133201603	78370	0.0023
b53beeee-ed70-43a4-b6a2-7f8d567f7016	13	18452809	114342922	63913	-0.0008
b53beeee-ed70-43a4-b6a2-7f8d567f7016	14	18239283	19134873	34	-0.0173
b53beeee-ed70-43a4-b6a2-7f8d567f7016	14	19138115	19952080	131	-0.4663
b53beeee-ed70-43a4-b6a2-7f8d567f7016	14	19954424	21806359	1220	-0.0297
b53beeee-ed70-43a4-b6a2-7f8d567f7016	14	21806793	22501252	617	0.1504
b53beeee-ed70-43a4-b6a2-7f8d567f7016	14	22501272	41141293	11715	0.006
b53beeee-ed70-43a4-b6a2-7f8d567f7016	14	41141487	41184774	12	-2.9674
b53beeee-ed70-43a4-b6a2-7f8d567f7016	14	41188046	44031914	1709	0.004
b53beeee-ed70-43a4-b6a2-7f8d567f7016	14	44032725	44034014	2	2.2746
b53beeee-ed70-43a4-b6a2-7f8d567f7016	14	44037508	46687720	1480	0.0295
b53beeee-ed70-43a4-b6a2-7f8d567f7016	14	46691286	46691955	3	-1.5053
b53beeee-ed70-43a4-b6a2-7f8d567f7016	14	46693176	60587507	9008	0.0032
b53beeee-ed70-43a4-b6a2-7f8d567f7016	14	60588731	60603497	10	-0.839
b53beeee-ed70-43a4-b6a2-7f8d567f7016	14	60603578	68733740	5036	-0.0004
b53beeee-ed70-43a4-b6a2-7f8d567f7016	14	68735839	68746267	13	-0.6563
b53beeee-ed70-43a4-b6a2-7f8d567f7016	14	68747502	73540003	3113	-0.0058
b53beeee-ed70-43a4-b6a2-7f8d567f7016	14	73540147	73554275	7	-1.7145
b53beeee-ed70-43a4-b6a2-7f8d567f7016	14	73563196	105650524	20585	-0.0018
b53beeee-ed70-43a4-b6a2-7f8d567f7016	14	105653302	105784769	23	-0.4864
b53beeee-ed70-43a4-b6a2-7f8d567f7016	14	105784824	106877229	475	-0.0282
b53beeee-ed70-43a4-b6a2-7f8d567f7016	15	19811075	20235285	63	-0.1221
b53beeee-ed70-43a4-b6a2-7f8d567f7016	15	20240885	22413894	144	-0.6939
b53beeee-ed70-43a4-b6a2-7f8d567f7016	15	22455811	30106026	4609	-0.0132
b53beeee-ed70-43a4-b6a2-7f8d567f7016	15	30152073	30595753	35	-0.744
b53beeee-ed70-43a4-b6a2-7f8d567f7016	15	30608675	93815910	40494	0.0056
b53beeee-ed70-43a4-b6a2-7f8d567f7016	15	93818548	93819721	6	1.4306
b53beeee-ed70-43a4-b6a2-7f8d567f7016	15	93822345	100273280	4791	0.0067
b53beeee-ed70-43a4-b6a2-7f8d567f7016	15	100273612	100277180	3	2.01
b53beeee-ed70-43a4-b6a2-7f8d567f7016	15	100278302	101928837	1210	-0.0127
b53beeee-ed70-43a4-b6a2-7f8d567f7016	16	10777	1515717	486	-0.1309
b53beeee-ed70-43a4-b6a2-7f8d567f7016	16	1516381	15031584	10630	0.0066
b53beeee-ed70-43a4-b6a2-7f8d567f7016	16	15033033	17117688	867	-0.0959
b53beeee-ed70-43a4-b6a2-7f8d567f7016	16	17118125	17119931	3	-2.1683
b53beeee-ed70-43a4-b6a2-7f8d567f7016	16	17119966	51030172	11081	-0.0121
b53beeee-ed70-43a4-b6a2-7f8d567f7016	16	51030261	51030661	2	2.7077
b53beeee-ed70-43a4-b6a2-7f8d567f7016	16	51033054	52369181	1016	0.011
b53beeee-ed70-43a4-b6a2-7f8d567f7016	16	52371306	52384788	11	-0.6982
b53beeee-ed70-43a4-b6a2-7f8d567f7016	16	52385186	53424105	728	0.005
b53beeee-ed70-43a4-b6a2-7f8d567f7016	16	53435475	53435895	3	3.9531
b53beeee-ed70-43a4-b6a2-7f8d567f7016	16	53436017	56727061	2618	0.0125
b53beeee-ed70-43a4-b6a2-7f8d567f7016	16	56727296	56731872	5	2.526
b53beeee-ed70-43a4-b6a2-7f8d567f7016	16	56732919	81152300	16867	0.0044
b53beeee-ed70-43a4-b6a2-7f8d567f7016	16	81153284	81178464	40	-0.3931
b53beeee-ed70-43a4-b6a2-7f8d567f7016	16	81178647	84014793	3066	0.0036
b53beeee-ed70-43a4-b6a2-7f8d567f7016	16	84014935	84900412	794	-0.1289
b53beeee-ed70-43a4-b6a2-7f8d567f7016	16	84903681	88579409	2798	0.0027
b53beeee-ed70-43a4-b6a2-7f8d567f7016	16	88579725	90096867	657	-0.161
b53beeee-ed70-43a4-b6a2-7f8d567f7016	17	150733	41265456	20733	-0.0106
b53beeee-ed70-43a4-b6a2-7f8d567f7016	17	41266762	41274198	23	1.6974
b53beeee-ed70-43a4-b6a2-7f8d567f7016	17	41274279	46161868	2549	-0.0059
b53beeee-ed70-43a4-b6a2-7f8d567f7016	17	46162808	46274320	60	-0.4216
b53beeee-ed70-43a4-b6a2-7f8d567f7016	17	46274335	56083810	5797	0.0037
b53beeee-ed70-43a4-b6a2-7f8d567f7016	17	56083853	56087519	6	-1.7811
b53beeee-ed70-43a4-b6a2-7f8d567f7016	17	56087574	56088976	4	0.4994
b53beeee-ed70-43a4-b6a2-7f8d567f7016	17	56088992	56095462	13	-0.8314
b53beeee-ed70-43a4-b6a2-7f8d567f7016	17	56095886	56324629	186	-0.0595
b53beeee-ed70-43a4-b6a2-7f8d567f7016	17	56326957	73846381	10766	0.0024
b53beeee-ed70-43a4-b6a2-7f8d567f7016	17	73851784	83091923	4718	-0.0412
b53beeee-ed70-43a4-b6a2-7f8d567f7016	18	48133	294045	111	-0.0524
b53beeee-ed70-43a4-b6a2-7f8d567f7016	18	294169	295046	6	-1.2937
b53beeee-ed70-43a4-b6a2-7f8d567f7016	18	298035	40678106	22577	-0.0009
b53beeee-ed70-43a4-b6a2-7f8d567f7016	18	40678118	40689848	36	0.5816
b53beeee-ed70-43a4-b6a2-7f8d567f7016	18	40690108	73279874	22712	0.0064
b53beeee-ed70-43a4-b6a2-7f8d567f7016	18	73280956	73281003	2	2.2313
b53beeee-ed70-43a4-b6a2-7f8d567f7016	18	73281048	76146581	2381	0.002
b53beeee-ed70-43a4-b6a2-7f8d567f7016	18	76147014	76147143	2	-2.4691
b53beeee-ed70-43a4-b6a2-7f8d567f7016	18	76150538	80257174	2729	-0.0368
b53beeee-ed70-43a4-b6a2-7f8d567f7016	19	90910	916737	176	-0.0241
b53beeee-ed70-43a4-b6a2-7f8d567f7016	19	931521	931523	2	-2.1072
b53beeee-ed70-43a4-b6a2-7f8d567f7016	19	939673	15673342	6393	-0.0036
b53beeee-ed70-43a4-b6a2-7f8d567f7016	19	15679275	15680807	2	3.8814
b53beeee-ed70-43a4-b6a2-7f8d567f7016	19	15680854	19844474	1970	0.0067
b53beeee-ed70-43a4-b6a2-7f8d567f7016	19	19846860	19847731	2	2.2457
b53beeee-ed70-43a4-b6a2-7f8d567f7016	19	19850417	20286348	256	-0.088
b53beeee-ed70-43a4-b6a2-7f8d567f7016	19	20287963	20288631	2	2.026
b53beeee-ed70-43a4-b6a2-7f8d567f7016	19	20292732	35294424	7801	-0.0008
b53beeee-ed70-43a4-b6a2-7f8d567f7016	19	35297579	35302135	5	1.6625
b53beeee-ed70-43a4-b6a2-7f8d567f7016	19	35304513	40560555	2693	-0.0134
b53beeee-ed70-43a4-b6a2-7f8d567f7016	19	40563025	40565917	3	2.9173
b53beeee-ed70-43a4-b6a2-7f8d567f7016	19	40573434	54997337	7523	-0.0183
b53beeee-ed70-43a4-b6a2-7f8d567f7016	19	54997939	54998320	2	-2.6289
b53beeee-ed70-43a4-b6a2-7f8d567f7016	19	54998497	58586487	2195	-0.0248
b53beeee-ed70-43a4-b6a2-7f8d567f7016	20	80664	1601561	1234	-0.0117
b53beeee-ed70-43a4-b6a2-7f8d567f7016	20	1609611	1613247	5	-1.5194
b53beeee-ed70-43a4-b6a2-7f8d567f7016	20	1617300	41405646	24449	0.0084
b53beeee-ed70-43a4-b6a2-7f8d567f7016	20	41405651	41406596	2	2.328
b53beeee-ed70-43a4-b6a2-7f8d567f7016	20	41409629	60984833	14726	-0.0002
b53beeee-ed70-43a4-b6a2-7f8d567f7016	20	60986195	61015027	54	0.453
b53beeee-ed70-43a4-b6a2-7f8d567f7016	20	61015145	63595400	1433	-0.0005
b53beeee-ed70-43a4-b6a2-7f8d567f7016	20	63598636	64324800	305	-0.1722
b53beeee-ed70-43a4-b6a2-7f8d567f7016	21	10354168	13081432	99	-0.2392
b53beeee-ed70-43a4-b6a2-7f8d567f7016	21	13084095	22278814	6170	0.0008
b53beeee-ed70-43a4-b6a2-7f8d567f7016	21	22283580	22296972	11	-0.9812
b53beeee-ed70-43a4-b6a2-7f8d567f7016	21	22301563	45250897	16683	0.0009
b53beeee-ed70-43a4-b6a2-7f8d567f7016	21	45250959	46677045	798	-0.1019
b53beeee-ed70-43a4-b6a2-7f8d567f7016	22	15294547	18144133	1109	-0.0124
b53beeee-ed70-43a4-b6a2-7f8d567f7016	22	18144143	20809083	1314	-0.1799
b53beeee-ed70-43a4-b6a2-7f8d567f7016	22	20817520	23987520	1957	-0.0704
b53beeee-ed70-43a4-b6a2-7f8d567f7016	22	23988078	23989773	2	-3.4915
b53beeee-ed70-43a4-b6a2-7f8d567f7016	22	23990431	24554187	304	-0.0916
b53beeee-ed70-43a4-b6a2-7f8d567f7016	22	24556319	48900090	17287	-0.0028
b53beeee-ed70-43a4-b6a2-7f8d567f7016	22	48904535	50796027	1218	-0.1308
b53beeee-ed70-43a4-b6a2-7f8d567f7016	X	251810	9605751	5230	-0.0095
b53beeee-ed70-43a4-b6a2-7f8d567f7016	X	9610023	9610705	3	-2.2942
b53beeee-ed70-43a4-b6a2-7f8d567f7016	X	9613189	58477663	28080	0.0006
b53beeee-ed70-43a4-b6a2-7f8d567f7016	X	58515724	58516540	2	3.5129
b53beeee-ed70-43a4-b6a2-7f8d567f7016	X	58523135	90708438	13410	-0.0037
b53beeee-ed70-43a4-b6a2-7f8d567f7016	X	90712113	90720763	3	2.1697
b53beeee-ed70-43a4-b6a2-7f8d567f7016	X	90721121	101067190	5467	0.0077
b53beeee-ed70-43a4-b6a2-7f8d567f7016	X	101067757	101080699	5	1.9735
b53beeee-ed70-43a4-b6a2-7f8d567f7016	X	101080917	151611214	29210	0.0036
b53beeee-ed70-43a4-b6a2-7f8d567f7016	X	151615256	151622822	3	2.5627
b53beeee-ed70-43a4-b6a2-7f8d567f7016	X	151623396	155952689	2041	-0.0314
b53beeee-ed70-43a4-b6a2-7f8d567f7016	Y	2782397	6233355	781	-2.4808
b53beeee-ed70-43a4-b6a2-7f8d567f7016	Y	6233384	7967672	715	-2.8164
b53beeee-ed70-43a4-b6a2-7f8d567f7016	Y	7967799	7967806	2	-7.6511
b53beeee-ed70-43a4-b6a2-7f8d567f7016	Y	7968337	8632342	461	-2.8718
b53beeee-ed70-43a4-b6a2-7f8d567f7016	Y	8632861	8654617	9	-5.4185
b53beeee-ed70-43a4-b6a2-7f8d567f7016	Y	8654875	9330531	257	-2.9834
b53beeee-ed70-43a4-b6a2-7f8d567f7016	Y	9332936	9550385	21	-5.0161
b53beeee-ed70-43a4-b6a2-7f8d567f7016	Y	9550653	13478396	1014	-2.7656
b53beeee-ed70-43a4-b6a2-7f8d567f7016	Y	13478462	13482643	3	-7.5064
b53beeee-ed70-43a4-b6a2-7f8d567f7016	Y	13483009	56872112	3370	-2.7974
