GDC_Aliquot	Chromosome	Start	End	Num_Probes	Segment_Mean
eafba79c-14da-4e4d-a8f2-4605a918e848	1	62920	16863509	8667	-0.3785
eafba79c-14da-4e4d-a8f2-4605a918e848	1	16864367	16935752	54	0.4267
eafba79c-14da-4e4d-a8f2-4605a918e848	1	16949746	25256850	5235	-0.3703
eafba79c-14da-4e4d-a8f2-4605a918e848	1	25266637	25320455	24	0.3232
eafba79c-14da-4e4d-a8f2-4605a918e848	1	25336819	44837025	10689	-0.3611
eafba79c-14da-4e4d-a8f2-4605a918e848	1	44837700	72303233	17948	-0.3363
eafba79c-14da-4e4d-a8f2-4605a918e848	1	72303253	72346221	46	-0.9246
eafba79c-14da-4e4d-a8f2-4605a918e848	1	72346757	91695400	12625	-0.3362
eafba79c-14da-4e4d-a8f2-4605a918e848	1	91696434	91697227	2	-3.1112
eafba79c-14da-4e4d-a8f2-4605a918e848	1	91698335	105470754	8258	-0.333
eafba79c-14da-4e4d-a8f2-4605a918e848	1	105476583	105479753	17	-1.2413
eafba79c-14da-4e4d-a8f2-4605a918e848	1	105481433	108202381	1947	-0.3436
eafba79c-14da-4e4d-a8f2-4605a918e848	1	108202617	108223733	9	-0.7348
eafba79c-14da-4e4d-a8f2-4605a918e848	1	108226680	108274557	2	-2.2363
eafba79c-14da-4e4d-a8f2-4605a918e848	1	108310648	109679105	671	-0.3566
eafba79c-14da-4e4d-a8f2-4605a918e848	1	109684695	109703504	17	0.2775
eafba79c-14da-4e4d-a8f2-4605a918e848	1	109703508	121601998	7104	-0.3311
eafba79c-14da-4e4d-a8f2-4605a918e848	1	121705338	143942271	129	0.4345
eafba79c-14da-4e4d-a8f2-4605a918e848	1	144432083	152583051	2308	-0.3487
eafba79c-14da-4e4d-a8f2-4605a918e848	1	152583230	152614118	35	0.3263
eafba79c-14da-4e4d-a8f2-4605a918e848	1	152618018	152787202	166	-0.3785
eafba79c-14da-4e4d-a8f2-4605a918e848	1	152789447	152796224	37	-1.5056
eafba79c-14da-4e4d-a8f2-4605a918e848	1	152801429	196745743	29355	-0.3377
eafba79c-14da-4e4d-a8f2-4605a918e848	1	196758720	196832525	57	-1.0094
eafba79c-14da-4e4d-a8f2-4605a918e848	1	196832720	248930189	35675	-0.3481
eafba79c-14da-4e4d-a8f2-4605a918e848	2	12784	32402929	22530	0.0153
eafba79c-14da-4e4d-a8f2-4605a918e848	2	32405480	33106711	441	0.6058
eafba79c-14da-4e4d-a8f2-4605a918e848	2	33108804	242147305	126230	0.022
eafba79c-14da-4e4d-a8f2-4605a918e848	3	20930	182919	153	-0.4048
eafba79c-14da-4e4d-a8f2-4605a918e848	3	188339	191117	4	-2.2417
eafba79c-14da-4e4d-a8f2-4605a918e848	3	193194	5086275	4364	-0.3622
eafba79c-14da-4e4d-a8f2-4605a918e848	3	5087441	5088084	3	-2.5368
eafba79c-14da-4e4d-a8f2-4605a918e848	3	5088970	16197556	8312	-0.358
eafba79c-14da-4e4d-a8f2-4605a918e848	3	16199049	16199672	6	-2.1046
eafba79c-14da-4e4d-a8f2-4605a918e848	3	16199818	23937812	4953	-0.3387
eafba79c-14da-4e4d-a8f2-4605a918e848	3	23939938	23940837	2	-2.7008
eafba79c-14da-4e4d-a8f2-4605a918e848	3	23940839	26570158	2131	-0.3545
eafba79c-14da-4e4d-a8f2-4605a918e848	3	26570176	26570394	4	-2.5104
eafba79c-14da-4e4d-a8f2-4605a918e848	3	26570407	28768295	1438	-0.3628
eafba79c-14da-4e4d-a8f2-4605a918e848	3	28768950	28771069	5	-2.9969
eafba79c-14da-4e4d-a8f2-4605a918e848	3	28774591	68697013	26224	-0.3421
eafba79c-14da-4e4d-a8f2-4605a918e848	3	68697108	68698262	14	-1.0702
eafba79c-14da-4e4d-a8f2-4605a918e848	3	68699607	84312040	9700	-0.3515
eafba79c-14da-4e4d-a8f2-4605a918e848	3	84312477	93869720	3354	0.2465
eafba79c-14da-4e4d-a8f2-4605a918e848	3	93870069	130067366	21532	0.3029
eafba79c-14da-4e4d-a8f2-4605a918e848	3	130067443	130087393	31	0.8436
eafba79c-14da-4e4d-a8f2-4605a918e848	3	130088081	162374395	19952	0.3047
eafba79c-14da-4e4d-a8f2-4605a918e848	3	162385286	162388527	2	-1.6294
eafba79c-14da-4e4d-a8f2-4605a918e848	3	162390852	162795304	286	0.2775
eafba79c-14da-4e4d-a8f2-4605a918e848	3	162795361	162807070	9	0.9731
eafba79c-14da-4e4d-a8f2-4605a918e848	3	162810842	162822702	10	-0.8022
eafba79c-14da-4e4d-a8f2-4605a918e848	3	162827928	162906109	46	0.5497
eafba79c-14da-4e4d-a8f2-4605a918e848	3	162908192	162908815	4	-1.0743
eafba79c-14da-4e4d-a8f2-4605a918e848	3	162910826	162996729	70	0.3271
eafba79c-14da-4e4d-a8f2-4605a918e848	3	162999939	163001774	2	-1.9389
eafba79c-14da-4e4d-a8f2-4605a918e848	3	163008371	180758495	10923	0.3116
eafba79c-14da-4e4d-a8f2-4605a918e848	3	180759507	180759715	2	-1.8341
eafba79c-14da-4e4d-a8f2-4605a918e848	3	180761369	184677822	2095	0.2853
eafba79c-14da-4e4d-a8f2-4605a918e848	3	184680152	184682188	2	-0.9965
eafba79c-14da-4e4d-a8f2-4605a918e848	3	184683377	193160113	6051	0.3061
eafba79c-14da-4e4d-a8f2-4605a918e848	3	193160173	193165114	19	-1.0951
eafba79c-14da-4e4d-a8f2-4605a918e848	3	193168646	198169247	2688	0.2884
eafba79c-14da-4e4d-a8f2-4605a918e848	4	68929	5318059	2526	-0.0002
eafba79c-14da-4e4d-a8f2-4605a918e848	4	5319207	5321568	2	-2.3642
eafba79c-14da-4e4d-a8f2-4605a918e848	4	5322472	34777432	20137	0.0173
eafba79c-14da-4e4d-a8f2-4605a918e848	4	34784878	34823103	38	-1.7986
eafba79c-14da-4e4d-a8f2-4605a918e848	4	34828250	172501371	82399	0.0235
eafba79c-14da-4e4d-a8f2-4605a918e848	4	172503796	172507492	7	1.0669
eafba79c-14da-4e4d-a8f2-4605a918e848	4	172519981	190106768	11814	0.0251
eafba79c-14da-4e4d-a8f2-4605a918e848	5	15532	733497	322	0.2785
eafba79c-14da-4e4d-a8f2-4605a918e848	5	741924	742574	2	-1.266
eafba79c-14da-4e4d-a8f2-4605a918e848	5	760901	6739454	5008	0.287
eafba79c-14da-4e4d-a8f2-4605a918e848	5	6740203	6742055	2	-1.1404
eafba79c-14da-4e4d-a8f2-4605a918e848	5	6742416	15718383	6820	0.2958
eafba79c-14da-4e4d-a8f2-4605a918e848	5	15719113	15720488	11	-0.5144
eafba79c-14da-4e4d-a8f2-4605a918e848	5	15723237	17827436	1344	0.2787
eafba79c-14da-4e4d-a8f2-4605a918e848	5	17828029	17829678	4	-1.2323
eafba79c-14da-4e4d-a8f2-4605a918e848	5	17833550	46271006	17117	0.2968
eafba79c-14da-4e4d-a8f2-4605a918e848	5	46271828	46273400	6	-2.0439
eafba79c-14da-4e4d-a8f2-4605a918e848	5	46278110	58025819	5067	0.3097
eafba79c-14da-4e4d-a8f2-4605a918e848	5	58030200	58036817	27	1.1816
eafba79c-14da-4e4d-a8f2-4605a918e848	5	58037089	59316231	1013	0.3073
eafba79c-14da-4e4d-a8f2-4605a918e848	5	59316393	59316907	2	-1.1411
eafba79c-14da-4e4d-a8f2-4605a918e848	5	59318863	69533520	6279	0.305
eafba79c-14da-4e4d-a8f2-4605a918e848	5	69550476	69937617	8	-0.6199
eafba79c-14da-4e4d-a8f2-4605a918e848	5	70017846	113988573	25863	0.3067
eafba79c-14da-4e4d-a8f2-4605a918e848	5	113991308	113999622	10	-0.4381
eafba79c-14da-4e4d-a8f2-4605a918e848	5	114001271	118050922	3015	0.3085
eafba79c-14da-4e4d-a8f2-4605a918e848	5	118052727	118068645	12	-0.4588
eafba79c-14da-4e4d-a8f2-4605a918e848	5	118071110	139770607	13305	0.2929
eafba79c-14da-4e4d-a8f2-4605a918e848	5	139770667	153196755	8731	0.7129
eafba79c-14da-4e4d-a8f2-4605a918e848	5	153200230	153203266	2	-0.5444
eafba79c-14da-4e4d-a8f2-4605a918e848	5	153203289	156048095	1969	0.7188
eafba79c-14da-4e4d-a8f2-4605a918e848	5	156049762	156068240	15	-0.4013
eafba79c-14da-4e4d-a8f2-4605a918e848	5	156068247	158504492	1689	0.704
eafba79c-14da-4e4d-a8f2-4605a918e848	5	158504756	159075720	402	0.7904
eafba79c-14da-4e4d-a8f2-4605a918e848	5	159076448	168785091	6540	0.7023
eafba79c-14da-4e4d-a8f2-4605a918e848	5	168785451	170423852	1444	0.7461
eafba79c-14da-4e4d-a8f2-4605a918e848	5	170424061	177771448	4712	0.6939
eafba79c-14da-4e4d-a8f2-4605a918e848	5	177800550	177805604	3	2.4805
eafba79c-14da-4e4d-a8f2-4605a918e848	5	177827964	179639005	1045	0.6809
eafba79c-14da-4e4d-a8f2-4605a918e848	5	179639934	179678327	32	0.3201
eafba79c-14da-4e4d-a8f2-4605a918e848	5	179681196	181363319	905	0.6985
eafba79c-14da-4e4d-a8f2-4605a918e848	6	149661	294837	124	0.0579
eafba79c-14da-4e4d-a8f2-4605a918e848	6	302306	381149	78	0.7121
eafba79c-14da-4e4d-a8f2-4605a918e848	6	382559	107164464	67495	0.0207
eafba79c-14da-4e4d-a8f2-4605a918e848	6	107171048	107534957	197	-0.8163
eafba79c-14da-4e4d-a8f2-4605a918e848	6	107535214	107541874	5	-3.2586
eafba79c-14da-4e4d-a8f2-4605a918e848	6	107541996	108178521	461	-0.9209
eafba79c-14da-4e4d-a8f2-4605a918e848	6	108178677	147495859	24436	-0.8313
eafba79c-14da-4e4d-a8f2-4605a918e848	6	147497332	170741917	16215	-0.8913
eafba79c-14da-4e4d-a8f2-4605a918e848	7	43355	7048333	3516	0.2394
eafba79c-14da-4e4d-a8f2-4605a918e848	7	7048658	21635606	11844	0.2981
eafba79c-14da-4e4d-a8f2-4605a918e848	7	21638475	21639025	2	-1.4432
eafba79c-14da-4e4d-a8f2-4605a918e848	7	21639693	23995508	1743	0.2918
eafba79c-14da-4e4d-a8f2-4605a918e848	7	24000259	24000764	2	-1.1987
eafba79c-14da-4e4d-a8f2-4605a918e848	7	24001198	54305455	21317	0.2995
eafba79c-14da-4e4d-a8f2-4605a918e848	7	54318812	54318824	6	-1.0575
eafba79c-14da-4e4d-a8f2-4605a918e848	7	54325795	54861282	402	0.2947
eafba79c-14da-4e4d-a8f2-4605a918e848	7	54864113	54864286	2	-1.0078
eafba79c-14da-4e4d-a8f2-4605a918e848	7	54864564	55600100	671	0.3114
eafba79c-14da-4e4d-a8f2-4605a918e848	7	55600292	70955452	5043	0.2603
eafba79c-14da-4e4d-a8f2-4605a918e848	7	70958264	70961155	2	-1.5967
eafba79c-14da-4e4d-a8f2-4605a918e848	7	70963257	77805818	2711	0.2402
eafba79c-14da-4e4d-a8f2-4605a918e848	7	77806347	96986661	12492	0.3022
eafba79c-14da-4e4d-a8f2-4605a918e848	7	96986700	102807005	2574	0.2437
eafba79c-14da-4e4d-a8f2-4605a918e848	7	102807165	109797035	4504	0.2991
eafba79c-14da-4e4d-a8f2-4605a918e848	7	109797036	109801752	27	-0.1005
eafba79c-14da-4e4d-a8f2-4605a918e848	7	109801903	128261319	11271	0.2993
eafba79c-14da-4e4d-a8f2-4605a918e848	7	128263486	129102167	416	0.2192
eafba79c-14da-4e4d-a8f2-4605a918e848	7	129102552	134093676	3029	0.3014
eafba79c-14da-4e4d-a8f2-4605a918e848	7	134093715	134133578	48	0.0279
eafba79c-14da-4e4d-a8f2-4605a918e848	7	134134788	142069843	5176	0.2939
eafba79c-14da-4e4d-a8f2-4605a918e848	7	142069880	142099190	34	-0.281
eafba79c-14da-4e4d-a8f2-4605a918e848	7	142099360	143733941	917	0.2728
eafba79c-14da-4e4d-a8f2-4605a918e848	7	143773027	143802294	6	-0.627
eafba79c-14da-4e4d-a8f2-4605a918e848	7	143846758	159334314	9921	0.2824
eafba79c-14da-4e4d-a8f2-4605a918e848	8	81254	1872579	1222	-0.9327
eafba79c-14da-4e4d-a8f2-4605a918e848	8	1873326	1875493	5	-3.7975
eafba79c-14da-4e4d-a8f2-4605a918e848	8	1875983	9548191	7736	-0.9406
eafba79c-14da-4e4d-a8f2-4605a918e848	8	9548842	9549887	3	-4.6795
eafba79c-14da-4e4d-a8f2-4605a918e848	8	9550080	12143614	1922	-0.9756
eafba79c-14da-4e4d-a8f2-4605a918e848	8	12176798	12697234	75	-0.4742
eafba79c-14da-4e4d-a8f2-4605a918e848	8	12698533	19674689	6363	-0.9085
eafba79c-14da-4e4d-a8f2-4605a918e848	8	19675253	19676025	2	-5.119
eafba79c-14da-4e4d-a8f2-4605a918e848	8	19676038	36804168	11437	-0.8869
eafba79c-14da-4e4d-a8f2-4605a918e848	8	36805162	36966140	84	-0.0416
eafba79c-14da-4e4d-a8f2-4605a918e848	8	36967448	37042749	56	-0.8814
eafba79c-14da-4e4d-a8f2-4605a918e848	8	37044322	39373140	1240	-0.029
eafba79c-14da-4e4d-a8f2-4605a918e848	8	39378084	39529446	59	0.5693
eafba79c-14da-4e4d-a8f2-4605a918e848	8	39530780	41709593	1550	-0.0121
eafba79c-14da-4e4d-a8f2-4605a918e848	8	41710353	41711406	2	-1.119
eafba79c-14da-4e4d-a8f2-4605a918e848	8	41717921	43100460	794	-0.0254
eafba79c-14da-4e4d-a8f2-4605a918e848	8	43102491	47169494	677	0.056
eafba79c-14da-4e4d-a8f2-4605a918e848	8	47176999	50118212	1550	-0.0009
eafba79c-14da-4e4d-a8f2-4605a918e848	8	50119451	50126018	10	-0.6533
eafba79c-14da-4e4d-a8f2-4605a918e848	8	50126059	53119747	1939	0.0143
eafba79c-14da-4e4d-a8f2-4605a918e848	8	53121474	53122228	2	-1.333
eafba79c-14da-4e4d-a8f2-4605a918e848	8	53122329	57850330	3121	0.0135
eafba79c-14da-4e4d-a8f2-4605a918e848	8	57850448	57850495	2	-2.199
eafba79c-14da-4e4d-a8f2-4605a918e848	8	57858719	61029312	2110	0.0331
eafba79c-14da-4e4d-a8f2-4605a918e848	8	61036675	61037698	4	-1.7134
eafba79c-14da-4e4d-a8f2-4605a918e848	8	61038206	70042441	5408	0.0194
eafba79c-14da-4e4d-a8f2-4605a918e848	8	70042470	70042485	2	-1.4532
eafba79c-14da-4e4d-a8f2-4605a918e848	8	70042599	71300130	694	0.0167
eafba79c-14da-4e4d-a8f2-4605a918e848	8	71303076	71307628	9	-0.8109
eafba79c-14da-4e4d-a8f2-4605a918e848	8	71307892	91862787	12154	0.0218
eafba79c-14da-4e4d-a8f2-4605a918e848	8	91862960	91863236	3	-1.2248
eafba79c-14da-4e4d-a8f2-4605a918e848	8	91865820	111279123	11893	0.0234
eafba79c-14da-4e4d-a8f2-4605a918e848	8	111279265	111288052	12	-0.7475
eafba79c-14da-4e4d-a8f2-4605a918e848	8	111289023	145072769	22870	0.017
eafba79c-14da-4e4d-a8f2-4605a918e848	9	46587	61405110	31320	0.0165
eafba79c-14da-4e4d-a8f2-4605a918e848	9	61520021	61665362	31	0.5974
eafba79c-14da-4e4d-a8f2-4605a918e848	9	61668104	126474407	41665	0.0229
eafba79c-14da-4e4d-a8f2-4605a918e848	9	126474556	126755981	176	-0.0282
eafba79c-14da-4e4d-a8f2-4605a918e848	9	126756291	126760871	5	-0.7784
eafba79c-14da-4e4d-a8f2-4605a918e848	9	126765278	135327017	5035	-0.0127
eafba79c-14da-4e4d-a8f2-4605a918e848	9	135327305	135327870	3	-1.0103
eafba79c-14da-4e4d-a8f2-4605a918e848	9	135327897	138200944	1095	-0.0204
eafba79c-14da-4e4d-a8f2-4605a918e848	10	45792	2048827	1485	0.0044
eafba79c-14da-4e4d-a8f2-4605a918e848	10	2050582	2051513	3	-1.7126
eafba79c-14da-4e4d-a8f2-4605a918e848	10	2052872	14775253	11075	0.0086
eafba79c-14da-4e4d-a8f2-4605a918e848	10	14775271	14776687	4	-1.4192
eafba79c-14da-4e4d-a8f2-4605a918e848	10	14776821	133654968	77896	0.0158
eafba79c-14da-4e4d-a8f2-4605a918e848	11	198510	4940884	2396	-0.0116
eafba79c-14da-4e4d-a8f2-4605a918e848	11	4941402	4952799	43	0.4684
eafba79c-14da-4e4d-a8f2-4605a918e848	11	4953934	37096276	23610	0.0199
eafba79c-14da-4e4d-a8f2-4605a918e848	11	37096556	37096715	2	-2.0868
eafba79c-14da-4e4d-a8f2-4605a918e848	11	37100469	49816812	7666	0.0131
eafba79c-14da-4e4d-a8f2-4605a918e848	11	49818589	49848775	29	-0.955
eafba79c-14da-4e4d-a8f2-4605a918e848	11	49853105	55593955	646	0.0101
eafba79c-14da-4e4d-a8f2-4605a918e848	11	55595864	55685501	59	0.3142
eafba79c-14da-4e4d-a8f2-4605a918e848	11	55685533	61113194	3324	0.0197
eafba79c-14da-4e4d-a8f2-4605a918e848	11	61114006	72034198	5105	-0.019
eafba79c-14da-4e4d-a8f2-4605a918e848	11	72034732	80256469	4796	0.012
eafba79c-14da-4e4d-a8f2-4605a918e848	11	80256504	80256520	2	-1.7703
eafba79c-14da-4e4d-a8f2-4605a918e848	11	80256642	81786865	1304	0.02
eafba79c-14da-4e4d-a8f2-4605a918e848	11	81787763	81806116	12	-1.0362
eafba79c-14da-4e4d-a8f2-4605a918e848	11	81811590	135074876	37617	0.0182
eafba79c-14da-4e4d-a8f2-4605a918e848	12	51460	9477960	6153	0.0061
eafba79c-14da-4e4d-a8f2-4605a918e848	12	9481274	9575696	24	0.8338
eafba79c-14da-4e4d-a8f2-4605a918e848	12	9582373	11066824	1035	0.0106
eafba79c-14da-4e4d-a8f2-4605a918e848	12	11068125	11088933	10	0.7459
eafba79c-14da-4e4d-a8f2-4605a918e848	12	11099275	12377139	983	0.0233
eafba79c-14da-4e4d-a8f2-4605a918e848	12	12377763	12389980	20	-0.3881
eafba79c-14da-4e4d-a8f2-4605a918e848	12	12390004	16266471	2682	0.0152
eafba79c-14da-4e4d-a8f2-4605a918e848	12	16268053	16268391	2	-2.3618
eafba79c-14da-4e4d-a8f2-4605a918e848	12	16275623	33233822	11888	0.0157
eafba79c-14da-4e4d-a8f2-4605a918e848	12	33235894	33242207	4	-2.9358
eafba79c-14da-4e4d-a8f2-4605a918e848	12	33242483	43026154	4075	0.0157
eafba79c-14da-4e4d-a8f2-4605a918e848	12	43026726	43026950	2	-1.893
eafba79c-14da-4e4d-a8f2-4605a918e848	12	43033505	100541532	35719	0.0173
eafba79c-14da-4e4d-a8f2-4605a918e848	12	100543058	100550170	6	-1.5318
eafba79c-14da-4e4d-a8f2-4605a918e848	12	100550730	108411789	5559	0.0275
eafba79c-14da-4e4d-a8f2-4605a918e848	12	108413257	126509681	11454	-0.0033
eafba79c-14da-4e4d-a8f2-4605a918e848	12	126510400	126520044	7	-0.8753
eafba79c-14da-4e4d-a8f2-4605a918e848	12	126522929	130194350	3276	-0.008
eafba79c-14da-4e4d-a8f2-4605a918e848	12	130195008	130195630	3	-1.3482
eafba79c-14da-4e4d-a8f2-4605a918e848	12	130195892	133201603	1756	-0.0009
eafba79c-14da-4e4d-a8f2-4605a918e848	13	18452809	18881817	109	0.0757
eafba79c-14da-4e4d-a8f2-4605a918e848	13	18886200	18894756	7	-0.8576
eafba79c-14da-4e4d-a8f2-4605a918e848	13	18895448	114342922	63889	0.0196
eafba79c-14da-4e4d-a8f2-4605a918e848	14	18239283	19735739	71	-0.0054
eafba79c-14da-4e4d-a8f2-4605a918e848	14	19742838	19952080	92	-0.3357
eafba79c-14da-4e4d-a8f2-4605a918e848	14	19954424	21856896	1255	0.0085
eafba79c-14da-4e4d-a8f2-4605a918e848	14	21856963	21860397	10	-0.6712
eafba79c-14da-4e4d-a8f2-4605a918e848	14	21860829	22623202	691	-0.0027
eafba79c-14da-4e4d-a8f2-4605a918e848	14	22625942	22630304	7	-1.2781
eafba79c-14da-4e4d-a8f2-4605a918e848	14	22630485	26314697	2364	0.0056
eafba79c-14da-4e4d-a8f2-4605a918e848	14	26314707	26314712	6	-1.262
eafba79c-14da-4e4d-a8f2-4605a918e848	14	26315707	40139724	8505	0.0197
eafba79c-14da-4e4d-a8f2-4605a918e848	14	40144718	40147715	2	-1.8843
eafba79c-14da-4e4d-a8f2-4605a918e848	14	40148961	73534419	21140	0.0189
eafba79c-14da-4e4d-a8f2-4605a918e848	14	73540003	73563211	10	0.9691
eafba79c-14da-4e4d-a8f2-4605a918e848	14	73564027	106418444	20863	0.0074
eafba79c-14da-4e4d-a8f2-4605a918e848	14	106423925	106462132	45	-0.2829
eafba79c-14da-4e4d-a8f2-4605a918e848	14	106462144	106877229	197	0.0194
eafba79c-14da-4e4d-a8f2-4605a918e848	15	19811075	20373168	88	0.0919
eafba79c-14da-4e4d-a8f2-4605a918e848	15	20376198	20376311	7	-1.0778
eafba79c-14da-4e4d-a8f2-4605a918e848	15	20380735	20381704	10	0.0069
eafba79c-14da-4e4d-a8f2-4605a918e848	15	20384774	21018354	53	0.3321
eafba79c-14da-4e4d-a8f2-4605a918e848	15	21053458	23191818	362	0.0445
eafba79c-14da-4e4d-a8f2-4605a918e848	15	23191992	23425837	14	-1.133
eafba79c-14da-4e4d-a8f2-4605a918e848	15	23426699	76586021	33320	0.0162
eafba79c-14da-4e4d-a8f2-4605a918e848	15	76598900	76599700	9	-1.9437
eafba79c-14da-4e4d-a8f2-4605a918e848	15	76599852	76603434	13	-0.9492
eafba79c-14da-4e4d-a8f2-4605a918e848	15	76609838	101928837	17568	0.0085
eafba79c-14da-4e4d-a8f2-4605a918e848	16	10777	5112490	2198	0.2281
eafba79c-14da-4e4d-a8f2-4605a918e848	16	5114693	10594560	5782	0.2733
eafba79c-14da-4e4d-a8f2-4605a918e848	16	10595720	10595890	2	-1.7472
eafba79c-14da-4e4d-a8f2-4605a918e848	16	10597659	27437080	10257	0.2798
eafba79c-14da-4e4d-a8f2-4605a918e848	16	27437219	31861032	1634	0.2236
eafba79c-14da-4e4d-a8f2-4605a918e848	16	31861628	49504910	2238	0.2772
eafba79c-14da-4e4d-a8f2-4605a918e848	16	49506182	49506702	2	-1.0646
eafba79c-14da-4e4d-a8f2-4605a918e848	16	49509268	66238869	11760	0.2843
eafba79c-14da-4e4d-a8f2-4605a918e848	16	66239261	69602641	1562	0.2431
eafba79c-14da-4e4d-a8f2-4605a918e848	16	69604606	70085850	208	0.2917
eafba79c-14da-4e4d-a8f2-4605a918e848	16	70086227	70179141	27	-0.0981
eafba79c-14da-4e4d-a8f2-4605a918e848	16	70200633	74335633	2292	0.2769
eafba79c-14da-4e4d-a8f2-4605a918e848	16	74346075	74422703	11	-0.1744
eafba79c-14da-4e4d-a8f2-4605a918e848	16	74431498	75989043	946	0.2343
eafba79c-14da-4e4d-a8f2-4605a918e848	16	75989548	75994761	7	-0.2173
eafba79c-14da-4e4d-a8f2-4605a918e848	16	75994775	78337711	2250	0.2922
eafba79c-14da-4e4d-a8f2-4605a918e848	16	78338543	78345778	13	-1.7143
eafba79c-14da-4e4d-a8f2-4605a918e848	16	78349243	78350868	3	-0.5789
eafba79c-14da-4e4d-a8f2-4605a918e848	16	78351104	79224440	1200	0.3074
eafba79c-14da-4e4d-a8f2-4605a918e848	16	79226621	79241452	12	-0.4817
eafba79c-14da-4e4d-a8f2-4605a918e848	16	79245768	90096867	9389	0.2821
eafba79c-14da-4e4d-a8f2-4605a918e848	17	150733	36109315	18217	0.2709
eafba79c-14da-4e4d-a8f2-4605a918e848	17	36109735	36157718	35	0.6998
eafba79c-14da-4e4d-a8f2-4605a918e848	17	36200725	39692350	1619	0.2619
eafba79c-14da-4e4d-a8f2-4605a918e848	17	39694457	39694986	6	-0.7144
eafba79c-14da-4e4d-a8f2-4605a918e848	17	39695391	41265456	900	0.265
eafba79c-14da-4e4d-a8f2-4605a918e848	17	41266762	41274279	24	-0.4622
eafba79c-14da-4e4d-a8f2-4605a918e848	17	41276472	45571174	2153	0.2381
eafba79c-14da-4e4d-a8f2-4605a918e848	17	45577724	45582060	7	-0.5864
eafba79c-14da-4e4d-a8f2-4605a918e848	17	45587327	46074420	327	0.2457
eafba79c-14da-4e4d-a8f2-4605a918e848	17	46076156	46351954	135	0.0701
eafba79c-14da-4e4d-a8f2-4605a918e848	17	46446345	46446360	2	1.8806
eafba79c-14da-4e4d-a8f2-4605a918e848	17	46569894	48027053	682	0.2534
eafba79c-14da-4e4d-a8f2-4605a918e848	17	48028181	74538736	16550	0.2858
eafba79c-14da-4e4d-a8f2-4605a918e848	17	74538828	78285287	1992	0.2444
eafba79c-14da-4e4d-a8f2-4605a918e848	17	78286051	78286887	2	-1.8809
eafba79c-14da-4e4d-a8f2-4605a918e848	17	78290662	83091923	2314	0.2563
eafba79c-14da-4e4d-a8f2-4605a918e848	18	48133	66054343	40213	0.0249
eafba79c-14da-4e4d-a8f2-4605a918e848	18	66060256	66061104	12	-1.1346
eafba79c-14da-4e4d-a8f2-4605a918e848	18	66065502	80257174	10404	0.0264
eafba79c-14da-4e4d-a8f2-4605a918e848	19	90910	19701386	8476	0.2185
eafba79c-14da-4e4d-a8f2-4605a918e848	19	19701829	35207747	8089	0.2697
eafba79c-14da-4e4d-a8f2-4605a918e848	19	35208036	35294424	63	0.1931
eafba79c-14da-4e4d-a8f2-4605a918e848	19	35297579	35298782	4	-0.563
eafba79c-14da-4e4d-a8f2-4605a918e848	19	35302135	35358269	46	0.2217
eafba79c-14da-4e4d-a8f2-4605a918e848	19	35358285	35358420	4	0.6888
eafba79c-14da-4e4d-a8f2-4605a918e848	19	35364451	35370946	21	-1.5871
eafba79c-14da-4e4d-a8f2-4605a918e848	19	35375842	50896057	7519	0.2321
eafba79c-14da-4e4d-a8f2-4605a918e848	19	50896758	50897100	2	-1.0373
eafba79c-14da-4e4d-a8f2-4605a918e848	19	50897556	52813087	1294	0.2625
eafba79c-14da-4e4d-a8f2-4605a918e848	19	52815851	52815906	2	-1.1897
eafba79c-14da-4e4d-a8f2-4605a918e848	19	52824137	54215136	941	0.2771
eafba79c-14da-4e4d-a8f2-4605a918e848	19	54226329	54249657	19	0.7294
eafba79c-14da-4e4d-a8f2-4605a918e848	19	54249685	55771003	743	0.2551
eafba79c-14da-4e4d-a8f2-4605a918e848	19	55771169	55771701	3	-0.9496
eafba79c-14da-4e4d-a8f2-4605a918e848	19	55774927	57474816	1209	0.2638
eafba79c-14da-4e4d-a8f2-4605a918e848	19	57477028	57491018	21	0.7334
eafba79c-14da-4e4d-a8f2-4605a918e848	19	57491076	58586487	606	0.2586
eafba79c-14da-4e4d-a8f2-4605a918e848	20	80664	1580353	1203	-0.0036
eafba79c-14da-4e4d-a8f2-4605a918e848	20	1580934	1613247	41	1.1015
eafba79c-14da-4e4d-a8f2-4605a918e848	20	1617300	1955646	290	0.046
eafba79c-14da-4e4d-a8f2-4605a918e848	20	1959211	1960100	4	-1.2597
eafba79c-14da-4e4d-a8f2-4605a918e848	20	1960485	23453650	16680	0.0094
eafba79c-14da-4e4d-a8f2-4605a918e848	20	23455598	23458312	2	-1.6626
eafba79c-14da-4e4d-a8f2-4605a918e848	20	23459149	34817460	3525	-0.0105
eafba79c-14da-4e4d-a8f2-4605a918e848	20	34817507	34819912	4	-1.1513
eafba79c-14da-4e4d-a8f2-4605a918e848	20	34820160	64324800	20534	0.0028
eafba79c-14da-4e4d-a8f2-4605a918e848	21	10354168	13081432	99	0.1919
eafba79c-14da-4e4d-a8f2-4605a918e848	21	13084095	13189617	15	-0.3025
eafba79c-14da-4e4d-a8f2-4605a918e848	21	13197963	46677045	23704	0.285
eafba79c-14da-4e4d-a8f2-4605a918e848	22	15294547	23987520	4391	0.2628
eafba79c-14da-4e4d-a8f2-4605a918e848	22	23988078	23989773	2	-2.4392
eafba79c-14da-4e4d-a8f2-4605a918e848	22	23990431	50796027	18841	0.2683
eafba79c-14da-4e4d-a8f2-4605a918e848	X	251810	155952689	83474	0.0164
eafba79c-14da-4e4d-a8f2-4605a918e848	Y	2782397	2973927	94	-2.6453
eafba79c-14da-4e4d-a8f2-4605a918e848	Y	2978021	6071948	624	-2.2297
eafba79c-14da-4e4d-a8f2-4605a918e848	Y	6075631	17058562	4305	-2.7075
eafba79c-14da-4e4d-a8f2-4605a918e848	Y	17067455	17067660	3	-7.6487
eafba79c-14da-4e4d-a8f2-4605a918e848	Y	17070391	23586854	1421	-2.7064
eafba79c-14da-4e4d-a8f2-4605a918e848	Y	23784615	56872112	192	-2.3851
