Sample	Chromosome	Start	End	Num_Probes	Segment_Mean
BUBBY_p_TCGA_b89_105_SNP_N_GenomeWideSNP_6_E09_777566	1	51598	88465	17	-0.4188
BUBBY_p_TCGA_b89_105_SNP_N_GenomeWideSNP_6_E09_777566	1	218569	708526	20	0.3699
BUBBY_p_TCGA_b89_105_SNP_N_GenomeWideSNP_6_E09_777566	1	713180	7475048	3640	-0.0271
BUBBY_p_TCGA_b89_105_SNP_N_GenomeWideSNP_6_E09_777566	1	7475177	7477569	2	-1.5915
BUBBY_p_TCGA_b89_105_SNP_N_GenomeWideSNP_6_E09_777566	1	7479739	16022502	4739	-0.0123
BUBBY_p_TCGA_b89_105_SNP_N_GenomeWideSNP_6_E09_777566	1	16026084	16026512	6	-2.1638
BUBBY_p_TCGA_b89_105_SNP_N_GenomeWideSNP_6_E09_777566	1	16026788	16027597	4	-0.8424
BUBBY_p_TCGA_b89_105_SNP_N_GenomeWideSNP_6_E09_777566	1	16038248	17049632	402	-0.0258
BUBBY_p_TCGA_b89_105_SNP_N_GenomeWideSNP_6_E09_777566	1	17050552	17148828	66	0.3467
BUBBY_p_TCGA_b89_105_SNP_N_GenomeWideSNP_6_E09_777566	1	17150527	25455928	5273	-0.0093
BUBBY_p_TCGA_b89_105_SNP_N_GenomeWideSNP_6_E09_777566	1	25465715	25519533	27	-1.8119
BUBBY_p_TCGA_b89_105_SNP_N_GenomeWideSNP_6_E09_777566	1	25519573	61156533	20919	-0.0193
BUBBY_p_TCGA_b89_105_SNP_N_GenomeWideSNP_6_E09_777566	1	61156685	61157110	3	-1.407
BUBBY_p_TCGA_b89_105_SNP_N_GenomeWideSNP_6_E09_777566	1	61158865	72541504	7869	-0.0221
BUBBY_p_TCGA_b89_105_SNP_N_GenomeWideSNP_6_E09_777566	1	72541524	72583736	45	-1.3038
BUBBY_p_TCGA_b89_105_SNP_N_GenomeWideSNP_6_E09_777566	1	72584492	72871175	177	-0.0126
BUBBY_p_TCGA_b89_105_SNP_N_GenomeWideSNP_6_E09_777566	1	72871277	72871473	2	-1.6685
BUBBY_p_TCGA_b89_105_SNP_N_GenomeWideSNP_6_E09_777566	1	72871773	103965310	19927	-0.0281
BUBBY_p_TCGA_b89_105_SNP_N_GenomeWideSNP_6_E09_777566	1	103979561	104061555	22	0.5884
BUBBY_p_TCGA_b89_105_SNP_N_GenomeWideSNP_6_E09_777566	1	104061762	105820728	924	-0.0105
BUBBY_p_TCGA_b89_105_SNP_N_GenomeWideSNP_6_E09_777566	1	105820759	105823898	16	0.8329
BUBBY_p_TCGA_b89_105_SNP_N_GenomeWideSNP_6_E09_777566	1	105825578	108531282	1943	-0.0244
BUBBY_p_TCGA_b89_105_SNP_N_GenomeWideSNP_6_E09_777566	1	108535758	108536400	2	-1.2661
BUBBY_p_TCGA_b89_105_SNP_N_GenomeWideSNP_6_E09_777566	1	108539019	108702286	70	0.0491
BUBBY_p_TCGA_b89_105_SNP_N_GenomeWideSNP_6_E09_777566	1	108702889	108815831	17	0.2987
BUBBY_p_TCGA_b89_105_SNP_N_GenomeWideSNP_6_E09_777566	1	108823640	110023250	624	-0.0338
BUBBY_p_TCGA_b89_105_SNP_N_GenomeWideSNP_6_E09_777566	1	110025907	110029038	15	-0.2701
BUBBY_p_TCGA_b89_105_SNP_N_GenomeWideSNP_6_E09_777566	1	110034497	110041701	17	-1.4217
BUBBY_p_TCGA_b89_105_SNP_N_GenomeWideSNP_6_E09_777566	1	110044476	121040471	7165	-0.0145
BUBBY_p_TCGA_b89_105_SNP_N_GenomeWideSNP_6_E09_777566	1	121041760	150822330	2865	0.4411
BUBBY_p_TCGA_b89_105_SNP_N_GenomeWideSNP_6_E09_777566	1	150822391	150852741	29	1.0743
BUBBY_p_TCGA_b89_105_SNP_N_GenomeWideSNP_6_E09_777566	1	150852862	151029291	188	0.4499
BUBBY_p_TCGA_b89_105_SNP_N_GenomeWideSNP_6_E09_777566	1	151029386	151034571	17	1.2129
BUBBY_p_TCGA_b89_105_SNP_N_GenomeWideSNP_6_E09_777566	1	151034587	159885444	5315	0.4312
BUBBY_p_TCGA_b89_105_SNP_N_GenomeWideSNP_6_E09_777566	1	159885483	159917118	26	1.0205
BUBBY_p_TCGA_b89_105_SNP_N_GenomeWideSNP_6_E09_777566	1	159917245	167483561	6017	0.425
BUBBY_p_TCGA_b89_105_SNP_N_GenomeWideSNP_6_E09_777566	1	167500598	167505355	5	1.4861
BUBBY_p_TCGA_b89_105_SNP_N_GenomeWideSNP_6_E09_777566	1	167505369	188074381	13607	0.4211
BUBBY_p_TCGA_b89_105_SNP_N_GenomeWideSNP_6_E09_777566	1	188074394	188075997	4	1.2694
BUBBY_p_TCGA_b89_105_SNP_N_GenomeWideSNP_6_E09_777566	1	188076033	191479778	2302	0.4104
BUBBY_p_TCGA_b89_105_SNP_N_GenomeWideSNP_6_E09_777566	1	191479791	191480097	6	1.4316
BUBBY_p_TCGA_b89_105_SNP_N_GenomeWideSNP_6_E09_777566	1	191488538	194981496	2297	0.4397
BUBBY_p_TCGA_b89_105_SNP_N_GenomeWideSNP_6_E09_777566	1	194994473	195082414	96	-0.1195
BUBBY_p_TCGA_b89_105_SNP_N_GenomeWideSNP_6_E09_777566	1	195083353	197374325	1379	0.4252
BUBBY_p_TCGA_b89_105_SNP_N_GenomeWideSNP_6_E09_777566	1	197377986	197380463	9	-0.383
BUBBY_p_TCGA_b89_105_SNP_N_GenomeWideSNP_6_E09_777566	1	197380861	223530395	17905	0.425
BUBBY_p_TCGA_b89_105_SNP_N_GenomeWideSNP_6_E09_777566	1	223531740	223533272	2	-1.0832
BUBBY_p_TCGA_b89_105_SNP_N_GenomeWideSNP_6_E09_777566	1	223537851	225492695	1218	0.4034
BUBBY_p_TCGA_b89_105_SNP_N_GenomeWideSNP_6_E09_777566	1	225492828	225493029	2	-1.3861
BUBBY_p_TCGA_b89_105_SNP_N_GenomeWideSNP_6_E09_777566	1	225495801	246802698	15276	0.4298
BUBBY_p_TCGA_b89_105_SNP_N_GenomeWideSNP_6_E09_777566	1	246804070	246863836	34	-0.0705
BUBBY_p_TCGA_b89_105_SNP_N_GenomeWideSNP_6_E09_777566	1	246875180	247191011	144	0.4245
BUBBY_p_TCGA_b89_105_SNP_N_GenomeWideSNP_6_E09_777566	2	2784	4183562	2991	0.3995
BUBBY_p_TCGA_b89_105_SNP_N_GenomeWideSNP_6_E09_777566	2	4191739	4201042	36	-0.5569
BUBBY_p_TCGA_b89_105_SNP_N_GenomeWideSNP_6_E09_777566	2	4201387	35829477	22024	0.4006
BUBBY_p_TCGA_b89_105_SNP_N_GenomeWideSNP_6_E09_777566	2	35831294	35841420	6	1.2517
BUBBY_p_TCGA_b89_105_SNP_N_GenomeWideSNP_6_E09_777566	2	35841451	52607972	12172	0.4045
BUBBY_p_TCGA_b89_105_SNP_N_GenomeWideSNP_6_E09_777566	2	52607984	52641453	40	0.9234
BUBBY_p_TCGA_b89_105_SNP_N_GenomeWideSNP_6_E09_777566	2	52643644	55472461	2168	0.4022
BUBBY_p_TCGA_b89_105_SNP_N_GenomeWideSNP_6_E09_777566	2	55475248	55481417	4	2.0148
BUBBY_p_TCGA_b89_105_SNP_N_GenomeWideSNP_6_E09_777566	2	55485749	123193484	37098	0.4003
BUBBY_p_TCGA_b89_105_SNP_N_GenomeWideSNP_6_E09_777566	2	123196369	123198711	9	-0.9466
BUBBY_p_TCGA_b89_105_SNP_N_GenomeWideSNP_6_E09_777566	2	123200123	146581564	14409	0.3973
BUBBY_p_TCGA_b89_105_SNP_N_GenomeWideSNP_6_E09_777566	2	146581653	146583404	17	1.4063
BUBBY_p_TCGA_b89_105_SNP_N_GenomeWideSNP_6_E09_777566	2	146594276	181220357	21343	0.3843
BUBBY_p_TCGA_b89_105_SNP_N_GenomeWideSNP_6_E09_777566	2	181225536	181226768	3	-1.4128
BUBBY_p_TCGA_b89_105_SNP_N_GenomeWideSNP_6_E09_777566	2	181228638	184311140	1872	0.382
BUBBY_p_TCGA_b89_105_SNP_N_GenomeWideSNP_6_E09_777566	2	184311569	184311848	4	1.412
BUBBY_p_TCGA_b89_105_SNP_N_GenomeWideSNP_6_E09_777566	2	184311949	195174736	6091	0.3985
BUBBY_p_TCGA_b89_105_SNP_N_GenomeWideSNP_6_E09_777566	2	195174885	195174902	2	-1.1227
BUBBY_p_TCGA_b89_105_SNP_N_GenomeWideSNP_6_E09_777566	2	195177567	229601393	21721	0.3834
BUBBY_p_TCGA_b89_105_SNP_N_GenomeWideSNP_6_E09_777566	2	229601670	229602368	3	-0.8169
BUBBY_p_TCGA_b89_105_SNP_N_GenomeWideSNP_6_E09_777566	2	229605276	242738129	8148	0.4015
BUBBY_p_TCGA_b89_105_SNP_N_GenomeWideSNP_6_E09_777566	3	35345	5702851	5000	-0.6868
BUBBY_p_TCGA_b89_105_SNP_N_GenomeWideSNP_6_E09_777566	3	5702970	5705379	3	-3.0445
BUBBY_p_TCGA_b89_105_SNP_N_GenomeWideSNP_6_E09_777566	3	5705552	26401195	14888	-0.7186
BUBBY_p_TCGA_b89_105_SNP_N_GenomeWideSNP_6_E09_777566	3	26409128	26414347	5	-2.3565
BUBBY_p_TCGA_b89_105_SNP_N_GenomeWideSNP_6_E09_777566	3	26420977	65163493	25418	-0.7216
BUBBY_p_TCGA_b89_105_SNP_N_GenomeWideSNP_6_E09_777566	3	65164275	65174742	31	-1.9099
BUBBY_p_TCGA_b89_105_SNP_N_GenomeWideSNP_6_E09_777566	3	65174907	65178593	10	-0.6616
BUBBY_p_TCGA_b89_105_SNP_N_GenomeWideSNP_6_E09_777566	3	65178752	65185492	12	-2.0089
BUBBY_p_TCGA_b89_105_SNP_N_GenomeWideSNP_6_E09_777566	3	65191389	75613585	7341	-0.7281
BUBBY_p_TCGA_b89_105_SNP_N_GenomeWideSNP_6_E09_777566	3	75613677	75945339	94	-0.4114
BUBBY_p_TCGA_b89_105_SNP_N_GenomeWideSNP_6_E09_777566	3	75948421	81742773	3384	-0.7195
BUBBY_p_TCGA_b89_105_SNP_N_GenomeWideSNP_6_E09_777566	3	81747403	96343724	5331	-0.0103
BUBBY_p_TCGA_b89_105_SNP_N_GenomeWideSNP_6_E09_777566	3	96348109	96625093	183	-0.7349
BUBBY_p_TCGA_b89_105_SNP_N_GenomeWideSNP_6_E09_777566	3	96625830	100420474	2047	-0.0198
BUBBY_p_TCGA_b89_105_SNP_N_GenomeWideSNP_6_E09_777566	3	100427148	100432004	37	0.4719
BUBBY_p_TCGA_b89_105_SNP_N_GenomeWideSNP_6_E09_777566	3	100432111	125537293	15334	-0.0253
BUBBY_p_TCGA_b89_105_SNP_N_GenomeWideSNP_6_E09_777566	3	125537525	125537654	2	-1.718
BUBBY_p_TCGA_b89_105_SNP_N_GenomeWideSNP_6_E09_777566	3	125537714	129863939	2776	-0.0265
BUBBY_p_TCGA_b89_105_SNP_N_GenomeWideSNP_6_E09_777566	3	129867213	129895021	15	0.8221
BUBBY_p_TCGA_b89_105_SNP_N_GenomeWideSNP_6_E09_777566	3	129896851	131245549	625	-0.0243
BUBBY_p_TCGA_b89_105_SNP_N_GenomeWideSNP_6_E09_777566	3	131246388	131288926	52	0.5053
BUBBY_p_TCGA_b89_105_SNP_N_GenomeWideSNP_6_E09_777566	3	131289614	133472037	1445	-0.0167
BUBBY_p_TCGA_b89_105_SNP_N_GenomeWideSNP_6_E09_777566	3	133475427	133478374	4	-1.0697
BUBBY_p_TCGA_b89_105_SNP_N_GenomeWideSNP_6_E09_777566	3	133483167	163625190	18587	-0.0244
BUBBY_p_TCGA_b89_105_SNP_N_GenomeWideSNP_6_E09_777566	3	163625270	163625382	3	1.0077
BUBBY_p_TCGA_b89_105_SNP_N_GenomeWideSNP_6_E09_777566	3	163625399	163699526	60	-0.092
BUBBY_p_TCGA_b89_105_SNP_N_GenomeWideSNP_6_E09_777566	3	163699715	163701543	7	0.521
BUBBY_p_TCGA_b89_105_SNP_N_GenomeWideSNP_6_E09_777566	3	163701563	164015644	211	-0.0098
BUBBY_p_TCGA_b89_105_SNP_N_GenomeWideSNP_6_E09_777566	3	164017424	164023184	6	1.0237
BUBBY_p_TCGA_b89_105_SNP_N_GenomeWideSNP_6_E09_777566	3	164028410	164055305	13	-0.4363
BUBBY_p_TCGA_b89_105_SNP_N_GenomeWideSNP_6_E09_777566	3	164057462	164197211	107	-0.0032
BUBBY_p_TCGA_b89_105_SNP_N_GenomeWideSNP_6_E09_777566	3	164200421	164202256	2	-2.3485
BUBBY_p_TCGA_b89_105_SNP_N_GenomeWideSNP_6_E09_777566	3	164208853	165141639	505	-0.0129
BUBBY_p_TCGA_b89_105_SNP_N_GenomeWideSNP_6_E09_777566	3	165141646	165141655	4	0.7432
BUBBY_p_TCGA_b89_105_SNP_N_GenomeWideSNP_6_E09_777566	3	165141667	166542079	762	0.0157
BUBBY_p_TCGA_b89_105_SNP_N_GenomeWideSNP_6_E09_777566	3	166542157	166545181	12	0.4887
BUBBY_p_TCGA_b89_105_SNP_N_GenomeWideSNP_6_E09_777566	3	166545193	190843448	15340	-0.0215
BUBBY_p_TCGA_b89_105_SNP_N_GenomeWideSNP_6_E09_777566	3	190846372	190853682	12	-0.7619
BUBBY_p_TCGA_b89_105_SNP_N_GenomeWideSNP_6_E09_777566	3	190853708	196928238	4028	-0.0279
BUBBY_p_TCGA_b89_105_SNP_N_GenomeWideSNP_6_E09_777566	3	196928253	196959853	23	0.3986
BUBBY_p_TCGA_b89_105_SNP_N_GenomeWideSNP_6_E09_777566	3	196960434	199380515	1175	-0.0206
BUBBY_p_TCGA_b89_105_SNP_N_GenomeWideSNP_6_E09_777566	4	2281	9066075	5251	-0.0212
BUBBY_p_TCGA_b89_105_SNP_N_GenomeWideSNP_6_E09_777566	4	9070328	9107013	13	-0.8312
BUBBY_p_TCGA_b89_105_SNP_N_GenomeWideSNP_6_E09_777566	4	9110492	9819488	541	-0.0107
BUBBY_p_TCGA_b89_105_SNP_N_GenomeWideSNP_6_E09_777566	4	9823258	9840596	29	-2.3524
BUBBY_p_TCGA_b89_105_SNP_N_GenomeWideSNP_6_E09_777566	4	9843312	9844366	7	-0.4727
BUBBY_p_TCGA_b89_105_SNP_N_GenomeWideSNP_6_E09_777566	4	9845240	10007932	177	0.0011
BUBBY_p_TCGA_b89_105_SNP_N_GenomeWideSNP_6_E09_777566	4	10007966	10009766	9	0.6695
BUBBY_p_TCGA_b89_105_SNP_N_GenomeWideSNP_6_E09_777566	4	10011816	14018547	3210	-0.021
BUBBY_p_TCGA_b89_105_SNP_N_GenomeWideSNP_6_E09_777566	4	14019314	14019397	2	-3.4734
BUBBY_p_TCGA_b89_105_SNP_N_GenomeWideSNP_6_E09_777566	4	14019437	63352531	29678	-0.021
BUBBY_p_TCGA_b89_105_SNP_N_GenomeWideSNP_6_E09_777566	4	63352664	63354257	7	-0.7767
BUBBY_p_TCGA_b89_105_SNP_N_GenomeWideSNP_6_E09_777566	4	63362225	68927029	3439	-0.0078
BUBBY_p_TCGA_b89_105_SNP_N_GenomeWideSNP_6_E09_777566	4	68937665	68943659	5	1.2511
BUBBY_p_TCGA_b89_105_SNP_N_GenomeWideSNP_6_E09_777566	4	68964800	69057755	20	0.0089
BUBBY_p_TCGA_b89_105_SNP_N_GenomeWideSNP_6_E09_777566	4	69057943	69187710	64	-0.5003
BUBBY_p_TCGA_b89_105_SNP_N_GenomeWideSNP_6_E09_777566	4	69188929	104963016	21431	-0.0286
BUBBY_p_TCGA_b89_105_SNP_N_GenomeWideSNP_6_E09_777566	4	104964102	104977332	18	0.4862
BUBBY_p_TCGA_b89_105_SNP_N_GenomeWideSNP_6_E09_777566	4	104977348	138398895	19695	-0.0266
BUBBY_p_TCGA_b89_105_SNP_N_GenomeWideSNP_6_E09_777566	4	138401883	138402977	23	0.3329
BUBBY_p_TCGA_b89_105_SNP_N_GenomeWideSNP_6_E09_777566	4	138402994	169215007	19196	-0.035
BUBBY_p_TCGA_b89_105_SNP_N_GenomeWideSNP_6_E09_777566	4	169215386	169215838	4	0.9395
BUBBY_p_TCGA_b89_105_SNP_N_GenomeWideSNP_6_E09_777566	4	169215891	172605921	2176	-0.0327
BUBBY_p_TCGA_b89_105_SNP_N_GenomeWideSNP_6_E09_777566	4	172611459	172614285	10	0.9486
BUBBY_p_TCGA_b89_105_SNP_N_GenomeWideSNP_6_E09_777566	4	172614299	173659097	640	3e-04
BUBBY_p_TCGA_b89_105_SNP_N_GenomeWideSNP_6_E09_777566	4	173661522	173665218	7	-0.8481
BUBBY_p_TCGA_b89_105_SNP_N_GenomeWideSNP_6_E09_777566	4	173677707	189458252	10711	-0.0213
BUBBY_p_TCGA_b89_105_SNP_N_GenomeWideSNP_6_E09_777566	4	189458354	189458418	3	1.396
BUBBY_p_TCGA_b89_105_SNP_N_GenomeWideSNP_6_E09_777566	4	189458433	190426037	789	0.0199
BUBBY_p_TCGA_b89_105_SNP_N_GenomeWideSNP_6_E09_777566	4	190432112	190436765	5	-2.2644
BUBBY_p_TCGA_b89_105_SNP_N_GenomeWideSNP_6_E09_777566	4	190448265	191261904	384	0.0067
BUBBY_p_TCGA_b89_105_SNP_N_GenomeWideSNP_6_E09_777566	5	68532	751472	309	-0.1088
BUBBY_p_TCGA_b89_105_SNP_N_GenomeWideSNP_6_E09_777566	5	751505	826568	27	0.723
BUBBY_p_TCGA_b89_105_SNP_N_GenomeWideSNP_6_E09_777566	5	832860	17398088	12972	-0.0234
BUBBY_p_TCGA_b89_105_SNP_N_GenomeWideSNP_6_E09_777566	5	17401222	17411269	6	-1.0549
BUBBY_p_TCGA_b89_105_SNP_N_GenomeWideSNP_6_E09_777566	5	17412196	17651360	118	-0.0558
BUBBY_p_TCGA_b89_105_SNP_N_GenomeWideSNP_6_E09_777566	5	17658073	17674983	9	-1.1194
BUBBY_p_TCGA_b89_105_SNP_N_GenomeWideSNP_6_E09_777566	5	17675249	57365386	22478	-0.021
BUBBY_p_TCGA_b89_105_SNP_N_GenomeWideSNP_6_E09_777566	5	57365513	57365678	4	-0.903
BUBBY_p_TCGA_b89_105_SNP_N_GenomeWideSNP_6_E09_777566	5	57365890	103879120	26901	-0.03
BUBBY_p_TCGA_b89_105_SNP_N_GenomeWideSNP_6_E09_777566	5	103888272	103888503	4	1.2499
BUBBY_p_TCGA_b89_105_SNP_N_GenomeWideSNP_6_E09_777566	5	103888948	117414516	9412	-0.0293
BUBBY_p_TCGA_b89_105_SNP_N_GenomeWideSNP_6_E09_777566	5	117416321	117416862	10	0.5844
BUBBY_p_TCGA_b89_105_SNP_N_GenomeWideSNP_6_E09_777566	5	117416984	151495677	21404	-0.0349
BUBBY_p_TCGA_b89_105_SNP_N_GenomeWideSNP_6_E09_777566	5	151495691	151498544	11	-0.8
BUBBY_p_TCGA_b89_105_SNP_N_GenomeWideSNP_6_E09_777566	5	151500464	180311494	19325	-0.0303
BUBBY_p_TCGA_b89_105_SNP_N_GenomeWideSNP_6_E09_777566	5	180312809	180347071	12	0.5076
BUBBY_p_TCGA_b89_105_SNP_N_GenomeWideSNP_6_E09_777566	5	180349813	180722926	176	-0.086
BUBBY_p_TCGA_b89_105_SNP_N_GenomeWideSNP_6_E09_777566	6	94661	1138546	933	-0.0144
BUBBY_p_TCGA_b89_105_SNP_N_GenomeWideSNP_6_E09_777566	6	1138975	1142381	2	-1.266
BUBBY_p_TCGA_b89_105_SNP_N_GenomeWideSNP_6_E09_777566	6	1144694	7370257	5090	-0.0273
BUBBY_p_TCGA_b89_105_SNP_N_GenomeWideSNP_6_E09_777566	6	7372263	7372626	6	-0.9252
BUBBY_p_TCGA_b89_105_SNP_N_GenomeWideSNP_6_E09_777566	6	7373117	15892846	6289	-0.0278
BUBBY_p_TCGA_b89_105_SNP_N_GenomeWideSNP_6_E09_777566	6	15896147	15898369	5	-1.3994
BUBBY_p_TCGA_b89_105_SNP_N_GenomeWideSNP_6_E09_777566	6	15898774	29945051	9433	-0.0244
BUBBY_p_TCGA_b89_105_SNP_N_GenomeWideSNP_6_E09_777566	6	29945166	29982621	22	-0.8824
BUBBY_p_TCGA_b89_105_SNP_N_GenomeWideSNP_6_E09_777566	6	29982688	32732282	1248	-0.0675
BUBBY_p_TCGA_b89_105_SNP_N_GenomeWideSNP_6_E09_777566	6	32732569	32733915	4	-1.4704
BUBBY_p_TCGA_b89_105_SNP_N_GenomeWideSNP_6_E09_777566	6	32734596	32798005	46	-0.0114
BUBBY_p_TCGA_b89_105_SNP_N_GenomeWideSNP_6_E09_777566	6	32798775	32798808	3	-1.056
BUBBY_p_TCGA_b89_105_SNP_N_GenomeWideSNP_6_E09_777566	6	32798923	54039110	13703	-0.0254
BUBBY_p_TCGA_b89_105_SNP_N_GenomeWideSNP_6_E09_777566	6	54039189	54039814	6	-1.4054
BUBBY_p_TCGA_b89_105_SNP_N_GenomeWideSNP_6_E09_777566	6	54043307	67263010	5651	-0.0143
BUBBY_p_TCGA_b89_105_SNP_N_GenomeWideSNP_6_E09_777566	6	67263660	67271168	10	0.5244
BUBBY_p_TCGA_b89_105_SNP_N_GenomeWideSNP_6_E09_777566	6	67277643	74648953	4865	-0.0283
BUBBY_p_TCGA_b89_105_SNP_N_GenomeWideSNP_6_E09_777566	6	74649185	74654069	8	-2.6156
BUBBY_p_TCGA_b89_105_SNP_N_GenomeWideSNP_6_E09_777566	6	74658138	77485308	1765	-0.0405
BUBBY_p_TCGA_b89_105_SNP_N_GenomeWideSNP_6_E09_777566	6	77485918	77509408	26	-0.4058
BUBBY_p_TCGA_b89_105_SNP_N_GenomeWideSNP_6_E09_777566	6	77509476	79019608	980	-0.0184
BUBBY_p_TCGA_b89_105_SNP_N_GenomeWideSNP_6_E09_777566	6	79025784	79091904	113	-0.4872
BUBBY_p_TCGA_b89_105_SNP_N_GenomeWideSNP_6_E09_777566	6	79095953	170892930	59811	-0.0322
BUBBY_p_TCGA_b89_105_SNP_N_GenomeWideSNP_6_E09_777566	7	52911	5966103	3091	0.4539
BUBBY_p_TCGA_b89_105_SNP_N_GenomeWideSNP_6_E09_777566	7	5970139	6005251	7	-0.3548
BUBBY_p_TCGA_b89_105_SNP_N_GenomeWideSNP_6_E09_777566	7	6005427	8337395	1608	0.4473
BUBBY_p_TCGA_b89_105_SNP_N_GenomeWideSNP_6_E09_777566	7	8341718	8342473	3	-0.7679
BUBBY_p_TCGA_b89_105_SNP_N_GenomeWideSNP_6_E09_777566	7	8343232	26098815	14181	0.4546
BUBBY_p_TCGA_b89_105_SNP_N_GenomeWideSNP_6_E09_777566	7	26108917	26111938	4	-3.466
BUBBY_p_TCGA_b89_105_SNP_N_GenomeWideSNP_6_E09_777566	7	26113744	64206287	22861	0.4415
BUBBY_p_TCGA_b89_105_SNP_N_GenomeWideSNP_6_E09_777566	7	64231500	64233133	6	1.8182
BUBBY_p_TCGA_b89_105_SNP_N_GenomeWideSNP_6_E09_777566	7	64274563	66274674	748	0.4215
BUBBY_p_TCGA_b89_105_SNP_N_GenomeWideSNP_6_E09_777566	7	66278809	66282667	5	-0.8874
BUBBY_p_TCGA_b89_105_SNP_N_GenomeWideSNP_6_E09_777566	7	66285074	75991284	4594	0.4489
BUBBY_p_TCGA_b89_105_SNP_N_GenomeWideSNP_6_E09_777566	7	75991299	75999244	4	-0.849
BUBBY_p_TCGA_b89_105_SNP_N_GenomeWideSNP_6_E09_777566	7	75999358	109228448	20348	0.4375
BUBBY_p_TCGA_b89_105_SNP_N_GenomeWideSNP_6_E09_777566	7	109228480	109241507	14	1.0484
BUBBY_p_TCGA_b89_105_SNP_N_GenomeWideSNP_6_E09_777566	7	109245626	122646363	8077	0.4334
BUBBY_p_TCGA_b89_105_SNP_N_GenomeWideSNP_6_E09_777566	7	122646563	122646578	2	-0.8944
BUBBY_p_TCGA_b89_105_SNP_N_GenomeWideSNP_6_E09_777566	7	122648881	125530950	1760	0.4482
BUBBY_p_TCGA_b89_105_SNP_N_GenomeWideSNP_6_E09_777566	7	125531977	125535827	4	1.0581
BUBBY_p_TCGA_b89_105_SNP_N_GenomeWideSNP_6_E09_777566	7	125536046	125832159	195	0.4404
BUBBY_p_TCGA_b89_105_SNP_N_GenomeWideSNP_6_E09_777566	7	125832210	125833851	13	1.0578
BUBBY_p_TCGA_b89_105_SNP_N_GenomeWideSNP_6_E09_777566	7	125834112	133435717	4706	0.4351
BUBBY_p_TCGA_b89_105_SNP_N_GenomeWideSNP_6_E09_777566	7	133435735	133446174	26	0.862
BUBBY_p_TCGA_b89_105_SNP_N_GenomeWideSNP_6_E09_777566	7	133446205	141409593	5212	0.4365
BUBBY_p_TCGA_b89_105_SNP_N_GenomeWideSNP_6_E09_777566	7	141416112	141417001	10	-1.8336
BUBBY_p_TCGA_b89_105_SNP_N_GenomeWideSNP_6_E09_777566	7	141417096	141427982	4	-5.5747
BUBBY_p_TCGA_b89_105_SNP_N_GenomeWideSNP_6_E09_777566	7	141428244	141438377	27	-2.1865
BUBBY_p_TCGA_b89_105_SNP_N_GenomeWideSNP_6_E09_777566	7	141438576	141452011	7	-0.3595
BUBBY_p_TCGA_b89_105_SNP_N_GenomeWideSNP_6_E09_777566	7	141454355	142154515	445	0.5027
BUBBY_p_TCGA_b89_105_SNP_N_GenomeWideSNP_6_E09_777566	7	142156294	142165614	27	-2.232
BUBBY_p_TCGA_b89_105_SNP_N_GenomeWideSNP_6_E09_777566	7	142165684	146642321	2736	0.4367
BUBBY_p_TCGA_b89_105_SNP_N_GenomeWideSNP_6_E09_777566	7	146642620	146643014	2	-0.9466
BUBBY_p_TCGA_b89_105_SNP_N_GenomeWideSNP_6_E09_777566	7	146645931	149918110	2006	0.4419
BUBBY_p_TCGA_b89_105_SNP_N_GenomeWideSNP_6_E09_777566	7	149919764	149932502	6	-0.476
BUBBY_p_TCGA_b89_105_SNP_N_GenomeWideSNP_6_E09_777566	7	149938855	152204868	1248	0.4394
BUBBY_p_TCGA_b89_105_SNP_N_GenomeWideSNP_6_E09_777566	7	152209796	152210920	2	-2.3542
BUBBY_p_TCGA_b89_105_SNP_N_GenomeWideSNP_6_E09_777566	7	152217456	158819765	4585	0.4492
BUBBY_p_TCGA_b89_105_SNP_N_GenomeWideSNP_6_E09_777566	8	21254	6814609	7732	8e-04
BUBBY_p_TCGA_b89_105_SNP_N_GenomeWideSNP_6_E09_777566	8	6820778	6865598	9	-0.7404
BUBBY_p_TCGA_b89_105_SNP_N_GenomeWideSNP_6_E09_777566	8	6866263	8423601	623	-0.1247
BUBBY_p_TCGA_b89_105_SNP_N_GenomeWideSNP_6_E09_777566	8	8423767	8423852	2	-3.3088
BUBBY_p_TCGA_b89_105_SNP_N_GenomeWideSNP_6_E09_777566	8	8425717	39349816	22552	-0.0238
BUBBY_p_TCGA_b89_105_SNP_N_GenomeWideSNP_6_E09_777566	8	39354760	39506122	58	-2.1553
BUBBY_p_TCGA_b89_105_SNP_N_GenomeWideSNP_6_E09_777566	8	39507456	40301274	588	-0.0239
BUBBY_p_TCGA_b89_105_SNP_N_GenomeWideSNP_6_E09_777566	8	40302954	40303707	10	-1.0279
BUBBY_p_TCGA_b89_105_SNP_N_GenomeWideSNP_6_E09_777566	8	40303899	40304627	8	-0.3086
BUBBY_p_TCGA_b89_105_SNP_N_GenomeWideSNP_6_E09_777566	8	40304834	40308668	16	-0.9984
BUBBY_p_TCGA_b89_105_SNP_N_GenomeWideSNP_6_E09_777566	8	40312067	40891153	452	-0.0033
BUBBY_p_TCGA_b89_105_SNP_N_GenomeWideSNP_6_E09_777566	8	40897009	40897628	2	-1.9488
BUBBY_p_TCGA_b89_105_SNP_N_GenomeWideSNP_6_E09_777566	8	40902837	68710013	14473	-0.0333
BUBBY_p_TCGA_b89_105_SNP_N_GenomeWideSNP_6_E09_777566	8	68710081	68712331	25	0.2983
BUBBY_p_TCGA_b89_105_SNP_N_GenomeWideSNP_6_E09_777566	8	68712636	112360670	26490	-0.0334
BUBBY_p_TCGA_b89_105_SNP_N_GenomeWideSNP_6_E09_777566	8	112363455	112364257	7	-0.8718
BUBBY_p_TCGA_b89_105_SNP_N_GenomeWideSNP_6_E09_777566	8	112364378	112364436	3	-2.7921
BUBBY_p_TCGA_b89_105_SNP_N_GenomeWideSNP_6_E09_777566	8	112369457	146268959	22940	-0.0317
BUBBY_p_TCGA_b89_105_SNP_N_GenomeWideSNP_6_E09_777566	9	36587	582306	481	0.0115
BUBBY_p_TCGA_b89_105_SNP_N_GenomeWideSNP_6_E09_777566	9	582552	582567	2	-2.3112
BUBBY_p_TCGA_b89_105_SNP_N_GenomeWideSNP_6_E09_777566	9	582718	592903	28	0.0958
BUBBY_p_TCGA_b89_105_SNP_N_GenomeWideSNP_6_E09_777566	9	596699	596961	4	-1.647
BUBBY_p_TCGA_b89_105_SNP_N_GenomeWideSNP_6_E09_777566	9	597307	43255970	30878	-0.0078
BUBBY_p_TCGA_b89_105_SNP_N_GenomeWideSNP_6_E09_777566	9	43412533	43640874	26	-0.4445
BUBBY_p_TCGA_b89_105_SNP_N_GenomeWideSNP_6_E09_777566	9	43641834	44409324	61	-0.109
BUBBY_p_TCGA_b89_105_SNP_N_GenomeWideSNP_6_E09_777566	9	44569219	44795733	37	-1.2456
BUBBY_p_TCGA_b89_105_SNP_N_GenomeWideSNP_6_E09_777566	9	44806024	140211215	48429	-0.021
BUBBY_p_TCGA_b89_105_SNP_N_GenomeWideSNP_6_E09_777566	10	62759	16507248	13809	-0.0208
BUBBY_p_TCGA_b89_105_SNP_N_GenomeWideSNP_6_E09_777566	10	16510899	16510939	2	-3.0693
BUBBY_p_TCGA_b89_105_SNP_N_GenomeWideSNP_6_E09_777566	10	16516277	17967560	1081	-0.002
BUBBY_p_TCGA_b89_105_SNP_N_GenomeWideSNP_6_E09_777566	10	17978214	17989863	2	-1.5109
BUBBY_p_TCGA_b89_105_SNP_N_GenomeWideSNP_6_E09_777566	10	18011822	42080059	14349	-0.0271
BUBBY_p_TCGA_b89_105_SNP_N_GenomeWideSNP_6_E09_777566	10	42083236	42150813	14	-0.9978
BUBBY_p_TCGA_b89_105_SNP_N_GenomeWideSNP_6_E09_777566	10	42151221	67743387	16149	-0.0209
BUBBY_p_TCGA_b89_105_SNP_N_GenomeWideSNP_6_E09_777566	10	67747598	67779344	33	-1.0067
BUBBY_p_TCGA_b89_105_SNP_N_GenomeWideSNP_6_E09_777566	10	67792538	124333941	37761	-0.0258
BUBBY_p_TCGA_b89_105_SNP_N_GenomeWideSNP_6_E09_777566	10	124334099	124341003	6	-1.445
BUBBY_p_TCGA_b89_105_SNP_N_GenomeWideSNP_6_E09_777566	10	124346802	133321506	6942	-0.0224
BUBBY_p_TCGA_b89_105_SNP_N_GenomeWideSNP_6_E09_777566	10	133322525	133324035	6	-1.2987
BUBBY_p_TCGA_b89_105_SNP_N_GenomeWideSNP_6_E09_777566	10	133324068	135356694	976	-0.079
BUBBY_p_TCGA_b89_105_SNP_N_GenomeWideSNP_6_E09_777566	11	188510	357139	82	-0.0975
BUBBY_p_TCGA_b89_105_SNP_N_GenomeWideSNP_6_E09_777566	11	358246	446120	24	-0.4408
BUBBY_p_TCGA_b89_105_SNP_N_GenomeWideSNP_6_E09_777566	11	448784	4427515	1811	-0.0408
BUBBY_p_TCGA_b89_105_SNP_N_GenomeWideSNP_6_E09_777566	11	4428040	4428049	2	-1.4161
BUBBY_p_TCGA_b89_105_SNP_N_GenomeWideSNP_6_E09_777566	11	4428762	4926819	564	0.0013
BUBBY_p_TCGA_b89_105_SNP_N_GenomeWideSNP_6_E09_777566	11	4926853	4948858	48	0.6191
BUBBY_p_TCGA_b89_105_SNP_N_GenomeWideSNP_6_E09_777566	11	4949089	5747539	785	-0.0129
BUBBY_p_TCGA_b89_105_SNP_N_GenomeWideSNP_6_E09_777566	11	5750017	5766037	26	-0.501
BUBBY_p_TCGA_b89_105_SNP_N_GenomeWideSNP_6_E09_777566	11	5768936	6064366	239	-1e-04
BUBBY_p_TCGA_b89_105_SNP_N_GenomeWideSNP_6_E09_777566	11	6064845	6079079	9	0.6056
BUBBY_p_TCGA_b89_105_SNP_N_GenomeWideSNP_6_E09_777566	11	6080464	18909138	9199	-0.0241
BUBBY_p_TCGA_b89_105_SNP_N_GenomeWideSNP_6_E09_777566	11	18909166	18915243	13	-0.6736
BUBBY_p_TCGA_b89_105_SNP_N_GenomeWideSNP_6_E09_777566	11	18915466	54726437	21673	-0.018
BUBBY_p_TCGA_b89_105_SNP_N_GenomeWideSNP_6_E09_777566	11	54732780	54738787	4	-1.0973
BUBBY_p_TCGA_b89_105_SNP_N_GenomeWideSNP_6_E09_777566	11	54766051	55130764	206	0.0491
BUBBY_p_TCGA_b89_105_SNP_N_GenomeWideSNP_6_E09_777566	11	55130779	55198894	45	0.7077
BUBBY_p_TCGA_b89_105_SNP_N_GenomeWideSNP_6_E09_777566	11	55200787	55201564	3	-0.5636
BUBBY_p_TCGA_b89_105_SNP_N_GenomeWideSNP_6_E09_777566	11	55201870	55209553	7	0.9441
BUBBY_p_TCGA_b89_105_SNP_N_GenomeWideSNP_6_E09_777566	11	55209585	134449982	52459	-0.0272
BUBBY_p_TCGA_b89_105_SNP_N_GenomeWideSNP_6_E09_777566	12	20703	739524	421	-0.0462
BUBBY_p_TCGA_b89_105_SNP_N_GenomeWideSNP_6_E09_777566	12	739539	744290	15	-0.8538
BUBBY_p_TCGA_b89_105_SNP_N_GenomeWideSNP_6_E09_777566	12	745615	9521823	5770	-0.0183
BUBBY_p_TCGA_b89_105_SNP_N_GenomeWideSNP_6_E09_777566	12	9525137	9619559	24	-1.3926
BUBBY_p_TCGA_b89_105_SNP_N_GenomeWideSNP_6_E09_777566	12	9626236	11112094	1047	-0.0088
BUBBY_p_TCGA_b89_105_SNP_N_GenomeWideSNP_6_E09_777566	12	11113635	11132799	10	-1.3395
BUBBY_p_TCGA_b89_105_SNP_N_GenomeWideSNP_6_E09_777566	12	11143141	30126848	13297	-0.0258
BUBBY_p_TCGA_b89_105_SNP_N_GenomeWideSNP_6_E09_777566	12	30130534	30134842	19	-0.5015
BUBBY_p_TCGA_b89_105_SNP_N_GenomeWideSNP_6_E09_777566	12	30134857	36273993	3149	-0.0089
BUBBY_p_TCGA_b89_105_SNP_N_GenomeWideSNP_6_E09_777566	12	36298834	36300285	2	-2.3201
BUBBY_p_TCGA_b89_105_SNP_N_GenomeWideSNP_6_E09_777566	12	36320625	85404909	30026	-0.0256
BUBBY_p_TCGA_b89_105_SNP_N_GenomeWideSNP_6_E09_777566	12	85405959	85406086	2	-2.8162
BUBBY_p_TCGA_b89_105_SNP_N_GenomeWideSNP_6_E09_777566	12	85414146	98315923	8517	-0.0344
BUBBY_p_TCGA_b89_105_SNP_N_GenomeWideSNP_6_E09_777566	12	98315945	98322865	32	-0.7246
BUBBY_p_TCGA_b89_105_SNP_N_GenomeWideSNP_6_E09_777566	12	98327224	130669588	22182	-0.0174
BUBBY_p_TCGA_b89_105_SNP_N_GenomeWideSNP_6_E09_777566	12	130669724	130708916	29	-0.4397
BUBBY_p_TCGA_b89_105_SNP_N_GenomeWideSNP_6_E09_777566	12	130708948	132288262	566	-0.0652
BUBBY_p_TCGA_b89_105_SNP_N_GenomeWideSNP_6_E09_777566	13	17924949	22523373	2886	-0.0183
BUBBY_p_TCGA_b89_105_SNP_N_GenomeWideSNP_6_E09_777566	13	22523707	22523808	3	-1.5097
BUBBY_p_TCGA_b89_105_SNP_N_GenomeWideSNP_6_E09_777566	13	22524037	22527187	8	-0.1562
BUBBY_p_TCGA_b89_105_SNP_N_GenomeWideSNP_6_E09_777566	13	22527210	22536494	17	0.4879
BUBBY_p_TCGA_b89_105_SNP_N_GenomeWideSNP_6_E09_777566	13	22536921	31430121	6735	-0.0363
BUBBY_p_TCGA_b89_105_SNP_N_GenomeWideSNP_6_E09_777566	13	31430622	31436423	18	-1.0713
BUBBY_p_TCGA_b89_105_SNP_N_GenomeWideSNP_6_E09_777566	13	31438047	36969135	3906	-0.0379
BUBBY_p_TCGA_b89_105_SNP_N_GenomeWideSNP_6_E09_777566	13	36970036	36982757	16	1.005
BUBBY_p_TCGA_b89_105_SNP_N_GenomeWideSNP_6_E09_777566	13	36986330	56649097	12551	-0.0264
BUBBY_p_TCGA_b89_105_SNP_N_GenomeWideSNP_6_E09_777566	13	56656271	56676381	34	-0.5996
BUBBY_p_TCGA_b89_105_SNP_N_GenomeWideSNP_6_E09_777566	13	56687715	109470969	35512	-0.0263
BUBBY_p_TCGA_b89_105_SNP_N_GenomeWideSNP_6_E09_777566	13	109471615	109471649	2	-1.7503
BUBBY_p_TCGA_b89_105_SNP_N_GenomeWideSNP_6_E09_777566	13	109472780	114126499	2665	-0.0363
BUBBY_p_TCGA_b89_105_SNP_N_GenomeWideSNP_6_E09_777566	14	18072124	19080913	73	-0.3256
BUBBY_p_TCGA_b89_105_SNP_N_GenomeWideSNP_6_E09_777566	14	19107146	19213349	7	-1.1762
BUBBY_p_TCGA_b89_105_SNP_N_GenomeWideSNP_6_E09_777566	14	19227683	19504870	127	-0.3059
BUBBY_p_TCGA_b89_105_SNP_N_GenomeWideSNP_6_E09_777566	14	19505226	19620380	75	-0.65
BUBBY_p_TCGA_b89_105_SNP_N_GenomeWideSNP_6_E09_777566	14	19623124	19625036	2	0.7149
BUBBY_p_TCGA_b89_105_SNP_N_GenomeWideSNP_6_E09_777566	14	19627107	20140350	403	-0.7429
BUBBY_p_TCGA_b89_105_SNP_N_GenomeWideSNP_6_E09_777566	14	20140666	20142544	4	-2.5106
BUBBY_p_TCGA_b89_105_SNP_N_GenomeWideSNP_6_E09_777566	14	20143164	25853751	3852	-0.6897
BUBBY_p_TCGA_b89_105_SNP_N_GenomeWideSNP_6_E09_777566	14	25853753	25853758	6	0.4843
BUBBY_p_TCGA_b89_105_SNP_N_GenomeWideSNP_6_E09_777566	14	25854753	40678108	9253	-0.6983
BUBBY_p_TCGA_b89_105_SNP_N_GenomeWideSNP_6_E09_777566	14	40680246	40698992	7	-1.7941
BUBBY_p_TCGA_b89_105_SNP_N_GenomeWideSNP_6_E09_777566	14	40703135	40707565	5	-3.9671
BUBBY_p_TCGA_b89_105_SNP_N_GenomeWideSNP_6_E09_777566	14	40723727	56250756	9815	-0.705
BUBBY_p_TCGA_b89_105_SNP_N_GenomeWideSNP_6_E09_777566	14	56250768	56250969	2	-3.2564
BUBBY_p_TCGA_b89_105_SNP_N_GenomeWideSNP_6_E09_777566	14	56251252	69519775	8275	-0.7228
BUBBY_p_TCGA_b89_105_SNP_N_GenomeWideSNP_6_E09_777566	14	69525227	69534519	10	-1.5236
BUBBY_p_TCGA_b89_105_SNP_N_GenomeWideSNP_6_E09_777566	14	69535455	73070876	2343	-0.7194
BUBBY_p_TCGA_b89_105_SNP_N_GenomeWideSNP_6_E09_777566	14	73076460	73099668	10	-2.2831
BUBBY_p_TCGA_b89_105_SNP_N_GenomeWideSNP_6_E09_777566	14	73100484	97036022	16021	-0.7299
BUBBY_p_TCGA_b89_105_SNP_N_GenomeWideSNP_6_E09_777566	14	97037702	97038740	2	-3.5649
BUBBY_p_TCGA_b89_105_SNP_N_GenomeWideSNP_6_E09_777566	14	97038913	100605709	2636	-0.7446
BUBBY_p_TCGA_b89_105_SNP_N_GenomeWideSNP_6_E09_777566	14	100605780	100609137	4	-2.7956
BUBBY_p_TCGA_b89_105_SNP_N_GenomeWideSNP_6_E09_777566	14	100611387	105601409	2079	-0.7259
BUBBY_p_TCGA_b89_105_SNP_N_GenomeWideSNP_6_E09_777566	14	105601732	105638145	17	0.1198
BUBBY_p_TCGA_b89_105_SNP_N_GenomeWideSNP_6_E09_777566	14	105640508	105821925	83	-0.5138
BUBBY_p_TCGA_b89_105_SNP_N_GenomeWideSNP_6_E09_777566	14	105822329	105824912	4	0.5008
BUBBY_p_TCGA_b89_105_SNP_N_GenomeWideSNP_6_E09_777566	14	105825048	105867070	16	-0.4059
BUBBY_p_TCGA_b89_105_SNP_N_GenomeWideSNP_6_E09_777566	14	105867273	105873098	6	-1.4765
BUBBY_p_TCGA_b89_105_SNP_N_GenomeWideSNP_6_E09_777566	14	105886988	106224218	216	-0.6076
BUBBY_p_TCGA_b89_105_SNP_N_GenomeWideSNP_6_E09_777566	14	106231370	106231699	3	-3.0191
BUBBY_p_TCGA_b89_105_SNP_N_GenomeWideSNP_6_E09_777566	14	106231806	106356482	87	-0.7829
BUBBY_p_TCGA_b89_105_SNP_N_GenomeWideSNP_6_E09_777566	15	18276341	18491920	50	0.071
BUBBY_p_TCGA_b89_105_SNP_N_GenomeWideSNP_6_E09_777566	15	18506386	20232440	373	-0.7502
BUBBY_p_TCGA_b89_105_SNP_N_GenomeWideSNP_6_E09_777566	15	20232614	28157323	4677	-0.0081
BUBBY_p_TCGA_b89_105_SNP_N_GenomeWideSNP_6_E09_777566	15	28173703	28675248	110	0.3887
BUBBY_p_TCGA_b89_105_SNP_N_GenomeWideSNP_6_E09_777566	15	28688170	30226603	1048	-0.011
BUBBY_p_TCGA_b89_105_SNP_N_GenomeWideSNP_6_E09_777566	15	30228925	30664276	71	0.3665
BUBBY_p_TCGA_b89_105_SNP_N_GenomeWideSNP_6_E09_777566	15	30690275	59471497	18916	-0.0128
BUBBY_p_TCGA_b89_105_SNP_N_GenomeWideSNP_6_E09_777566	15	59475461	59484966	11	-1.2092
BUBBY_p_TCGA_b89_105_SNP_N_GenomeWideSNP_6_E09_777566	15	59484983	74665417	9120	-0.0101
BUBBY_p_TCGA_b89_105_SNP_N_GenomeWideSNP_6_E09_777566	15	74678296	74682830	22	-1.971
BUBBY_p_TCGA_b89_105_SNP_N_GenomeWideSNP_6_E09_777566	15	74689234	80840216	3662	-0.0269
BUBBY_p_TCGA_b89_105_SNP_N_GenomeWideSNP_6_E09_777566	15	80843133	80880206	4	0.9764
BUBBY_p_TCGA_b89_105_SNP_N_GenomeWideSNP_6_E09_777566	15	80880487	100286563	14027	-0.0158
BUBBY_p_TCGA_b89_105_SNP_N_GenomeWideSNP_6_E09_777566	16	777	14957482	11150	-0.0071
BUBBY_p_TCGA_b89_105_SNP_N_GenomeWideSNP_6_E09_777566	16	14957499	15002087	47	-0.3583
BUBBY_p_TCGA_b89_105_SNP_N_GenomeWideSNP_6_E09_777566	16	15002139	34317210	9362	-0.0103
BUBBY_p_TCGA_b89_105_SNP_N_GenomeWideSNP_6_E09_777566	16	34324072	34614572	169	0.4447
BUBBY_p_TCGA_b89_105_SNP_N_GenomeWideSNP_6_E09_777566	16	34618468	69396838	15681	-0.0078
BUBBY_p_TCGA_b89_105_SNP_N_GenomeWideSNP_6_E09_777566	16	69399598	69757550	222	0.322
BUBBY_p_TCGA_b89_105_SNP_N_GenomeWideSNP_6_E09_777566	16	69758574	76929109	5243	-0.0029
BUBBY_p_TCGA_b89_105_SNP_N_GenomeWideSNP_6_E09_777566	16	76929941	76942266	17	-2.2572
BUBBY_p_TCGA_b89_105_SNP_N_GenomeWideSNP_6_E09_777566	16	76942502	77815838	1202	-0.0032
BUBBY_p_TCGA_b89_105_SNP_N_GenomeWideSNP_6_E09_777566	16	77818019	77832850	12	0.6683
BUBBY_p_TCGA_b89_105_SNP_N_GenomeWideSNP_6_E09_777566	16	77837166	82351496	4914	-0.0083
BUBBY_p_TCGA_b89_105_SNP_N_GenomeWideSNP_6_E09_777566	16	82351498	82351507	2	-1.3598
BUBBY_p_TCGA_b89_105_SNP_N_GenomeWideSNP_6_E09_777566	16	82351525	88815036	4511	-0.0541
BUBBY_p_TCGA_b89_105_SNP_N_GenomeWideSNP_6_E09_777566	17	526	36668173	20978	-0.018
BUBBY_p_TCGA_b89_105_SNP_N_GenomeWideSNP_6_E09_777566	17	36671898	36683976	26	-0.8809
BUBBY_p_TCGA_b89_105_SNP_N_GenomeWideSNP_6_E09_777566	17	36684057	41581610	2561	-0.025
BUBBY_p_TCGA_b89_105_SNP_N_GenomeWideSNP_6_E09_777566	17	41581620	42107462	124	-0.5113
BUBBY_p_TCGA_b89_105_SNP_N_GenomeWideSNP_6_E09_777566	17	42107479	53042488	7014	-0.0181
BUBBY_p_TCGA_b89_105_SNP_N_GenomeWideSNP_6_E09_777566	17	53043332	53043992	2	-1.5685
BUBBY_p_TCGA_b89_105_SNP_N_GenomeWideSNP_6_E09_777566	17	53046992	69500170	9952	-0.0166
BUBBY_p_TCGA_b89_105_SNP_N_GenomeWideSNP_6_E09_777566	17	69501080	69503408	2	-1.7469
BUBBY_p_TCGA_b89_105_SNP_N_GenomeWideSNP_6_E09_777566	17	69504963	78643088	4662	-0.0426
BUBBY_p_TCGA_b89_105_SNP_N_GenomeWideSNP_6_E09_777566	18	1543	61872559	40388	-0.0103
BUBBY_p_TCGA_b89_105_SNP_N_GenomeWideSNP_6_E09_777566	18	61878472	61879320	12	-0.5532
BUBBY_p_TCGA_b89_105_SNP_N_GenomeWideSNP_6_E09_777566	18	61883718	61913280	47	0.0734
BUBBY_p_TCGA_b89_105_SNP_N_GenomeWideSNP_6_E09_777566	18	61918120	61926575	4	0.8083
BUBBY_p_TCGA_b89_105_SNP_N_GenomeWideSNP_6_E09_777566	18	61928110	62057846	97	-0.0346
BUBBY_p_TCGA_b89_105_SNP_N_GenomeWideSNP_6_E09_777566	18	62058414	62062569	10	-0.706
BUBBY_p_TCGA_b89_105_SNP_N_GenomeWideSNP_6_E09_777566	18	62062856	76116029	10273	0.0048
BUBBY_p_TCGA_b89_105_SNP_N_GenomeWideSNP_6_E09_777566	19	41910	40541149	16827	-0.0043
BUBBY_p_TCGA_b89_105_SNP_N_GenomeWideSNP_6_E09_777566	19	40541162	40553688	23	-0.764
BUBBY_p_TCGA_b89_105_SNP_N_GenomeWideSNP_6_E09_777566	19	40558584	47929451	3716	-0.015
BUBBY_p_TCGA_b89_105_SNP_N_GenomeWideSNP_6_E09_777566	19	47929604	48054492	45	0.442
BUBBY_p_TCGA_b89_105_SNP_N_GenomeWideSNP_6_E09_777566	19	48060775	56834164	4357	-0.0067
BUBBY_p_TCGA_b89_105_SNP_N_GenomeWideSNP_6_E09_777566	19	56834427	56840009	10	-0.8634
BUBBY_p_TCGA_b89_105_SNP_N_GenomeWideSNP_6_E09_777566	19	56846717	63789666	4385	-0.0192
BUBBY_p_TCGA_b89_105_SNP_N_GenomeWideSNP_6_E09_777566	20	9305	819544	635	-0.0268
BUBBY_p_TCGA_b89_105_SNP_N_GenomeWideSNP_6_E09_777566	20	820466	820602	3	-1.0733
BUBBY_p_TCGA_b89_105_SNP_N_GenomeWideSNP_6_E09_777566	20	822500	1500457	547	-0.0237
BUBBY_p_TCGA_b89_105_SNP_N_GenomeWideSNP_6_E09_777566	20	1500503	1508999	22	-0.7383
BUBBY_p_TCGA_b89_105_SNP_N_GenomeWideSNP_6_E09_777566	20	1509580	1530207	36	-0.1252
BUBBY_p_TCGA_b89_105_SNP_N_GenomeWideSNP_6_E09_777566	20	1538257	1541849	4	1.3812
BUBBY_p_TCGA_b89_105_SNP_N_GenomeWideSNP_6_E09_777566	20	1541893	59003766	39470	-0.0145
BUBBY_p_TCGA_b89_105_SNP_N_GenomeWideSNP_6_E09_777566	20	59004029	59023596	46	0.5221
BUBBY_p_TCGA_b89_105_SNP_N_GenomeWideSNP_6_E09_777566	20	59023879	62426597	1749	-0.0476
BUBBY_p_TCGA_b89_105_SNP_N_GenomeWideSNP_6_E09_777566	21	9758742	17032901	2386	-0.0026
BUBBY_p_TCGA_b89_105_SNP_N_GenomeWideSNP_6_E09_777566	21	17034833	17035658	4	-1.069
BUBBY_p_TCGA_b89_105_SNP_N_GenomeWideSNP_6_E09_777566	21	17036229	22568394	4083	-0.0132
BUBBY_p_TCGA_b89_105_SNP_N_GenomeWideSNP_6_E09_777566	21	22573005	22586529	10	-0.8174
BUBBY_p_TCGA_b89_105_SNP_N_GenomeWideSNP_6_E09_777566	21	22588870	43792481	16176	-0.015
BUBBY_p_TCGA_b89_105_SNP_N_GenomeWideSNP_6_E09_777566	21	43795301	43797240	2	-1.8748
BUBBY_p_TCGA_b89_105_SNP_N_GenomeWideSNP_6_E09_777566	21	43798095	45715994	1060	-0.0487
BUBBY_p_TCGA_b89_105_SNP_N_GenomeWideSNP_6_E09_777566	21	45717079	45744346	12	-0.619
BUBBY_p_TCGA_b89_105_SNP_N_GenomeWideSNP_6_E09_777566	21	45746864	46921385	695	-0.0423
BUBBY_p_TCGA_b89_105_SNP_N_GenomeWideSNP_6_E09_777566	22	14432528	15037301	94	-0.2687
BUBBY_p_TCGA_b89_105_SNP_N_GenomeWideSNP_6_E09_777566	22	15042742	15063416	2	2.1982
BUBBY_p_TCGA_b89_105_SNP_N_GenomeWideSNP_6_E09_777566	22	15244898	15406042	39	-0.0036
BUBBY_p_TCGA_b89_105_SNP_N_GenomeWideSNP_6_E09_777566	22	15410792	15411072	2	-1.5483
BUBBY_p_TCGA_b89_105_SNP_N_GenomeWideSNP_6_E09_777566	22	15435747	20797527	3159	-0.0636
BUBBY_p_TCGA_b89_105_SNP_N_GenomeWideSNP_6_E09_777566	22	20797569	20811498	9	-0.5507
BUBBY_p_TCGA_b89_105_SNP_N_GenomeWideSNP_6_E09_777566	22	20814778	20833523	74	0.0879
BUBBY_p_TCGA_b89_105_SNP_N_GenomeWideSNP_6_E09_777566	22	20833549	20833853	4	1.2958
BUBBY_p_TCGA_b89_105_SNP_N_GenomeWideSNP_6_E09_777566	22	20834045	22503394	1117	-0.0577
BUBBY_p_TCGA_b89_105_SNP_N_GenomeWideSNP_6_E09_777566	22	22504303	22504335	2	-1.6357
BUBBY_p_TCGA_b89_105_SNP_N_GenomeWideSNP_6_E09_777566	22	22504388	37620866	10970	-0.0024
BUBBY_p_TCGA_b89_105_SNP_N_GenomeWideSNP_6_E09_777566	22	37625201	37626850	3	-3.7361
BUBBY_p_TCGA_b89_105_SNP_N_GenomeWideSNP_6_E09_777566	22	37629060	39123206	759	-0.0341
BUBBY_p_TCGA_b89_105_SNP_N_GenomeWideSNP_6_E09_777566	22	39124536	39124766	2	-3.3481
BUBBY_p_TCGA_b89_105_SNP_N_GenomeWideSNP_6_E09_777566	22	39127618	40844837	995	-0.0273
BUBBY_p_TCGA_b89_105_SNP_N_GenomeWideSNP_6_E09_777566	22	40856408	40866286	2	1.43
BUBBY_p_TCGA_b89_105_SNP_N_GenomeWideSNP_6_E09_777566	22	40870148	41123817	143	-0.0284
BUBBY_p_TCGA_b89_105_SNP_N_GenomeWideSNP_6_E09_777566	22	41131443	41151624	16	-0.443
BUBBY_p_TCGA_b89_105_SNP_N_GenomeWideSNP_6_E09_777566	22	41158687	49581321	6169	-0.0216
BUBBY_p_TCGA_b89_105_SNP_N_GenomeWideSNP_6_E09_777566	X	108477	58342512	33468	-0.0027
BUBBY_p_TCGA_b89_105_SNP_N_GenomeWideSNP_6_E09_777566	X	58343106	61890215	66	0.3919
BUBBY_p_TCGA_b89_105_SNP_N_GenomeWideSNP_6_E09_777566	X	61890958	62359997	138	0.1453
BUBBY_p_TCGA_b89_105_SNP_N_GenomeWideSNP_6_E09_777566	X	62360187	62422593	24	1.2993
BUBBY_p_TCGA_b89_105_SNP_N_GenomeWideSNP_6_E09_777566	X	62433727	89586555	13337	0.0408
BUBBY_p_TCGA_b89_105_SNP_N_GenomeWideSNP_6_E09_777566	X	89587305	89876837	100	0.4361
BUBBY_p_TCGA_b89_105_SNP_N_GenomeWideSNP_6_E09_777566	X	89888545	116427764	14349	0.0238
BUBBY_p_TCGA_b89_105_SNP_N_GenomeWideSNP_6_E09_777566	X	116428008	116428338	2	-2.3144
BUBBY_p_TCGA_b89_105_SNP_N_GenomeWideSNP_6_E09_777566	X	116428818	116478878	35	-0.0748
BUBBY_p_TCGA_b89_105_SNP_N_GenomeWideSNP_6_E09_777566	X	116479047	116479734	2	-2.4318
BUBBY_p_TCGA_b89_105_SNP_N_GenomeWideSNP_6_E09_777566	X	116481313	116534749	36	-0.061
BUBBY_p_TCGA_b89_105_SNP_N_GenomeWideSNP_6_E09_777566	X	116535264	116535432	2	-1.82
BUBBY_p_TCGA_b89_105_SNP_N_GenomeWideSNP_6_E09_777566	X	116538826	143433744	15815	0.0064
BUBBY_p_TCGA_b89_105_SNP_N_GenomeWideSNP_6_E09_777566	X	143439174	143440494	2	-2.6272
BUBBY_p_TCGA_b89_105_SNP_N_GenomeWideSNP_6_E09_777566	X	143442232	154835548	6905	-0.0141
BUBBY_p_TCGA_b89_105_SNP_N_GenomeWideSNP_6_E09_777566	Y	2710438	14099670	3539	-2.2891
BUBBY_p_TCGA_b89_105_SNP_N_GenomeWideSNP_6_E09_777566	Y	14099736	14100931	2	-7.6439
BUBBY_p_TCGA_b89_105_SNP_N_GenomeWideSNP_6_E09_777566	Y	14103917	18084284	2080	-2.3164
BUBBY_p_TCGA_b89_105_SNP_N_GenomeWideSNP_6_E09_777566	Y	18085938	19484001	671	-2.5632
BUBBY_p_TCGA_b89_105_SNP_N_GenomeWideSNP_6_E09_777566	Y	19484450	23041098	1323	-2.3335
BUBBY_p_TCGA_b89_105_SNP_N_GenomeWideSNP_6_E09_777566	Y	23045172	23374340	31	-3.4434
BUBBY_p_TCGA_b89_105_SNP_N_GenomeWideSNP_6_E09_777566	Y	23388906	24156140	63	-1.9882
BUBBY_p_TCGA_b89_105_SNP_N_GenomeWideSNP_6_E09_777566	Y	24156416	24847437	237	-2.4764
BUBBY_p_TCGA_b89_105_SNP_N_GenomeWideSNP_6_E09_777566	Y	24849847	24878447	13	-1.5977
BUBBY_p_TCGA_b89_105_SNP_N_GenomeWideSNP_6_E09_777566	Y	24883344	25040317	19	-2.5551
BUBBY_p_TCGA_b89_105_SNP_N_GenomeWideSNP_6_E09_777566	Y	25040616	25214234	32	-3.3604
BUBBY_p_TCGA_b89_105_SNP_N_GenomeWideSNP_6_E09_777566	Y	25214952	25475427	44	-2.4847
BUBBY_p_TCGA_b89_105_SNP_N_GenomeWideSNP_6_E09_777566	Y	25600140	25649572	3	-4.6091
BUBBY_p_TCGA_b89_105_SNP_N_GenomeWideSNP_6_E09_777566	Y	25664067	26731407	306	-2.4706
BUBBY_p_TCGA_b89_105_SNP_N_GenomeWideSNP_6_E09_777566	Y	26731471	57427647	226	-2.0963
