GDC_Aliquot	Chromosome	Start	End	Num_Probes	Segment_Mean
67934524-ef35-4ca5-a3ae-1a4039becafb	1	62920	668210	21	0.4293
67934524-ef35-4ca5-a3ae-1a4039becafb	1	771719	16788139	8680	-0.0023
67934524-ef35-4ca5-a3ae-1a4039becafb	1	16855942	16935752	56	0.914
67934524-ef35-4ca5-a3ae-1a4039becafb	1	16949746	25256850	5260	-0.0029
67934524-ef35-4ca5-a3ae-1a4039becafb	1	25266637	25320253	23	0.7261
67934524-ef35-4ca5-a3ae-1a4039becafb	1	25320455	34626073	4950	-0.0051
67934524-ef35-4ca5-a3ae-1a4039becafb	1	34637053	34638890	20	-0.8491
67934524-ef35-4ca5-a3ae-1a4039becafb	1	34648667	36401633	788	-0.01
67934524-ef35-4ca5-a3ae-1a4039becafb	1	36407064	36407717	4	-1.1989
67934524-ef35-4ca5-a3ae-1a4039becafb	1	36408641	72303233	22968	-0.0126
67934524-ef35-4ca5-a3ae-1a4039becafb	1	72303253	72313397	9	3.2688
67934524-ef35-4ca5-a3ae-1a4039becafb	1	72313408	72345450	35	1.7951
67934524-ef35-4ca5-a3ae-1a4039becafb	1	72345465	80462418	5128	-0.025
67934524-ef35-4ca5-a3ae-1a4039becafb	1	80462645	80462648	2	-1.9906
67934524-ef35-4ca5-a3ae-1a4039becafb	1	80469488	103614695	14893	-0.0174
67934524-ef35-4ca5-a3ae-1a4039becafb	1	103614714	103697067	7	-1.0772
67934524-ef35-4ca5-a3ae-1a4039becafb	1	103697364	105476583	921	-0.04
67934524-ef35-4ca5-a3ae-1a4039becafb	1	105476614	105479738	15	0.727
67934524-ef35-4ca5-a3ae-1a4039becafb	1	105479753	108223733	1960	-0.0187
67934524-ef35-4ca5-a3ae-1a4039becafb	1	108226680	108274557	2	-1.6983
67934524-ef35-4ca5-a3ae-1a4039becafb	1	108310648	109690352	676	-0.0091
67934524-ef35-4ca5-a3ae-1a4039becafb	1	109690415	109697556	12	1.338
67934524-ef35-4ca5-a3ae-1a4039becafb	1	109702376	112147704	1949	0.0036
67934524-ef35-4ca5-a3ae-1a4039becafb	1	112153343	112154619	23	-2.0671
67934524-ef35-4ca5-a3ae-1a4039becafb	1	112154754	143710845	5252	-0.0033
67934524-ef35-4ca5-a3ae-1a4039becafb	1	143713743	143760271	28	0.4676
67934524-ef35-4ca5-a3ae-1a4039becafb	1	143762042	152583051	2323	-0.025
67934524-ef35-4ca5-a3ae-1a4039becafb	1	152583230	152613762	31	0.5118
67934524-ef35-4ca5-a3ae-1a4039becafb	1	152613802	152789447	172	-0.0199
67934524-ef35-4ca5-a3ae-1a4039becafb	1	152789463	152795783	31	-0.5435
67934524-ef35-4ca5-a3ae-1a4039becafb	1	152795805	248930189	65350	-0.0126
67934524-ef35-4ca5-a3ae-1a4039becafb	2	12784	4169594	2994	-0.0072
67934524-ef35-4ca5-a3ae-1a4039becafb	2	4169706	4175113	27	0.4163
67934524-ef35-4ca5-a3ae-1a4039becafb	2	4175577	8458763	3663	-0.002
67934524-ef35-4ca5-a3ae-1a4039becafb	2	8458778	8462519	3	-1.4706
67934524-ef35-4ca5-a3ae-1a4039becafb	2	8463135	34295406	17297	-0.0141
67934524-ef35-4ca5-a3ae-1a4039becafb	2	34298911	34300513	2	-2.7424
67934524-ef35-4ca5-a3ae-1a4039becafb	2	34300900	52527423	13146	-0.0233
67934524-ef35-4ca5-a3ae-1a4039becafb	2	52527590	52527743	3	-2.5592
67934524-ef35-4ca5-a3ae-1a4039becafb	2	52531615	52554404	33	0.6467
67934524-ef35-4ca5-a3ae-1a4039becafb	2	52560811	97164874	23804	-0.0137
67934524-ef35-4ca5-a3ae-1a4039becafb	2	97164886	97211436	26	0.4322
67934524-ef35-4ca5-a3ae-1a4039becafb	2	97310327	97537802	18	-0.1838
67934524-ef35-4ca5-a3ae-1a4039becafb	2	97540809	97545247	3	-1.9288
67934524-ef35-4ca5-a3ae-1a4039becafb	2	97545726	106263639	5567	-0.0055
67934524-ef35-4ca5-a3ae-1a4039becafb	2	106264257	106270799	12	-0.6277
67934524-ef35-4ca5-a3ae-1a4039becafb	2	106270952	146104517	23816	-0.0126
67934524-ef35-4ca5-a3ae-1a4039becafb	2	146106836	146107526	7	0.3672
67934524-ef35-4ca5-a3ae-1a4039becafb	2	146107615	146109366	17	0.9674
67934524-ef35-4ca5-a3ae-1a4039becafb	2	146120238	163780342	10590	-0.0199
67934524-ef35-4ca5-a3ae-1a4039becafb	2	163786978	163788616	5	-1.4278
67934524-ef35-4ca5-a3ae-1a4039becafb	2	163790132	166354980	1465	-0.0314
67934524-ef35-4ca5-a3ae-1a4039becafb	2	166360663	166360727	2	1.3962
67934524-ef35-4ca5-a3ae-1a4039becafb	2	166362159	207490231	24903	-0.0193
67934524-ef35-4ca5-a3ae-1a4039becafb	2	207490454	207494612	16	-1.0436
67934524-ef35-4ca5-a3ae-1a4039becafb	2	207494752	212316597	3039	-0.0204
67934524-ef35-4ca5-a3ae-1a4039becafb	2	212321824	212327101	25	-1.0804
67934524-ef35-4ca5-a3ae-1a4039becafb	2	212327402	242147305	19004	-0.0121
67934524-ef35-4ca5-a3ae-1a4039becafb	3	20930	6604856	5808	-0.3927
67934524-ef35-4ca5-a3ae-1a4039becafb	3	6609441	6613391	24	-1.3951
67934524-ef35-4ca5-a3ae-1a4039becafb	3	6613561	16197556	7048	-0.3845
67934524-ef35-4ca5-a3ae-1a4039becafb	3	16199049	16199672	6	-1.598
67934524-ef35-4ca5-a3ae-1a4039becafb	3	16199818	29516735	9159	-0.3998
67934524-ef35-4ca5-a3ae-1a4039becafb	3	29519897	29525720	7	-1.7289
67934524-ef35-4ca5-a3ae-1a4039becafb	3	29525902	47940141	11616	-0.393
67934524-ef35-4ca5-a3ae-1a4039becafb	3	47943691	47944613	3	-2.4682
67934524-ef35-4ca5-a3ae-1a4039becafb	3	47947331	68697013	14077	-0.3876
67934524-ef35-4ca5-a3ae-1a4039becafb	3	68697108	68698262	14	-1.4397
67934524-ef35-4ca5-a3ae-1a4039becafb	3	68699607	75058592	4707	-0.4067
67934524-ef35-4ca5-a3ae-1a4039becafb	3	75059175	75483280	201	-0.0096
67934524-ef35-4ca5-a3ae-1a4039becafb	3	75489692	75537654	20	0.5807
67934524-ef35-4ca5-a3ae-1a4039becafb	3	75546030	75967487	128	-0.0148
67934524-ef35-4ca5-a3ae-1a4039becafb	3	75967792	76030389	32	-0.4214
67934524-ef35-4ca5-a3ae-1a4039becafb	3	76033336	76247521	126	-0.01
67934524-ef35-4ca5-a3ae-1a4039becafb	3	76252218	77360146	729	-0.3985
67934524-ef35-4ca5-a3ae-1a4039becafb	3	77360461	77652556	204	0.0134
67934524-ef35-4ca5-a3ae-1a4039becafb	3	77653748	77678439	15	-0.3743
67934524-ef35-4ca5-a3ae-1a4039becafb	3	77688496	79026377	758	0.0008
67934524-ef35-4ca5-a3ae-1a4039becafb	3	79026761	82617263	1988	-0.399
67934524-ef35-4ca5-a3ae-1a4039becafb	3	82617788	82706220	51	-0.016
67934524-ef35-4ca5-a3ae-1a4039becafb	3	82706841	82707026	2	-2.281
67934524-ef35-4ca5-a3ae-1a4039becafb	3	82709592	89475943	3783	-0.0187
67934524-ef35-4ca5-a3ae-1a4039becafb	3	89487306	89497867	5	-1.2295
67934524-ef35-4ca5-a3ae-1a4039becafb	3	89503594	125716589	19426	-0.0125
67934524-ef35-4ca5-a3ae-1a4039becafb	3	125717394	125739919	11	0.6551
67934524-ef35-4ca5-a3ae-1a4039becafb	3	125743486	130044016	2458	-0.0061
67934524-ef35-4ca5-a3ae-1a4039becafb	3	130044855	130088155	40	0.6876
67934524-ef35-4ca5-a3ae-1a4039becafb	3	130089433	132270503	1435	-0.0016
67934524-ef35-4ca5-a3ae-1a4039becafb	3	132273893	132276840	4	-1.9344
67934524-ef35-4ca5-a3ae-1a4039becafb	3	132281633	162815162	18845	-0.0094
67934524-ef35-4ca5-a3ae-1a4039becafb	3	162816942	162822702	6	-1.7671
67934524-ef35-4ca5-a3ae-1a4039becafb	3	162827928	162906093	45	-0.3982
67934524-ef35-4ca5-a3ae-1a4039becafb	3	162906109	162996729	75	-0.0496
67934524-ef35-4ca5-a3ae-1a4039becafb	3	162999939	163001774	2	1.928
67934524-ef35-4ca5-a3ae-1a4039becafb	3	163008371	170616353	4397	-0.0201
67934524-ef35-4ca5-a3ae-1a4039becafb	3	170622631	170626919	2	-1.9998
67934524-ef35-4ca5-a3ae-1a4039becafb	3	170628863	175362803	3182	-0.0105
67934524-ef35-4ca5-a3ae-1a4039becafb	3	175362822	175363437	5	-1.1465
67934524-ef35-4ca5-a3ae-1a4039becafb	3	175363536	193161217	11513	-0.0139
67934524-ef35-4ca5-a3ae-1a4039becafb	3	193162684	193168903	19	0.4246
67934524-ef35-4ca5-a3ae-1a4039becafb	3	193168958	194913859	1154	-0.0168
67934524-ef35-4ca5-a3ae-1a4039becafb	3	194920587	194921116	5	-0.8668
67934524-ef35-4ca5-a3ae-1a4039becafb	3	194921751	195656271	320	-0.0054
67934524-ef35-4ca5-a3ae-1a4039becafb	3	195663809	195715711	20	-1.2066
67934524-ef35-4ca5-a3ae-1a4039becafb	3	195719726	195747892	23	-0.3763
67934524-ef35-4ca5-a3ae-1a4039becafb	3	195751823	198111566	1148	0.0077
67934524-ef35-4ca5-a3ae-1a4039becafb	3	198118345	198169247	17	-0.2739
67934524-ef35-4ca5-a3ae-1a4039becafb	4	68929	4121101	1626	-0.0154
67934524-ef35-4ca5-a3ae-1a4039becafb	4	4133219	4151033	5	-1.1419
67934524-ef35-4ca5-a3ae-1a4039becafb	4	4158336	9455251	3524	0.0014
67934524-ef35-4ca5-a3ae-1a4039becafb	4	9459504	9508238	13	0.7707
67934524-ef35-4ca5-a3ae-1a4039becafb	4	9516340	9617513	31	0.053
67934524-ef35-4ca5-a3ae-1a4039becafb	4	9624789	9630824	3	-1.1275
67934524-ef35-4ca5-a3ae-1a4039becafb	4	9631635	10208766	499	-0.0261
67934524-ef35-4ca5-a3ae-1a4039becafb	4	10221792	10229874	28	-2.4193
67934524-ef35-4ca5-a3ae-1a4039becafb	4	10232590	10233644	7	-1.137
67934524-ef35-4ca5-a3ae-1a4039becafb	4	10234518	63840033	33597	-0.0156
67934524-ef35-4ca5-a3ae-1a4039becafb	4	63841863	63842540	8	1.1141
67934524-ef35-4ca5-a3ae-1a4039becafb	4	63850713	68352434	2849	-0.0135
67934524-ef35-4ca5-a3ae-1a4039becafb	4	68354665	68620261	90	0.3535
67934524-ef35-4ca5-a3ae-1a4039becafb	4	68623617	114252544	27688	-0.0147
67934524-ef35-4ca5-a3ae-1a4039becafb	4	114254167	114261019	23	-1.7145
67934524-ef35-4ca5-a3ae-1a4039becafb	4	114263073	121360818	4338	-0.021
67934524-ef35-4ca5-a3ae-1a4039becafb	4	121361313	121363827	27	-0.8536
67934524-ef35-4ca5-a3ae-1a4039becafb	4	121369976	129805459	4842	-0.0207
67934524-ef35-4ca5-a3ae-1a4039becafb	4	129805901	160319759	18291	0.2781
67934524-ef35-4ca5-a3ae-1a4039becafb	4	160323598	160952848	462	-0.0183
67934524-ef35-4ca5-a3ae-1a4039becafb	4	160958866	160963448	20	-0.7108
67934524-ef35-4ca5-a3ae-1a4039becafb	4	160963756	161467456	379	-0.0151
67934524-ef35-4ca5-a3ae-1a4039becafb	4	161467505	161830591	211	0.2839
67934524-ef35-4ca5-a3ae-1a4039becafb	4	161830698	172066706	6485	-0.0195
67934524-ef35-4ca5-a3ae-1a4039becafb	4	172066777	172074828	14	0.7616
67934524-ef35-4ca5-a3ae-1a4039becafb	4	172075742	172507320	235	-0.0077
67934524-ef35-4ca5-a3ae-1a4039becafb	4	172507437	172507492	2	1.6733
67934524-ef35-4ca5-a3ae-1a4039becafb	4	172519981	190106768	11841	-0.0111
67934524-ef35-4ca5-a3ae-1a4039becafb	5	15532	685633	306	0.009
67934524-ef35-4ca5-a3ae-1a4039becafb	5	698256	801456	30	0.3691
67934524-ef35-4ca5-a3ae-1a4039becafb	5	801650	11161513	8759	-0.0048
67934524-ef35-4ca5-a3ae-1a4039becafb	5	11162524	11162659	3	-1.3381
67934524-ef35-4ca5-a3ae-1a4039becafb	5	11167165	12815753	1088	-0.0306
67934524-ef35-4ca5-a3ae-1a4039becafb	5	12819201	12826538	9	0.7163
67934524-ef35-4ca5-a3ae-1a4039becafb	5	12833745	18449552	3739	-0.0113
67934524-ef35-4ca5-a3ae-1a4039becafb	5	18450505	18453901	2	-1.8411
67934524-ef35-4ca5-a3ae-1a4039becafb	5	18458441	58025819	21812	-0.0182
67934524-ef35-4ca5-a3ae-1a4039becafb	5	58030200	58037706	32	1.6803
67934524-ef35-4ca5-a3ae-1a4039becafb	5	58042530	69550476	7296	-0.0171
67934524-ef35-4ca5-a3ae-1a4039becafb	5	69571467	69822308	5	-1.2412
67934524-ef35-4ca5-a3ae-1a4039becafb	5	69937600	88962780	10737	-0.0199
67934524-ef35-4ca5-a3ae-1a4039becafb	5	88963038	88965179	2	-1.7165
67934524-ef35-4ca5-a3ae-1a4039becafb	5	88966762	92813476	2089	-0.0271
67934524-ef35-4ca5-a3ae-1a4039becafb	5	92818821	95714913	1527	0.2807
67934524-ef35-4ca5-a3ae-1a4039becafb	5	95715470	96750630	667	-0.0188
67934524-ef35-4ca5-a3ae-1a4039becafb	5	96750681	104515520	4510	0.2655
67934524-ef35-4ca5-a3ae-1a4039becafb	5	104524672	104524847	3	2.2346
67934524-ef35-4ca5-a3ae-1a4039becafb	5	104524903	152134610	30776	0.2823
67934524-ef35-4ca5-a3ae-1a4039becafb	5	152135825	152140710	15	-0.3846
67934524-ef35-4ca5-a3ae-1a4039becafb	5	152140861	181363319	19463	0.2879
67934524-ef35-4ca5-a3ae-1a4039becafb	6	149661	323326	134	0.0332
67934524-ef35-4ca5-a3ae-1a4039becafb	6	323576	378703	65	-0.2364
67934524-ef35-4ca5-a3ae-1a4039becafb	6	379015	9794829	7575	-0.0059
67934524-ef35-4ca5-a3ae-1a4039becafb	6	9795649	9795929	2	-2.1721
67934524-ef35-4ca5-a3ae-1a4039becafb	6	9801761	32533522	15068	-0.016
67934524-ef35-4ca5-a3ae-1a4039becafb	6	32540699	32559507	6	1.0078
67934524-ef35-4ca5-a3ae-1a4039becafb	6	32562367	73882085	24135	-0.0156
67934524-ef35-4ca5-a3ae-1a4039becafb	6	73882142	73891694	11	-0.7423
67934524-ef35-4ca5-a3ae-1a4039becafb	6	73893839	76305231	1471	-0.0218
67934524-ef35-4ca5-a3ae-1a4039becafb	6	76307183	76307209	3	1.0902
67934524-ef35-4ca5-a3ae-1a4039becafb	6	76307276	76730151	297	-0.0156
67934524-ef35-4ca5-a3ae-1a4039becafb	6	76730331	76758906	25	-0.6059
67934524-ef35-4ca5-a3ae-1a4039becafb	6	76758921	78253172	971	-0.009
67934524-ef35-4ca5-a3ae-1a4039becafb	6	78259348	78325468	113	-0.9356
67934524-ef35-4ca5-a3ae-1a4039becafb	6	78329517	103290101	15478	-0.013
67934524-ef35-4ca5-a3ae-1a4039becafb	6	103290164	103312129	41	-0.3384
67934524-ef35-4ca5-a3ae-1a4039becafb	6	103312172	170741917	44167	-0.0161
67934524-ef35-4ca5-a3ae-1a4039becafb	7	43355	9727840	5860	-0.0031
67934524-ef35-4ca5-a3ae-1a4039becafb	7	9727882	9729587	2	-3.333
67934524-ef35-4ca5-a3ae-1a4039becafb	7	9731568	16601636	5486	-0.017
67934524-ef35-4ca5-a3ae-1a4039becafb	7	16603213	16603229	2	-1.4224
67934524-ef35-4ca5-a3ae-1a4039becafb	7	16603370	52661195	25927	-0.0071
67934524-ef35-4ca5-a3ae-1a4039becafb	7	52669031	52675050	4	1.2171
67934524-ef35-4ca5-a3ae-1a4039becafb	7	52682077	54305455	1186	-0.0058
67934524-ef35-4ca5-a3ae-1a4039becafb	7	54318812	54318824	6	-1.6263
67934524-ef35-4ca5-a3ae-1a4039becafb	7	54325795	56997653	1614	0.0036
67934524-ef35-4ca5-a3ae-1a4039becafb	7	56999885	57016425	3	1.4179
67934524-ef35-4ca5-a3ae-1a4039becafb	7	57048761	70955452	4506	-0.0024
67934524-ef35-4ca5-a3ae-1a4039becafb	7	70958264	70961155	2	-3.0526
67934524-ef35-4ca5-a3ae-1a4039becafb	7	70963257	91728999	11936	-0.0171
67934524-ef35-4ca5-a3ae-1a4039becafb	7	91729225	91730276	9	-0.7331
67934524-ef35-4ca5-a3ae-1a4039becafb	7	91731675	93139417	903	-0.0191
67934524-ef35-4ca5-a3ae-1a4039becafb	7	93140613	93141256	2	-1.425
67934524-ef35-4ca5-a3ae-1a4039becafb	7	93146428	109793741	9458	-0.005
67934524-ef35-4ca5-a3ae-1a4039becafb	7	109797035	109800860	17	-0.9949
67934524-ef35-4ca5-a3ae-1a4039becafb	7	109800861	109801155	7	-0.0705
67934524-ef35-4ca5-a3ae-1a4039becafb	7	109801187	109813853	11	-2.2575
67934524-ef35-4ca5-a3ae-1a4039becafb	7	109813925	142063324	19961	-0.0163
67934524-ef35-4ca5-a3ae-1a4039becafb	7	142069843	142092108	33	-0.774
67934524-ef35-4ca5-a3ae-1a4039becafb	7	142092307	159334314	10863	-0.0082
67934524-ef35-4ca5-a3ae-1a4039becafb	8	81254	6956923	7589	-0.0128
67934524-ef35-4ca5-a3ae-1a4039becafb	8	6957134	6957806	6	-1.9999
67934524-ef35-4ca5-a3ae-1a4039becafb	8	6958057	7358509	143	-0.0365
67934524-ef35-4ca5-a3ae-1a4039becafb	8	7359340	8214781	58	-0.507
67934524-ef35-4ca5-a3ae-1a4039becafb	8	8234503	9538675	1268	0.0011
67934524-ef35-4ca5-a3ae-1a4039becafb	8	9538949	9539139	2	-1.3004
67934524-ef35-4ca5-a3ae-1a4039becafb	8	9539828	12385031	1980	-0.0072
67934524-ef35-4ca5-a3ae-1a4039becafb	8	12387683	12389977	7	-0.9516
67934524-ef35-4ca5-a3ae-1a4039becafb	8	12418301	25116928	10420	-0.0178
67934524-ef35-4ca5-a3ae-1a4039becafb	8	25116961	25126818	26	0.3962
67934524-ef35-4ca5-a3ae-1a4039becafb	8	25133589	39373140	9014	-0.0127
67934524-ef35-4ca5-a3ae-1a4039becafb	8	39378084	39530780	60	0.7473
67934524-ef35-4ca5-a3ae-1a4039becafb	8	39531260	143616987	64410	-0.01
67934524-ef35-4ca5-a3ae-1a4039becafb	8	143622987	143645848	15	-0.5293
67934524-ef35-4ca5-a3ae-1a4039becafb	8	143646828	145072769	497	-0.0022
67934524-ef35-4ca5-a3ae-1a4039becafb	9	46587	2147099	2314	0.0025
67934524-ef35-4ca5-a3ae-1a4039becafb	9	2148837	2150662	6	-1.269
67934524-ef35-4ca5-a3ae-1a4039becafb	9	2152115	41001750	28897	-0.0177
67934524-ef35-4ca5-a3ae-1a4039becafb	9	41024999	41533430	37	-0.5873
67934524-ef35-4ca5-a3ae-1a4039becafb	9	41569585	41741113	28	-0.0591
67934524-ef35-4ca5-a3ae-1a4039becafb	9	42014203	63592813	168	0.3206
67934524-ef35-4ca5-a3ae-1a4039becafb	9	63614182	64493528	50	0.0089
67934524-ef35-4ca5-a3ae-1a4039becafb	9	64495298	64507211	7	0.7224
67934524-ef35-4ca5-a3ae-1a4039becafb	9	64510407	64813222	13	-0.145
67934524-ef35-4ca5-a3ae-1a4039becafb	9	64839518	64945250	12	-0.6891
67934524-ef35-4ca5-a3ae-1a4039becafb	9	64965577	133938127	46035	-0.0121
67934524-ef35-4ca5-a3ae-1a4039becafb	9	133941912	133942116	2	-2.5023
67934524-ef35-4ca5-a3ae-1a4039becafb	9	133942518	138200944	1916	0
67934524-ef35-4ca5-a3ae-1a4039becafb	10	45792	13008005	10913	-0.0207
67934524-ef35-4ca5-a3ae-1a4039becafb	10	13008023	13008170	4	-1.3807
67934524-ef35-4ca5-a3ae-1a4039becafb	10	13008428	20495319	6029	-0.0301
67934524-ef35-4ca5-a3ae-1a4039becafb	10	20501155	20526776	24	0.5756
67934524-ef35-4ca5-a3ae-1a4039becafb	10	20532967	65548178	27455	-0.026
67934524-ef35-4ca5-a3ae-1a4039becafb	10	65548193	65554672	25	-0.6012
67934524-ef35-4ca5-a3ae-1a4039becafb	10	65554688	76493093	6784	-0.023
67934524-ef35-4ca5-a3ae-1a4039becafb	10	76497303	76497852	2	2.2496
67934524-ef35-4ca5-a3ae-1a4039becafb	10	76501509	83187666	4895	-0.0207
67934524-ef35-4ca5-a3ae-1a4039becafb	10	83187858	83187966	2	-1.8305
67934524-ef35-4ca5-a3ae-1a4039becafb	10	83188127	133654968	34533	-0.0195
67934524-ef35-4ca5-a3ae-1a4039becafb	11	198510	4949013	2422	-0.0031
67934524-ef35-4ca5-a3ae-1a4039becafb	11	4949047	4955042	28	-1.6908
67934524-ef35-4ca5-a3ae-1a4039becafb	11	4955781	5762693	784	0.0133
67934524-ef35-4ca5-a3ae-1a4039becafb	11	5766175	5787909	33	0.4414
67934524-ef35-4ca5-a3ae-1a4039becafb	11	5788108	6096746	245	-0.0184
67934524-ef35-4ca5-a3ae-1a4039becafb	11	6099417	6100864	2	1.5418
67934524-ef35-4ca5-a3ae-1a4039becafb	11	6101273	37111986	22628	-0.018
67934524-ef35-4ca5-a3ae-1a4039becafb	11	37112148	37112952	8	-0.7538
67934524-ef35-4ca5-a3ae-1a4039becafb	11	37114376	37733866	410	0.0017
67934524-ef35-4ca5-a3ae-1a4039becafb	11	37746263	37813411	39	0.6033
67934524-ef35-4ca5-a3ae-1a4039becafb	11	37821027	48576870	6690	-0.0118
67934524-ef35-4ca5-a3ae-1a4039becafb	11	48579882	48581124	2	-2.006
67934524-ef35-4ca5-a3ae-1a4039becafb	11	48584766	55606572	1180	0.028
67934524-ef35-4ca5-a3ae-1a4039becafb	11	55606712	55693207	59	0.3414
67934524-ef35-4ca5-a3ae-1a4039becafb	11	55693312	80256469	13258	-0.0139
67934524-ef35-4ca5-a3ae-1a4039becafb	11	80256504	80256520	2	-3.1916
67934524-ef35-4ca5-a3ae-1a4039becafb	11	80256642	135074876	39025	-0.0175
67934524-ef35-4ca5-a3ae-1a4039becafb	12	51460	756804	416	0.2997
67934524-ef35-4ca5-a3ae-1a4039becafb	12	759943	764863	18	-0.4878
67934524-ef35-4ca5-a3ae-1a4039becafb	12	766188	9481274	5740	0.2765
67934524-ef35-4ca5-a3ae-1a4039becafb	12	9485313	9575696	23	0.6625
67934524-ef35-4ca5-a3ae-1a4039becafb	12	9582373	31112123	15204	0.2686
67934524-ef35-4ca5-a3ae-1a4039becafb	12	31116364	31257350	90	0.8315
67934524-ef35-4ca5-a3ae-1a4039becafb	12	31257887	33055280	1228	0.2651
67934524-ef35-4ca5-a3ae-1a4039becafb	12	33063144	33064138	3	-1.6979
67934524-ef35-4ca5-a3ae-1a4039becafb	12	33068071	33141726	64	0.3132
67934524-ef35-4ca5-a3ae-1a4039becafb	12	33148472	33154440	27	0.6793
67934524-ef35-4ca5-a3ae-1a4039becafb	12	33155426	34078005	570	0.2467
67934524-ef35-4ca5-a3ae-1a4039becafb	12	34078180	34122471	22	-0.3864
67934524-ef35-4ca5-a3ae-1a4039becafb	12	34122859	45506042	4997	0.267
67934524-ef35-4ca5-a3ae-1a4039becafb	12	45510655	45515754	4	-2.1254
67934524-ef35-4ca5-a3ae-1a4039becafb	12	45519509	60478823	8679	0.2673
67934524-ef35-4ca5-a3ae-1a4039becafb	12	60480818	60483567	6	-1.1083
67934524-ef35-4ca5-a3ae-1a4039becafb	12	60486777	99398036	25015	0.2685
67934524-ef35-4ca5-a3ae-1a4039becafb	12	99401515	99404942	30	-0.7002
67934524-ef35-4ca5-a3ae-1a4039becafb	12	99404956	101947094	1581	0.2734
67934524-ef35-4ca5-a3ae-1a4039becafb	12	101948123	101948341	3	1.5714
67934524-ef35-4ca5-a3ae-1a4039becafb	12	101949174	128744341	18065	0.2779
67934524-ef35-4ca5-a3ae-1a4039becafb	12	128745968	128748000	7	-0.5655
67934524-ef35-4ca5-a3ae-1a4039becafb	12	128749443	133201603	3063	0.2934
67934524-ef35-4ca5-a3ae-1a4039becafb	13	18452809	19836416	663	0.0041
67934524-ef35-4ca5-a3ae-1a4039becafb	13	19844601	19872719	12	0.6469
67934524-ef35-4ca5-a3ae-1a4039becafb	13	19875751	24451779	3305	-0.0164
67934524-ef35-4ca5-a3ae-1a4039becafb	13	24454534	24465540	19	-0.5225
67934524-ef35-4ca5-a3ae-1a4039becafb	13	24465893	37496998	9486	-0.0169
67934524-ef35-4ca5-a3ae-1a4039becafb	13	37497899	37510620	16	0.4994
67934524-ef35-4ca5-a3ae-1a4039becafb	13	37514193	57097752	12482	-0.0188
67934524-ef35-4ca5-a3ae-1a4039becafb	13	57099677	57099696	2	-2.3728
67934524-ef35-4ca5-a3ae-1a4039becafb	13	57102230	57886942	415	-0.0244
67934524-ef35-4ca5-a3ae-1a4039becafb	13	57891851	57892929	2	-2.367
67934524-ef35-4ca5-a3ae-1a4039becafb	13	57893560	68668123	6540	-0.0233
67934524-ef35-4ca5-a3ae-1a4039becafb	13	68674167	68675349	7	-1.2334
67934524-ef35-4ca5-a3ae-1a4039becafb	13	68676647	68685082	11	-0.34
67934524-ef35-4ca5-a3ae-1a4039becafb	13	68685140	68694987	21	-0.9608
67934524-ef35-4ca5-a3ae-1a4039becafb	13	68695002	72230762	2347	-0.0251
67934524-ef35-4ca5-a3ae-1a4039becafb	13	72234344	72238924	4	-1.0726
67934524-ef35-4ca5-a3ae-1a4039becafb	13	72239157	73143008	590	-0.0334
67934524-ef35-4ca5-a3ae-1a4039becafb	13	73149376	73149893	2	-1.5158
67934524-ef35-4ca5-a3ae-1a4039becafb	13	73150435	114342922	28216	-0.0157
67934524-ef35-4ca5-a3ae-1a4039becafb	14	18239283	19289821	45	0.2745
67934524-ef35-4ca5-a3ae-1a4039becafb	14	19294457	19954424	120	-0.4358
67934524-ef35-4ca5-a3ae-1a4039becafb	14	19955213	21807333	1228	-0.0201
67934524-ef35-4ca5-a3ae-1a4039becafb	14	21807880	22531112	655	-0.1432
67934524-ef35-4ca5-a3ae-1a4039becafb	14	22533736	41139155	11713	-0.0148
67934524-ef35-4ca5-a3ae-1a4039becafb	14	41141293	41184774	13	-3.4983
67934524-ef35-4ca5-a3ae-1a4039becafb	14	41188046	50054064	5186	-0.0192
67934524-ef35-4ca5-a3ae-1a4039becafb	14	50054406	50054482	2	-1.7485
67934524-ef35-4ca5-a3ae-1a4039becafb	14	50054850	73540003	15277	-0.0131
67934524-ef35-4ca5-a3ae-1a4039becafb	14	73540147	73563196	8	0.7803
67934524-ef35-4ca5-a3ae-1a4039becafb	14	73563211	85097726	7585	-0.012
67934524-ef35-4ca5-a3ae-1a4039becafb	14	85097915	85100404	15	-0.4896
67934524-ef35-4ca5-a3ae-1a4039becafb	14	85100512	106258891	13238	-0.0038
67934524-ef35-4ca5-a3ae-1a4039becafb	14	106260759	106266923	7	-0.7924
67934524-ef35-4ca5-a3ae-1a4039becafb	14	106271566	106321086	27	-0.0936
67934524-ef35-4ca5-a3ae-1a4039becafb	14	106340102	106346129	7	-1.8327
67934524-ef35-4ca5-a3ae-1a4039becafb	14	106360014	106416146	30	-0.0698
67934524-ef35-4ca5-a3ae-1a4039becafb	14	106418444	106462169	48	-0.8043
67934524-ef35-4ca5-a3ae-1a4039becafb	14	106462183	106877229	196	-0.0078
67934524-ef35-4ca5-a3ae-1a4039becafb	15	19811075	21417107	175	-0.1753
67934524-ef35-4ca5-a3ae-1a4039becafb	15	21975606	22299523	31	-0.8454
67934524-ef35-4ca5-a3ae-1a4039becafb	15	22385639	76586021	33701	-0.0115
67934524-ef35-4ca5-a3ae-1a4039becafb	15	76598900	76603434	22	0.8032
67934524-ef35-4ca5-a3ae-1a4039becafb	15	76609838	82095521	3524	-0.0052
67934524-ef35-4ca5-a3ae-1a4039becafb	15	82095534	82098907	4	-1.0979
67934524-ef35-4ca5-a3ae-1a4039becafb	15	82101664	83871965	883	-0.0001
67934524-ef35-4ca5-a3ae-1a4039becafb	15	83871986	83878795	8	-0.9183
67934524-ef35-4ca5-a3ae-1a4039becafb	15	83879115	101928837	13189	-0.0068
67934524-ef35-4ca5-a3ae-1a4039becafb	16	10777	70105639	35702	-0.0044
67934524-ef35-4ca5-a3ae-1a4039becafb	16	70117657	70163864	12	-0.8844
67934524-ef35-4ca5-a3ae-1a4039becafb	16	70164427	74346075	2297	-0.0125
67934524-ef35-4ca5-a3ae-1a4039becafb	16	74350360	74418138	9	-0.8058
67934524-ef35-4ca5-a3ae-1a4039becafb	16	74422703	78337711	3205	-0.0079
67934524-ef35-4ca5-a3ae-1a4039becafb	16	78338543	78350868	17	0.8757
67934524-ef35-4ca5-a3ae-1a4039becafb	16	78351104	90096867	10607	-0.0046
67934524-ef35-4ca5-a3ae-1a4039becafb	17	150733	3232483	1609	-0.0015
67934524-ef35-4ca5-a3ae-1a4039becafb	17	3232541	3232997	2	-1.4884
67934524-ef35-4ca5-a3ae-1a4039becafb	17	3254610	6894496	2296	-0.0091
67934524-ef35-4ca5-a3ae-1a4039becafb	17	6895059	6898970	3	-1.3818
67934524-ef35-4ca5-a3ae-1a4039becafb	17	6899220	18455632	7483	-0.0041
67934524-ef35-4ca5-a3ae-1a4039becafb	17	18455635	18550123	23	0.7074
67934524-ef35-4ca5-a3ae-1a4039becafb	17	18561272	41258395	9394	-0.0084
67934524-ef35-4ca5-a3ae-1a4039becafb	17	41262120	41273697	22	-0.4676
67934524-ef35-4ca5-a3ae-1a4039becafb	17	41273905	41274279	5	-1.1453
67934524-ef35-4ca5-a3ae-1a4039becafb	17	41276472	46351954	2624	-0.021
67934524-ef35-4ca5-a3ae-1a4039becafb	17	46446345	46446360	2	2.6097
67934524-ef35-4ca5-a3ae-1a4039becafb	17	46569894	72145977	15494	-0.0168
67934524-ef35-4ca5-a3ae-1a4039becafb	17	72146455	72146537	2	-2.6551
67934524-ef35-4ca5-a3ae-1a4039becafb	17	72147921	76952105	2952	-0.012
67934524-ef35-4ca5-a3ae-1a4039becafb	17	76961310	77043994	36	0.559
67934524-ef35-4ca5-a3ae-1a4039becafb	17	77045473	83091923	3080	-0.0143
67934524-ef35-4ca5-a3ae-1a4039becafb	18	48133	40680484	22791	0.0001
67934524-ef35-4ca5-a3ae-1a4039becafb	18	40680506	40685425	16	-0.5111
67934524-ef35-4ca5-a3ae-1a4039becafb	18	40688060	53677765	8909	0.0025
67934524-ef35-4ca5-a3ae-1a4039becafb	18	53680839	53684270	4	-1.7214
67934524-ef35-4ca5-a3ae-1a4039becafb	18	53685778	65533230	8205	0.0002
67934524-ef35-4ca5-a3ae-1a4039becafb	18	65533243	65537481	17	0.726
67934524-ef35-4ca5-a3ae-1a4039becafb	18	65540037	78900693	10086	-0.0026
67934524-ef35-4ca5-a3ae-1a4039becafb	18	78902714	78904863	5	-1.502
67934524-ef35-4ca5-a3ae-1a4039becafb	18	78906449	80257174	704	0.0103
67934524-ef35-4ca5-a3ae-1a4039becafb	19	90910	43139226	20569	-0.0055
67934524-ef35-4ca5-a3ae-1a4039becafb	19	43142696	43236813	44	-0.8854
67934524-ef35-4ca5-a3ae-1a4039becafb	19	43249149	51639362	4151	-0.0117
67934524-ef35-4ca5-a3ae-1a4039becafb	19	51639677	51644683	8	-1.0057
67934524-ef35-4ca5-a3ae-1a4039becafb	19	51644944	55766684	2493	0.0012
67934524-ef35-4ca5-a3ae-1a4039becafb	19	55770704	55771701	5	1.2593
67934524-ef35-4ca5-a3ae-1a4039becafb	19	55774927	58586487	1839	-0.0181
67934524-ef35-4ca5-a3ae-1a4039becafb	20	80664	1571811	1181	-0.0275
67934524-ef35-4ca5-a3ae-1a4039becafb	20	1576544	1601561	57	-0.5026
67934524-ef35-4ca5-a3ae-1a4039becafb	20	1609611	30185676	18779	-0.0098
67934524-ef35-4ca5-a3ae-1a4039becafb	20	30193847	30271154	15	-0.8928
67934524-ef35-4ca5-a3ae-1a4039becafb	20	30293217	51092837	12645	-0.01
67934524-ef35-4ca5-a3ae-1a4039becafb	20	51094477	51094555	2	-1.5256
67934524-ef35-4ca5-a3ae-1a4039becafb	20	51096053	54006344	2187	0.0026
67934524-ef35-4ca5-a3ae-1a4039becafb	20	54008043	54012265	2	-2.2016
67934524-ef35-4ca5-a3ae-1a4039becafb	20	54012288	64324800	7511	0.005
67934524-ef35-4ca5-a3ae-1a4039becafb	21	10354168	46677045	23857	-0.0153
67934524-ef35-4ca5-a3ae-1a4039becafb	22	15294547	22398127	3457	-0.0038
67934524-ef35-4ca5-a3ae-1a4039becafb	22	22398345	22398545	4	-1.9466
67934524-ef35-4ca5-a3ae-1a4039becafb	22	22402989	23929558	919	0.0214
67934524-ef35-4ca5-a3ae-1a4039becafb	22	23940911	23987520	14	-0.5626
67934524-ef35-4ca5-a3ae-1a4039becafb	22	23988078	23989773	2	-3.4409
67934524-ef35-4ca5-a3ae-1a4039becafb	22	23990431	44998263	14590	-0.0094
67934524-ef35-4ca5-a3ae-1a4039becafb	22	44998859	45000704	5	-1.308
67934524-ef35-4ca5-a3ae-1a4039becafb	22	45001626	48727294	2923	-0.0063
67934524-ef35-4ca5-a3ae-1a4039becafb	22	48727849	48728228	2	-1.442
67934524-ef35-4ca5-a3ae-1a4039becafb	22	48732994	48955504	168	0.0006
67934524-ef35-4ca5-a3ae-1a4039becafb	22	48955516	49851935	791	0.0938
67934524-ef35-4ca5-a3ae-1a4039becafb	22	49858479	50796027	388	-0.0452
67934524-ef35-4ca5-a3ae-1a4039becafb	X	251810	24091338	14627	-0.0001
67934524-ef35-4ca5-a3ae-1a4039becafb	X	24094307	24098320	5	-1.6687
67934524-ef35-4ca5-a3ae-1a4039becafb	X	24108067	155952689	69001	0.0015
67934524-ef35-4ca5-a3ae-1a4039becafb	Y	2782397	6233384	784	-2.871
67934524-ef35-4ca5-a3ae-1a4039becafb	Y	6249869	9537963	1458	-3.4826
67934524-ef35-4ca5-a3ae-1a4039becafb	Y	9538399	9550385	7	-6.7385
67934524-ef35-4ca5-a3ae-1a4039becafb	Y	9550653	23586854	4199	-3.3681
67934524-ef35-4ca5-a3ae-1a4039becafb	Y	23784615	56872112	192	-2.9223
