GDC_Aliquot	Chromosome	Start	End	Num_Probes	Segment_Mean
a7f54c9a-545a-4546-a53c-67106fb0ca87	1	62920	34637053	18987	0.0071
a7f54c9a-545a-4546-a53c-67106fb0ca87	1	34637069	34638890	19	-0.6466
a7f54c9a-545a-4546-a53c-67106fb0ca87	1	34648667	38986185	2405	0.0038
a7f54c9a-545a-4546-a53c-67106fb0ca87	1	38992532	38993209	3	-1.6046
a7f54c9a-545a-4546-a53c-67106fb0ca87	1	38993888	49448451	5981	0.0026
a7f54c9a-545a-4546-a53c-67106fb0ca87	1	49449260	49532002	27	-0.7597
a7f54c9a-545a-4546-a53c-67106fb0ca87	1	49532191	53576663	1995	0.0117
a7f54c9a-545a-4546-a53c-67106fb0ca87	1	53576977	53577198	2	-1.563
a7f54c9a-545a-4546-a53c-67106fb0ca87	1	53577437	65459666	8864	0.001
a7f54c9a-545a-4546-a53c-67106fb0ca87	1	65460164	65466221	3	1.459
a7f54c9a-545a-4546-a53c-67106fb0ca87	1	65468703	72280898	4471	-0.0003
a7f54c9a-545a-4546-a53c-67106fb0ca87	1	72284165	72296993	10	-1.25
a7f54c9a-545a-4546-a53c-67106fb0ca87	1	72297687	72345465	49	0.4413
a7f54c9a-545a-4546-a53c-67106fb0ca87	1	72346221	105470754	20948	0.007
a7f54c9a-545a-4546-a53c-67106fb0ca87	1	105476583	105479753	17	-2.2039
a7f54c9a-545a-4546-a53c-67106fb0ca87	1	105481433	105493051	17	0.0185
a7f54c9a-545a-4546-a53c-67106fb0ca87	1	105493523	105497371	2	-1.609
a7f54c9a-545a-4546-a53c-67106fb0ca87	1	105497444	109690352	2618	0.0232
a7f54c9a-545a-4546-a53c-67106fb0ca87	1	109690415	109703504	14	-0.7539
a7f54c9a-545a-4546-a53c-67106fb0ca87	1	109703508	143714703	7230	0.0138
a7f54c9a-545a-4546-a53c-67106fb0ca87	1	143734438	143748872	9	0.7432
a7f54c9a-545a-4546-a53c-67106fb0ca87	1	143751380	143751730	5	-0.0681
a7f54c9a-545a-4546-a53c-67106fb0ca87	1	143751744	143811517	11	0.6765
a7f54c9a-545a-4546-a53c-67106fb0ca87	1	143890323	146150530	185	0.0095
a7f54c9a-545a-4546-a53c-67106fb0ca87	1	146161924	146250588	3	-2.4218
a7f54c9a-545a-4546-a53c-67106fb0ca87	1	146716041	152579167	2123	0.024
a7f54c9a-545a-4546-a53c-67106fb0ca87	1	152579985	152613762	37	-0.3864
a7f54c9a-545a-4546-a53c-67106fb0ca87	1	152613802	152784298	168	0.0507
a7f54c9a-545a-4546-a53c-67106fb0ca87	1	152784330	152796224	40	0.8306
a7f54c9a-545a-4546-a53c-67106fb0ca87	1	152801429	161871226	5426	0.0017
a7f54c9a-545a-4546-a53c-67106fb0ca87	1	161872158	161872417	3	1.6188
a7f54c9a-545a-4546-a53c-67106fb0ca87	1	161874316	169246873	5851	0.0032
a7f54c9a-545a-4546-a53c-67106fb0ca87	1	169247699	169273163	9	0.8841
a7f54c9a-545a-4546-a53c-67106fb0ca87	1	169285639	174827128	3515	0.0093
a7f54c9a-545a-4546-a53c-67106fb0ca87	1	174827267	174833014	24	-0.4213
a7f54c9a-545a-4546-a53c-67106fb0ca87	1	174833313	176287493	972	0.0291
a7f54c9a-545a-4546-a53c-67106fb0ca87	1	176294104	176294151	2	2.2474
a7f54c9a-545a-4546-a53c-67106fb0ca87	1	176298908	187746723	7690	0.0031
a7f54c9a-545a-4546-a53c-67106fb0ca87	1	187748429	187752238	2	-1.562
a7f54c9a-545a-4546-a53c-67106fb0ca87	1	187755479	189509310	1099	0.0363
a7f54c9a-545a-4546-a53c-67106fb0ca87	1	189509400	189509500	2	-1.4639
a7f54c9a-545a-4546-a53c-67106fb0ca87	1	189509539	193244080	2570	0.0189
a7f54c9a-545a-4546-a53c-67106fb0ca87	1	193244261	193244344	4	2.4169
a7f54c9a-545a-4546-a53c-67106fb0ca87	1	193252785	246477341	36743	0.0026
a7f54c9a-545a-4546-a53c-67106fb0ca87	1	246479836	246514095	20	0.5209
a7f54c9a-545a-4546-a53c-67106fb0ca87	1	246525060	247936578	914	-0.0152
a7f54c9a-545a-4546-a53c-67106fb0ca87	1	247938471	248687302	374	0.1716
a7f54c9a-545a-4546-a53c-67106fb0ca87	1	248691660	248930189	119	0.032
a7f54c9a-545a-4546-a53c-67106fb0ca87	2	12784	3259105	2300	0.0002
a7f54c9a-545a-4546-a53c-67106fb0ca87	2	3261939	3262443	4	1.3487
a7f54c9a-545a-4546-a53c-67106fb0ca87	2	3262826	4168862	687	-0.0204
a7f54c9a-545a-4546-a53c-67106fb0ca87	2	4168879	4176135	35	0.327
a7f54c9a-545a-4546-a53c-67106fb0ca87	2	4176243	7696505	3025	-0.0094
a7f54c9a-545a-4546-a53c-67106fb0ca87	2	7697901	7699131	2	-2.36
a7f54c9a-545a-4546-a53c-67106fb0ca87	2	7700107	13394851	4132	-0.0042
a7f54c9a-545a-4546-a53c-67106fb0ca87	2	13396809	13409547	4	1.0715
a7f54c9a-545a-4546-a53c-67106fb0ca87	2	13409603	14216802	545	0.0163
a7f54c9a-545a-4546-a53c-67106fb0ca87	2	14217231	14217422	3	1.1212
a7f54c9a-545a-4546-a53c-67106fb0ca87	2	14217565	17036583	2101	0.0052
a7f54c9a-545a-4546-a53c-67106fb0ca87	2	17039825	17054716	42	-0.5888
a7f54c9a-545a-4546-a53c-67106fb0ca87	2	17056491	34458223	11195	0.0028
a7f54c9a-545a-4546-a53c-67106fb0ca87	2	34460213	34515732	54	0.6396
a7f54c9a-545a-4546-a53c-67106fb0ca87	2	34515960	41011095	4797	0.0097
a7f54c9a-545a-4546-a53c-67106fb0ca87	2	41011303	41024662	28	0.4828
a7f54c9a-545a-4546-a53c-67106fb0ca87	2	41024677	46665819	4256	-0.0011
a7f54c9a-545a-4546-a53c-67106fb0ca87	2	46667044	46668185	5	1.0866
a7f54c9a-545a-4546-a53c-67106fb0ca87	2	46671213	52527423	3913	0.0039
a7f54c9a-545a-4546-a53c-67106fb0ca87	2	52527590	52527743	3	-1.7674
a7f54c9a-545a-4546-a53c-67106fb0ca87	2	52531615	52560811	34	0.4049
a7f54c9a-545a-4546-a53c-67106fb0ca87	2	52563002	54201533	1235	0.0111
a7f54c9a-545a-4546-a53c-67106fb0ca87	2	54206615	54206889	2	1.8589
a7f54c9a-545a-4546-a53c-67106fb0ca87	2	54207604	57180734	2134	0.0096
a7f54c9a-545a-4546-a53c-67106fb0ca87	2	57180766	57200704	27	0.5068
a7f54c9a-545a-4546-a53c-67106fb0ca87	2	57200818	78942831	13636	0.0023
a7f54c9a-545a-4546-a53c-67106fb0ca87	2	78945816	78945936	2	1.9619
a7f54c9a-545a-4546-a53c-67106fb0ca87	2	78949044	86710564	4873	0.0053
a7f54c9a-545a-4546-a53c-67106fb0ca87	2	86725947	86726731	2	-1.6491
a7f54c9a-545a-4546-a53c-67106fb0ca87	2	86743283	88136312	308	0.0393
a7f54c9a-545a-4546-a53c-67106fb0ca87	2	88136390	88142206	5	0.9512
a7f54c9a-545a-4546-a53c-67106fb0ca87	2	88144359	89933871	547	0.0156
a7f54c9a-545a-4546-a53c-67106fb0ca87	2	89936810	89960252	3	1.2507
a7f54c9a-545a-4546-a53c-67106fb0ca87	2	89963133	106265177	6648	-0.001
a7f54c9a-545a-4546-a53c-67106fb0ca87	2	106266773	106270799	9	0.8553
a7f54c9a-545a-4546-a53c-67106fb0ca87	2	106270952	107341559	693	0.0089
a7f54c9a-545a-4546-a53c-67106fb0ca87	2	107344448	107344944	4	-1.0982
a7f54c9a-545a-4546-a53c-67106fb0ca87	2	107348011	111294522	1885	-0.0036
a7f54c9a-545a-4546-a53c-67106fb0ca87	2	111298710	111311200	5	0.8018
a7f54c9a-545a-4546-a53c-67106fb0ca87	2	111312123	111483498	39	-0.0713
a7f54c9a-545a-4546-a53c-67106fb0ca87	2	111486107	111495917	6	0.6769
a7f54c9a-545a-4546-a53c-67106fb0ca87	2	111498124	111520729	5	0.0264
a7f54c9a-545a-4546-a53c-67106fb0ca87	2	111522564	111610248	15	-0.4466
a7f54c9a-545a-4546-a53c-67106fb0ca87	2	111615592	113126442	936	-0.002
a7f54c9a-545a-4546-a53c-67106fb0ca87	2	113128191	113128565	5	0.8094
a7f54c9a-545a-4546-a53c-67106fb0ca87	2	113129630	113604438	191	-0.0109
a7f54c9a-545a-4546-a53c-67106fb0ca87	2	113604837	113623244	3	-1.3087
a7f54c9a-545a-4546-a53c-67106fb0ca87	2	113625975	124270393	6803	0.0065
a7f54c9a-545a-4546-a53c-67106fb0ca87	2	124271068	124348970	57	0.1906
a7f54c9a-545a-4546-a53c-67106fb0ca87	2	124350614	124355398	2	-1.6716
a7f54c9a-545a-4546-a53c-67106fb0ca87	2	124356600	125700741	818	0.0857
a7f54c9a-545a-4546-a53c-67106fb0ca87	2	125701563	134306829	5040	0.0059
a7f54c9a-545a-4546-a53c-67106fb0ca87	2	134308905	134309650	3	1.6532
a7f54c9a-545a-4546-a53c-67106fb0ca87	2	134310436	137950116	2303	0.0155
a7f54c9a-545a-4546-a53c-67106fb0ca87	2	137951818	137974624	15	0.5271
a7f54c9a-545a-4546-a53c-67106fb0ca87	2	137974711	137998610	14	0.1002
a7f54c9a-545a-4546-a53c-67106fb0ca87	2	138004486	138004990	3	-1.1429
a7f54c9a-545a-4546-a53c-67106fb0ca87	2	138005281	146104517	4969	0.006
a7f54c9a-545a-4546-a53c-67106fb0ca87	2	146106836	146109366	24	0.9713
a7f54c9a-545a-4546-a53c-67106fb0ca87	2	146120238	179214417	20278	-0.0004
a7f54c9a-545a-4546-a53c-67106fb0ca87	2	179218864	179221009	3	1.3016
a7f54c9a-545a-4546-a53c-67106fb0ca87	2	179221023	183220725	2562	0.0087
a7f54c9a-545a-4546-a53c-67106fb0ca87	2	183221060	183224996	9	-0.9559
a7f54c9a-545a-4546-a53c-67106fb0ca87	2	183229270	183652787	248	-0.0338
a7f54c9a-545a-4546-a53c-67106fb0ca87	2	183656309	186014481	1405	0.0565
a7f54c9a-545a-4546-a53c-67106fb0ca87	2	186015462	192107699	3509	0.0035
a7f54c9a-545a-4546-a53c-67106fb0ca87	2	192107803	195264247	1651	0.0608
a7f54c9a-545a-4546-a53c-67106fb0ca87	2	195264820	231499583	22757	-0.0051
a7f54c9a-545a-4546-a53c-67106fb0ca87	2	231502585	231503112	2	-1.7337
a7f54c9a-545a-4546-a53c-67106fb0ca87	2	231504690	242147305	6627	-0.0023
a7f54c9a-545a-4546-a53c-67106fb0ca87	3	20930	865449	694	0.0649
a7f54c9a-545a-4546-a53c-67106fb0ca87	3	867062	870350	7	0.9501
a7f54c9a-545a-4546-a53c-67106fb0ca87	3	870549	1096723	186	-0.0328
a7f54c9a-545a-4546-a53c-67106fb0ca87	3	1097580	1098069	2	3.0089
a7f54c9a-545a-4546-a53c-67106fb0ca87	3	1101740	37945437	26758	0.0068
a7f54c9a-545a-4546-a53c-67106fb0ca87	3	37945615	37945651	2	1.7733
a7f54c9a-545a-4546-a53c-67106fb0ca87	3	37946283	40374911	1575	0.0068
a7f54c9a-545a-4546-a53c-67106fb0ca87	3	40376210	40406057	20	-0.9562
a7f54c9a-545a-4546-a53c-67106fb0ca87	3	40407860	41873676	1003	0.0232
a7f54c9a-545a-4546-a53c-67106fb0ca87	3	41875836	42118951	114	-0.1667
a7f54c9a-545a-4546-a53c-67106fb0ca87	3	42119269	52988933	5357	0.0145
a7f54c9a-545a-4546-a53c-67106fb0ca87	3	52989195	53003069	26	0.4582
a7f54c9a-545a-4546-a53c-67106fb0ca87	3	53003224	68675541	12040	0.0027
a7f54c9a-545a-4546-a53c-67106fb0ca87	3	68676600	68698262	17	0.6036
a7f54c9a-545a-4546-a53c-67106fb0ca87	3	68699607	75372019	4869	0.0059
a7f54c9a-545a-4546-a53c-67106fb0ca87	3	75377956	75590356	74	-0.6604
a7f54c9a-545a-4546-a53c-67106fb0ca87	3	75596233	81044870	3075	0.0121
a7f54c9a-545a-4546-a53c-67106fb0ca87	3	81047851	81048389	2	1.5619
a7f54c9a-545a-4546-a53c-67106fb0ca87	3	81051287	84649839	1887	0.0204
a7f54c9a-545a-4546-a53c-67106fb0ca87	3	84650033	84662574	23	0.4965
a7f54c9a-545a-4546-a53c-67106fb0ca87	3	84668772	94467418	3424	0.0219
a7f54c9a-545a-4546-a53c-67106fb0ca87	3	94473055	94477822	2	1.7587
a7f54c9a-545a-4546-a53c-67106fb0ca87	3	94479002	98678664	2249	-0.0038
a7f54c9a-545a-4546-a53c-67106fb0ca87	3	98688460	98688470	2	1.2955
a7f54c9a-545a-4546-a53c-67106fb0ca87	3	98688542	99225614	299	0.0202
a7f54c9a-545a-4546-a53c-67106fb0ca87	3	99225632	99232990	40	0.4648
a7f54c9a-545a-4546-a53c-67106fb0ca87	3	99233548	119631498	12612	0.0017
a7f54c9a-545a-4546-a53c-67106fb0ca87	3	119632551	119633879	4	-1.335
a7f54c9a-545a-4546-a53c-67106fb0ca87	3	119635091	128661409	5448	0.0075
a7f54c9a-545a-4546-a53c-67106fb0ca87	3	128662406	128693488	16	0.6256
a7f54c9a-545a-4546-a53c-67106fb0ca87	3	128695318	131987852	1824	0.0133
a7f54c9a-545a-4546-a53c-67106fb0ca87	3	131989313	131989627	2	-2.0667
a7f54c9a-545a-4546-a53c-67106fb0ca87	3	131996155	140823697	5557	-0.0031
a7f54c9a-545a-4546-a53c-67106fb0ca87	3	140826859	140828142	2	-3.3322
a7f54c9a-545a-4546-a53c-67106fb0ca87	3	140841776	145762978	3025	0.0179
a7f54c9a-545a-4546-a53c-67106fb0ca87	3	145764280	145764299	2	-1.7547
a7f54c9a-545a-4546-a53c-67106fb0ca87	3	145767368	155757674	6206	0.0108
a7f54c9a-545a-4546-a53c-67106fb0ca87	3	155758758	155774353	28	0.4293
a7f54c9a-545a-4546-a53c-67106fb0ca87	3	155774388	160641321	2887	0.0081
a7f54c9a-545a-4546-a53c-67106fb0ca87	3	160644215	160644497	3	1.1384
a7f54c9a-545a-4546-a53c-67106fb0ca87	3	160653119	162790404	1382	0.024
a7f54c9a-545a-4546-a53c-67106fb0ca87	3	162790480	162908207	71	0.7615
a7f54c9a-545a-4546-a53c-67106fb0ca87	3	162908784	164579834	964	0.0354
a7f54c9a-545a-4546-a53c-67106fb0ca87	3	164584869	164594300	5	-1.0378
a7f54c9a-545a-4546-a53c-67106fb0ca87	3	164598791	173813439	5591	0.013
a7f54c9a-545a-4546-a53c-67106fb0ca87	3	173815767	173816287	2	-1.7277
a7f54c9a-545a-4546-a53c-67106fb0ca87	3	173821613	178821698	3235	0.0185
a7f54c9a-545a-4546-a53c-67106fb0ca87	3	178822442	178822939	3	-1.1231
a7f54c9a-545a-4546-a53c-67106fb0ca87	3	178825694	179169801	233	0.0072
a7f54c9a-545a-4546-a53c-67106fb0ca87	3	179169846	179170377	8	0.9615
a7f54c9a-545a-4546-a53c-67106fb0ca87	3	179174436	183487373	2454	-0.0063
a7f54c9a-545a-4546-a53c-67106fb0ca87	3	183488149	183493899	8	0.6635
a7f54c9a-545a-4546-a53c-67106fb0ca87	3	183494118	186676249	1902	-0.0083
a7f54c9a-545a-4546-a53c-67106fb0ca87	3	186677324	186678958	17	0.5754
a7f54c9a-545a-4546-a53c-67106fb0ca87	3	186681059	195559056	6249	-0.0019
a7f54c9a-545a-4546-a53c-67106fb0ca87	3	195656271	195720051	25	-0.99
a7f54c9a-545a-4546-a53c-67106fb0ca87	3	195728637	198169247	1183	-0.011
a7f54c9a-545a-4546-a53c-67106fb0ca87	4	68929	3926172	1579	-0.0032
a7f54c9a-545a-4546-a53c-67106fb0ca87	4	3939505	3960185	2	-1.7284
a7f54c9a-545a-4546-a53c-67106fb0ca87	4	3965346	10212536	4124	0.005
a7f54c9a-545a-4546-a53c-67106fb0ca87	4	10221792	10229173	22	-2.3954
a7f54c9a-545a-4546-a53c-67106fb0ca87	4	10229188	10229874	6	-1.0981
a7f54c9a-545a-4546-a53c-67106fb0ca87	4	10232590	10389091	178	0.0725
a7f54c9a-545a-4546-a53c-67106fb0ca87	4	10390730	10401094	17	0.6004
a7f54c9a-545a-4546-a53c-67106fb0ca87	4	10401122	25974711	11304	0.0087
a7f54c9a-545a-4546-a53c-67106fb0ca87	4	25975487	25975664	2	1.8044
a7f54c9a-545a-4546-a53c-67106fb0ca87	4	25976386	26021252	45	-0.0358
a7f54c9a-545a-4546-a53c-67106fb0ca87	4	26026097	26026175	2	-1.0844
a7f54c9a-545a-4546-a53c-67106fb0ca87	4	26026565	26287196	183	0.0468
a7f54c9a-545a-4546-a53c-67106fb0ca87	4	26290363	26293154	3	-1.2167
a7f54c9a-545a-4546-a53c-67106fb0ca87	4	26293552	32392452	3894	0.0068
a7f54c9a-545a-4546-a53c-67106fb0ca87	4	32398929	32403692	6	1.312
a7f54c9a-545a-4546-a53c-67106fb0ca87	4	32404261	34784878	1342	0.0045
a7f54c9a-545a-4546-a53c-67106fb0ca87	4	34785333	34823103	37	0.8091
a7f54c9a-545a-4546-a53c-67106fb0ca87	4	34828250	43143380	5524	0.0022
a7f54c9a-545a-4546-a53c-67106fb0ca87	4	43143414	43154418	11	-0.6583
a7f54c9a-545a-4546-a53c-67106fb0ca87	4	43154422	49289175	3438	0.0268
a7f54c9a-545a-4546-a53c-67106fb0ca87	4	49289338	49656595	20	0.64
a7f54c9a-545a-4546-a53c-67106fb0ca87	4	51819533	103824414	31917	0.0047
a7f54c9a-545a-4546-a53c-67106fb0ca87	4	103830473	103832595	10	0.7367
a7f54c9a-545a-4546-a53c-67106fb0ca87	4	103836687	107147090	1864	-0.0152
a7f54c9a-545a-4546-a53c-67106fb0ca87	4	107147141	107150471	7	0.7678
a7f54c9a-545a-4546-a53c-67106fb0ca87	4	107150731	111385259	2576	0.0016
a7f54c9a-545a-4546-a53c-67106fb0ca87	4	111385895	111388548	12	0.5865
a7f54c9a-545a-4546-a53c-67106fb0ca87	4	111389017	114252544	1834	-0.004
a7f54c9a-545a-4546-a53c-67106fb0ca87	4	114254167	114261019	23	0.9455
a7f54c9a-545a-4546-a53c-67106fb0ca87	4	114263073	115244948	611	-0.0025
a7f54c9a-545a-4546-a53c-67106fb0ca87	4	115251455	115254098	11	-0.5984
a7f54c9a-545a-4546-a53c-67106fb0ca87	4	115254152	139311392	14150	0.0126
a7f54c9a-545a-4546-a53c-67106fb0ca87	4	139312369	139317206	5	-1.3541
a7f54c9a-545a-4546-a53c-67106fb0ca87	4	139318541	167908644	17605	0.0062
a7f54c9a-545a-4546-a53c-67106fb0ca87	4	167908751	168049068	80	0.2773
a7f54c9a-545a-4546-a53c-67106fb0ca87	4	168050213	180318160	7819	0.0074
a7f54c9a-545a-4546-a53c-67106fb0ca87	4	180318192	180318498	3	-2.7721
a7f54c9a-545a-4546-a53c-67106fb0ca87	4	180318720	190106768	6856	0.0037
a7f54c9a-545a-4546-a53c-67106fb0ca87	5	15532	12785139	10189	-0.004
a7f54c9a-545a-4546-a53c-67106fb0ca87	5	12785150	12826538	16	0.7427
a7f54c9a-545a-4546-a53c-67106fb0ca87	5	12833745	21376735	5467	0.0042
a7f54c9a-545a-4546-a53c-67106fb0ca87	5	21377730	21377744	2	-1.742
a7f54c9a-545a-4546-a53c-67106fb0ca87	5	21385957	21449167	44	0.0982
a7f54c9a-545a-4546-a53c-67106fb0ca87	5	21451091	21452329	5	-2.1562
a7f54c9a-545a-4546-a53c-67106fb0ca87	5	21452387	26789022	3131	0.0119
a7f54c9a-545a-4546-a53c-67106fb0ca87	5	26789248	26797735	5	1.1262
a7f54c9a-545a-4546-a53c-67106fb0ca87	5	26803775	27524345	394	-0.0019
a7f54c9a-545a-4546-a53c-67106fb0ca87	5	27525283	27527372	11	-0.8004
a7f54c9a-545a-4546-a53c-67106fb0ca87	5	27528377	29911500	1413	0.0028
a7f54c9a-545a-4546-a53c-67106fb0ca87	5	29911843	29911927	2	1.8298
a7f54c9a-545a-4546-a53c-67106fb0ca87	5	29913916	34700599	3253	-0.0052
a7f54c9a-545a-4546-a53c-67106fb0ca87	5	34700960	34701084	2	-1.8938
a7f54c9a-545a-4546-a53c-67106fb0ca87	5	34703258	46271006	6745	0.0126
a7f54c9a-545a-4546-a53c-67106fb0ca87	5	46271828	46273400	6	-2.6429
a7f54c9a-545a-4546-a53c-67106fb0ca87	5	46278110	53368070	1928	0.0233
a7f54c9a-545a-4546-a53c-67106fb0ca87	5	53368166	53368411	3	-1.5444
a7f54c9a-545a-4546-a53c-67106fb0ca87	5	53371327	76565422	13979	0.0025
a7f54c9a-545a-4546-a53c-67106fb0ca87	5	76566994	76567159	2	1.9995
a7f54c9a-545a-4546-a53c-67106fb0ca87	5	76567794	98991691	12826	-0.0005
a7f54c9a-545a-4546-a53c-67106fb0ca87	5	98991705	102789321	2252	0.066
a7f54c9a-545a-4546-a53c-67106fb0ca87	5	102790043	140852139	24162	0.0084
a7f54c9a-545a-4546-a53c-67106fb0ca87	5	140852154	140864171	6	-1.0217
a7f54c9a-545a-4546-a53c-67106fb0ca87	5	140872578	150822643	6571	-0.0017
a7f54c9a-545a-4546-a53c-67106fb0ca87	5	150825938	150839042	8	-1.043
a7f54c9a-545a-4546-a53c-67106fb0ca87	5	150843825	168737255	12227	0.0034
a7f54c9a-545a-4546-a53c-67106fb0ca87	5	168737739	168738394	5	1.2574
a7f54c9a-545a-4546-a53c-67106fb0ca87	5	168743570	180951710	8012	-0.0042
a7f54c9a-545a-4546-a53c-67106fb0ca87	5	180951888	181015920	23	0.8615
a7f54c9a-545a-4546-a53c-67106fb0ca87	5	181018221	181363319	165	-0.0277
a7f54c9a-545a-4546-a53c-67106fb0ca87	6	149661	254283	101	-0.0067
a7f54c9a-545a-4546-a53c-67106fb0ca87	6	257353	329869	38	0.4968
a7f54c9a-545a-4546-a53c-67106fb0ca87	6	330704	346377	16	-0.1124
a7f54c9a-545a-4546-a53c-67106fb0ca87	6	347160	347350	3	1.134
a7f54c9a-545a-4546-a53c-67106fb0ca87	6	348443	2604964	1862	-0.0059
a7f54c9a-545a-4546-a53c-67106fb0ca87	6	2608562	2608761	2	-1.7345
a7f54c9a-545a-4546-a53c-67106fb0ca87	6	2609712	29928196	19661	0.0047
a7f54c9a-545a-4546-a53c-67106fb0ca87	6	29928644	29931120	2	-2.622
a7f54c9a-545a-4546-a53c-67106fb0ca87	6	29931900	31313046	649	-0.0014
a7f54c9a-545a-4546-a53c-67106fb0ca87	6	31318499	31327629	7	-1.3243
a7f54c9a-545a-4546-a53c-67106fb0ca87	6	31328176	32627306	552	-0.0535
a7f54c9a-545a-4546-a53c-67106fb0ca87	6	32627455	32658841	15	-0.817
a7f54c9a-545a-4546-a53c-67106fb0ca87	6	32682835	54066353	13696	0.0024
a7f54c9a-545a-4546-a53c-67106fb0ca87	6	54066432	54067057	6	2.5415
a7f54c9a-545a-4546-a53c-67106fb0ca87	6	54070550	54071056	5	-0.5306
a7f54c9a-545a-4546-a53c-67106fb0ca87	6	54071214	61068227	2434	0.0241
a7f54c9a-545a-4546-a53c-67106fb0ca87	6	61069240	61541168	129	0.2087
a7f54c9a-545a-4546-a53c-67106fb0ca87	6	61541534	61762676	147	-0.0139
a7f54c9a-545a-4546-a53c-67106fb0ca87	6	61768312	61823500	41	0.2855
a7f54c9a-545a-4546-a53c-67106fb0ca87	6	61823514	64627049	1467	0.0274
a7f54c9a-545a-4546-a53c-67106fb0ca87	6	64637651	64639099	2	-2.0762
a7f54c9a-545a-4546-a53c-67106fb0ca87	6	64640883	65000836	238	0.0344
a7f54c9a-545a-4546-a53c-67106fb0ca87	6	65001506	65003899	3	-1.2329
a7f54c9a-545a-4546-a53c-67106fb0ca87	6	65007491	65119497	84	0.0718
a7f54c9a-545a-4546-a53c-67106fb0ca87	6	65120885	65121791	4	-1.2467
a7f54c9a-545a-4546-a53c-67106fb0ca87	6	65124288	65190507	41	0.2597
a7f54c9a-545a-4546-a53c-67106fb0ca87	6	65190546	66292183	727	0.0234
a7f54c9a-545a-4546-a53c-67106fb0ca87	6	66292296	66298393	6	0.3937
a7f54c9a-545a-4546-a53c-67106fb0ca87	6	66299130	66328153	34	-0.4603
a7f54c9a-545a-4546-a53c-67106fb0ca87	6	66331020	66333299	7	-3.1873
a7f54c9a-545a-4546-a53c-67106fb0ca87	6	66333342	66338736	14	-0.6136
a7f54c9a-545a-4546-a53c-67106fb0ca87	6	66339513	73882142	4998	0.0215
a7f54c9a-545a-4546-a53c-67106fb0ca87	6	73882509	73893839	11	0.7137
a7f54c9a-545a-4546-a53c-67106fb0ca87	6	73893889	76726815	1768	-0.0028
a7f54c9a-545a-4546-a53c-67106fb0ca87	6	76730151	76733530	11	-3.8494
a7f54c9a-545a-4546-a53c-67106fb0ca87	6	76736482	76758214	11	-1.0766
a7f54c9a-545a-4546-a53c-67106fb0ca87	6	76758749	78293072	1018	0.0061
a7f54c9a-545a-4546-a53c-67106fb0ca87	6	78293324	78331916	69	-0.4367
a7f54c9a-545a-4546-a53c-67106fb0ca87	6	78332002	94382417	10302	0.0018
a7f54c9a-545a-4546-a53c-67106fb0ca87	6	94384561	95388756	384	0.1506
a7f54c9a-545a-4546-a53c-67106fb0ca87	6	95389491	121457980	15873	0.009
a7f54c9a-545a-4546-a53c-67106fb0ca87	6	121458500	121461984	4	-1.2383
a7f54c9a-545a-4546-a53c-67106fb0ca87	6	121464545	139287466	11720	0.0014
a7f54c9a-545a-4546-a53c-67106fb0ca87	6	139288618	139288869	2	-1.6404
a7f54c9a-545a-4546-a53c-67106fb0ca87	6	139294236	161393275	14690	0.0013
a7f54c9a-545a-4546-a53c-67106fb0ca87	6	161395641	161439604	28	-0.9265
a7f54c9a-545a-4546-a53c-67106fb0ca87	6	161442043	166623918	4131	0.0034
a7f54c9a-545a-4546-a53c-67106fb0ca87	6	166629757	166630591	2	-2.3379
a7f54c9a-545a-4546-a53c-67106fb0ca87	6	166634139	167985895	723	-0.0147
a7f54c9a-545a-4546-a53c-67106fb0ca87	6	167989043	167989221	3	1.3557
a7f54c9a-545a-4546-a53c-67106fb0ca87	6	167992526	168632576	466	-0.0513
a7f54c9a-545a-4546-a53c-67106fb0ca87	6	168633092	168633436	2	-1.9059
a7f54c9a-545a-4546-a53c-67106fb0ca87	6	168633598	169788165	952	0.0074
a7f54c9a-545a-4546-a53c-67106fb0ca87	6	169789830	169789978	3	-2.0675
a7f54c9a-545a-4546-a53c-67106fb0ca87	6	169790563	170121120	111	-0.0477
a7f54c9a-545a-4546-a53c-67106fb0ca87	6	170126228	170159988	20	-0.6204
a7f54c9a-545a-4546-a53c-67106fb0ca87	6	170166393	170741917	269	-0.0002
a7f54c9a-545a-4546-a53c-67106fb0ca87	7	43355	4476315	2386	-0.0192
a7f54c9a-545a-4546-a53c-67106fb0ca87	7	4478224	4481043	5	0.8496
a7f54c9a-545a-4546-a53c-67106fb0ca87	7	4482383	4519143	22	-0.5925
a7f54c9a-545a-4546-a53c-67106fb0ca87	7	4520589	9590772	3326	-0.0003
a7f54c9a-545a-4546-a53c-67106fb0ca87	7	9592577	9597369	6	0.9489
a7f54c9a-545a-4546-a53c-67106fb0ca87	7	9599714	15392007	4633	0.0082
a7f54c9a-545a-4546-a53c-67106fb0ca87	7	15392045	15393664	2	-2.7144
a7f54c9a-545a-4546-a53c-67106fb0ca87	7	15394440	38263519	16986	0.0116
a7f54c9a-545a-4546-a53c-67106fb0ca87	7	38263543	38318626	99	0.2528
a7f54c9a-545a-4546-a53c-67106fb0ca87	7	38318811	46577238	5283	0.0039
a7f54c9a-545a-4546-a53c-67106fb0ca87	7	46577928	46578120	3	-1.9066
a7f54c9a-545a-4546-a53c-67106fb0ca87	7	46580160	49880311	2412	-0.0042
a7f54c9a-545a-4546-a53c-67106fb0ca87	7	49883473	49889662	7	0.747
a7f54c9a-545a-4546-a53c-67106fb0ca87	7	49889958	54305455	3302	0.0042
a7f54c9a-545a-4546-a53c-67106fb0ca87	7	54318812	54318824	6	1.2465
a7f54c9a-545a-4546-a53c-67106fb0ca87	7	54325795	62865135	2154	-0.0063
a7f54c9a-545a-4546-a53c-67106fb0ca87	7	62904814	62925237	16	0.6737
a7f54c9a-545a-4546-a53c-67106fb0ca87	7	62925442	64282660	433	0.0354
a7f54c9a-545a-4546-a53c-67106fb0ca87	7	64283972	64306602	26	0.4991
a7f54c9a-545a-4546-a53c-67106fb0ca87	7	64307683	70955452	3496	-0.0074
a7f54c9a-545a-4546-a53c-67106fb0ca87	7	70958264	70961155	2	-2.2186
a7f54c9a-545a-4546-a53c-67106fb0ca87	7	70963257	78724565	3484	0.0014
a7f54c9a-545a-4546-a53c-67106fb0ca87	7	78725156	78725372	3	-1.395
a7f54c9a-545a-4546-a53c-67106fb0ca87	7	78733311	97766197	12213	0.0122
a7f54c9a-545a-4546-a53c-67106fb0ca87	7	97772620	97773163	8	-0.9611
a7f54c9a-545a-4546-a53c-67106fb0ca87	7	97774928	109797616	6607	0.0015
a7f54c9a-545a-4546-a53c-67106fb0ca87	7	109797618	109800866	13	0.5641
a7f54c9a-545a-4546-a53c-67106fb0ca87	7	109801155	111198568	933	0.0077
a7f54c9a-545a-4546-a53c-67106fb0ca87	7	111198606	111199020	3	-0.989
a7f54c9a-545a-4546-a53c-67106fb0ca87	7	111199343	111654840	283	0.0544
a7f54c9a-545a-4546-a53c-67106fb0ca87	7	111655857	111663603	2	2.0901
a7f54c9a-545a-4546-a53c-67106fb0ca87	7	111669738	126404920	8819	0.0007
a7f54c9a-545a-4546-a53c-67106fb0ca87	7	126405428	126406823	14	1.1677
a7f54c9a-545a-4546-a53c-67106fb0ca87	7	126406824	128668332	1425	0.0277
a7f54c9a-545a-4546-a53c-67106fb0ca87	7	128677604	128681257	2	-1.5509
a7f54c9a-545a-4546-a53c-67106fb0ca87	7	128682091	142083169	8514	-0.0005
a7f54c9a-545a-4546-a53c-67106fb0ca87	7	142084696	142087562	6	0.9288
a7f54c9a-545a-4546-a53c-67106fb0ca87	7	142087732	142177590	69	-0.0132
a7f54c9a-545a-4546-a53c-67106fb0ca87	7	142182186	142183885	4	0.8797
a7f54c9a-545a-4546-a53c-67106fb0ca87	7	142187666	142246405	55	-0.0343
a7f54c9a-545a-4546-a53c-67106fb0ca87	7	142246513	142259629	10	0.8479
a7f54c9a-545a-4546-a53c-67106fb0ca87	7	142259990	142320291	40	0.0095
a7f54c9a-545a-4546-a53c-67106fb0ca87	7	142322506	142323575	4	-1.1549
a7f54c9a-545a-4546-a53c-67106fb0ca87	7	142325216	142422876	93	0.1672
a7f54c9a-545a-4546-a53c-67106fb0ca87	7	142425370	142433774	9	-0.5715
a7f54c9a-545a-4546-a53c-67106fb0ca87	7	142434344	142778685	165	0.2142
a7f54c9a-545a-4546-a53c-67106fb0ca87	7	142778750	146519323	2097	-0.0019
a7f54c9a-545a-4546-a53c-67106fb0ca87	7	146525085	146525191	2	-2.0654
a7f54c9a-545a-4546-a53c-67106fb0ca87	7	146529339	150683757	2580	-0.006
a7f54c9a-545a-4546-a53c-67106fb0ca87	7	150683911	150683943	2	2.3213
a7f54c9a-545a-4546-a53c-67106fb0ca87	7	150684268	153449694	1642	0.0067
a7f54c9a-545a-4546-a53c-67106fb0ca87	7	153449796	153498310	69	0.25
a7f54c9a-545a-4546-a53c-67106fb0ca87	7	153500075	156511702	2340	0.0068
a7f54c9a-545a-4546-a53c-67106fb0ca87	7	156515167	156515994	4	-0.9905
a7f54c9a-545a-4546-a53c-67106fb0ca87	7	156516992	157417527	488	-0.0088
a7f54c9a-545a-4546-a53c-67106fb0ca87	7	157420609	157420907	2	-1.4888
a7f54c9a-545a-4546-a53c-67106fb0ca87	7	157424361	158324903	562	-0.0209
a7f54c9a-545a-4546-a53c-67106fb0ca87	7	158335896	158339473	2	2.1482
a7f54c9a-545a-4546-a53c-67106fb0ca87	7	158344294	159091259	471	0.0011
a7f54c9a-545a-4546-a53c-67106fb0ca87	7	159094984	159096221	2	1.5812
a7f54c9a-545a-4546-a53c-67106fb0ca87	7	159096591	159334314	160	-0.0121
a7f54c9a-545a-4546-a53c-67106fb0ca87	8	81254	643041	322	-0.0101
a7f54c9a-545a-4546-a53c-67106fb0ca87	8	644944	645875	8	1.0877
a7f54c9a-545a-4546-a53c-67106fb0ca87	8	645892	645908	2	3.8442
a7f54c9a-545a-4546-a53c-67106fb0ca87	8	656117	2366263	1311	-0.0348
a7f54c9a-545a-4546-a53c-67106fb0ca87	8	2370507	2371071	6	0.9635
a7f54c9a-545a-4546-a53c-67106fb0ca87	8	2371830	3859946	1608	-0.0074
a7f54c9a-545a-4546-a53c-67106fb0ca87	8	3862454	3864848	4	-1.1621
a7f54c9a-545a-4546-a53c-67106fb0ca87	8	3865607	4314218	840	0.0189
a7f54c9a-545a-4546-a53c-67106fb0ca87	8	4317111	4317361	2	1.9257
a7f54c9a-545a-4546-a53c-67106fb0ca87	8	4317508	4802682	686	-0.0017
a7f54c9a-545a-4546-a53c-67106fb0ca87	8	4803293	4804390	2	-1.7487
a7f54c9a-545a-4546-a53c-67106fb0ca87	8	4805649	4932447	180	0.0303
a7f54c9a-545a-4546-a53c-67106fb0ca87	8	4932853	4937510	2	-2.6075
a7f54c9a-545a-4546-a53c-67106fb0ca87	8	4939730	7336299	2756	-0.0089
a7f54c9a-545a-4546-a53c-67106fb0ca87	8	7357089	8234503	68	0.5123
a7f54c9a-545a-4546-a53c-67106fb0ca87	8	8235660	9210432	933	-0.03
a7f54c9a-545a-4546-a53c-67106fb0ca87	8	9213319	9213906	3	-1.5669
a7f54c9a-545a-4546-a53c-67106fb0ca87	8	9215219	11152608	1622	-0.0198
a7f54c9a-545a-4546-a53c-67106fb0ca87	8	11153220	11153316	2	2.8847
a7f54c9a-545a-4546-a53c-67106fb0ca87	8	11153662	25116928	11114	-0.0055
a7f54c9a-545a-4546-a53c-67106fb0ca87	8	25116961	25126708	24	0.956
a7f54c9a-545a-4546-a53c-67106fb0ca87	8	25126735	84345754	34948	0.0024
a7f54c9a-545a-4546-a53c-67106fb0ca87	8	84350648	84356431	19	-0.9041
a7f54c9a-545a-4546-a53c-67106fb0ca87	8	84358447	97409380	7833	0.0056
a7f54c9a-545a-4546-a53c-67106fb0ca87	8	97410718	97410943	2	-1.6922
a7f54c9a-545a-4546-a53c-67106fb0ca87	8	97411307	111282237	8276	-0.003
a7f54c9a-545a-4546-a53c-67106fb0ca87	8	111282441	111283016	5	-1.9089
a7f54c9a-545a-4546-a53c-67106fb0ca87	8	111283031	114622478	1827	0.0037
a7f54c9a-545a-4546-a53c-67106fb0ca87	8	114622678	114626166	10	-0.873
a7f54c9a-545a-4546-a53c-67106fb0ca87	8	114626238	114744115	84	-0.0806
a7f54c9a-545a-4546-a53c-67106fb0ca87	8	114746483	114778230	23	0.4142
a7f54c9a-545a-4546-a53c-67106fb0ca87	8	114779027	116657867	1181	0.0001
a7f54c9a-545a-4546-a53c-67106fb0ca87	8	116658423	116668792	4	-1.2275
a7f54c9a-545a-4546-a53c-67106fb0ca87	8	116673763	127935770	7888	0.0013
a7f54c9a-545a-4546-a53c-67106fb0ca87	8	127935979	127942894	10	0.7284
a7f54c9a-545a-4546-a53c-67106fb0ca87	8	127943712	133158243	3871	-0.0012
a7f54c9a-545a-4546-a53c-67106fb0ca87	8	133160540	133162136	15	0.7975
a7f54c9a-545a-4546-a53c-67106fb0ca87	8	133162997	134685708	1374	-0.0159
a7f54c9a-545a-4546-a53c-67106fb0ca87	8	134686045	134686136	2	1.4553
a7f54c9a-545a-4546-a53c-67106fb0ca87	8	134686956	140423488	4539	-0.0004
a7f54c9a-545a-4546-a53c-67106fb0ca87	8	140431858	140431882	2	-2.0173
a7f54c9a-545a-4546-a53c-67106fb0ca87	8	140435864	141088605	353	0.0103
a7f54c9a-545a-4546-a53c-67106fb0ca87	8	141088878	141089213	3	-1.3024
a7f54c9a-545a-4546-a53c-67106fb0ca87	8	141089270	141563465	266	-0.0374
a7f54c9a-545a-4546-a53c-67106fb0ca87	8	141564041	141570548	13	0.7041
a7f54c9a-545a-4546-a53c-67106fb0ca87	8	141570717	144375777	1146	-0.0156
a7f54c9a-545a-4546-a53c-67106fb0ca87	8	144376985	144377043	2	1.7249
a7f54c9a-545a-4546-a53c-67106fb0ca87	8	144377663	145072769	294	-0.0025
a7f54c9a-545a-4546-a53c-67106fb0ca87	9	46587	303727	157	0.0938
a7f54c9a-545a-4546-a53c-67106fb0ca87	9	304276	641609	412	-0.0855
a7f54c9a-545a-4546-a53c-67106fb0ca87	9	641720	650762	34	0.3897
a7f54c9a-545a-4546-a53c-67106fb0ca87	9	650777	2145512	1709	0.0084
a7f54c9a-545a-4546-a53c-67106fb0ca87	9	2147099	2150662	7	-0.9896
a7f54c9a-545a-4546-a53c-67106fb0ca87	9	2152115	6655056	4018	0.0137
a7f54c9a-545a-4546-a53c-67106fb0ca87	9	6657192	6661613	3	1.6262
a7f54c9a-545a-4546-a53c-67106fb0ca87	9	6663786	8901739	2191	0.0036
a7f54c9a-545a-4546-a53c-67106fb0ca87	9	8901758	12624629	3212	0.0626
a7f54c9a-545a-4546-a53c-67106fb0ca87	9	12624943	23361807	8671	0.0002
a7f54c9a-545a-4546-a53c-67106fb0ca87	9	23363117	23373486	8	0.9888
a7f54c9a-545a-4546-a53c-67106fb0ca87	9	23378490	30669431	5418	0.0262
a7f54c9a-545a-4546-a53c-67106fb0ca87	9	30670098	30722890	35	-0.7714
a7f54c9a-545a-4546-a53c-67106fb0ca87	9	30725871	38996106	5232	0.0008
a7f54c9a-545a-4546-a53c-67106fb0ca87	9	38996240	41316241	123	0.2287
a7f54c9a-545a-4546-a53c-67106fb0ca87	9	41324506	42585140	81	-0.2057
a7f54c9a-545a-4546-a53c-67106fb0ca87	9	42697878	42719891	10	0.8343
a7f54c9a-545a-4546-a53c-67106fb0ca87	9	42720266	90856952	16494	0.0027
a7f54c9a-545a-4546-a53c-67106fb0ca87	9	90857301	90884033	39	0.3764
a7f54c9a-545a-4546-a53c-67106fb0ca87	9	90888429	92529944	1128	0.0034
a7f54c9a-545a-4546-a53c-67106fb0ca87	9	92530629	92533853	3	-1.5406
a7f54c9a-545a-4546-a53c-67106fb0ca87	9	92534795	93039143	268	0.01
a7f54c9a-545a-4546-a53c-67106fb0ca87	9	93043925	93044083	2	-2.6286
a7f54c9a-545a-4546-a53c-67106fb0ca87	9	93052468	95487005	1554	-0.0075
a7f54c9a-545a-4546-a53c-67106fb0ca87	9	95487661	95488277	6	1.0121
a7f54c9a-545a-4546-a53c-67106fb0ca87	9	95488676	102181393	4430	0.0132
a7f54c9a-545a-4546-a53c-67106fb0ca87	9	102182159	102182359	2	1.7187
a7f54c9a-545a-4546-a53c-67106fb0ca87	9	102182473	118549310	12569	0.0105
a7f54c9a-545a-4546-a53c-67106fb0ca87	9	118556193	118557188	4	1.1006
a7f54c9a-545a-4546-a53c-67106fb0ca87	9	118558016	129851859	7033	-0.0029
a7f54c9a-545a-4546-a53c-67106fb0ca87	9	129851976	129852028	2	1.96
a7f54c9a-545a-4546-a53c-67106fb0ca87	9	129852133	138200944	4617	0.0003
a7f54c9a-545a-4546-a53c-67106fb0ca87	10	45792	708888	384	0.0186
a7f54c9a-545a-4546-a53c-67106fb0ca87	10	710817	713557	6	-0.9985
a7f54c9a-545a-4546-a53c-67106fb0ca87	10	713619	1703060	747	-0.0077
a7f54c9a-545a-4546-a53c-67106fb0ca87	10	1705420	1705935	4	-2.2795
a7f54c9a-545a-4546-a53c-67106fb0ca87	10	1708886	3010244	1301	0.0305
a7f54c9a-545a-4546-a53c-67106fb0ca87	10	3012303	3013542	7	1.0734
a7f54c9a-545a-4546-a53c-67106fb0ca87	10	3013819	3901087	820	-0.0302
a7f54c9a-545a-4546-a53c-67106fb0ca87	10	3904418	3905751	7	-1.2152
a7f54c9a-545a-4546-a53c-67106fb0ca87	10	3906062	27308509	18120	-0.0012
a7f54c9a-545a-4546-a53c-67106fb0ca87	10	27318256	27417672	87	-0.9715
a7f54c9a-545a-4546-a53c-67106fb0ca87	10	27420482	30426752	2316	0.0075
a7f54c9a-545a-4546-a53c-67106fb0ca87	10	30427468	30442710	3	-1.1095
a7f54c9a-545a-4546-a53c-67106fb0ca87	10	30442731	32663904	1487	0.0145
a7f54c9a-545a-4546-a53c-67106fb0ca87	10	32664063	32664245	5	1.4087
a7f54c9a-545a-4546-a53c-67106fb0ca87	10	32664440	35260820	1760	0.0009
a7f54c9a-545a-4546-a53c-67106fb0ca87	10	35263790	35267733	4	0.9159
a7f54c9a-545a-4546-a53c-67106fb0ca87	10	35267771	42355411	2057	0.0023
a7f54c9a-545a-4546-a53c-67106fb0ca87	10	42357675	42358241	2	1.7037
a7f54c9a-545a-4546-a53c-67106fb0ca87	10	42358254	45817039	2310	-0.0002
a7f54c9a-545a-4546-a53c-67106fb0ca87	10	45936113	45998155	2	2.2258
a7f54c9a-545a-4546-a53c-67106fb0ca87	10	45999975	46178860	68	0.0633
a7f54c9a-545a-4546-a53c-67106fb0ca87	10	46188877	46246163	41	0.5891
a7f54c9a-545a-4546-a53c-67106fb0ca87	10	46248598	46249048	4	1.6358
a7f54c9a-545a-4546-a53c-67106fb0ca87	10	46249144	46529441	138	0.5244
a7f54c9a-545a-4546-a53c-67106fb0ca87	10	46532940	130383003	56895	0.0076
a7f54c9a-545a-4546-a53c-67106fb0ca87	10	130389459	130407371	20	0.6766
a7f54c9a-545a-4546-a53c-67106fb0ca87	10	130411141	130749698	286	0.0546
a7f54c9a-545a-4546-a53c-67106fb0ca87	10	130750781	130750943	2	-1.9342
a7f54c9a-545a-4546-a53c-67106fb0ca87	10	130754182	133415637	1605	0.0006
a7f54c9a-545a-4546-a53c-67106fb0ca87	10	133416215	133420688	6	-0.8749
a7f54c9a-545a-4546-a53c-67106fb0ca87	10	133429369	133582780	115	0.4801
a7f54c9a-545a-4546-a53c-67106fb0ca87	10	133586746	133654968	29	0.0799
a7f54c9a-545a-4546-a53c-67106fb0ca87	11	198510	4946166	2418	0.0081
a7f54c9a-545a-4546-a53c-67106fb0ca87	11	4946420	4954475	29	0.7246
a7f54c9a-545a-4546-a53c-67106fb0ca87	11	4955027	5498832	538	-0.0018
a7f54c9a-545a-4546-a53c-67106fb0ca87	11	5499342	5501334	8	-1.1713
a7f54c9a-545a-4546-a53c-67106fb0ca87	11	5502363	5599199	112	0.0211
a7f54c9a-545a-4546-a53c-67106fb0ca87	11	5604483	5604617	3	1.3227
a7f54c9a-545a-4546-a53c-67106fb0ca87	11	5607989	5762165	122	0.0773
a7f54c9a-545a-4546-a53c-67106fb0ca87	11	5762452	5788108	36	0.5112
a7f54c9a-545a-4546-a53c-67106fb0ca87	11	5788231	6112000	254	0.099
a7f54c9a-545a-4546-a53c-67106fb0ca87	11	6112533	10598601	3064	0.0077
a7f54c9a-545a-4546-a53c-67106fb0ca87	11	10600246	10604016	7	0.7734
a7f54c9a-545a-4546-a53c-67106fb0ca87	11	10607239	21188391	8194	0.0067
a7f54c9a-545a-4546-a53c-67106fb0ca87	11	21189098	21190184	3	1.4651
a7f54c9a-545a-4546-a53c-67106fb0ca87	11	21190440	48576870	18508	0.0099
a7f54c9a-545a-4546-a53c-67106fb0ca87	11	48579882	48581124	2	1.8165
a7f54c9a-545a-4546-a53c-67106fb0ca87	11	48584766	48642055	34	-0.0982
a7f54c9a-545a-4546-a53c-67106fb0ca87	11	48644484	48712551	18	0.5604
a7f54c9a-545a-4546-a53c-67106fb0ca87	11	48712618	49686823	376	0.0236
a7f54c9a-545a-4546-a53c-67106fb0ca87	11	49689309	49736039	15	-0.8131
a7f54c9a-545a-4546-a53c-67106fb0ca87	11	49736119	50630048	341	0.0285
a7f54c9a-545a-4546-a53c-67106fb0ca87	11	50630906	55606572	396	0.1384
a7f54c9a-545a-4546-a53c-67106fb0ca87	11	55606712	55685501	56	0.6073
a7f54c9a-545a-4546-a53c-67106fb0ca87	11	55685533	55865309	130	0.0427
a7f54c9a-545a-4546-a53c-67106fb0ca87	11	55866240	55948386	72	0.2411
a7f54c9a-545a-4546-a53c-67106fb0ca87	11	55948658	80256469	13046	0.006
a7f54c9a-545a-4546-a53c-67106fb0ca87	11	80256504	80256520	2	-2.9502
a7f54c9a-545a-4546-a53c-67106fb0ca87	11	80256642	92097323	8032	0.0058
a7f54c9a-545a-4546-a53c-67106fb0ca87	11	92097492	92097877	2	1.9109
a7f54c9a-545a-4546-a53c-67106fb0ca87	11	92099538	104905979	9458	0.0053
a7f54c9a-545a-4546-a53c-67106fb0ca87	11	104907913	104908119	4	-1.1503
a7f54c9a-545a-4546-a53c-67106fb0ca87	11	104910172	134574057	21105	0.0042
a7f54c9a-545a-4546-a53c-67106fb0ca87	11	134574907	134579252	5	-0.9607
a7f54c9a-545a-4546-a53c-67106fb0ca87	11	134579353	134607795	25	0.0665
a7f54c9a-545a-4546-a53c-67106fb0ca87	11	134608907	134869379	249	0.1761
a7f54c9a-545a-4546-a53c-67106fb0ca87	11	134876236	135074876	142	0.0134
a7f54c9a-545a-4546-a53c-67106fb0ca87	12	51460	2122991	1261	0.0077
a7f54c9a-545a-4546-a53c-67106fb0ca87	12	2124763	2143820	29	-0.5273
a7f54c9a-545a-4546-a53c-67106fb0ca87	12	2143838	9466572	4874	0.0027
a7f54c9a-545a-4546-a53c-67106fb0ca87	12	9467109	9582373	32	0.6232
a7f54c9a-545a-4546-a53c-67106fb0ca87	12	9582374	11359558	1179	0.0272
a7f54c9a-545a-4546-a53c-67106fb0ca87	12	11359597	11383180	20	-0.6406
a7f54c9a-545a-4546-a53c-67106fb0ca87	12	11383181	32942367	15244	0.0032
a7f54c9a-545a-4546-a53c-67106fb0ca87	12	32943970	34357848	876	0.0876
a7f54c9a-545a-4546-a53c-67106fb0ca87	12	34358810	34406374	23	0.8742
a7f54c9a-545a-4546-a53c-67106fb0ca87	12	34423775	34581817	34	0.1459
a7f54c9a-545a-4546-a53c-67106fb0ca87	12	34596298	34608333	12	0.7802
a7f54c9a-545a-4546-a53c-67106fb0ca87	12	34619770	52269992	8514	0.0096
a7f54c9a-545a-4546-a53c-67106fb0ca87	12	52271157	52392242	128	0.2368
a7f54c9a-545a-4546-a53c-67106fb0ca87	12	52393437	73391297	13216	0.0047
a7f54c9a-545a-4546-a53c-67106fb0ca87	12	73394056	73424728	10	-0.8953
a7f54c9a-545a-4546-a53c-67106fb0ca87	12	73429308	114001327	26058	0.0053
a7f54c9a-545a-4546-a53c-67106fb0ca87	12	114001595	114122509	107	0.2222
a7f54c9a-545a-4546-a53c-67106fb0ca87	12	114123470	126660070	8277	-0.0025
a7f54c9a-545a-4546-a53c-67106fb0ca87	12	126660439	126660614	2	1.7924
a7f54c9a-545a-4546-a53c-67106fb0ca87	12	126660909	128334968	1498	-0.0013
a7f54c9a-545a-4546-a53c-67106fb0ca87	12	128335300	128339968	10	0.6987
a7f54c9a-545a-4546-a53c-67106fb0ca87	12	128341645	129392461	944	-0.008
a7f54c9a-545a-4546-a53c-67106fb0ca87	12	129392753	129393005	4	1.753
a7f54c9a-545a-4546-a53c-67106fb0ca87	12	129394734	131636170	1907	0.0182
a7f54c9a-545a-4546-a53c-67106fb0ca87	12	131648039	131648790	13	-1.9349
a7f54c9a-545a-4546-a53c-67106fb0ca87	12	131657925	133201603	557	-0.0258
a7f54c9a-545a-4546-a53c-67106fb0ca87	13	18452809	50970918	22612	0.0026
a7f54c9a-545a-4546-a53c-67106fb0ca87	13	50972775	50975062	2	2.0786
a7f54c9a-545a-4546-a53c-67106fb0ca87	13	50975421	57176962	3409	0.0124
a7f54c9a-545a-4546-a53c-67106fb0ca87	13	57184136	57376446	146	0.2139
a7f54c9a-545a-4546-a53c-67106fb0ca87	13	57378273	71902850	8878	0.0149
a7f54c9a-545a-4546-a53c-67106fb0ca87	13	71903417	71906418	4	-1.6442
a7f54c9a-545a-4546-a53c-67106fb0ca87	13	71906467	89121410	11202	0.0086
a7f54c9a-545a-4546-a53c-67106fb0ca87	13	89123159	89157265	34	0.3458
a7f54c9a-545a-4546-a53c-67106fb0ca87	13	89159000	99728996	7001	0.0036
a7f54c9a-545a-4546-a53c-67106fb0ca87	13	99731790	99733106	5	-0.8534
a7f54c9a-545a-4546-a53c-67106fb0ca87	13	99737478	105635089	4675	0.0065
a7f54c9a-545a-4546-a53c-67106fb0ca87	13	105635241	105638714	4	0.9266
a7f54c9a-545a-4546-a53c-67106fb0ca87	13	105639512	105663858	13	0.0975
a7f54c9a-545a-4546-a53c-67106fb0ca87	13	105664476	105667023	5	-1.9229
a7f54c9a-545a-4546-a53c-67106fb0ca87	13	105667615	112974526	5570	-0.0051
a7f54c9a-545a-4546-a53c-67106fb0ca87	13	112976829	113029166	22	-0.436
a7f54c9a-545a-4546-a53c-67106fb0ca87	13	113029750	114342922	562	0.0024
a7f54c9a-545a-4546-a53c-67106fb0ca87	14	18239283	19326853	49	-0.1161
a7f54c9a-545a-4546-a53c-67106fb0ca87	14	19367655	19955213	118	0.3094
a7f54c9a-545a-4546-a53c-67106fb0ca87	14	19956767	21765222	1192	0.0142
a7f54c9a-545a-4546-a53c-67106fb0ca87	14	21767650	21768531	3	-1.5381
a7f54c9a-545a-4546-a53c-67106fb0ca87	14	21769881	21925548	156	0.0348
a7f54c9a-545a-4546-a53c-67106fb0ca87	14	21925817	22509792	520	0.2223
a7f54c9a-545a-4546-a53c-67106fb0ca87	14	22514241	26314697	2469	-0.0018
a7f54c9a-545a-4546-a53c-67106fb0ca87	14	26314707	26314712	6	0.8665
a7f54c9a-545a-4546-a53c-67106fb0ca87	14	26315707	35040397	5463	0.0096
a7f54c9a-545a-4546-a53c-67106fb0ca87	14	35040442	35043406	7	-0.8081
a7f54c9a-545a-4546-a53c-67106fb0ca87	14	35058033	37019820	1293	0.0006
a7f54c9a-545a-4546-a53c-67106fb0ca87	14	37021312	37025694	5	-1.0516
a7f54c9a-545a-4546-a53c-67106fb0ca87	14	37025821	43678192	3996	0.0271
a7f54c9a-545a-4546-a53c-67106fb0ca87	14	43679752	43679837	2	-2.8865
a7f54c9a-545a-4546-a53c-67106fb0ca87	14	43680258	85818410	27122	0.0037
a7f54c9a-545a-4546-a53c-67106fb0ca87	14	85819968	85833164	11	-1.1423
a7f54c9a-545a-4546-a53c-67106fb0ca87	14	85835345	92506746	4254	0.0056
a7f54c9a-545a-4546-a53c-67106fb0ca87	14	92506844	92506906	2	1.5972
a7f54c9a-545a-4546-a53c-67106fb0ca87	14	92508010	95179683	1903	0.0098
a7f54c9a-545a-4546-a53c-67106fb0ca87	14	95181932	95182446	3	-1.6205
a7f54c9a-545a-4546-a53c-67106fb0ca87	14	95184712	98798942	2867	-0.0045
a7f54c9a-545a-4546-a53c-67106fb0ca87	14	98799444	98810381	14	0.5651
a7f54c9a-545a-4546-a53c-67106fb0ca87	14	98812049	106280330	3633	0.0077
a7f54c9a-545a-4546-a53c-67106fb0ca87	14	106283755	106509297	123	0.3364
a7f54c9a-545a-4546-a53c-67106fb0ca87	14	106513845	106877229	182	0.0069
a7f54c9a-545a-4546-a53c-67106fb0ca87	15	19811075	20538669	134	0.0339
a7f54c9a-545a-4546-a53c-67106fb0ca87	15	20614765	22272411	64	-0.3245
a7f54c9a-545a-4546-a53c-67106fb0ca87	15	22278707	26982553	2820	0.0208
a7f54c9a-545a-4546-a53c-67106fb0ca87	15	26983199	26983485	3	-1.9019
a7f54c9a-545a-4546-a53c-67106fb0ca87	15	26985752	58417397	19492	0.0077
a7f54c9a-545a-4546-a53c-67106fb0ca87	15	58417564	58422995	5	-1.1367
a7f54c9a-545a-4546-a53c-67106fb0ca87	15	58425229	65521764	4843	-0.0004
a7f54c9a-545a-4546-a53c-67106fb0ca87	15	65524604	65530231	5	-1.6359
a7f54c9a-545a-4546-a53c-67106fb0ca87	15	65532755	68791250	2151	0.0137
a7f54c9a-545a-4546-a53c-67106fb0ca87	15	68793194	68793977	5	0.8781
a7f54c9a-545a-4546-a53c-67106fb0ca87	15	68794225	70164564	911	0.0136
a7f54c9a-545a-4546-a53c-67106fb0ca87	15	70166839	70189942	14	0.5756
a7f54c9a-545a-4546-a53c-67106fb0ca87	15	70190880	76598900	3460	0.0076
a7f54c9a-545a-4546-a53c-67106fb0ca87	15	76599170	76603434	21	-1.907
a7f54c9a-545a-4546-a53c-67106fb0ca87	15	76609838	81683734	3248	0.0141
a7f54c9a-545a-4546-a53c-67106fb0ca87	15	81689200	81691262	5	0.9474
a7f54c9a-545a-4546-a53c-67106fb0ca87	15	81693236	83713334	1069	-0.0017
a7f54c9a-545a-4546-a53c-67106fb0ca87	15	83713683	83720509	3	-1.4623
a7f54c9a-545a-4546-a53c-67106fb0ca87	15	83721343	101928837	13286	0.0033
a7f54c9a-545a-4546-a53c-67106fb0ca87	16	10777	618985	293	0.0396
a7f54c9a-545a-4546-a53c-67106fb0ca87	16	627854	664155	3	-1.6489
a7f54c9a-545a-4546-a53c-67106fb0ca87	16	669933	7117885	4244	0.0091
a7f54c9a-545a-4546-a53c-67106fb0ca87	16	7118375	7118504	2	1.7942
a7f54c9a-545a-4546-a53c-67106fb0ca87	16	7119429	15994500	7035	0.0068
a7f54c9a-545a-4546-a53c-67106fb0ca87	16	15996758	16004618	6	-1.2356
a7f54c9a-545a-4546-a53c-67106fb0ca87	16	16005302	22417324	3181	0.0323
a7f54c9a-545a-4546-a53c-67106fb0ca87	16	22420049	22753226	121	0.2291
a7f54c9a-545a-4546-a53c-67106fb0ca87	16	22753242	31855169	5015	0.0065
a7f54c9a-545a-4546-a53c-67106fb0ca87	16	31855832	46575866	606	0.1202
a7f54c9a-545a-4546-a53c-67106fb0ca87	16	46576262	54373892	5196	-0.0029
a7f54c9a-545a-4546-a53c-67106fb0ca87	16	54375931	54381624	12	0.6113
a7f54c9a-545a-4546-a53c-67106fb0ca87	16	54382015	55762682	1215	0.0072
a7f54c9a-545a-4546-a53c-67106fb0ca87	16	55764310	55764867	3	3.4194
a7f54c9a-545a-4546-a53c-67106fb0ca87	16	55770436	55788532	15	0.857
a7f54c9a-545a-4546-a53c-67106fb0ca87	16	55808442	78337711	14276	0.0064
a7f54c9a-545a-4546-a53c-67106fb0ca87	16	78338543	78347366	14	0.8104
a7f54c9a-545a-4546-a53c-67106fb0ca87	16	78349243	88810716	10048	-0.0027
a7f54c9a-545a-4546-a53c-67106fb0ca87	16	88814557	88818592	2	-2.1138
a7f54c9a-545a-4546-a53c-67106fb0ca87	16	88818672	90096867	572	-0.0873
a7f54c9a-545a-4546-a53c-67106fb0ca87	17	150733	521859	173	-0.0002
a7f54c9a-545a-4546-a53c-67106fb0ca87	17	524831	525007	2	-2.0767
a7f54c9a-545a-4546-a53c-67106fb0ca87	17	526404	2259275	847	-0.0103
a7f54c9a-545a-4546-a53c-67106fb0ca87	17	2260218	2260246	2	-2.0632
a7f54c9a-545a-4546-a53c-67106fb0ca87	17	2262046	18452078	10364	0.0082
a7f54c9a-545a-4546-a53c-67106fb0ca87	17	18455632	18565883	27	0.7552
a7f54c9a-545a-4546-a53c-67106fb0ca87	17	18571332	34525623	5842	0.0197
a7f54c9a-545a-4546-a53c-67106fb0ca87	17	34526804	34528883	6	-0.9638
a7f54c9a-545a-4546-a53c-67106fb0ca87	17	34532072	41266825	3549	-0.0002
a7f54c9a-545a-4546-a53c-67106fb0ca87	17	41266838	41274279	20	-0.8476
a7f54c9a-545a-4546-a53c-67106fb0ca87	17	41276472	41360793	79	0.0368
a7f54c9a-545a-4546-a53c-67106fb0ca87	17	41360830	41362182	12	0.653
a7f54c9a-545a-4546-a53c-67106fb0ca87	17	41364052	43787546	1284	0.0008
a7f54c9a-545a-4546-a53c-67106fb0ca87	17	43790943	43791961	4	-1.1071
a7f54c9a-545a-4546-a53c-67106fb0ca87	17	43799368	45633124	793	0.0088
a7f54c9a-545a-4546-a53c-67106fb0ca87	17	45633670	45680765	33	0.3805
a7f54c9a-545a-4546-a53c-67106fb0ca87	17	45682353	46085732	294	0.0164
a7f54c9a-545a-4546-a53c-67106fb0ca87	17	46088437	46664059	130	-0.4175
a7f54c9a-545a-4546-a53c-67106fb0ca87	17	46687628	51333473	2380	-0.0006
a7f54c9a-545a-4546-a53c-67106fb0ca87	17	51334457	51336829	3	1.3592
a7f54c9a-545a-4546-a53c-67106fb0ca87	17	51337419	74054086	14586	0.0058
a7f54c9a-545a-4546-a53c-67106fb0ca87	17	74054471	74093501	42	0.4131
a7f54c9a-545a-4546-a53c-67106fb0ca87	17	74097546	74526213	229	-0.0086
a7f54c9a-545a-4546-a53c-67106fb0ca87	17	74527085	74537868	5	1.0051
a7f54c9a-545a-4546-a53c-67106fb0ca87	17	74537994	76786609	1101	0.0066
a7f54c9a-545a-4546-a53c-67106fb0ca87	17	76789516	76792055	2	-2.5832
a7f54c9a-545a-4546-a53c-67106fb0ca87	17	76792592	78574315	1058	-0.0058
a7f54c9a-545a-4546-a53c-67106fb0ca87	17	78575478	78575497	2	-1.7809
a7f54c9a-545a-4546-a53c-67106fb0ca87	17	78576504	83091923	2153	-0.0229
a7f54c9a-545a-4546-a53c-67106fb0ca87	18	48133	4978906	3531	0.0051
a7f54c9a-545a-4546-a53c-67106fb0ca87	18	4979613	4987699	6	1.0446
a7f54c9a-545a-4546-a53c-67106fb0ca87	18	4989684	64442831	35666	0.0067
a7f54c9a-545a-4546-a53c-67106fb0ca87	18	64443731	64460414	5	1.0521
a7f54c9a-545a-4546-a53c-67106fb0ca87	18	64460842	64563169	64	0.0408
a7f54c9a-545a-4546-a53c-67106fb0ca87	18	64563444	64585993	13	0.5076
a7f54c9a-545a-4546-a53c-67106fb0ca87	18	64586438	65532829	629	0.0097
a7f54c9a-545a-4546-a53c-67106fb0ca87	18	65532840	65537481	19	0.9126
a7f54c9a-545a-4546-a53c-67106fb0ca87	18	65540037	65795238	145	0.1348
a7f54c9a-545a-4546-a53c-67106fb0ca87	18	65795318	65798337	10	0.6519
a7f54c9a-545a-4546-a53c-67106fb0ca87	18	65798702	67282856	1025	0.0222
a7f54c9a-545a-4546-a53c-67106fb0ca87	18	67282884	67301357	36	0.5283
a7f54c9a-545a-4546-a53c-67106fb0ca87	18	67303313	69075180	1367	0.0199
a7f54c9a-545a-4546-a53c-67106fb0ca87	18	69075518	69086089	41	0.3624
a7f54c9a-545a-4546-a53c-67106fb0ca87	18	69090459	71726377	1858	0.0018
a7f54c9a-545a-4546-a53c-67106fb0ca87	18	71727716	72845352	847	0.1082
a7f54c9a-545a-4546-a53c-67106fb0ca87	18	72846884	80257174	5466	-0.0006
a7f54c9a-545a-4546-a53c-67106fb0ca87	19	90910	15713261	6624	0.0028
a7f54c9a-545a-4546-a53c-67106fb0ca87	19	15714132	15714133	2	2.7768
a7f54c9a-545a-4546-a53c-67106fb0ca87	19	15714788	15891698	135	0.0114
a7f54c9a-545a-4546-a53c-67106fb0ca87	19	15891711	15893672	4	1.2069
a7f54c9a-545a-4546-a53c-67106fb0ca87	19	15901947	22128383	3127	0.0131
a7f54c9a-545a-4546-a53c-67106fb0ca87	19	22129359	22260752	86	0.3175
a7f54c9a-545a-4546-a53c-67106fb0ca87	19	22262849	23900287	938	0.0133
a7f54c9a-545a-4546-a53c-67106fb0ca87	19	23901617	27650781	293	0.1545
a7f54c9a-545a-4546-a53c-67106fb0ca87	19	27653592	35167825	5319	0.0123
a7f54c9a-545a-4546-a53c-67106fb0ca87	19	35172871	35175144	7	1.0829
a7f54c9a-545a-4546-a53c-67106fb0ca87	19	35175178	36339409	627	0
a7f54c9a-545a-4546-a53c-67106fb0ca87	19	36354973	36356596	11	-1.4779
a7f54c9a-545a-4546-a53c-67106fb0ca87	19	36356735	58586487	11921	0.001
a7f54c9a-545a-4546-a53c-67106fb0ca87	20	80664	1601561	1239	0.0354
a7f54c9a-545a-4546-a53c-67106fb0ca87	20	1609611	1613247	5	-1.6048
a7f54c9a-545a-4546-a53c-67106fb0ca87	20	1617300	3858160	1578	-0.0247
a7f54c9a-545a-4546-a53c-67106fb0ca87	20	3862337	3892807	20	0.4809
a7f54c9a-545a-4546-a53c-67106fb0ca87	20	3893361	7047038	2432	0.0166
a7f54c9a-545a-4546-a53c-67106fb0ca87	20	7049728	7050117	3	-1.7453
a7f54c9a-545a-4546-a53c-67106fb0ca87	20	7055361	12854743	4638	0.0084
a7f54c9a-545a-4546-a53c-67106fb0ca87	20	12855739	12860734	6	1.106
a7f54c9a-545a-4546-a53c-67106fb0ca87	20	12864904	16682424	3072	0.0112
a7f54c9a-545a-4546-a53c-67106fb0ca87	20	16683130	16687127	11	-1.5789
a7f54c9a-545a-4546-a53c-67106fb0ca87	20	16689232	62582087	28653	0.0059
a7f54c9a-545a-4546-a53c-67106fb0ca87	20	62582181	62584855	2	2.0347
a7f54c9a-545a-4546-a53c-67106fb0ca87	20	62585938	64324800	709	-0.0117
a7f54c9a-545a-4546-a53c-67106fb0ca87	21	10354168	46677045	23852	0.0099
a7f54c9a-545a-4546-a53c-67106fb0ca87	22	15294547	18620743	1134	0.0084
a7f54c9a-545a-4546-a53c-67106fb0ca87	22	18649244	18760941	3	1.6496
a7f54c9a-545a-4546-a53c-67106fb0ca87	22	18783014	19958232	660	-0.0009
a7f54c9a-545a-4546-a53c-67106fb0ca87	22	19960419	19961132	5	1.2346
a7f54c9a-545a-4546-a53c-67106fb0ca87	22	19961340	20065244	78	0.0246
a7f54c9a-545a-4546-a53c-67106fb0ca87	22	20065720	20066031	4	-1.3733
a7f54c9a-545a-4546-a53c-67106fb0ca87	22	20069620	22027436	1095	0.0528
a7f54c9a-545a-4546-a53c-67106fb0ca87	22	22027710	22027946	6	1.8267
a7f54c9a-545a-4546-a53c-67106fb0ca87	22	22032036	22148876	207	0.0735
a7f54c9a-545a-4546-a53c-67106fb0ca87	22	22148948	22149652	6	1.8338
a7f54c9a-545a-4546-a53c-67106fb0ca87	22	22150117	22163433	16	-0.0464
a7f54c9a-545a-4546-a53c-67106fb0ca87	22	22164140	22165674	8	0.8568
a7f54c9a-545a-4546-a53c-67106fb0ca87	22	22168470	22386112	218	0.0488
a7f54c9a-545a-4546-a53c-67106fb0ca87	22	22386123	22445918	36	0.4108
a7f54c9a-545a-4546-a53c-67106fb0ca87	22	22449980	25352165	1797	0.0259
a7f54c9a-545a-4546-a53c-67106fb0ca87	22	25352287	25352719	4	1.1158
a7f54c9a-545a-4546-a53c-67106fb0ca87	22	25352871	42508600	11871	0.0034
a7f54c9a-545a-4546-a53c-67106fb0ca87	22	42510995	42536412	18	0.6398
a7f54c9a-545a-4546-a53c-67106fb0ca87	22	42538456	49110730	5105	-0.0002
a7f54c9a-545a-4546-a53c-67106fb0ca87	22	49111033	49112166	2	-2.104
a7f54c9a-545a-4546-a53c-67106fb0ca87	22	49115637	50796027	997	-0.0405
a7f54c9a-545a-4546-a53c-67106fb0ca87	X	251810	22244729	13125	0.0006
a7f54c9a-545a-4546-a53c-67106fb0ca87	X	22245971	22246528	2	-5.1778
a7f54c9a-545a-4546-a53c-67106fb0ca87	X	22246690	36159142	9349	0.0144
a7f54c9a-545a-4546-a53c-67106fb0ca87	X	36159290	36159489	3	-3.8187
a7f54c9a-545a-4546-a53c-67106fb0ca87	X	36159553	45018486	4891	0.0077
a7f54c9a-545a-4546-a53c-67106fb0ca87	X	45027459	45027782	2	-3.9051
a7f54c9a-545a-4546-a53c-67106fb0ca87	X	45028205	75749284	11620	0.0135
a7f54c9a-545a-4546-a53c-67106fb0ca87	X	75749589	75786640	17	1.1569
a7f54c9a-545a-4546-a53c-67106fb0ca87	X	75786791	114994408	20502	0.0143
a7f54c9a-545a-4546-a53c-67106fb0ca87	X	114997697	114998484	4	-3.7697
a7f54c9a-545a-4546-a53c-67106fb0ca87	X	114999609	149111813	20334	0.0119
a7f54c9a-545a-4546-a53c-67106fb0ca87	X	149114723	149120727	3	-3.547
a7f54c9a-545a-4546-a53c-67106fb0ca87	X	149121535	155952689	3550	0.0227
a7f54c9a-545a-4546-a53c-67106fb0ca87	Y	2782397	6252391	786	-0.79
a7f54c9a-545a-4546-a53c-67106fb0ca87	Y	6256239	6284195	8	-2.0404
a7f54c9a-545a-4546-a53c-67106fb0ca87	Y	6404785	7783678	553	-0.8268
a7f54c9a-545a-4546-a53c-67106fb0ca87	Y	7783989	8103886	258	-0.585
a7f54c9a-545a-4546-a53c-67106fb0ca87	Y	8104169	8346786	140	-0.8086
a7f54c9a-545a-4546-a53c-67106fb0ca87	Y	8353549	8514548	139	-0.4742
a7f54c9a-545a-4546-a53c-67106fb0ca87	Y	8514835	9908108	433	-0.8656
a7f54c9a-545a-4546-a53c-67106fb0ca87	Y	9919651	10071201	81	-2.8367
a7f54c9a-545a-4546-a53c-67106fb0ca87	Y	10088969	22746065	4036	-0.7923
a7f54c9a-545a-4546-a53c-67106fb0ca87	Y	22804839	23014812	5	-2.3289
a7f54c9a-545a-4546-a53c-67106fb0ca87	Y	23029591	56872112	199	-0.8268
