GDC_Aliquot	Chromosome	Start	End	Num_Probes	Segment_Mean
4af10b4d-889c-4983-9a9b-6cc29882c513	1	62920	12779433	6455	-0.0201
4af10b4d-889c-4983-9a9b-6cc29882c513	1	12792599	12868035	32	-0.6244
4af10b4d-889c-4983-9a9b-6cc29882c513	1	12922922	16685961	2147	-0.014
4af10b4d-889c-4983-9a9b-6cc29882c513	1	16686246	16721984	8	-1.0739
4af10b4d-889c-4983-9a9b-6cc29882c513	1	16766762	25256850	5300	-0.0096
4af10b4d-889c-4983-9a9b-6cc29882c513	1	25266637	25320455	24	-1.9776
4af10b4d-889c-4983-9a9b-6cc29882c513	1	25336819	40555364	8104	-0.0038
4af10b4d-889c-4983-9a9b-6cc29882c513	1	40556404	40562538	4	-1.258
4af10b4d-889c-4983-9a9b-6cc29882c513	1	40563254	46044681	3132	0.0015
4af10b4d-889c-4983-9a9b-6cc29882c513	1	46046603	46048154	2	2.0164
4af10b4d-889c-4983-9a9b-6cc29882c513	1	46053881	61647091	10081	-0.0056
4af10b4d-889c-4983-9a9b-6cc29882c513	1	61647430	61652515	5	-0.9691
4af10b4d-889c-4983-9a9b-6cc29882c513	1	61654137	70958755	6475	-0.0037
4af10b4d-889c-4983-9a9b-6cc29882c513	1	70960577	70964183	2	1.3708
4af10b4d-889c-4983-9a9b-6cc29882c513	1	70967301	72284670	770	-0.0043
4af10b4d-889c-4983-9a9b-6cc29882c513	1	72290430	72297687	9	-1.0583
4af10b4d-889c-4983-9a9b-6cc29882c513	1	72302735	81422771	5804	0.0032
4af10b4d-889c-4983-9a9b-6cc29882c513	1	81422917	81422920	2	1.5046
4af10b4d-889c-4983-9a9b-6cc29882c513	1	81422982	83375306	1315	-0.0155
4af10b4d-889c-4983-9a9b-6cc29882c513	1	83384675	83384707	2	1.6602
4af10b4d-889c-4983-9a9b-6cc29882c513	1	83387968	83391570	3	-0.937
4af10b4d-889c-4983-9a9b-6cc29882c513	1	83391686	102277451	12170	0.003
4af10b4d-889c-4983-9a9b-6cc29882c513	1	102278456	102278753	2	1.4571
4af10b4d-889c-4983-9a9b-6cc29882c513	1	102279211	109613590	4235	-0.0023
4af10b4d-889c-4983-9a9b-6cc29882c513	1	109616158	109707950	44	-0.3142
4af10b4d-889c-4983-9a9b-6cc29882c513	1	109707962	109707968	2	1.7868
4af10b4d-889c-4983-9a9b-6cc29882c513	1	109708520	112147704	1930	0.0003
4af10b4d-889c-4983-9a9b-6cc29882c513	1	112153343	112163334	26	0.5419
4af10b4d-889c-4983-9a9b-6cc29882c513	1	112163438	152583230	7564	0.0066
4af10b4d-889c-4983-9a9b-6cc29882c513	1	152583291	152613762	30	1.5445
4af10b4d-889c-4983-9a9b-6cc29882c513	1	152613802	152787202	170	0.0146
4af10b4d-889c-4983-9a9b-6cc29882c513	1	152789447	152796224	37	0.506
4af10b4d-889c-4983-9a9b-6cc29882c513	1	152801429	179361393	17794	-0.0047
4af10b4d-889c-4983-9a9b-6cc29882c513	1	179362247	179370071	4	-1.2627
4af10b4d-889c-4983-9a9b-6cc29882c513	1	179370127	187746723	5558	-0.0039
4af10b4d-889c-4983-9a9b-6cc29882c513	1	187748429	187752238	2	-2.3492
4af10b4d-889c-4983-9a9b-6cc29882c513	1	187755479	193186662	3548	-0.0044
4af10b4d-889c-4983-9a9b-6cc29882c513	1	193187149	193187218	4	1.0728
4af10b4d-889c-4983-9a9b-6cc29882c513	1	193190593	196762956	2387	-0.0114
4af10b4d-889c-4983-9a9b-6cc29882c513	1	196769493	196846661	57	0.6242
4af10b4d-889c-4983-9a9b-6cc29882c513	1	196847600	246344394	34134	-0.0011
4af10b4d-889c-4983-9a9b-6cc29882c513	1	246344681	246347477	3	1.5502
4af10b4d-889c-4983-9a9b-6cc29882c513	1	246348722	248930189	1505	-0.0011
4af10b4d-889c-4983-9a9b-6cc29882c513	2	12784	34197011	23788	-0.0045
4af10b4d-889c-4983-9a9b-6cc29882c513	2	34197214	34202566	2	-1.7958
4af10b4d-889c-4983-9a9b-6cc29882c513	2	34202579	34458223	198	0.022
4af10b4d-889c-4983-9a9b-6cc29882c513	2	34460213	34515732	53	0.6192
4af10b4d-889c-4983-9a9b-6cc29882c513	2	34515960	52527330	12935	-0.0048
4af10b4d-889c-4983-9a9b-6cc29882c513	2	52527342	52554404	39	-2.0124
4af10b4d-889c-4983-9a9b-6cc29882c513	2	52560811	87487629	21995	0.0004
4af10b4d-889c-4983-9a9b-6cc29882c513	2	87489160	87528459	13	-0.8299
4af10b4d-889c-4983-9a9b-6cc29882c513	2	87542032	127094445	19640	-0.0019
4af10b4d-889c-4983-9a9b-6cc29882c513	2	127099470	127100187	2	2.2615
4af10b4d-889c-4983-9a9b-6cc29882c513	2	127100370	134293956	4121	-0.0019
4af10b4d-889c-4983-9a9b-6cc29882c513	2	134298913	134299299	3	1.2569
4af10b4d-889c-4983-9a9b-6cc29882c513	2	134300686	138114401	2402	0.0051
4af10b4d-889c-4983-9a9b-6cc29882c513	2	138114940	138116018	2	-1.4904
4af10b4d-889c-4983-9a9b-6cc29882c513	2	138120464	159102108	12671	-0.0012
4af10b4d-889c-4983-9a9b-6cc29882c513	2	159103831	159104461	2	-1.5134
4af10b4d-889c-4983-9a9b-6cc29882c513	2	159106775	162759443	2180	0.0024
4af10b4d-889c-4983-9a9b-6cc29882c513	2	162760288	162766604	2	1.6814
4af10b4d-889c-4983-9a9b-6cc29882c513	2	162766659	204479729	24846	0.0053
4af10b4d-889c-4983-9a9b-6cc29882c513	2	204479949	204479970	4	-1.2079
4af10b4d-889c-4983-9a9b-6cc29882c513	2	204480159	205466667	748	0.0022
4af10b4d-889c-4983-9a9b-6cc29882c513	2	205468417	205600739	96	-0.9688
4af10b4d-889c-4983-9a9b-6cc29882c513	2	205607546	228394089	14734	0.0055
4af10b4d-889c-4983-9a9b-6cc29882c513	2	228397576	228401658	3	1.1932
4af10b4d-889c-4983-9a9b-6cc29882c513	2	228404140	241841244	8338	-0.0082
4af10b4d-889c-4983-9a9b-6cc29882c513	2	241973315	242090275	102	-0.9534
4af10b4d-889c-4983-9a9b-6cc29882c513	2	242092213	242147305	26	0.036
4af10b4d-889c-4983-9a9b-6cc29882c513	3	20930	65200174	45113	-0.003
4af10b4d-889c-4983-9a9b-6cc29882c513	3	65202778	65224777	53	-0.7381
4af10b4d-889c-4983-9a9b-6cc29882c513	3	65230674	68697013	2412	-0.0106
4af10b4d-889c-4983-9a9b-6cc29882c513	3	68697108	68698178	12	0.524
4af10b4d-889c-4983-9a9b-6cc29882c513	3	68698213	75372019	4851	-0.0042
4af10b4d-889c-4983-9a9b-6cc29882c513	3	75377956	75589590	73	-0.7475
4af10b4d-889c-4983-9a9b-6cc29882c513	3	75590356	130067531	29614	-0.0028
4af10b4d-889c-4983-9a9b-6cc29882c513	3	130067896	130087393	29	-1.9238
4af10b4d-889c-4983-9a9b-6cc29882c513	3	130088081	132270503	1436	0.0064
4af10b4d-889c-4983-9a9b-6cc29882c513	3	132273893	132276840	4	-2.1809
4af10b4d-889c-4983-9a9b-6cc29882c513	3	132281633	149245189	10427	-0.0039
4af10b4d-889c-4983-9a9b-6cc29882c513	3	149245608	149250334	25	-0.8439
4af10b4d-889c-4983-9a9b-6cc29882c513	3	149253293	161053331	7187	0.0018
4af10b4d-889c-4983-9a9b-6cc29882c513	3	161056456	161060410	6	-0.8164
4af10b4d-889c-4983-9a9b-6cc29882c513	3	161061806	161797809	437	-0.0111
4af10b4d-889c-4983-9a9b-6cc29882c513	3	161797839	161797861	2	1.5422
4af10b4d-889c-4983-9a9b-6cc29882c513	3	161798156	162499233	478	-0.0131
4af10b4d-889c-4983-9a9b-6cc29882c513	3	162500556	162501061	6	0.7195
4af10b4d-889c-4983-9a9b-6cc29882c513	3	162501081	162795361	193	-0.0768
4af10b4d-889c-4983-9a9b-6cc29882c513	3	162795671	162906093	63	-1.3391
4af10b4d-889c-4983-9a9b-6cc29882c513	3	162906109	193160113	19112	-0.003
4af10b4d-889c-4983-9a9b-6cc29882c513	3	193160173	193165099	18	-0.5653
4af10b4d-889c-4983-9a9b-6cc29882c513	3	193165114	198169247	2679	-0.0051
4af10b4d-889c-4983-9a9b-6cc29882c513	4	68929	9455251	5127	-0.0009
4af10b4d-889c-4983-9a9b-6cc29882c513	4	9459504	9477699	6	0.8952
4af10b4d-889c-4983-9a9b-6cc29882c513	4	9484440	10208766	536	0.0011
4af10b4d-889c-4983-9a9b-6cc29882c513	4	10212536	10233542	34	1.4576
4af10b4d-889c-4983-9a9b-6cc29882c513	4	10233558	10271903	45	0.0751
4af10b4d-889c-4983-9a9b-6cc29882c513	4	10271925	10273310	7	-1.2515
4af10b4d-889c-4983-9a9b-6cc29882c513	4	10273370	68478894	36290	-0.0023
4af10b4d-889c-4983-9a9b-6cc29882c513	4	68494770	68620261	67	0.5991
4af10b4d-889c-4983-9a9b-6cc29882c513	4	68623617	69257792	315	-0.0354
4af10b4d-889c-4983-9a9b-6cc29882c513	4	69261926	69374271	59	-0.5022
4af10b4d-889c-4983-9a9b-6cc29882c513	4	69376311	90363792	13050	-0.0002
4af10b4d-889c-4983-9a9b-6cc29882c513	4	90366001	90370365	9	-1.1716
4af10b4d-889c-4983-9a9b-6cc29882c513	4	90373217	103359406	7563	-0.0019
4af10b4d-889c-4983-9a9b-6cc29882c513	4	103360166	103364053	2	-2.3224
4af10b4d-889c-4983-9a9b-6cc29882c513	4	103364387	103824414	299	-0.0165
4af10b4d-889c-4983-9a9b-6cc29882c513	4	103830473	103832444	8	0.9405
4af10b4d-889c-4983-9a9b-6cc29882c513	4	103832580	115244712	6910	-0.0062
4af10b4d-889c-4983-9a9b-6cc29882c513	4	115244948	115254098	12	-0.8355
4af10b4d-889c-4983-9a9b-6cc29882c513	4	115254152	161025320	27309	-0.0028
4af10b4d-889c-4983-9a9b-6cc29882c513	4	161025473	161082114	45	0.5802
4af10b4d-889c-4983-9a9b-6cc29882c513	4	161085672	171448195	6545	0.0021
4af10b4d-889c-4983-9a9b-6cc29882c513	4	171453733	171456625	12	1.0848
4af10b4d-889c-4983-9a9b-6cc29882c513	4	171459220	172066777	395	-0.0254
4af10b4d-889c-4983-9a9b-6cc29882c513	4	172067997	172068382	12	-1.362
4af10b4d-889c-4983-9a9b-6cc29882c513	4	172074828	172079670	4	0.7985
4af10b4d-889c-4983-9a9b-6cc29882c513	4	172080680	190036988	12022	-0.0201
4af10b4d-889c-4983-9a9b-6cc29882c513	4	190046094	190106768	5	0.8465
4af10b4d-889c-4983-9a9b-6cc29882c513	5	15532	698390	308	-0.0966
4af10b4d-889c-4983-9a9b-6cc29882c513	5	717264	773453	24	0.4409
4af10b4d-889c-4983-9a9b-6cc29882c513	5	779766	1939056	617	-0.0886
4af10b4d-889c-4983-9a9b-6cc29882c513	5	1943614	15485031	11019	-0.0092
4af10b4d-889c-4983-9a9b-6cc29882c513	5	15485582	15719113	150	-0.0883
4af10b4d-889c-4983-9a9b-6cc29882c513	5	15719241	15723237	11	-0.9658
4af10b4d-889c-4983-9a9b-6cc29882c513	5	15723376	28052971	7327	-0.0083
4af10b4d-889c-4983-9a9b-6cc29882c513	5	28055605	28058935	4	-1.9532
4af10b4d-889c-4983-9a9b-6cc29882c513	5	28058946	36787776	5836	-0.0001
4af10b4d-889c-4983-9a9b-6cc29882c513	5	36787993	36792526	4	-1.2665
4af10b4d-889c-4983-9a9b-6cc29882c513	5	36792713	46196012	5226	-0.0032
4af10b4d-889c-4983-9a9b-6cc29882c513	5	46199332	46199333	2	-1.9852
4af10b4d-889c-4983-9a9b-6cc29882c513	5	46209197	46251204	13	0.0401
4af10b4d-889c-4983-9a9b-6cc29882c513	5	46270906	46273400	8	1.1552
4af10b4d-889c-4983-9a9b-6cc29882c513	5	46278110	70959079	12368	-0.0046
4af10b4d-889c-4983-9a9b-6cc29882c513	5	71010832	71095426	8	-0.8839
4af10b4d-889c-4983-9a9b-6cc29882c513	5	71358245	82122944	6844	-0.0004
4af10b4d-889c-4983-9a9b-6cc29882c513	5	82123459	82131663	3	-2.3544
4af10b4d-889c-4983-9a9b-6cc29882c513	5	82132219	181363319	62609	-0.0036
4af10b4d-889c-4983-9a9b-6cc29882c513	6	149661	294837	124	-0.1416
4af10b4d-889c-4983-9a9b-6cc29882c513	6	302306	381149	78	-0.4977
4af10b4d-889c-4983-9a9b-6cc29882c513	6	382559	6804735	5329	-0.0135
4af10b4d-889c-4983-9a9b-6cc29882c513	6	6804826	6805099	2	-1.827
4af10b4d-889c-4983-9a9b-6cc29882c513	6	6805699	23742789	12590	-0.0048
4af10b4d-889c-4983-9a9b-6cc29882c513	6	23744444	23745202	2	-2.7056
4af10b4d-889c-4983-9a9b-6cc29882c513	6	23747504	32485152	4609	0.0065
4af10b4d-889c-4983-9a9b-6cc29882c513	6	32486498	32533522	15	1.3019
4af10b4d-889c-4983-9a9b-6cc29882c513	6	32540699	32550992	5	-0.0825
4af10b4d-889c-4983-9a9b-6cc29882c513	6	32559507	32602588	10	0.8423
4af10b4d-889c-4983-9a9b-6cc29882c513	6	32605994	32722250	75	0.076
4af10b4d-889c-4983-9a9b-6cc29882c513	6	32723020	32723053	3	1.4037
4af10b4d-889c-4983-9a9b-6cc29882c513	6	32732907	40396586	4881	0.0008
4af10b4d-889c-4983-9a9b-6cc29882c513	6	40397862	40401554	5	-1.3904
4af10b4d-889c-4983-9a9b-6cc29882c513	6	40402760	55961357	9918	0.0017
4af10b4d-889c-4983-9a9b-6cc29882c513	6	55964252	55978862	9	-0.919
4af10b4d-889c-4983-9a9b-6cc29882c513	6	55986080	76730151	10908	-0.0011
4af10b4d-889c-4983-9a9b-6cc29882c513	6	76730331	76742924	17	0.664
4af10b4d-889c-4983-9a9b-6cc29882c513	6	76742956	78251492	969	0.0058
4af10b4d-889c-4983-9a9b-6cc29882c513	6	78252227	78329517	123	-0.5053
4af10b4d-889c-4983-9a9b-6cc29882c513	6	78331916	85846278	4728	-0.002
4af10b4d-889c-4983-9a9b-6cc29882c513	6	85852223	85864821	3	1.2015
4af10b4d-889c-4983-9a9b-6cc29882c513	6	85872535	103286954	10672	-0.0074
4af10b4d-889c-4983-9a9b-6cc29882c513	6	103290101	103314186	46	-0.9444
4af10b4d-889c-4983-9a9b-6cc29882c513	6	103317795	147686008	27789	-0.0003
4af10b4d-889c-4983-9a9b-6cc29882c513	6	147687001	147687744	2	-1.6012
4af10b4d-889c-4983-9a9b-6cc29882c513	6	147694164	150994905	2380	0.0023
4af10b4d-889c-4983-9a9b-6cc29882c513	6	150997402	150998691	3	-1.6207
4af10b4d-889c-4983-9a9b-6cc29882c513	6	150999490	168041795	12044	-0.0081
4af10b4d-889c-4983-9a9b-6cc29882c513	6	168042894	168196562	95	-0.2212
4af10b4d-889c-4983-9a9b-6cc29882c513	6	168196667	170741917	1673	-0.0377
4af10b4d-889c-4983-9a9b-6cc29882c513	7	43355	1168574	346	-0.1233
4af10b4d-889c-4983-9a9b-6cc29882c513	7	1168592	22395161	15634	-0.0092
4af10b4d-889c-4983-9a9b-6cc29882c513	7	22395853	22396868	2	-2.7488
4af10b4d-889c-4983-9a9b-6cc29882c513	7	22399135	38317722	11372	-0.0024
4af10b4d-889c-4983-9a9b-6cc29882c513	7	38318626	38319127	3	1.4121
4af10b4d-889c-4983-9a9b-6cc29882c513	7	38319355	56685762	12525	-0.0032
4af10b4d-889c-4983-9a9b-6cc29882c513	7	56686333	56846757	48	-0.2697
4af10b4d-889c-4983-9a9b-6cc29882c513	7	56847024	56999885	16	0.0977
4af10b4d-889c-4983-9a9b-6cc29882c513	7	57001033	57016425	2	1.9505
4af10b4d-889c-4983-9a9b-6cc29882c513	7	57048761	97756658	20117	-0.0081
4af10b4d-889c-4983-9a9b-6cc29882c513	7	97766148	97773163	16	-0.7142
4af10b4d-889c-4983-9a9b-6cc29882c513	7	97774928	109793741	6567	-0.0048
4af10b4d-889c-4983-9a9b-6cc29882c513	7	109797035	109813853	35	-1.077
4af10b4d-889c-4983-9a9b-6cc29882c513	7	109813925	126405502	9998	-0.0056
4af10b4d-889c-4983-9a9b-6cc29882c513	7	126405597	126406822	11	1.3007
4af10b4d-889c-4983-9a9b-6cc29882c513	7	126406823	134089581	4672	-0.0023
4af10b4d-889c-4983-9a9b-6cc29882c513	7	134090386	134113805	41	0.4004
4af10b4d-889c-4983-9a9b-6cc29882c513	7	134114093	159334314	16016	-0.0048
4af10b4d-889c-4983-9a9b-6cc29882c513	8	81254	162796	2	2.6029
4af10b4d-889c-4983-9a9b-6cc29882c513	8	163380	7473830	7732	-0.0331
4af10b4d-889c-4983-9a9b-6cc29882c513	8	7477487	7930163	17	-0.6722
4af10b4d-889c-4983-9a9b-6cc29882c513	8	7930192	12385031	3247	-0.0259
4af10b4d-889c-4983-9a9b-6cc29882c513	8	12387683	12389977	7	-1.0553
4af10b4d-889c-4983-9a9b-6cc29882c513	8	12418301	25114672	10374	-0.0022
4af10b4d-889c-4983-9a9b-6cc29882c513	8	25116928	25126708	25	0.7061
4af10b4d-889c-4983-9a9b-6cc29882c513	8	25126735	39373140	8966	-0.01
4af10b4d-889c-4983-9a9b-6cc29882c513	8	39378084	39529446	58	-1.8291
4af10b4d-889c-4983-9a9b-6cc29882c513	8	39530780	91188553	29666	-0.0017
4af10b4d-889c-4983-9a9b-6cc29882c513	8	91198830	91198986	3	-1.2208
4af10b4d-889c-4983-9a9b-6cc29882c513	8	91205311	100650493	5670	0.0005
4af10b4d-889c-4983-9a9b-6cc29882c513	8	100651258	100651687	2	-1.898
4af10b4d-889c-4983-9a9b-6cc29882c513	8	100653181	111282237	6530	-0.0045
4af10b4d-889c-4983-9a9b-6cc29882c513	8	111282417	111283031	7	1.4239
4af10b4d-889c-4983-9a9b-6cc29882c513	8	111288052	121094550	6200	-0.007
4af10b4d-889c-4983-9a9b-6cc29882c513	8	121094637	121095516	2	1.4103
4af10b4d-889c-4983-9a9b-6cc29882c513	8	121098498	141023031	14876	0.0006
4af10b4d-889c-4983-9a9b-6cc29882c513	8	141023343	142445166	824	-0.1391
4af10b4d-889c-4983-9a9b-6cc29882c513	8	142447039	145072769	926	-0.0259
4af10b4d-889c-4983-9a9b-6cc29882c513	9	46587	39146321	30998	-0.0045
4af10b4d-889c-4983-9a9b-6cc29882c513	9	39214987	40229601	46	0.3738
4af10b4d-889c-4983-9a9b-6cc29882c513	9	40712794	41659472	88	0.0476
4af10b4d-889c-4983-9a9b-6cc29882c513	9	41666811	42202227	28	0.968
4af10b4d-889c-4983-9a9b-6cc29882c513	9	42211663	64467459	192	0.0371
4af10b4d-889c-4983-9a9b-6cc29882c513	9	64480563	64520620	13	0.6567
4af10b4d-889c-4983-9a9b-6cc29882c513	9	64543764	138200944	47785	-0.0029
4af10b4d-889c-4983-9a9b-6cc29882c513	10	45792	16425243	13694	-0.0046
4af10b4d-889c-4983-9a9b-6cc29882c513	10	16428894	16428934	2	-3.0853
4af10b4d-889c-4983-9a9b-6cc29882c513	10	16434272	133654968	76564	-0.0047
4af10b4d-889c-4983-9a9b-6cc29882c513	11	198510	4933377	2382	-0.0035
4af10b4d-889c-4983-9a9b-6cc29882c513	11	4940288	4940599	4	1.0991
4af10b4d-889c-4983-9a9b-6cc29882c513	11	4940679	4946166	20	0.0951
4af10b4d-889c-4983-9a9b-6cc29882c513	11	4946420	4952799	26	0.5174
4af10b4d-889c-4983-9a9b-6cc29882c513	11	4953934	5762693	783	-0.0094
4af10b4d-889c-4983-9a9b-6cc29882c513	11	5766175	5787909	33	0.314
4af10b4d-889c-4983-9a9b-6cc29882c513	11	5788108	18917623	9352	-0.0061
4af10b4d-889c-4983-9a9b-6cc29882c513	11	18918546	18940441	49	-0.3459
4af10b4d-889c-4983-9a9b-6cc29882c513	11	18940469	31371747	9038	0.0013
4af10b4d-889c-4983-9a9b-6cc29882c513	11	31372721	31375533	2	-2.3635
4af10b4d-889c-4983-9a9b-6cc29882c513	11	31376660	92097323	33879	-0.0023
4af10b4d-889c-4983-9a9b-6cc29882c513	11	92097492	92097877	2	2.3692
4af10b4d-889c-4983-9a9b-6cc29882c513	11	92099538	135074876	30851	0
4af10b4d-889c-4983-9a9b-6cc29882c513	12	51460	2126723	1252	-0.0169
4af10b4d-889c-4983-9a9b-6cc29882c513	12	2136696	2160298	48	-0.6899
4af10b4d-889c-4983-9a9b-6cc29882c513	12	2160422	9481274	4837	0.0012
4af10b4d-889c-4983-9a9b-6cc29882c513	12	9485313	9575696	23	0.8834
4af10b4d-889c-4983-9a9b-6cc29882c513	12	9582373	12383363	2024	0.015
4af10b4d-889c-4983-9a9b-6cc29882c513	12	12383481	12389946	16	-0.7699
4af10b4d-889c-4983-9a9b-6cc29882c513	12	12389980	17802670	3620	0.0009
4af10b4d-889c-4983-9a9b-6cc29882c513	12	17809250	17812131	9	0.7901
4af10b4d-889c-4983-9a9b-6cc29882c513	12	17813475	33141710	10845	0.0055
4af10b4d-889c-4983-9a9b-6cc29882c513	12	33141726	33154013	24	-0.5633
4af10b4d-889c-4983-9a9b-6cc29882c513	12	33154031	133201603	61799	-0.0024
4af10b4d-889c-4983-9a9b-6cc29882c513	13	18452809	19547319	529	-0.0212
4af10b4d-889c-4983-9a9b-6cc29882c513	13	19549755	19549770	2	-1.8259
4af10b4d-889c-4983-9a9b-6cc29882c513	13	19550361	23180319	2437	-0.0119
4af10b4d-889c-4983-9a9b-6cc29882c513	13	23180988	23181649	4	-1.1757
4af10b4d-889c-4983-9a9b-6cc29882c513	13	23184098	37496998	10453	0
4af10b4d-889c-4983-9a9b-6cc29882c513	13	37497899	37510620	16	-1.9692
4af10b4d-889c-4983-9a9b-6cc29882c513	13	37514193	71902850	21477	-0.0008
4af10b4d-889c-4983-9a9b-6cc29882c513	13	71903417	71906418	4	1.578
4af10b4d-889c-4983-9a9b-6cc29882c513	13	71906467	114342922	28977	0.0002
4af10b4d-889c-4983-9a9b-6cc29882c513	14	18239283	19650668	60	0.0601
4af10b4d-889c-4983-9a9b-6cc29882c513	14	19667065	19957350	108	0.5634
4af10b4d-889c-4983-9a9b-6cc29882c513	14	19957701	41141293	13540	0.0033
4af10b4d-889c-4983-9a9b-6cc29882c513	14	41141487	41188146	14	-0.7329
4af10b4d-889c-4983-9a9b-6cc29882c513	14	41200899	73550834	20382	0.0015
4af10b4d-889c-4983-9a9b-6cc29882c513	14	73554275	73563196	2	2.0524
4af10b4d-889c-4983-9a9b-6cc29882c513	14	73563211	104631724	20310	-0.0021
4af10b4d-889c-4983-9a9b-6cc29882c513	14	104636218	104651473	4	-1.0682
4af10b4d-889c-4983-9a9b-6cc29882c513	14	104655857	106232940	439	0.0116
4af10b4d-889c-4983-9a9b-6cc29882c513	14	106236187	106236294	2	2.4212
4af10b4d-889c-4983-9a9b-6cc29882c513	14	106236842	106877229	324	-0.0189
4af10b4d-889c-4983-9a9b-6cc29882c513	15	19811075	20041119	48	0.0666
4af10b4d-889c-4983-9a9b-6cc29882c513	15	20041902	22572323	162	-0.5021
4af10b4d-889c-4983-9a9b-6cc29882c513	15	22576496	34431231	7191	-0.0113
4af10b4d-889c-4983-9a9b-6cc29882c513	15	34431375	34570058	63	-0.7908
4af10b4d-889c-4983-9a9b-6cc29882c513	15	34576695	76586021	26289	-0.0017
4af10b4d-889c-4983-9a9b-6cc29882c513	15	76598900	76603434	22	0.7492
4af10b4d-889c-4983-9a9b-6cc29882c513	15	76609838	82095521	3516	-0.0024
4af10b4d-889c-4983-9a9b-6cc29882c513	15	82095534	82095610	3	-1.2307
4af10b4d-889c-4983-9a9b-6cc29882c513	15	82098907	88716739	4177	-0.0052
4af10b4d-889c-4983-9a9b-6cc29882c513	15	88717903	88724971	7	-0.896
4af10b4d-889c-4983-9a9b-6cc29882c513	15	88725474	101928837	9830	-0.0065
4af10b4d-889c-4983-9a9b-6cc29882c513	16	10777	19933041	13405	-0.01
4af10b4d-889c-4983-9a9b-6cc29882c513	16	19934328	19954553	28	-0.7921
4af10b4d-889c-4983-9a9b-6cc29882c513	16	19956040	22412847	1268	-0.014
4af10b4d-889c-4983-9a9b-6cc29882c513	16	22417041	22699421	78	-0.3619
4af10b4d-889c-4983-9a9b-6cc29882c513	16	22701658	32198553	5114	-0.0069
4af10b4d-889c-4983-9a9b-6cc29882c513	16	32198778	32513457	11	-0.6223
4af10b4d-889c-4983-9a9b-6cc29882c513	16	32553191	35413466	285	-0.0414
4af10b4d-889c-4983-9a9b-6cc29882c513	16	35417751	35561422	87	-0.215
4af10b4d-889c-4983-9a9b-6cc29882c513	16	35562160	55761136	6549	0.0011
4af10b4d-889c-4983-9a9b-6cc29882c513	16	55762477	55788532	22	-0.6712
4af10b4d-889c-4983-9a9b-6cc29882c513	16	55808442	78338543	14223	-0.0022
4af10b4d-889c-4983-9a9b-6cc29882c513	16	78338714	78347366	13	1.3057
4af10b4d-889c-4983-9a9b-6cc29882c513	16	78349243	90096867	10549	-0.025
4af10b4d-889c-4983-9a9b-6cc29882c513	17	150733	41245790	20713	-0.0121
4af10b4d-889c-4983-9a9b-6cc29882c513	17	41249029	41274279	34	-0.4129
4af10b4d-889c-4983-9a9b-6cc29882c513	17	41276472	53640545	6667	0.0018
4af10b4d-889c-4983-9a9b-6cc29882c513	17	53649631	53649820	2	-2.8015
4af10b4d-889c-4983-9a9b-6cc29882c513	17	53651183	83091923	17419	-0.005
4af10b4d-889c-4983-9a9b-6cc29882c513	18	48133	7748663	5548	-0.0079
4af10b4d-889c-4983-9a9b-6cc29882c513	18	7752786	7755228	2	1.9982
4af10b4d-889c-4983-9a9b-6cc29882c513	18	7755354	12226369	3304	-0.0009
4af10b4d-889c-4983-9a9b-6cc29882c513	18	12228773	12238864	2	1.6298
4af10b4d-889c-4983-9a9b-6cc29882c513	18	12244141	26785880	4969	0.0049
4af10b4d-889c-4983-9a9b-6cc29882c513	18	26785899	26786181	4	-1.0249
4af10b4d-889c-4983-9a9b-6cc29882c513	18	26786415	30232420	2134	-0.0044
4af10b4d-889c-4983-9a9b-6cc29882c513	18	30234583	30236003	4	-1.0739
4af10b4d-889c-4983-9a9b-6cc29882c513	18	30238649	40678118	6733	-0.0014
4af10b4d-889c-4983-9a9b-6cc29882c513	18	40678132	40689848	34	0.3259
4af10b4d-889c-4983-9a9b-6cc29882c513	18	40690108	58429283	11976	-0.0005
4af10b4d-889c-4983-9a9b-6cc29882c513	18	58429546	58432175	2	1.7997
4af10b4d-889c-4983-9a9b-6cc29882c513	18	58432260	80257174	15833	-0.0102
4af10b4d-889c-4983-9a9b-6cc29882c513	19	90910	5506648	1585	-0.0212
4af10b4d-889c-4983-9a9b-6cc29882c513	19	5510228	5510642	3	-1.5827
4af10b4d-889c-4983-9a9b-6cc29882c513	19	5510689	24278016	9503	0.0058
4af10b4d-889c-4983-9a9b-6cc29882c513	19	24278618	24282151	8	-0.9043
4af10b4d-889c-4983-9a9b-6cc29882c513	19	24282155	35365141	5543	-0.0015
4af10b4d-889c-4983-9a9b-6cc29882c513	19	35365179	35370946	18	-0.7759
4af10b4d-889c-4983-9a9b-6cc29882c513	19	35375842	43139226	3829	0.0005
4af10b4d-889c-4983-9a9b-6cc29882c513	19	43142696	43236813	44	-0.663
4af10b4d-889c-4983-9a9b-6cc29882c513	19	43249149	58586487	8456	-0.0011
4af10b4d-889c-4983-9a9b-6cc29882c513	20	80664	1580353	1197	-0.005
4af10b4d-889c-4983-9a9b-6cc29882c513	20	1580934	1601561	36	1.4002
4af10b4d-889c-4983-9a9b-6cc29882c513	20	1609611	64324800	40944	-0.0061
4af10b4d-889c-4983-9a9b-6cc29882c513	21	10354168	10494350	19	0.0062
4af10b4d-889c-4983-9a9b-6cc29882c513	21	10511939	10646516	64	-0.4386
4af10b4d-889c-4983-9a9b-6cc29882c513	21	10682775	13224688	36	0.0833
4af10b4d-889c-4983-9a9b-6cc29882c513	21	13224711	13231256	3	1.3236
4af10b4d-889c-4983-9a9b-6cc29882c513	21	13240288	22449684	6288	0.0006
4af10b4d-889c-4983-9a9b-6cc29882c513	21	22449829	22450248	2	1.8783
4af10b4d-889c-4983-9a9b-6cc29882c513	21	22451398	46677045	17352	-0.0012
4af10b4d-889c-4983-9a9b-6cc29882c513	22	15294547	18620743	1129	-0.0126
4af10b4d-889c-4983-9a9b-6cc29882c513	22	18649244	19018612	59	0.453
4af10b4d-889c-4983-9a9b-6cc29882c513	22	19037293	23987520	3180	-0.0667
4af10b4d-889c-4983-9a9b-6cc29882c513	22	23988078	23990431	3	-1.9062
4af10b4d-889c-4983-9a9b-6cc29882c513	22	23990739	24086594	70	-0.1098
4af10b4d-889c-4983-9a9b-6cc29882c513	22	24086994	48929714	17527	-0.0112
4af10b4d-889c-4983-9a9b-6cc29882c513	22	48930387	50796027	1189	-0.104
4af10b4d-889c-4983-9a9b-6cc29882c513	X	251810	2748312	94	-0.6682
4af10b4d-889c-4983-9a9b-6cc29882c513	X	2785350	24091338	14335	0.0203
4af10b4d-889c-4983-9a9b-6cc29882c513	X	24094307	24098320	5	-1.0204
4af10b4d-889c-4983-9a9b-6cc29882c513	X	24108067	88942372	31198	0.0059
4af10b4d-889c-4983-9a9b-6cc29882c513	X	88942752	93068499	1500	-0.0674
4af10b4d-889c-4983-9a9b-6cc29882c513	X	93070081	93078748	15	-0.6264
4af10b4d-889c-4983-9a9b-6cc29882c513	X	93089673	155156881	35167	0.0152
4af10b4d-889c-4983-9a9b-6cc29882c513	X	155164107	155190019	11	-0.7272
4af10b4d-889c-4983-9a9b-6cc29882c513	X	155203976	155699647	203	0.0439
4af10b4d-889c-4983-9a9b-6cc29882c513	X	155699837	155952689	19	-0.6505
4af10b4d-889c-4983-9a9b-6cc29882c513	Y	2782397	6249869	785	-2.1314
4af10b4d-889c-4983-9a9b-6cc29882c513	Y	6252391	7323408	330	-2.3979
4af10b4d-889c-4983-9a9b-6cc29882c513	Y	7323614	7327938	3	0.5095
4af10b4d-889c-4983-9a9b-6cc29882c513	Y	7328728	7755367	214	-2.4283
4af10b4d-889c-4983-9a9b-6cc29882c513	Y	7756409	9921955	990	-2.6324
4af10b4d-889c-4983-9a9b-6cc29882c513	Y	9937005	22913244	4114	-2.4114
4af10b4d-889c-4983-9a9b-6cc29882c513	Y	23013519	56872112	201	-2.1587
