GDC_Aliquot	Chromosome	Start	End	Num_Probes	Segment_Mean
26c6c5d8-fc0e-43d2-bda5-c7eb31ea22b2	1	62920	266187	17	-0.0393
26c6c5d8-fc0e-43d2-bda5-c7eb31ea22b2	1	462795	462894	2	2.1971
26c6c5d8-fc0e-43d2-bda5-c7eb31ea22b2	1	599171	3210573	677	0.1479
26c6c5d8-fc0e-43d2-bda5-c7eb31ea22b2	1	3210974	15822572	7626	0.0337
26c6c5d8-fc0e-43d2-bda5-c7eb31ea22b2	1	15822793	15844541	19	0.4272
26c6c5d8-fc0e-43d2-bda5-c7eb31ea22b2	1	15850269	25256850	5654	0.0241
26c6c5d8-fc0e-43d2-bda5-c7eb31ea22b2	1	25266637	25320455	24	-1.903
26c6c5d8-fc0e-43d2-bda5-c7eb31ea22b2	1	25336819	57501474	18323	0.0303
26c6c5d8-fc0e-43d2-bda5-c7eb31ea22b2	1	57503551	57503911	2	-1.2894
26c6c5d8-fc0e-43d2-bda5-c7eb31ea22b2	1	57505639	72303253	10351	0.0212
26c6c5d8-fc0e-43d2-bda5-c7eb31ea22b2	1	72305460	72345465	44	-0.8175
26c6c5d8-fc0e-43d2-bda5-c7eb31ea22b2	1	72346221	85125987	8318	0.008
26c6c5d8-fc0e-43d2-bda5-c7eb31ea22b2	1	85128754	85132944	6	-1.1472
26c6c5d8-fc0e-43d2-bda5-c7eb31ea22b2	1	85134643	103560166	11624	0.0094
26c6c5d8-fc0e-43d2-bda5-c7eb31ea22b2	1	103560435	103613021	20	0.4722
26c6c5d8-fc0e-43d2-bda5-c7eb31ea22b2	1	103613109	103620877	9	-0.1273
26c6c5d8-fc0e-43d2-bda5-c7eb31ea22b2	1	103621165	103760781	6	1.0172
26c6c5d8-fc0e-43d2-bda5-c7eb31ea22b2	1	103760879	109684893	3555	0.0199
26c6c5d8-fc0e-43d2-bda5-c7eb31ea22b2	1	109690352	109697556	13	1.0318
26c6c5d8-fc0e-43d2-bda5-c7eb31ea22b2	1	109702376	121581632	7116	0.019
26c6c5d8-fc0e-43d2-bda5-c7eb31ea22b2	1	121593055	143811517	127	0.2361
26c6c5d8-fc0e-43d2-bda5-c7eb31ea22b2	1	143890323	152583051	2310	0.0469
26c6c5d8-fc0e-43d2-bda5-c7eb31ea22b2	1	152583230	152614118	35	0.9234
26c6c5d8-fc0e-43d2-bda5-c7eb31ea22b2	1	152618018	152785214	165	0.0458
26c6c5d8-fc0e-43d2-bda5-c7eb31ea22b2	1	152787202	152796224	38	-0.5038
26c6c5d8-fc0e-43d2-bda5-c7eb31ea22b2	1	152801429	161509648	5244	0.0158
26c6c5d8-fc0e-43d2-bda5-c7eb31ea22b2	1	161532067	161647641	8	0.7192
26c6c5d8-fc0e-43d2-bda5-c7eb31ea22b2	1	161647657	187746723	18158	0.0175
26c6c5d8-fc0e-43d2-bda5-c7eb31ea22b2	1	187748429	187752238	2	-2.1838
26c6c5d8-fc0e-43d2-bda5-c7eb31ea22b2	1	187755479	196745743	5955	-0.0068
26c6c5d8-fc0e-43d2-bda5-c7eb31ea22b2	1	196758720	196843377	59	0.2312
26c6c5d8-fc0e-43d2-bda5-c7eb31ea22b2	1	196843400	196846661	2	3.8703
26c6c5d8-fc0e-43d2-bda5-c7eb31ea22b2	1	196847600	197605004	393	0.029
26c6c5d8-fc0e-43d2-bda5-c7eb31ea22b2	1	197605517	197610555	4	-0.9764
26c6c5d8-fc0e-43d2-bda5-c7eb31ea22b2	1	197614592	227237600	20002	0.0116
26c6c5d8-fc0e-43d2-bda5-c7eb31ea22b2	1	227238371	227238705	3	-1.3119
26c6c5d8-fc0e-43d2-bda5-c7eb31ea22b2	1	227241477	242045354	10870	0.0138
26c6c5d8-fc0e-43d2-bda5-c7eb31ea22b2	1	242057700	248585918	4271	-0.4364
26c6c5d8-fc0e-43d2-bda5-c7eb31ea22b2	1	248586259	248645808	32	-1.4993
26c6c5d8-fc0e-43d2-bda5-c7eb31ea22b2	1	248646068	248930189	139	-0.4779
26c6c5d8-fc0e-43d2-bda5-c7eb31ea22b2	2	12784	34466002	24031	0.0176
26c6c5d8-fc0e-43d2-bda5-c7eb31ea22b2	2	34476327	34512096	46	0.318
26c6c5d8-fc0e-43d2-bda5-c7eb31ea22b2	2	34512489	52527330	12963	0.0231
26c6c5d8-fc0e-43d2-bda5-c7eb31ea22b2	2	52527342	52527743	6	-1.6142
26c6c5d8-fc0e-43d2-bda5-c7eb31ea22b2	2	52531615	106257550	29408	0.0191
26c6c5d8-fc0e-43d2-bda5-c7eb31ea22b2	2	106258041	106270952	17	0.5735
26c6c5d8-fc0e-43d2-bda5-c7eb31ea22b2	2	106271414	130036283	14251	0.0143
26c6c5d8-fc0e-43d2-bda5-c7eb31ea22b2	2	130036310	130116915	13	0.5096
26c6c5d8-fc0e-43d2-bda5-c7eb31ea22b2	2	130117303	146104517	9508	0.0106
26c6c5d8-fc0e-43d2-bda5-c7eb31ea22b2	2	146106836	146109366	24	0.7451
26c6c5d8-fc0e-43d2-bda5-c7eb31ea22b2	2	146120238	230393900	51721	0.0143
26c6c5d8-fc0e-43d2-bda5-c7eb31ea22b2	2	230400636	230401563	2	1.471
26c6c5d8-fc0e-43d2-bda5-c7eb31ea22b2	2	230402928	241072273	6748	0.0216
26c6c5d8-fc0e-43d2-bda5-c7eb31ea22b2	2	241074641	241074746	2	-1.6372
26c6c5d8-fc0e-43d2-bda5-c7eb31ea22b2	2	241077474	241558371	282	0.0114
26c6c5d8-fc0e-43d2-bda5-c7eb31ea22b2	2	241563227	241780061	30	0.318
26c6c5d8-fc0e-43d2-bda5-c7eb31ea22b2	2	241780390	242147305	142	0.0746
26c6c5d8-fc0e-43d2-bda5-c7eb31ea22b2	3	20930	41044490	29536	0.0161
26c6c5d8-fc0e-43d2-bda5-c7eb31ea22b2	3	41052084	41103534	49	-0.9732
26c6c5d8-fc0e-43d2-bda5-c7eb31ea22b2	3	41106066	65202778	15624	0.0304
26c6c5d8-fc0e-43d2-bda5-c7eb31ea22b2	3	65203560	65214027	31	-0.6975
26c6c5d8-fc0e-43d2-bda5-c7eb31ea22b2	3	65214192	65217863	6	0.0489
26c6c5d8-fc0e-43d2-bda5-c7eb31ea22b2	3	65217868	65224777	15	-0.7776
26c6c5d8-fc0e-43d2-bda5-c7eb31ea22b2	3	65230674	68697108	2418	0.0139
26c6c5d8-fc0e-43d2-bda5-c7eb31ea22b2	3	68697133	68699607	14	0.785
26c6c5d8-fc0e-43d2-bda5-c7eb31ea22b2	3	68699635	84649706	9884	0.012
26c6c5d8-fc0e-43d2-bda5-c7eb31ea22b2	3	84649839	84652985	16	-0.495
26c6c5d8-fc0e-43d2-bda5-c7eb31ea22b2	3	84653010	99218940	5968	0.0052
26c6c5d8-fc0e-43d2-bda5-c7eb31ea22b2	3	99225614	99230577	38	-0.483
26c6c5d8-fc0e-43d2-bda5-c7eb31ea22b2	3	99232120	132270503	20143	0.0173
26c6c5d8-fc0e-43d2-bda5-c7eb31ea22b2	3	132273893	132276840	4	-1.9139
26c6c5d8-fc0e-43d2-bda5-c7eb31ea22b2	3	132281633	149245189	10441	0.0195
26c6c5d8-fc0e-43d2-bda5-c7eb31ea22b2	3	149245608	149250334	25	-0.7652
26c6c5d8-fc0e-43d2-bda5-c7eb31ea22b2	3	149253293	151504786	1453	0.0052
26c6c5d8-fc0e-43d2-bda5-c7eb31ea22b2	3	151518774	151520080	3	-1.0024
26c6c5d8-fc0e-43d2-bda5-c7eb31ea22b2	3	151524730	162815162	6870	0.0057
26c6c5d8-fc0e-43d2-bda5-c7eb31ea22b2	3	162816942	162822702	6	1.8405
26c6c5d8-fc0e-43d2-bda5-c7eb31ea22b2	3	162827928	162908784	49	0.3015
26c6c5d8-fc0e-43d2-bda5-c7eb31ea22b2	3	162908815	165192236	1252	-0.0108
26c6c5d8-fc0e-43d2-bda5-c7eb31ea22b2	3	165198977	165200966	4	-1.0389
26c6c5d8-fc0e-43d2-bda5-c7eb31ea22b2	3	165202625	193160113	17876	0.0168
26c6c5d8-fc0e-43d2-bda5-c7eb31ea22b2	3	193160173	193165114	19	-1.0151
26c6c5d8-fc0e-43d2-bda5-c7eb31ea22b2	3	193168646	195558822	1481	0.0234
26c6c5d8-fc0e-43d2-bda5-c7eb31ea22b2	3	195559056	195720051	26	0.5322
26c6c5d8-fc0e-43d2-bda5-c7eb31ea22b2	3	195728637	198106673	1144	0.0599
26c6c5d8-fc0e-43d2-bda5-c7eb31ea22b2	3	198106848	198106887	3	-0.9869
26c6c5d8-fc0e-43d2-bda5-c7eb31ea22b2	3	198106927	198169247	36	0.1528
26c6c5d8-fc0e-43d2-bda5-c7eb31ea22b2	4	68929	158599	49	0.5206
26c6c5d8-fc0e-43d2-bda5-c7eb31ea22b2	4	159016	918363	272	0.1141
26c6c5d8-fc0e-43d2-bda5-c7eb31ea22b2	4	923745	7412499	3882	0.0177
26c6c5d8-fc0e-43d2-bda5-c7eb31ea22b2	4	7412641	9455251	948	0.0648
26c6c5d8-fc0e-43d2-bda5-c7eb31ea22b2	4	9459504	9477699	6	1.6197
26c6c5d8-fc0e-43d2-bda5-c7eb31ea22b2	4	9484440	10208766	537	0.0227
26c6c5d8-fc0e-43d2-bda5-c7eb31ea22b2	4	10212536	10233644	36	0.9477
26c6c5d8-fc0e-43d2-bda5-c7eb31ea22b2	4	10234518	10390730	171	0.0285
26c6c5d8-fc0e-43d2-bda5-c7eb31ea22b2	4	10391530	10399044	15	-0.6208
26c6c5d8-fc0e-43d2-bda5-c7eb31ea22b2	4	10401094	34784878	16751	0.003
26c6c5d8-fc0e-43d2-bda5-c7eb31ea22b2	4	34785333	34830196	43	0.3626
26c6c5d8-fc0e-43d2-bda5-c7eb31ea22b2	4	34830245	63828222	16509	0.0091
26c6c5d8-fc0e-43d2-bda5-c7eb31ea22b2	4	63831751	63840033	19	-0.9079
26c6c5d8-fc0e-43d2-bda5-c7eb31ea22b2	4	63841863	63842540	8	-2.2496
26c6c5d8-fc0e-43d2-bda5-c7eb31ea22b2	4	63850713	68544538	2882	-0.0042
26c6c5d8-fc0e-43d2-bda5-c7eb31ea22b2	4	68548054	68663241	54	-0.2365
26c6c5d8-fc0e-43d2-bda5-c7eb31ea22b2	4	68671434	69261926	311	0.0274
26c6c5d8-fc0e-43d2-bda5-c7eb31ea22b2	4	69261934	69366406	55	0.2785
26c6c5d8-fc0e-43d2-bda5-c7eb31ea22b2	4	69370433	114252544	27239	0.0054
26c6c5d8-fc0e-43d2-bda5-c7eb31ea22b2	4	114254167	114263073	24	0.5995
26c6c5d8-fc0e-43d2-bda5-c7eb31ea22b2	4	114263096	154881396	23980	0
26c6c5d8-fc0e-43d2-bda5-c7eb31ea22b2	4	154881853	154881905	2	-1.8677
26c6c5d8-fc0e-43d2-bda5-c7eb31ea22b2	4	154881926	160120152	3272	0.0169
26c6c5d8-fc0e-43d2-bda5-c7eb31ea22b2	4	160131622	160149637	39	-0.8499
26c6c5d8-fc0e-43d2-bda5-c7eb31ea22b2	4	160162718	172066585	7662	0.0074
26c6c5d8-fc0e-43d2-bda5-c7eb31ea22b2	4	172066676	172068382	15	0.718
26c6c5d8-fc0e-43d2-bda5-c7eb31ea22b2	4	172074828	177338780	3096	0.0075
26c6c5d8-fc0e-43d2-bda5-c7eb31ea22b2	4	177341300	177342368	4	-1.1123
26c6c5d8-fc0e-43d2-bda5-c7eb31ea22b2	4	177343235	189273964	8594	0.0039
26c6c5d8-fc0e-43d2-bda5-c7eb31ea22b2	4	189274468	189278110	3	-2.7953
26c6c5d8-fc0e-43d2-bda5-c7eb31ea22b2	4	189278617	190106768	349	0.0002
26c6c5d8-fc0e-43d2-bda5-c7eb31ea22b2	5	15532	1800351	864	0.0783
26c6c5d8-fc0e-43d2-bda5-c7eb31ea22b2	5	1800744	12800777	9305	0.0094
26c6c5d8-fc0e-43d2-bda5-c7eb31ea22b2	5	12815668	12838421	14	0.8182
26c6c5d8-fc0e-43d2-bda5-c7eb31ea22b2	5	12849089	15718383	1966	0.0314
26c6c5d8-fc0e-43d2-bda5-c7eb31ea22b2	5	15719113	15720488	11	-0.8322
26c6c5d8-fc0e-43d2-bda5-c7eb31ea22b2	5	15723237	16125019	242	0.0327
26c6c5d8-fc0e-43d2-bda5-c7eb31ea22b2	5	16125067	16125105	2	-1.157
26c6c5d8-fc0e-43d2-bda5-c7eb31ea22b2	5	16127435	16517021	289	0.0236
26c6c5d8-fc0e-43d2-bda5-c7eb31ea22b2	5	16517258	16517630	2	-2.7893
26c6c5d8-fc0e-43d2-bda5-c7eb31ea22b2	5	16520270	17496760	643	0.013
26c6c5d8-fc0e-43d2-bda5-c7eb31ea22b2	5	17500717	17607658	18	0.433
26c6c5d8-fc0e-43d2-bda5-c7eb31ea22b2	5	17608130	21376735	2279	0.0042
26c6c5d8-fc0e-43d2-bda5-c7eb31ea22b2	5	21377730	21377744	2	-1.3644
26c6c5d8-fc0e-43d2-bda5-c7eb31ea22b2	5	21385957	21449167	44	0.0574
26c6c5d8-fc0e-43d2-bda5-c7eb31ea22b2	5	21451091	21452329	5	-2.1172
26c6c5d8-fc0e-43d2-bda5-c7eb31ea22b2	5	21452387	34700599	8183	0.0075
26c6c5d8-fc0e-43d2-bda5-c7eb31ea22b2	5	34700960	34701084	2	-1.9362
26c6c5d8-fc0e-43d2-bda5-c7eb31ea22b2	5	34703258	46251204	6725	0.0049
26c6c5d8-fc0e-43d2-bda5-c7eb31ea22b2	5	46270906	46271828	3	-0.8174
26c6c5d8-fc0e-43d2-bda5-c7eb31ea22b2	5	46272419	46273400	5	-2.5053
26c6c5d8-fc0e-43d2-bda5-c7eb31ea22b2	5	46278110	50684968	217	0.0344
26c6c5d8-fc0e-43d2-bda5-c7eb31ea22b2	5	50688928	51487945	448	-0.2216
26c6c5d8-fc0e-43d2-bda5-c7eb31ea22b2	5	51491455	58025819	4395	0.0134
26c6c5d8-fc0e-43d2-bda5-c7eb31ea22b2	5	58030200	58037688	31	1.5263
26c6c5d8-fc0e-43d2-bda5-c7eb31ea22b2	5	58037706	104515520	26772	0.0096
26c6c5d8-fc0e-43d2-bda5-c7eb31ea22b2	5	104524672	104524903	4	-1.2886
26c6c5d8-fc0e-43d2-bda5-c7eb31ea22b2	5	104525348	119355303	10243	0.0008
26c6c5d8-fc0e-43d2-bda5-c7eb31ea22b2	5	119362914	119366180	5	-0.8703
26c6c5d8-fc0e-43d2-bda5-c7eb31ea22b2	5	119367387	150822643	19486	0.0188
26c6c5d8-fc0e-43d2-bda5-c7eb31ea22b2	5	150825938	150839042	8	-0.7949
26c6c5d8-fc0e-43d2-bda5-c7eb31ea22b2	5	150843825	152134610	962	0.0058
26c6c5d8-fc0e-43d2-bda5-c7eb31ea22b2	5	152135825	152138790	14	-0.5943
26c6c5d8-fc0e-43d2-bda5-c7eb31ea22b2	5	152140710	156049910	2653	0.0084
26c6c5d8-fc0e-43d2-bda5-c7eb31ea22b2	5	156049988	156068249	15	-0.6079
26c6c5d8-fc0e-43d2-bda5-c7eb31ea22b2	5	156073982	157034697	646	-0.0124
26c6c5d8-fc0e-43d2-bda5-c7eb31ea22b2	5	157038245	157052498	13	-0.9588
26c6c5d8-fc0e-43d2-bda5-c7eb31ea22b2	5	157053180	161121148	2835	-0.0007
26c6c5d8-fc0e-43d2-bda5-c7eb31ea22b2	5	161122691	161126403	4	-1.5418
26c6c5d8-fc0e-43d2-bda5-c7eb31ea22b2	5	161127134	180947523	13055	0.0124
26c6c5d8-fc0e-43d2-bda5-c7eb31ea22b2	5	180951710	180990207	15	-0.8283
26c6c5d8-fc0e-43d2-bda5-c7eb31ea22b2	5	180990614	181363319	173	0.0803
26c6c5d8-fc0e-43d2-bda5-c7eb31ea22b2	6	149661	291082	119	0.0215
26c6c5d8-fc0e-43d2-bda5-c7eb31ea22b2	6	294286	364420	67	0.223
26c6c5d8-fc0e-43d2-bda5-c7eb31ea22b2	6	364468	10276878	7986	0.0147
26c6c5d8-fc0e-43d2-bda5-c7eb31ea22b2	6	10276925	10280293	2	1.6807
26c6c5d8-fc0e-43d2-bda5-c7eb31ea22b2	6	10282291	17101433	5208	0.0158
26c6c5d8-fc0e-43d2-bda5-c7eb31ea22b2	6	17102527	17102627	2	-1.9204
26c6c5d8-fc0e-43d2-bda5-c7eb31ea22b2	6	17102766	29869295	8226	0.0148
26c6c5d8-fc0e-43d2-bda5-c7eb31ea22b2	6	29869410	29882419	17	-1.1367
26c6c5d8-fc0e-43d2-bda5-c7eb31ea22b2	6	29882497	32533522	1185	0.0434
26c6c5d8-fc0e-43d2-bda5-c7eb31ea22b2	6	32540699	32605994	16	0.7029
26c6c5d8-fc0e-43d2-bda5-c7eb31ea22b2	6	32606237	32614112	10	-0.071
26c6c5d8-fc0e-43d2-bda5-c7eb31ea22b2	6	32614426	32637799	12	-1.0246
26c6c5d8-fc0e-43d2-bda5-c7eb31ea22b2	6	32638107	32658841	9	0.8374
26c6c5d8-fc0e-43d2-bda5-c7eb31ea22b2	6	32682835	54066286	13679	0.0103
26c6c5d8-fc0e-43d2-bda5-c7eb31ea22b2	6	54066353	54067057	7	-1.4919
26c6c5d8-fc0e-43d2-bda5-c7eb31ea22b2	6	54070550	62215737	2969	0.0162
26c6c5d8-fc0e-43d2-bda5-c7eb31ea22b2	6	62215966	62217987	2	-1.4928
26c6c5d8-fc0e-43d2-bda5-c7eb31ea22b2	6	62218399	66327661	2386	0.0001
26c6c5d8-fc0e-43d2-bda5-c7eb31ea22b2	6	66328128	66333299	9	-0.7637
26c6c5d8-fc0e-43d2-bda5-c7eb31ea22b2	6	66333342	76305231	6475	0.0139
26c6c5d8-fc0e-43d2-bda5-c7eb31ea22b2	6	76307183	76307209	3	-1.0744
26c6c5d8-fc0e-43d2-bda5-c7eb31ea22b2	6	76307276	76726815	296	-0.0028
26c6c5d8-fc0e-43d2-bda5-c7eb31ea22b2	6	76730151	76742972	20	-0.789
26c6c5d8-fc0e-43d2-bda5-c7eb31ea22b2	6	76743040	78259348	976	-0.0032
26c6c5d8-fc0e-43d2-bda5-c7eb31ea22b2	6	78259388	78322875	107	0.2715
26c6c5d8-fc0e-43d2-bda5-c7eb31ea22b2	6	78325223	103286954	15433	0.0089
26c6c5d8-fc0e-43d2-bda5-c7eb31ea22b2	6	103290101	103314186	46	0.4688
26c6c5d8-fc0e-43d2-bda5-c7eb31ea22b2	6	103317795	108106220	3048	0.0037
26c6c5d8-fc0e-43d2-bda5-c7eb31ea22b2	6	108106562	108113668	6	-0.7757
26c6c5d8-fc0e-43d2-bda5-c7eb31ea22b2	6	108124906	133945130	15972	0.0062
26c6c5d8-fc0e-43d2-bda5-c7eb31ea22b2	6	133947933	133948494	2	-2.1318
26c6c5d8-fc0e-43d2-bda5-c7eb31ea22b2	6	133950934	167147930	22911	0.0122
26c6c5d8-fc0e-43d2-bda5-c7eb31ea22b2	6	167156031	168510940	666	0.0999
26c6c5d8-fc0e-43d2-bda5-c7eb31ea22b2	6	168511017	170741917	1451	0.027
26c6c5d8-fc0e-43d2-bda5-c7eb31ea22b2	7	43355	53998	15	-0.0629
26c6c5d8-fc0e-43d2-bda5-c7eb31ea22b2	7	54183	68316	15	0.3155
26c6c5d8-fc0e-43d2-bda5-c7eb31ea22b2	7	68659	972975	205	0.0185
26c6c5d8-fc0e-43d2-bda5-c7eb31ea22b2	7	973157	1204113	121	0.1911
26c6c5d8-fc0e-43d2-bda5-c7eb31ea22b2	7	1207269	2190590	346	-0.0122
26c6c5d8-fc0e-43d2-bda5-c7eb31ea22b2	7	2190683	9862960	5267	0.0285
26c6c5d8-fc0e-43d2-bda5-c7eb31ea22b2	7	9865084	23995508	11111	-0.0002
26c6c5d8-fc0e-43d2-bda5-c7eb31ea22b2	7	24000259	24000764	2	1.4248
26c6c5d8-fc0e-43d2-bda5-c7eb31ea22b2	7	24001198	26102772	1686	-0.0155
26c6c5d8-fc0e-43d2-bda5-c7eb31ea22b2	7	26103638	26105793	3	-1.1063
26c6c5d8-fc0e-43d2-bda5-c7eb31ea22b2	7	26107599	38254500	8510	0.0104
26c6c5d8-fc0e-43d2-bda5-c7eb31ea22b2	7	38255395	38356875	124	0.1994
26c6c5d8-fc0e-43d2-bda5-c7eb31ea22b2	7	38361356	54305455	10962	-0.0001
26c6c5d8-fc0e-43d2-bda5-c7eb31ea22b2	7	54318812	54318824	6	-1.8434
26c6c5d8-fc0e-43d2-bda5-c7eb31ea22b2	7	54325795	97756621	21763	0.0187
26c6c5d8-fc0e-43d2-bda5-c7eb31ea22b2	7	97756658	97773163	17	-0.6433
26c6c5d8-fc0e-43d2-bda5-c7eb31ea22b2	7	97774928	108181276	5523	0.034
26c6c5d8-fc0e-43d2-bda5-c7eb31ea22b2	7	108181290	108188913	6	0.7723
26c6c5d8-fc0e-43d2-bda5-c7eb31ea22b2	7	108189416	112842662	3035	0.0313
26c6c5d8-fc0e-43d2-bda5-c7eb31ea22b2	7	112845869	116716866	2258	-0.0019
26c6c5d8-fc0e-43d2-bda5-c7eb31ea22b2	7	116725054	134100424	10503	0.0363
26c6c5d8-fc0e-43d2-bda5-c7eb31ea22b2	7	134100442	134110881	24	0.6304
26c6c5d8-fc0e-43d2-bda5-c7eb31ea22b2	7	134110912	142063324	5193	0.039
26c6c5d8-fc0e-43d2-bda5-c7eb31ea22b2	7	142069843	142090383	30	0.5093
26c6c5d8-fc0e-43d2-bda5-c7eb31ea22b2	7	142090403	142378079	228	0.0505
26c6c5d8-fc0e-43d2-bda5-c7eb31ea22b2	7	142378284	142379156	4	-0.8657
26c6c5d8-fc0e-43d2-bda5-c7eb31ea22b2	7	142384180	142508927	100	0.0954
26c6c5d8-fc0e-43d2-bda5-c7eb31ea22b2	7	142510322	142804157	119	0.2216
26c6c5d8-fc0e-43d2-bda5-c7eb31ea22b2	7	142804972	143521765	446	0.0221
26c6c5d8-fc0e-43d2-bda5-c7eb31ea22b2	7	143529806	143728623	7	-0.4137
26c6c5d8-fc0e-43d2-bda5-c7eb31ea22b2	7	143728639	144249785	299	0.0663
26c6c5d8-fc0e-43d2-bda5-c7eb31ea22b2	7	144255220	144312471	9	-0.6083
26c6c5d8-fc0e-43d2-bda5-c7eb31ea22b2	7	144326306	148226021	2568	0.0051
26c6c5d8-fc0e-43d2-bda5-c7eb31ea22b2	7	148230187	159334314	7065	0.047
26c6c5d8-fc0e-43d2-bda5-c7eb31ea22b2	8	81254	380877	145	0.08
26c6c5d8-fc0e-43d2-bda5-c7eb31ea22b2	8	381550	381630	2	1.3336
26c6c5d8-fc0e-43d2-bda5-c7eb31ea22b2	8	384030	645220	177	0.0666
26c6c5d8-fc0e-43d2-bda5-c7eb31ea22b2	8	645443	645693	3	-1.1595
26c6c5d8-fc0e-43d2-bda5-c7eb31ea22b2	8	645790	4308508	3731	0.0448
26c6c5d8-fc0e-43d2-bda5-c7eb31ea22b2	8	4308516	4309863	12	-0.5195
26c6c5d8-fc0e-43d2-bda5-c7eb31ea22b2	8	4309989	7457047	3676	0.0468
26c6c5d8-fc0e-43d2-bda5-c7eb31ea22b2	8	7457163	8214781	39	-0.4432
26c6c5d8-fc0e-43d2-bda5-c7eb31ea22b2	8	8234503	25114672	13645	0.0311
26c6c5d8-fc0e-43d2-bda5-c7eb31ea22b2	8	25116928	25126735	26	0.5339
26c6c5d8-fc0e-43d2-bda5-c7eb31ea22b2	8	25126818	40914477	10118	0.026
26c6c5d8-fc0e-43d2-bda5-c7eb31ea22b2	8	40920333	40920952	2	-2.188
26c6c5d8-fc0e-43d2-bda5-c7eb31ea22b2	8	40926161	111282237	40855	0.0261
26c6c5d8-fc0e-43d2-bda5-c7eb31ea22b2	8	111282417	111283016	6	-1.8775
26c6c5d8-fc0e-43d2-bda5-c7eb31ea22b2	8	111283031	120672553	5923	0.0172
26c6c5d8-fc0e-43d2-bda5-c7eb31ea22b2	8	120673036	125680374	3427	0.0468
26c6c5d8-fc0e-43d2-bda5-c7eb31ea22b2	8	125680667	134307781	6579	0.0179
26c6c5d8-fc0e-43d2-bda5-c7eb31ea22b2	8	134311475	134312109	3	-1.1967
26c6c5d8-fc0e-43d2-bda5-c7eb31ea22b2	8	134316212	136880323	1963	0.0326
26c6c5d8-fc0e-43d2-bda5-c7eb31ea22b2	8	136881227	136888490	4	-0.7773
26c6c5d8-fc0e-43d2-bda5-c7eb31ea22b2	8	136889228	139592093	2310	0.0384
26c6c5d8-fc0e-43d2-bda5-c7eb31ea22b2	8	139592148	139593472	5	0.6554
26c6c5d8-fc0e-43d2-bda5-c7eb31ea22b2	8	139594788	140556212	632	0.0551
26c6c5d8-fc0e-43d2-bda5-c7eb31ea22b2	8	140556480	142047413	887	0.1406
26c6c5d8-fc0e-43d2-bda5-c7eb31ea22b2	8	142047414	142049377	3	-1.0543
26c6c5d8-fc0e-43d2-bda5-c7eb31ea22b2	8	142055279	143616987	615	0.0999
26c6c5d8-fc0e-43d2-bda5-c7eb31ea22b2	8	143622987	143625638	9	-0.5368
26c6c5d8-fc0e-43d2-bda5-c7eb31ea22b2	8	143636819	145072769	503	0.1051
26c6c5d8-fc0e-43d2-bda5-c7eb31ea22b2	9	46587	18358887	16552	0.0229
26c6c5d8-fc0e-43d2-bda5-c7eb31ea22b2	9	18362488	18363379	2	1.3509
26c6c5d8-fc0e-43d2-bda5-c7eb31ea22b2	9	18364340	42080170	14639	0.0129
26c6c5d8-fc0e-43d2-bda5-c7eb31ea22b2	9	42109137	42202227	16	0.6574
26c6c5d8-fc0e-43d2-bda5-c7eb31ea22b2	9	42211663	68381085	278	-0.0081
26c6c5d8-fc0e-43d2-bda5-c7eb31ea22b2	9	68384471	138117932	47788	-0.1949
26c6c5d8-fc0e-43d2-bda5-c7eb31ea22b2	9	138117969	138200944	23	0.0671
26c6c5d8-fc0e-43d2-bda5-c7eb31ea22b2	10	45792	89178916	60139	0.0121
26c6c5d8-fc0e-43d2-bda5-c7eb31ea22b2	10	89183210	89188056	8	-1.0675
26c6c5d8-fc0e-43d2-bda5-c7eb31ea22b2	10	89188152	122818080	22605	0.0173
26c6c5d8-fc0e-43d2-bda5-c7eb31ea22b2	10	122818241	122818365	2	-1.7948
26c6c5d8-fc0e-43d2-bda5-c7eb31ea22b2	10	122819819	130450432	5715	-0.0009
26c6c5d8-fc0e-43d2-bda5-c7eb31ea22b2	10	130452402	133654968	2010	0.0427
26c6c5d8-fc0e-43d2-bda5-c7eb31ea22b2	11	198510	4217824	1732	0.0369
26c6c5d8-fc0e-43d2-bda5-c7eb31ea22b2	11	4228783	4306942	24	-0.6061
26c6c5d8-fc0e-43d2-bda5-c7eb31ea22b2	11	4314648	4705210	384	-0.004
26c6c5d8-fc0e-43d2-bda5-c7eb31ea22b2	11	4705388	4705661	5	-0.8202
26c6c5d8-fc0e-43d2-bda5-c7eb31ea22b2	11	4707904	4946021	264	-0.0063
26c6c5d8-fc0e-43d2-bda5-c7eb31ea22b2	11	4946166	4955042	32	0.3864
26c6c5d8-fc0e-43d2-bda5-c7eb31ea22b2	11	4955781	16604164	8663	0.0145
26c6c5d8-fc0e-43d2-bda5-c7eb31ea22b2	11	16615776	16616183	5	-1.3399
26c6c5d8-fc0e-43d2-bda5-c7eb31ea22b2	11	16616495	24420560	5926	0.0181
26c6c5d8-fc0e-43d2-bda5-c7eb31ea22b2	11	24420628	24428711	7	-1.1893
26c6c5d8-fc0e-43d2-bda5-c7eb31ea22b2	11	24433630	49686823	16594	0.0133
26c6c5d8-fc0e-43d2-bda5-c7eb31ea22b2	11	49689309	49736039	15	-0.7893
26c6c5d8-fc0e-43d2-bda5-c7eb31ea22b2	11	49736119	49737435	6	0.302
26c6c5d8-fc0e-43d2-bda5-c7eb31ea22b2	11	49738003	49739136	6	-0.8829
26c6c5d8-fc0e-43d2-bda5-c7eb31ea22b2	11	49744609	55172866	515	0.0295
26c6c5d8-fc0e-43d2-bda5-c7eb31ea22b2	11	55198132	55214735	6	-1.0308
26c6c5d8-fc0e-43d2-bda5-c7eb31ea22b2	11	55241999	55606712	203	-0.0061
26c6c5d8-fc0e-43d2-bda5-c7eb31ea22b2	11	55606727	55672514	44	0.5417
26c6c5d8-fc0e-43d2-bda5-c7eb31ea22b2	11	55674842	64825254	5124	0.0182
26c6c5d8-fc0e-43d2-bda5-c7eb31ea22b2	11	64825436	65935052	425	0.1373
26c6c5d8-fc0e-43d2-bda5-c7eb31ea22b2	11	65935152	89741663	14278	0.0186
26c6c5d8-fc0e-43d2-bda5-c7eb31ea22b2	11	89754781	89796439	5	-1.9261
26c6c5d8-fc0e-43d2-bda5-c7eb31ea22b2	11	89802300	123624133	23672	0.0343
26c6c5d8-fc0e-43d2-bda5-c7eb31ea22b2	11	123626194	123627168	2	-1.311
26c6c5d8-fc0e-43d2-bda5-c7eb31ea22b2	11	123632113	128461364	3560	0.0394
26c6c5d8-fc0e-43d2-bda5-c7eb31ea22b2	11	128461384	128464871	10	-0.4379
26c6c5d8-fc0e-43d2-bda5-c7eb31ea22b2	11	128464902	133944818	4270	0.0441
26c6c5d8-fc0e-43d2-bda5-c7eb31ea22b2	11	133947438	134731118	556	0.135
26c6c5d8-fc0e-43d2-bda5-c7eb31ea22b2	11	134731897	135074876	285	0.0615
26c6c5d8-fc0e-43d2-bda5-c7eb31ea22b2	12	51460	9477960	6157	0.0414
26c6c5d8-fc0e-43d2-bda5-c7eb31ea22b2	12	9481274	9575696	24	-1.8005
26c6c5d8-fc0e-43d2-bda5-c7eb31ea22b2	12	9582373	11351008	1170	0.0084
26c6c5d8-fc0e-43d2-bda5-c7eb31ea22b2	12	11351041	11390452	32	0.5223
26c6c5d8-fc0e-43d2-bda5-c7eb31ea22b2	12	11390472	16594100	3769	0.0243
26c6c5d8-fc0e-43d2-bda5-c7eb31ea22b2	12	16595027	16598748	4	-0.7283
26c6c5d8-fc0e-43d2-bda5-c7eb31ea22b2	12	16599257	17481407	491	0.0097
26c6c5d8-fc0e-43d2-bda5-c7eb31ea22b2	12	17481423	21313030	2452	-0.0237
26c6c5d8-fc0e-43d2-bda5-c7eb31ea22b2	12	21313183	24240820	1992	0.0148
26c6c5d8-fc0e-43d2-bda5-c7eb31ea22b2	12	24242268	24242338	3	-1.9165
26c6c5d8-fc0e-43d2-bda5-c7eb31ea22b2	12	24244010	34104546	7249	0.0051
26c6c5d8-fc0e-43d2-bda5-c7eb31ea22b2	12	34106209	34111154	5	-1.2232
26c6c5d8-fc0e-43d2-bda5-c7eb31ea22b2	12	34122447	77802991	24815	-0.0037
26c6c5d8-fc0e-43d2-bda5-c7eb31ea22b2	12	77818614	86816758	5443	-0.0244
26c6c5d8-fc0e-43d2-bda5-c7eb31ea22b2	12	86818748	86818766	2	-1.4162
26c6c5d8-fc0e-43d2-bda5-c7eb31ea22b2	12	86820958	90089573	1903	-0.0289
26c6c5d8-fc0e-43d2-bda5-c7eb31ea22b2	12	90097892	90098297	7	0.5489
26c6c5d8-fc0e-43d2-bda5-c7eb31ea22b2	12	90099780	93119677	2038	-0.0209
26c6c5d8-fc0e-43d2-bda5-c7eb31ea22b2	12	93120244	131538583	26447	0.0049
26c6c5d8-fc0e-43d2-bda5-c7eb31ea22b2	12	131541972	132649610	413	-0.1256
26c6c5d8-fc0e-43d2-bda5-c7eb31ea22b2	12	132650245	133201603	252	-0.0097
26c6c5d8-fc0e-43d2-bda5-c7eb31ea22b2	13	18452809	23179740	2974	0.017
26c6c5d8-fc0e-43d2-bda5-c7eb31ea22b2	13	23180239	23181649	6	-0.6769
26c6c5d8-fc0e-43d2-bda5-c7eb31ea22b2	13	23184098	25596150	1779	0.0301
26c6c5d8-fc0e-43d2-bda5-c7eb31ea22b2	13	25596909	25596916	2	-1.2794
26c6c5d8-fc0e-43d2-bda5-c7eb31ea22b2	13	25599516	35483974	7220	0.0057
26c6c5d8-fc0e-43d2-bda5-c7eb31ea22b2	13	35484474	35484728	2	-1.1912
26c6c5d8-fc0e-43d2-bda5-c7eb31ea22b2	13	35488006	50164520	10025	0.0092
26c6c5d8-fc0e-43d2-bda5-c7eb31ea22b2	13	50167391	50937985	544	0.0944
26c6c5d8-fc0e-43d2-bda5-c7eb31ea22b2	13	50941803	66370585	8870	0.0037
26c6c5d8-fc0e-43d2-bda5-c7eb31ea22b2	13	66374965	66375238	3	-1.5764
26c6c5d8-fc0e-43d2-bda5-c7eb31ea22b2	13	66377027	71902850	3536	-0.0101
26c6c5d8-fc0e-43d2-bda5-c7eb31ea22b2	13	71903417	71906418	4	1.0949
26c6c5d8-fc0e-43d2-bda5-c7eb31ea22b2	13	71906467	80238953	5875	-0.0006
26c6c5d8-fc0e-43d2-bda5-c7eb31ea22b2	13	80240291	92331570	7343	-0.0183
26c6c5d8-fc0e-43d2-bda5-c7eb31ea22b2	13	92331611	114342922	15783	0.0107
26c6c5d8-fc0e-43d2-bda5-c7eb31ea22b2	14	18239283	19289821	45	0.0064
26c6c5d8-fc0e-43d2-bda5-c7eb31ea22b2	14	19294457	19298389	3	-1.0609
26c6c5d8-fc0e-43d2-bda5-c7eb31ea22b2	14	19326853	19784273	35	-0.0018
26c6c5d8-fc0e-43d2-bda5-c7eb31ea22b2	14	19784886	19951992	81	0.2344
26c6c5d8-fc0e-43d2-bda5-c7eb31ea22b2	14	19952080	22093189	1475	0.0433
26c6c5d8-fc0e-43d2-bda5-c7eb31ea22b2	14	22093822	22496204	352	0.2566
26c6c5d8-fc0e-43d2-bda5-c7eb31ea22b2	14	22497429	41139155	11725	0.0219
26c6c5d8-fc0e-43d2-bda5-c7eb31ea22b2	14	41141293	41200899	16	-0.4289
26c6c5d8-fc0e-43d2-bda5-c7eb31ea22b2	14	41207137	73529070	20415	0.02
26c6c5d8-fc0e-43d2-bda5-c7eb31ea22b2	14	73534419	73554275	9	0.8644
26c6c5d8-fc0e-43d2-bda5-c7eb31ea22b2	14	73563196	99197510	17584	0.0163
26c6c5d8-fc0e-43d2-bda5-c7eb31ea22b2	14	99198647	99200063	3	-1.7241
26c6c5d8-fc0e-43d2-bda5-c7eb31ea22b2	14	99201350	106321086	3249	0.0207
26c6c5d8-fc0e-43d2-bda5-c7eb31ea22b2	14	106340102	106364815	10	0.7506
26c6c5d8-fc0e-43d2-bda5-c7eb31ea22b2	14	106365807	106407604	22	-0.0729
26c6c5d8-fc0e-43d2-bda5-c7eb31ea22b2	14	106407609	106455901	38	0.2667
26c6c5d8-fc0e-43d2-bda5-c7eb31ea22b2	14	106456134	106644263	91	0.0061
26c6c5d8-fc0e-43d2-bda5-c7eb31ea22b2	14	106644593	106644606	2	-1.4721
26c6c5d8-fc0e-43d2-bda5-c7eb31ea22b2	14	106646232	106877229	118	0.0491
26c6c5d8-fc0e-43d2-bda5-c7eb31ea22b2	15	19811075	20059033	51	0.135
26c6c5d8-fc0e-43d2-bda5-c7eb31ea22b2	15	20060725	21417107	124	-0.3558
26c6c5d8-fc0e-43d2-bda5-c7eb31ea22b2	15	21975606	22576496	38	0.0804
26c6c5d8-fc0e-43d2-bda5-c7eb31ea22b2	15	22582296	22606745	5	0.6831
26c6c5d8-fc0e-43d2-bda5-c7eb31ea22b2	15	22619116	25176460	1473	0.0268
26c6c5d8-fc0e-43d2-bda5-c7eb31ea22b2	15	25180191	25185096	6	-0.859
26c6c5d8-fc0e-43d2-bda5-c7eb31ea22b2	15	25188158	27934103	2079	0.0002
26c6c5d8-fc0e-43d2-bda5-c7eb31ea22b2	15	27938192	30771133	1128	0.0847
26c6c5d8-fc0e-43d2-bda5-c7eb31ea22b2	15	30777490	32257550	1011	0.0319
26c6c5d8-fc0e-43d2-bda5-c7eb31ea22b2	15	32283641	32285940	2	-1.1692
26c6c5d8-fc0e-43d2-bda5-c7eb31ea22b2	15	32307601	38130888	4028	0.0254
26c6c5d8-fc0e-43d2-bda5-c7eb31ea22b2	15	38131529	38131982	3	-1.2135
26c6c5d8-fc0e-43d2-bda5-c7eb31ea22b2	15	38134302	70783551	20813	0.0177
26c6c5d8-fc0e-43d2-bda5-c7eb31ea22b2	15	70783567	70784125	3	-1.1202
26c6c5d8-fc0e-43d2-bda5-c7eb31ea22b2	15	70784610	79104147	4370	0.0266
26c6c5d8-fc0e-43d2-bda5-c7eb31ea22b2	15	79104401	79113122	2	-1.1682
26c6c5d8-fc0e-43d2-bda5-c7eb31ea22b2	15	79116590	89857441	7103	0.0119
26c6c5d8-fc0e-43d2-bda5-c7eb31ea22b2	15	89857652	89866435	3	-1.2019
26c6c5d8-fc0e-43d2-bda5-c7eb31ea22b2	15	89871195	93204931	2573	0.0052
26c6c5d8-fc0e-43d2-bda5-c7eb31ea22b2	15	93205093	93789694	556	0.074
26c6c5d8-fc0e-43d2-bda5-c7eb31ea22b2	15	93790255	97265179	2604	-0.0092
26c6c5d8-fc0e-43d2-bda5-c7eb31ea22b2	15	97274562	97288957	11	-0.8718
26c6c5d8-fc0e-43d2-bda5-c7eb31ea22b2	15	97290419	101928837	3412	0.0113
26c6c5d8-fc0e-43d2-bda5-c7eb31ea22b2	16	10777	14657199	11072	0.0372
26c6c5d8-fc0e-43d2-bda5-c7eb31ea22b2	16	14658352	15012406	77	0.268
26c6c5d8-fc0e-43d2-bda5-c7eb31ea22b2	16	15014730	16269368	587	0.1039
26c6c5d8-fc0e-43d2-bda5-c7eb31ea22b2	16	16419234	16461996	6	0.8156
26c6c5d8-fc0e-43d2-bda5-c7eb31ea22b2	16	16474027	17807083	780	0.1003
26c6c5d8-fc0e-43d2-bda5-c7eb31ea22b2	16	17807681	22576729	2239	0.0432
26c6c5d8-fc0e-43d2-bda5-c7eb31ea22b2	16	22579557	22706267	66	-0.2021
26c6c5d8-fc0e-43d2-bda5-c7eb31ea22b2	16	22706983	36048855	5612	0.0289
26c6c5d8-fc0e-43d2-bda5-c7eb31ea22b2	16	46441986	55762682	6455	-0.1856
26c6c5d8-fc0e-43d2-bda5-c7eb31ea22b2	16	55764310	55764867	3	2.1554
26c6c5d8-fc0e-43d2-bda5-c7eb31ea22b2	16	55770436	55788057	13	-0.7686
26c6c5d8-fc0e-43d2-bda5-c7eb31ea22b2	16	55788485	70105639	8737	-0.1957
26c6c5d8-fc0e-43d2-bda5-c7eb31ea22b2	16	70117657	70177541	16	0.2322
26c6c5d8-fc0e-43d2-bda5-c7eb31ea22b2	16	70179141	78337711	5483	-0.1978
26c6c5d8-fc0e-43d2-bda5-c7eb31ea22b2	16	78338543	78347366	14	0.7161
26c6c5d8-fc0e-43d2-bda5-c7eb31ea22b2	16	78349243	83995248	6312	-0.1996
26c6c5d8-fc0e-43d2-bda5-c7eb31ea22b2	16	83995534	84862165	791	-0.1151
26c6c5d8-fc0e-43d2-bda5-c7eb31ea22b2	16	84863055	88027970	2609	-0.2062
26c6c5d8-fc0e-43d2-bda5-c7eb31ea22b2	16	88033607	90096867	867	-0.116
26c6c5d8-fc0e-43d2-bda5-c7eb31ea22b2	17	150733	169110	9	-0.2118
26c6c5d8-fc0e-43d2-bda5-c7eb31ea22b2	17	173873	1250730	547	0.127
26c6c5d8-fc0e-43d2-bda5-c7eb31ea22b2	17	1262192	7354708	3517	0.0431
26c6c5d8-fc0e-43d2-bda5-c7eb31ea22b2	17	7362030	7362487	2	-1.6653
26c6c5d8-fc0e-43d2-bda5-c7eb31ea22b2	17	7363157	8339592	448	0.0252
26c6c5d8-fc0e-43d2-bda5-c7eb31ea22b2	17	8344229	8344415	2	-2.2764
26c6c5d8-fc0e-43d2-bda5-c7eb31ea22b2	17	8346140	12202666	2793	0.0197
26c6c5d8-fc0e-43d2-bda5-c7eb31ea22b2	17	12202882	12203037	2	1.6349
26c6c5d8-fc0e-43d2-bda5-c7eb31ea22b2	17	12203297	15608819	2660	0.02
26c6c5d8-fc0e-43d2-bda5-c7eb31ea22b2	17	15609752	15643476	5	-2.2964
26c6c5d8-fc0e-43d2-bda5-c7eb31ea22b2	17	15650964	16750987	462	0.0291
26c6c5d8-fc0e-43d2-bda5-c7eb31ea22b2	17	16754017	16834846	11	0.8321
26c6c5d8-fc0e-43d2-bda5-c7eb31ea22b2	17	16838201	18414080	907	0.0446
26c6c5d8-fc0e-43d2-bda5-c7eb31ea22b2	17	18452078	18561907	27	-1.5818
26c6c5d8-fc0e-43d2-bda5-c7eb31ea22b2	17	18565883	36109315	6823	0.0495
26c6c5d8-fc0e-43d2-bda5-c7eb31ea22b2	17	36109735	36157718	35	0.9477
26c6c5d8-fc0e-43d2-bda5-c7eb31ea22b2	17	36200725	39692350	1618	0.05
26c6c5d8-fc0e-43d2-bda5-c7eb31ea22b2	17	39694457	39694787	5	0.7292
26c6c5d8-fc0e-43d2-bda5-c7eb31ea22b2	17	39694986	41265456	895	0.041
26c6c5d8-fc0e-43d2-bda5-c7eb31ea22b2	17	41266762	41274279	24	-0.4461
26c6c5d8-fc0e-43d2-bda5-c7eb31ea22b2	17	41276472	46085732	2497	0.0525
26c6c5d8-fc0e-43d2-bda5-c7eb31ea22b2	17	46088437	46284997	123	0.4321
26c6c5d8-fc0e-43d2-bda5-c7eb31ea22b2	17	46286804	46446360	5	-1.0236
26c6c5d8-fc0e-43d2-bda5-c7eb31ea22b2	17	46569894	57743579	7097	0.04
26c6c5d8-fc0e-43d2-bda5-c7eb31ea22b2	17	57747588	57748027	4	-0.8279
26c6c5d8-fc0e-43d2-bda5-c7eb31ea22b2	17	57748109	83091923	14425	0.0515
26c6c5d8-fc0e-43d2-bda5-c7eb31ea22b2	18	48133	3973509	2795	0.0286
26c6c5d8-fc0e-43d2-bda5-c7eb31ea22b2	18	3973988	3976855	2	-1.3623
26c6c5d8-fc0e-43d2-bda5-c7eb31ea22b2	18	3977713	33272230	15203	0.0169
26c6c5d8-fc0e-43d2-bda5-c7eb31ea22b2	18	33272455	33272723	6	-0.8728
26c6c5d8-fc0e-43d2-bda5-c7eb31ea22b2	18	33274638	33446467	114	0.0444
26c6c5d8-fc0e-43d2-bda5-c7eb31ea22b2	18	33450383	33460087	7	-0.3665
26c6c5d8-fc0e-43d2-bda5-c7eb31ea22b2	18	33461580	33469272	11	0.0596
26c6c5d8-fc0e-43d2-bda5-c7eb31ea22b2	18	33474411	33475141	2	-1.6105
26c6c5d8-fc0e-43d2-bda5-c7eb31ea22b2	18	33475730	44724320	7161	0.0052
26c6c5d8-fc0e-43d2-bda5-c7eb31ea22b2	18	44728007	44728023	2	-1.6062
26c6c5d8-fc0e-43d2-bda5-c7eb31ea22b2	18	44728207	68334040	16521	0.0129
26c6c5d8-fc0e-43d2-bda5-c7eb31ea22b2	18	68334330	68334366	3	-0.9597
26c6c5d8-fc0e-43d2-bda5-c7eb31ea22b2	18	68334451	69540616	985	0.004
26c6c5d8-fc0e-43d2-bda5-c7eb31ea22b2	18	69541156	69550035	7	-0.9662
26c6c5d8-fc0e-43d2-bda5-c7eb31ea22b2	18	69550306	78900693	7081	0.0098
26c6c5d8-fc0e-43d2-bda5-c7eb31ea22b2	18	78902714	78904863	5	-1.0177
26c6c5d8-fc0e-43d2-bda5-c7eb31ea22b2	18	78906449	80257174	704	0.0495
26c6c5d8-fc0e-43d2-bda5-c7eb31ea22b2	19	90910	5633227	1656	0.0244
26c6c5d8-fc0e-43d2-bda5-c7eb31ea22b2	19	5633867	5636353	3	-1.2167
26c6c5d8-fc0e-43d2-bda5-c7eb31ea22b2	19	5637877	51628560	23066	0.0217
26c6c5d8-fc0e-43d2-bda5-c7eb31ea22b2	19	51639099	51644944	11	0.7041
26c6c5d8-fc0e-43d2-bda5-c7eb31ea22b2	19	51651652	58586487	4330	0.0443
26c6c5d8-fc0e-43d2-bda5-c7eb31ea22b2	20	80664	1580305	1200	0.0517
26c6c5d8-fc0e-43d2-bda5-c7eb31ea22b2	20	1580353	1609611	38	1.2779
26c6c5d8-fc0e-43d2-bda5-c7eb31ea22b2	20	1609809	24279966	17615	0.0213
26c6c5d8-fc0e-43d2-bda5-c7eb31ea22b2	20	24280106	24301474	11	-0.5547
26c6c5d8-fc0e-43d2-bda5-c7eb31ea22b2	20	24301646	34838009	2889	0.0341
26c6c5d8-fc0e-43d2-bda5-c7eb31ea22b2	20	34838409	34846759	3	-0.9874
26c6c5d8-fc0e-43d2-bda5-c7eb31ea22b2	20	34847358	52400340	11799	0.0289
26c6c5d8-fc0e-43d2-bda5-c7eb31ea22b2	20	52400482	62202099	7885	0.0088
26c6c5d8-fc0e-43d2-bda5-c7eb31ea22b2	20	62203135	64284715	842	0.0551
26c6c5d8-fc0e-43d2-bda5-c7eb31ea22b2	20	64323342	64324800	5	-0.5818
26c6c5d8-fc0e-43d2-bda5-c7eb31ea22b2	21	10354168	22278814	6280	0.0054
26c6c5d8-fc0e-43d2-bda5-c7eb31ea22b2	21	22283580	22292338	9	-0.8197
26c6c5d8-fc0e-43d2-bda5-c7eb31ea22b2	21	22294679	45401576	16783	0.0185
26c6c5d8-fc0e-43d2-bda5-c7eb31ea22b2	21	45401842	45632577	119	0.2062
26c6c5d8-fc0e-43d2-bda5-c7eb31ea22b2	21	45632643	46269820	334	0.0132
26c6c5d8-fc0e-43d2-bda5-c7eb31ea22b2	21	46270890	46677045	276	0.118
26c6c5d8-fc0e-43d2-bda5-c7eb31ea22b2	22	15294547	15696368	18	-0.0431
26c6c5d8-fc0e-43d2-bda5-c7eb31ea22b2	22	15696762	15729257	2	1.1793
26c6c5d8-fc0e-43d2-bda5-c7eb31ea22b2	22	15729272	18981285	1138	0.0402
26c6c5d8-fc0e-43d2-bda5-c7eb31ea22b2	22	18983064	21776250	1668	0.1171
26c6c5d8-fc0e-43d2-bda5-c7eb31ea22b2	22	21776836	22114208	288	0.0724
26c6c5d8-fc0e-43d2-bda5-c7eb31ea22b2	22	22119549	22120255	6	-0.7579
26c6c5d8-fc0e-43d2-bda5-c7eb31ea22b2	22	22127104	24008384	1281	0.0908
26c6c5d8-fc0e-43d2-bda5-c7eb31ea22b2	22	24009046	24685371	343	0.0473
26c6c5d8-fc0e-43d2-bda5-c7eb31ea22b2	22	24686148	24686567	3	-1.9704
26c6c5d8-fc0e-43d2-bda5-c7eb31ea22b2	22	24691707	47133815	15639	0.0262
26c6c5d8-fc0e-43d2-bda5-c7eb31ea22b2	22	47135302	47135338	2	1.5426
26c6c5d8-fc0e-43d2-bda5-c7eb31ea22b2	22	47135677	48846566	1604	0.0193
26c6c5d8-fc0e-43d2-bda5-c7eb31ea22b2	22	48848072	50796027	1242	0.1069
26c6c5d8-fc0e-43d2-bda5-c7eb31ea22b2	X	251810	7185165	3423	-0.0372
26c6c5d8-fc0e-43d2-bda5-c7eb31ea22b2	X	7185242	7188165	3	-1.4265
26c6c5d8-fc0e-43d2-bda5-c7eb31ea22b2	X	7190809	13064600	4394	-0.0442
26c6c5d8-fc0e-43d2-bda5-c7eb31ea22b2	X	13067277	13068779	3	-2.3476
26c6c5d8-fc0e-43d2-bda5-c7eb31ea22b2	X	13069077	50895685	22290	-0.0289
26c6c5d8-fc0e-43d2-bda5-c7eb31ea22b2	X	50895783	50896531	2	1.9932
26c6c5d8-fc0e-43d2-bda5-c7eb31ea22b2	X	50897971	52108312	567	-0.0209
26c6c5d8-fc0e-43d2-bda5-c7eb31ea22b2	X	52108554	52109555	2	-1.4845
26c6c5d8-fc0e-43d2-bda5-c7eb31ea22b2	X	52111582	53637233	479	-0.0265
26c6c5d8-fc0e-43d2-bda5-c7eb31ea22b2	X	53639973	103917238	22414	0.0237
26c6c5d8-fc0e-43d2-bda5-c7eb31ea22b2	X	103924147	103955573	25	0.8649
26c6c5d8-fc0e-43d2-bda5-c7eb31ea22b2	X	103988453	104006356	27	0.164
26c6c5d8-fc0e-43d2-bda5-c7eb31ea22b2	X	104006616	104084422	56	0.9161
26c6c5d8-fc0e-43d2-bda5-c7eb31ea22b2	X	104084615	155164107	29501	0.0192
26c6c5d8-fc0e-43d2-bda5-c7eb31ea22b2	X	155167645	155190019	9	-1.649
26c6c5d8-fc0e-43d2-bda5-c7eb31ea22b2	X	155203976	155952689	223	0.0416
26c6c5d8-fc0e-43d2-bda5-c7eb31ea22b2	Y	2782397	9759940	2309	-0.9555
26c6c5d8-fc0e-43d2-bda5-c7eb31ea22b2	Y	9810941	9811130	2	0.4082
26c6c5d8-fc0e-43d2-bda5-c7eb31ea22b2	Y	9870332	20068755	3436	-0.9694
26c6c5d8-fc0e-43d2-bda5-c7eb31ea22b2	Y	20104703	20353082	7	-1.8842
26c6c5d8-fc0e-43d2-bda5-c7eb31ea22b2	Y	20353820	56872112	886	-0.9987
