Sample	Chromosome	Start	End	Num_Probes	Segment_Mean
DADOS_p_TCGAb3_85_86_87_88_NSP_GenomeWideSNP_6_E11_1464804	1	51598	12760427	6523	-0.0016
DADOS_p_TCGAb3_85_86_87_88_NSP_GenomeWideSNP_6_E11_1464804	1	12761331	13304239	66	0.2382
DADOS_p_TCGAb3_85_86_87_88_NSP_GenomeWideSNP_6_E11_1464804	1	13317089	16782196	2145	-0.0059
DADOS_p_TCGAb3_85_86_87_88_NSP_GenomeWideSNP_6_E11_1464804	1	16794306	16798777	4	-0.4294
DADOS_p_TCGAb3_85_86_87_88_NSP_GenomeWideSNP_6_E11_1464804	1	16799098	16826358	10	-0.1117
DADOS_p_TCGAb3_85_86_87_88_NSP_GenomeWideSNP_6_E11_1464804	1	16826429	16843043	20	-0.4416
DADOS_p_TCGAb3_85_86_87_88_NSP_GenomeWideSNP_6_E11_1464804	1	16878321	16885328	15	0.2891
DADOS_p_TCGAb3_85_86_87_88_NSP_GenomeWideSNP_6_E11_1464804	1	16885372	16955178	27	-0.1252
DADOS_p_TCGAb3_85_86_87_88_NSP_GenomeWideSNP_6_E11_1464804	1	16959879	17134834	82	0.3564
DADOS_p_TCGAb3_85_86_87_88_NSP_GenomeWideSNP_6_E11_1464804	1	17148828	25468534	5276	-0.0019
DADOS_p_TCGAb3_85_86_87_88_NSP_GenomeWideSNP_6_E11_1464804	1	25468992	25519276	22	-1.7499
DADOS_p_TCGAb3_85_86_87_88_NSP_GenomeWideSNP_6_E11_1464804	1	25519331	25519533	2	-0.6976
DADOS_p_TCGAb3_85_86_87_88_NSP_GenomeWideSNP_6_E11_1464804	1	25519573	25569189	21	-0.1172
DADOS_p_TCGAb3_85_86_87_88_NSP_GenomeWideSNP_6_E11_1464804	1	25571056	25618654	13	0.5185
DADOS_p_TCGAb3_85_86_87_88_NSP_GenomeWideSNP_6_E11_1464804	1	25618838	30504109	2362	0.0031
DADOS_p_TCGAb3_85_86_87_88_NSP_GenomeWideSNP_6_E11_1464804	1	30504164	30504285	2	-1.8483
DADOS_p_TCGAb3_85_86_87_88_NSP_GenomeWideSNP_6_E11_1464804	1	30504967	34864261	2575	-0.0039
DADOS_p_TCGAb3_85_86_87_88_NSP_GenomeWideSNP_6_E11_1464804	1	34875241	34877078	20	-0.5733
DADOS_p_TCGAb3_85_86_87_88_NSP_GenomeWideSNP_6_E11_1464804	1	34886855	72522941	23779	8e-04
DADOS_p_TCGAb3_85_86_87_88_NSP_GenomeWideSNP_6_E11_1464804	1	72528701	72535958	9	-1.0497
DADOS_p_TCGAb3_85_86_87_88_NSP_GenomeWideSNP_6_E11_1464804	1	72541006	72583736	48	1.022
DADOS_p_TCGAb3_85_86_87_88_NSP_GenomeWideSNP_6_E11_1464804	1	72584492	105820728	21047	0.0013
DADOS_p_TCGAb3_85_86_87_88_NSP_GenomeWideSNP_6_E11_1464804	1	105820759	105823898	16	-2.6676
DADOS_p_TCGAb3_85_86_87_88_NSP_GenomeWideSNP_6_E11_1464804	1	105825578	150822151	12711	-0.004
DADOS_p_TCGAb3_85_86_87_88_NSP_GenomeWideSNP_6_E11_1464804	1	150822330	150852862	31	-2.4853
DADOS_p_TCGAb3_85_86_87_88_NSP_GenomeWideSNP_6_E11_1464804	1	150852902	150853218	4	-0.7578
DADOS_p_TCGAb3_85_86_87_88_NSP_GenomeWideSNP_6_E11_1464804	1	150857118	151028670	176	0.0196
DADOS_p_TCGAb3_85_86_87_88_NSP_GenomeWideSNP_6_E11_1464804	1	151028881	151034983	30	-0.5015
DADOS_p_TCGAb3_85_86_87_88_NSP_GenomeWideSNP_6_E11_1464804	1	151035194	194981496	29566	0.0021
DADOS_p_TCGAb3_85_86_87_88_NSP_GenomeWideSNP_6_E11_1464804	1	194994473	195068407	88	0.3491
DADOS_p_TCGAb3_85_86_87_88_NSP_GenomeWideSNP_6_E11_1464804	1	195068428	196571159	832	0.009
DADOS_p_TCGAb3_85_86_87_88_NSP_GenomeWideSNP_6_E11_1464804	1	196573483	196574402	3	-1.2408
DADOS_p_TCGAb3_85_86_87_88_NSP_GenomeWideSNP_6_E11_1464804	1	196577982	197377986	553	-0.0063
DADOS_p_TCGAb3_85_86_87_88_NSP_GenomeWideSNP_6_E11_1464804	1	197378049	197379634	7	0.7773
DADOS_p_TCGAb3_85_86_87_88_NSP_GenomeWideSNP_6_E11_1464804	1	197380463	236816732	27332	7e-04
DADOS_p_TCGAb3_85_86_87_88_NSP_GenomeWideSNP_6_E11_1464804	1	236818243	236818560	5	-0.9925
DADOS_p_TCGAb3_85_86_87_88_NSP_GenomeWideSNP_6_E11_1464804	1	236819019	246754468	7052	-0.0115
DADOS_p_TCGAb3_85_86_87_88_NSP_GenomeWideSNP_6_E11_1464804	1	246754783	246875732	49	-0.6201
DADOS_p_TCGAb3_85_86_87_88_NSP_GenomeWideSNP_6_E11_1464804	1	246875992	247191011	141	-0.0557
DADOS_p_TCGAb3_85_86_87_88_NSP_GenomeWideSNP_6_E11_1464804	2	2784	41091739	28994	-9e-04
DADOS_p_TCGAb3_85_86_87_88_NSP_GenomeWideSNP_6_E11_1464804	2	41091947	41099391	23	-0.7151
DADOS_p_TCGAb3_85_86_87_88_NSP_GenomeWideSNP_6_E11_1464804	2	41104737	52607972	8198	0.0067
DADOS_p_TCGAb3_85_86_87_88_NSP_GenomeWideSNP_6_E11_1464804	2	52607984	52635046	39	-0.7833
DADOS_p_TCGAb3_85_86_87_88_NSP_GenomeWideSNP_6_E11_1464804	2	52641453	87340663	22117	-0.0022
DADOS_p_TCGAb3_85_86_87_88_NSP_GenomeWideSNP_6_E11_1464804	2	87341456	87341750	2	-1.6986
DADOS_p_TCGAb3_85_86_87_88_NSP_GenomeWideSNP_6_E11_1464804	2	87342049	87366798	15	-0.0256
DADOS_p_TCGAb3_85_86_87_88_NSP_GenomeWideSNP_6_E11_1464804	2	87367890	87367901	2	-1.5343
DADOS_p_TCGAb3_85_86_87_88_NSP_GenomeWideSNP_6_E11_1464804	2	87373867	106246527	7551	0.0052
DADOS_p_TCGAb3_85_86_87_88_NSP_GenomeWideSNP_6_E11_1464804	2	106247145	106251789	11	-2.3471
DADOS_p_TCGAb3_85_86_87_88_NSP_GenomeWideSNP_6_E11_1464804	2	106253687	107380713	730	0.0118
DADOS_p_TCGAb3_85_86_87_88_NSP_GenomeWideSNP_6_E11_1464804	2	107384432	107385954	3	-1.1383
DADOS_p_TCGAb3_85_86_87_88_NSP_GenomeWideSNP_6_E11_1464804	2	107386526	109055404	971	-0.0165
DADOS_p_TCGAb3_85_86_87_88_NSP_GenomeWideSNP_6_E11_1464804	2	109058857	109061842	4	-0.7096
DADOS_p_TCGAb3_85_86_87_88_NSP_GenomeWideSNP_6_E11_1464804	2	109062201	109819785	402	0.0082
DADOS_p_TCGAb3_85_86_87_88_NSP_GenomeWideSNP_6_E11_1464804	2	109858801	109861635	2	1.5519
DADOS_p_TCGAb3_85_86_87_88_NSP_GenomeWideSNP_6_E11_1464804	2	110068063	110534145	95	-0.0243
DADOS_p_TCGAb3_85_86_87_88_NSP_GenomeWideSNP_6_E11_1464804	2	110542321	110553259	2	-2.9871
DADOS_p_TCGAb3_85_86_87_88_NSP_GenomeWideSNP_6_E11_1464804	2	110579363	132476794	12817	5e-04
DADOS_p_TCGAb3_85_86_87_88_NSP_GenomeWideSNP_6_E11_1464804	2	132481230	132513806	10	-0.6282
DADOS_p_TCGAb3_85_86_87_88_NSP_GenomeWideSNP_6_E11_1464804	2	132525783	146578555	8927	3e-04
DADOS_p_TCGAb3_85_86_87_88_NSP_GenomeWideSNP_6_E11_1464804	2	146580874	146583268	22	0.6501
DADOS_p_TCGAb3_85_86_87_88_NSP_GenomeWideSNP_6_E11_1464804	2	146583379	190214152	26536	0.0033
DADOS_p_TCGAb3_85_86_87_88_NSP_GenomeWideSNP_6_E11_1464804	2	190216292	190216337	2	-1.7959
DADOS_p_TCGAb3_85_86_87_88_NSP_GenomeWideSNP_6_E11_1464804	2	190216995	203001257	7303	3e-04
DADOS_p_TCGAb3_85_86_87_88_NSP_GenomeWideSNP_6_E11_1464804	2	203001336	203020446	42	-0.7003
DADOS_p_TCGAb3_85_86_87_88_NSP_GenomeWideSNP_6_E11_1464804	2	203021727	205052204	1075	0.0062
DADOS_p_TCGAb3_85_86_87_88_NSP_GenomeWideSNP_6_E11_1464804	2	205052442	205056969	40	-0.961
DADOS_p_TCGAb3_85_86_87_88_NSP_GenomeWideSNP_6_E11_1464804	2	205057640	242164778	24002	1e-04
DADOS_p_TCGAb3_85_86_87_88_NSP_GenomeWideSNP_6_E11_1464804	2	242164965	242241787	11	-0.6905
DADOS_p_TCGAb3_85_86_87_88_NSP_GenomeWideSNP_6_E11_1464804	2	242245991	242738129	168	-0.0344
DADOS_p_TCGAb3_85_86_87_88_NSP_GenomeWideSNP_6_E11_1464804	3	35345	1891976	1690	-0.0373
DADOS_p_TCGAb3_85_86_87_88_NSP_GenomeWideSNP_6_E11_1464804	3	1893149	1897965	6	-1.4104
DADOS_p_TCGAb3_85_86_87_88_NSP_GenomeWideSNP_6_E11_1464804	3	1900064	46024712	31078	-0.0035
DADOS_p_TCGAb3_85_86_87_88_NSP_GenomeWideSNP_6_E11_1464804	3	46024840	46026717	2	-1.8438
DADOS_p_TCGAb3_85_86_87_88_NSP_GenomeWideSNP_6_E11_1464804	3	46026747	46397310	232	0.0104
DADOS_p_TCGAb3_85_86_87_88_NSP_GenomeWideSNP_6_E11_1464804	3	46397359	46397391	2	-0.8718
DADOS_p_TCGAb3_85_86_87_88_NSP_GenomeWideSNP_6_E11_1464804	3	46397761	46768381	248	7e-04
DADOS_p_TCGAb3_85_86_87_88_NSP_GenomeWideSNP_6_E11_1464804	3	46776821	46834483	41	-0.6891
DADOS_p_TCGAb3_85_86_87_88_NSP_GenomeWideSNP_6_E11_1464804	3	46834836	65528218	12442	3e-04
DADOS_p_TCGAb3_85_86_87_88_NSP_GenomeWideSNP_6_E11_1464804	3	65528613	65529491	3	-1.1775
DADOS_p_TCGAb3_85_86_87_88_NSP_GenomeWideSNP_6_E11_1464804	3	65530308	68828854	2133	0.0016
DADOS_p_TCGAb3_85_86_87_88_NSP_GenomeWideSNP_6_E11_1464804	3	68828949	68830103	14	-1.8829
DADOS_p_TCGAb3_85_86_87_88_NSP_GenomeWideSNP_6_E11_1464804	3	68831448	87617819	11581	-0.0023
DADOS_p_TCGAb3_85_86_87_88_NSP_GenomeWideSNP_6_E11_1464804	3	87623179	87623468	2	-3.338
DADOS_p_TCGAb3_85_86_87_88_NSP_GenomeWideSNP_6_E11_1464804	3	87627842	87971338	168	-0.0224
DADOS_p_TCGAb3_85_86_87_88_NSP_GenomeWideSNP_6_E11_1464804	3	87974966	87984943	6	-0.8915
DADOS_p_TCGAb3_85_86_87_88_NSP_GenomeWideSNP_6_E11_1464804	3	87985537	116138472	13729	-0.0051
DADOS_p_TCGAb3_85_86_87_88_NSP_GenomeWideSNP_6_E11_1464804	3	116143282	116143402	5	-0.8825
DADOS_p_TCGAb3_85_86_87_88_NSP_GenomeWideSNP_6_E11_1464804	3	116143634	127194903	6892	-0.0044
DADOS_p_TCGAb3_85_86_87_88_NSP_GenomeWideSNP_6_E11_1464804	3	127194960	127204552	30	-0.6993
DADOS_p_TCGAb3_85_86_87_88_NSP_GenomeWideSNP_6_E11_1464804	3	127205022	138510648	6880	-0.0015
DADOS_p_TCGAb3_85_86_87_88_NSP_GenomeWideSNP_6_E11_1464804	3	138510650	138510653	3	1.1384
DADOS_p_TCGAb3_85_86_87_88_NSP_GenomeWideSNP_6_E11_1464804	3	138513519	150445666	7428	-0.0104
DADOS_p_TCGAb3_85_86_87_88_NSP_GenomeWideSNP_6_E11_1464804	3	150446085	150450811	25	-0.9806
DADOS_p_TCGAb3_85_86_87_88_NSP_GenomeWideSNP_6_E11_1464804	3	150453770	155976075	3477	-0.01
DADOS_p_TCGAb3_85_86_87_88_NSP_GenomeWideSNP_6_E11_1464804	3	155977646	155977678	2	-1.7507
DADOS_p_TCGAb3_85_86_87_88_NSP_GenomeWideSNP_6_E11_1464804	3	155977818	163990962	4866	-0.001
DADOS_p_TCGAb3_85_86_87_88_NSP_GenomeWideSNP_6_E11_1464804	3	163995351	164108689	70	0.3775
DADOS_p_TCGAb3_85_86_87_88_NSP_GenomeWideSNP_6_E11_1464804	3	164109266	194360596	19196	-0.0064
DADOS_p_TCGAb3_85_86_87_88_NSP_GenomeWideSNP_6_E11_1464804	3	194360656	194365597	19	-1.6117
DADOS_p_TCGAb3_85_86_87_88_NSP_GenomeWideSNP_6_E11_1464804	3	194369129	196760499	1483	-0.0047
DADOS_p_TCGAb3_85_86_87_88_NSP_GenomeWideSNP_6_E11_1464804	3	196765671	196965419	53	0.31
DADOS_p_TCGAb3_85_86_87_88_NSP_GenomeWideSNP_6_E11_1464804	3	196967482	199318967	1139	-0.0194
DADOS_p_TCGAb3_85_86_87_88_NSP_GenomeWideSNP_6_E11_1464804	3	199319117	199319853	5	-0.8698
DADOS_p_TCGAb3_85_86_87_88_NSP_GenomeWideSNP_6_E11_1464804	3	199320127	199380515	26	-0.2304
DADOS_p_TCGAb3_85_86_87_88_NSP_GenomeWideSNP_6_E11_1464804	4	2281	5813079	3056	0.0019
DADOS_p_TCGAb3_85_86_87_88_NSP_GenomeWideSNP_6_E11_1464804	4	5820568	5833754	17	-1.0285
DADOS_p_TCGAb3_85_86_87_88_NSP_GenomeWideSNP_6_E11_1464804	4	5834001	8775443	2118	-0.001
DADOS_p_TCGAb3_85_86_87_88_NSP_GenomeWideSNP_6_E11_1464804	4	8979788	9066075	62	0.4079
DADOS_p_TCGAb3_85_86_87_88_NSP_GenomeWideSNP_6_E11_1464804	4	9070328	63353715	33664	-0.0022
DADOS_p_TCGAb3_85_86_87_88_NSP_GenomeWideSNP_6_E11_1464804	4	63353729	63354257	3	-1.7311
DADOS_p_TCGAb3_85_86_87_88_NSP_GenomeWideSNP_6_E11_1464804	4	63362225	68902978	3440	-0.002
DADOS_p_TCGAb3_85_86_87_88_NSP_GenomeWideSNP_6_E11_1464804	4	68909443	68943659	6	-1.0045
DADOS_p_TCGAb3_85_86_87_88_NSP_GenomeWideSNP_6_E11_1464804	4	68964800	69234339	89	0.3932
DADOS_p_TCGAb3_85_86_87_88_NSP_GenomeWideSNP_6_E11_1464804	4	69378740	70158099	324	-0.0268
DADOS_p_TCGAb3_85_86_87_88_NSP_GenomeWideSNP_6_E11_1464804	4	70162233	70266388	54	-2.2766
DADOS_p_TCGAb3_85_86_87_88_NSP_GenomeWideSNP_6_E11_1464804	4	70266611	73086602	1551	-0.0055
DADOS_p_TCGAb3_85_86_87_88_NSP_GenomeWideSNP_6_E11_1464804	4	73088517	73103202	8	-0.7643
DADOS_p_TCGAb3_85_86_87_88_NSP_GenomeWideSNP_6_E11_1464804	4	73103725	111223455	23130	-4e-04
DADOS_p_TCGAb3_85_86_87_88_NSP_GenomeWideSNP_6_E11_1464804	4	111223590	111224455	9	-1.0954
DADOS_p_TCGAb3_85_86_87_88_NSP_GenomeWideSNP_6_E11_1464804	4	111225887	152095801	24372	-0.0015
DADOS_p_TCGAb3_85_86_87_88_NSP_GenomeWideSNP_6_E11_1464804	4	152095856	152103756	23	-2.2814
DADOS_p_TCGAb3_85_86_87_88_NSP_GenomeWideSNP_6_E11_1464804	4	152103760	155343538	1991	0.0033
DADOS_p_TCGAb3_85_86_87_88_NSP_GenomeWideSNP_6_E11_1464804	4	155344170	155344872	2	-1.1132
DADOS_p_TCGAb3_85_86_87_88_NSP_GenomeWideSNP_6_E11_1464804	4	155349085	156021998	427	-0.0053
DADOS_p_TCGAb3_85_86_87_88_NSP_GenomeWideSNP_6_E11_1464804	4	156022455	156022528	3	-3.4718
DADOS_p_TCGAb3_85_86_87_88_NSP_GenomeWideSNP_6_E11_1464804	4	156022649	172605921	10624	-0.0068
DADOS_p_TCGAb3_85_86_87_88_NSP_GenomeWideSNP_6_E11_1464804	4	172611459	172614299	11	0.6561
DADOS_p_TCGAb3_85_86_87_88_NSP_GenomeWideSNP_6_E11_1464804	4	172614351	191261904	12543	-0.0127
DADOS_p_TCGAb3_85_86_87_88_NSP_GenomeWideSNP_6_E11_1464804	5	68532	770525	313	-0.0154
DADOS_p_TCGAb3_85_86_87_88_NSP_GenomeWideSNP_6_E11_1464804	5	770561	872932	44	-0.3876
DADOS_p_TCGAb3_85_86_87_88_NSP_GenomeWideSNP_6_E11_1464804	5	873036	18639479	13724	5e-04
DADOS_p_TCGAb3_85_86_87_88_NSP_GenomeWideSNP_6_E11_1464804	5	18640024	18702579	37	0.4054
DADOS_p_TCGAb3_85_86_87_88_NSP_GenomeWideSNP_6_E11_1464804	5	18711517	21485033	1666	-0.0161
DADOS_p_TCGAb3_85_86_87_88_NSP_GenomeWideSNP_6_E11_1464804	5	21486957	21488253	6	-1.867
DADOS_p_TCGAb3_85_86_87_88_NSP_GenomeWideSNP_6_E11_1464804	5	21490696	57357343	20121	-0.0056
DADOS_p_TCGAb3_85_86_87_88_NSP_GenomeWideSNP_6_E11_1464804	5	57357403	57374114	34	-0.545
DADOS_p_TCGAb3_85_86_87_88_NSP_GenomeWideSNP_6_E11_1464804	5	57375830	68903050	7307	-0.0054
DADOS_p_TCGAb3_85_86_87_88_NSP_GenomeWideSNP_6_E11_1464804	5	69110733	70696507	26	-0.3483
DADOS_p_TCGAb3_85_86_87_88_NSP_GenomeWideSNP_6_E11_1464804	5	70696964	78143664	4943	-0.0021
DADOS_p_TCGAb3_85_86_87_88_NSP_GenomeWideSNP_6_E11_1464804	5	78145747	78146927	3	-1.1819
DADOS_p_TCGAb3_85_86_87_88_NSP_GenomeWideSNP_6_E11_1464804	5	78151267	103879120	14600	-0.0042
DADOS_p_TCGAb3_85_86_87_88_NSP_GenomeWideSNP_6_E11_1464804	5	103888272	103888503	4	1.5063
DADOS_p_TCGAb3_85_86_87_88_NSP_GenomeWideSNP_6_E11_1464804	5	103888948	117414516	9408	0.0014
DADOS_p_TCGAb3_85_86_87_88_NSP_GenomeWideSNP_6_E11_1464804	5	117416321	117416984	11	-0.7423
DADOS_p_TCGAb3_85_86_87_88_NSP_GenomeWideSNP_6_E11_1464804	5	117432239	163103649	29260	-1e-04
DADOS_p_TCGAb3_85_86_87_88_NSP_GenomeWideSNP_6_E11_1464804	5	163106027	163113577	9	-0.9284
DADOS_p_TCGAb3_85_86_87_88_NSP_GenomeWideSNP_6_E11_1464804	5	163123326	171466387	6007	4e-04
DADOS_p_TCGAb3_85_86_87_88_NSP_GenomeWideSNP_6_E11_1464804	5	171469278	171469575	2	1.1046
DADOS_p_TCGAb3_85_86_87_88_NSP_GenomeWideSNP_6_E11_1464804	5	171471671	175306114	2895	-0.0035
DADOS_p_TCGAb3_85_86_87_88_NSP_GenomeWideSNP_6_E11_1464804	5	175320152	175326218	3	0.9507
DADOS_p_TCGAb3_85_86_87_88_NSP_GenomeWideSNP_6_E11_1464804	5	175326356	177187571	745	0.0095
DADOS_p_TCGAb3_85_86_87_88_NSP_GenomeWideSNP_6_E11_1464804	5	177192021	177192936	2	-2.65
DADOS_p_TCGAb3_85_86_87_88_NSP_GenomeWideSNP_6_E11_1464804	5	177198586	180311316	1811	-8e-04
DADOS_p_TCGAb3_85_86_87_88_NSP_GenomeWideSNP_6_E11_1464804	5	180311494	180350709	18	-0.6578
DADOS_p_TCGAb3_85_86_87_88_NSP_GenomeWideSNP_6_E11_1464804	5	180365831	180722926	171	-0.005
DADOS_p_TCGAb3_85_86_87_88_NSP_GenomeWideSNP_6_E11_1464804	6	94661	29945051	21756	8e-04
DADOS_p_TCGAb3_85_86_87_88_NSP_GenomeWideSNP_6_E11_1464804	6	29945166	29989237	27	0.5635
DADOS_p_TCGAb3_85_86_87_88_NSP_GenomeWideSNP_6_E11_1464804	6	29989326	31388802	662	0.0138
DADOS_p_TCGAb3_85_86_87_88_NSP_GenomeWideSNP_6_E11_1464804	6	31394255	31403385	7	0.684
DADOS_p_TCGAb3_85_86_87_88_NSP_GenomeWideSNP_6_E11_1464804	6	31403932	32562253	514	-0.0443
DADOS_p_TCGAb3_85_86_87_88_NSP_GenomeWideSNP_6_E11_1464804	6	32562501	32678343	31	-0.5064
DADOS_p_TCGAb3_85_86_87_88_NSP_GenomeWideSNP_6_E11_1464804	6	32681749	35612126	1669	0.0048
DADOS_p_TCGAb3_85_86_87_88_NSP_GenomeWideSNP_6_E11_1464804	6	35613289	35672789	31	0.582
DADOS_p_TCGAb3_85_86_87_88_NSP_GenomeWideSNP_6_E11_1464804	6	35676552	49038412	8754	0.0047
DADOS_p_TCGAb3_85_86_87_88_NSP_GenomeWideSNP_6_E11_1464804	6	49038824	49043159	6	-0.9141
DADOS_p_TCGAb3_85_86_87_88_NSP_GenomeWideSNP_6_E11_1464804	6	49054522	54039110	3318	0
DADOS_p_TCGAb3_85_86_87_88_NSP_GenomeWideSNP_6_E11_1464804	6	54039189	54043307	7	0.8949
DADOS_p_TCGAb3_85_86_87_88_NSP_GenomeWideSNP_6_E11_1464804	6	54043374	74648586	10523	-0.004
DADOS_p_TCGAb3_85_86_87_88_NSP_GenomeWideSNP_6_E11_1464804	6	74648953	74658138	10	0.7874
DADOS_p_TCGAb3_85_86_87_88_NSP_GenomeWideSNP_6_E11_1464804	6	74660283	77493251	1771	-5e-04
DADOS_p_TCGAb3_85_86_87_88_NSP_GenomeWideSNP_6_E11_1464804	6	77496587	77509476	21	-0.7941
DADOS_p_TCGAb3_85_86_87_88_NSP_GenomeWideSNP_6_E11_1464804	6	77517792	79028807	987	-0.0111
DADOS_p_TCGAb3_85_86_87_88_NSP_GenomeWideSNP_6_E11_1464804	6	79028863	79091904	103	0.3134
DADOS_p_TCGAb3_85_86_87_88_NSP_GenomeWideSNP_6_E11_1464804	6	79095953	86543660	4726	0.0026
DADOS_p_TCGAb3_85_86_87_88_NSP_GenomeWideSNP_6_E11_1464804	6	86546537	86548446	2	-1.0831
DADOS_p_TCGAb3_85_86_87_88_NSP_GenomeWideSNP_6_E11_1464804	6	86551789	87463359	485	0.0173
DADOS_p_TCGAb3_85_86_87_88_NSP_GenomeWideSNP_6_E11_1464804	6	87463369	87467835	21	-1.0575
DADOS_p_TCGAb3_85_86_87_88_NSP_GenomeWideSNP_6_E11_1464804	6	87467837	103841522	10261	-0.0035
DADOS_p_TCGAb3_85_86_87_88_NSP_GenomeWideSNP_6_E11_1464804	6	103844669	103868754	46	0.6754
DADOS_p_TCGAb3_85_86_87_88_NSP_GenomeWideSNP_6_E11_1464804	6	103872163	157699483	34825	-0.0023
DADOS_p_TCGAb3_85_86_87_88_NSP_GenomeWideSNP_6_E11_1464804	6	157701252	157716064	3	1.2039
DADOS_p_TCGAb3_85_86_87_88_NSP_GenomeWideSNP_6_E11_1464804	6	157716982	157876118	44	0.0368
DADOS_p_TCGAb3_85_86_87_88_NSP_GenomeWideSNP_6_E11_1464804	6	157876267	157876496	4	-0.8487
DADOS_p_TCGAb3_85_86_87_88_NSP_GenomeWideSNP_6_E11_1464804	6	157880691	167500016	7256	-0.0047
DADOS_p_TCGAb3_85_86_87_88_NSP_GenomeWideSNP_6_E11_1464804	6	167512519	167514174	2	1.1248
DADOS_p_TCGAb3_85_86_87_88_NSP_GenomeWideSNP_6_E11_1464804	6	167517235	168334983	437	-0.0418
DADOS_p_TCGAb3_85_86_87_88_NSP_GenomeWideSNP_6_E11_1464804	6	168335829	168342817	9	-0.6061
DADOS_p_TCGAb3_85_86_87_88_NSP_GenomeWideSNP_6_E11_1464804	6	168347973	170892930	1686	-0.0041
DADOS_p_TCGAb3_85_86_87_88_NSP_GenomeWideSNP_6_E11_1464804	7	52911	13059741	8502	-0.0057
DADOS_p_TCGAb3_85_86_87_88_NSP_GenomeWideSNP_6_E11_1464804	7	13060476	13096594	25	-1.0915
DADOS_p_TCGAb3_85_86_87_88_NSP_GenomeWideSNP_6_E11_1464804	7	13097182	26098815	10355	-0.0034
DADOS_p_TCGAb3_85_86_87_88_NSP_GenomeWideSNP_6_E11_1464804	7	26108917	26111938	4	-0.9919
DADOS_p_TCGAb3_85_86_87_88_NSP_GenomeWideSNP_6_E11_1464804	7	26113744	53380368	19018	8e-04
DADOS_p_TCGAb3_85_86_87_88_NSP_GenomeWideSNP_6_E11_1464804	7	53380387	53380414	2	-2.2223
DADOS_p_TCGAb3_85_86_87_88_NSP_GenomeWideSNP_6_E11_1464804	7	53380818	54347867	688	-0.0099
DADOS_p_TCGAb3_85_86_87_88_NSP_GenomeWideSNP_6_E11_1464804	7	54353999	54354011	6	2.5629
DADOS_p_TCGAb3_85_86_87_88_NSP_GenomeWideSNP_6_E11_1464804	7	54360982	76017650	8498	-0.0028
DADOS_p_TCGAb3_85_86_87_88_NSP_GenomeWideSNP_6_E11_1464804	7	76035366	76444748	254	0.4295
DADOS_p_TCGAb3_85_86_87_88_NSP_GenomeWideSNP_6_E11_1464804	7	76445231	109228480	20089	-0.0051
DADOS_p_TCGAb3_85_86_87_88_NSP_GenomeWideSNP_6_E11_1464804	7	109228865	109241039	7	-0.8626
DADOS_p_TCGAb3_85_86_87_88_NSP_GenomeWideSNP_6_E11_1464804	7	109241055	117918916	5339	-0.0059
DADOS_p_TCGAb3_85_86_87_88_NSP_GenomeWideSNP_6_E11_1464804	7	117922977	117948608	16	-1.04
DADOS_p_TCGAb3_85_86_87_88_NSP_GenomeWideSNP_6_E11_1464804	7	117951966	139838811	13552	0
DADOS_p_TCGAb3_85_86_87_88_NSP_GenomeWideSNP_6_E11_1464804	7	139839328	139845481	13	-0.7291
DADOS_p_TCGAb3_85_86_87_88_NSP_GenomeWideSNP_6_E11_1464804	7	139853071	142154515	1572	0.0068
DADOS_p_TCGAb3_85_86_87_88_NSP_GenomeWideSNP_6_E11_1464804	7	142156294	142186497	32	0.4859
DADOS_p_TCGAb3_85_86_87_88_NSP_GenomeWideSNP_6_E11_1464804	7	142186562	142933203	468	0.005
DADOS_p_TCGAb3_85_86_87_88_NSP_GenomeWideSNP_6_E11_1464804	7	142933890	143028975	28	0.3012
DADOS_p_TCGAb3_85_86_87_88_NSP_GenomeWideSNP_6_E11_1464804	7	143028993	143061967	20	-0.0612
DADOS_p_TCGAb3_85_86_87_88_NSP_GenomeWideSNP_6_E11_1464804	7	143075149	143209120	57	0.2677
DADOS_p_TCGAb3_85_86_87_88_NSP_GenomeWideSNP_6_E11_1464804	7	143215615	143540378	266	0.0154
DADOS_p_TCGAb3_85_86_87_88_NSP_GenomeWideSNP_6_E11_1464804	7	143542557	143706451	41	-0.4815
DADOS_p_TCGAb3_85_86_87_88_NSP_GenomeWideSNP_6_E11_1464804	7	143706682	154592319	7008	-0.0051
DADOS_p_TCGAb3_85_86_87_88_NSP_GenomeWideSNP_6_E11_1464804	7	154594196	154597447	16	-0.9547
DADOS_p_TCGAb3_85_86_87_88_NSP_GenomeWideSNP_6_E11_1464804	7	154597467	158819765	2669	-0.0104
DADOS_p_TCGAb3_85_86_87_88_NSP_GenomeWideSNP_6_E11_1464804	8	21254	583041	326	-0.0405
DADOS_p_TCGAb3_85_86_87_88_NSP_GenomeWideSNP_6_E11_1464804	8	584944	585908	10	0.979
DADOS_p_TCGAb3_85_86_87_88_NSP_GenomeWideSNP_6_E11_1464804	8	591043	1998622	1070	0.0092
DADOS_p_TCGAb3_85_86_87_88_NSP_GenomeWideSNP_6_E11_1464804	8	2000009	2000641	3	-0.9729
DADOS_p_TCGAb3_85_86_87_88_NSP_GenomeWideSNP_6_E11_1464804	8	2003460	2235234	240	0.0085
DADOS_p_TCGAb3_85_86_87_88_NSP_GenomeWideSNP_6_E11_1464804	8	2242045	2246765	12	-2.0717
DADOS_p_TCGAb3_85_86_87_88_NSP_GenomeWideSNP_6_E11_1464804	8	2257735	3771595	1778	-0.017
DADOS_p_TCGAb3_85_86_87_88_NSP_GenomeWideSNP_6_E11_1464804	8	3774468	3777514	24	-0.7377
DADOS_p_TCGAb3_85_86_87_88_NSP_GenomeWideSNP_6_E11_1464804	8	3778626	4697836	1520	-0.0237
DADOS_p_TCGAb3_85_86_87_88_NSP_GenomeWideSNP_6_E11_1464804	8	4706329	4742185	42	-1.0353
DADOS_p_TCGAb3_85_86_87_88_NSP_GenomeWideSNP_6_E11_1464804	8	4745567	7836168	2980	-0.0305
DADOS_p_TCGAb3_85_86_87_88_NSP_GenomeWideSNP_6_E11_1464804	8	7836261	7973265	29	-0.7642
DADOS_p_TCGAb3_85_86_87_88_NSP_GenomeWideSNP_6_E11_1464804	8	7980592	8015597	20	-0.0242
DADOS_p_TCGAb3_85_86_87_88_NSP_GenomeWideSNP_6_E11_1464804	8	8027373	8034591	5	-1.0668
DADOS_p_TCGAb3_85_86_87_88_NSP_GenomeWideSNP_6_E11_1464804	8	8039783	9433595	1284	-0.0011
DADOS_p_TCGAb3_85_86_87_88_NSP_GenomeWideSNP_6_E11_1464804	8	9433869	9434059	2	-2.8572
DADOS_p_TCGAb3_85_86_87_88_NSP_GenomeWideSNP_6_E11_1464804	8	9434748	9539310	67	-0.0704
DADOS_p_TCGAb3_85_86_87_88_NSP_GenomeWideSNP_6_E11_1464804	8	9539368	9539671	6	-0.9671
DADOS_p_TCGAb3_85_86_87_88_NSP_GenomeWideSNP_6_E11_1464804	8	9539746	12325492	1951	3e-04
DADOS_p_TCGAb3_85_86_87_88_NSP_GenomeWideSNP_6_E11_1464804	8	12348483	12356009	6	-0.8228
DADOS_p_TCGAb3_85_86_87_88_NSP_GenomeWideSNP_6_E11_1464804	8	12366268	12421814	20	-0.0565
DADOS_p_TCGAb3_85_86_87_88_NSP_GenomeWideSNP_6_E11_1464804	8	12421849	12435142	5	-0.8573
DADOS_p_TCGAb3_85_86_87_88_NSP_GenomeWideSNP_6_E11_1464804	8	12447424	25028104	10447	-5e-04
DADOS_p_TCGAb3_85_86_87_88_NSP_GenomeWideSNP_6_E11_1464804	8	25030360	25040250	27	-0.7908
DADOS_p_TCGAb3_85_86_87_88_NSP_GenomeWideSNP_6_E11_1464804	8	25047021	32798408	5452	1e-04
DADOS_p_TCGAb3_85_86_87_88_NSP_GenomeWideSNP_6_E11_1464804	8	32802640	32807955	8	2.5248
DADOS_p_TCGAb3_85_86_87_88_NSP_GenomeWideSNP_6_E11_1464804	8	32811648	39345008	3576	0.0081
DADOS_p_TCGAb3_85_86_87_88_NSP_GenomeWideSNP_6_E11_1464804	8	39345045	39508186	70	0.3684
DADOS_p_TCGAb3_85_86_87_88_NSP_GenomeWideSNP_6_E11_1464804	8	39508281	40891153	1070	0.0038
DADOS_p_TCGAb3_85_86_87_88_NSP_GenomeWideSNP_6_E11_1464804	8	40897009	40897628	2	1.1514
DADOS_p_TCGAb3_85_86_87_88_NSP_GenomeWideSNP_6_E11_1464804	8	40902837	55371785	6199	-0.003
DADOS_p_TCGAb3_85_86_87_88_NSP_GenomeWideSNP_6_E11_1464804	8	55373358	55373671	4	-1.0783
DADOS_p_TCGAb3_85_86_87_88_NSP_GenomeWideSNP_6_E11_1464804	8	55373766	58280040	1924	7e-04
DADOS_p_TCGAb3_85_86_87_88_NSP_GenomeWideSNP_6_E11_1464804	8	58280606	58292579	3	-2.0837
DADOS_p_TCGAb3_85_86_87_88_NSP_GenomeWideSNP_6_E11_1464804	8	58295352	125746581	41499	-0.0043
DADOS_p_TCGAb3_85_86_87_88_NSP_GenomeWideSNP_6_E11_1464804	8	125747348	125750280	4	-1.0784
DADOS_p_TCGAb3_85_86_87_88_NSP_GenomeWideSNP_6_E11_1464804	8	125750591	143217392	13231	-0.0036
DADOS_p_TCGAb3_85_86_87_88_NSP_GenomeWideSNP_6_E11_1464804	8	143217967	143240454	13	-0.4295
DADOS_p_TCGAb3_85_86_87_88_NSP_GenomeWideSNP_6_E11_1464804	8	143245585	146268959	1062	8e-04
DADOS_p_TCGAb3_85_86_87_88_NSP_GenomeWideSNP_6_E11_1464804	9	36587	500700	393	-0.0313
DADOS_p_TCGAb3_85_86_87_88_NSP_GenomeWideSNP_6_E11_1464804	9	500862	516993	17	-0.6995
DADOS_p_TCGAb3_85_86_87_88_NSP_GenomeWideSNP_6_E11_1464804	9	521565	7527507	6883	-0.0074
DADOS_p_TCGAb3_85_86_87_88_NSP_GenomeWideSNP_6_E11_1464804	9	7527567	7529567	5	-0.9971
DADOS_p_TCGAb3_85_86_87_88_NSP_GenomeWideSNP_6_E11_1464804	9	7531470	8707569	1097	9e-04
DADOS_p_TCGAb3_85_86_87_88_NSP_GenomeWideSNP_6_E11_1464804	9	8709487	8709549	2	-1.8478
DADOS_p_TCGAb3_85_86_87_88_NSP_GenomeWideSNP_6_E11_1464804	9	8721709	39136299	22837	-0.0036
DADOS_p_TCGAb3_85_86_87_88_NSP_GenomeWideSNP_6_E11_1464804	9	39136318	39152246	6	-1.1246
DADOS_p_TCGAb3_85_86_87_88_NSP_GenomeWideSNP_6_E11_1464804	9	39152737	41942516	122	-0.1427
DADOS_p_TCGAb3_85_86_87_88_NSP_GenomeWideSNP_6_E11_1464804	9	41962506	41968375	2	-2.0574
DADOS_p_TCGAb3_85_86_87_88_NSP_GenomeWideSNP_6_E11_1464804	9	41975187	44181813	94	-0.0416
DADOS_p_TCGAb3_85_86_87_88_NSP_GenomeWideSNP_6_E11_1464804	9	44183430	44325975	14	-0.7206
DADOS_p_TCGAb3_85_86_87_88_NSP_GenomeWideSNP_6_E11_1464804	9	44336695	46278026	124	0.0678
DADOS_p_TCGAb3_85_86_87_88_NSP_GenomeWideSNP_6_E11_1464804	9	46278193	67050507	51	-0.2455
DADOS_p_TCGAb3_85_86_87_88_NSP_GenomeWideSNP_6_E11_1464804	9	67216185	67673801	22	0.055
DADOS_p_TCGAb3_85_86_87_88_NSP_GenomeWideSNP_6_E11_1464804	9	67675871	67678367	8	1.1444
DADOS_p_TCGAb3_85_86_87_88_NSP_GenomeWideSNP_6_E11_1464804	9	67699736	82170382	8993	-0.0023
DADOS_p_TCGAb3_85_86_87_88_NSP_GenomeWideSNP_6_E11_1464804	9	82172215	82174311	6	-1.1983
DADOS_p_TCGAb3_85_86_87_88_NSP_GenomeWideSNP_6_E11_1464804	9	82175546	105606318	16090	-0.0011
DADOS_p_TCGAb3_85_86_87_88_NSP_GenomeWideSNP_6_E11_1464804	9	105608517	105609111	2	-2.8835
DADOS_p_TCGAb3_85_86_87_88_NSP_GenomeWideSNP_6_E11_1464804	9	105610523	138546887	22563	-1e-04
DADOS_p_TCGAb3_85_86_87_88_NSP_GenomeWideSNP_6_E11_1464804	9	138551176	138551573	3	-1.7877
DADOS_p_TCGAb3_85_86_87_88_NSP_GenomeWideSNP_6_E11_1464804	9	138553622	140211215	600	-0.0128
DADOS_p_TCGAb3_85_86_87_88_NSP_GenomeWideSNP_6_E11_1464804	10	62809	17934982	14891	0.0029
DADOS_p_TCGAb3_85_86_87_88_NSP_GenomeWideSNP_6_E11_1464804	10	17967560	17978214	2	-2.2953
DADOS_p_TCGAb3_85_86_87_88_NSP_GenomeWideSNP_6_E11_1464804	10	17989863	24415269	4361	0.0139
DADOS_p_TCGAb3_85_86_87_88_NSP_GenomeWideSNP_6_E11_1464804	10	24417680	24418914	12	0.5175
DADOS_p_TCGAb3_85_86_87_88_NSP_GenomeWideSNP_6_E11_1464804	10	24418957	37861771	9347	-0.007
DADOS_p_TCGAb3_85_86_87_88_NSP_GenomeWideSNP_6_E11_1464804	10	37861904	37861995	3	-1.0651
DADOS_p_TCGAb3_85_86_87_88_NSP_GenomeWideSNP_6_E11_1464804	10	37865495	46111486	2980	-0.003
DADOS_p_TCGAb3_85_86_87_88_NSP_GenomeWideSNP_6_E11_1464804	10	46337321	46351595	3	-1.516
DADOS_p_TCGAb3_85_86_87_88_NSP_GenomeWideSNP_6_E11_1464804	10	46352201	51510990	2132	-0.0267
DADOS_p_TCGAb3_85_86_87_88_NSP_GenomeWideSNP_6_E11_1464804	10	51527225	51664845	10	0.6254
DADOS_p_TCGAb3_85_86_87_88_NSP_GenomeWideSNP_6_E11_1464804	10	51670542	58873055	5452	-0.005
DADOS_p_TCGAb3_85_86_87_88_NSP_GenomeWideSNP_6_E11_1464804	10	58880511	58880779	4	-1.1101
DADOS_p_TCGAb3_85_86_87_88_NSP_GenomeWideSNP_6_E11_1464804	10	58888501	66068684	4906	0.0025
DADOS_p_TCGAb3_85_86_87_88_NSP_GenomeWideSNP_6_E11_1464804	10	66069415	66069875	2	-1.6761
DADOS_p_TCGAb3_85_86_87_88_NSP_GenomeWideSNP_6_E11_1464804	10	66072837	66966333	647	-0.0045
DADOS_p_TCGAb3_85_86_87_88_NSP_GenomeWideSNP_6_E11_1464804	10	66968607	66998447	47	-0.7788
DADOS_p_TCGAb3_85_86_87_88_NSP_GenomeWideSNP_6_E11_1464804	10	66999412	107046269	25727	0.0022
DADOS_p_TCGAb3_85_86_87_88_NSP_GenomeWideSNP_6_E11_1464804	10	107047028	107049160	3	-3.8839
DADOS_p_TCGAb3_85_86_87_88_NSP_GenomeWideSNP_6_E11_1464804	10	107052466	122753665	11233	7e-04
DADOS_p_TCGAb3_85_86_87_88_NSP_GenomeWideSNP_6_E11_1464804	10	122760653	122767488	20	-0.7616
DADOS_p_TCGAb3_85_86_87_88_NSP_GenomeWideSNP_6_E11_1464804	10	122779532	135356694	9340	-0.0021
DADOS_p_TCGAb3_85_86_87_88_NSP_GenomeWideSNP_6_E11_1464804	11	188510	723813	175	-0.0369
DADOS_p_TCGAb3_85_86_87_88_NSP_GenomeWideSNP_6_E11_1464804	11	731820	733813	4	-1.1895
DADOS_p_TCGAb3_85_86_87_88_NSP_GenomeWideSNP_6_E11_1464804	11	735581	4923827	2294	-0.0012
DADOS_p_TCGAb3_85_86_87_88_NSP_GenomeWideSNP_6_E11_1464804	11	4923952	4932281	32	-0.3998
DADOS_p_TCGAb3_85_86_87_88_NSP_GenomeWideSNP_6_E11_1464804	11	4932833	5740499	799	-0.0073
DADOS_p_TCGAb3_85_86_87_88_NSP_GenomeWideSNP_6_E11_1464804	11	5743981	5766037	35	-0.5255
DADOS_p_TCGAb3_85_86_87_88_NSP_GenomeWideSNP_6_E11_1464804	11	5768936	7769616	1504	-0.0075
DADOS_p_TCGAb3_85_86_87_88_NSP_GenomeWideSNP_6_E11_1464804	11	7770036	7788834	6	-0.895
DADOS_p_TCGAb3_85_86_87_88_NSP_GenomeWideSNP_6_E11_1464804	11	7793585	18907713	7931	0.0016
DADOS_p_TCGAb3_85_86_87_88_NSP_GenomeWideSNP_6_E11_1464804	11	18908082	18916691	22	-0.3763
DADOS_p_TCGAb3_85_86_87_88_NSP_GenomeWideSNP_6_E11_1464804	11	18917326	25562420	5280	-0.007
DADOS_p_TCGAb3_85_86_87_88_NSP_GenomeWideSNP_6_E11_1464804	11	25565122	25581317	23	-0.9602
DADOS_p_TCGAb3_85_86_87_88_NSP_GenomeWideSNP_6_E11_1464804	11	25590159	42769727	11930	-0.0046
DADOS_p_TCGAb3_85_86_87_88_NSP_GenomeWideSNP_6_E11_1464804	11	42773062	42774615	2	-2.7892
DADOS_p_TCGAb3_85_86_87_88_NSP_GenomeWideSNP_6_E11_1464804	11	42777179	55117986	4635	-0.0043
DADOS_p_TCGAb3_85_86_87_88_NSP_GenomeWideSNP_6_E11_1464804	11	55118007	55209585	61	-0.5542
DADOS_p_TCGAb3_85_86_87_88_NSP_GenomeWideSNP_6_E11_1464804	11	55210152	58566573	2075	-0.0013
DADOS_p_TCGAb3_85_86_87_88_NSP_GenomeWideSNP_6_E11_1464804	11	58567817	58610341	22	0.4083
DADOS_p_TCGAb3_85_86_87_88_NSP_GenomeWideSNP_6_E11_1464804	11	58611595	67228909	4137	-0.0023
DADOS_p_TCGAb3_85_86_87_88_NSP_GenomeWideSNP_6_E11_1464804	11	67229481	67267202	10	-0.4789
DADOS_p_TCGAb3_85_86_87_88_NSP_GenomeWideSNP_6_E11_1464804	11	67268917	73701905	3328	-0.0032
DADOS_p_TCGAb3_85_86_87_88_NSP_GenomeWideSNP_6_E11_1464804	11	73702937	73703876	2	-1.422
DADOS_p_TCGAb3_85_86_87_88_NSP_GenomeWideSNP_6_E11_1464804	11	73707178	85983309	8232	-0.0052
DADOS_p_TCGAb3_85_86_87_88_NSP_GenomeWideSNP_6_E11_1464804	11	85983461	85983626	4	-1.1296
DADOS_p_TCGAb3_85_86_87_88_NSP_GenomeWideSNP_6_E11_1464804	11	85983702	89114479	2118	-0.0105
DADOS_p_TCGAb3_85_86_87_88_NSP_GenomeWideSNP_6_E11_1464804	11	89127597	89141614	4	-2.2902
DADOS_p_TCGAb3_85_86_87_88_NSP_GenomeWideSNP_6_E11_1464804	11	89153876	134449982	32503	-0.0023
DADOS_p_TCGAb3_85_86_87_88_NSP_GenomeWideSNP_6_E11_1464804	12	20703	8449903	5620	-0.0102
DADOS_p_TCGAb3_85_86_87_88_NSP_GenomeWideSNP_6_E11_1464804	12	8450059	8450372	3	1.0861
DADOS_p_TCGAb3_85_86_87_88_NSP_GenomeWideSNP_6_E11_1464804	12	8450389	29051048	14177	0.0015
DADOS_p_TCGAb3_85_86_87_88_NSP_GenomeWideSNP_6_E11_1464804	12	29054895	29055789	3	-1.2968
DADOS_p_TCGAb3_85_86_87_88_NSP_GenomeWideSNP_6_E11_1464804	12	29059250	31797939	2057	0.0019
DADOS_p_TCGAb3_85_86_87_88_NSP_GenomeWideSNP_6_E11_1464804	12	31798541	31801175	4	-1.019
DADOS_p_TCGAb3_85_86_87_88_NSP_GenomeWideSNP_6_E11_1464804	12	31808487	33278024	1089	-0.0039
DADOS_p_TCGAb3_85_86_87_88_NSP_GenomeWideSNP_6_E11_1464804	12	33280096	33286409	4	-2.2893
DADOS_p_TCGAb3_85_86_87_88_NSP_GenomeWideSNP_6_E11_1464804	12	33286685	62238722	16245	-0.0046
DADOS_p_TCGAb3_85_86_87_88_NSP_GenomeWideSNP_6_E11_1464804	12	62247717	62421072	60	0.5084
DADOS_p_TCGAb3_85_86_87_88_NSP_GenomeWideSNP_6_E11_1464804	12	62421694	86296169	14987	3e-04
DADOS_p_TCGAb3_85_86_87_88_NSP_GenomeWideSNP_6_E11_1464804	12	86296256	86296379	3	-1.047
DADOS_p_TCGAb3_85_86_87_88_NSP_GenomeWideSNP_6_E11_1464804	12	86297296	98315945	8041	-0.0024
DADOS_p_TCGAb3_85_86_87_88_NSP_GenomeWideSNP_6_E11_1464804	12	98319424	98322865	31	-0.5616
DADOS_p_TCGAb3_85_86_87_88_NSP_GenomeWideSNP_6_E11_1464804	12	98327224	132288262	22780	-0.0014
DADOS_p_TCGAb3_85_86_87_88_NSP_GenomeWideSNP_6_E11_1464804	13	17924949	31430121	9650	-0.0026
DADOS_p_TCGAb3_85_86_87_88_NSP_GenomeWideSNP_6_E11_1464804	13	31430622	31436423	18	-1.0214
DADOS_p_TCGAb3_85_86_87_88_NSP_GenomeWideSNP_6_E11_1464804	13	31438047	36970036	3905	-0.0045
DADOS_p_TCGAb3_85_86_87_88_NSP_GenomeWideSNP_6_E11_1464804	13	36970224	36982757	15	-0.7687
DADOS_p_TCGAb3_85_86_87_88_NSP_GenomeWideSNP_6_E11_1464804	13	36986330	114126499	50758	-0.0075
DADOS_p_TCGAb3_85_86_87_88_NSP_GenomeWideSNP_6_E11_1464804	14	18072124	19493212	190	-0.3927
DADOS_p_TCGAb3_85_86_87_88_NSP_GenomeWideSNP_6_E11_1464804	14	19494766	20431876	719	-0.0039
DADOS_p_TCGAb3_85_86_87_88_NSP_GenomeWideSNP_6_E11_1464804	14	20433188	20490928	23	-1.1064
DADOS_p_TCGAb3_85_86_87_88_NSP_GenomeWideSNP_6_E11_1464804	14	20494558	22099352	1189	0.009
DADOS_p_TCGAb3_85_86_87_88_NSP_GenomeWideSNP_6_E11_1464804	14	22099501	22101910	7	-0.6961
DADOS_p_TCGAb3_85_86_87_88_NSP_GenomeWideSNP_6_E11_1464804	14	22102495	22161945	46	-0.0877
DADOS_p_TCGAb3_85_86_87_88_NSP_GenomeWideSNP_6_E11_1464804	14	22164685	22169049	7	-0.8262
DADOS_p_TCGAb3_85_86_87_88_NSP_GenomeWideSNP_6_E11_1464804	14	22169230	23554299	771	0.0012
DADOS_p_TCGAb3_85_86_87_88_NSP_GenomeWideSNP_6_E11_1464804	14	23557983	23564083	17	0.5006
DADOS_p_TCGAb3_85_86_87_88_NSP_GenomeWideSNP_6_E11_1464804	14	23564489	105920721	52359	-0.0015
DADOS_p_TCGAb3_85_86_87_88_NSP_GenomeWideSNP_6_E11_1464804	14	105921954	105989139	63	-0.6707
DADOS_p_TCGAb3_85_86_87_88_NSP_GenomeWideSNP_6_E11_1464804	14	105989153	106223315	129	-0.0481
DADOS_p_TCGAb3_85_86_87_88_NSP_GenomeWideSNP_6_E11_1464804	14	106223388	106255229	27	-0.6463
DADOS_p_TCGAb3_85_86_87_88_NSP_GenomeWideSNP_6_E11_1464804	14	106255421	106356482	68	-0.0036
DADOS_p_TCGAb3_85_86_87_88_NSP_GenomeWideSNP_6_E11_1464804	15	18276341	18846002	106	-0.1367
DADOS_p_TCGAb3_85_86_87_88_NSP_GenomeWideSNP_6_E11_1464804	15	18846104	18850041	12	0.3297
DADOS_p_TCGAb3_85_86_87_88_NSP_GenomeWideSNP_6_E11_1464804	15	18850056	19438545	163	-0.2642
DADOS_p_TCGAb3_85_86_87_88_NSP_GenomeWideSNP_6_E11_1464804	15	19451059	19764921	26	-0.7771
DADOS_p_TCGAb3_85_86_87_88_NSP_GenomeWideSNP_6_E11_1464804	15	19781841	25592218	3509	-0.0094
DADOS_p_TCGAb3_85_86_87_88_NSP_GenomeWideSNP_6_E11_1464804	15	25593092	25601401	13	-0.9769
DADOS_p_TCGAb3_85_86_87_88_NSP_GenomeWideSNP_6_E11_1464804	15	25602389	29900576	2165	-0.0117
DADOS_p_TCGAb3_85_86_87_88_NSP_GenomeWideSNP_6_E11_1464804	15	29900605	29930178	23	0.4317
DADOS_p_TCGAb3_85_86_87_88_NSP_GenomeWideSNP_6_E11_1464804	15	29935849	30647150	311	-0.0257
DADOS_p_TCGAb3_85_86_87_88_NSP_GenomeWideSNP_6_E11_1464804	15	30664123	30702897	10	-0.5169
DADOS_p_TCGAb3_85_86_87_88_NSP_GenomeWideSNP_6_E11_1464804	15	30712609	38224375	5565	-0.0076
DADOS_p_TCGAb3_85_86_87_88_NSP_GenomeWideSNP_6_E11_1464804	15	38231626	38231639	2	-1.3743
DADOS_p_TCGAb3_85_86_87_88_NSP_GenomeWideSNP_6_E11_1464804	15	38238017	53862207	9257	-0.0043
DADOS_p_TCGAb3_85_86_87_88_NSP_GenomeWideSNP_6_E11_1464804	15	53868369	53875119	9	-0.8522
DADOS_p_TCGAb3_85_86_87_88_NSP_GenomeWideSNP_6_E11_1464804	15	53877901	100286563	30903	-0.0058
DADOS_p_TCGAb3_85_86_87_88_NSP_GenomeWideSNP_6_E11_1464804	16	777	32054387	20103	-0.006
DADOS_p_TCGAb3_85_86_87_88_NSP_GenomeWideSNP_6_E11_1464804	16	32066353	32964249	147	-0.4142
DADOS_p_TCGAb3_85_86_87_88_NSP_GenomeWideSNP_6_E11_1464804	16	33004923	54354095	7090	-9e-04
DADOS_p_TCGAb3_85_86_87_88_NSP_GenomeWideSNP_6_E11_1464804	16	54355723	54366725	9	0.8611
DADOS_p_TCGAb3_85_86_87_88_NSP_GenomeWideSNP_6_E11_1464804	16	54366967	77616670	15469	6e-04
DADOS_p_TCGAb3_85_86_87_88_NSP_GenomeWideSNP_6_E11_1464804	16	77617653	77620657	15	-1.2503
DADOS_p_TCGAb3_85_86_87_88_NSP_GenomeWideSNP_6_E11_1464804	16	77621174	82447181	5301	0
DADOS_p_TCGAb3_85_86_87_88_NSP_GenomeWideSNP_6_E11_1464804	16	82448961	82449270	3	-1.1183
DADOS_p_TCGAb3_85_86_87_88_NSP_GenomeWideSNP_6_E11_1464804	16	82449419	88815036	4399	-0.0017
DADOS_p_TCGAb3_85_86_87_88_NSP_GenomeWideSNP_6_E11_1464804	17	526	6041922	3381	-0.0078
DADOS_p_TCGAb3_85_86_87_88_NSP_GenomeWideSNP_6_E11_1464804	17	6047210	6073498	29	-1.1331
DADOS_p_TCGAb3_85_86_87_88_NSP_GenomeWideSNP_6_E11_1464804	17	6073536	13455247	5009	0.0096
DADOS_p_TCGAb3_85_86_87_88_NSP_GenomeWideSNP_6_E11_1464804	17	13455787	13457847	4	-1.5404
DADOS_p_TCGAb3_85_86_87_88_NSP_GenomeWideSNP_6_E11_1464804	17	13459635	18257906	3021	-0.0112
DADOS_p_TCGAb3_85_86_87_88_NSP_GenomeWideSNP_6_E11_1464804	17	18257918	18353283	21	0.5454
DADOS_p_TCGAb3_85_86_87_88_NSP_GenomeWideSNP_6_E11_1464804	17	18367186	31464091	6938	-0.0047
DADOS_p_TCGAb3_85_86_87_88_NSP_GenomeWideSNP_6_E11_1464804	17	31464911	31509204	35	-0.3834
DADOS_p_TCGAb3_85_86_87_88_NSP_GenomeWideSNP_6_E11_1464804	17	31552238	36675234	2546	-0.0033
DADOS_p_TCGAb3_85_86_87_88_NSP_GenomeWideSNP_6_E11_1464804	17	36676540	36683976	23	-1.5201
DADOS_p_TCGAb3_85_86_87_88_NSP_GenomeWideSNP_6_E11_1464804	17	36684057	41647935	2619	-0.0049
DADOS_p_TCGAb3_85_86_87_88_NSP_GenomeWideSNP_6_E11_1464804	17	41648396	42107479	67	-0.5167
DADOS_p_TCGAb3_85_86_87_88_NSP_GenomeWideSNP_6_E11_1464804	17	42120174	46835005	2450	-0.0056
DADOS_p_TCGAb3_85_86_87_88_NSP_GenomeWideSNP_6_E11_1464804	17	46835041	46836249	3	-1.2158
DADOS_p_TCGAb3_85_86_87_88_NSP_GenomeWideSNP_6_E11_1464804	17	46836257	73372264	16639	6e-04
DADOS_p_TCGAb3_85_86_87_88_NSP_GenomeWideSNP_6_E11_1464804	17	73372465	73378524	2	-2.4572
DADOS_p_TCGAb3_85_86_87_88_NSP_GenomeWideSNP_6_E11_1464804	17	73380221	78643088	2535	-0.0063
DADOS_p_TCGAb3_85_86_87_88_NSP_GenomeWideSNP_6_E11_1464804	18	1543	280824	108	-0.0414
DADOS_p_TCGAb3_85_86_87_88_NSP_GenomeWideSNP_6_E11_1464804	18	283519	297134	33	-0.9124
DADOS_p_TCGAb3_85_86_87_88_NSP_GenomeWideSNP_6_E11_1464804	18	300037	36512725	22711	-0.0019
DADOS_p_TCGAb3_85_86_87_88_NSP_GenomeWideSNP_6_E11_1464804	18	36514418	36523810	22	-0.6689
DADOS_p_TCGAb3_85_86_87_88_NSP_GenomeWideSNP_6_E11_1464804	18	36524070	40228013	2362	-0.002
DADOS_p_TCGAb3_85_86_87_88_NSP_GenomeWideSNP_6_E11_1464804	18	40228816	40232623	7	-0.9528
DADOS_p_TCGAb3_85_86_87_88_NSP_GenomeWideSNP_6_E11_1464804	18	40236669	61913280	15209	-2e-04
DADOS_p_TCGAb3_85_86_87_88_NSP_GenomeWideSNP_6_E11_1464804	18	61918120	61918902	3	-1.3342
DADOS_p_TCGAb3_85_86_87_88_NSP_GenomeWideSNP_6_E11_1464804	18	61926575	76116029	10384	-0.0063
DADOS_p_TCGAb3_85_86_87_88_NSP_GenomeWideSNP_6_E11_1464804	19	41910	15641041	6612	0.0013
DADOS_p_TCGAb3_85_86_87_88_NSP_GenomeWideSNP_6_E11_1464804	19	15641222	15694724	60	0.4367
DADOS_p_TCGAb3_85_86_87_88_NSP_GenomeWideSNP_6_E11_1464804	19	15694923	20944898	2626	-0.0077
DADOS_p_TCGAb3_85_86_87_88_NSP_GenomeWideSNP_6_E11_1464804	19	20944919	20945314	2	-1.4545
DADOS_p_TCGAb3_85_86_87_88_NSP_GenomeWideSNP_6_E11_1464804	19	20946008	48394873	11471	-0.0015
DADOS_p_TCGAb3_85_86_87_88_NSP_GenomeWideSNP_6_E11_1464804	19	48395344	48448077	21	-0.7371
DADOS_p_TCGAb3_85_86_87_88_NSP_GenomeWideSNP_6_E11_1464804	19	48458499	60018425	6253	-0.0132
DADOS_p_TCGAb3_85_86_87_88_NSP_GenomeWideSNP_6_E11_1464804	19	60022466	60039775	12	-1.0136
DADOS_p_TCGAb3_85_86_87_88_NSP_GenomeWideSNP_6_E11_1464804	19	60040503	60964869	446	0.0024
DADOS_p_TCGAb3_85_86_87_88_NSP_GenomeWideSNP_6_E11_1464804	19	60969862	60974841	5	-0.9316
DADOS_p_TCGAb3_85_86_87_88_NSP_GenomeWideSNP_6_E11_1464804	19	60974879	61896070	687	-0.0119
DADOS_p_TCGAb3_85_86_87_88_NSP_GenomeWideSNP_6_E11_1464804	19	61897683	61903323	5	-0.9818
DADOS_p_TCGAb3_85_86_87_88_NSP_GenomeWideSNP_6_E11_1464804	19	61908640	63789666	1159	0.003
DADOS_p_TCGAb3_85_86_87_88_NSP_GenomeWideSNP_6_E11_1464804	20	9305	1515454	1209	-0.016
DADOS_p_TCGAb3_85_86_87_88_NSP_GenomeWideSNP_6_E11_1464804	20	1515653	1541893	38	-0.6063
DADOS_p_TCGAb3_85_86_87_88_NSP_GenomeWideSNP_6_E11_1464804	20	1545946	5679199	2998	-0.0041
DADOS_p_TCGAb3_85_86_87_88_NSP_GenomeWideSNP_6_E11_1464804	20	5680675	5685039	3	-1.393
DADOS_p_TCGAb3_85_86_87_88_NSP_GenomeWideSNP_6_E11_1464804	20	5691282	5885769	165	-0.0063
DADOS_p_TCGAb3_85_86_87_88_NSP_GenomeWideSNP_6_E11_1464804	20	5887727	5888097	3	-1.6322
DADOS_p_TCGAb3_85_86_87_88_NSP_GenomeWideSNP_6_E11_1464804	20	5888278	46394081	26592	-0.0032
DADOS_p_TCGAb3_85_86_87_88_NSP_GenomeWideSNP_6_E11_1464804	20	46394155	46394212	2	-1.4364
DADOS_p_TCGAb3_85_86_87_88_NSP_GenomeWideSNP_6_E11_1464804	20	46394230	62426597	11488	-0.0026
DADOS_p_TCGAb3_85_86_87_88_NSP_GenomeWideSNP_6_E11_1464804	21	9758742	9948776	28	-0.2709
DADOS_p_TCGAb3_85_86_87_88_NSP_GenomeWideSNP_6_E11_1464804	21	9952302	9998553	32	0.1141
DADOS_p_TCGAb3_85_86_87_88_NSP_GenomeWideSNP_6_E11_1464804	21	9998570	13368583	70	-0.0972
DADOS_p_TCGAb3_85_86_87_88_NSP_GenomeWideSNP_6_E11_1464804	21	13374733	13471836	18	-0.559
DADOS_p_TCGAb3_85_86_87_88_NSP_GenomeWideSNP_6_E11_1464804	21	13482581	46921385	24271	-0.0094
DADOS_p_TCGAb3_85_86_87_88_NSP_GenomeWideSNP_6_E11_1464804	22	14432528	14619487	30	-0.2593
DADOS_p_TCGAb3_85_86_87_88_NSP_GenomeWideSNP_6_E11_1464804	22	14619968	14779151	24	-0.6148
DADOS_p_TCGAb3_85_86_87_88_NSP_GenomeWideSNP_6_E11_1464804	22	14782835	16435605	728	-0.0294
DADOS_p_TCGAb3_85_86_87_88_NSP_GenomeWideSNP_6_E11_1464804	22	16438748	16438885	2	2.513
DADOS_p_TCGAb3_85_86_87_88_NSP_GenomeWideSNP_6_E11_1464804	22	16442891	20139185	2092	-0.0029
DADOS_p_TCGAb3_85_86_87_88_NSP_GenomeWideSNP_6_E11_1464804	22	20145866	20174023	22	0.5441
DADOS_p_TCGAb3_85_86_87_88_NSP_GenomeWideSNP_6_E11_1464804	22	20175067	47654704	19431	-0.0057
DADOS_p_TCGAb3_85_86_87_88_NSP_GenomeWideSNP_6_E11_1464804	22	47655927	47656546	2	-2.145
DADOS_p_TCGAb3_85_86_87_88_NSP_GenomeWideSNP_6_E11_1464804	22	47659295	47873132	209	-0.0184
DADOS_p_TCGAb3_85_86_87_88_NSP_GenomeWideSNP_6_E11_1464804	22	47873144	47873421	4	-1.0866
DADOS_p_TCGAb3_85_86_87_88_NSP_GenomeWideSNP_6_E11_1464804	22	47874929	49581321	1023	-0.0342
DADOS_p_TCGAb3_85_86_87_88_NSP_GenomeWideSNP_6_E11_1464804	X	108477	2676353	95	-0.5938
DADOS_p_TCGAb3_85_86_87_88_NSP_GenomeWideSNP_6_E11_1464804	X	2713391	55717984	32022	0.0094
DADOS_p_TCGAb3_85_86_87_88_NSP_GenomeWideSNP_6_E11_1464804	X	55719384	55724281	3	-2.0406
DADOS_p_TCGAb3_85_86_87_88_NSP_GenomeWideSNP_6_E11_1464804	X	55724411	90853123	15346	-0.0011
DADOS_p_TCGAb3_85_86_87_88_NSP_GenomeWideSNP_6_E11_1464804	X	90853932	90858545	13	-0.6348
DADOS_p_TCGAb3_85_86_87_88_NSP_GenomeWideSNP_6_E11_1464804	X	90858667	92209788	519	-0.0323
DADOS_p_TCGAb3_85_86_87_88_NSP_GenomeWideSNP_6_E11_1464804	X	92209829	92231342	41	-0.5256
DADOS_p_TCGAb3_85_86_87_88_NSP_GenomeWideSNP_6_E11_1464804	X	92235379	154582502	36026	0.0067
DADOS_p_TCGAb3_85_86_87_88_NSP_GenomeWideSNP_6_E11_1464804	X	154582692	154835548	19	-0.619
DADOS_p_TCGAb3_85_86_87_88_NSP_GenomeWideSNP_6_E11_1464804	Y	2710438	3315255	205	-2.8824
DADOS_p_TCGAb3_85_86_87_88_NSP_GenomeWideSNP_6_E11_1464804	Y	3317144	5073165	374	-2.3825
DADOS_p_TCGAb3_85_86_87_88_NSP_GenomeWideSNP_6_E11_1464804	Y	5079145	6095471	224	-2.664
DADOS_p_TCGAb3_85_86_87_88_NSP_GenomeWideSNP_6_E11_1464804	Y	6099351	6099663	2	-7.0123
DADOS_p_TCGAb3_85_86_87_88_NSP_GenomeWideSNP_6_E11_1464804	Y	6108274	6161425	33	-2.5656
DADOS_p_TCGAb3_85_86_87_88_NSP_GenomeWideSNP_6_E11_1464804	Y	6167901	6373572	91	-3.9119
DADOS_p_TCGAb3_85_86_87_88_NSP_GenomeWideSNP_6_E11_1464804	Y	6375579	7459842	456	-2.9721
DADOS_p_TCGAb3_85_86_87_88_NSP_GenomeWideSNP_6_E11_1464804	Y	7460746	10398342	1206	-3.3232
DADOS_p_TCGAb3_85_86_87_88_NSP_GenomeWideSNP_6_E11_1464804	Y	10398770	13258488	558	-2.8869
DADOS_p_TCGAb3_85_86_87_88_NSP_GenomeWideSNP_6_E11_1464804	Y	13259082	18080874	2468	-3.1803
DADOS_p_TCGAb3_85_86_87_88_NSP_GenomeWideSNP_6_E11_1464804	Y	18084284	18125112	22	-4.3635
DADOS_p_TCGAb3_85_86_87_88_NSP_GenomeWideSNP_6_E11_1464804	Y	18125929	19301619	557	-3.6261
DADOS_p_TCGAb3_85_86_87_88_NSP_GenomeWideSNP_6_E11_1464804	Y	19307516	19484001	93	-4.2275
DADOS_p_TCGAb3_85_86_87_88_NSP_GenomeWideSNP_6_E11_1464804	Y	19484450	22919906	1273	-3.2
DADOS_p_TCGAb3_85_86_87_88_NSP_GenomeWideSNP_6_E11_1464804	Y	22924247	24627620	323	-3.763
DADOS_p_TCGAb3_85_86_87_88_NSP_GenomeWideSNP_6_E11_1464804	Y	24632208	25008090	86	-2.8865
DADOS_p_TCGAb3_85_86_87_88_NSP_GenomeWideSNP_6_E11_1464804	Y	25014206	25649572	83	-4.2099
DADOS_p_TCGAb3_85_86_87_88_NSP_GenomeWideSNP_6_E11_1464804	Y	25664067	26127678	97	-2.8379
DADOS_p_TCGAb3_85_86_87_88_NSP_GenomeWideSNP_6_E11_1464804	Y	26129939	26861404	259	-3.8532
DADOS_p_TCGAb3_85_86_87_88_NSP_GenomeWideSNP_6_E11_1464804	Y	26866725	57427647	175	-2.7174
