Sample	Chromosome	Start	End	Num_Probes	Segment_Mean
MOWED_p_TCGAb3_39_40_41_42_STY_GenomeWideSNP_6_C10_1377498	1	3218610	181862845	86985	0.0048
MOWED_p_TCGAb3_39_40_41_42_STY_GenomeWideSNP_6_C10_1377498	1	181863991	181866477	3	-1.8762
MOWED_p_TCGAb3_39_40_41_42_STY_GenomeWideSNP_6_C10_1377498	1	181867996	187291168	3437	0.0039
MOWED_p_TCGAb3_39_40_41_42_STY_GenomeWideSNP_6_C10_1377498	1	187291219	187292608	2	-1.602
MOWED_p_TCGAb3_39_40_41_42_STY_GenomeWideSNP_6_C10_1377498	1	187298367	214258230	16566	-0.0051
MOWED_p_TCGAb3_39_40_41_42_STY_GenomeWideSNP_6_C10_1377498	1	214261217	214261350	2	-2.1614
MOWED_p_TCGAb3_39_40_41_42_STY_GenomeWideSNP_6_C10_1377498	1	214262849	247813706	21348	0.0057
MOWED_p_TCGAb3_39_40_41_42_STY_GenomeWideSNP_6_C10_1377498	2	484222	234829900	125990	-0.0019
MOWED_p_TCGAb3_39_40_41_42_STY_GenomeWideSNP_6_C10_1377498	2	234834365	234835170	2	-2.8134
MOWED_p_TCGAb3_39_40_41_42_STY_GenomeWideSNP_6_C10_1377498	2	234835535	242476062	4690	-0.0136
MOWED_p_TCGAb3_39_40_41_42_STY_GenomeWideSNP_6_C10_1377498	3	2212571	90485962	50454	-0.4451
MOWED_p_TCGAb3_39_40_41_42_STY_GenomeWideSNP_6_C10_1377498	3	93734671	197538677	55197	1e-04
MOWED_p_TCGAb3_39_40_41_42_STY_GenomeWideSNP_6_C10_1377498	4	1053934	41405166	24675	-0.0091
MOWED_p_TCGAb3_39_40_41_42_STY_GenomeWideSNP_6_C10_1377498	4	41406130	41407567	17	-0.9102
MOWED_p_TCGAb3_39_40_41_42_STY_GenomeWideSNP_6_C10_1377498	4	41409170	188763651	77601	-0.0116
MOWED_p_TCGAb3_39_40_41_42_STY_GenomeWideSNP_6_C10_1377498	5	914233	55924533	29423	0.3156
MOWED_p_TCGAb3_39_40_41_42_STY_GenomeWideSNP_6_C10_1377498	5	55926494	55930344	4	-3.0071
MOWED_p_TCGAb3_39_40_41_42_STY_GenomeWideSNP_6_C10_1377498	5	55932777	112828229	30217	0.3202
MOWED_p_TCGAb3_39_40_41_42_STY_GenomeWideSNP_6_C10_1377498	5	112839667	112842197	2	-1.6127
MOWED_p_TCGAb3_39_40_41_42_STY_GenomeWideSNP_6_C10_1377498	5	112842992	176533135	38742	0.3241
MOWED_p_TCGAb3_39_40_41_42_STY_GenomeWideSNP_6_C10_1377498	5	176534423	176534516	2	-1.9749
MOWED_p_TCGAb3_39_40_41_42_STY_GenomeWideSNP_6_C10_1377498	5	176539212	180360469	1721	0.3273
MOWED_p_TCGAb3_39_40_41_42_STY_GenomeWideSNP_6_C10_1377498	6	1014281	2620956	1196	-0.0098
MOWED_p_TCGAb3_39_40_41_42_STY_GenomeWideSNP_6_C10_1377498	6	2624053	2625512	6	-1.6433
MOWED_p_TCGAb3_39_40_41_42_STY_GenomeWideSNP_6_C10_1377498	6	2625744	38389698	20969	0.0027
MOWED_p_TCGAb3_39_40_41_42_STY_GenomeWideSNP_6_C10_1377498	6	38391806	38402621	5	-1.1917
MOWED_p_TCGAb3_39_40_41_42_STY_GenomeWideSNP_6_C10_1377498	6	38404801	52165534	8448	-0.0027
MOWED_p_TCGAb3_39_40_41_42_STY_GenomeWideSNP_6_C10_1377498	6	52166561	52170941	7	-1.1107
MOWED_p_TCGAb3_39_40_41_42_STY_GenomeWideSNP_6_C10_1377498	6	52172655	67852118	5997	-0.0249
MOWED_p_TCGAb3_39_40_41_42_STY_GenomeWideSNP_6_C10_1377498	6	67852349	67857500	4	-3.4623
MOWED_p_TCGAb3_39_40_41_42_STY_GenomeWideSNP_6_C10_1377498	6	67858440	154712313	50649	-0.0069
MOWED_p_TCGAb3_39_40_41_42_STY_GenomeWideSNP_6_C10_1377498	6	154713761	154714967	4	-1.8283
MOWED_p_TCGAb3_39_40_41_42_STY_GenomeWideSNP_6_C10_1377498	6	154717442	161948626	4524	0.0097
MOWED_p_TCGAb3_39_40_41_42_STY_GenomeWideSNP_6_C10_1377498	6	161952887	161955319	4	-1.1812
MOWED_p_TCGAb3_39_40_41_42_STY_GenomeWideSNP_6_C10_1377498	6	161956005	170903919	4208	-0.0048
MOWED_p_TCGAb3_39_40_41_42_STY_GenomeWideSNP_6_C10_1377498	7	705284	52073758	30263	-0.0111
MOWED_p_TCGAb3_39_40_41_42_STY_GenomeWideSNP_6_C10_1377498	7	52074050	52080320	4	-3.2789
MOWED_p_TCGAb3_39_40_41_42_STY_GenomeWideSNP_6_C10_1377498	7	52085035	147206369	44964	-0.0148
MOWED_p_TCGAb3_39_40_41_42_STY_GenomeWideSNP_6_C10_1377498	7	147206439	147209104	2	-2.0878
MOWED_p_TCGAb3_39_40_41_42_STY_GenomeWideSNP_6_C10_1377498	7	147210874	154900997	3776	-0.0093
MOWED_p_TCGAb3_39_40_41_42_STY_GenomeWideSNP_6_C10_1377498	7	154901217	154904134	6	-0.9041
MOWED_p_TCGAb3_39_40_41_42_STY_GenomeWideSNP_6_C10_1377498	7	154905108	158385118	1932	-0.0348
MOWED_p_TCGAb3_39_40_41_42_STY_GenomeWideSNP_6_C10_1377498	8	617667	21073945	11557	-0.0164
MOWED_p_TCGAb3_39_40_41_42_STY_GenomeWideSNP_6_C10_1377498	8	21074048	21074249	4	-1.8769
MOWED_p_TCGAb3_39_40_41_42_STY_GenomeWideSNP_6_C10_1377498	8	21075088	141568622	68999	-0.0086
MOWED_p_TCGAb3_39_40_41_42_STY_GenomeWideSNP_6_C10_1377498	8	141572059	141572167	2	-3.034
MOWED_p_TCGAb3_39_40_41_42_STY_GenomeWideSNP_6_C10_1377498	8	141572560	145232496	573	-0.0245
MOWED_p_TCGAb3_39_40_41_42_STY_GenomeWideSNP_6_C10_1377498	9	789932	12816042	6329	0.0068
MOWED_p_TCGAb3_39_40_41_42_STY_GenomeWideSNP_6_C10_1377498	9	12816521	12816938	2	-2.1366
MOWED_p_TCGAb3_39_40_41_42_STY_GenomeWideSNP_6_C10_1377498	9	12817065	140938752	61310	1e-04
MOWED_p_TCGAb3_39_40_41_42_STY_GenomeWideSNP_6_C10_1377498	10	415240	66398678	38005	-0.0059
MOWED_p_TCGAb3_39_40_41_42_STY_GenomeWideSNP_6_C10_1377498	10	66399409	66399869	2	-2.6698
MOWED_p_TCGAb3_39_40_41_42_STY_GenomeWideSNP_6_C10_1377498	10	66402831	118562545	31872	-0.0024
MOWED_p_TCGAb3_39_40_41_42_STY_GenomeWideSNP_6_C10_1377498	10	118563000	118569183	3	-1.7896
MOWED_p_TCGAb3_39_40_41_42_STY_GenomeWideSNP_6_C10_1377498	10	118570103	135225087	10560	-0.0052
MOWED_p_TCGAb3_39_40_41_42_STY_GenomeWideSNP_6_C10_1377498	11	456120	134142530	76775	-0.0033
MOWED_p_TCGAb3_39_40_41_42_STY_GenomeWideSNP_6_C10_1377498	12	889902	11836602	5713	0.009
MOWED_p_TCGAb3_39_40_41_42_STY_GenomeWideSNP_6_C10_1377498	12	11840477	11840504	2	-2.0132
MOWED_p_TCGAb3_39_40_41_42_STY_GenomeWideSNP_6_C10_1377498	12	11841117	26816496	9562	-0.002
MOWED_p_TCGAb3_39_40_41_42_STY_GenomeWideSNP_6_C10_1377498	12	26816955	26818685	2	-2.6541
MOWED_p_TCGAb3_39_40_41_42_STY_GenomeWideSNP_6_C10_1377498	12	26819737	32513802	3550	-0.0059
MOWED_p_TCGAb3_39_40_41_42_STY_GenomeWideSNP_6_C10_1377498	12	32513888	32514187	3	-2.6347
MOWED_p_TCGAb3_39_40_41_42_STY_GenomeWideSNP_6_C10_1377498	12	32515669	45012502	3747	-0.0016
MOWED_p_TCGAb3_39_40_41_42_STY_GenomeWideSNP_6_C10_1377498	12	45013621	45014063	3	-1.6474
MOWED_p_TCGAb3_39_40_41_42_STY_GenomeWideSNP_6_C10_1377498	12	45014252	56880672	6317	0.0057
MOWED_p_TCGAb3_39_40_41_42_STY_GenomeWideSNP_6_C10_1377498	12	56881352	56885825	2	-2.173
MOWED_p_TCGAb3_39_40_41_42_STY_GenomeWideSNP_6_C10_1377498	12	56886395	69946354	8006	0.0029
MOWED_p_TCGAb3_39_40_41_42_STY_GenomeWideSNP_6_C10_1377498	12	69951989	69952210	2	-3.4533
MOWED_p_TCGAb3_39_40_41_42_STY_GenomeWideSNP_6_C10_1377498	12	69952510	96160176	15723	-0.0134
MOWED_p_TCGAb3_39_40_41_42_STY_GenomeWideSNP_6_C10_1377498	12	96160211	96166494	3	-2.0806
MOWED_p_TCGAb3_39_40_41_42_STY_GenomeWideSNP_6_C10_1377498	12	96167379	99311336	2177	0.0037
MOWED_p_TCGAb3_39_40_41_42_STY_GenomeWideSNP_6_C10_1377498	12	99311387	99334383	8	-0.8276
MOWED_p_TCGAb3_39_40_41_42_STY_GenomeWideSNP_6_C10_1377498	12	99339830	133161346	18731	-0.0021
MOWED_p_TCGAb3_39_40_41_42_STY_GenomeWideSNP_6_C10_1377498	13	19450806	69635982	28135	-0.009
MOWED_p_TCGAb3_39_40_41_42_STY_GenomeWideSNP_6_C10_1377498	13	69637125	69637454	2	-2.5003
MOWED_p_TCGAb3_39_40_41_42_STY_GenomeWideSNP_6_C10_1377498	13	69638167	114987458	28224	-0.013
MOWED_p_TCGAb3_39_40_41_42_STY_GenomeWideSNP_6_C10_1377498	14	20501368	105988038	49194	-0.0031
MOWED_p_TCGAb3_39_40_41_42_STY_GenomeWideSNP_6_C10_1377498	15	23687685	89225774	36645	0.0049
MOWED_p_TCGAb3_39_40_41_42_STY_GenomeWideSNP_6_C10_1377498	15	89236819	101884307	7625	-0.4591
MOWED_p_TCGAb3_39_40_41_42_STY_GenomeWideSNP_6_C10_1377498	16	653459	72142877	29170	-0.0042
MOWED_p_TCGAb3_39_40_41_42_STY_GenomeWideSNP_6_C10_1377498	16	72144174	72147431	4	-1.75
MOWED_p_TCGAb3_39_40_41_42_STY_GenomeWideSNP_6_C10_1377498	16	72147666	72301491	92	-8e-04
MOWED_p_TCGAb3_39_40_41_42_STY_GenomeWideSNP_6_C10_1377498	16	72301684	72352989	40	-0.9105
MOWED_p_TCGAb3_39_40_41_42_STY_GenomeWideSNP_6_C10_1377498	16	72355139	81428435	6522	-0.0081
MOWED_p_TCGAb3_39_40_41_42_STY_GenomeWideSNP_6_C10_1377498	16	81428837	81429834	3	-1.5873
MOWED_p_TCGAb3_39_40_41_42_STY_GenomeWideSNP_6_C10_1377498	16	81431713	85880159	2879	0.0022
MOWED_p_TCGAb3_39_40_41_42_STY_GenomeWideSNP_6_C10_1377498	16	85880425	85880671	2	-2.4614
MOWED_p_TCGAb3_39_40_41_42_STY_GenomeWideSNP_6_C10_1377498	16	85885747	86924874	1013	-0.0046
MOWED_p_TCGAb3_39_40_41_42_STY_GenomeWideSNP_6_C10_1377498	16	86925689	86926540	2	-1.9431
MOWED_p_TCGAb3_39_40_41_42_STY_GenomeWideSNP_6_C10_1377498	16	86928258	87686345	485	-0.0445
MOWED_p_TCGAb3_39_40_41_42_STY_GenomeWideSNP_6_C10_1377498	16	87686462	87688568	4	-2.3072
MOWED_p_TCGAb3_39_40_41_42_STY_GenomeWideSNP_6_C10_1377498	16	87689336	89379936	355	-0.0352
MOWED_p_TCGAb3_39_40_41_42_STY_GenomeWideSNP_6_C10_1377498	17	987221	80917016	36793	0.0047
MOWED_p_TCGAb3_39_40_41_42_STY_GenomeWideSNP_6_C10_1377498	18	329586	76420907	42061	0.0026
MOWED_p_TCGAb3_39_40_41_42_STY_GenomeWideSNP_6_C10_1377498	18	76421248	76421580	4	-1.6311
MOWED_p_TCGAb3_39_40_41_42_STY_GenomeWideSNP_6_C10_1377498	18	76426055	77109240	387	-0.0066
MOWED_p_TCGAb3_39_40_41_42_STY_GenomeWideSNP_6_C10_1377498	19	284018	57696385	23249	0.0026
MOWED_p_TCGAb3_39_40_41_42_STY_GenomeWideSNP_6_C10_1377498	19	57712505	57713295	2	-2.103
MOWED_p_TCGAb3_39_40_41_42_STY_GenomeWideSNP_6_C10_1377498	19	57715936	58878226	587	0.0023
MOWED_p_TCGAb3_39_40_41_42_STY_GenomeWideSNP_6_C10_1377498	20	455764	56311876	33324	-0.0031
MOWED_p_TCGAb3_39_40_41_42_STY_GenomeWideSNP_6_C10_1377498	20	56313898	56314639	3	-1.7329
MOWED_p_TCGAb3_39_40_41_42_STY_GenomeWideSNP_6_C10_1377498	20	56315358	62219837	3755	-0.0104
MOWED_p_TCGAb3_39_40_41_42_STY_GenomeWideSNP_6_C10_1377498	21	15347621	20357112	3078	-0.002
MOWED_p_TCGAb3_39_40_41_42_STY_GenomeWideSNP_6_C10_1377498	21	20357127	20357404	2	-1.8622
MOWED_p_TCGAb3_39_40_41_42_STY_GenomeWideSNP_6_C10_1377498	21	20357987	25585384	3084	-0.0088
MOWED_p_TCGAb3_39_40_41_42_STY_GenomeWideSNP_6_C10_1377498	21	25588249	25588339	3	-1.7539
MOWED_p_TCGAb3_39_40_41_42_STY_GenomeWideSNP_6_C10_1377498	21	25588956	38089545	8278	0.0024
MOWED_p_TCGAb3_39_40_41_42_STY_GenomeWideSNP_6_C10_1377498	21	38089880	38091008	2	-1.7102
MOWED_p_TCGAb3_39_40_41_42_STY_GenomeWideSNP_6_C10_1377498	21	38092172	47678774	6034	-0.0057
MOWED_p_TCGAb3_39_40_41_42_STY_GenomeWideSNP_6_C10_1377498	22	17423930	49331012	16827	-0.0022
MOWED_p_TCGAb3_39_40_41_42_STY_GenomeWideSNP_6_C10_1377498	X	3157107	67121093	25349	0.0095
MOWED_p_TCGAb3_39_40_41_42_STY_GenomeWideSNP_6_C10_1377498	X	67123619	67130648	5	-1.2259
MOWED_p_TCGAb3_39_40_41_42_STY_GenomeWideSNP_6_C10_1377498	X	67138922	96981325	11320	-0.0107
MOWED_p_TCGAb3_39_40_41_42_STY_GenomeWideSNP_6_C10_1377498	X	96981373	96982541	2	-1.8675
MOWED_p_TCGAb3_39_40_41_42_STY_GenomeWideSNP_6_C10_1377498	X	96983400	154905589	26317	0.0085
