GDC_Aliquot	Chromosome	Start	End	Num_Probes	Segment_Mean
b0a44cef-de13-4dfb-8cb4-0eaa5f157d32	1	62920	103613021	62444	0.0048
b0a44cef-de13-4dfb-8cb4-0eaa5f157d32	1	103613109	103717410	13	-1.3116
b0a44cef-de13-4dfb-8cb4-0eaa5f157d32	1	103717617	105470754	913	-0.0008
b0a44cef-de13-4dfb-8cb4-0eaa5f157d32	1	105476583	105476748	4	0.878
b0a44cef-de13-4dfb-8cb4-0eaa5f157d32	1	105476861	105479753	13	1.4949
b0a44cef-de13-4dfb-8cb4-0eaa5f157d32	1	105481433	105548298	50	0.615
b0a44cef-de13-4dfb-8cb4-0eaa5f157d32	1	105548313	112147704	4503	0.0055
b0a44cef-de13-4dfb-8cb4-0eaa5f157d32	1	112153343	112154375	17	-1.5904
b0a44cef-de13-4dfb-8cb4-0eaa5f157d32	1	112154390	143494500	5138	0.0024
b0a44cef-de13-4dfb-8cb4-0eaa5f157d32	1	143541857	143942271	126	-0.5947
b0a44cef-de13-4dfb-8cb4-0eaa5f157d32	1	144432083	152789479	2496	0.0322
b0a44cef-de13-4dfb-8cb4-0eaa5f157d32	1	152789532	152796224	34	0.6687
b0a44cef-de13-4dfb-8cb4-0eaa5f157d32	1	152801429	196740630	29228	0.0063
b0a44cef-de13-4dfb-8cb4-0eaa5f157d32	1	196741937	196802150	47	-0.3674
b0a44cef-de13-4dfb-8cb4-0eaa5f157d32	1	196820098	196932623	79	-0.927
b0a44cef-de13-4dfb-8cb4-0eaa5f157d32	1	196936029	248930189	35519	0.0044
b0a44cef-de13-4dfb-8cb4-0eaa5f157d32	2	12784	146104517	89933	0.0136
b0a44cef-de13-4dfb-8cb4-0eaa5f157d32	2	146106836	146109366	24	0.6207
b0a44cef-de13-4dfb-8cb4-0eaa5f157d32	2	146120238	221606293	45818	0.0112
b0a44cef-de13-4dfb-8cb4-0eaa5f157d32	2	221606740	221606796	2	2.2107
b0a44cef-de13-4dfb-8cb4-0eaa5f157d32	2	221607842	242147305	12913	0.0066
b0a44cef-de13-4dfb-8cb4-0eaa5f157d32	3	20930	2605773	2223	0.0829
b0a44cef-de13-4dfb-8cb4-0eaa5f157d32	3	2606128	37940617	25228	0.0136
b0a44cef-de13-4dfb-8cb4-0eaa5f157d32	3	37940970	37945437	17	-0.6989
b0a44cef-de13-4dfb-8cb4-0eaa5f157d32	3	37945615	59719409	12575	0.002
b0a44cef-de13-4dfb-8cb4-0eaa5f157d32	3	59720118	61031987	1458	0.0724
b0a44cef-de13-4dfb-8cb4-0eaa5f157d32	3	61033807	68697013	5989	0.0058
b0a44cef-de13-4dfb-8cb4-0eaa5f157d32	3	68697108	68698262	14	-1.138
b0a44cef-de13-4dfb-8cb4-0eaa5f157d32	3	68699607	136300257	38517	0.0107
b0a44cef-de13-4dfb-8cb4-0eaa5f157d32	3	136304109	136306584	2	-2.5869
b0a44cef-de13-4dfb-8cb4-0eaa5f157d32	3	136319699	162785334	16149	0.0153
b0a44cef-de13-4dfb-8cb4-0eaa5f157d32	3	162785504	162908192	76	0.5346
b0a44cef-de13-4dfb-8cb4-0eaa5f157d32	3	162908207	195656271	20550	0.0136
b0a44cef-de13-4dfb-8cb4-0eaa5f157d32	3	195663809	195747311	42	-0.3825
b0a44cef-de13-4dfb-8cb4-0eaa5f157d32	3	195747892	198169247	1158	0.0224
b0a44cef-de13-4dfb-8cb4-0eaa5f157d32	4	68929	121360818	73900	0.0113
b0a44cef-de13-4dfb-8cb4-0eaa5f157d32	4	121361313	121361549	5	-1.4284
b0a44cef-de13-4dfb-8cb4-0eaa5f157d32	4	121361638	121363400	20	-0.4928
b0a44cef-de13-4dfb-8cb4-0eaa5f157d32	4	121363434	121363980	3	-1.3208
b0a44cef-de13-4dfb-8cb4-0eaa5f157d32	4	121369976	160952848	23460	0.0121
b0a44cef-de13-4dfb-8cb4-0eaa5f157d32	4	160958866	160963756	21	-1.6718
b0a44cef-de13-4dfb-8cb4-0eaa5f157d32	4	160963767	183091877	14445	0.0128
b0a44cef-de13-4dfb-8cb4-0eaa5f157d32	4	183094812	183095485	2	-2.1361
b0a44cef-de13-4dfb-8cb4-0eaa5f157d32	4	183108243	187127080	2768	0.0229
b0a44cef-de13-4dfb-8cb4-0eaa5f157d32	4	187127790	187129637	2	-2.3246
b0a44cef-de13-4dfb-8cb4-0eaa5f157d32	4	187130021	188300104	706	0.0053
b0a44cef-de13-4dfb-8cb4-0eaa5f157d32	4	188300206	188300270	3	1.7827
b0a44cef-de13-4dfb-8cb4-0eaa5f157d32	4	188300285	190106768	1137	0.0436
b0a44cef-de13-4dfb-8cb4-0eaa5f157d32	5	15532	685633	305	0.0438
b0a44cef-de13-4dfb-8cb4-0eaa5f157d32	5	698256	818426	35	-0.4961
b0a44cef-de13-4dfb-8cb4-0eaa5f157d32	5	818640	9362692	7159	0.0129
b0a44cef-de13-4dfb-8cb4-0eaa5f157d32	5	9362759	9364792	4	-1.2402
b0a44cef-de13-4dfb-8cb4-0eaa5f157d32	5	9367554	12800777	2620	0.0132
b0a44cef-de13-4dfb-8cb4-0eaa5f157d32	5	12815668	12819964	9	-1.3335
b0a44cef-de13-4dfb-8cb4-0eaa5f157d32	5	12824299	104170027	51873	0.0104
b0a44cef-de13-4dfb-8cb4-0eaa5f157d32	5	104170851	104199787	25	-0.7359
b0a44cef-de13-4dfb-8cb4-0eaa5f157d32	5	104201414	104515520	200	0.0026
b0a44cef-de13-4dfb-8cb4-0eaa5f157d32	5	104524672	104524903	4	1.7744
b0a44cef-de13-4dfb-8cb4-0eaa5f157d32	5	104525348	105024237	392	0.0102
b0a44cef-de13-4dfb-8cb4-0eaa5f157d32	5	105024962	105025816	2	-2.1097
b0a44cef-de13-4dfb-8cb4-0eaa5f157d32	5	105030061	137851644	21365	0.0101
b0a44cef-de13-4dfb-8cb4-0eaa5f157d32	5	137863547	137865232	2	-2.52
b0a44cef-de13-4dfb-8cb4-0eaa5f157d32	5	137866004	152135909	8827	0.0098
b0a44cef-de13-4dfb-8cb4-0eaa5f157d32	5	152135923	152136330	6	-1.3665
b0a44cef-de13-4dfb-8cb4-0eaa5f157d32	5	152137227	181363319	19357	0.0063
b0a44cef-de13-4dfb-8cb4-0eaa5f157d32	6	149661	29869295	21515	0.0094
b0a44cef-de13-4dfb-8cb4-0eaa5f157d32	6	29869410	29881490	16	-0.8808
b0a44cef-de13-4dfb-8cb4-0eaa5f157d32	6	29882419	66301485	20163	0.0104
b0a44cef-de13-4dfb-8cb4-0eaa5f157d32	6	66301708	66328153	30	-0.6785
b0a44cef-de13-4dfb-8cb4-0eaa5f157d32	6	66331020	66332853	4	-2.1732
b0a44cef-de13-4dfb-8cb4-0eaa5f157d32	6	66332868	66339706	19	-0.7075
b0a44cef-de13-4dfb-8cb4-0eaa5f157d32	6	66341309	73880906	4964	0.0087
b0a44cef-de13-4dfb-8cb4-0eaa5f157d32	6	73882085	73893839	13	0.7224
b0a44cef-de13-4dfb-8cb4-0eaa5f157d32	6	73893889	78253157	2751	-0.0001
b0a44cef-de13-4dfb-8cb4-0eaa5f157d32	6	78253172	78332056	117	0.3671
b0a44cef-de13-4dfb-8cb4-0eaa5f157d32	6	78332092	103286954	15379	0.0133
b0a44cef-de13-4dfb-8cb4-0eaa5f157d32	6	103290101	103314186	46	-0.9942
b0a44cef-de13-4dfb-8cb4-0eaa5f157d32	6	103317795	170741917	43915	0.0086
b0a44cef-de13-4dfb-8cb4-0eaa5f157d32	7	43355	54318812	38249	0.0141
b0a44cef-de13-4dfb-8cb4-0eaa5f157d32	7	54318816	54318824	5	2.5974
b0a44cef-de13-4dfb-8cb4-0eaa5f157d32	7	54325795	126405502	38288	0.0153
b0a44cef-de13-4dfb-8cb4-0eaa5f157d32	7	126405597	126406561	10	-1.2408
b0a44cef-de13-4dfb-8cb4-0eaa5f157d32	7	126406822	134100424	4675	0.0057
b0a44cef-de13-4dfb-8cb4-0eaa5f157d32	7	134100442	134130638	39	0.5155
b0a44cef-de13-4dfb-8cb4-0eaa5f157d32	7	134130675	159334314	15999	0.012
b0a44cef-de13-4dfb-8cb4-0eaa5f157d32	8	81254	2746316	1905	0.0362
b0a44cef-de13-4dfb-8cb4-0eaa5f157d32	8	2746661	2751755	2	-5.6443
b0a44cef-de13-4dfb-8cb4-0eaa5f157d32	8	2751943	12143614	9049	0.0372
b0a44cef-de13-4dfb-8cb4-0eaa5f157d32	8	12176798	12419769	33	0.6034
b0a44cef-de13-4dfb-8cb4-0eaa5f157d32	8	12454103	39373140	19322	0.0078
b0a44cef-de13-4dfb-8cb4-0eaa5f157d32	8	39378084	39529446	58	-1.7662
b0a44cef-de13-4dfb-8cb4-0eaa5f157d32	8	39530780	43132749	2355	0.0005
b0a44cef-de13-4dfb-8cb4-0eaa5f157d32	8	43135865	43136552	2	-2.1648
b0a44cef-de13-4dfb-8cb4-0eaa5f157d32	8	43143410	111282050	39422	0.0073
b0a44cef-de13-4dfb-8cb4-0eaa5f157d32	8	111282065	111283031	9	1.2212
b0a44cef-de13-4dfb-8cb4-0eaa5f157d32	8	111288052	142064388	21674	0.0085
b0a44cef-de13-4dfb-8cb4-0eaa5f157d32	8	142067056	142067450	2	-2.3962
b0a44cef-de13-4dfb-8cb4-0eaa5f157d32	8	142067969	145072769	1109	0.0315
b0a44cef-de13-4dfb-8cb4-0eaa5f157d32	9	46587	22492890	19716	0.0197
b0a44cef-de13-4dfb-8cb4-0eaa5f157d32	9	22501914	22502700	2	-3.2578
b0a44cef-de13-4dfb-8cb4-0eaa5f157d32	9	22509341	42308537	11396	0.0154
b0a44cef-de13-4dfb-8cb4-0eaa5f157d32	9	42501791	61612703	85	0.3455
b0a44cef-de13-4dfb-8cb4-0eaa5f157d32	9	61616425	96775487	20212	0.0025
b0a44cef-de13-4dfb-8cb4-0eaa5f157d32	9	96775913	96776083	2	-2.1965
b0a44cef-de13-4dfb-8cb4-0eaa5f157d32	9	96776351	114320531	12600	0.0101
b0a44cef-de13-4dfb-8cb4-0eaa5f157d32	9	114325122	114326042	2	1.9514
b0a44cef-de13-4dfb-8cb4-0eaa5f157d32	9	114330749	135322259	13901	0.0045
b0a44cef-de13-4dfb-8cb4-0eaa5f157d32	9	135323776	135324566	2	-2.5502
b0a44cef-de13-4dfb-8cb4-0eaa5f157d32	9	135325951	138200944	1104	0.0232
b0a44cef-de13-4dfb-8cb4-0eaa5f157d32	10	45792	58573623	39404	0.0101
b0a44cef-de13-4dfb-8cb4-0eaa5f157d32	10	58573632	58574835	2	-2.3169
b0a44cef-de13-4dfb-8cb4-0eaa5f157d32	10	58575330	65548259	4745	0.0061
b0a44cef-de13-4dfb-8cb4-0eaa5f157d32	10	65548272	65554688	24	0.6485
b0a44cef-de13-4dfb-8cb4-0eaa5f157d32	10	65563037	133654968	45932	0.0046
b0a44cef-de13-4dfb-8cb4-0eaa5f157d32	11	198510	5768639	3220	0.0139
b0a44cef-de13-4dfb-8cb4-0eaa5f157d32	11	5769582	5788108	27	-0.6235
b0a44cef-de13-4dfb-8cb4-0eaa5f157d32	11	5788231	49686823	30266	0.0037
b0a44cef-de13-4dfb-8cb4-0eaa5f157d32	11	49689309	49739136	26	-0.6296
b0a44cef-de13-4dfb-8cb4-0eaa5f157d32	11	49744609	134731118	52452	0.0056
b0a44cef-de13-4dfb-8cb4-0eaa5f157d32	11	134731897	134746313	16	-0.723
b0a44cef-de13-4dfb-8cb4-0eaa5f157d32	11	134746475	135074876	269	0.0612
b0a44cef-de13-4dfb-8cb4-0eaa5f157d32	12	51460	424313	201	0.0096
b0a44cef-de13-4dfb-8cb4-0eaa5f157d32	12	425602	429872	2	-2.4484
b0a44cef-de13-4dfb-8cb4-0eaa5f157d32	12	434006	11066824	6977	0.0072
b0a44cef-de13-4dfb-8cb4-0eaa5f157d32	12	11068125	11088933	10	-0.8633
b0a44cef-de13-4dfb-8cb4-0eaa5f157d32	12	11099275	19321836	5540	0.0096
b0a44cef-de13-4dfb-8cb4-0eaa5f157d32	12	19322138	19414522	43	0.4956
b0a44cef-de13-4dfb-8cb4-0eaa5f157d32	12	19415124	70478895	30562	0.0111
b0a44cef-de13-4dfb-8cb4-0eaa5f157d32	12	70482534	70483970	4	-2.901
b0a44cef-de13-4dfb-8cb4-0eaa5f157d32	12	70483985	70484247	4	-1.1201
b0a44cef-de13-4dfb-8cb4-0eaa5f157d32	12	70485605	133201603	41015	0.0062
b0a44cef-de13-4dfb-8cb4-0eaa5f157d32	13	18452809	105370372	57402	0.0108
b0a44cef-de13-4dfb-8cb4-0eaa5f157d32	13	105370636	105374205	2	-5.2981
b0a44cef-de13-4dfb-8cb4-0eaa5f157d32	13	105374508	114342922	6353	0.0163
b0a44cef-de13-4dfb-8cb4-0eaa5f157d32	14	18239283	18686006	23	0.03
b0a44cef-de13-4dfb-8cb4-0eaa5f157d32	14	18687716	19955213	144	-0.3378
b0a44cef-de13-4dfb-8cb4-0eaa5f157d32	14	19956767	21806359	1218	-0.0024
b0a44cef-de13-4dfb-8cb4-0eaa5f157d32	14	21806793	22474486	576	0.1693
b0a44cef-de13-4dfb-8cb4-0eaa5f157d32	14	22474596	66003647	27397	0.0084
b0a44cef-de13-4dfb-8cb4-0eaa5f157d32	14	66003971	66059994	50	0.563
b0a44cef-de13-4dfb-8cb4-0eaa5f157d32	14	66063804	73540003	4623	0.0144
b0a44cef-de13-4dfb-8cb4-0eaa5f157d32	14	73540147	73554275	7	-1.5981
b0a44cef-de13-4dfb-8cb4-0eaa5f157d32	14	73563196	85985567	8223	0.0026
b0a44cef-de13-4dfb-8cb4-0eaa5f157d32	14	85994282	86022097	37	-0.7916
b0a44cef-de13-4dfb-8cb4-0eaa5f157d32	14	86023867	106294689	12486	-0.0018
b0a44cef-de13-4dfb-8cb4-0eaa5f157d32	14	106297265	106300266	5	-1.4413
b0a44cef-de13-4dfb-8cb4-0eaa5f157d32	14	106300707	106877229	292	0.099
b0a44cef-de13-4dfb-8cb4-0eaa5f157d32	15	19811075	20373168	88	0.1364
b0a44cef-de13-4dfb-8cb4-0eaa5f157d32	15	20376198	21417107	87	0.42
b0a44cef-de13-4dfb-8cb4-0eaa5f157d32	15	21975606	76599170	33511	0.0063
b0a44cef-de13-4dfb-8cb4-0eaa5f157d32	15	76599286	76603434	20	-1.6771
b0a44cef-de13-4dfb-8cb4-0eaa5f157d32	15	76609838	99843865	15923	0.004
b0a44cef-de13-4dfb-8cb4-0eaa5f157d32	15	99845641	99915274	38	-0.7651
b0a44cef-de13-4dfb-8cb4-0eaa5f157d32	15	99916825	99954673	21	-1.281
b0a44cef-de13-4dfb-8cb4-0eaa5f157d32	15	99954954	99962858	8	-0.5269
b0a44cef-de13-4dfb-8cb4-0eaa5f157d32	15	99962922	101928837	1518	0.0176
b0a44cef-de13-4dfb-8cb4-0eaa5f157d32	16	10777	55762682	26811	0.0096
b0a44cef-de13-4dfb-8cb4-0eaa5f157d32	16	55764310	55764867	3	4.149
b0a44cef-de13-4dfb-8cb4-0eaa5f157d32	16	55770436	55775312	6	1.283
b0a44cef-de13-4dfb-8cb4-0eaa5f157d32	16	55775554	90096867	24758	0.0062
b0a44cef-de13-4dfb-8cb4-0eaa5f157d32	17	150733	41266838	20692	0.0146
b0a44cef-de13-4dfb-8cb4-0eaa5f157d32	17	41266851	41274279	19	1.3228
b0a44cef-de13-4dfb-8cb4-0eaa5f157d32	17	41276472	83091923	24050	0.0075
b0a44cef-de13-4dfb-8cb4-0eaa5f157d32	18	48133	80257174	50428	0.0113
b0a44cef-de13-4dfb-8cb4-0eaa5f157d32	19	90910	20848709	9125	0.0156
b0a44cef-de13-4dfb-8cb4-0eaa5f157d32	19	20853757	20959836	50	-0.3541
b0a44cef-de13-4dfb-8cb4-0eaa5f157d32	19	20962588	35358407	7448	0.0089
b0a44cef-de13-4dfb-8cb4-0eaa5f157d32	19	35358420	35370946	22	-1.5074
b0a44cef-de13-4dfb-8cb4-0eaa5f157d32	19	35375842	58586487	12315	0.0122
b0a44cef-de13-4dfb-8cb4-0eaa5f157d32	20	80664	64324800	42138	0.0057
b0a44cef-de13-4dfb-8cb4-0eaa5f157d32	21	10354168	13013569	95	0.2774
b0a44cef-de13-4dfb-8cb4-0eaa5f157d32	21	13028413	46677045	23627	0.0133
b0a44cef-de13-4dfb-8cb4-0eaa5f157d32	22	15294547	18167915	1125	0.027
b0a44cef-de13-4dfb-8cb4-0eaa5f157d32	22	18190590	18917479	12	0.8041
b0a44cef-de13-4dfb-8cb4-0eaa5f157d32	22	18918078	19564024	392	-0.0081
b0a44cef-de13-4dfb-8cb4-0eaa5f157d32	22	19566492	23104199	2305	0.0601
b0a44cef-de13-4dfb-8cb4-0eaa5f157d32	22	23107768	38072817	10853	0.0069
b0a44cef-de13-4dfb-8cb4-0eaa5f157d32	22	38077378	38079098	2	-2.4764
b0a44cef-de13-4dfb-8cb4-0eaa5f157d32	22	38091764	38894915	429	0.0252
b0a44cef-de13-4dfb-8cb4-0eaa5f157d32	22	38899250	38900899	3	-2.8139
b0a44cef-de13-4dfb-8cb4-0eaa5f157d32	22	38903109	50796027	8029	0.0094
b0a44cef-de13-4dfb-8cb4-0eaa5f157d32	X	251810	2996954	238	0.0492
b0a44cef-de13-4dfb-8cb4-0eaa5f157d32	X	2998694	3006819	3	-3.3002
b0a44cef-de13-4dfb-8cb4-0eaa5f157d32	X	3013177	103999203	53157	0.0095
b0a44cef-de13-4dfb-8cb4-0eaa5f157d32	X	104003417	104050792	58	0.9072
b0a44cef-de13-4dfb-8cb4-0eaa5f157d32	X	104083894	128955572	13910	0.0116
b0a44cef-de13-4dfb-8cb4-0eaa5f157d32	X	128955628	128956066	2	-6.0621
b0a44cef-de13-4dfb-8cb4-0eaa5f157d32	X	128957676	155952689	15708	0.0066
b0a44cef-de13-4dfb-8cb4-0eaa5f157d32	Y	2782397	56872112	6637	-0.9534
