Sample	Chromosome	Start	End	Num_Probes	Segment_Mean
BUBBY_p_TCGA_b89_105_SNP_N_GenomeWideSNP_6_A11_777506	1	61735	17190862	8835	0.008
BUBBY_p_TCGA_b89_105_SNP_N_GenomeWideSNP_6_A11_777506	1	17195155	17262232	60	0.5999
BUBBY_p_TCGA_b89_105_SNP_N_GenomeWideSNP_6_A11_777506	1	17262247	22496703	3458	0.0029
BUBBY_p_TCGA_b89_105_SNP_N_GenomeWideSNP_6_A11_777506	1	22501716	22509206	9	-1.1959
BUBBY_p_TCGA_b89_105_SNP_N_GenomeWideSNP_6_A11_777506	1	22514236	25583291	1806	-0.0042
BUBBY_p_TCGA_b89_105_SNP_N_GenomeWideSNP_6_A11_777506	1	25583341	25646986	29	0.4398
BUBBY_p_TCGA_b89_105_SNP_N_GenomeWideSNP_6_A11_777506	1	25661501	72771367	28876	0.0089
BUBBY_p_TCGA_b89_105_SNP_N_GenomeWideSNP_6_A11_777506	1	72771518	72796892	22	0.6403
BUBBY_p_TCGA_b89_105_SNP_N_GenomeWideSNP_6_A11_777506	1	72797026	152555527	33795	0.0099
BUBBY_p_TCGA_b89_105_SNP_N_GenomeWideSNP_6_A11_777506	1	152555706	152586238	31	-1.98
BUBBY_p_TCGA_b89_105_SNP_N_GenomeWideSNP_6_A11_777506	1	152586278	152759678	174	0.0672
BUBBY_p_TCGA_b89_105_SNP_N_GenomeWideSNP_6_A11_777506	1	152761923	152778558	42	0.5544
BUBBY_p_TCGA_b89_105_SNP_N_GenomeWideSNP_6_A11_777506	1	152778576	189084365	24436	0.0053
BUBBY_p_TCGA_b89_105_SNP_N_GenomeWideSNP_6_A11_777506	1	189084533	189085372	4	-1.6586
BUBBY_p_TCGA_b89_105_SNP_N_GenomeWideSNP_6_A11_777506	1	189085409	196714873	5122	0.0014
BUBBY_p_TCGA_b89_105_SNP_N_GenomeWideSNP_6_A11_777506	1	196727850	196802002	92	-0.5264
BUBBY_p_TCGA_b89_105_SNP_N_GenomeWideSNP_6_A11_777506	1	196802072	240391740	30033	0.0045
BUBBY_p_TCGA_b89_105_SNP_N_GenomeWideSNP_6_A11_777506	1	240394015	240394124	5	-1.5835
BUBBY_p_TCGA_b89_105_SNP_N_GenomeWideSNP_6_A11_777506	1	240394139	248866903	5825	0.0058
BUBBY_p_TCGA_b89_105_SNP_N_GenomeWideSNP_6_A11_777506	1	248867244	248872658	4	-1.5688
BUBBY_p_TCGA_b89_105_SNP_N_GenomeWideSNP_6_A11_777506	1	248876308	249224388	102	-0.0102
BUBBY_p_TCGA_b89_105_SNP_N_GenomeWideSNP_6_A11_777506	2	12784	34691069	24122	-1e-04
BUBBY_p_TCGA_b89_105_SNP_N_GenomeWideSNP_6_A11_777506	2	34699315	34740639	50	0.6446
BUBBY_p_TCGA_b89_105_SNP_N_GenomeWideSNP_6_A11_777506	2	34740757	52741737	13045	0.006
BUBBY_p_TCGA_b89_105_SNP_N_GenomeWideSNP_6_A11_777506	2	52743925	52758941	13	0.7818
BUBBY_p_TCGA_b89_105_SNP_N_GenomeWideSNP_6_A11_777506	2	52759016	105480198	28618	0.0044
BUBBY_p_TCGA_b89_105_SNP_N_GenomeWideSNP_6_A11_777506	2	105481354	105490397	2	-2.2251
BUBBY_p_TCGA_b89_105_SNP_N_GenomeWideSNP_6_A11_777506	2	105490688	243089456	84288	-0.0017
BUBBY_p_TCGA_b89_105_SNP_N_GenomeWideSNP_6_A11_777506	3	60345	1371260	1127	-0.6091
BUBBY_p_TCGA_b89_105_SNP_N_GenomeWideSNP_6_A11_777506	3	1371396	1371676	2	-3.1912
BUBBY_p_TCGA_b89_105_SNP_N_GenomeWideSNP_6_A11_777506	3	1372121	4087787	2512	-0.6261
BUBBY_p_TCGA_b89_105_SNP_N_GenomeWideSNP_6_A11_777506	3	4088809	4093739	12	-4.3626
BUBBY_p_TCGA_b89_105_SNP_N_GenomeWideSNP_6_A11_777506	3	4093840	4096902	12	-2.0191
BUBBY_p_TCGA_b89_105_SNP_N_GenomeWideSNP_6_A11_777506	3	4097946	41584507	26481	-0.6324
BUBBY_p_TCGA_b89_105_SNP_N_GenomeWideSNP_6_A11_777506	3	41584549	41585371	4	-2.6206
BUBBY_p_TCGA_b89_105_SNP_N_GenomeWideSNP_6_A11_777506	3	41585501	68724692	17710	-0.634
BUBBY_p_TCGA_b89_105_SNP_N_GenomeWideSNP_6_A11_777506	3	68725751	68747413	17	1.2177
BUBBY_p_TCGA_b89_105_SNP_N_GenomeWideSNP_6_A11_777506	3	68748758	74813201	4559	-0.6371
BUBBY_p_TCGA_b89_105_SNP_N_GenomeWideSNP_6_A11_777506	3	74813794	129760622	30187	0.0061
BUBBY_p_TCGA_b89_105_SNP_N_GenomeWideSNP_6_A11_777506	3	129761124	129806052	53	0.726
BUBBY_p_TCGA_b89_105_SNP_N_GenomeWideSNP_6_A11_777506	3	129806236	158350118	17690	0.0013
BUBBY_p_TCGA_b89_105_SNP_N_GenomeWideSNP_6_A11_777506	3	158350884	158351545	2	-2.6731
BUBBY_p_TCGA_b89_105_SNP_N_GenomeWideSNP_6_A11_777506	3	158358872	162513459	2614	0.0283
BUBBY_p_TCGA_b89_105_SNP_N_GenomeWideSNP_6_A11_777506	3	162514627	162545716	18	-0.6925
BUBBY_p_TCGA_b89_105_SNP_N_GenomeWideSNP_6_A11_777506	3	162546229	197896118	21984	0.0012
BUBBY_p_TCGA_b89_105_SNP_N_GenomeWideSNP_6_A11_777506	4	12281	8724543	5189	-0.0137
BUBBY_p_TCGA_b89_105_SNP_N_GenomeWideSNP_6_A11_777506	4	9370690	9435334	50	0.4933
BUBBY_p_TCGA_b89_105_SNP_N_GenomeWideSNP_6_A11_777506	4	9435724	21372003	8813	-0.001
BUBBY_p_TCGA_b89_105_SNP_N_GenomeWideSNP_6_A11_777506	4	21372039	21376851	14	-0.994
BUBBY_p_TCGA_b89_105_SNP_N_GenomeWideSNP_6_A11_777506	4	21383740	45005852	15465	-9e-04
BUBBY_p_TCGA_b89_105_SNP_N_GenomeWideSNP_6_A11_777506	4	45006192	45006335	3	-3.3738
BUBBY_p_TCGA_b89_105_SNP_N_GenomeWideSNP_6_A11_777506	4	45010969	70089506	13231	0.001
BUBBY_p_TCGA_b89_105_SNP_N_GenomeWideSNP_6_A11_777506	4	70092347	70092701	2	-1.9685
BUBBY_p_TCGA_b89_105_SNP_N_GenomeWideSNP_6_A11_777506	4	70095554	104199143	20744	0.0042
BUBBY_p_TCGA_b89_105_SNP_N_GenomeWideSNP_6_A11_777506	4	104201019	104215706	17	-0.9389
BUBBY_p_TCGA_b89_105_SNP_N_GenomeWideSNP_6_A11_777506	4	104218100	104218102	3	1.1347
BUBBY_p_TCGA_b89_105_SNP_N_GenomeWideSNP_6_A11_777506	4	104220104	104247934	30	-0.9382
BUBBY_p_TCGA_b89_105_SNP_N_GenomeWideSNP_6_A11_777506	4	104249405	112304886	4797	-0.0087
BUBBY_p_TCGA_b89_105_SNP_N_GenomeWideSNP_6_A11_777506	4	112305502	112305663	2	-2.0622
BUBBY_p_TCGA_b89_105_SNP_N_GenomeWideSNP_6_A11_777506	4	112305764	151876351	23575	-0.0014
BUBBY_p_TCGA_b89_105_SNP_N_GenomeWideSNP_6_A11_777506	4	151876406	151884298	21	-0.7731
BUBBY_p_TCGA_b89_105_SNP_N_GenomeWideSNP_6_A11_777506	4	151884300	156879929	3184	-0.0069
BUBBY_p_TCGA_b89_105_SNP_N_GenomeWideSNP_6_A11_777506	4	156880139	156880348	2	-2.0143
BUBBY_p_TCGA_b89_105_SNP_N_GenomeWideSNP_6_A11_777506	4	156880481	172369346	9863	-0.0045
BUBBY_p_TCGA_b89_105_SNP_N_GenomeWideSNP_6_A11_777506	4	172374884	172377710	10	1.8994
BUBBY_p_TCGA_b89_105_SNP_N_GenomeWideSNP_6_A11_777506	4	172377724	190225765	12164	0.0043
BUBBY_p_TCGA_b89_105_SNP_N_GenomeWideSNP_6_A11_777506	4	190225886	190326382	71	0.546
BUBBY_p_TCGA_b89_105_SNP_N_GenomeWideSNP_6_A11_777506	4	190326474	191027923	307	0.0245
BUBBY_p_TCGA_b89_105_SNP_N_GenomeWideSNP_6_A11_777506	5	15532	574323	237	0.0019
BUBBY_p_TCGA_b89_105_SNP_N_GenomeWideSNP_6_A11_777506	5	575305	685748	70	0.5449
BUBBY_p_TCGA_b89_105_SNP_N_GenomeWideSNP_6_A11_777506	5	698371	3958474	2570	-0.0037
BUBBY_p_TCGA_b89_105_SNP_N_GenomeWideSNP_6_A11_777506	5	3958678	3969857	9	-0.9664
BUBBY_p_TCGA_b89_105_SNP_N_GenomeWideSNP_6_A11_777506	5	3973807	7169476	2863	0.0016
BUBBY_p_TCGA_b89_105_SNP_N_GenomeWideSNP_6_A11_777506	5	7177338	7189925	26	-0.8746
BUBBY_p_TCGA_b89_105_SNP_N_GenomeWideSNP_6_A11_777506	5	7202635	12791720	4453	-0.0026
BUBBY_p_TCGA_b89_105_SNP_N_GenomeWideSNP_6_A11_777506	5	12800889	12826650	12	0.9868
BUBBY_p_TCGA_b89_105_SNP_N_GenomeWideSNP_6_A11_777506	5	12833857	17601553	3187	-0.0065
BUBBY_p_TCGA_b89_105_SNP_N_GenomeWideSNP_6_A11_777506	5	17601728	17655138	22	-0.9465
BUBBY_p_TCGA_b89_105_SNP_N_GenomeWideSNP_6_A11_777506	5	17655339	21376844	2288	-0.0081
BUBBY_p_TCGA_b89_105_SNP_N_GenomeWideSNP_6_A11_777506	5	21377839	21386066	3	-1.8163
BUBBY_p_TCGA_b89_105_SNP_N_GenomeWideSNP_6_A11_777506	5	21386097	46271108	15085	4e-04
BUBBY_p_TCGA_b89_105_SNP_N_GenomeWideSNP_6_A11_777506	5	46271930	46273502	6	-2.1635
BUBBY_p_TCGA_b89_105_SNP_N_GenomeWideSNP_6_A11_777506	5	46278212	97045121	28067	-0.0029
BUBBY_p_TCGA_b89_105_SNP_N_GenomeWideSNP_6_A11_777506	5	97048466	97099320	43	-1.1322
BUBBY_p_TCGA_b89_105_SNP_N_GenomeWideSNP_6_A11_777506	5	97099684	114305760	10975	0.0041
BUBBY_p_TCGA_b89_105_SNP_N_GenomeWideSNP_6_A11_777506	5	114308824	155582768	26496	0.4274
BUBBY_p_TCGA_b89_105_SNP_N_GenomeWideSNP_6_A11_777506	5	155583137	155589652	2	-1.9389
BUBBY_p_TCGA_b89_105_SNP_N_GenomeWideSNP_6_A11_777506	5	155590284	158785885	2212	0.4197
BUBBY_p_TCGA_b89_105_SNP_N_GenomeWideSNP_6_A11_777506	5	158786381	158792259	2	-1.5044
BUBBY_p_TCGA_b89_105_SNP_N_GenomeWideSNP_6_A11_777506	5	158793367	175460087	11830	0.4234
BUBBY_p_TCGA_b89_105_SNP_N_GenomeWideSNP_6_A11_777506	5	175465689	175469507	2	-2.8246
BUBBY_p_TCGA_b89_105_SNP_N_GenomeWideSNP_6_A11_777506	5	175470324	180398271	2551	0.4064
BUBBY_p_TCGA_b89_105_SNP_N_GenomeWideSNP_6_A11_777506	5	180399373	180418103	13	1.0903
BUBBY_p_TCGA_b89_105_SNP_N_GenomeWideSNP_6_A11_777506	5	180433225	180692833	164	0.4376
BUBBY_p_TCGA_b89_105_SNP_N_GenomeWideSNP_6_A11_777506	5	180692983	180790320	7	0.0419
BUBBY_p_TCGA_b89_105_SNP_N_GenomeWideSNP_6_A11_777506	6	149661	6026211	4862	2e-04
BUBBY_p_TCGA_b89_105_SNP_N_GenomeWideSNP_6_A11_777506	6	6033931	6034436	3	-3.857
BUBBY_p_TCGA_b89_105_SNP_N_GenomeWideSNP_6_A11_777506	6	6037045	31353689	17660	-0.0069
BUBBY_p_TCGA_b89_105_SNP_N_GenomeWideSNP_6_A11_777506	6	31360095	31451476	87	-1.0486
BUBBY_p_TCGA_b89_105_SNP_N_GenomeWideSNP_6_A11_777506	6	31455834	32686196	462	0.0099
BUBBY_p_TCGA_b89_105_SNP_N_GenomeWideSNP_6_A11_777506	6	32688615	32690830	11	0.9293
BUBBY_p_TCGA_b89_105_SNP_N_GenomeWideSNP_6_A11_777506	6	32692227	78969105	27019	-0.0131
BUBBY_p_TCGA_b89_105_SNP_N_GenomeWideSNP_6_A11_777506	6	78971697	79041633	113	-0.5717
BUBBY_p_TCGA_b89_105_SNP_N_GenomeWideSNP_6_A11_777506	6	79041719	93576272	9253	-0.0084
BUBBY_p_TCGA_b89_105_SNP_N_GenomeWideSNP_6_A11_777506	6	93576287	93578630	23	-0.6079
BUBBY_p_TCGA_b89_105_SNP_N_GenomeWideSNP_6_A11_777506	6	93582923	162496652	44448	-0.0095
BUBBY_p_TCGA_b89_105_SNP_N_GenomeWideSNP_6_A11_777506	6	162496672	162497976	9	-0.9513
BUBBY_p_TCGA_b89_105_SNP_N_GenomeWideSNP_6_A11_777506	6	162497989	162864317	301	0.0201
BUBBY_p_TCGA_b89_105_SNP_N_GenomeWideSNP_6_A11_777506	6	162864839	163059302	165	-1.063
BUBBY_p_TCGA_b89_105_SNP_N_GenomeWideSNP_6_A11_777506	6	163059427	171051005	5622	-0.0118
BUBBY_p_TCGA_b89_105_SNP_N_GenomeWideSNP_6_A11_777506	7	43355	26132290	18889	0.4367
BUBBY_p_TCGA_b89_105_SNP_N_GenomeWideSNP_6_A11_777506	7	26142392	26145413	4	-2.908
BUBBY_p_TCGA_b89_105_SNP_N_GenomeWideSNP_6_A11_777506	7	26147219	40473004	10060	0.434
BUBBY_p_TCGA_b89_105_SNP_N_GenomeWideSNP_6_A11_777506	7	40473038	40473965	3	-1.1507
BUBBY_p_TCGA_b89_105_SNP_N_GenomeWideSNP_6_A11_777506	7	40474619	54380373	9648	0.4226
BUBBY_p_TCGA_b89_105_SNP_N_GenomeWideSNP_6_A11_777506	7	54386505	54386517	6	2.1389
BUBBY_p_TCGA_b89_105_SNP_N_GenomeWideSNP_6_A11_777506	7	54393488	75868696	8403	0.3916
BUBBY_p_TCGA_b89_105_SNP_N_GenomeWideSNP_6_A11_777506	7	75871480	75874644	3	-1.5928
BUBBY_p_TCGA_b89_105_SNP_N_GenomeWideSNP_6_A11_777506	7	75876754	85210710	6158	0.4265
BUBBY_p_TCGA_b89_105_SNP_N_GenomeWideSNP_6_A11_777506	7	85210816	85218739	3	-1.6854
BUBBY_p_TCGA_b89_105_SNP_N_GenomeWideSNP_6_A11_777506	7	85219103	109667548	14432	0.4268
BUBBY_p_TCGA_b89_105_SNP_N_GenomeWideSNP_6_A11_777506	7	109667572	109668189	2	-4.1074
BUBBY_p_TCGA_b89_105_SNP_N_GenomeWideSNP_6_A11_777506	7	109681156	126044974	9903	0.4273
BUBBY_p_TCGA_b89_105_SNP_N_GenomeWideSNP_6_A11_777506	7	126045482	126046615	12	1.366
BUBBY_p_TCGA_b89_105_SNP_N_GenomeWideSNP_6_A11_777506	7	126046876	142474939	10440	0.4291
BUBBY_p_TCGA_b89_105_SNP_N_GenomeWideSNP_6_A11_777506	7	142476719	142488688	32	1.046
BUBBY_p_TCGA_b89_105_SNP_N_GenomeWideSNP_6_A11_777506	7	142490900	143938313	845	0.4353
BUBBY_p_TCGA_b89_105_SNP_N_GenomeWideSNP_6_A11_777506	7	143946878	143952313	2	-1.648
BUBBY_p_TCGA_b89_105_SNP_N_GenomeWideSNP_6_A11_777506	7	143952568	153147638	5614	0.433
BUBBY_p_TCGA_b89_105_SNP_N_GenomeWideSNP_6_A11_777506	7	153147645	153147712	2	-2.8361
BUBBY_p_TCGA_b89_105_SNP_N_GenomeWideSNP_6_A11_777506	7	153147715	154389895	866	0.4456
BUBBY_p_TCGA_b89_105_SNP_N_GenomeWideSNP_6_A11_777506	7	154393171	154399613	4	-2.1564
BUBBY_p_TCGA_b89_105_SNP_N_GenomeWideSNP_6_A11_777506	7	154400830	157768397	2418	0.4262
BUBBY_p_TCGA_b89_105_SNP_N_GenomeWideSNP_6_A11_777506	7	157770837	157771611	3	-1.254
BUBBY_p_TCGA_b89_105_SNP_N_GenomeWideSNP_6_A11_777506	7	157777861	158117595	184	0.4163
BUBBY_p_TCGA_b89_105_SNP_N_GenomeWideSNP_6_A11_777506	7	158128588	158132165	2	2.7377
BUBBY_p_TCGA_b89_105_SNP_N_GenomeWideSNP_6_A11_777506	7	158136986	159127004	639	0.4075
BUBBY_p_TCGA_b89_105_SNP_N_GenomeWideSNP_6_A11_777506	8	31254	2080289	1486	0.022
BUBBY_p_TCGA_b89_105_SNP_N_GenomeWideSNP_6_A11_777506	8	2080394	2081353	6	-2.0635
BUBBY_p_TCGA_b89_105_SNP_N_GenomeWideSNP_6_A11_777506	8	2081372	23402308	19211	0.0164
BUBBY_p_TCGA_b89_105_SNP_N_GenomeWideSNP_6_A11_777506	8	23407740	23407871	5	-1.4336
BUBBY_p_TCGA_b89_105_SNP_N_GenomeWideSNP_6_A11_777506	8	23407905	24974476	1142	0.0011
BUBBY_p_TCGA_b89_105_SNP_N_GenomeWideSNP_6_A11_777506	8	24974522	24984250	24	0.5276
BUBBY_p_TCGA_b89_105_SNP_N_GenomeWideSNP_6_A11_777506	8	24984333	85257971	35011	-0.0036
BUBBY_p_TCGA_b89_105_SNP_N_GenomeWideSNP_6_A11_777506	8	85257989	85268666	20	-0.828
BUBBY_p_TCGA_b89_105_SNP_N_GenomeWideSNP_6_A11_777506	8	85270682	112294646	16153	-0.0016
BUBBY_p_TCGA_b89_105_SNP_N_GenomeWideSNP_6_A11_777506	8	112294670	112295260	6	1.5116
BUBBY_p_TCGA_b89_105_SNP_N_GenomeWideSNP_6_A11_777506	8	112300281	141778549	21015	0.0058
BUBBY_p_TCGA_b89_105_SNP_N_GenomeWideSNP_6_A11_777506	8	141778947	141780803	2	-2.4877
BUBBY_p_TCGA_b89_105_SNP_N_GenomeWideSNP_6_A11_777506	8	141794349	146298155	1933	0.003
BUBBY_p_TCGA_b89_105_SNP_N_GenomeWideSNP_6_A11_777506	9	46587	44729751	31495	0.0142
BUBBY_p_TCGA_b89_105_SNP_N_GenomeWideSNP_6_A11_777506	9	44731386	44855737	34	0.6316
BUBBY_p_TCGA_b89_105_SNP_N_GenomeWideSNP_6_A11_777506	9	44866028	68183981	155	-0.0524
BUBBY_p_TCGA_b89_105_SNP_N_GenomeWideSNP_6_A11_777506	9	68186051	68188547	8	1.5045
BUBBY_p_TCGA_b89_105_SNP_N_GenomeWideSNP_6_A11_777506	9	68209916	141091394	48281	-8e-04
BUBBY_p_TCGA_b89_105_SNP_N_GenomeWideSNP_6_A11_777506	10	72759	4287070	3587	0.0169
BUBBY_p_TCGA_b89_105_SNP_N_GenomeWideSNP_6_A11_777506	10	4290814	4290924	3	1.739
BUBBY_p_TCGA_b89_105_SNP_N_GenomeWideSNP_6_A11_777506	10	4291016	27223903	17671	0.0031
BUBBY_p_TCGA_b89_105_SNP_N_GenomeWideSNP_6_A11_777506	10	27225904	27230675	15	0.7063
BUBBY_p_TCGA_b89_105_SNP_N_GenomeWideSNP_6_A11_777506	10	27230737	67306276	23496	0.008
BUBBY_p_TCGA_b89_105_SNP_N_GenomeWideSNP_6_A11_777506	10	67307923	67314430	27	-0.6176
BUBBY_p_TCGA_b89_105_SNP_N_GenomeWideSNP_6_A11_777506	10	67314446	135506704	46342	0.0057
BUBBY_p_TCGA_b89_105_SNP_N_GenomeWideSNP_6_A11_777506	11	198510	4967396	2478	0.0087
BUBBY_p_TCGA_b89_105_SNP_N_GenomeWideSNP_6_A11_777506	11	4967650	4977011	45	0.6837
BUBBY_p_TCGA_b89_105_SNP_N_GenomeWideSNP_6_A11_777506	11	4977082	5783052	779	0.0044
BUBBY_p_TCGA_b89_105_SNP_N_GenomeWideSNP_6_A11_777506	11	5783112	5809139	37	-0.576
BUBBY_p_TCGA_b89_105_SNP_N_GenomeWideSNP_6_A11_777506	11	5809338	5871523	69	-0.0282
BUBBY_p_TCGA_b89_105_SNP_N_GenomeWideSNP_6_A11_777506	11	5872237	5883317	7	-2.8324
BUBBY_p_TCGA_b89_105_SNP_N_GenomeWideSNP_6_A11_777506	11	5885711	37380108	23073	0.0041
BUBBY_p_TCGA_b89_105_SNP_N_GenomeWideSNP_6_A11_777506	11	37380312	37386039	6	0.8873
BUBBY_p_TCGA_b89_105_SNP_N_GenomeWideSNP_6_A11_777506	11	37394934	55363340	8188	0.0122
BUBBY_p_TCGA_b89_105_SNP_N_GenomeWideSNP_6_A11_777506	11	55374032	55460683	61	0.6057
BUBBY_p_TCGA_b89_105_SNP_N_GenomeWideSNP_6_A11_777506	11	55460788	84463079	16563	0.0025
BUBBY_p_TCGA_b89_105_SNP_N_GenomeWideSNP_6_A11_777506	11	84466282	84469870	3	-2.0051
BUBBY_p_TCGA_b89_105_SNP_N_GenomeWideSNP_6_A11_777506	11	84473427	134573610	35581	0.0032
BUBBY_p_TCGA_b89_105_SNP_N_GenomeWideSNP_6_A11_777506	11	134573810	134607871	24	0.8045
BUBBY_p_TCGA_b89_105_SNP_N_GenomeWideSNP_6_A11_777506	11	134608079	134944770	281	0.0797
BUBBY_p_TCGA_b89_105_SNP_N_GenomeWideSNP_6_A11_777506	12	150442	342004	106	0.0561
BUBBY_p_TCGA_b89_105_SNP_N_GenomeWideSNP_6_A11_777506	12	343156	365289	17	-0.5597
BUBBY_p_TCGA_b89_105_SNP_N_GenomeWideSNP_6_A11_777506	12	365356	8357507	5431	0.0029
BUBBY_p_TCGA_b89_105_SNP_N_GenomeWideSNP_6_A11_777506	12	8362050	8378251	11	0.7771
BUBBY_p_TCGA_b89_105_SNP_N_GenomeWideSNP_6_A11_777506	12	8393828	9630556	642	0.0095
BUBBY_p_TCGA_b89_105_SNP_N_GenomeWideSNP_6_A11_777506	12	9633870	9734969	26	1.2047
BUBBY_p_TCGA_b89_105_SNP_N_GenomeWideSNP_6_A11_777506	12	9734970	11231455	1049	0.0181
BUBBY_p_TCGA_b89_105_SNP_N_GenomeWideSNP_6_A11_777506	12	11232918	11241532	5	-1.8881
BUBBY_p_TCGA_b89_105_SNP_N_GenomeWideSNP_6_A11_777506	12	11251874	30235581	13298	0.0071
BUBBY_p_TCGA_b89_105_SNP_N_GenomeWideSNP_6_A11_777506	12	30239267	30243590	20	-0.6535
BUBBY_p_TCGA_b89_105_SNP_N_GenomeWideSNP_6_A11_777506	12	30243614	95805052	38920	0.0026
BUBBY_p_TCGA_b89_105_SNP_N_GenomeWideSNP_6_A11_777506	12	95805111	95805149	2	-2.224
BUBBY_p_TCGA_b89_105_SNP_N_GenomeWideSNP_6_A11_777506	12	95805349	130805065	23924	0.0109
BUBBY_p_TCGA_b89_105_SNP_N_GenomeWideSNP_6_A11_777506	12	130805605	130805775	2	-2.3575
BUBBY_p_TCGA_b89_105_SNP_N_GenomeWideSNP_6_A11_777506	12	130808282	132159756	1106	0.0147
BUBBY_p_TCGA_b89_105_SNP_N_GenomeWideSNP_6_A11_777506	12	132160668	132166295	2	-2.3424
BUBBY_p_TCGA_b89_105_SNP_N_GenomeWideSNP_6_A11_777506	12	132170068	133778189	548	-0.0039
BUBBY_p_TCGA_b89_105_SNP_N_GenomeWideSNP_6_A11_777506	13	19026949	32532622	9652	0.0068
BUBBY_p_TCGA_b89_105_SNP_N_GenomeWideSNP_6_A11_777506	13	32532727	32538423	17	-0.7951
BUBBY_p_TCGA_b89_105_SNP_N_GenomeWideSNP_6_A11_777506	13	32540047	57703019	16455	0.0029
BUBBY_p_TCGA_b89_105_SNP_N_GenomeWideSNP_6_A11_777506	13	57703122	57789714	54	0.3835
BUBBY_p_TCGA_b89_105_SNP_N_GenomeWideSNP_6_A11_777506	13	57790009	63689497	3481	-0.0018
BUBBY_p_TCGA_b89_105_SNP_N_GenomeWideSNP_6_A11_777506	13	63689499	63706845	6	-1.1847
BUBBY_p_TCGA_b89_105_SNP_N_GenomeWideSNP_6_A11_777506	13	63707193	64321552	380	0.014
BUBBY_p_TCGA_b89_105_SNP_N_GenomeWideSNP_6_A11_777506	13	64321881	64419191	46	0.609
BUBBY_p_TCGA_b89_105_SNP_N_GenomeWideSNP_6_A11_777506	13	64419555	115069862	34250	0.0023
BUBBY_p_TCGA_b89_105_SNP_N_GenomeWideSNP_6_A11_777506	13	115070114	115074698	2	-1.8665
BUBBY_p_TCGA_b89_105_SNP_N_GenomeWideSNP_6_A11_777506	13	115074878	115108397	18	0.0181
BUBBY_p_TCGA_b89_105_SNP_N_GenomeWideSNP_6_A11_777506	14	19002124	19620051	46	-0.1271
BUBBY_p_TCGA_b89_105_SNP_N_GenomeWideSNP_6_A11_777506	14	19660853	20425911	148	0.4839
BUBBY_p_TCGA_b89_105_SNP_N_GenomeWideSNP_6_A11_777506	14	20426547	40608928	12921	-0.165
BUBBY_p_TCGA_b89_105_SNP_N_GenomeWideSNP_6_A11_777506	14	40613922	40616919	2	-2.6176
BUBBY_p_TCGA_b89_105_SNP_N_GenomeWideSNP_6_A11_777506	14	40618165	48536926	4838	-0.1606
BUBBY_p_TCGA_b89_105_SNP_N_GenomeWideSNP_6_A11_777506	14	48536931	48540991	5	-2.0651
BUBBY_p_TCGA_b89_105_SNP_N_GenomeWideSNP_6_A11_777506	14	48542729	99276718	33637	-0.162
BUBBY_p_TCGA_b89_105_SNP_N_GenomeWideSNP_6_A11_777506	14	99278386	99280073	2	-2.0125
BUBBY_p_TCGA_b89_105_SNP_N_GenomeWideSNP_6_A11_777506	14	99280484	106503700	3575	-0.158
BUBBY_p_TCGA_b89_105_SNP_N_GenomeWideSNP_6_A11_777506	14	106505326	106604536	47	0.2866
BUBBY_p_TCGA_b89_105_SNP_N_GenomeWideSNP_6_A11_777506	14	106606855	106863516	113	-0.182
BUBBY_p_TCGA_b89_105_SNP_N_GenomeWideSNP_6_A11_777506	14	106863521	106934284	65	0.259
BUBBY_p_TCGA_b89_105_SNP_N_GenomeWideSNP_6_A11_777506	14	106934548	107285437	218	-0.2132
BUBBY_p_TCGA_b89_105_SNP_N_GenomeWideSNP_6_A11_777506	15	20016328	20262236	53	0.0529
BUBBY_p_TCGA_b89_105_SNP_N_GenomeWideSNP_6_A11_777506	15	20264286	21001432	156	0.545
BUBBY_p_TCGA_b89_105_SNP_N_GenomeWideSNP_6_A11_777506	15	21007473	21192326	63	0.1238
BUBBY_p_TCGA_b89_105_SNP_N_GenomeWideSNP_6_A11_777506	15	21193676	22751245	155	0.6221
BUBBY_p_TCGA_b89_105_SNP_N_GenomeWideSNP_6_A11_777506	15	22751256	24340570	848	-0.0273
BUBBY_p_TCGA_b89_105_SNP_N_GenomeWideSNP_6_A11_777506	15	24344462	24714790	185	-0.9162
BUBBY_p_TCGA_b89_105_SNP_N_GenomeWideSNP_6_A11_777506	15	24714839	30366229	3638	0.0227
BUBBY_p_TCGA_b89_105_SNP_N_GenomeWideSNP_6_A11_777506	15	30366247	30920624	116	-0.3019
BUBBY_p_TCGA_b89_105_SNP_N_GenomeWideSNP_6_A11_777506	15	30925605	32471487	1051	0.0281
BUBBY_p_TCGA_b89_105_SNP_N_GenomeWideSNP_6_A11_777506	15	32471506	32915605	73	-0.4911
BUBBY_p_TCGA_b89_105_SNP_N_GenomeWideSNP_6_A11_777506	15	32925317	56789529	15249	0.0106
BUBBY_p_TCGA_b89_105_SNP_N_GenomeWideSNP_6_A11_777506	15	56789647	56800977	26	-0.6268
BUBBY_p_TCGA_b89_105_SNP_N_GenomeWideSNP_6_A11_777506	15	56801623	63922752	5327	0.0116
BUBBY_p_TCGA_b89_105_SNP_N_GenomeWideSNP_6_A11_777506	15	63925068	63927554	2	-2.1282
BUBBY_p_TCGA_b89_105_SNP_N_GenomeWideSNP_6_A11_777506	15	63928226	83042971	11122	0.0083
BUBBY_p_TCGA_b89_105_SNP_N_GenomeWideSNP_6_A11_777506	15	83043161	83108839	8	-1.1687
BUBBY_p_TCGA_b89_105_SNP_N_GenomeWideSNP_6_A11_777506	15	83169549	102469040	14023	0.0113
BUBBY_p_TCGA_b89_105_SNP_N_GenomeWideSNP_6_A11_777506	16	60777	55796594	27345	0.0151
BUBBY_p_TCGA_b89_105_SNP_N_GenomeWideSNP_6_A11_777506	16	55798222	55798779	3	2.612
BUBBY_p_TCGA_b89_105_SNP_N_GenomeWideSNP_6_A11_777506	16	55804348	70028693	8750	0.0029
BUBBY_p_TCGA_b89_105_SNP_N_GenomeWideSNP_6_A11_777506	16	70029902	70211444	49	0.4661
BUBBY_p_TCGA_b89_105_SNP_N_GenomeWideSNP_6_A11_777506	16	70213044	78371608	5651	0.0152
BUBBY_p_TCGA_b89_105_SNP_N_GenomeWideSNP_6_A11_777506	16	78372440	78381263	14	-2.3143
BUBBY_p_TCGA_b89_105_SNP_N_GenomeWideSNP_6_A11_777506	16	78383140	90287535	10654	0.0188
BUBBY_p_TCGA_b89_105_SNP_N_GenomeWideSNP_6_A11_777506	17	526	15046445	9724	0.0061
BUBBY_p_TCGA_b89_105_SNP_N_GenomeWideSNP_6_A11_777506	17	15046522	15052063	12	-0.9533
BUBBY_p_TCGA_b89_105_SNP_N_GenomeWideSNP_6_A11_777506	17	15053646	34449179	8675	0.0175
BUBBY_p_TCGA_b89_105_SNP_N_GenomeWideSNP_6_A11_777506	17	34449420	34543343	31	0.55
BUBBY_p_TCGA_b89_105_SNP_N_GenomeWideSNP_6_A11_777506	17	34586294	39380430	2524	0.0155
BUBBY_p_TCGA_b89_105_SNP_N_GenomeWideSNP_6_A11_777506	17	39387560	39393769	5	-1.4352
BUBBY_p_TCGA_b89_105_SNP_N_GenomeWideSNP_6_A11_777506	17	39395856	39414647	9	0.0428
BUBBY_p_TCGA_b89_105_SNP_N_GenomeWideSNP_6_A11_777506	17	39418372	39430531	27	0.6569
BUBBY_p_TCGA_b89_105_SNP_N_GenomeWideSNP_6_A11_777506	17	39432724	44162307	2510	0.006
BUBBY_p_TCGA_b89_105_SNP_N_GenomeWideSNP_6_A11_777506	17	44162597	44213204	38	-0.4928
BUBBY_p_TCGA_b89_105_SNP_N_GenomeWideSNP_6_A11_777506	17	44213712	81049726	21765	0.0047
BUBBY_p_TCGA_b89_105_SNP_N_GenomeWideSNP_6_A11_777506	18	11543	63906849	40554	0.009
BUBBY_p_TCGA_b89_105_SNP_N_GenomeWideSNP_6_A11_777506	18	63906866	63911589	11	-0.9108
BUBBY_p_TCGA_b89_105_SNP_N_GenomeWideSNP_6_A11_777506	18	63911876	78015057	10279	0.0258
BUBBY_p_TCGA_b89_105_SNP_N_GenomeWideSNP_6_A11_777506	19	90910	8334939	2935	-0.0108
BUBBY_p_TCGA_b89_105_SNP_N_GenomeWideSNP_6_A11_777506	19	8350197	8351988	7	0.9355
BUBBY_p_TCGA_b89_105_SNP_N_GenomeWideSNP_6_A11_777506	19	8352027	12533259	2059	-0.0135
BUBBY_p_TCGA_b89_105_SNP_N_GenomeWideSNP_6_A11_777506	19	12538765	12538882	2	-2.6238
BUBBY_p_TCGA_b89_105_SNP_N_GenomeWideSNP_6_A11_777506	19	12539599	20594143	3982	-0.0023
BUBBY_p_TCGA_b89_105_SNP_N_GenomeWideSNP_6_A11_777506	19	20594307	20716389	72	-0.7842
BUBBY_p_TCGA_b89_105_SNP_N_GenomeWideSNP_6_A11_777506	19	20720881	43696975	11712	0
BUBBY_p_TCGA_b89_105_SNP_N_GenomeWideSNP_6_A11_777506	19	43697333	43768182	27	-0.7459
BUBBY_p_TCGA_b89_105_SNP_N_GenomeWideSNP_6_A11_777506	19	43769833	52131813	4168	0.0063
BUBBY_p_TCGA_b89_105_SNP_N_GenomeWideSNP_6_A11_777506	19	52142352	52148197	11	-1.1283
BUBBY_p_TCGA_b89_105_SNP_N_GenomeWideSNP_6_A11_777506	19	52154905	55505208	2168	-0.0153
BUBBY_p_TCGA_b89_105_SNP_N_GenomeWideSNP_6_A11_777506	19	55508705	55509688	3	-1.8891
BUBBY_p_TCGA_b89_105_SNP_N_GenomeWideSNP_6_A11_777506	19	55509865	59097854	2214	-0.0031
BUBBY_p_TCGA_b89_105_SNP_N_GenomeWideSNP_6_A11_777506	20	61305	1552503	1186	0.0296
BUBBY_p_TCGA_b89_105_SNP_N_GenomeWideSNP_6_A11_777506	20	1557190	1560999	21	-0.7589
BUBBY_p_TCGA_b89_105_SNP_N_GenomeWideSNP_6_A11_777506	20	1561580	62956153	41310	0.0064
BUBBY_p_TCGA_b89_105_SNP_N_GenomeWideSNP_6_A11_777506	21	10736871	40945268	19397	-0.0035
BUBBY_p_TCGA_b89_105_SNP_N_GenomeWideSNP_6_A11_777506	21	40945644	40945880	2	-2.4989
BUBBY_p_TCGA_b89_105_SNP_N_GenomeWideSNP_6_A11_777506	21	40946124	44968053	3262	-0.002
BUBBY_p_TCGA_b89_105_SNP_N_GenomeWideSNP_6_A11_777506	21	44970873	44972812	2	1.7873
BUBBY_p_TCGA_b89_105_SNP_N_GenomeWideSNP_6_A11_777506	21	44973667	48096957	1766	-0.0198
BUBBY_p_TCGA_b89_105_SNP_N_GenomeWideSNP_6_A11_777506	22	16052528	23262981	3921	0.0313
BUBBY_p_TCGA_b89_105_SNP_N_GenomeWideSNP_6_A11_777506	22	23263242	23263257	2	-2.6804
BUBBY_p_TCGA_b89_105_SNP_N_GenomeWideSNP_6_A11_777506	22	23263274	51234455	19652	0.0068
BUBBY_p_TCGA_b89_105_SNP_N_GenomeWideSNP_6_A11_777506	X	168477	2589364	93	-0.8015
BUBBY_p_TCGA_b89_105_SNP_N_GenomeWideSNP_6_A11_777506	X	2665209	29535836	18034	0.0185
BUBBY_p_TCGA_b89_105_SNP_N_GenomeWideSNP_6_A11_777506	X	29536004	29536125	2	-3.9984
BUBBY_p_TCGA_b89_105_SNP_N_GenomeWideSNP_6_A11_777506	X	29536243	125988906	49146	0.0117
BUBBY_p_TCGA_b89_105_SNP_N_GenomeWideSNP_6_A11_777506	X	125990345	125996043	3	-4.8809
BUBBY_p_TCGA_b89_105_SNP_N_GenomeWideSNP_6_A11_777506	X	125996955	136188752	5490	0.0169
BUBBY_p_TCGA_b89_105_SNP_N_GenomeWideSNP_6_A11_777506	X	136189019	136190029	3	-4.357
BUBBY_p_TCGA_b89_105_SNP_N_GenomeWideSNP_6_A11_777506	X	136196125	155182354	11685	0.0194
BUBBY_p_TCGA_b89_105_SNP_N_GenomeWideSNP_6_A11_777506	Y	2650438	59018259	8630	-2.2389
