GDC_Aliquot	Chromosome	Start	End	Num_Probes	Segment_Mean
82fa51ee-ed44-4096-a4d3-960afbcef094	1	62920	16721984	8614	0.0086
82fa51ee-ed44-4096-a4d3-960afbcef094	1	16766762	16934716	62	0.5281
82fa51ee-ed44-4096-a4d3-960afbcef094	1	16934753	34637053	10143	0.0043
82fa51ee-ed44-4096-a4d3-960afbcef094	1	34637069	34638890	19	-0.6016
82fa51ee-ed44-4096-a4d3-960afbcef094	1	34648667	72303233	23481	0.006
82fa51ee-ed44-4096-a4d3-960afbcef094	1	72303253	72345465	45	1.1882
82fa51ee-ed44-4096-a4d3-960afbcef094	1	72346221	75585159	1905	0.0026
82fa51ee-ed44-4096-a4d3-960afbcef094	1	75589078	75589169	2	-1.8238
82fa51ee-ed44-4096-a4d3-960afbcef094	1	75593824	103616762	17892	0.0003
82fa51ee-ed44-4096-a4d3-960afbcef094	1	103620877	103717617	6	1.2129
82fa51ee-ed44-4096-a4d3-960afbcef094	1	103760781	112147704	5461	0.0064
82fa51ee-ed44-4096-a4d3-960afbcef094	1	112153343	112154591	22	0.6238
82fa51ee-ed44-4096-a4d3-960afbcef094	1	112154619	143494500	5112	0.0087
82fa51ee-ed44-4096-a4d3-960afbcef094	1	143541857	143942271	126	0.7553
82fa51ee-ed44-4096-a4d3-960afbcef094	1	144432083	152583051	2281	0.0194
82fa51ee-ed44-4096-a4d3-960afbcef094	1	152583230	152613762	31	-1.246
82fa51ee-ed44-4096-a4d3-960afbcef094	1	152613802	174827267	14814	0.0019
82fa51ee-ed44-4096-a4d3-960afbcef094	1	174827418	174828549	14	-0.8197
82fa51ee-ed44-4096-a4d3-960afbcef094	1	174832599	196745743	14482	0.0022
82fa51ee-ed44-4096-a4d3-960afbcef094	1	196758720	196830375	54	-0.6245
82fa51ee-ed44-4096-a4d3-960afbcef094	1	196832298	196846661	7	0.6027
82fa51ee-ed44-4096-a4d3-960afbcef094	1	196847600	248930189	35346	0.0047
82fa51ee-ed44-4096-a4d3-960afbcef094	2	12784	295255	179	0.0565
82fa51ee-ed44-4096-a4d3-960afbcef094	2	296789	296812	2	-1.5137
82fa51ee-ed44-4096-a4d3-960afbcef094	2	300879	14565932	10752	0.0158
82fa51ee-ed44-4096-a4d3-960afbcef094	2	14566145	14569897	9	-1.0807
82fa51ee-ed44-4096-a4d3-960afbcef094	2	14570240	26010616	7585	0.0082
82fa51ee-ed44-4096-a4d3-960afbcef094	2	26015352	26016414	2	-1.4197
82fa51ee-ed44-4096-a4d3-960afbcef094	2	26016711	34466002	5266	0.0044
82fa51ee-ed44-4096-a4d3-960afbcef094	2	34474248	34491703	17	0.7385
82fa51ee-ed44-4096-a4d3-960afbcef094	2	34491869	34492601	9	0.1608
82fa51ee-ed44-4096-a4d3-960afbcef094	2	34492775	34511990	20	0.7386
82fa51ee-ed44-4096-a4d3-960afbcef094	2	34512096	41011080	4727	0.0181
82fa51ee-ed44-4096-a4d3-960afbcef094	2	41011095	41018747	23	-0.4781
82fa51ee-ed44-4096-a4d3-960afbcef094	2	41024093	52531803	8074	0.0075
82fa51ee-ed44-4096-a4d3-960afbcef094	2	52531878	52554404	28	-0.4223
82fa51ee-ed44-4096-a4d3-960afbcef094	2	52560811	85105322	20701	0.0091
82fa51ee-ed44-4096-a4d3-960afbcef094	2	85105337	85106283	2	-1.7117
82fa51ee-ed44-4096-a4d3-960afbcef094	2	85106853	97359885	2874	0.0218
82fa51ee-ed44-4096-a4d3-960afbcef094	2	97524284	97545247	8	0.9194
82fa51ee-ed44-4096-a4d3-960afbcef094	2	97545726	106258041	5503	0.0104
82fa51ee-ed44-4096-a4d3-960afbcef094	2	106258193	106270952	16	0.6205
82fa51ee-ed44-4096-a4d3-960afbcef094	2	106271414	115821215	5100	0.0026
82fa51ee-ed44-4096-a4d3-960afbcef094	2	115821468	115825989	5	-0.9607
82fa51ee-ed44-4096-a4d3-960afbcef094	2	115826054	128881337	8146	0.0089
82fa51ee-ed44-4096-a4d3-960afbcef094	2	128881387	128882741	10	-0.9215
82fa51ee-ed44-4096-a4d3-960afbcef094	2	128882755	146106875	10299	0.0092
82fa51ee-ed44-4096-a4d3-960afbcef094	2	146106889	146109366	21	1.0678
82fa51ee-ed44-4096-a4d3-960afbcef094	2	146120238	150172420	2237	0.0076
82fa51ee-ed44-4096-a4d3-960afbcef094	2	150174288	150181218	6	-1.0612
82fa51ee-ed44-4096-a4d3-960afbcef094	2	150182694	155095579	3191	-0.0007
82fa51ee-ed44-4096-a4d3-960afbcef094	2	155096158	155096417	2	-1.8119
82fa51ee-ed44-4096-a4d3-960afbcef094	2	155099897	159250224	2386	-0.0008
82fa51ee-ed44-4096-a4d3-960afbcef094	2	159250291	159251186	4	-1.1284
82fa51ee-ed44-4096-a4d3-960afbcef094	2	159253287	165921673	3827	0.0065
82fa51ee-ed44-4096-a4d3-960afbcef094	2	165924678	165925059	2	-1.5934
82fa51ee-ed44-4096-a4d3-960afbcef094	2	165932110	197919070	19153	0.0097
82fa51ee-ed44-4096-a4d3-960afbcef094	2	197926674	197929957	3	-1.4913
82fa51ee-ed44-4096-a4d3-960afbcef094	2	197930714	221606293	14735	0.0066
82fa51ee-ed44-4096-a4d3-960afbcef094	2	221606740	221606796	2	1.3691
82fa51ee-ed44-4096-a4d3-960afbcef094	2	221607842	228397576	4437	-0.001
82fa51ee-ed44-4096-a4d3-960afbcef094	2	228399698	228401658	2	-2.8852
82fa51ee-ed44-4096-a4d3-960afbcef094	2	228404140	242147305	8416	0.0087
82fa51ee-ed44-4096-a4d3-960afbcef094	3	20930	6604856	5728	0.0237
82fa51ee-ed44-4096-a4d3-960afbcef094	3	6609441	6611645	23	-0.6765
82fa51ee-ed44-4096-a4d3-960afbcef094	3	6613391	21299320	9976	0.0056
82fa51ee-ed44-4096-a4d3-960afbcef094	3	21299371	21301599	2	1.4085
82fa51ee-ed44-4096-a4d3-960afbcef094	3	21302104	22163684	771	0.015
82fa51ee-ed44-4096-a4d3-960afbcef094	3	22163747	22164013	3	-1.1213
82fa51ee-ed44-4096-a4d3-960afbcef094	3	22164136	37940617	10771	0.0039
82fa51ee-ed44-4096-a4d3-960afbcef094	3	37940970	37945316	15	-1.0253
82fa51ee-ed44-4096-a4d3-960afbcef094	3	37945392	45405525	4569	0.0035
82fa51ee-ed44-4096-a4d3-960afbcef094	3	45407881	45408441	2	-1.2882
82fa51ee-ed44-4096-a4d3-960afbcef094	3	45408457	46760471	906	0.0034
82fa51ee-ed44-4096-a4d3-960afbcef094	3	46760515	46807689	36	-0.764
82fa51ee-ed44-4096-a4d3-960afbcef094	3	46808099	52988908	2471	0.0028
82fa51ee-ed44-4096-a4d3-960afbcef094	3	52988933	53005084	38	-0.6543
82fa51ee-ed44-4096-a4d3-960afbcef094	3	53005100	68697013	11877	0.0059
82fa51ee-ed44-4096-a4d3-960afbcef094	3	68697108	68698262	14	2.3119
82fa51ee-ed44-4096-a4d3-960afbcef094	3	68699607	82706841	8875	0.0082
82fa51ee-ed44-4096-a4d3-960afbcef094	3	82707026	82709592	2	1.881
82fa51ee-ed44-4096-a4d3-960afbcef094	3	82712909	143566923	33724	0.0016
82fa51ee-ed44-4096-a4d3-960afbcef094	3	143566958	143567132	4	1.3393
82fa51ee-ed44-4096-a4d3-960afbcef094	3	143567959	162776329	11740	0.0067
82fa51ee-ed44-4096-a4d3-960afbcef094	3	162777465	162908207	81	0.4019
82fa51ee-ed44-4096-a4d3-960afbcef094	3	162908784	176165961	8072	0.0064
82fa51ee-ed44-4096-a4d3-960afbcef094	3	176170271	176196598	32	-0.9042
82fa51ee-ed44-4096-a4d3-960afbcef094	3	176196672	193160173	10866	0.0051
82fa51ee-ed44-4096-a4d3-960afbcef094	3	193160256	193165114	18	0.6246
82fa51ee-ed44-4096-a4d3-960afbcef094	3	193168646	195673928	1461	0.0005
82fa51ee-ed44-4096-a4d3-960afbcef094	3	195683075	195720051	22	0.5437
82fa51ee-ed44-4096-a4d3-960afbcef094	3	195728637	198169247	1173	0.0194
82fa51ee-ed44-4096-a4d3-960afbcef094	4	68929	9455251	5108	-0.0002
82fa51ee-ed44-4096-a4d3-960afbcef094	4	9459504	9477699	6	-1.1237
82fa51ee-ed44-4096-a4d3-960afbcef094	4	9484440	10221792	535	0.02
82fa51ee-ed44-4096-a4d3-960afbcef094	4	10222004	10237337	37	-0.4532
82fa51ee-ed44-4096-a4d3-960afbcef094	4	10237673	34777340	16785	0.0047
82fa51ee-ed44-4096-a4d3-960afbcef094	4	34777353	34828250	44	0.5156
82fa51ee-ed44-4096-a4d3-960afbcef094	4	34828291	63828222	16374	0.0062
82fa51ee-ed44-4096-a4d3-960afbcef094	4	63831751	63842540	28	-0.4553
82fa51ee-ed44-4096-a4d3-960afbcef094	4	63850713	68395346	2828	0.0047
82fa51ee-ed44-4096-a4d3-960afbcef094	4	68416487	68422424	5	-1.3344
82fa51ee-ed44-4096-a4d3-960afbcef094	4	68429081	68509442	15	-0.0562
82fa51ee-ed44-4096-a4d3-960afbcef094	4	68509630	68620261	61	0.3807
82fa51ee-ed44-4096-a4d3-960afbcef094	4	68623617	107130343	22989	0.0055
82fa51ee-ed44-4096-a4d3-960afbcef094	4	107144594	107155376	38	-0.7054
82fa51ee-ed44-4096-a4d3-960afbcef094	4	107156277	114252544	4355	0.0001
82fa51ee-ed44-4096-a4d3-960afbcef094	4	114254167	114261019	23	-1.5353
82fa51ee-ed44-4096-a4d3-960afbcef094	4	114263073	137158876	13075	0.0079
82fa51ee-ed44-4096-a4d3-960afbcef094	4	137159607	137187209	26	0.3737
82fa51ee-ed44-4096-a4d3-960afbcef094	4	137187333	160132439	13903	0.005
82fa51ee-ed44-4096-a4d3-960afbcef094	4	160132499	160162718	37	-0.7828
82fa51ee-ed44-4096-a4d3-960afbcef094	4	160162917	161555930	1042	0.0334
82fa51ee-ed44-4096-a4d3-960afbcef094	4	161556032	161559297	2	-2.2434
82fa51ee-ed44-4096-a4d3-960afbcef094	4	161559759	171448195	6149	0.0096
82fa51ee-ed44-4096-a4d3-960afbcef094	4	171453733	171456625	12	-0.7731
82fa51ee-ed44-4096-a4d3-960afbcef094	4	171459220	172066777	390	0.033
82fa51ee-ed44-4096-a4d3-960afbcef094	4	172067997	172068382	12	-1.6964
82fa51ee-ed44-4096-a4d3-960afbcef094	4	172074828	172501371	225	0.0156
82fa51ee-ed44-4096-a4d3-960afbcef094	4	172503796	172507492	7	1.2199
82fa51ee-ed44-4096-a4d3-960afbcef094	4	172519981	190106768	11684	0.0131
82fa51ee-ed44-4096-a4d3-960afbcef094	5	15532	733497	320	0.0115
82fa51ee-ed44-4096-a4d3-960afbcef094	5	741924	823484	25	0.4609
82fa51ee-ed44-4096-a4d3-960afbcef094	5	823655	12800777	9727	0.0139
82fa51ee-ed44-4096-a4d3-960afbcef094	5	12815668	12838421	14	-1.3472
82fa51ee-ed44-4096-a4d3-960afbcef094	5	12849089	176033084	98774	0.0059
82fa51ee-ed44-4096-a4d3-960afbcef094	5	176038686	176042504	2	-1.9078
82fa51ee-ed44-4096-a4d3-960afbcef094	5	176043321	180951888	2510	0.0109
82fa51ee-ed44-4096-a4d3-960afbcef094	5	180953203	180987465	12	-0.5585
82fa51ee-ed44-4096-a4d3-960afbcef094	5	180990207	181363319	172	0.0215
82fa51ee-ed44-4096-a4d3-960afbcef094	6	149661	303017	125	0.0219
82fa51ee-ed44-4096-a4d3-960afbcef094	6	303121	379015	74	0.3151
82fa51ee-ed44-4096-a4d3-960afbcef094	6	380821	27660181	20135	0.0006
82fa51ee-ed44-4096-a4d3-960afbcef094	6	27660614	27699777	19	0.7755
82fa51ee-ed44-4096-a4d3-960afbcef094	6	27699793	29866171	1018	0.0028
82fa51ee-ed44-4096-a4d3-960afbcef094	6	29866672	29980705	75	0.2745
82fa51ee-ed44-4096-a4d3-960afbcef094	6	29980974	31309909	599	0.0142
82fa51ee-ed44-4096-a4d3-960afbcef094	6	31313046	31349920	15	-1.2785
82fa51ee-ed44-4096-a4d3-960afbcef094	6	31350387	32656814	547	0.0128
82fa51ee-ed44-4096-a4d3-960afbcef094	6	32657318	32658841	4	1.9462
82fa51ee-ed44-4096-a4d3-960afbcef094	6	32682835	44917012	7645	0.0054
82fa51ee-ed44-4096-a4d3-960afbcef094	6	44917214	44946961	15	0.4617
82fa51ee-ed44-4096-a4d3-960afbcef094	6	44947506	54066286	5859	0.0006
82fa51ee-ed44-4096-a4d3-960afbcef094	6	54066353	54067057	7	1.025
82fa51ee-ed44-4096-a4d3-960afbcef094	6	54070550	58096364	2045	-0.004
82fa51ee-ed44-4096-a4d3-960afbcef094	6	58099774	58100791	4	-1.08
82fa51ee-ed44-4096-a4d3-960afbcef094	6	58106296	64627049	2132	0.0191
82fa51ee-ed44-4096-a4d3-960afbcef094	6	64637651	64639099	2	-1.9683
82fa51ee-ed44-4096-a4d3-960afbcef094	6	64640883	78262085	8846	0.0084
82fa51ee-ed44-4096-a4d3-960afbcef094	6	78262117	78332056	109	-0.5512
82fa51ee-ed44-4096-a4d3-960afbcef094	6	78332092	113900791	21914	0.0061
82fa51ee-ed44-4096-a4d3-960afbcef094	6	113903677	113903852	2	-2.8283
82fa51ee-ed44-4096-a4d3-960afbcef094	6	113904647	133945130	12237	0.0047
82fa51ee-ed44-4096-a4d3-960afbcef094	6	133947933	133948494	2	-1.5337
82fa51ee-ed44-4096-a4d3-960afbcef094	6	133950934	137657707	2603	0.0067
82fa51ee-ed44-4096-a4d3-960afbcef094	6	137658512	137658834	2	-1.8555
82fa51ee-ed44-4096-a4d3-960afbcef094	6	137658970	170741917	22159	0.0088
82fa51ee-ed44-4096-a4d3-960afbcef094	7	43355	97756658	59677	0.0088
82fa51ee-ed44-4096-a4d3-960afbcef094	7	97766148	97766159	6	1.0398
82fa51ee-ed44-4096-a4d3-960afbcef094	7	97766194	109801572	6587	0.0028
82fa51ee-ed44-4096-a4d3-960afbcef094	7	109801722	109801752	2	1.6075
82fa51ee-ed44-4096-a4d3-960afbcef094	7	109801903	134093899	14598	0.0084
82fa51ee-ed44-4096-a4d3-960afbcef094	7	134100424	134114444	37	0.6448
82fa51ee-ed44-4096-a4d3-960afbcef094	7	134121491	142063324	5123	-0.0091
82fa51ee-ed44-4096-a4d3-960afbcef094	7	142069843	142092307	34	-0.5939
82fa51ee-ed44-4096-a4d3-960afbcef094	7	142099190	144199159	1189	0.0469
82fa51ee-ed44-4096-a4d3-960afbcef094	7	144207186	144295437	9	-0.7311
82fa51ee-ed44-4096-a4d3-960afbcef094	7	144306653	159334314	9557	0.016
82fa51ee-ed44-4096-a4d3-960afbcef094	8	81254	643041	321	0.0618
82fa51ee-ed44-4096-a4d3-960afbcef094	8	644944	645908	10	1.0274
82fa51ee-ed44-4096-a4d3-960afbcef094	8	656117	7433619	7334	0.0232
82fa51ee-ed44-4096-a4d3-960afbcef094	8	7440674	8120649	36	0.5696
82fa51ee-ed44-4096-a4d3-960afbcef094	8	8132772	16404738	6717	0.0188
82fa51ee-ed44-4096-a4d3-960afbcef094	8	16404755	16421186	27	-0.8054
82fa51ee-ed44-4096-a4d3-960afbcef094	8	16425078	25114672	6766	0.0046
82fa51ee-ed44-4096-a4d3-960afbcef094	8	25116928	25133612	29	-0.4504
82fa51ee-ed44-4096-a4d3-960afbcef094	8	25133720	111279265	50506	-0.0005
82fa51ee-ed44-4096-a4d3-960afbcef094	8	111282050	111283031	10	-1.0707
82fa51ee-ed44-4096-a4d3-960afbcef094	8	111288052	143624714	22163	0.0059
82fa51ee-ed44-4096-a4d3-960afbcef094	8	143624808	143625638	3	-2.4016
82fa51ee-ed44-4096-a4d3-960afbcef094	8	143636819	145072769	496	0.0236
82fa51ee-ed44-4096-a4d3-960afbcef094	9	46587	23361807	20130	0.0113
82fa51ee-ed44-4096-a4d3-960afbcef094	9	23363117	23372401	7	-1.9268
82fa51ee-ed44-4096-a4d3-960afbcef094	9	23373486	25500163	1527	0.0016
82fa51ee-ed44-4096-a4d3-960afbcef094	9	25500176	25500383	3	-1.0688
82fa51ee-ed44-4096-a4d3-960afbcef094	9	25508137	27765418	1680	0.0019
82fa51ee-ed44-4096-a4d3-960afbcef094	9	27766593	27766702	2	-1.7706
82fa51ee-ed44-4096-a4d3-960afbcef094	9	27767684	41451846	7466	0.0131
82fa51ee-ed44-4096-a4d3-960afbcef094	9	41473331	41741113	32	0.3925
82fa51ee-ed44-4096-a4d3-960afbcef094	9	42014203	42585140	39	-0.4392
82fa51ee-ed44-4096-a4d3-960afbcef094	9	42697878	61369645	49	0.5919
82fa51ee-ed44-4096-a4d3-960afbcef094	9	61371448	138200944	47541	0.0053
82fa51ee-ed44-4096-a4d3-960afbcef094	10	45792	84368	11	0.308
82fa51ee-ed44-4096-a4d3-960afbcef094	10	87611	97315	9	-0.6215
82fa51ee-ed44-4096-a4d3-960afbcef094	10	97603	2798283	2185	0.0084
82fa51ee-ed44-4096-a4d3-960afbcef094	10	2798436	2807267	11	0.5707
82fa51ee-ed44-4096-a4d3-960afbcef094	10	2807355	26934974	18694	0.0025
82fa51ee-ed44-4096-a4d3-960afbcef094	10	26936975	26941808	16	1.033
82fa51ee-ed44-4096-a4d3-960afbcef094	10	26942681	130365577	66571	0.0065
82fa51ee-ed44-4096-a4d3-960afbcef094	10	130366613	131683081	1136	0.0875
82fa51ee-ed44-4096-a4d3-960afbcef094	10	131683183	133654968	941	0.0069
82fa51ee-ed44-4096-a4d3-960afbcef094	11	198510	5762693	3191	-0.0034
82fa51ee-ed44-4096-a4d3-960afbcef094	11	5766175	5788108	34	0.4816
82fa51ee-ed44-4096-a4d3-960afbcef094	11	5788231	18919309	9284	0.0072
82fa51ee-ed44-4096-a4d3-960afbcef094	11	18919323	18940586	48	0.3407
82fa51ee-ed44-4096-a4d3-960afbcef094	11	18949158	135074876	73214	0.0078
82fa51ee-ed44-4096-a4d3-960afbcef094	12	51460	756804	409	0.0252
82fa51ee-ed44-4096-a4d3-960afbcef094	12	759943	764863	17	-0.83
82fa51ee-ed44-4096-a4d3-960afbcef094	12	766188	7851829	4873	0.008
82fa51ee-ed44-4096-a4d3-960afbcef094	12	7853910	7971304	56	0.9524
82fa51ee-ed44-4096-a4d3-960afbcef094	12	7978362	9481274	741	0.0037
82fa51ee-ed44-4096-a4d3-960afbcef094	12	9485313	9575696	23	-1.3537
82fa51ee-ed44-4096-a4d3-960afbcef094	12	9582373	11358644	1164	0.0089
82fa51ee-ed44-4096-a4d3-960afbcef094	12	11359558	11399258	30	-0.7738
82fa51ee-ed44-4096-a4d3-960afbcef094	12	11399668	47132947	21670	0.0081
82fa51ee-ed44-4096-a4d3-960afbcef094	12	47133816	47134025	2	1.905
82fa51ee-ed44-4096-a4d3-960afbcef094	12	47134590	70831554	14363	0.0088
82fa51ee-ed44-4096-a4d3-960afbcef094	12	70833004	70833332	2	-1.4798
82fa51ee-ed44-4096-a4d3-960afbcef094	12	70833531	80446147	5997	0.0028
82fa51ee-ed44-4096-a4d3-960afbcef094	12	80446276	80456533	2	-2.289
82fa51ee-ed44-4096-a4d3-960afbcef094	12	80458189	90089573	5641	0.0012
82fa51ee-ed44-4096-a4d3-960afbcef094	12	90097892	90098297	7	-1.6675
82fa51ee-ed44-4096-a4d3-960afbcef094	12	90099780	99401515	6375	0.0029
82fa51ee-ed44-4096-a4d3-960afbcef094	12	99401690	99404577	26	-0.3703
82fa51ee-ed44-4096-a4d3-960afbcef094	12	99404748	127771112	18574	0.0049
82fa51ee-ed44-4096-a4d3-960afbcef094	12	127772204	130065988	2050	0.0595
82fa51ee-ed44-4096-a4d3-960afbcef094	12	130069237	133201603	1853	0.0158
82fa51ee-ed44-4096-a4d3-960afbcef094	13	18452809	18600494	13	-0.3861
82fa51ee-ed44-4096-a4d3-960afbcef094	13	18601035	19547319	514	0.0301
82fa51ee-ed44-4096-a4d3-960afbcef094	13	19549755	19549770	2	2.8064
82fa51ee-ed44-4096-a4d3-960afbcef094	13	19550361	30207584	7627	0.0115
82fa51ee-ed44-4096-a4d3-960afbcef094	13	30207962	30209634	4	-1.1416
82fa51ee-ed44-4096-a4d3-960afbcef094	13	30215542	37497899	5127	0.0004
82fa51ee-ed44-4096-a4d3-960afbcef094	13	37498087	37510620	15	-0.4603
82fa51ee-ed44-4096-a4d3-960afbcef094	13	37514193	38478674	691	-0.0003
82fa51ee-ed44-4096-a4d3-960afbcef094	13	38483435	38483919	2	-2.28
82fa51ee-ed44-4096-a4d3-960afbcef094	13	38490920	57097752	11646	0.0081
82fa51ee-ed44-4096-a4d3-960afbcef094	13	57099677	57099696	2	-2.1265
82fa51ee-ed44-4096-a4d3-960afbcef094	13	57102230	62410562	3162	0.0096
82fa51ee-ed44-4096-a4d3-960afbcef094	13	62413943	62415937	3	-1.5857
82fa51ee-ed44-4096-a4d3-960afbcef094	13	62417153	114342922	34522	0.0086
82fa51ee-ed44-4096-a4d3-960afbcef094	14	18239283	18662134	20	-0.1052
82fa51ee-ed44-4096-a4d3-960afbcef094	14	18674599	18686006	3	-1.7
82fa51ee-ed44-4096-a4d3-960afbcef094	14	18687716	19294475	24	0.1486
82fa51ee-ed44-4096-a4d3-960afbcef094	14	19298389	19954424	119	1.0969
82fa51ee-ed44-4096-a4d3-960afbcef094	14	19955213	41139155	13410	0.0064
82fa51ee-ed44-4096-a4d3-960afbcef094	14	41141293	41184774	13	-0.5091
82fa51ee-ed44-4096-a4d3-960afbcef094	14	41188046	73526068	20216	-0.0015
82fa51ee-ed44-4096-a4d3-960afbcef094	14	73529070	73554275	10	0.7285
82fa51ee-ed44-4096-a4d3-960afbcef094	14	73563196	106437546	20688	0.0082
82fa51ee-ed44-4096-a4d3-960afbcef094	14	106438088	106458677	35	0.3633
82fa51ee-ed44-4096-a4d3-960afbcef094	14	106458728	106877229	200	0.0156
82fa51ee-ed44-4096-a4d3-960afbcef094	15	19811075	20056983	50	0.0205
82fa51ee-ed44-4096-a4d3-960afbcef094	15	20059033	22294951	153	0.3615
82fa51ee-ed44-4096-a4d3-960afbcef094	15	22296480	24266888	927	0.0083
82fa51ee-ed44-4096-a4d3-960afbcef094	15	24269473	24435538	66	0.5388
82fa51ee-ed44-4096-a4d3-960afbcef094	15	24435590	76586021	32311	0.0077
82fa51ee-ed44-4096-a4d3-960afbcef094	15	76598900	76603433	21	0.8103
82fa51ee-ed44-4096-a4d3-960afbcef094	15	76603434	101928837	17418	0.0127
82fa51ee-ed44-4096-a4d3-960afbcef094	16	10777	15818957	11330	0.0211
82fa51ee-ed44-4096-a4d3-960afbcef094	16	15819919	15833684	11	-0.6194
82fa51ee-ed44-4096-a4d3-960afbcef094	16	15837513	16269368	270	0.0314
82fa51ee-ed44-4096-a4d3-960afbcef094	16	16419234	16574666	23	-0.4684
82fa51ee-ed44-4096-a4d3-960afbcef094	16	16585488	22614263	2985	0.0362
82fa51ee-ed44-4096-a4d3-960afbcef094	16	22614281	22623729	15	-0.4351
82fa51ee-ed44-4096-a4d3-960afbcef094	16	22625929	22639068	8	0.1339
82fa51ee-ed44-4096-a4d3-960afbcef094	16	22639327	22699421	35	-0.397
82fa51ee-ed44-4096-a4d3-960afbcef094	16	22701658	35237121	5283	0.0201
82fa51ee-ed44-4096-a4d3-960afbcef094	16	35237149	35522700	163	0.6647
82fa51ee-ed44-4096-a4d3-960afbcef094	16	35526596	70086227	15203	0.0045
82fa51ee-ed44-4096-a4d3-960afbcef094	16	70087520	70179141	26	0.5127
82fa51ee-ed44-4096-a4d3-960afbcef094	16	70200633	81366240	8845	0.0021
82fa51ee-ed44-4096-a4d3-960afbcef094	16	81366413	81366572	3	-1.4832
82fa51ee-ed44-4096-a4d3-960afbcef094	16	81367138	88571375	6424	0.0067
82fa51ee-ed44-4096-a4d3-960afbcef094	16	88571388	88579409	4	-1.1141
82fa51ee-ed44-4096-a4d3-960afbcef094	16	88579725	90096867	646	0.0016
82fa51ee-ed44-4096-a4d3-960afbcef094	17	150733	9211520	5055	0.0089
82fa51ee-ed44-4096-a4d3-960afbcef094	17	9212088	9221588	2	-1.8238
82fa51ee-ed44-4096-a4d3-960afbcef094	17	9227760	13252736	2960	-0.0019
82fa51ee-ed44-4096-a4d3-960afbcef094	17	13252796	13255041	7	-0.6251
82fa51ee-ed44-4096-a4d3-960afbcef094	17	13255739	14281907	811	0.0205
82fa51ee-ed44-4096-a4d3-960afbcef094	17	14285476	15873871	1114	0.0692
82fa51ee-ed44-4096-a4d3-960afbcef094	17	15875428	16397871	234	0.0019
82fa51ee-ed44-4096-a4d3-960afbcef094	17	16398188	16400717	2	1.1999
82fa51ee-ed44-4096-a4d3-960afbcef094	17	16408798	16718444	161	0.0213
82fa51ee-ed44-4096-a4d3-960afbcef094	17	16718504	16819487	15	-0.4524
82fa51ee-ed44-4096-a4d3-960afbcef094	17	16834846	18414080	903	0.0104
82fa51ee-ed44-4096-a4d3-960afbcef094	17	18452078	18543365	24	0.7251
82fa51ee-ed44-4096-a4d3-960afbcef094	17	18550123	33608983	4926	0.0072
82fa51ee-ed44-4096-a4d3-960afbcef094	17	33609252	34544888	881	0.0871
82fa51ee-ed44-4096-a4d3-960afbcef094	17	34547094	41239604	3478	0.0055
82fa51ee-ed44-4096-a4d3-960afbcef094	17	41245790	41276993	43	0.3252
82fa51ee-ed44-4096-a4d3-960afbcef094	17	41277014	45497555	2124	0.003
82fa51ee-ed44-4096-a4d3-960afbcef094	17	45508731	45571174	5	-1.3284
82fa51ee-ed44-4096-a4d3-960afbcef094	17	45577724	46136346	379	-0.0155
82fa51ee-ed44-4096-a4d3-960afbcef094	17	46136800	46687628	94	0.4514
82fa51ee-ed44-4096-a4d3-960afbcef094	17	46707286	64867438	10416	0.0048
82fa51ee-ed44-4096-a4d3-960afbcef094	17	64929599	64929920	2	1.8845
82fa51ee-ed44-4096-a4d3-960afbcef094	17	64930571	81139641	10198	0.0035
82fa51ee-ed44-4096-a4d3-960afbcef094	17	81154966	81161357	7	-0.8304
82fa51ee-ed44-4096-a4d3-960afbcef094	17	81168461	83091923	709	-0.0006
82fa51ee-ed44-4096-a4d3-960afbcef094	18	48133	5958902	4162	0.0099
82fa51ee-ed44-4096-a4d3-960afbcef094	18	5959259	6412197	318	0.1287
82fa51ee-ed44-4096-a4d3-960afbcef094	18	6412608	42476937	19263	0.0013
82fa51ee-ed44-4096-a4d3-960afbcef094	18	42476974	42477506	16	-0.5049
82fa51ee-ed44-4096-a4d3-960afbcef094	18	42477802	45570054	1970	0.011
82fa51ee-ed44-4096-a4d3-960afbcef094	18	45570088	45570181	2	-1.6912
82fa51ee-ed44-4096-a4d3-960afbcef094	18	45570924	53870043	5754	-0.0015
82fa51ee-ed44-4096-a4d3-960afbcef094	18	53873157	53873244	2	2.0342
82fa51ee-ed44-4096-a4d3-960afbcef094	18	53876274	53997831	80	0.0074
82fa51ee-ed44-4096-a4d3-960afbcef094	18	53998472	53998782	3	-2.4716
82fa51ee-ed44-4096-a4d3-960afbcef094	18	54001998	61614923	5156	0.0097
82fa51ee-ed44-4096-a4d3-960afbcef094	18	61614963	61615076	2	-1.4097
82fa51ee-ed44-4096-a4d3-960afbcef094	18	61617632	66054343	3071	0.0081
82fa51ee-ed44-4096-a4d3-960afbcef094	18	66060256	66061104	12	0.7273
82fa51ee-ed44-4096-a4d3-960afbcef094	18	66065502	80257174	10290	0.017
82fa51ee-ed44-4096-a4d3-960afbcef094	19	90910	4525077	1180	0.0156
82fa51ee-ed44-4096-a4d3-960afbcef094	19	4526170	4539479	6	0.911
82fa51ee-ed44-4096-a4d3-960afbcef094	19	4541254	14928127	4841	0.0053
82fa51ee-ed44-4096-a4d3-960afbcef094	19	14934380	14938487	3	-1.4179
82fa51ee-ed44-4096-a4d3-960afbcef094	19	14940475	45330543	15607	0.008
82fa51ee-ed44-4096-a4d3-960afbcef094	19	45347447	45400216	25	0.7289
82fa51ee-ed44-4096-a4d3-960afbcef094	19	45407710	55766684	5367	0.0064
82fa51ee-ed44-4096-a4d3-960afbcef094	19	55770704	55771701	5	-1.6955
82fa51ee-ed44-4096-a4d3-960afbcef094	19	55774927	58586487	1822	0.0159
82fa51ee-ed44-4096-a4d3-960afbcef094	20	80664	1580353	1189	0.0338
82fa51ee-ed44-4096-a4d3-960afbcef094	20	1580934	1613247	41	1.8039
82fa51ee-ed44-4096-a4d3-960afbcef094	20	1617300	64324800	40663	0.0085
82fa51ee-ed44-4096-a4d3-960afbcef094	21	10354168	14005515	324	0.1174
82fa51ee-ed44-4096-a4d3-960afbcef094	21	14006460	22278814	5893	0.0036
82fa51ee-ed44-4096-a4d3-960afbcef094	21	22283580	22292338	9	-0.679
82fa51ee-ed44-4096-a4d3-960afbcef094	21	22294679	31864142	7036	0.0124
82fa51ee-ed44-4096-a4d3-960afbcef094	21	31865670	31867735	3	-1.4678
82fa51ee-ed44-4096-a4d3-960afbcef094	21	31879236	36184927	3040	0.012
82fa51ee-ed44-4096-a4d3-960afbcef094	21	36185309	36185510	3	1.285
82fa51ee-ed44-4096-a4d3-960afbcef094	21	36185553	46677045	7271	0.0047
82fa51ee-ed44-4096-a4d3-960afbcef094	22	15294547	18783014	1127	-0.002
82fa51ee-ed44-4096-a4d3-960afbcef094	22	18818348	22397854	2302	0.0675
82fa51ee-ed44-4096-a4d3-960afbcef094	22	22398127	22398545	5	1.068
82fa51ee-ed44-4096-a4d3-960afbcef094	22	22402989	23245978	481	0.0649
82fa51ee-ed44-4096-a4d3-960afbcef094	22	23246006	23929474	431	0.0039
82fa51ee-ed44-4096-a4d3-960afbcef094	22	23929492	24005996	27	0.4436
82fa51ee-ed44-4096-a4d3-960afbcef094	22	24006015	35642118	8805	0.002
82fa51ee-ed44-4096-a4d3-960afbcef094	22	35642220	35662222	18	0.4312
82fa51ee-ed44-4096-a4d3-960afbcef094	22	35663324	38950674	1895	0.0013
82fa51ee-ed44-4096-a4d3-960afbcef094	22	38952895	38999376	36	0.3118
82fa51ee-ed44-4096-a4d3-960afbcef094	22	38999476	42508600	1863	0.0058
82fa51ee-ed44-4096-a4d3-960afbcef094	22	42510995	42570422	27	0.4582
82fa51ee-ed44-4096-a4d3-960afbcef094	22	42570693	48856139	4802	0.0048
82fa51ee-ed44-4096-a4d3-960afbcef094	22	48856712	49442437	575	0.0903
82fa51ee-ed44-4096-a4d3-960afbcef094	22	49444489	50796027	648	-0.0092
82fa51ee-ed44-4096-a4d3-960afbcef094	X	251810	9605751	5184	0.0014
82fa51ee-ed44-4096-a4d3-960afbcef094	X	9610158	9610705	2	-3.6661
82fa51ee-ed44-4096-a4d3-960afbcef094	X	9613189	10487245	689	0.013
82fa51ee-ed44-4096-a4d3-960afbcef094	X	10493150	10493394	2	-3.8553
82fa51ee-ed44-4096-a4d3-960afbcef094	X	10494040	155952689	76697	-0.0016
82fa51ee-ed44-4096-a4d3-960afbcef094	Y	2782397	25535507	6455	-0.9409
82fa51ee-ed44-4096-a4d3-960afbcef094	Y	25614692	25968161	4	0.2887
82fa51ee-ed44-4096-a4d3-960afbcef094	Y	25971733	56872112	173	-0.9523
