GDC_Aliquot	Chromosome	Start	End	Num_Probes	Segment_Mean
211a51e7-f575-49a9-9f2e-f45686534e50	1	62920	777165	23	-0.0611
211a51e7-f575-49a9-9f2e-f45686534e50	1	783283	72303233	42382	-0.6263
211a51e7-f575-49a9-9f2e-f45686534e50	1	72303253	72345450	44	-1.579
211a51e7-f575-49a9-9f2e-f45686534e50	1	72345465	108223733	22787	-0.6237
211a51e7-f575-49a9-9f2e-f45686534e50	1	108226680	108274557	2	-3.1676
211a51e7-f575-49a9-9f2e-f45686534e50	1	108310648	109684893	672	-0.6136
211a51e7-f575-49a9-9f2e-f45686534e50	1	109690352	109691788	8	-1.6154
211a51e7-f575-49a9-9f2e-f45686534e50	1	109691933	109886400	133	-0.5764
211a51e7-f575-49a9-9f2e-f45686534e50	1	109886492	109888892	4	-2.1138
211a51e7-f575-49a9-9f2e-f45686534e50	1	109891299	112147704	1794	-0.6278
211a51e7-f575-49a9-9f2e-f45686534e50	1	112153343	112163583	36	0.0049
211a51e7-f575-49a9-9f2e-f45686534e50	1	112163591	121601998	5105	-0.6293
211a51e7-f575-49a9-9f2e-f45686534e50	1	121705338	152583051	2433	0.0793
211a51e7-f575-49a9-9f2e-f45686534e50	1	152583230	152614118	35	1.1024
211a51e7-f575-49a9-9f2e-f45686534e50	1	152618018	174827267	14936	0.0926
211a51e7-f575-49a9-9f2e-f45686534e50	1	174827418	174832702	16	-0.863
211a51e7-f575-49a9-9f2e-f45686534e50	1	174832716	194479104	13136	0.0712
211a51e7-f575-49a9-9f2e-f45686534e50	1	194482281	194485888	2	-2.6158
211a51e7-f575-49a9-9f2e-f45686534e50	1	194487886	196745743	1444	0.0662
211a51e7-f575-49a9-9f2e-f45686534e50	1	196758720	196846661	61	-1.9233
211a51e7-f575-49a9-9f2e-f45686534e50	1	196847600	248930189	35662	0.0777
211a51e7-f575-49a9-9f2e-f45686534e50	2	12784	5595907	4180	0.0495
211a51e7-f575-49a9-9f2e-f45686534e50	2	5596189	5596981	3	-1.8459
211a51e7-f575-49a9-9f2e-f45686534e50	2	5597449	7990754	2107	0.0678
211a51e7-f575-49a9-9f2e-f45686534e50	2	7991449	7996487	7	-1.1341
211a51e7-f575-49a9-9f2e-f45686534e50	2	7999793	34474248	17727	0.0739
211a51e7-f575-49a9-9f2e-f45686534e50	2	34476327	34476668	5	-1.8939
211a51e7-f575-49a9-9f2e-f45686534e50	2	34483565	34512096	41	-0.772
211a51e7-f575-49a9-9f2e-f45686534e50	2	34512489	35742970	865	0.0739
211a51e7-f575-49a9-9f2e-f45686534e50	2	35750907	35762850	7	-1.4475
211a51e7-f575-49a9-9f2e-f45686534e50	2	35762881	52527727	12067	0.072
211a51e7-f575-49a9-9f2e-f45686534e50	2	52527743	52554404	34	-0.6552
211a51e7-f575-49a9-9f2e-f45686534e50	2	52560811	127094445	41652	0.0695
211a51e7-f575-49a9-9f2e-f45686534e50	2	127099470	127100187	2	-1.8589
211a51e7-f575-49a9-9f2e-f45686534e50	2	127100370	132450449	2684	0.065
211a51e7-f575-49a9-9f2e-f45686534e50	2	132452879	132458741	2	-1.9681
211a51e7-f575-49a9-9f2e-f45686534e50	2	132458840	146104517	8730	0.0544
211a51e7-f575-49a9-9f2e-f45686534e50	2	146106836	146109366	24	-2.0804
211a51e7-f575-49a9-9f2e-f45686534e50	2	146120238	207490231	36832	0.0569
211a51e7-f575-49a9-9f2e-f45686534e50	2	207490454	207494612	16	-1.134
211a51e7-f575-49a9-9f2e-f45686534e50	2	207494752	242147305	22011	0.0611
211a51e7-f575-49a9-9f2e-f45686534e50	3	20930	6604856	5779	0.0889
211a51e7-f575-49a9-9f2e-f45686534e50	3	6609441	6611645	23	-0.9373
211a51e7-f575-49a9-9f2e-f45686534e50	3	6613391	12649682	4635	0.0863
211a51e7-f575-49a9-9f2e-f45686534e50	3	12649789	12659907	28	-0.2491
211a51e7-f575-49a9-9f2e-f45686534e50	3	12659935	16197556	2358	0.1006
211a51e7-f575-49a9-9f2e-f45686534e50	3	16199049	16202089	9	-0.6918
211a51e7-f575-49a9-9f2e-f45686534e50	3	16202845	26384700	6954	0.0702
211a51e7-f575-49a9-9f2e-f45686534e50	3	26392633	26397852	5	-1.1299
211a51e7-f575-49a9-9f2e-f45686534e50	3	26404482	68675541	27788	0.0765
211a51e7-f575-49a9-9f2e-f45686534e50	3	68676600	68698262	17	-1.3553
211a51e7-f575-49a9-9f2e-f45686534e50	3	68699607	75519398	4916	0.0815
211a51e7-f575-49a9-9f2e-f45686534e50	3	75523398	75537654	6	1.0501
211a51e7-f575-49a9-9f2e-f45686534e50	3	75546030	89620865	7841	0.0498
211a51e7-f575-49a9-9f2e-f45686534e50	3	89622183	89624990	8	-1.1743
211a51e7-f575-49a9-9f2e-f45686534e50	3	89636157	132270503	23243	0.0658
211a51e7-f575-49a9-9f2e-f45686534e50	3	132273893	132276840	4	-2.3668
211a51e7-f575-49a9-9f2e-f45686534e50	3	132281633	136300257	2579	0.0725
211a51e7-f575-49a9-9f2e-f45686534e50	3	136304109	136306584	2	-2.9271
211a51e7-f575-49a9-9f2e-f45686534e50	3	136319699	162822702	16190	0.0547
211a51e7-f575-49a9-9f2e-f45686534e50	3	162827928	162906065	44	-0.4358
211a51e7-f575-49a9-9f2e-f45686534e50	3	162906093	163103000	138	0.1008
211a51e7-f575-49a9-9f2e-f45686534e50	3	163104664	163105333	2	-1.4303
211a51e7-f575-49a9-9f2e-f45686534e50	3	163108188	169631156	3757	0.0507
211a51e7-f575-49a9-9f2e-f45686534e50	3	169632074	169632816	2	-1.5663
211a51e7-f575-49a9-9f2e-f45686534e50	3	169634670	171552149	1155	0.0512
211a51e7-f575-49a9-9f2e-f45686534e50	3	171552693	171553248	4	-1.4413
211a51e7-f575-49a9-9f2e-f45686534e50	3	171553998	173511589	1278	0.0569
211a51e7-f575-49a9-9f2e-f45686534e50	3	173511781	173571890	27	0.7378
211a51e7-f575-49a9-9f2e-f45686534e50	3	173582403	193160113	12757	0.0639
211a51e7-f575-49a9-9f2e-f45686534e50	3	193160173	193165114	19	1.1837
211a51e7-f575-49a9-9f2e-f45686534e50	3	193168646	194677604	988	0.0636
211a51e7-f575-49a9-9f2e-f45686534e50	3	194679448	194680083	2	-1.3669
211a51e7-f575-49a9-9f2e-f45686534e50	3	194681645	194913859	167	0.1174
211a51e7-f575-49a9-9f2e-f45686534e50	3	194920587	194921116	5	-0.9968
211a51e7-f575-49a9-9f2e-f45686534e50	3	194921751	195558822	315	0.0948
211a51e7-f575-49a9-9f2e-f45686534e50	3	195559056	195720051	26	-0.5611
211a51e7-f575-49a9-9f2e-f45686534e50	3	195728637	195934679	99	0.0765
211a51e7-f575-49a9-9f2e-f45686534e50	3	195963975	195991894	7	-0.8761
211a51e7-f575-49a9-9f2e-f45686534e50	3	195998433	198169247	1076	0.0811
211a51e7-f575-49a9-9f2e-f45686534e50	4	68929	10208766	5679	0.0924
211a51e7-f575-49a9-9f2e-f45686534e50	4	10212536	10233644	36	-2.2113
211a51e7-f575-49a9-9f2e-f45686534e50	4	10234518	21370904	8188	0.0698
211a51e7-f575-49a9-9f2e-f45686534e50	4	21370946	21371022	4	1.2895
211a51e7-f575-49a9-9f2e-f45686534e50	4	21375114	25056610	2641	0.0654
211a51e7-f575-49a9-9f2e-f45686534e50	4	25057292	25057412	3	-1.149
211a51e7-f575-49a9-9f2e-f45686534e50	4	25057730	34777432	6095	0.0506
211a51e7-f575-49a9-9f2e-f45686534e50	4	34784878	34823103	38	-2.6914
211a51e7-f575-49a9-9f2e-f45686534e50	4	34828250	40701994	3870	0.0643
211a51e7-f575-49a9-9f2e-f45686534e50	4	40702128	40702175	2	-2.3783
211a51e7-f575-49a9-9f2e-f45686534e50	4	40702670	61071220	11132	0.0606
211a51e7-f575-49a9-9f2e-f45686534e50	4	61075217	61084873	6	-1.1269
211a51e7-f575-49a9-9f2e-f45686534e50	4	61085118	68478894	4377	0.0523
211a51e7-f575-49a9-9f2e-f45686534e50	4	68494770	68623617	69	-0.5492
211a51e7-f575-49a9-9f2e-f45686534e50	4	68639397	76872059	4971	0.0648
211a51e7-f575-49a9-9f2e-f45686534e50	4	76872087	76872625	6	-1.0114
211a51e7-f575-49a9-9f2e-f45686534e50	4	76872676	89507019	7938	0.0639
211a51e7-f575-49a9-9f2e-f45686534e50	4	89507048	89507113	2	-1.6239
211a51e7-f575-49a9-9f2e-f45686534e50	4	89507343	114252544	14684	0.052
211a51e7-f575-49a9-9f2e-f45686534e50	4	114254167	114261019	23	1.1062
211a51e7-f575-49a9-9f2e-f45686534e50	4	114263073	171448195	34530	0.0512
211a51e7-f575-49a9-9f2e-f45686534e50	4	171453733	171456559	10	-1.603
211a51e7-f575-49a9-9f2e-f45686534e50	4	171456573	172066777	397	0.0526
211a51e7-f575-49a9-9f2e-f45686534e50	4	172067997	172068382	12	1.0551
211a51e7-f575-49a9-9f2e-f45686534e50	4	172074828	188515761	11094	0.0558
211a51e7-f575-49a9-9f2e-f45686534e50	4	188515932	188516256	8	-1.0239
211a51e7-f575-49a9-9f2e-f45686534e50	4	188518718	190106768	924	0.1015
211a51e7-f575-49a9-9f2e-f45686534e50	5	15532	12800777	10149	0.0668
211a51e7-f575-49a9-9f2e-f45686534e50	5	12815668	12838421	14	-1.5308
211a51e7-f575-49a9-9f2e-f45686534e50	5	12849089	58025819	25462	0.0656
211a51e7-f575-49a9-9f2e-f45686534e50	5	58030200	58037706	32	1.1862
211a51e7-f575-49a9-9f2e-f45686534e50	5	58042530	69533520	7268	0.0703
211a51e7-f575-49a9-9f2e-f45686534e50	5	69550476	70959079	18	-0.4259
211a51e7-f575-49a9-9f2e-f45686534e50	5	71010832	107860145	21631	0.0614
211a51e7-f575-49a9-9f2e-f45686534e50	5	107861275	109083626	740	-0.6592
211a51e7-f575-49a9-9f2e-f45686534e50	5	109097269	138469431	19154	0.0683
211a51e7-f575-49a9-9f2e-f45686534e50	5	138472272	138481268	20	-1.0015
211a51e7-f575-49a9-9f2e-f45686534e50	5	138482888	152134610	8569	0.0822
211a51e7-f575-49a9-9f2e-f45686534e50	5	152135825	152138790	13	-0.9297
211a51e7-f575-49a9-9f2e-f45686534e50	5	152140710	177687461	17403	0.0718
211a51e7-f575-49a9-9f2e-f45686534e50	5	177705442	177832414	16	-0.4796
211a51e7-f575-49a9-9f2e-f45686534e50	5	177833329	180766199	1683	0.0811
211a51e7-f575-49a9-9f2e-f45686534e50	5	180766779	180772253	6	-0.7935
211a51e7-f575-49a9-9f2e-f45686534e50	5	180773629	180947523	96	0.0923
211a51e7-f575-49a9-9f2e-f45686534e50	5	180951710	180991103	19	-2.435
211a51e7-f575-49a9-9f2e-f45686534e50	5	181006225	181363319	170	0.045
211a51e7-f575-49a9-9f2e-f45686534e50	6	149661	254283	100	0.1023
211a51e7-f575-49a9-9f2e-f45686534e50	6	257353	294474	21	-0.6767
211a51e7-f575-49a9-9f2e-f45686534e50	6	294725	373453	72	-0.2991
211a51e7-f575-49a9-9f2e-f45686534e50	6	375277	26743855	19950	0.0861
211a51e7-f575-49a9-9f2e-f45686534e50	6	26747492	26759781	5	-0.9638
211a51e7-f575-49a9-9f2e-f45686534e50	6	26831719	29116310	1014	0.0629
211a51e7-f575-49a9-9f2e-f45686534e50	6	29128256	29187972	8	1.0121
211a51e7-f575-49a9-9f2e-f45686534e50	6	29193658	29771280	310	0.0902
211a51e7-f575-49a9-9f2e-f45686534e50	6	29772129	29777949	3	-1.6529
211a51e7-f575-49a9-9f2e-f45686534e50	6	29777984	29869537	76	0.0811
211a51e7-f575-49a9-9f2e-f45686534e50	6	29869681	30001813	79	-0.4673
211a51e7-f575-49a9-9f2e-f45686534e50	6	30002650	31309909	590	0.0947
211a51e7-f575-49a9-9f2e-f45686534e50	6	31313046	31328674	12	-1.6638
211a51e7-f575-49a9-9f2e-f45686534e50	6	31342147	32463515	492	0.0422
211a51e7-f575-49a9-9f2e-f45686534e50	6	32463775	32606604	38	0.8137
211a51e7-f575-49a9-9f2e-f45686534e50	6	32610305	32625244	10	-0.1436
211a51e7-f575-49a9-9f2e-f45686534e50	6	32626664	32718419	53	0.1094
211a51e7-f575-49a9-9f2e-f45686534e50	6	32720838	32721076	3	1.5462
211a51e7-f575-49a9-9f2e-f45686534e50	6	32721547	41650440	5837	0.1151
211a51e7-f575-49a9-9f2e-f45686534e50	6	41651023	41651509	3	-1.3013
211a51e7-f575-49a9-9f2e-f45686534e50	6	41651951	46008061	2548	0.1168
211a51e7-f575-49a9-9f2e-f45686534e50	6	46010406	46010499	3	-0.8371
211a51e7-f575-49a9-9f2e-f45686534e50	6	46012820	46456185	286	0.1056
211a51e7-f575-49a9-9f2e-f45686534e50	6	46456854	54066286	4923	0.0698
211a51e7-f575-49a9-9f2e-f45686534e50	6	54066353	54067057	7	-1.5061
211a51e7-f575-49a9-9f2e-f45686534e50	6	54070550	54977697	599	0.0543
211a51e7-f575-49a9-9f2e-f45686534e50	6	54980887	54985341	5	-0.9168
211a51e7-f575-49a9-9f2e-f45686534e50	6	54987314	65689879	4314	0.0776
211a51e7-f575-49a9-9f2e-f45686534e50	6	65690336	65693959	16	-0.9544
211a51e7-f575-49a9-9f2e-f45686534e50	6	65697234	76305231	6897	0.064
211a51e7-f575-49a9-9f2e-f45686534e50	6	76307183	76307194	2	-1.8138
211a51e7-f575-49a9-9f2e-f45686534e50	6	76307209	76726815	297	0.0358
211a51e7-f575-49a9-9f2e-f45686534e50	6	76730151	76733530	11	-0.7056
211a51e7-f575-49a9-9f2e-f45686534e50	6	76736482	78253172	984	0.0671
211a51e7-f575-49a9-9f2e-f45686534e50	6	78259348	78262117	7	-0.6449
211a51e7-f575-49a9-9f2e-f45686534e50	6	78262371	78263236	9	-1.2945
211a51e7-f575-49a9-9f2e-f45686534e50	6	78269395	78325457	93	-0.6558
211a51e7-f575-49a9-9f2e-f45686534e50	6	78325468	84618022	3980	0.0734
211a51e7-f575-49a9-9f2e-f45686534e50	6	84618741	84618903	2	-1.3687
211a51e7-f575-49a9-9f2e-f45686534e50	6	84619819	103286954	11441	0.0711
211a51e7-f575-49a9-9f2e-f45686534e50	6	103290101	103314186	45	0.8606
211a51e7-f575-49a9-9f2e-f45686534e50	6	103317795	156869644	34412	0.0709
211a51e7-f575-49a9-9f2e-f45686534e50	6	156871431	156882273	15	-1.324
211a51e7-f575-49a9-9f2e-f45686534e50	6	156888325	170741917	9556	0.0808
211a51e7-f575-49a9-9f2e-f45686534e50	7	43355	7386514	3866	0.0719
211a51e7-f575-49a9-9f2e-f45686534e50	7	7387284	7387813	2	-1.6617
211a51e7-f575-49a9-9f2e-f45686534e50	7	7387904	13860989	5193	0.0564
211a51e7-f575-49a9-9f2e-f45686534e50	7	13861106	13861496	2	-1.9039
211a51e7-f575-49a9-9f2e-f45686534e50	7	13862490	26088762	9686	0.0641
211a51e7-f575-49a9-9f2e-f45686534e50	7	26089138	26107599	10	-0.5372
211a51e7-f575-49a9-9f2e-f45686534e50	7	26113274	38233729	8496	0.0728
211a51e7-f575-49a9-9f2e-f45686534e50	7	38234132	38317628	109	0.3074
211a51e7-f575-49a9-9f2e-f45686534e50	7	38317644	66143569	14356	0.0582
211a51e7-f575-49a9-9f2e-f45686534e50	7	66143851	66144178	2	-1.9085
211a51e7-f575-49a9-9f2e-f45686534e50	7	66144214	68934786	1518	0.0539
211a51e7-f575-49a9-9f2e-f45686534e50	7	68941073	68942063	2	-2.6321
211a51e7-f575-49a9-9f2e-f45686534e50	7	68942209	134093884	38188	0.0584
211a51e7-f575-49a9-9f2e-f45686534e50	7	134093896	134105690	27	0.6393
211a51e7-f575-49a9-9f2e-f45686534e50	7	134110881	142471390	5513	0.0606
211a51e7-f575-49a9-9f2e-f45686534e50	7	142474309	142805592	150	0.2752
211a51e7-f575-49a9-9f2e-f45686534e50	7	142807470	156592980	8748	0.0682
211a51e7-f575-49a9-9f2e-f45686534e50	7	156599096	156601365	3	-2.3304
211a51e7-f575-49a9-9f2e-f45686534e50	7	156601485	159334314	1618	0.06
211a51e7-f575-49a9-9f2e-f45686534e50	8	81254	380877	144	0.048
211a51e7-f575-49a9-9f2e-f45686534e50	8	381550	381630	2	2.2124
211a51e7-f575-49a9-9f2e-f45686534e50	8	384030	644944	174	0.0385
211a51e7-f575-49a9-9f2e-f45686534e50	8	644973	645908	9	-1.2866
211a51e7-f575-49a9-9f2e-f45686534e50	8	656117	2844412	1701	0.0652
211a51e7-f575-49a9-9f2e-f45686534e50	8	2846011	2846377	7	-1.7218
211a51e7-f575-49a9-9f2e-f45686534e50	8	2849649	5716836	3912	0.0712
211a51e7-f575-49a9-9f2e-f45686534e50	8	5718947	5719148	5	1.0014
211a51e7-f575-49a9-9f2e-f45686534e50	8	5719222	6300739	837	0.0759
211a51e7-f575-49a9-9f2e-f45686534e50	8	6300775	6313626	17	-0.4911
211a51e7-f575-49a9-9f2e-f45686534e50	8	6313710	6968934	789	0.0592
211a51e7-f575-49a9-9f2e-f45686534e50	8	6968962	6980411	11	-0.748
211a51e7-f575-49a9-9f2e-f45686534e50	8	6982183	7890177	138	0.1209
211a51e7-f575-49a9-9f2e-f45686534e50	8	7919608	8132772	17	-0.6212
211a51e7-f575-49a9-9f2e-f45686534e50	8	8139659	39372664	22625	0.0738
211a51e7-f575-49a9-9f2e-f45686534e50	8	39372806	39529446	61	0.5373
211a51e7-f575-49a9-9f2e-f45686534e50	8	39530780	40914477	1070	0.0593
211a51e7-f575-49a9-9f2e-f45686534e50	8	40920333	40920952	2	-1.744
211a51e7-f575-49a9-9f2e-f45686534e50	8	40926161	50119451	3499	0.0672
211a51e7-f575-49a9-9f2e-f45686534e50	8	50119464	50119827	7	-2.1237
211a51e7-f575-49a9-9f2e-f45686534e50	8	50120863	57436296	4742	0.0598
211a51e7-f575-49a9-9f2e-f45686534e50	8	57436418	57436438	2	-1.7654
211a51e7-f575-49a9-9f2e-f45686534e50	8	57437208	94545324	22328	0.0589
211a51e7-f575-49a9-9f2e-f45686534e50	8	94545374	94545764	6	1.0286
211a51e7-f575-49a9-9f2e-f45686534e50	8	94545887	129408841	22267	0.0656
211a51e7-f575-49a9-9f2e-f45686534e50	8	129409187	138234866	6951	0.0891
211a51e7-f575-49a9-9f2e-f45686534e50	8	138235121	138235136	2	-1.5354
211a51e7-f575-49a9-9f2e-f45686534e50	8	138236188	144177593	3496	0.0915
211a51e7-f575-49a9-9f2e-f45686534e50	8	144182542	145064887	348	0.0419
211a51e7-f575-49a9-9f2e-f45686534e50	8	145067303	145072769	6	2.5189
211a51e7-f575-49a9-9f2e-f45686534e50	9	46587	6569771	6235	0.0801
211a51e7-f575-49a9-9f2e-f45686534e50	9	6575976	6580982	6	-1.212
211a51e7-f575-49a9-9f2e-f45686534e50	9	6584843	6775119	152	-0.0528
211a51e7-f575-49a9-9f2e-f45686534e50	9	6784144	38726542	24539	0.0791
211a51e7-f575-49a9-9f2e-f45686534e50	9	38732865	39807498	111	-0.0737
211a51e7-f575-49a9-9f2e-f45686534e50	9	39827488	39833357	2	-2.3406
211a51e7-f575-49a9-9f2e-f45686534e50	9	39840169	61405110	192	0.0921
211a51e7-f575-49a9-9f2e-f45686534e50	9	61520021	61629689	28	0.5603
211a51e7-f575-49a9-9f2e-f45686534e50	9	61633080	101316884	23082	0.081
211a51e7-f575-49a9-9f2e-f45686534e50	9	101318358	101321408	4	-2.0392
211a51e7-f575-49a9-9f2e-f45686534e50	9	101322952	109423166	6137	0.0873
211a51e7-f575-49a9-9f2e-f45686534e50	9	109423237	109424052	2	1.892
211a51e7-f575-49a9-9f2e-f45686534e50	9	109428604	138200944	18669	0.1064
211a51e7-f575-49a9-9f2e-f45686534e50	10	45792	494742	263	0.065
211a51e7-f575-49a9-9f2e-f45686534e50	10	496007	498409	2	-3.4879
211a51e7-f575-49a9-9f2e-f45686534e50	10	499030	87278584	58411	0.0769
211a51e7-f575-49a9-9f2e-f45686534e50	10	87286741	87353136	13	-0.7248
211a51e7-f575-49a9-9f2e-f45686534e50	10	87357543	90700170	2454	0.0642
211a51e7-f575-49a9-9f2e-f45686534e50	10	90702958	90703534	4	-1.506
211a51e7-f575-49a9-9f2e-f45686534e50	10	90711823	133654968	29178	0.0787
211a51e7-f575-49a9-9f2e-f45686534e50	11	198510	4943072	2407	0.1034
211a51e7-f575-49a9-9f2e-f45686534e50	11	4943195	4955042	36	-0.2778
211a51e7-f575-49a9-9f2e-f45686534e50	11	4955781	5762452	777	0.0882
211a51e7-f575-49a9-9f2e-f45686534e50	11	5762693	5788231	36	0.4118
211a51e7-f575-49a9-9f2e-f45686534e50	11	5791130	6923298	838	0.0959
211a51e7-f575-49a9-9f2e-f45686534e50	11	6924220	6926530	2	-1.7234
211a51e7-f575-49a9-9f2e-f45686534e50	11	6926734	9626790	1807	0.0784
211a51e7-f575-49a9-9f2e-f45686534e50	11	9627174	9627245	2	-2.231
211a51e7-f575-49a9-9f2e-f45686534e50	11	9630128	18919323	6717	0.0881
211a51e7-f575-49a9-9f2e-f45686534e50	11	18927525	18940441	43	-1.0665
211a51e7-f575-49a9-9f2e-f45686534e50	11	18940469	42791601	17124	0.0694
211a51e7-f575-49a9-9f2e-f45686534e50	11	42794936	42796489	2	-3.8522
211a51e7-f575-49a9-9f2e-f45686534e50	11	42799053	74698877	14367	0.0965
211a51e7-f575-49a9-9f2e-f45686534e50	11	74703874	74712468	4	-1.8852
211a51e7-f575-49a9-9f2e-f45686534e50	11	74713030	80256469	3446	0.0918
211a51e7-f575-49a9-9f2e-f45686534e50	11	80256504	80256520	2	-2.6386
211a51e7-f575-49a9-9f2e-f45686534e50	11	80256642	82583028	1859	0.0505
211a51e7-f575-49a9-9f2e-f45686534e50	11	82583883	83213034	381	-0.0712
211a51e7-f575-49a9-9f2e-f45686534e50	11	83213719	86590915	2228	0.0631
211a51e7-f575-49a9-9f2e-f45686534e50	11	86594619	86595012	6	-1.1358
211a51e7-f575-49a9-9f2e-f45686534e50	11	86604132	95533318	6028	0.0744
211a51e7-f575-49a9-9f2e-f45686534e50	11	95534736	95536228	4	-1.083
211a51e7-f575-49a9-9f2e-f45686534e50	11	95538364	96072513	392	0.065
211a51e7-f575-49a9-9f2e-f45686534e50	11	96072527	96072843	8	-0.7228
211a51e7-f575-49a9-9f2e-f45686534e50	11	96084035	99968957	2887	0.0677
211a51e7-f575-49a9-9f2e-f45686534e50	11	99972614	99975575	5	-1.4691
211a51e7-f575-49a9-9f2e-f45686534e50	11	99977201	118257730	12636	0.0724
211a51e7-f575-49a9-9f2e-f45686534e50	11	118258065	118485037	180	0.569
211a51e7-f575-49a9-9f2e-f45686534e50	11	118485066	118485090	2	1.5392
211a51e7-f575-49a9-9f2e-f45686534e50	11	118485222	118759000	186	0.5598
211a51e7-f575-49a9-9f2e-f45686534e50	11	118762462	135074876	12060	0.0785
211a51e7-f575-49a9-9f2e-f45686534e50	12	51460	6679681	4793	0.0835
211a51e7-f575-49a9-9f2e-f45686534e50	12	6680833	6905443	99	0.3169
211a51e7-f575-49a9-9f2e-f45686534e50	12	6906543	6913959	5	-0.2169
211a51e7-f575-49a9-9f2e-f45686534e50	12	6919230	7049203	50	0.3234
211a51e7-f575-49a9-9f2e-f45686534e50	12	7055351	9481274	1197	0.0661
211a51e7-f575-49a9-9f2e-f45686534e50	12	9485313	9562969	22	-1.7771
211a51e7-f575-49a9-9f2e-f45686534e50	12	9575696	9582374	3	-0.8152
211a51e7-f575-49a9-9f2e-f45686534e50	12	9583090	11045227	1017	0.0844
211a51e7-f575-49a9-9f2e-f45686534e50	12	11048088	11066824	13	-0.2513
211a51e7-f575-49a9-9f2e-f45686534e50	12	11068125	11088689	9	1.0411
211a51e7-f575-49a9-9f2e-f45686534e50	12	11088933	17802670	4631	0.0698
211a51e7-f575-49a9-9f2e-f45686534e50	12	17809250	17813475	10	0.6787
211a51e7-f575-49a9-9f2e-f45686534e50	12	17813685	26956722	6328	0.0683
211a51e7-f575-49a9-9f2e-f45686534e50	12	26956899	26957090	2	-1.5033
211a51e7-f575-49a9-9f2e-f45686534e50	12	26957641	33232895	4570	0.0643
211a51e7-f575-49a9-9f2e-f45686534e50	12	33233822	33242483	6	1.2514
211a51e7-f575-49a9-9f2e-f45686534e50	12	33246118	57829725	12378	0.0811
211a51e7-f575-49a9-9f2e-f45686534e50	12	57832121	70478078	8279	0.0608
211a51e7-f575-49a9-9f2e-f45686534e50	12	70478895	70484247	9	-0.7122
211a51e7-f575-49a9-9f2e-f45686534e50	12	70485605	103520461	20997	0.063
211a51e7-f575-49a9-9f2e-f45686534e50	12	103521167	118836362	10554	0.0891
211a51e7-f575-49a9-9f2e-f45686534e50	12	118836617	118837693	3	-1.8893
211a51e7-f575-49a9-9f2e-f45686534e50	12	118837902	128744341	6492	0.0878
211a51e7-f575-49a9-9f2e-f45686534e50	12	128745968	128748000	6	-1.3467
211a51e7-f575-49a9-9f2e-f45686534e50	12	128749443	133201603	3047	0.069
211a51e7-f575-49a9-9f2e-f45686534e50	13	18452809	37496998	13420	0.0667
211a51e7-f575-49a9-9f2e-f45686534e50	13	37497899	37510620	16	0.6117
211a51e7-f575-49a9-9f2e-f45686534e50	13	37514193	114342922	50475	0.0606
211a51e7-f575-49a9-9f2e-f45686534e50	14	18239283	19944641	157	-0.3417
211a51e7-f575-49a9-9f2e-f45686534e50	14	19945512	21900817	1307	0.0856
211a51e7-f575-49a9-9f2e-f45686534e50	14	21903901	22519593	567	0.2677
211a51e7-f575-49a9-9f2e-f45686534e50	14	22524749	39222325	10471	0.0734
211a51e7-f575-49a9-9f2e-f45686534e50	14	39222524	39968401	391	-0.6045
211a51e7-f575-49a9-9f2e-f45686534e50	14	39968471	39968662	2	-2.7324
211a51e7-f575-49a9-9f2e-f45686534e50	14	39969323	41139155	817	-0.6004
211a51e7-f575-49a9-9f2e-f45686534e50	14	41141293	41160039	7	-2.0548
211a51e7-f575-49a9-9f2e-f45686534e50	14	41164182	41184774	6	-4.3186
211a51e7-f575-49a9-9f2e-f45686534e50	14	41188046	106877229	41286	-0.6357
211a51e7-f575-49a9-9f2e-f45686534e50	15	19811075	20235285	63	-0.048
211a51e7-f575-49a9-9f2e-f45686534e50	15	20240885	22413894	146	-0.5311
211a51e7-f575-49a9-9f2e-f45686534e50	15	22455811	30106026	4610	0.0784
211a51e7-f575-49a9-9f2e-f45686534e50	15	30152073	30595753	35	-0.8112
211a51e7-f575-49a9-9f2e-f45686534e50	15	30608675	32520328	1072	0.0889
211a51e7-f575-49a9-9f2e-f45686534e50	15	32565281	32584783	4	-1.2883
211a51e7-f575-49a9-9f2e-f45686534e50	15	32610782	56497449	15141	0.0883
211a51e7-f575-49a9-9f2e-f45686534e50	15	56498505	56509425	26	-0.5515
211a51e7-f575-49a9-9f2e-f45686534e50	15	56509503	59099645	1757	0.079
211a51e7-f575-49a9-9f2e-f45686534e50	15	59100812	92815760	21664	0.1028
211a51e7-f575-49a9-9f2e-f45686534e50	15	92816277	101928837	6836	0.0676
211a51e7-f575-49a9-9f2e-f45686534e50	16	10777	44808	13	-0.0069
211a51e7-f575-49a9-9f2e-f45686534e50	16	45481	20979654	14133	0.5982
211a51e7-f575-49a9-9f2e-f45686534e50	16	20980052	84161703	33385	0.087
211a51e7-f575-49a9-9f2e-f45686534e50	16	84166011	84170124	3	-1.6924
211a51e7-f575-49a9-9f2e-f45686534e50	16	84171165	84884386	679	-0.0034
211a51e7-f575-49a9-9f2e-f45686534e50	16	84885256	88459366	2785	0.1082
211a51e7-f575-49a9-9f2e-f45686534e50	16	88459423	90096867	678	0.0056
211a51e7-f575-49a9-9f2e-f45686534e50	17	150733	41265456	20734	0.0991
211a51e7-f575-49a9-9f2e-f45686534e50	17	41266762	41274279	24	1.6547
211a51e7-f575-49a9-9f2e-f45686534e50	17	41276472	46190154	2576	0.0964
211a51e7-f575-49a9-9f2e-f45686534e50	17	46190251	46323701	42	-0.2363
211a51e7-f575-49a9-9f2e-f45686534e50	17	46351954	56083553	5786	0.0897
211a51e7-f575-49a9-9f2e-f45686534e50	17	56083648	56095462	25	-0.9554
211a51e7-f575-49a9-9f2e-f45686534e50	17	56095886	57610128	1170	0.1053
211a51e7-f575-49a9-9f2e-f45686534e50	17	57610972	57611632	2	-2.1017
211a51e7-f575-49a9-9f2e-f45686534e50	17	57614632	73943114	9848	0.0955
211a51e7-f575-49a9-9f2e-f45686534e50	17	73944079	74684398	482	-0.0263
211a51e7-f575-49a9-9f2e-f45686534e50	17	74684915	83091923	4176	0.1065
211a51e7-f575-49a9-9f2e-f45686534e50	18	48133	24112197	11949	-0.6375
211a51e7-f575-49a9-9f2e-f45686534e50	18	24112322	24113928	4	-4.172
211a51e7-f575-49a9-9f2e-f45686534e50	18	24114038	80257174	38370	-0.6359
211a51e7-f575-49a9-9f2e-f45686534e50	19	90910	27260767	11132	0.1047
211a51e7-f575-49a9-9f2e-f45686534e50	19	27275080	29434882	1430	-0.6203
211a51e7-f575-49a9-9f2e-f45686534e50	19	29436483	29436569	2	-4.0675
211a51e7-f575-49a9-9f2e-f45686534e50	19	29437805	57491018	15788	-0.6138
211a51e7-f575-49a9-9f2e-f45686534e50	19	57491076	57491451	3	-3.2581
211a51e7-f575-49a9-9f2e-f45686534e50	19	57492505	58429147	544	-0.6039
211a51e7-f575-49a9-9f2e-f45686534e50	19	58432041	58434689	3	-2.1915
211a51e7-f575-49a9-9f2e-f45686534e50	19	58434793	58586487	51	-0.776
211a51e7-f575-49a9-9f2e-f45686534e50	20	80664	1581021	1201	0.0767
211a51e7-f575-49a9-9f2e-f45686534e50	20	1586808	1601561	34	-0.6004
211a51e7-f575-49a9-9f2e-f45686534e50	20	1609611	1613247	5	-1.8507
211a51e7-f575-49a9-9f2e-f45686534e50	20	1617300	24113386	17438	0.0833
211a51e7-f575-49a9-9f2e-f45686534e50	20	24115473	51515905	14219	0.1105
211a51e7-f575-49a9-9f2e-f45686534e50	20	51516550	60995578	7537	0.0874
211a51e7-f575-49a9-9f2e-f45686534e50	20	60995668	61015428	44	0.6558
211a51e7-f575-49a9-9f2e-f45686534e50	20	61015451	63589896	1427	0.1069
211a51e7-f575-49a9-9f2e-f45686534e50	20	63591105	63591871	3	-1.0994
211a51e7-f575-49a9-9f2e-f45686534e50	20	63594735	64324800	307	0.0269
211a51e7-f575-49a9-9f2e-f45686534e50	21	10354168	10571815	56	0.1988
211a51e7-f575-49a9-9f2e-f45686534e50	21	10578371	10775586	31	-0.4116
211a51e7-f575-49a9-9f2e-f45686534e50	21	12973348	22278814	6182	0.0635
211a51e7-f575-49a9-9f2e-f45686534e50	21	22283580	22292338	9	-0.7868
211a51e7-f575-49a9-9f2e-f45686534e50	21	22294679	28670565	4878	0.0666
211a51e7-f575-49a9-9f2e-f45686534e50	21	28671637	36153237	5243	0.1005
211a51e7-f575-49a9-9f2e-f45686534e50	21	36153531	36153647	3	-1.209
211a51e7-f575-49a9-9f2e-f45686534e50	21	36160821	44603656	6147	0.0978
211a51e7-f575-49a9-9f2e-f45686534e50	21	44603732	44603751	2	-1.7632
211a51e7-f575-49a9-9f2e-f45686534e50	21	44603796	45102194	291	0.1263
211a51e7-f575-49a9-9f2e-f45686534e50	21	45103346	46677045	920	0.0531
211a51e7-f575-49a9-9f2e-f45686534e50	22	15294547	23987520	4381	0.0585
211a51e7-f575-49a9-9f2e-f45686534e50	22	23988078	23989773	2	-3.4743
211a51e7-f575-49a9-9f2e-f45686534e50	22	23990431	37346951	9993	0.1165
211a51e7-f575-49a9-9f2e-f45686534e50	22	37352689	37353906	4	-1.2358
211a51e7-f575-49a9-9f2e-f45686534e50	22	37354627	42380920	2645	0.1128
211a51e7-f575-49a9-9f2e-f45686534e50	22	42380962	42579096	97	-0.1542
211a51e7-f575-49a9-9f2e-f45686534e50	22	42581060	42667240	49	0.0249
211a51e7-f575-49a9-9f2e-f45686534e50	22	42668061	44855543	1652	0.1274
211a51e7-f575-49a9-9f2e-f45686534e50	22	44857541	44859580	8	-0.605
211a51e7-f575-49a9-9f2e-f45686534e50	22	44862577	48913715	3147	0.122
211a51e7-f575-49a9-9f2e-f45686534e50	22	48914590	50796027	1214	0.0394
211a51e7-f575-49a9-9f2e-f45686534e50	X	251810	119245850	62041	0.0002
211a51e7-f575-49a9-9f2e-f45686534e50	X	119246897	119256912	5	-1.1958
211a51e7-f575-49a9-9f2e-f45686534e50	X	119259029	149000071	17780	-0.0015
211a51e7-f575-49a9-9f2e-f45686534e50	X	149000957	149002280	3	-1.3942
211a51e7-f575-49a9-9f2e-f45686534e50	X	149002683	155952689	3618	-0.0018
211a51e7-f575-49a9-9f2e-f45686534e50	Y	2782397	6233384	783	-2.8253
211a51e7-f575-49a9-9f2e-f45686534e50	Y	6249869	8632342	1177	-3.3615
211a51e7-f575-49a9-9f2e-f45686534e50	Y	8632861	8654875	10	-5.7378
211a51e7-f575-49a9-9f2e-f45686534e50	Y	8655973	9330531	255	-3.5462
211a51e7-f575-49a9-9f2e-f45686534e50	Y	9332936	9550385	21	-5.5073
211a51e7-f575-49a9-9f2e-f45686534e50	Y	9550653	25692987	4216	-3.2934
211a51e7-f575-49a9-9f2e-f45686534e50	Y	25968161	56872112	174	-2.9187
