GDC_Aliquot	Chromosome	Start	End	Num_Probes	Segment_Mean
ae182086-27da-4068-944a-0dd28d5d8ce6	1	62920	98602	13	-0.5132
ae182086-27da-4068-944a-0dd28d5d8ce6	1	259407	777165	10	-0.1237
ae182086-27da-4068-944a-0dd28d5d8ce6	1	783283	3020306	593	0.096
ae182086-27da-4068-944a-0dd28d5d8ce6	1	3020748	12777697	5865	0.0072
ae182086-27da-4068-944a-0dd28d5d8ce6	1	12778601	13012913	36	-0.3806
ae182086-27da-4068-944a-0dd28d5d8ce6	1	13110913	16542868	2119	0.0121
ae182086-27da-4068-944a-0dd28d5d8ce6	1	16544783	16637050	16	-0.462
ae182086-27da-4068-944a-0dd28d5d8ce6	1	16637228	72302735	34083	0.0072
ae182086-27da-4068-944a-0dd28d5d8ce6	1	72302815	72345465	47	-0.6815
ae182086-27da-4068-944a-0dd28d5d8ce6	1	72346221	81171201	5579	0.0052
ae182086-27da-4068-944a-0dd28d5d8ce6	1	81173488	81174024	3	-1.0052
ae182086-27da-4068-944a-0dd28d5d8ce6	1	81174735	105470754	15353	0.0031
ae182086-27da-4068-944a-0dd28d5d8ce6	1	105476583	105479753	17	0.5849
ae182086-27da-4068-944a-0dd28d5d8ce6	1	105481433	109690352	2638	0.0105
ae182086-27da-4068-944a-0dd28d5d8ce6	1	109690415	109697556	12	-1.195
ae182086-27da-4068-944a-0dd28d5d8ce6	1	109702376	110833598	833	0.002
ae182086-27da-4068-944a-0dd28d5d8ce6	1	110834746	110850774	42	0.2345
ae182086-27da-4068-944a-0dd28d5d8ce6	1	110850868	112147704	1072	-0.0057
ae182086-27da-4068-944a-0dd28d5d8ce6	1	112153343	112154390	18	-1.6178
ae182086-27da-4068-944a-0dd28d5d8ce6	1	112154552	112154619	5	-0.6627
ae182086-27da-4068-944a-0dd28d5d8ce6	1	112154754	152582700	7599	0.0071
ae182086-27da-4068-944a-0dd28d5d8ce6	1	152583051	152614118	36	0.9421
ae182086-27da-4068-944a-0dd28d5d8ce6	1	152618018	161509648	5456	0.0052
ae182086-27da-4068-944a-0dd28d5d8ce6	1	161532067	161649159	13	0.385
ae182086-27da-4068-944a-0dd28d5d8ce6	1	161649178	169247699	6007	0.0017
ae182086-27da-4068-944a-0dd28d5d8ce6	1	169264736	169269320	4	-2.6878
ae182086-27da-4068-944a-0dd28d5d8ce6	1	169269493	222843064	35931	0.0057
ae182086-27da-4068-944a-0dd28d5d8ce6	1	222843983	222850427	6	-1.2979
ae182086-27da-4068-944a-0dd28d5d8ce6	1	222853375	248930189	18059	0.0092
ae182086-27da-4068-944a-0dd28d5d8ce6	2	12784	27216883	19339	0.0063
ae182086-27da-4068-944a-0dd28d5d8ce6	2	27218434	27218632	3	-1.0287
ae182086-27da-4068-944a-0dd28d5d8ce6	2	27219036	32826462	3440	0.0161
ae182086-27da-4068-944a-0dd28d5d8ce6	2	32827119	32827696	3	-0.8273
ae182086-27da-4068-944a-0dd28d5d8ce6	2	32828621	34295406	1189	0.0077
ae182086-27da-4068-944a-0dd28d5d8ce6	2	34298911	34300513	2	-2.1359
ae182086-27da-4068-944a-0dd28d5d8ce6	2	34300900	34450400	91	0.0088
ae182086-27da-4068-944a-0dd28d5d8ce6	2	34456427	34512489	51	-0.2237
ae182086-27da-4068-944a-0dd28d5d8ce6	2	34512965	52514599	12981	0.0107
ae182086-27da-4068-944a-0dd28d5d8ce6	2	52516787	52527743	8	-1.008
ae182086-27da-4068-944a-0dd28d5d8ce6	2	52531615	52554404	33	0.3236
ae182086-27da-4068-944a-0dd28d5d8ce6	2	52560811	79102020	17177	0.0094
ae182086-27da-4068-944a-0dd28d5d8ce6	2	79103652	79115685	8	0.691
ae182086-27da-4068-944a-0dd28d5d8ce6	2	79116692	86710564	4708	0.0022
ae182086-27da-4068-944a-0dd28d5d8ce6	2	86725947	86726731	2	-1.417
ae182086-27da-4068-944a-0dd28d5d8ce6	2	86743283	87519870	169	-0.0255
ae182086-27da-4068-944a-0dd28d5d8ce6	2	87520299	87528459	5	-1.0309
ae182086-27da-4068-944a-0dd28d5d8ce6	2	87542032	97359885	1754	-0.0122
ae182086-27da-4068-944a-0dd28d5d8ce6	2	97524284	97545726	9	-0.5568
ae182086-27da-4068-944a-0dd28d5d8ce6	2	97550415	113604438	9357	0.0042
ae182086-27da-4068-944a-0dd28d5d8ce6	2	113604837	113604839	2	-1.6558
ae182086-27da-4068-944a-0dd28d5d8ce6	2	113623244	119716687	3927	0.0086
ae182086-27da-4068-944a-0dd28d5d8ce6	2	119717031	119724011	2	-1.1506
ae182086-27da-4068-944a-0dd28d5d8ce6	2	119724403	146104517	16084	0.004
ae182086-27da-4068-944a-0dd28d5d8ce6	2	146106836	146109366	24	-1.2814
ae182086-27da-4068-944a-0dd28d5d8ce6	2	146120238	242147305	58992	0.005
ae182086-27da-4068-944a-0dd28d5d8ce6	3	20930	182919	153	0.0481
ae182086-27da-4068-944a-0dd28d5d8ce6	3	188339	191117	4	-2.8387
ae182086-27da-4068-944a-0dd28d5d8ce6	3	193194	16646337	13085	0.0194
ae182086-27da-4068-944a-0dd28d5d8ce6	3	16651623	16652476	16	-0.9811
ae182086-27da-4068-944a-0dd28d5d8ce6	3	16658424	36242239	13221	0.0104
ae182086-27da-4068-944a-0dd28d5d8ce6	3	36242465	36243538	3	-1.553
ae182086-27da-4068-944a-0dd28d5d8ce6	3	36243787	36254876	7	0.1766
ae182086-27da-4068-944a-0dd28d5d8ce6	3	36255327	36255333	3	-1.0613
ae182086-27da-4068-944a-0dd28d5d8ce6	3	36255351	99225632	37152	0.0106
ae182086-27da-4068-944a-0dd28d5d8ce6	3	99225667	99233599	41	0.2837
ae182086-27da-4068-944a-0dd28d5d8ce6	3	99234917	105160500	3505	0.0044
ae182086-27da-4068-944a-0dd28d5d8ce6	3	105164326	105165526	2	-1.764
ae182086-27da-4068-944a-0dd28d5d8ce6	3	105166137	130044855	15175	0.0056
ae182086-27da-4068-944a-0dd28d5d8ce6	3	130047743	130087209	36	0.5301
ae182086-27da-4068-944a-0dd28d5d8ce6	3	130087393	151792254	13566	0.0098
ae182086-27da-4068-944a-0dd28d5d8ce6	3	151793297	151830703	30	-0.971
ae182086-27da-4068-944a-0dd28d5d8ce6	3	151837466	162794951	6654	0.0099
ae182086-27da-4068-944a-0dd28d5d8ce6	3	162795304	162807070	10	0.7025
ae182086-27da-4068-944a-0dd28d5d8ce6	3	162810842	162813082	3	-0.155
ae182086-27da-4068-944a-0dd28d5d8ce6	3	162815162	162822702	7	-1.0376
ae182086-27da-4068-944a-0dd28d5d8ce6	3	162827928	162908207	48	0.5135
ae182086-27da-4068-944a-0dd28d5d8ce6	3	162908784	193156958	19149	0.0136
ae182086-27da-4068-944a-0dd28d5d8ce6	3	193160113	193165114	20	-0.9713
ae182086-27da-4068-944a-0dd28d5d8ce6	3	193168646	198169247	2688	0.0213
ae182086-27da-4068-944a-0dd28d5d8ce6	4	68929	4080615	1617	0.016
ae182086-27da-4068-944a-0dd28d5d8ce6	4	4081209	4169608	22	-0.3864
ae182086-27da-4068-944a-0dd28d5d8ce6	4	4173850	9462813	3516	0.009
ae182086-27da-4068-944a-0dd28d5d8ce6	4	9463248	9477560	3	0.9979
ae182086-27da-4068-944a-0dd28d5d8ce6	4	9477699	10208766	540	0.0111
ae182086-27da-4068-944a-0dd28d5d8ce6	4	10212536	10229874	29	-1.8239
ae182086-27da-4068-944a-0dd28d5d8ce6	4	10232590	10233644	7	-0.8365
ae182086-27da-4068-944a-0dd28d5d8ce6	4	10234518	10390730	172	-0.0076
ae182086-27da-4068-944a-0dd28d5d8ce6	4	10391530	10401094	16	0.4956
ae182086-27da-4068-944a-0dd28d5d8ce6	4	10401122	32535441	15518	0.0044
ae182086-27da-4068-944a-0dd28d5d8ce6	4	32537555	32542776	5	-0.6829
ae182086-27da-4068-944a-0dd28d5d8ce6	4	32544799	34777432	1244	-0.0008
ae182086-27da-4068-944a-0dd28d5d8ce6	4	34784878	34823103	38	0.5965
ae182086-27da-4068-944a-0dd28d5d8ce6	4	34828250	49214614	8965	0.0099
ae182086-27da-4068-944a-0dd28d5d8ce6	4	49289175	49289338	2	1.2778
ae182086-27da-4068-944a-0dd28d5d8ce6	4	49295203	54631719	1836	-0.0117
ae182086-27da-4068-944a-0dd28d5d8ce6	4	54635559	54635754	3	0.8736
ae182086-27da-4068-944a-0dd28d5d8ce6	4	54639193	54682392	81	-0.031
ae182086-27da-4068-944a-0dd28d5d8ce6	4	54683058	54683631	4	-0.7655
ae182086-27da-4068-944a-0dd28d5d8ce6	4	54684042	62802116	5088	0.0036
ae182086-27da-4068-944a-0dd28d5d8ce6	4	62804218	62805944	8	-1.2785
ae182086-27da-4068-944a-0dd28d5d8ce6	4	62813912	68395346	3435	0.006
ae182086-27da-4068-944a-0dd28d5d8ce6	4	68416487	68422424	5	-1.093
ae182086-27da-4068-944a-0dd28d5d8ce6	4	68429081	68509237	14	0.0351
ae182086-27da-4068-944a-0dd28d5d8ce6	4	68509442	68663241	68	0.3824
ae182086-27da-4068-944a-0dd28d5d8ce6	4	68671434	171448195	62301	0.0021
ae182086-27da-4068-944a-0dd28d5d8ce6	4	171453733	171456559	10	0.7916
ae182086-27da-4068-944a-0dd28d5d8ce6	4	171456573	172066777	398	0.003
ae182086-27da-4068-944a-0dd28d5d8ce6	4	172067997	172068382	12	-1.5055
ae182086-27da-4068-944a-0dd28d5d8ce6	4	172074828	184329216	8218	0.0096
ae182086-27da-4068-944a-0dd28d5d8ce6	4	184329425	184329488	2	-1.0682
ae182086-27da-4068-944a-0dd28d5d8ce6	4	184332978	188300104	2692	0.0143
ae182086-27da-4068-944a-0dd28d5d8ce6	4	188300206	188300270	3	1.2745
ae182086-27da-4068-944a-0dd28d5d8ce6	4	188300285	190106768	1141	0.0256
ae182086-27da-4068-944a-0dd28d5d8ce6	5	15532	16124136	12407	0.011
ae182086-27da-4068-944a-0dd28d5d8ce6	5	16125019	16125105	3	-0.9015
ae182086-27da-4068-944a-0dd28d5d8ce6	5	16127435	21449167	3278	0.0111
ae182086-27da-4068-944a-0dd28d5d8ce6	5	21451091	21452329	5	-1.0432
ae182086-27da-4068-944a-0dd28d5d8ce6	5	21452387	23713112	1258	-0.0016
ae182086-27da-4068-944a-0dd28d5d8ce6	5	23714108	23715420	2	-1.0184
ae182086-27da-4068-944a-0dd28d5d8ce6	5	23716241	25976153	1377	0.0183
ae182086-27da-4068-944a-0dd28d5d8ce6	5	25979327	25981623	2	-1.5104
ae182086-27da-4068-944a-0dd28d5d8ce6	5	25981951	106891826	45623	0.011
ae182086-27da-4068-944a-0dd28d5d8ce6	5	106893972	106897416	20	-0.7252
ae182086-27da-4068-944a-0dd28d5d8ce6	5	106904875	152134610	29315	0.0075
ae182086-27da-4068-944a-0dd28d5d8ce6	5	152135825	152138790	14	-0.6205
ae182086-27da-4068-944a-0dd28d5d8ce6	5	152140710	156048095	2652	0.0071
ae182086-27da-4068-944a-0dd28d5d8ce6	5	156049762	156055719	14	-1.6587
ae182086-27da-4068-944a-0dd28d5d8ce6	5	156068240	180947523	16580	0.0099
ae182086-27da-4068-944a-0dd28d5d8ce6	5	180951710	181006225	20	0.4662
ae182086-27da-4068-944a-0dd28d5d8ce6	5	181006264	181363319	169	0.0307
ae182086-27da-4068-944a-0dd28d5d8ce6	6	149661	233750	77	-0.0223
ae182086-27da-4068-944a-0dd28d5d8ce6	6	237215	384109	128	0.1972
ae182086-27da-4068-944a-0dd28d5d8ce6	6	384521	29869411	21422	0.0046
ae182086-27da-4068-944a-0dd28d5d8ce6	6	29869537	29881490	14	-0.8859
ae182086-27da-4068-944a-0dd28d5d8ce6	6	29882419	32641650	1230	0.0059
ae182086-27da-4068-944a-0dd28d5d8ce6	6	32656527	32658841	6	-0.9046
ae182086-27da-4068-944a-0dd28d5d8ce6	6	32682835	32810504	114	-0.0355
ae182086-27da-4068-944a-0dd28d5d8ce6	6	32811611	32814241	5	-0.9999
ae182086-27da-4068-944a-0dd28d5d8ce6	6	32814372	73882142	23954	0.0035
ae182086-27da-4068-944a-0dd28d5d8ce6	6	73882509	73891694	10	0.7057
ae182086-27da-4068-944a-0dd28d5d8ce6	6	73893839	76305231	1471	0.0118
ae182086-27da-4068-944a-0dd28d5d8ce6	6	76307183	76307209	3	-0.8256
ae182086-27da-4068-944a-0dd28d5d8ce6	6	76307276	76726815	295	-0.0148
ae182086-27da-4068-944a-0dd28d5d8ce6	6	76730151	76742972	20	-0.4639
ae182086-27da-4068-944a-0dd28d5d8ce6	6	76743040	78252864	974	0.0071
ae182086-27da-4068-944a-0dd28d5d8ce6	6	78252909	78325457	115	-0.2703
ae182086-27da-4068-944a-0dd28d5d8ce6	6	78325468	93815112	9928	-0.0004
ae182086-27da-4068-944a-0dd28d5d8ce6	6	93815677	94617621	526	0.0591
ae182086-27da-4068-944a-0dd28d5d8ce6	6	94620977	133945130	24107	-0.0008
ae182086-27da-4068-944a-0dd28d5d8ce6	6	133947933	133948494	2	-1.2027
ae182086-27da-4068-944a-0dd28d5d8ce6	6	133950934	134375877	280	0.0101
ae182086-27da-4068-944a-0dd28d5d8ce6	6	134376239	134376302	2	-1.1477
ae182086-27da-4068-944a-0dd28d5d8ce6	6	134376858	150798462	10752	-0.002
ae182086-27da-4068-944a-0dd28d5d8ce6	6	150799974	150800112	4	-1.1515
ae182086-27da-4068-944a-0dd28d5d8ce6	6	150800848	170741917	14023	0.0079
ae182086-27da-4068-944a-0dd28d5d8ce6	7	43355	16130033	10985	0.015
ae182086-27da-4068-944a-0dd28d5d8ce6	7	16131935	16132634	2	1.2114
ae182086-27da-4068-944a-0dd28d5d8ce6	7	16137216	26135922	7838	0.016
ae182086-27da-4068-944a-0dd28d5d8ce6	7	26138083	26141434	2	1.1431
ae182086-27da-4068-944a-0dd28d5d8ce6	7	26142049	29634172	2587	0.0204
ae182086-27da-4068-944a-0dd28d5d8ce6	7	29636176	29646732	4	-0.9898
ae182086-27da-4068-944a-0dd28d5d8ce6	7	29648549	38347842	6043	0.0041
ae182086-27da-4068-944a-0dd28d5d8ce6	7	38351764	38356875	4	-1.1087
ae182086-27da-4068-944a-0dd28d5d8ce6	7	38361356	54305455	10981	0.0095
ae182086-27da-4068-944a-0dd28d5d8ce6	7	54318812	54318824	6	0.6706
ae182086-27da-4068-944a-0dd28d5d8ce6	7	54325795	57474821	1871	0.0079
ae182086-27da-4068-944a-0dd28d5d8ce6	7	57476405	57476932	3	-1.0662
ae182086-27da-4068-944a-0dd28d5d8ce6	7	57477003	62865135	276	-0.0467
ae182086-27da-4068-944a-0dd28d5d8ce6	7	62904814	62909456	11	0.4238
ae182086-27da-4068-944a-0dd28d5d8ce6	7	62924899	66867140	1471	0.0181
ae182086-27da-4068-944a-0dd28d5d8ce6	7	66875988	66896421	6	-0.6109
ae182086-27da-4068-944a-0dd28d5d8ce6	7	66898528	70955452	2482	0.0206
ae182086-27da-4068-944a-0dd28d5d8ce6	7	70958264	70961155	2	-1.3739
ae182086-27da-4068-944a-0dd28d5d8ce6	7	70963257	81811268	5599	0.0161
ae182086-27da-4068-944a-0dd28d5d8ce6	7	81813232	81814370	2	-1.3072
ae182086-27da-4068-944a-0dd28d5d8ce6	7	81817404	88822191	4355	0.011
ae182086-27da-4068-944a-0dd28d5d8ce6	7	88823729	90113915	849	0.0722
ae182086-27da-4068-944a-0dd28d5d8ce6	7	90117657	109793741	11485	0.0114
ae182086-27da-4068-944a-0dd28d5d8ce6	7	109797035	109797717	16	-0.8709
ae182086-27da-4068-944a-0dd28d5d8ce6	7	109800860	109801187	9	-0.2778
ae182086-27da-4068-944a-0dd28d5d8ce6	7	109801572	109813853	10	-1.4338
ae182086-27da-4068-944a-0dd28d5d8ce6	7	109813925	126795116	10303	0.0145
ae182086-27da-4068-944a-0dd28d5d8ce6	7	126797843	126799329	4	-0.9249
ae182086-27da-4068-944a-0dd28d5d8ce6	7	126801200	134561354	4785	0.0076
ae182086-27da-4068-944a-0dd28d5d8ce6	7	134565570	134567948	5	-0.9045
ae182086-27da-4068-944a-0dd28d5d8ce6	7	134569277	142081713	4850	-0.0015
ae182086-27da-4068-944a-0dd28d5d8ce6	7	142081975	142090279	19	0.3695
ae182086-27da-4068-944a-0dd28d5d8ce6	7	142090383	144255220	1207	0.0231
ae182086-27da-4068-944a-0dd28d5d8ce6	7	144255475	144352208	12	-0.7994
ae182086-27da-4068-944a-0dd28d5d8ce6	7	144377836	155671335	7317	0.0148
ae182086-27da-4068-944a-0dd28d5d8ce6	7	155673169	155674244	2	1.4493
ae182086-27da-4068-944a-0dd28d5d8ce6	7	155676942	156485282	604	-0.0067
ae182086-27da-4068-944a-0dd28d5d8ce6	7	156485933	156486319	2	-1.1616
ae182086-27da-4068-944a-0dd28d5d8ce6	7	156486687	156599096	82	-0.0152
ae182086-27da-4068-944a-0dd28d5d8ce6	7	156600474	156601365	2	-2.0517
ae182086-27da-4068-944a-0dd28d5d8ce6	7	156601485	158319247	980	0.0118
ae182086-27da-4068-944a-0dd28d5d8ce6	7	158320363	158322732	3	2.2038
ae182086-27da-4068-944a-0dd28d5d8ce6	7	158323170	158339473	7	0.4927
ae182086-27da-4068-944a-0dd28d5d8ce6	7	158344294	159324709	616	0.0399
ae182086-27da-4068-944a-0dd28d5d8ce6	7	159324804	159334314	15	-0.708
ae182086-27da-4068-944a-0dd28d5d8ce6	8	81254	644973	324	0.0332
ae182086-27da-4068-944a-0dd28d5d8ce6	8	645220	645875	6	0.7314
ae182086-27da-4068-944a-0dd28d5d8ce6	8	645892	645908	2	2.75
ae182086-27da-4068-944a-0dd28d5d8ce6	8	656117	25116961	21124	0.0167
ae182086-27da-4068-944a-0dd28d5d8ce6	8	25117007	25126818	25	-1.6307
ae182086-27da-4068-944a-0dd28d5d8ce6	8	25133589	35538629	6952	-0.0018
ae182086-27da-4068-944a-0dd28d5d8ce6	8	35541901	35542011	2	-1.2403
ae182086-27da-4068-944a-0dd28d5d8ce6	8	35542464	39373140	2046	0.0007
ae182086-27da-4068-944a-0dd28d5d8ce6	8	39378084	39529446	58	-1.6238
ae182086-27da-4068-944a-0dd28d5d8ce6	8	39530780	40914477	1072	0.0137
ae182086-27da-4068-944a-0dd28d5d8ce6	8	40920333	40920952	2	-1.5717
ae182086-27da-4068-944a-0dd28d5d8ce6	8	40926161	63936079	12559	0.0001
ae182086-27da-4068-944a-0dd28d5d8ce6	8	63936340	63936561	6	0.8015
ae182086-27da-4068-944a-0dd28d5d8ce6	8	63936953	70042441	3544	0.0003
ae182086-27da-4068-944a-0dd28d5d8ce6	8	70042470	70042599	3	0.8088
ae182086-27da-4068-944a-0dd28d5d8ce6	8	70048926	111279265	24778	0.0034
ae182086-27da-4068-944a-0dd28d5d8ce6	8	111282050	111283031	10	-0.7394
ae182086-27da-4068-944a-0dd28d5d8ce6	8	111288052	145072769	22890	0.0055
ae182086-27da-4068-944a-0dd28d5d8ce6	9	46587	1740278	1893	0.0228
ae182086-27da-4068-944a-0dd28d5d8ce6	9	1740367	1740718	3	-1.1798
ae182086-27da-4068-944a-0dd28d5d8ce6	9	1742582	4009290	2129	-0.001
ae182086-27da-4068-944a-0dd28d5d8ce6	9	4009349	5079156	1211	0.0169
ae182086-27da-4068-944a-0dd28d5d8ce6	9	5081416	5081766	8	-0.5677
ae182086-27da-4068-944a-0dd28d5d8ce6	9	5081852	12071175	6060	0.0232
ae182086-27da-4068-944a-0dd28d5d8ce6	9	12071398	39807498	19852	-0.0011
ae182086-27da-4068-944a-0dd28d5d8ce6	9	39827488	39833357	2	-1.413
ae182086-27da-4068-944a-0dd28d5d8ce6	9	39840169	41659472	95	-0.0763
ae182086-27da-4068-944a-0dd28d5d8ce6	9	41666811	61405110	99	-0.3014
ae182086-27da-4068-944a-0dd28d5d8ce6	9	61520021	138200944	48066	-0.0002
ae182086-27da-4068-944a-0dd28d5d8ce6	10	45792	27298602	21366	0.0036
ae182086-27da-4068-944a-0dd28d5d8ce6	10	27304498	27308509	2	-1.4274
ae182086-27da-4068-944a-0dd28d5d8ce6	10	27318256	46370859	10260	0.002
ae182086-27da-4068-944a-0dd28d5d8ce6	10	46442116	46632302	50	0.3023
ae182086-27da-4068-944a-0dd28d5d8ce6	10	46657149	47559596	300	0.0299
ae182086-27da-4068-944a-0dd28d5d8ce6	10	47622159	47680348	4	1.2788
ae182086-27da-4068-944a-0dd28d5d8ce6	10	47684886	49509074	1118	0.016
ae182086-27da-4068-944a-0dd28d5d8ce6	10	49512180	49514137	3	-1.1553
ae182086-27da-4068-944a-0dd28d5d8ce6	10	49514923	65548193	11267	0.0061
ae182086-27da-4068-944a-0dd28d5d8ce6	10	65548259	65563037	26	0.5014
ae182086-27da-4068-944a-0dd28d5d8ce6	10	65563168	87216840	14419	0.0026
ae182086-27da-4068-944a-0dd28d5d8ce6	10	87269486	87335259	11	-0.5047
ae182086-27da-4068-944a-0dd28d5d8ce6	10	87335788	87607329	107	0.0183
ae182086-27da-4068-944a-0dd28d5d8ce6	10	87607967	87610710	3	-0.9227
ae182086-27da-4068-944a-0dd28d5d8ce6	10	87619975	90324763	2103	0.0015
ae182086-27da-4068-944a-0dd28d5d8ce6	10	90327599	90328369	3	-0.79
ae182086-27da-4068-944a-0dd28d5d8ce6	10	90329721	95105543	2810	0.0176
ae182086-27da-4068-944a-0dd28d5d8ce6	10	95105544	95109949	7	-0.5675
ae182086-27da-4068-944a-0dd28d5d8ce6	10	95115957	120951887	17327	0.0067
ae182086-27da-4068-944a-0dd28d5d8ce6	10	120952597	120952614	2	-1.1245
ae182086-27da-4068-944a-0dd28d5d8ce6	10	120953414	133654968	9374	0.0162
ae182086-27da-4068-944a-0dd28d5d8ce6	11	198510	4954475	2445	0.0009
ae182086-27da-4068-944a-0dd28d5d8ce6	11	4955027	4955042	2	-1.0571
ae182086-27da-4068-944a-0dd28d5d8ce6	11	4955781	5756780	773	0.0012
ae182086-27da-4068-944a-0dd28d5d8ce6	11	5757241	5787909	43	0.2647
ae182086-27da-4068-944a-0dd28d5d8ce6	11	5788108	49737304	30431	0.0009
ae182086-27da-4068-944a-0dd28d5d8ce6	11	49738003	49738504	5	-0.865
ae182086-27da-4068-944a-0dd28d5d8ce6	11	49739136	55585647	711	0.0109
ae182086-27da-4068-944a-0dd28d5d8ce6	11	55586690	55685533	71	-0.2316
ae182086-27da-4068-944a-0dd28d5d8ce6	11	55686100	80256460	13243	0.004
ae182086-27da-4068-944a-0dd28d5d8ce6	11	80256469	80256520	3	0.9922
ae182086-27da-4068-944a-0dd28d5d8ce6	11	80256642	81792426	1308	0.016
ae182086-27da-4068-944a-0dd28d5d8ce6	11	81792950	81806116	10	-0.6283
ae182086-27da-4068-944a-0dd28d5d8ce6	11	81811590	98628319	11456	0.0053
ae182086-27da-4068-944a-0dd28d5d8ce6	11	98632455	98635414	5	-0.9799
ae182086-27da-4068-944a-0dd28d5d8ce6	11	98637646	101723638	2496	-0.0008
ae182086-27da-4068-944a-0dd28d5d8ce6	11	101723653	101727233	5	0.9859
ae182086-27da-4068-944a-0dd28d5d8ce6	11	101727481	134212773	23022	0.0013
ae182086-27da-4068-944a-0dd28d5d8ce6	11	134214310	135074876	667	0.0584
ae182086-27da-4068-944a-0dd28d5d8ce6	12	51460	8204911	5528	0.0116
ae182086-27da-4068-944a-0dd28d5d8ce6	12	8209454	8220161	9	0.5723
ae182086-27da-4068-944a-0dd28d5d8ce6	12	8241232	8265736	8	0.0315
ae182086-27da-4068-944a-0dd28d5d8ce6	12	8267058	8300870	9	-0.4237
ae182086-27da-4068-944a-0dd28d5d8ce6	12	8307348	11066824	1668	0.0136
ae182086-27da-4068-944a-0dd28d5d8ce6	12	11068125	11088933	10	0.4525
ae182086-27da-4068-944a-0dd28d5d8ce6	12	11099275	16266471	3689	0.0037
ae182086-27da-4068-944a-0dd28d5d8ce6	12	16268053	16268391	2	-2.1856
ae182086-27da-4068-944a-0dd28d5d8ce6	12	16275623	90089573	44640	0.0038
ae182086-27da-4068-944a-0dd28d5d8ce6	12	90097892	90098297	7	-1.637
ae182086-27da-4068-944a-0dd28d5d8ce6	12	90099780	133201603	29162	0.0082
ae182086-27da-4068-944a-0dd28d5d8ce6	13	18452809	49680149	21855	0.0044
ae182086-27da-4068-944a-0dd28d5d8ce6	13	49683604	50893658	701	0.0612
ae182086-27da-4068-944a-0dd28d5d8ce6	13	50895662	52288372	754	-0.0035
ae182086-27da-4068-944a-0dd28d5d8ce6	13	52293586	52315875	7	0.4098
ae182086-27da-4068-944a-0dd28d5d8ce6	13	52322826	52485081	56	0.0101
ae182086-27da-4068-944a-0dd28d5d8ce6	13	52497017	52520664	7	-0.8192
ae182086-27da-4068-944a-0dd28d5d8ce6	13	52523849	57103634	2591	-0.0001
ae182086-27da-4068-944a-0dd28d5d8ce6	13	57105533	57376446	177	0.1399
ae182086-27da-4068-944a-0dd28d5d8ce6	13	57378273	82613952	16157	0.0025
ae182086-27da-4068-944a-0dd28d5d8ce6	13	82614643	82629163	13	0.625
ae182086-27da-4068-944a-0dd28d5d8ce6	13	82631841	97875020	9638	0.0038
ae182086-27da-4068-944a-0dd28d5d8ce6	13	97877870	97879211	6	-0.8191
ae182086-27da-4068-944a-0dd28d5d8ce6	13	97881576	114342922	12124	0.0034
ae182086-27da-4068-944a-0dd28d5d8ce6	14	18239283	19637253	59	0.0063
ae182086-27da-4068-944a-0dd28d5d8ce6	14	19650668	19955213	107	0.5789
ae182086-27da-4068-944a-0dd28d5d8ce6	14	19956767	105578033	54648	0.0015
ae182086-27da-4068-944a-0dd28d5d8ce6	14	105588560	105691429	15	-0.8534
ae182086-27da-4068-944a-0dd28d5d8ce6	14	105700900	106216809	164	0.0082
ae182086-27da-4068-944a-0dd28d5d8ce6	14	106221676	106321086	48	0.1952
ae182086-27da-4068-944a-0dd28d5d8ce6	14	106340102	106346129	7	0.6919
ae182086-27da-4068-944a-0dd28d5d8ce6	14	106360014	106418444	31	0.1564
ae182086-27da-4068-944a-0dd28d5d8ce6	14	106423925	106475361	50	-0.4571
ae182086-27da-4068-944a-0dd28d5d8ce6	14	106487515	106649040	79	0.0565
ae182086-27da-4068-944a-0dd28d5d8ce6	14	106650804	106666078	4	-0.4411
ae182086-27da-4068-944a-0dd28d5d8ce6	14	106670409	106877229	110	0.0366
ae182086-27da-4068-944a-0dd28d5d8ce6	15	19811075	21975606	176	-0.0102
ae182086-27da-4068-944a-0dd28d5d8ce6	15	21997003	22299523	30	-0.5499
ae182086-27da-4068-944a-0dd28d5d8ce6	15	22385639	22938143	183	0.1133
ae182086-27da-4068-944a-0dd28d5d8ce6	15	22938315	26315045	2174	0.003
ae182086-27da-4068-944a-0dd28d5d8ce6	15	26317005	26319889	4	-0.8858
ae182086-27da-4068-944a-0dd28d5d8ce6	15	26321688	30483791	2286	0.0122
ae182086-27da-4068-944a-0dd28d5d8ce6	15	30487388	30608675	8	-0.6279
ae182086-27da-4068-944a-0dd28d5d8ce6	15	30621384	32179735	1045	0.0194
ae182086-27da-4068-944a-0dd28d5d8ce6	15	32212063	32323432	17	-0.7957
ae182086-27da-4068-944a-0dd28d5d8ce6	15	32339520	56497331	15188	0.0033
ae182086-27da-4068-944a-0dd28d5d8ce6	15	56497449	56508779	26	-0.4851
ae182086-27da-4068-944a-0dd28d5d8ce6	15	56509425	76598900	12745	0.0033
ae182086-27da-4068-944a-0dd28d5d8ce6	15	76599170	76603434	21	0.8813
ae182086-27da-4068-944a-0dd28d5d8ce6	15	76609838	101928837	17593	0.0065
ae182086-27da-4068-944a-0dd28d5d8ce6	16	10777	6228880	3392	0.0129
ae182086-27da-4068-944a-0dd28d5d8ce6	16	6229093	7275793	1370	0.0547
ae182086-27da-4068-944a-0dd28d5d8ce6	16	7279192	14879136	6334	0.0065
ae182086-27da-4068-944a-0dd28d5d8ce6	16	14881435	14986523	43	-0.2502
ae182086-27da-4068-944a-0dd28d5d8ce6	16	14986598	19933041	2313	0.0244
ae182086-27da-4068-944a-0dd28d5d8ce6	16	19934328	19958932	30	-0.6285
ae182086-27da-4068-944a-0dd28d5d8ce6	16	19959168	90096867	38320	0.0055
ae182086-27da-4068-944a-0dd28d5d8ce6	17	150733	210111	32	-0.0672
ae182086-27da-4068-944a-0dd28d5d8ce6	17	210418	1250730	525	0.0804
ae182086-27da-4068-944a-0dd28d5d8ce6	17	1262192	14091059	8240	0.0046
ae182086-27da-4068-944a-0dd28d5d8ce6	17	14096794	15327143	1043	0.0525
ae182086-27da-4068-944a-0dd28d5d8ce6	17	15331578	16750987	625	-0.0008
ae182086-27da-4068-944a-0dd28d5d8ce6	17	16754017	16838470	14	-0.4128
ae182086-27da-4068-944a-0dd28d5d8ce6	17	16853833	18452078	906	0.0035
ae182086-27da-4068-944a-0dd28d5d8ce6	17	18455632	18571332	28	0.4743
ae182086-27da-4068-944a-0dd28d5d8ce6	17	18592992	36096224	6803	0.0091
ae182086-27da-4068-944a-0dd28d5d8ce6	17	36096981	36467538	61	0.2708
ae182086-27da-4068-944a-0dd28d5d8ce6	17	36467808	41265456	2512	0.0147
ae182086-27da-4068-944a-0dd28d5d8ce6	17	41266762	41274279	24	-0.4304
ae182086-27da-4068-944a-0dd28d5d8ce6	17	41276472	45633124	2170	0.0092
ae182086-27da-4068-944a-0dd28d5d8ce6	17	45633670	46717218	468	0.1068
ae182086-27da-4068-944a-0dd28d5d8ce6	17	46717389	53633941	4048	0.0103
ae182086-27da-4068-944a-0dd28d5d8ce6	17	53634156	53634671	2	-1.2726
ae182086-27da-4068-944a-0dd28d5d8ce6	17	53637058	83091923	17487	0.0113
ae182086-27da-4068-944a-0dd28d5d8ce6	18	48133	92133	8	-0.8141
ae182086-27da-4068-944a-0dd28d5d8ce6	18	97829	71872125	44486	0.0064
ae182086-27da-4068-944a-0dd28d5d8ce6	18	71875374	73923961	1647	0.055
ae182086-27da-4068-944a-0dd28d5d8ce6	18	73924063	78772149	3769	0.0061
ae182086-27da-4068-944a-0dd28d5d8ce6	18	78775927	78776239	3	-0.9703
ae182086-27da-4068-944a-0dd28d5d8ce6	18	78781322	80257174	768	0.0182
ae182086-27da-4068-944a-0dd28d5d8ce6	19	90910	255578	4	-0.6379
ae182086-27da-4068-944a-0dd28d5d8ce6	19	255830	55771169	27229	0.0054
ae182086-27da-4068-944a-0dd28d5d8ce6	19	55771663	55771701	2	-1.7641
ae182086-27da-4068-944a-0dd28d5d8ce6	19	55774927	58586487	1837	0.0179
ae182086-27da-4068-944a-0dd28d5d8ce6	20	80664	1601561	1239	0.02
ae182086-27da-4068-944a-0dd28d5d8ce6	20	1609611	1613247	5	-0.9748
ae182086-27da-4068-944a-0dd28d5d8ce6	20	1617300	1736435	133	0.0651
ae182086-27da-4068-944a-0dd28d5d8ce6	20	1738805	63112536	40487	0.0059
ae182086-27da-4068-944a-0dd28d5d8ce6	20	63112931	64324800	461	0.063
ae182086-27da-4068-944a-0dd28d5d8ce6	21	10354168	46677045	23835	0.0065
ae182086-27da-4068-944a-0dd28d5d8ce6	22	15294547	42501276	17127	0.0163
ae182086-27da-4068-944a-0dd28d5d8ce6	22	42503434	42559782	26	0.7047
ae182086-27da-4068-944a-0dd28d5d8ce6	22	42561282	50796027	6092	0.0224
ae182086-27da-4068-944a-0dd28d5d8ce6	X	251810	111116182	57378	0.0063
ae182086-27da-4068-944a-0dd28d5d8ce6	X	111117403	111118281	4	-2.6572
ae182086-27da-4068-944a-0dd28d5d8ce6	X	111118562	155952689	26059	0.0054
ae182086-27da-4068-944a-0dd28d5d8ce6	Y	2782397	9334951	2232	-1.0606
ae182086-27da-4068-944a-0dd28d5d8ce6	Y	9354290	9553097	19	-1.5193
ae182086-27da-4068-944a-0dd28d5d8ce6	Y	9553467	56872112	4389	-1.0323
