GDC_Aliquot	Chromosome	Start	End	Num_Probes	Segment_Mean
afa62e0a-13dd-4fac-963d-d727da5b32b3	1	62920	2138242	363	-0.0465
afa62e0a-13dd-4fac-963d-d727da5b32b3	1	2140299	2151890	9	-1.0098
afa62e0a-13dd-4fac-963d-d727da5b32b3	1	2154350	3159845	296	-0.0302
afa62e0a-13dd-4fac-963d-d727da5b32b3	1	3163455	3274912	57	-0.2729
afa62e0a-13dd-4fac-963d-d727da5b32b3	1	3280916	15822848	7576	0.0017
afa62e0a-13dd-4fac-963d-d727da5b32b3	1	15823420	15844541	17	0.5339
afa62e0a-13dd-4fac-963d-d727da5b32b3	1	15850269	16617143	298	-0.0323
afa62e0a-13dd-4fac-963d-d727da5b32b3	1	16617312	16855942	47	-0.5325
afa62e0a-13dd-4fac-963d-d727da5b32b3	1	16863509	16949746	56	0.3686
afa62e0a-13dd-4fac-963d-d727da5b32b3	1	16951445	25256850	5241	0.0096
afa62e0a-13dd-4fac-963d-d727da5b32b3	1	25266637	25336819	25	0.6203
afa62e0a-13dd-4fac-963d-d727da5b32b3	1	25336853	34626037	4923	0.0115
afa62e0a-13dd-4fac-963d-d727da5b32b3	1	34626073	34638878	20	-0.6243
afa62e0a-13dd-4fac-963d-d727da5b32b3	1	34638890	72274270	23623	0.0039
afa62e0a-13dd-4fac-963d-d727da5b32b3	1	72274390	72345450	64	0.3272
afa62e0a-13dd-4fac-963d-d727da5b32b3	1	72345465	72619284	160	0.0356
afa62e0a-13dd-4fac-963d-d727da5b32b3	1	72619663	72619763	2	-1.5423
afa62e0a-13dd-4fac-963d-d727da5b32b3	1	72620518	74020311	859	0.0013
afa62e0a-13dd-4fac-963d-d727da5b32b3	1	74021651	74035623	2	1.515
afa62e0a-13dd-4fac-963d-d727da5b32b3	1	74039254	75585159	897	0.0175
afa62e0a-13dd-4fac-963d-d727da5b32b3	1	75589078	75589169	2	-3.0264
afa62e0a-13dd-4fac-963d-d727da5b32b3	1	75593824	103621165	18001	0.0015
afa62e0a-13dd-4fac-963d-d727da5b32b3	1	103697067	103717410	3	2.2137
afa62e0a-13dd-4fac-963d-d727da5b32b3	1	103717617	109664699	3546	0.006
afa62e0a-13dd-4fac-963d-d727da5b32b3	1	109676386	109697556	19	-0.7004
afa62e0a-13dd-4fac-963d-d727da5b32b3	1	109702376	121705338	7096	0.006
afa62e0a-13dd-4fac-963d-d727da5b32b3	1	143459641	144491166	141	-0.6863
afa62e0a-13dd-4fac-963d-d727da5b32b3	1	144503849	152583051	2280	-0.0017
afa62e0a-13dd-4fac-963d-d727da5b32b3	1	152583230	152614118	35	-2.2576
afa62e0a-13dd-4fac-963d-d727da5b32b3	1	152618018	160176383	4622	-0.0031
afa62e0a-13dd-4fac-963d-d727da5b32b3	1	160176704	160177153	4	-1.6117
afa62e0a-13dd-4fac-963d-d727da5b32b3	1	160178881	196741937	24864	0.0057
afa62e0a-13dd-4fac-963d-d727da5b32b3	1	196742057	196832720	61	0.6171
afa62e0a-13dd-4fac-963d-d727da5b32b3	1	196843377	244583848	32872	-0.0001
afa62e0a-13dd-4fac-963d-d727da5b32b3	1	244584822	244585032	2	-2.5569
afa62e0a-13dd-4fac-963d-d727da5b32b3	1	244585155	248303790	2474	0.0038
afa62e0a-13dd-4fac-963d-d727da5b32b3	1	248303999	248304263	2	-2.3772
afa62e0a-13dd-4fac-963d-d727da5b32b3	1	248305403	248930189	274	0.0566
afa62e0a-13dd-4fac-963d-d727da5b32b3	2	12784	34466002	23959	-0.0009
afa62e0a-13dd-4fac-963d-d727da5b32b3	2	34474248	34476668	6	-3.777
afa62e0a-13dd-4fac-963d-d727da5b32b3	2	34483565	34492907	24	-1.9212
afa62e0a-13dd-4fac-963d-d727da5b32b3	2	34492921	34511990	16	-3.3422
afa62e0a-13dd-4fac-963d-d727da5b32b3	2	34512096	35444641	631	0.0297
afa62e0a-13dd-4fac-963d-d727da5b32b3	2	35445297	35445850	4	-1.495
afa62e0a-13dd-4fac-963d-d727da5b32b3	2	35447316	44144582	6389	0.0087
afa62e0a-13dd-4fac-963d-d727da5b32b3	2	44144674	44145770	2	-2.1125
afa62e0a-13dd-4fac-963d-d727da5b32b3	2	44150623	52514599	5893	0.0113
afa62e0a-13dd-4fac-963d-d727da5b32b3	2	52516787	52527743	8	-1.9094
afa62e0a-13dd-4fac-963d-d727da5b32b3	2	52531615	154033296	57906	0.0089
afa62e0a-13dd-4fac-963d-d727da5b32b3	2	154039462	154039969	2	-2.8902
afa62e0a-13dd-4fac-963d-d727da5b32b3	2	154043710	212316597	34972	0.0061
afa62e0a-13dd-4fac-963d-d727da5b32b3	2	212321824	212326694	22	-0.8054
afa62e0a-13dd-4fac-963d-d727da5b32b3	2	212327001	231575661	12370	0.0075
afa62e0a-13dd-4fac-963d-d727da5b32b3	2	231576026	231576464	2	-2.1739
afa62e0a-13dd-4fac-963d-d727da5b32b3	2	231583884	242147305	6571	0.0032
afa62e0a-13dd-4fac-963d-d727da5b32b3	3	20930	6603914	5794	-0.0026
afa62e0a-13dd-4fac-963d-d727da5b32b3	3	6604856	6611645	24	-0.5451
afa62e0a-13dd-4fac-963d-d727da5b32b3	3	6613391	9318527	2355	-0.0032
afa62e0a-13dd-4fac-963d-d727da5b32b3	3	9320986	9322320	5	-1.6748
afa62e0a-13dd-4fac-963d-d727da5b32b3	3	9325341	28383005	12955	-0.0001
afa62e0a-13dd-4fac-963d-d727da5b32b3	3	28385487	28391667	3	-2.1688
afa62e0a-13dd-4fac-963d-d727da5b32b3	3	28392447	37935926	6376	-0.0018
afa62e0a-13dd-4fac-963d-d727da5b32b3	3	37940617	37945437	18	-0.6572
afa62e0a-13dd-4fac-963d-d727da5b32b3	3	37945615	46008344	5031	0.0051
afa62e0a-13dd-4fac-963d-d727da5b32b3	3	46010221	46010251	2	1.5888
afa62e0a-13dd-4fac-963d-d727da5b32b3	3	46012089	46049017	27	-0.0423
afa62e0a-13dd-4fac-963d-d727da5b32b3	3	46049869	46062482	7	0.5339
afa62e0a-13dd-4fac-963d-d727da5b32b3	3	46062803	46750055	435	-0.0236
afa62e0a-13dd-4fac-963d-d727da5b32b3	3	46751887	46831514	47	0.2917
afa62e0a-13dd-4fac-963d-d727da5b32b3	3	46836648	56981805	5406	0.0043
afa62e0a-13dd-4fac-963d-d727da5b32b3	3	56982194	56986881	3	-1.4512
afa62e0a-13dd-4fac-963d-d727da5b32b3	3	56987463	60223894	2248	0.0121
afa62e0a-13dd-4fac-963d-d727da5b32b3	3	60223953	60229092	12	-1.0603
afa62e0a-13dd-4fac-963d-d727da5b32b3	3	60230522	67607630	6130	0.0052
afa62e0a-13dd-4fac-963d-d727da5b32b3	3	67610588	67679110	63	-1.0135
afa62e0a-13dd-4fac-963d-d727da5b32b3	3	67687276	75519398	5543	0.003
afa62e0a-13dd-4fac-963d-d727da5b32b3	3	75523398	75537120	5	1.1293
afa62e0a-13dd-4fac-963d-d727da5b32b3	3	75537654	87784025	6728	0.0084
afa62e0a-13dd-4fac-963d-d727da5b32b3	3	87785260	87796807	6	-0.8218
afa62e0a-13dd-4fac-963d-d727da5b32b3	3	87798026	89355950	943	0.0158
afa62e0a-13dd-4fac-963d-d727da5b32b3	3	89355952	89355967	3	1.359
afa62e0a-13dd-4fac-963d-d727da5b32b3	3	89356604	95737262	1415	0.0019
afa62e0a-13dd-4fac-963d-d727da5b32b3	3	95748036	95749266	2	-3.4011
afa62e0a-13dd-4fac-963d-d727da5b32b3	3	95749836	95781111	19	0.0799
afa62e0a-13dd-4fac-963d-d727da5b32b3	3	95781594	95787783	3	-1.6698
afa62e0a-13dd-4fac-963d-d727da5b32b3	3	95789820	132273893	21938	0.0018
afa62e0a-13dd-4fac-963d-d727da5b32b3	3	132273929	132276840	3	-2.3066
afa62e0a-13dd-4fac-963d-d727da5b32b3	3	132281633	143566923	6894	0.0005
afa62e0a-13dd-4fac-963d-d727da5b32b3	3	143566958	143567132	4	1.2334
afa62e0a-13dd-4fac-963d-d727da5b32b3	3	143567959	162419865	11573	0.0111
afa62e0a-13dd-4fac-963d-d727da5b32b3	3	162419975	162426460	13	0.798
afa62e0a-13dd-4fac-963d-d727da5b32b3	3	162426600	162816942	272	0.0649
afa62e0a-13dd-4fac-963d-d727da5b32b3	3	162818795	162822702	5	1.2275
afa62e0a-13dd-4fac-963d-d727da5b32b3	3	162827928	169631156	3942	0.0339
afa62e0a-13dd-4fac-963d-d727da5b32b3	3	169632074	169635037	4	-1.3627
afa62e0a-13dd-4fac-963d-d727da5b32b3	3	169636064	184505604	9065	0.0134
afa62e0a-13dd-4fac-963d-d727da5b32b3	3	184506142	184506490	2	-2.1569
afa62e0a-13dd-4fac-963d-d727da5b32b3	3	184506885	193160113	6109	-0.0006
afa62e0a-13dd-4fac-963d-d727da5b32b3	3	193160173	193165114	19	-1.3891
afa62e0a-13dd-4fac-963d-d727da5b32b3	3	193168646	194879838	1140	-0.01
afa62e0a-13dd-4fac-963d-d727da5b32b3	3	194883193	194885923	3	-2.0276
afa62e0a-13dd-4fac-963d-d727da5b32b3	3	194889610	198169247	1541	0.0439
afa62e0a-13dd-4fac-963d-d727da5b32b3	4	68929	10208766	5664	-0.0014
afa62e0a-13dd-4fac-963d-d727da5b32b3	4	10221792	10229874	24	2.4424
afa62e0a-13dd-4fac-963d-d727da5b32b3	4	10232590	10389091	177	0.0194
afa62e0a-13dd-4fac-963d-d727da5b32b3	4	10390730	10397731	13	-0.8102
afa62e0a-13dd-4fac-963d-d727da5b32b3	4	10398532	34793850	16732	0.0022
afa62e0a-13dd-4fac-963d-d727da5b32b3	4	34794477	34822561	27	-0.5007
afa62e0a-13dd-4fac-963d-d727da5b32b3	4	34823103	43143057	5491	0.0114
afa62e0a-13dd-4fac-963d-d727da5b32b3	4	43143380	43148055	11	-0.7031
afa62e0a-13dd-4fac-963d-d727da5b32b3	4	43154418	48493645	3183	0.0214
afa62e0a-13dd-4fac-963d-d727da5b32b3	4	48493667	49289175	244	0.1786
afa62e0a-13dd-4fac-963d-d727da5b32b3	4	49289338	61071220	6048	-0.002
afa62e0a-13dd-4fac-963d-d727da5b32b3	4	61075217	61076234	2	-1.9526
afa62e0a-13dd-4fac-963d-d727da5b32b3	4	61079968	68506285	4387	0.0196
afa62e0a-13dd-4fac-963d-d727da5b32b3	4	68509223	68620261	65	0.8334
afa62e0a-13dd-4fac-963d-d727da5b32b3	4	68623617	69265102	318	0.0778
afa62e0a-13dd-4fac-963d-d727da5b32b3	4	69265191	69363716	49	0.3334
afa62e0a-13dd-4fac-963d-d727da5b32b3	4	69366081	107150471	22795	0.0038
afa62e0a-13dd-4fac-963d-d727da5b32b3	4	107150731	107156277	18	-0.7563
afa62e0a-13dd-4fac-963d-d727da5b32b3	4	107156334	137171085	17601	0.0058
afa62e0a-13dd-4fac-963d-d727da5b32b3	4	137171266	137172260	13	-3.122
afa62e0a-13dd-4fac-963d-d727da5b32b3	4	137173804	137261279	84	0.046
afa62e0a-13dd-4fac-963d-d727da5b32b3	4	137261327	137261805	9	0.869
afa62e0a-13dd-4fac-963d-d727da5b32b3	4	137261857	154881396	10645	0.0024
afa62e0a-13dd-4fac-963d-d727da5b32b3	4	154881853	154881905	2	-3.2017
afa62e0a-13dd-4fac-963d-d727da5b32b3	4	154881926	160952694	3893	0.0082
afa62e0a-13dd-4fac-963d-d727da5b32b3	4	160952754	160973098	44	0.4382
afa62e0a-13dd-4fac-963d-d727da5b32b3	4	160977583	167887449	4314	0.0043
afa62e0a-13dd-4fac-963d-d727da5b32b3	4	167887664	168096758	177	0.1781
afa62e0a-13dd-4fac-963d-d727da5b32b3	4	168098235	171448195	2120	0.0067
afa62e0a-13dd-4fac-963d-d727da5b32b3	4	171453733	171456625	12	1.1413
afa62e0a-13dd-4fac-963d-d727da5b32b3	4	171459220	172066777	394	-0.0104
afa62e0a-13dd-4fac-963d-d727da5b32b3	4	172067997	172068382	12	1.0056
afa62e0a-13dd-4fac-963d-d727da5b32b3	4	172074828	172501121	224	-0.0199
afa62e0a-13dd-4fac-963d-d727da5b32b3	4	172501136	172507492	13	0.9401
afa62e0a-13dd-4fac-963d-d727da5b32b3	4	172519981	177666684	3073	-0.0003
afa62e0a-13dd-4fac-963d-d727da5b32b3	4	177675377	177677035	19	0.511
afa62e0a-13dd-4fac-963d-d727da5b32b3	4	177677069	177958725	196	0.0065
afa62e0a-13dd-4fac-963d-d727da5b32b3	4	177960342	177961766	10	-0.8015
afa62e0a-13dd-4fac-963d-d727da5b32b3	4	177961815	187048187	6585	0.0142
afa62e0a-13dd-4fac-963d-d727da5b32b3	4	187049935	187050156	2	-2.097
afa62e0a-13dd-4fac-963d-d727da5b32b3	4	187051053	190106768	1906	0.0266
afa62e0a-13dd-4fac-963d-d727da5b32b3	5	15532	742574	323	0.0083
afa62e0a-13dd-4fac-963d-d727da5b32b3	5	760901	873947	39	0.4592
afa62e0a-13dd-4fac-963d-d727da5b32b3	5	874903	45857435	30059	0.0019
afa62e0a-13dd-4fac-963d-d727da5b32b3	5	45859920	45880280	12	-1.1019
afa62e0a-13dd-4fac-963d-d727da5b32b3	5	45888402	58017408	5135	0.0037
afa62e0a-13dd-4fac-963d-d727da5b32b3	5	58018390	58045187	36	-0.5396
afa62e0a-13dd-4fac-963d-d727da5b32b3	5	58045317	69533520	7255	0.0046
afa62e0a-13dd-4fac-963d-d727da5b32b3	5	69550476	69937600	7	-1.0694
afa62e0a-13dd-4fac-963d-d727da5b32b3	5	69937617	99279506	16401	0.0043
afa62e0a-13dd-4fac-963d-d727da5b32b3	5	99279687	100730210	829	0.1131
afa62e0a-13dd-4fac-963d-d727da5b32b3	5	100732364	101666267	547	0.0076
afa62e0a-13dd-4fac-963d-d727da5b32b3	5	101667094	101949678	221	0.1698
afa62e0a-13dd-4fac-963d-d727da5b32b3	5	101954200	102173651	136	0.0102
afa62e0a-13dd-4fac-963d-d727da5b32b3	5	102174428	102174597	2	-2.0622
afa62e0a-13dd-4fac-963d-d727da5b32b3	5	102175140	119323610	11465	0.0036
afa62e0a-13dd-4fac-963d-d727da5b32b3	5	119323884	119324594	2	-2.9794
afa62e0a-13dd-4fac-963d-d727da5b32b3	5	119324805	152135923	20438	0.0018
afa62e0a-13dd-4fac-963d-d727da5b32b3	5	152135937	152138502	7	-0.965
afa62e0a-13dd-4fac-963d-d727da5b32b3	5	152138527	156048095	2649	-0.0073
afa62e0a-13dd-4fac-963d-d727da5b32b3	5	156049762	156073982	18	-0.5423
afa62e0a-13dd-4fac-963d-d727da5b32b3	5	156075169	173775504	12330	-0.0005
afa62e0a-13dd-4fac-963d-d727da5b32b3	5	173778055	173779368	8	-0.9174
afa62e0a-13dd-4fac-963d-d727da5b32b3	5	173780308	177800550	2380	-0.0044
afa62e0a-13dd-4fac-963d-d727da5b32b3	5	177801578	177805604	2	2.6558
afa62e0a-13dd-4fac-963d-d727da5b32b3	5	177827964	180947523	1786	0.0006
afa62e0a-13dd-4fac-963d-d727da5b32b3	5	180951710	180991103	19	-2.2192
afa62e0a-13dd-4fac-963d-d727da5b32b3	5	181006225	181363319	170	-0.0329
afa62e0a-13dd-4fac-963d-d727da5b32b3	6	149661	376937	197	-0.0453
afa62e0a-13dd-4fac-963d-d727da5b32b3	6	378703	382897	6	-1.6675
afa62e0a-13dd-4fac-963d-d727da5b32b3	6	384109	5488480	4182	0.0077
afa62e0a-13dd-4fac-963d-d727da5b32b3	6	5488747	5488995	3	-1.6676
afa62e0a-13dd-4fac-963d-d727da5b32b3	6	5491786	8139618	2212	-0.0069
afa62e0a-13dd-4fac-963d-d727da5b32b3	6	8140235	8141036	2	-3.0756
afa62e0a-13dd-4fac-963d-d727da5b32b3	6	8141851	10466868	1647	-0.0143
afa62e0a-13dd-4fac-963d-d727da5b32b3	6	10467200	10474718	12	-0.6915
afa62e0a-13dd-4fac-963d-d727da5b32b3	6	10475018	29869295	13270	0.0046
afa62e0a-13dd-4fac-963d-d727da5b32b3	6	29869410	29882419	17	-1.2062
afa62e0a-13dd-4fac-963d-d727da5b32b3	6	29882497	32525068	1174	-0.0642
afa62e0a-13dd-4fac-963d-d727da5b32b3	6	32525591	32656527	46	-0.6547
afa62e0a-13dd-4fac-963d-d727da5b32b3	6	32656814	54066286	13640	0.0053
afa62e0a-13dd-4fac-963d-d727da5b32b3	6	54066353	54067057	7	-2.0992
afa62e0a-13dd-4fac-963d-d727da5b32b3	6	54070550	57368944	1975	0.0128
afa62e0a-13dd-4fac-963d-d727da5b32b3	6	57372382	58400741	224	0.1671
afa62e0a-13dd-4fac-963d-d727da5b32b3	6	58400901	64627049	2012	0.0204
afa62e0a-13dd-4fac-963d-d727da5b32b3	6	64637651	64639099	2	3.0044
afa62e0a-13dd-4fac-963d-d727da5b32b3	6	64640883	66295080	1096	0.0139
afa62e0a-13dd-4fac-963d-d727da5b32b3	6	66298369	66339513	58	-0.7924
afa62e0a-13dd-4fac-963d-d727da5b32b3	6	66339706	76718872	6743	0.0043
afa62e0a-13dd-4fac-963d-d727da5b32b3	6	76719482	76742972	26	-0.5074
afa62e0a-13dd-4fac-963d-d727da5b32b3	6	76743040	78240104	960	0.0215
afa62e0a-13dd-4fac-963d-d727da5b32b3	6	78240510	78329517	128	0.4141
afa62e0a-13dd-4fac-963d-d727da5b32b3	6	78331916	83272580	3151	0.0027
afa62e0a-13dd-4fac-963d-d727da5b32b3	6	83272632	83283469	2	-1.9581
afa62e0a-13dd-4fac-963d-d727da5b32b3	6	83287512	87352714	2434	-0.0073
afa62e0a-13dd-4fac-963d-d727da5b32b3	6	87359550	87379442	19	0.6222
afa62e0a-13dd-4fac-963d-d727da5b32b3	6	87379730	100328473	8076	0.0049
afa62e0a-13dd-4fac-963d-d727da5b32b3	6	100329619	100333627	2	2.098
afa62e0a-13dd-4fac-963d-d727da5b32b3	6	100333700	103286954	1716	0.0097
afa62e0a-13dd-4fac-963d-d727da5b32b3	6	103290101	103317795	46	1.009
afa62e0a-13dd-4fac-963d-d727da5b32b3	6	103317836	113900791	6634	-0.0077
afa62e0a-13dd-4fac-963d-d727da5b32b3	6	113903677	113903852	2	-3.3671
afa62e0a-13dd-4fac-963d-d727da5b32b3	6	113904647	118716509	2761	0.0169
afa62e0a-13dd-4fac-963d-d727da5b32b3	6	118717955	118719708	5	-1.0199
afa62e0a-13dd-4fac-963d-d727da5b32b3	6	118720596	120851727	1261	-0.0068
afa62e0a-13dd-4fac-963d-d727da5b32b3	6	120852133	120853657	2	-1.5592
afa62e0a-13dd-4fac-963d-d727da5b32b3	6	120853855	122382365	850	-0.0027
afa62e0a-13dd-4fac-963d-d727da5b32b3	6	122387541	122387909	2	-1.5081
afa62e0a-13dd-4fac-963d-d727da5b32b3	6	122389093	123413884	591	-0.0087
afa62e0a-13dd-4fac-963d-d727da5b32b3	6	123417795	123432997	16	0.2509
afa62e0a-13dd-4fac-963d-d727da5b32b3	6	123433335	123433477	2	1.3215
afa62e0a-13dd-4fac-963d-d727da5b32b3	6	123435394	123966137	382	-0.0008
afa62e0a-13dd-4fac-963d-d727da5b32b3	6	123968696	123970163	2	-1.5728
afa62e0a-13dd-4fac-963d-d727da5b32b3	6	123971215	133543421	6205	-0.0029
afa62e0a-13dd-4fac-963d-d727da5b32b3	6	133544273	133544670	2	-1.6294
afa62e0a-13dd-4fac-963d-d727da5b32b3	6	133545729	133945130	268	0.0012
afa62e0a-13dd-4fac-963d-d727da5b32b3	6	133947933	133948494	2	-2.2517
afa62e0a-13dd-4fac-963d-d727da5b32b3	6	133950934	160610448	17762	0.0011
afa62e0a-13dd-4fac-963d-d727da5b32b3	6	160610670	160611533	10	0.8444
afa62e0a-13dd-4fac-963d-d727da5b32b3	6	160647010	170741917	7191	-0.0095
afa62e0a-13dd-4fac-963d-d727da5b32b3	7	43355	54318812	38288	0.0015
afa62e0a-13dd-4fac-963d-d727da5b32b3	7	54318816	54318824	5	2.1015
afa62e0a-13dd-4fac-963d-d727da5b32b3	7	54325795	65942683	3299	0.0237
afa62e0a-13dd-4fac-963d-d727da5b32b3	7	65949089	65992462	24	0.6069
afa62e0a-13dd-4fac-963d-d727da5b32b3	7	66004830	97756261	18399	0.0109
afa62e0a-13dd-4fac-963d-d727da5b32b3	7	97756328	97772915	19	0.5666
afa62e0a-13dd-4fac-963d-d727da5b32b3	7	97772976	109793720	6573	-0.0043
afa62e0a-13dd-4fac-963d-d727da5b32b3	7	109793728	109797717	18	0.5088
afa62e0a-13dd-4fac-963d-d727da5b32b3	7	109800860	111194974	931	0.009
afa62e0a-13dd-4fac-963d-d727da5b32b3	7	111198568	111323679	86	0.1317
afa62e0a-13dd-4fac-963d-d727da5b32b3	7	111324475	111331789	4	1.0979
afa62e0a-13dd-4fac-963d-d727da5b32b3	7	111332371	111492666	118	0.1512
afa62e0a-13dd-4fac-963d-d727da5b32b3	7	111497696	126405428	8874	0.0057
afa62e0a-13dd-4fac-963d-d727da5b32b3	7	126405502	126406561	11	-1.3551
afa62e0a-13dd-4fac-963d-d727da5b32b3	7	126406822	128287910	1267	0.0046
afa62e0a-13dd-4fac-963d-d727da5b32b3	7	128288208	128300616	18	0.6285
afa62e0a-13dd-4fac-963d-d727da5b32b3	7	128304699	159334314	19432	-0.0012
afa62e0a-13dd-4fac-963d-d727da5b32b3	8	81254	8007744	7750	-0.0156
afa62e0a-13dd-4fac-963d-d727da5b32b3	8	8078333	8214781	14	-0.8276
afa62e0a-13dd-4fac-963d-d727da5b32b3	8	8234503	9538675	1259	-0.0101
afa62e0a-13dd-4fac-963d-d727da5b32b3	8	9538949	9539139	2	-3.9624
afa62e0a-13dd-4fac-963d-d727da5b32b3	8	9539828	12134777	1937	-0.0539
afa62e0a-13dd-4fac-963d-d727da5b32b3	8	12139586	12383996	21	0.8286
afa62e0a-13dd-4fac-963d-d727da5b32b3	8	12385006	15051504	2351	0.0146
afa62e0a-13dd-4fac-963d-d727da5b32b3	8	15051776	15051830	2	-2.6321
afa62e0a-13dd-4fac-963d-d727da5b32b3	8	15052536	106465436	56015	0.0035
afa62e0a-13dd-4fac-963d-d727da5b32b3	8	106465581	106468867	3	-2.7454
afa62e0a-13dd-4fac-963d-d727da5b32b3	8	106468878	111282809	2881	0.0054
afa62e0a-13dd-4fac-963d-d727da5b32b3	8	111282852	111283031	4	-3.0315
afa62e0a-13dd-4fac-963d-d727da5b32b3	8	111288052	114615356	1807	0.0128
afa62e0a-13dd-4fac-963d-d727da5b32b3	8	114619065	114660731	45	0.3056
afa62e0a-13dd-4fac-963d-d727da5b32b3	8	114661835	128618704	9674	0.0031
afa62e0a-13dd-4fac-963d-d727da5b32b3	8	128619295	128620351	2	-2.8825
afa62e0a-13dd-4fac-963d-d727da5b32b3	8	128620398	145072769	11270	0.0068
afa62e0a-13dd-4fac-963d-d727da5b32b3	9	46587	2147099	2305	-0.0233
afa62e0a-13dd-4fac-963d-d727da5b32b3	9	2148837	2150662	6	-1.3085
afa62e0a-13dd-4fac-963d-d727da5b32b3	9	2152115	8901739	6184	0.0011
afa62e0a-13dd-4fac-963d-d727da5b32b3	9	8901758	8901884	2	-2.0117
afa62e0a-13dd-4fac-963d-d727da5b32b3	9	8902033	9957307	988	0.0356
afa62e0a-13dd-4fac-963d-d727da5b32b3	9	9959250	9962603	9	-1.2554
afa62e0a-13dd-4fac-963d-d727da5b32b3	9	9963879	11360225	1211	0.0067
afa62e0a-13dd-4fac-963d-d727da5b32b3	9	11360784	12566059	941	0.1059
afa62e0a-13dd-4fac-963d-d727da5b32b3	9	12566834	41451846	19434	0.0066
afa62e0a-13dd-4fac-963d-d727da5b32b3	9	41473331	41473518	2	1.242
afa62e0a-13dd-4fac-963d-d727da5b32b3	9	41473533	61405110	122	0.2253
afa62e0a-13dd-4fac-963d-d727da5b32b3	9	61520021	61629689	28	0.747
afa62e0a-13dd-4fac-963d-d727da5b32b3	9	61633080	63592670	46	-0.0119
afa62e0a-13dd-4fac-963d-d727da5b32b3	9	63592813	63620681	4	1.3707
afa62e0a-13dd-4fac-963d-d727da5b32b3	9	63620755	77155713	6588	0.0047
afa62e0a-13dd-4fac-963d-d727da5b32b3	9	77155866	77161448	22	0.6644
afa62e0a-13dd-4fac-963d-d727da5b32b3	9	77162152	135327017	40056	0.0038
afa62e0a-13dd-4fac-963d-d727da5b32b3	9	135327305	135327487	2	-1.938
afa62e0a-13dd-4fac-963d-d727da5b32b3	9	135327870	135418642	61	-0.2182
afa62e0a-13dd-4fac-963d-d727da5b32b3	9	135419715	138111320	986	-0.0002
afa62e0a-13dd-4fac-963d-d727da5b32b3	9	138111854	138200944	46	-0.2309
afa62e0a-13dd-4fac-963d-d727da5b32b3	10	45792	2897684	2305	-0.0013
afa62e0a-13dd-4fac-963d-d727da5b32b3	10	2898369	2910855	11	-0.7907
afa62e0a-13dd-4fac-963d-d727da5b32b3	10	2915989	3010244	112	-0.0313
afa62e0a-13dd-4fac-963d-d727da5b32b3	10	3012303	3027163	26	-0.4744
afa62e0a-13dd-4fac-963d-d727da5b32b3	10	3029355	5610274	2297	0.003
afa62e0a-13dd-4fac-963d-d727da5b32b3	10	5610776	5667424	26	-0.5798
afa62e0a-13dd-4fac-963d-d727da5b32b3	10	5669018	16424371	8899	0.0016
afa62e0a-13dd-4fac-963d-d727da5b32b3	10	16425243	16435107	5	-1.176
afa62e0a-13dd-4fac-963d-d727da5b32b3	10	16435167	46792335	17866	0.004
afa62e0a-13dd-4fac-963d-d727da5b32b3	10	46792344	46810571	3	-1.6052
afa62e0a-13dd-4fac-963d-d727da5b32b3	10	46836986	51764518	2853	-0.0006
afa62e0a-13dd-4fac-963d-d727da5b32b3	10	51764899	51768438	3	-1.8505
afa62e0a-13dd-4fac-963d-d727da5b32b3	10	51770235	56753095	3652	0.0239
afa62e0a-13dd-4fac-963d-d727da5b32b3	10	56756615	56767077	41	-0.6658
afa62e0a-13dd-4fac-963d-d727da5b32b3	10	56772992	79924804	15340	0.0062
afa62e0a-13dd-4fac-963d-d727da5b32b3	10	79925268	79925900	4	-1.591
afa62e0a-13dd-4fac-963d-d727da5b32b3	10	79931143	81118403	821	0.0032
afa62e0a-13dd-4fac-963d-d727da5b32b3	10	81121574	81130027	10	-0.9146
afa62e0a-13dd-4fac-963d-d727da5b32b3	10	81134713	133654968	35898	0.0007
afa62e0a-13dd-4fac-963d-d727da5b32b3	11	198510	253841	38	-0.1685
afa62e0a-13dd-4fac-963d-d727da5b32b3	11	254010	254869	4	-1.627
afa62e0a-13dd-4fac-963d-d727da5b32b3	11	256714	4718309	2138	-0.0124
afa62e0a-13dd-4fac-963d-d727da5b32b3	11	4719435	4719515	2	-1.8905
afa62e0a-13dd-4fac-963d-d727da5b32b3	11	4720724	4946166	223	-0.0052
afa62e0a-13dd-4fac-963d-d727da5b32b3	11	4946420	4955042	31	0.9025
afa62e0a-13dd-4fac-963d-d727da5b32b3	11	4955781	5766862	779	-0.0021
afa62e0a-13dd-4fac-963d-d727da5b32b3	11	5768371	5791130	33	0.8561
afa62e0a-13dd-4fac-963d-d727da5b32b3	11	5794956	6060421	211	-0.0325
afa62e0a-13dd-4fac-963d-d727da5b32b3	11	6061134	6061825	3	-1.9695
afa62e0a-13dd-4fac-963d-d727da5b32b3	11	6062090	55573277	30816	0.0067
afa62e0a-13dd-4fac-963d-d727da5b32b3	11	55574215	55679989	73	0.4869
afa62e0a-13dd-4fac-963d-d727da5b32b3	11	55685058	55759171	54	0.0071
afa62e0a-13dd-4fac-963d-d727da5b32b3	11	55765631	55923244	126	0.2156
afa62e0a-13dd-4fac-963d-d727da5b32b3	11	55923383	80256460	13012	0.0074
afa62e0a-13dd-4fac-963d-d727da5b32b3	11	80256469	80256520	3	-2.582
afa62e0a-13dd-4fac-963d-d727da5b32b3	11	80256642	81787763	1299	-0.0002
afa62e0a-13dd-4fac-963d-d727da5b32b3	11	81792426	81806116	11	-0.9629
afa62e0a-13dd-4fac-963d-d727da5b32b3	11	81811590	101723653	13912	0.0026
afa62e0a-13dd-4fac-963d-d727da5b32b3	11	101727129	101727233	4	2.871
afa62e0a-13dd-4fac-963d-d727da5b32b3	11	101727481	135074876	23603	0.0012
afa62e0a-13dd-4fac-963d-d727da5b32b3	12	51460	756570	412	-0.0474
afa62e0a-13dd-4fac-963d-d727da5b32b3	12	756804	775597	40	0.3613
afa62e0a-13dd-4fac-963d-d727da5b32b3	12	775723	9477960	5691	0.003
afa62e0a-13dd-4fac-963d-d727da5b32b3	12	9481274	9575696	24	-1.5813
afa62e0a-13dd-4fac-963d-d727da5b32b3	12	9582373	11061546	1027	0.0213
afa62e0a-13dd-4fac-963d-d727da5b32b3	12	11062773	11088933	13	0.9629
afa62e0a-13dd-4fac-963d-d727da5b32b3	12	11099275	33148492	15449	0.0062
afa62e0a-13dd-4fac-963d-d727da5b32b3	12	33148586	33154440	25	-0.7035
afa62e0a-13dd-4fac-963d-d727da5b32b3	12	33155426	45506042	5559	0.0032
afa62e0a-13dd-4fac-963d-d727da5b32b3	12	45510655	45515754	4	1.8546
afa62e0a-13dd-4fac-963d-d727da5b32b3	12	45519509	115808862	44519	0.0033
afa62e0a-13dd-4fac-963d-d727da5b32b3	12	115809800	115810243	3	-1.7421
afa62e0a-13dd-4fac-963d-d727da5b32b3	12	115811368	118214077	1685	0.0049
afa62e0a-13dd-4fac-963d-d727da5b32b3	12	118216338	118222125	3	-1.9365
afa62e0a-13dd-4fac-963d-d727da5b32b3	12	118228452	127100821	5412	-0.0043
afa62e0a-13dd-4fac-963d-d727da5b32b3	12	127100854	127106005	15	0.5508
afa62e0a-13dd-4fac-963d-d727da5b32b3	12	127106075	127147836	65	0.0785
afa62e0a-13dd-4fac-963d-d727da5b32b3	12	127149591	127150001	7	-1.54
afa62e0a-13dd-4fac-963d-d727da5b32b3	12	127150302	129656899	2244	-0.0232
afa62e0a-13dd-4fac-963d-d727da5b32b3	12	129660862	129662232	3	-1.6888
afa62e0a-13dd-4fac-963d-d727da5b32b3	12	129662965	131241500	1248	-0.0469
afa62e0a-13dd-4fac-963d-d727da5b32b3	12	131248112	131248938	4	-1.5352
afa62e0a-13dd-4fac-963d-d727da5b32b3	12	131249503	133201603	938	-0.0062
afa62e0a-13dd-4fac-963d-d727da5b32b3	13	18452809	23052545	2838	0.0034
afa62e0a-13dd-4fac-963d-d727da5b32b3	13	23055011	23059376	17	0.733
afa62e0a-13dd-4fac-963d-d727da5b32b3	13	23064056	51146338	19736	0.0009
afa62e0a-13dd-4fac-963d-d727da5b32b3	13	51147436	51150488	2	-2.571
afa62e0a-13dd-4fac-963d-d727da5b32b3	13	51150651	57184492	3299	0.0077
afa62e0a-13dd-4fac-963d-d727da5b32b3	13	57189013	57189903	9	-0.4792
afa62e0a-13dd-4fac-963d-d727da5b32b3	13	57189923	57204234	19	-0.8515
afa62e0a-13dd-4fac-963d-d727da5b32b3	13	57204246	57637457	234	0.1469
afa62e0a-13dd-4fac-963d-d727da5b32b3	13	57640593	63732262	3602	-0.003
afa62e0a-13dd-4fac-963d-d727da5b32b3	13	63733030	63845058	52	0.1303
afa62e0a-13dd-4fac-963d-d727da5b32b3	13	63845422	63850006	2	1.5966
afa62e0a-13dd-4fac-963d-d727da5b32b3	13	63850118	64360470	308	0.135
afa62e0a-13dd-4fac-963d-d727da5b32b3	13	64363350	68668123	2668	0.0239
afa62e0a-13dd-4fac-963d-d727da5b32b3	13	68674167	68694110	38	-0.7189
afa62e0a-13dd-4fac-963d-d727da5b32b3	13	68694987	71902850	2047	-0.0016
afa62e0a-13dd-4fac-963d-d727da5b32b3	13	71903417	71905409	2	1.7636
afa62e0a-13dd-4fac-963d-d727da5b32b3	13	71906311	72370801	381	0.0306
afa62e0a-13dd-4fac-963d-d727da5b32b3	13	72376622	72379916	4	-0.9854
afa62e0a-13dd-4fac-963d-d727da5b32b3	13	72380356	83211988	7237	0.0088
afa62e0a-13dd-4fac-963d-d727da5b32b3	13	83212014	83212029	2	2.0023
afa62e0a-13dd-4fac-963d-d727da5b32b3	13	83212116	88688175	3270	0.0129
afa62e0a-13dd-4fac-963d-d727da5b32b3	13	88691526	88691561	2	-3.1379
afa62e0a-13dd-4fac-963d-d727da5b32b3	13	88692123	114342922	18036	-0.001
afa62e0a-13dd-4fac-963d-d727da5b32b3	14	18239283	19669187	62	0.2742
afa62e0a-13dd-4fac-963d-d727da5b32b3	14	19675350	19954424	104	0.8074
afa62e0a-13dd-4fac-963d-d727da5b32b3	14	19955213	45590154	16066	0.0071
afa62e0a-13dd-4fac-963d-d727da5b32b3	14	45590201	45590672	4	-1.3115
afa62e0a-13dd-4fac-963d-d727da5b32b3	14	45593519	47227057	980	0.0286
afa62e0a-13dd-4fac-963d-d727da5b32b3	14	47238133	47247780	8	-0.9792
afa62e0a-13dd-4fac-963d-d727da5b32b3	14	47248244	48861820	990	0.0105
afa62e0a-13dd-4fac-963d-d727da5b32b3	14	48864091	48865531	3	-1.3936
afa62e0a-13dd-4fac-963d-d727da5b32b3	14	48868229	58716855	6493	0.0008
afa62e0a-13dd-4fac-963d-d727da5b32b3	14	58717818	58718425	3	-1.6573
afa62e0a-13dd-4fac-963d-d727da5b32b3	14	58721380	63383506	2989	0.0012
afa62e0a-13dd-4fac-963d-d727da5b32b3	14	63383800	63385459	2	-1.8788
afa62e0a-13dd-4fac-963d-d727da5b32b3	14	63386472	106340305	27131	0.0011
afa62e0a-13dd-4fac-963d-d727da5b32b3	14	106340774	106365807	9	1.0062
afa62e0a-13dd-4fac-963d-d727da5b32b3	14	106369985	106877229	269	0.0632
afa62e0a-13dd-4fac-963d-d727da5b32b3	15	19811075	20001686	45	0.1108
afa62e0a-13dd-4fac-963d-d727da5b32b3	15	20011702	20056983	5	-1.9619
afa62e0a-13dd-4fac-963d-d727da5b32b3	15	20059033	20373168	38	0.1979
afa62e0a-13dd-4fac-963d-d727da5b32b3	15	20376198	20376202	5	-1.115
afa62e0a-13dd-4fac-963d-d727da5b32b3	15	20376309	20418953	35	0.1452
afa62e0a-13dd-4fac-963d-d727da5b32b3	15	20421755	21018354	30	0.6457
afa62e0a-13dd-4fac-963d-d727da5b32b3	15	21053458	93252301	44587	0.0035
afa62e0a-13dd-4fac-963d-d727da5b32b3	15	93253049	93254765	3	-1.9572
afa62e0a-13dd-4fac-963d-d727da5b32b3	15	93255507	101859834	6524	-0.0052
afa62e0a-13dd-4fac-963d-d727da5b32b3	15	101864933	101928837	13	-0.7978
afa62e0a-13dd-4fac-963d-d727da5b32b3	16	10777	35225338	20074	-0.0063
afa62e0a-13dd-4fac-963d-d727da5b32b3	16	35232200	35550232	181	0.4396
afa62e0a-13dd-4fac-963d-d727da5b32b3	16	35553612	35740988	52	-0.0024
afa62e0a-13dd-4fac-963d-d727da5b32b3	16	35755003	35910712	59	0.2972
afa62e0a-13dd-4fac-963d-d727da5b32b3	16	35911977	60531198	9399	-0.0007
afa62e0a-13dd-4fac-963d-d727da5b32b3	16	60532127	60540490	6	-1.3568
afa62e0a-13dd-4fac-963d-d727da5b32b3	16	60541170	75208831	8561	0.003
afa62e0a-13dd-4fac-963d-d727da5b32b3	16	75212144	75214869	3	-2.1172
afa62e0a-13dd-4fac-963d-d727da5b32b3	16	75218408	90096867	13284	-0.0213
afa62e0a-13dd-4fac-963d-d727da5b32b3	17	150733	796780	348	0.0425
afa62e0a-13dd-4fac-963d-d727da5b32b3	17	797758	810932	5	-1.3069
afa62e0a-13dd-4fac-963d-d727da5b32b3	17	813219	8339592	4151	-0.0123
afa62e0a-13dd-4fac-963d-d727da5b32b3	17	8344229	8344415	2	-2.4985
afa62e0a-13dd-4fac-963d-d727da5b32b3	17	8346140	18413867	6823	-0.0106
afa62e0a-13dd-4fac-963d-d727da5b32b3	17	18413879	18626760	39	0.4749
afa62e0a-13dd-4fac-963d-d727da5b32b3	17	18629097	33988046	5281	0.0082
afa62e0a-13dd-4fac-963d-d727da5b32b3	17	33988105	33992415	8	-0.8688
afa62e0a-13dd-4fac-963d-d727da5b32b3	17	33992728	41265456	4046	-0.0008
afa62e0a-13dd-4fac-963d-d727da5b32b3	17	41266762	41267234	13	3.5377
afa62e0a-13dd-4fac-963d-d727da5b32b3	17	41271598	41277272	22	0.7885
afa62e0a-13dd-4fac-963d-d727da5b32b3	17	41277289	46142189	2512	0.004
afa62e0a-13dd-4fac-963d-d727da5b32b3	17	46144772	46286804	82	-0.3048
afa62e0a-13dd-4fac-963d-d727da5b32b3	17	46323701	53640545	4057	0.007
afa62e0a-13dd-4fac-963d-d727da5b32b3	17	53649631	53649820	2	-3.0253
afa62e0a-13dd-4fac-963d-d727da5b32b3	17	53651183	74608037	13175	-0.0008
afa62e0a-13dd-4fac-963d-d727da5b32b3	17	74608578	74608946	3	-2.541
afa62e0a-13dd-4fac-963d-d727da5b32b3	17	74612533	74655597	36	-0.431
afa62e0a-13dd-4fac-963d-d727da5b32b3	17	74656792	76778743	989	0.0045
afa62e0a-13dd-4fac-963d-d727da5b32b3	17	76779413	76781365	2	-2.2363
afa62e0a-13dd-4fac-963d-d727da5b32b3	17	76782023	83091923	3198	-0.0173
afa62e0a-13dd-4fac-963d-d727da5b32b3	18	48133	8842314	6455	-0.0054
afa62e0a-13dd-4fac-963d-d727da5b32b3	18	8843162	8843645	2	-2.5674
afa62e0a-13dd-4fac-963d-d727da5b32b3	18	8844408	66099904	33712	0.0035
afa62e0a-13dd-4fac-963d-d727da5b32b3	18	66100052	66100686	2	-2.7416
afa62e0a-13dd-4fac-963d-d727da5b32b3	18	66108359	67286412	766	0.0103
afa62e0a-13dd-4fac-963d-d727da5b32b3	18	67291970	67292676	6	-1.2343
afa62e0a-13dd-4fac-963d-d727da5b32b3	18	67293377	69071802	1377	0.0087
afa62e0a-13dd-4fac-963d-d727da5b32b3	18	69071897	69079567	15	0.698
afa62e0a-13dd-4fac-963d-d727da5b32b3	18	69079626	71496668	1708	-0.0078
afa62e0a-13dd-4fac-963d-d727da5b32b3	18	71500899	73157020	1274	0.0742
afa62e0a-13dd-4fac-963d-d727da5b32b3	18	73157114	77066592	3089	-0.0177
afa62e0a-13dd-4fac-963d-d727da5b32b3	18	77067910	77079118	10	-0.9639
afa62e0a-13dd-4fac-963d-d727da5b32b3	18	77079896	78516759	1125	-0.019
afa62e0a-13dd-4fac-963d-d727da5b32b3	18	78520463	78538627	25	-0.7316
afa62e0a-13dd-4fac-963d-d727da5b32b3	18	78538718	80257174	932	0.0001
afa62e0a-13dd-4fac-963d-d727da5b32b3	19	90910	58586487	28965	0.0013
afa62e0a-13dd-4fac-963d-d727da5b32b3	20	80664	1586808	1198	-0.0172
afa62e0a-13dd-4fac-963d-d727da5b32b3	20	1587007	1601446	31	-0.6082
afa62e0a-13dd-4fac-963d-d727da5b32b3	20	1601561	1613247	6	-1.7076
afa62e0a-13dd-4fac-963d-d727da5b32b3	20	1617300	5408813	2755	-0.0038
afa62e0a-13dd-4fac-963d-d727da5b32b3	20	5416682	5416977	2	-2.0816
afa62e0a-13dd-4fac-963d-d727da5b32b3	20	5417495	26324943	15925	-0.0012
afa62e0a-13dd-4fac-963d-d727da5b32b3	20	30185676	30259177	15	-0.6724
afa62e0a-13dd-4fac-963d-d727da5b32b3	20	30271154	36421662	2508	-0.003
afa62e0a-13dd-4fac-963d-d727da5b32b3	20	36421920	36422230	2	-2.3342
afa62e0a-13dd-4fac-963d-d727da5b32b3	20	36423270	50178876	9414	0.0034
afa62e0a-13dd-4fac-963d-d727da5b32b3	20	50180897	50181352	2	-1.9226
afa62e0a-13dd-4fac-963d-d727da5b32b3	20	50182546	57001898	5322	0
afa62e0a-13dd-4fac-963d-d727da5b32b3	20	57002289	57019630	13	-0.7697
afa62e0a-13dd-4fac-963d-d727da5b32b3	20	57020895	63111631	4492	-0.0032
afa62e0a-13dd-4fac-963d-d727da5b32b3	20	63112503	63112931	3	-1.6657
afa62e0a-13dd-4fac-963d-d727da5b32b3	20	63113370	64324800	459	-0.0148
afa62e0a-13dd-4fac-963d-d727da5b32b3	21	10354168	19269386	4009	0.0037
afa62e0a-13dd-4fac-963d-d727da5b32b3	21	19269473	19269487	2	1.7784
afa62e0a-13dd-4fac-963d-d727da5b32b3	21	19269657	22287668	2252	0.0098
afa62e0a-13dd-4fac-963d-d727da5b32b3	21	22288827	22292338	6	-1.0149
afa62e0a-13dd-4fac-963d-d727da5b32b3	21	22294679	24130019	1450	0.0344
afa62e0a-13dd-4fac-963d-d727da5b32b3	21	24130121	24130814	5	-1.1768
afa62e0a-13dd-4fac-963d-d727da5b32b3	21	24133267	24763407	495	0.0037
afa62e0a-13dd-4fac-963d-d727da5b32b3	21	24764717	24766157	2	-2.3245
afa62e0a-13dd-4fac-963d-d727da5b32b3	21	24768248	46677045	15499	-0.0063
afa62e0a-13dd-4fac-963d-d727da5b32b3	22	15294547	18620743	1125	0.0168
afa62e0a-13dd-4fac-963d-d727da5b32b3	22	18760927	18783014	3	2.3107
afa62e0a-13dd-4fac-963d-d727da5b32b3	22	18818348	48848072	20779	0.0015
afa62e0a-13dd-4fac-963d-d727da5b32b3	22	48856139	49694314	757	-0.1281
afa62e0a-13dd-4fac-963d-d727da5b32b3	22	49697404	50796027	479	-0.0131
afa62e0a-13dd-4fac-963d-d727da5b32b3	X	251810	34036904	20682	-0.0102
afa62e0a-13dd-4fac-963d-d727da5b32b3	X	34037567	34115802	64	0.4102
afa62e0a-13dd-4fac-963d-d727da5b32b3	X	34115957	96470866	27889	0.0077
afa62e0a-13dd-4fac-963d-d727da5b32b3	X	96477885	96569287	57	-3.8539
afa62e0a-13dd-4fac-963d-d727da5b32b3	X	96571085	142255911	24927	-0.0049
afa62e0a-13dd-4fac-963d-d727da5b32b3	X	142256003	142256102	2	-2.7328
afa62e0a-13dd-4fac-963d-d727da5b32b3	X	142256205	155952689	8117	-0.0013
afa62e0a-13dd-4fac-963d-d727da5b32b3	Y	2782397	56872112	6604	-0.6375
