Sample	Chromosome	Start	End	Num_Probes	Segment_Mean
VIBES_p_TCGA_290_291_292_293_S_GenomeWideSNP_6_E09_1362578	1	61735	86341	15	-0.7426
VIBES_p_TCGA_290_291_292_293_S_GenomeWideSNP_6_E09_1362578	1	98588	16149915	8385	-0.0047
VIBES_p_TCGA_290_291_292_293_S_GenomeWideSNP_6_E09_1362578	1	16153497	16155010	10	-1.1823
VIBES_p_TCGA_290_291_292_293_S_GenomeWideSNP_6_E09_1362578	1	16165661	17005776	345	-0.0142
VIBES_p_TCGA_290_291_292_293_S_GenomeWideSNP_6_E09_1362578	1	17005978	17262247	122	-0.2917
VIBES_p_TCGA_290_291_292_293_S_GenomeWideSNP_6_E09_1362578	1	17276241	25583291	5265	-0.0135
VIBES_p_TCGA_290_291_292_293_S_GenomeWideSNP_6_E09_1362578	1	25583341	25646946	28	0.6543
VIBES_p_TCGA_290_291_292_293_S_GenomeWideSNP_6_E09_1362578	1	25646986	72750353	28813	-6e-04
VIBES_p_TCGA_290_291_292_293_S_GenomeWideSNP_6_E09_1362578	1	72756113	72763370	9	-0.9334
VIBES_p_TCGA_290_291_292_293_S_GenomeWideSNP_6_E09_1362578	1	72768418	72811133	47	1.5282
VIBES_p_TCGA_290_291_292_293_S_GenomeWideSNP_6_E09_1362578	1	72811148	110226743	23681	0.0034
VIBES_p_TCGA_290_291_292_293_S_GenomeWideSNP_6_E09_1362578	1	110226970	110244998	23	0.7007
VIBES_p_TCGA_290_291_292_293_S_GenomeWideSNP_6_E09_1362578	1	110246126	112690326	1948	-0.0033
VIBES_p_TCGA_290_291_292_293_S_GenomeWideSNP_6_E09_1362578	1	112695965	112705956	26	0.5075
VIBES_p_TCGA_290_291_292_293_S_GenomeWideSNP_6_E09_1362578	1	112706060	117194575	2886	0.001
VIBES_p_TCGA_290_291_292_293_S_GenomeWideSNP_6_E09_1362578	1	117200371	117200404	2	-1.3455
VIBES_p_TCGA_290_291_292_293_S_GenomeWideSNP_6_E09_1362578	1	117206336	145257434	2552	0.0409
VIBES_p_TCGA_290_291_292_293_S_GenomeWideSNP_6_E09_1362578	1	145264042	145792064	180	0.5131
VIBES_p_TCGA_290_291_292_293_S_GenomeWideSNP_6_E09_1362578	1	145932468	147819435	683	0.0325
VIBES_p_TCGA_290_291_292_293_S_GenomeWideSNP_6_E09_1362578	1	147823500	149921568	338	0.4623
VIBES_p_TCGA_290_291_292_293_S_GenomeWideSNP_6_E09_1362578	1	149924128	150092942	81	0.0214
VIBES_p_TCGA_290_291_292_293_S_GenomeWideSNP_6_E09_1362578	1	150093758	152555706	1303	0.4466
VIBES_p_TCGA_290_291_292_293_S_GenomeWideSNP_6_E09_1362578	1	152555767	152586594	34	1.6225
VIBES_p_TCGA_290_291_292_293_S_GenomeWideSNP_6_E09_1362578	1	152590494	161508875	5473	0.4454
VIBES_p_TCGA_290_291_292_293_S_GenomeWideSNP_6_E09_1362578	1	161517939	161638201	46	0.8753
VIBES_p_TCGA_290_291_292_293_S_GenomeWideSNP_6_E09_1362578	1	161638480	164983593	2650	0.4502
VIBES_p_TCGA_290_291_292_293_S_GenomeWideSNP_6_E09_1362578	1	164983997	165088731	77	-0.0216
VIBES_p_TCGA_290_291_292_293_S_GenomeWideSNP_6_E09_1362578	1	165091285	165103670	10	0.4317
VIBES_p_TCGA_290_291_292_293_S_GenomeWideSNP_6_E09_1362578	1	165107381	165373302	271	0.0022
VIBES_p_TCGA_290_291_292_293_S_GenomeWideSNP_6_E09_1362578	1	165375040	166528085	923	0.4286
VIBES_p_TCGA_290_291_292_293_S_GenomeWideSNP_6_E09_1362578	1	166536684	166828464	262	-0.0345
VIBES_p_TCGA_290_291_292_293_S_GenomeWideSNP_6_E09_1362578	1	166828869	166833199	10	0.4361
VIBES_p_TCGA_290_291_292_293_S_GenomeWideSNP_6_E09_1362578	1	166834140	166876079	22	0.0278
VIBES_p_TCGA_290_291_292_293_S_GenomeWideSNP_6_E09_1362578	1	166876683	166888046	4	-0.5249
VIBES_p_TCGA_290_291_292_293_S_GenomeWideSNP_6_E09_1362578	1	166889364	166940095	23	-8e-04
VIBES_p_TCGA_290_291_292_293_S_GenomeWideSNP_6_E09_1362578	1	166946356	167243567	259	0.3975
VIBES_p_TCGA_290_291_292_293_S_GenomeWideSNP_6_E09_1362578	1	167252651	249224388	55676	-0.0044
VIBES_p_TCGA_290_291_292_293_S_GenomeWideSNP_6_E09_1362578	2	12784	14706292	11052	0.0036
VIBES_p_TCGA_290_291_292_293_S_GenomeWideSNP_6_E09_1362578	2	14706351	14710092	8	-1.1806
VIBES_p_TCGA_290_291_292_293_S_GenomeWideSNP_6_E09_1362578	2	14710364	16156999	1061	0.0093
VIBES_p_TCGA_290_291_292_293_S_GenomeWideSNP_6_E09_1362578	2	16162461	16250271	54	0.7773
VIBES_p_TCGA_290_291_292_293_S_GenomeWideSNP_6_E09_1362578	2	16358510	35975973	12838	-3e-04
VIBES_p_TCGA_290_291_292_293_S_GenomeWideSNP_6_E09_1362578	2	35977790	35987947	7	0.8852
VIBES_p_TCGA_290_291_292_293_S_GenomeWideSNP_6_E09_1362578	2	35997473	36335606	280	0.019
VIBES_p_TCGA_290_291_292_293_S_GenomeWideSNP_6_E09_1362578	2	36336619	36339554	13	-0.865
VIBES_p_TCGA_290_291_292_293_S_GenomeWideSNP_6_E09_1362578	2	36351103	89922349	34749	0.0051
VIBES_p_TCGA_290_291_292_293_S_GenomeWideSNP_6_E09_1362578	2	89934959	89999062	8	0.9363
VIBES_p_TCGA_290_291_292_293_S_GenomeWideSNP_6_E09_1362578	2	90001943	144167966	29177	0.0049
VIBES_p_TCGA_290_291_292_293_S_GenomeWideSNP_6_E09_1362578	2	144169816	144202272	28	0.614
VIBES_p_TCGA_290_291_292_293_S_GenomeWideSNP_6_E09_1362578	2	144212698	208354955	38465	0.0015
VIBES_p_TCGA_290_291_292_293_S_GenomeWideSNP_6_E09_1362578	2	208355178	208359476	17	-0.6611
VIBES_p_TCGA_290_291_292_293_S_GenomeWideSNP_6_E09_1362578	2	208359519	243089456	22109	0.0027
VIBES_p_TCGA_290_291_292_293_S_GenomeWideSNP_6_E09_1362578	3	60345	6646543	5834	2e-04
VIBES_p_TCGA_290_291_292_293_S_GenomeWideSNP_6_E09_1362578	3	6651128	6653332	23	-0.6861
VIBES_p_TCGA_290_291_292_293_S_GenomeWideSNP_6_E09_1362578	3	6655078	53022949	29867	-0.0022
VIBES_p_TCGA_290_291_292_293_S_GenomeWideSNP_6_E09_1362578	3	53023211	53039263	40	-0.5402
VIBES_p_TCGA_290_291_292_293_S_GenomeWideSNP_6_E09_1362578	3	53039279	68746259	12020	0.0114
VIBES_p_TCGA_290_291_292_293_S_GenomeWideSNP_6_E09_1362578	3	68746284	68747413	13	0.8711
VIBES_p_TCGA_290_291_292_293_S_GenomeWideSNP_6_E09_1362578	3	68748758	75776919	4984	-0.0013
VIBES_p_TCGA_290_291_292_293_S_GenomeWideSNP_6_E09_1362578	3	75782551	75787319	2	-1.2887
VIBES_p_TCGA_290_291_292_293_S_GenomeWideSNP_6_E09_1362578	3	75788117	82755992	3996	-0.0033
VIBES_p_TCGA_290_291_292_293_S_GenomeWideSNP_6_E09_1362578	3	82756177	82758743	2	-1.6608
VIBES_p_TCGA_290_291_292_293_S_GenomeWideSNP_6_E09_1362578	3	82762060	89671659	3833	0.0011
VIBES_p_TCGA_290_291_292_293_S_GenomeWideSNP_6_E09_1362578	3	89671681	89674140	5	-1.3854
VIBES_p_TCGA_290_291_292_293_S_GenomeWideSNP_6_E09_1362578	3	89685307	98944458	3116	0.003
VIBES_p_TCGA_290_291_292_293_S_GenomeWideSNP_6_E09_1362578	3	98944476	98951834	40	0.4299
VIBES_p_TCGA_290_291_292_293_S_GenomeWideSNP_6_E09_1362578	3	98952392	162514627	39057	0.002
VIBES_p_TCGA_290_291_292_293_S_GenomeWideSNP_6_E09_1362578	3	162516259	162626603	66	0.5432
VIBES_p_TCGA_290_291_292_293_S_GenomeWideSNP_6_E09_1362578	3	162628614	162714517	70	-0.0493
VIBES_p_TCGA_290_291_292_293_S_GenomeWideSNP_6_E09_1362578	3	162717727	162719562	2	1.3005
VIBES_p_TCGA_290_291_292_293_S_GenomeWideSNP_6_E09_1362578	3	162726159	175080611	7580	-8e-04
VIBES_p_TCGA_290_291_292_293_S_GenomeWideSNP_6_E09_1362578	3	175080747	175081226	4	-2.3232
VIBES_p_TCGA_290_291_292_293_S_GenomeWideSNP_6_E09_1362578	3	175081325	183205161	4842	0.0026
VIBES_p_TCGA_290_291_292_293_S_GenomeWideSNP_6_E09_1362578	3	183205937	183206391	2	1.4672
VIBES_p_TCGA_290_291_292_293_S_GenomeWideSNP_6_E09_1362578	3	183210854	192877902	6666	1e-04
VIBES_p_TCGA_290_291_292_293_S_GenomeWideSNP_6_E09_1362578	3	192877962	192882903	19	-1.1389
VIBES_p_TCGA_290_291_292_293_S_GenomeWideSNP_6_E09_1362578	3	192886435	197896118	2704	6e-04
VIBES_p_TCGA_290_291_292_293_S_GenomeWideSNP_6_E09_1362578	4	12281	10210390	5797	0.0017
VIBES_p_TCGA_290_291_292_293_S_GenomeWideSNP_6_E09_1362578	4	10214160	10228927	9	-0.8662
VIBES_p_TCGA_290_291_292_293_S_GenomeWideSNP_6_E09_1362578	4	10229117	10231498	20	-1.9518
VIBES_p_TCGA_290_291_292_293_S_GenomeWideSNP_6_E09_1362578	4	10234214	10390715	177	0.0304
VIBES_p_TCGA_290_291_292_293_S_GenomeWideSNP_6_E09_1362578	4	10392354	10399355	13	0.644
VIBES_p_TCGA_290_291_292_293_S_GenomeWideSNP_6_E09_1362578	4	10400156	34765595	16778	-0.0041
VIBES_p_TCGA_290_291_292_293_S_GenomeWideSNP_6_E09_1362578	4	34765697	34829949	53	0.3746
VIBES_p_TCGA_290_291_292_293_S_GenomeWideSNP_6_E09_1362578	4	34830004	69288138	19452	-0.0032
VIBES_p_TCGA_290_291_292_293_S_GenomeWideSNP_6_E09_1362578	4	69288140	69288142	2	-1.6793
VIBES_p_TCGA_290_291_292_293_S_GenomeWideSNP_6_E09_1362578	4	69294799	69374941	17	0.0953
VIBES_p_TCGA_290_291_292_293_S_GenomeWideSNP_6_E09_1362578	4	69374955	69375348	3	1.5514
VIBES_p_TCGA_290_291_292_293_S_GenomeWideSNP_6_E09_1362578	4	69390292	69540025	68	0.4359
VIBES_p_TCGA_290_291_292_293_S_GenomeWideSNP_6_E09_1362578	4	69551744	70123510	320	0.0084
VIBES_p_TCGA_290_291_292_293_S_GenomeWideSNP_6_E09_1362578	4	70127644	70231799	54	-0.5136
VIBES_p_TCGA_290_291_292_293_S_GenomeWideSNP_6_E09_1362578	4	70232022	102078004	19404	-0.0053
VIBES_p_TCGA_290_291_292_293_S_GenomeWideSNP_6_E09_1362578	4	102081357	102084615	9	-0.9515
VIBES_p_TCGA_290_291_292_293_S_GenomeWideSNP_6_E09_1362578	4	102086380	104745571	1602	-0.0086
VIBES_p_TCGA_290_291_292_293_S_GenomeWideSNP_6_E09_1362578	4	104751630	104751637	5	1.2844
VIBES_p_TCGA_290_291_292_293_S_GenomeWideSNP_6_E09_1362578	4	104751644	108068413	1875	-0.0079
VIBES_p_TCGA_290_291_292_293_S_GenomeWideSNP_6_E09_1362578	4	108071519	108071628	3	1.518
VIBES_p_TCGA_290_291_292_293_S_GenomeWideSNP_6_E09_1362578	4	108071888	115184229	4450	-0.0042
VIBES_p_TCGA_290_291_292_293_S_GenomeWideSNP_6_E09_1362578	4	115184252	115184266	2	1.3166
VIBES_p_TCGA_290_291_292_293_S_GenomeWideSNP_6_E09_1362578	4	115184310	115507624	222	0.0073
VIBES_p_TCGA_290_291_292_293_S_GenomeWideSNP_6_E09_1362578	4	115508166	115509993	2	-1.25
VIBES_p_TCGA_290_291_292_293_S_GenomeWideSNP_6_E09_1362578	4	115510454	122282588	4120	-0.0063
VIBES_p_TCGA_290_291_292_293_S_GenomeWideSNP_6_E09_1362578	4	122282612	122291522	27	0.362
VIBES_p_TCGA_290_291_292_293_S_GenomeWideSNP_6_E09_1362578	4	122291627	122862610	346	2e-04
VIBES_p_TCGA_290_291_292_293_S_GenomeWideSNP_6_E09_1362578	4	122862863	122869254	3	-1.2366
VIBES_p_TCGA_290_291_292_293_S_GenomeWideSNP_6_E09_1362578	4	122875092	133296673	5861	-0.0075
VIBES_p_TCGA_290_291_292_293_S_GenomeWideSNP_6_E09_1362578	4	133296790	133296870	2	-1.4825
VIBES_p_TCGA_290_291_292_293_S_GenomeWideSNP_6_E09_1362578	4	133301951	137942909	2557	-0.0142
VIBES_p_TCGA_290_291_292_293_S_GenomeWideSNP_6_E09_1362578	4	137943042	137943055	3	-1.7352
VIBES_p_TCGA_290_291_292_293_S_GenomeWideSNP_6_E09_1362578	4	137946369	138092420	99	-0.0726
VIBES_p_TCGA_290_291_292_293_S_GenomeWideSNP_6_E09_1362578	4	138092516	138093064	11	-0.7148
VIBES_p_TCGA_290_291_292_293_S_GenomeWideSNP_6_E09_1362578	4	138093401	172369346	21439	-0.0048
VIBES_p_TCGA_290_291_292_293_S_GenomeWideSNP_6_E09_1362578	4	172374884	172377710	10	1.5035
VIBES_p_TCGA_290_291_292_293_S_GenomeWideSNP_6_E09_1362578	4	172377724	179514669	4394	-3e-04
VIBES_p_TCGA_290_291_292_293_S_GenomeWideSNP_6_E09_1362578	4	179516852	179517089	4	-1.2902
VIBES_p_TCGA_290_291_292_293_S_GenomeWideSNP_6_E09_1362578	4	179517275	191027923	8129	-0.0012
VIBES_p_TCGA_290_291_292_293_S_GenomeWideSNP_6_E09_1362578	5	15532	685748	306	0.0048
VIBES_p_TCGA_290_291_292_293_S_GenomeWideSNP_6_E09_1362578	5	698371	820036	50	0.2609
VIBES_p_TCGA_290_291_292_293_S_GenomeWideSNP_6_E09_1362578	5	822123	12819313	9854	-0.0101
VIBES_p_TCGA_290_291_292_293_S_GenomeWideSNP_6_E09_1362578	5	12819375	12838533	11	-1.2613
VIBES_p_TCGA_290_291_292_293_S_GenomeWideSNP_6_E09_1362578	5	12849201	46251306	20542	0.0027
VIBES_p_TCGA_290_291_292_293_S_GenomeWideSNP_6_E09_1362578	5	46271008	46273502	8	-1.8618
VIBES_p_TCGA_290_291_292_293_S_GenomeWideSNP_6_E09_1362578	5	46278212	177198449	80210	-0.0028
VIBES_p_TCGA_290_291_292_293_S_GenomeWideSNP_6_E09_1362578	5	177227551	177232605	3	2.3629
VIBES_p_TCGA_290_291_292_293_S_GenomeWideSNP_6_E09_1362578	5	177254965	177386313	21	0.1774
VIBES_p_TCGA_290_291_292_293_S_GenomeWideSNP_6_E09_1362578	5	177390075	177400868	9	-1.1201
VIBES_p_TCGA_290_291_292_293_S_GenomeWideSNP_6_E09_1362578	5	177401382	180374523	1783	-0.001
VIBES_p_TCGA_290_291_292_293_S_GenomeWideSNP_6_E09_1362578	5	180378710	180418103	19	-2.0058
VIBES_p_TCGA_290_291_292_293_S_GenomeWideSNP_6_E09_1362578	5	180433225	180790320	171	0.0486
VIBES_p_TCGA_290_291_292_293_S_GenomeWideSNP_6_E09_1362578	6	149661	10474840	8318	-0.0036
VIBES_p_TCGA_290_291_292_293_S_GenomeWideSNP_6_E09_1362578	6	10474951	10475251	2	1.5784
VIBES_p_TCGA_290_291_292_293_S_GenomeWideSNP_6_E09_1362578	6	10476529	24322037	10308	-0.0056
VIBES_p_TCGA_290_291_292_293_S_GenomeWideSNP_6_E09_1362578	6	24325809	24326285	2	-1.5473
VIBES_p_TCGA_290_291_292_293_S_GenomeWideSNP_6_E09_1362578	6	24328706	29844034	3101	-0.0143
VIBES_p_TCGA_290_291_292_293_S_GenomeWideSNP_6_E09_1362578	6	29844372	29850380	10	0.5976
VIBES_p_TCGA_290_291_292_293_S_GenomeWideSNP_6_E09_1362578	6	29871636	29921127	34	-0.5267
VIBES_p_TCGA_290_291_292_293_S_GenomeWideSNP_6_E09_1362578	6	29921223	32690027	1264	0.0385
VIBES_p_TCGA_290_291_292_293_S_GenomeWideSNP_6_E09_1362578	6	32690797	32690830	3	1.917
VIBES_p_TCGA_290_291_292_293_S_GenomeWideSNP_6_E09_1362578	6	32692227	53931067	13681	-0.0075
VIBES_p_TCGA_290_291_292_293_S_GenomeWideSNP_6_E09_1362578	6	53931084	53935791	12	0.7472
VIBES_p_TCGA_290_291_292_293_S_GenomeWideSNP_6_E09_1362578	6	53935854	65336942	4349	0.0037
VIBES_p_TCGA_290_291_292_293_S_GenomeWideSNP_6_E09_1362578	6	65347544	65348992	2	-2.3721
VIBES_p_TCGA_290_291_292_293_S_GenomeWideSNP_6_E09_1362578	6	65350776	78962889	8937	6e-04
VIBES_p_TCGA_290_291_292_293_S_GenomeWideSNP_6_E09_1362578	6	78969065	79034940	109	0.5113
VIBES_p_TCGA_290_291_292_293_S_GenomeWideSNP_6_E09_1362578	6	79035027	81284759	1436	-0.0129
VIBES_p_TCGA_290_291_292_293_S_GenomeWideSNP_6_E09_1362578	6	81284958	81289534	27	-0.8661
VIBES_p_TCGA_290_291_292_293_S_GenomeWideSNP_6_E09_1362578	6	81294341	103734829	14011	0.0017
VIBES_p_TCGA_290_291_292_293_S_GenomeWideSNP_6_E09_1362578	6	103737976	103762061	46	0.9311
VIBES_p_TCGA_290_291_292_293_S_GenomeWideSNP_6_E09_1362578	6	103765470	157779495	34753	-0.0028
VIBES_p_TCGA_290_291_292_293_S_GenomeWideSNP_6_E09_1362578	6	157781264	157829617	8	0.8324
VIBES_p_TCGA_290_291_292_293_S_GenomeWideSNP_6_E09_1362578	6	157835571	161032565	2157	0.0017
VIBES_p_TCGA_290_291_292_293_S_GenomeWideSNP_6_E09_1362578	6	161032719	161033283	5	1.332
VIBES_p_TCGA_290_291_292_293_S_GenomeWideSNP_6_E09_1362578	6	161068042	171051005	7257	0.0086
VIBES_p_TCGA_290_291_292_293_S_GenomeWideSNP_6_E09_1362578	7	43355	38303144	27416	-0.0017
VIBES_p_TCGA_290_291_292_293_S_GenomeWideSNP_6_E09_1362578	7	38303434	38400957	121	0.289
VIBES_p_TCGA_290_291_292_293_S_GenomeWideSNP_6_E09_1362578	7	38402496	39077397	530	-0.0122
VIBES_p_TCGA_290_291_292_293_S_GenomeWideSNP_6_E09_1362578	7	39077405	39079473	2	-2.3373
VIBES_p_TCGA_290_291_292_293_S_GenomeWideSNP_6_E09_1362578	7	39079600	64568852	13601	-8e-04
VIBES_p_TCGA_290_291_292_293_S_GenomeWideSNP_6_E09_1362578	7	64594065	65173719	237	0.55
VIBES_p_TCGA_290_291_292_293_S_GenomeWideSNP_6_E09_1362578	7	65179963	91208142	14922	0.0017
VIBES_p_TCGA_290_291_292_293_S_GenomeWideSNP_6_E09_1362578	7	91218884	91219132	3	-1.252
VIBES_p_TCGA_290_291_292_293_S_GenomeWideSNP_6_E09_1362578	7	91225032	91358294	97	-0.0015
VIBES_p_TCGA_290_291_292_293_S_GenomeWideSNP_6_E09_1362578	7	91358314	91359033	6	0.9751
VIBES_p_TCGA_290_291_292_293_S_GenomeWideSNP_6_E09_1362578	7	91359336	97402045	3756	-0.0086
VIBES_p_TCGA_290_291_292_293_S_GenomeWideSNP_6_E09_1362578	7	97402091	97402227	2	-1.5228
VIBES_p_TCGA_290_291_292_293_S_GenomeWideSNP_6_E09_1362578	7	97402288	123395200	15047	0.0216
VIBES_p_TCGA_290_291_292_293_S_GenomeWideSNP_6_E09_1362578	7	123395903	133785177	6361	0.4618
VIBES_p_TCGA_290_291_292_293_S_GenomeWideSNP_6_E09_1362578	7	133785195	133787087	14	-2.6263
VIBES_p_TCGA_290_291_292_293_S_GenomeWideSNP_6_E09_1362578	7	133787146	133789997	7	-0.6046
VIBES_p_TCGA_290_291_292_293_S_GenomeWideSNP_6_E09_1362578	7	133790011	133795634	4	-2.9405
VIBES_p_TCGA_290_291_292_293_S_GenomeWideSNP_6_E09_1362578	7	133795665	133798543	7	-0.4976
VIBES_p_TCGA_290_291_292_293_S_GenomeWideSNP_6_E09_1362578	7	133798558	135136719	1005	0.4763
VIBES_p_TCGA_290_291_292_293_S_GenomeWideSNP_6_E09_1362578	7	135141751	135143082	5	-0.9549
VIBES_p_TCGA_290_291_292_293_S_GenomeWideSNP_6_E09_1362578	7	135147425	141769691	4187	0.4602
VIBES_p_TCGA_290_291_292_293_S_GenomeWideSNP_6_E09_1362578	7	141770060	141791908	38	0.8119
VIBES_p_TCGA_290_291_292_293_S_GenomeWideSNP_6_E09_1362578	7	141792107	142167898	248	0.4953
VIBES_p_TCGA_290_291_292_293_S_GenomeWideSNP_6_E09_1362578	7	142168429	142168798	3	-0.9673
VIBES_p_TCGA_290_291_292_293_S_GenomeWideSNP_6_E09_1362578	7	142171965	142474623	199	0.5571
VIBES_p_TCGA_290_291_292_293_S_GenomeWideSNP_6_E09_1362578	7	142474653	142486560	33	1.1356
VIBES_p_TCGA_290_291_292_293_S_GenomeWideSNP_6_E09_1362578	7	142488688	143216852	461	0.4488
VIBES_p_TCGA_290_291_292_293_S_GenomeWideSNP_6_E09_1362578	7	143217246	143300400	29	0.1998
VIBES_p_TCGA_290_291_292_293_S_GenomeWideSNP_6_E09_1362578	7	143307728	143477342	42	0.4925
VIBES_p_TCGA_290_291_292_293_S_GenomeWideSNP_6_E09_1362578	7	143477675	143490989	4	-0.275
VIBES_p_TCGA_290_291_292_293_S_GenomeWideSNP_6_E09_1362578	7	143492369	143709609	149	0.4322
VIBES_p_TCGA_290_291_292_293_S_GenomeWideSNP_6_E09_1362578	7	143709636	143711151	10	-0.1231
VIBES_p_TCGA_290_291_292_293_S_GenomeWideSNP_6_E09_1362578	7	143711169	143896252	139	0.4615
VIBES_p_TCGA_290_291_292_293_S_GenomeWideSNP_6_E09_1362578	7	143904279	144002397	26	0.9418
VIBES_p_TCGA_290_291_292_293_S_GenomeWideSNP_6_E09_1362578	7	144003667	159127004	9703	0.4689
VIBES_p_TCGA_290_291_292_293_S_GenomeWideSNP_6_E09_1362578	8	31254	593041	327	-0.0063
VIBES_p_TCGA_290_291_292_293_S_GenomeWideSNP_6_E09_1362578	8	594944	595908	10	1.9816
VIBES_p_TCGA_290_291_292_293_S_GenomeWideSNP_6_E09_1362578	8	601043	7024567	7477	0.0156
VIBES_p_TCGA_290_291_292_293_S_GenomeWideSNP_6_E09_1362578	8	7029990	7972646	227	0.2915
VIBES_p_TCGA_290_291_292_293_S_GenomeWideSNP_6_E09_1362578	8	7973623	16992576	7484	0.0144
VIBES_p_TCGA_290_291_292_293_S_GenomeWideSNP_6_E09_1362578	8	16992974	16997409	3	-1.2101
VIBES_p_TCGA_290_291_292_293_S_GenomeWideSNP_6_E09_1362578	8	16998530	24972187	6293	-0.0054
VIBES_p_TCGA_290_291_292_293_S_GenomeWideSNP_6_E09_1362578	8	24974443	24991104	28	0.6031
VIBES_p_TCGA_290_291_292_293_S_GenomeWideSNP_6_E09_1362578	8	24991127	39230659	9024	-0.0034
VIBES_p_TCGA_290_291_292_293_S_GenomeWideSNP_6_E09_1362578	8	39235603	39386965	58	-1.9867
VIBES_p_TCGA_290_291_292_293_S_GenomeWideSNP_6_E09_1362578	8	39388299	112294670	42019	-5e-04
VIBES_p_TCGA_290_291_292_293_S_GenomeWideSNP_6_E09_1362578	8	112295038	112295260	5	-2.0787
VIBES_p_TCGA_290_291_292_293_S_GenomeWideSNP_6_E09_1362578	8	112300281	146298155	22910	-0.0033
VIBES_p_TCGA_290_291_292_293_S_GenomeWideSNP_6_E09_1362578	9	46587	6663786	6340	-0.7061
VIBES_p_TCGA_290_291_292_293_S_GenomeWideSNP_6_E09_1362578	9	6669375	6670448	2	-7.7199
VIBES_p_TCGA_290_291_292_293_S_GenomeWideSNP_6_E09_1362578	9	6672097	22321652	13365	-0.7019
VIBES_p_TCGA_290_291_292_293_S_GenomeWideSNP_6_E09_1362578	9	22323162	22327722	7	-3.2196
VIBES_p_TCGA_290_291_292_293_S_GenomeWideSNP_6_E09_1362578	9	22328194	22481286	91	-0.6963
VIBES_p_TCGA_290_291_292_293_S_GenomeWideSNP_6_E09_1362578	9	22481753	22484702	3	-2.551
VIBES_p_TCGA_290_291_292_293_S_GenomeWideSNP_6_E09_1362578	9	22486246	28303495	4365	-0.6967
VIBES_p_TCGA_290_291_292_293_S_GenomeWideSNP_6_E09_1362578	9	28303612	28312061	5	0.7566
VIBES_p_TCGA_290_291_292_293_S_GenomeWideSNP_6_E09_1362578	9	28316539	36213179	5158	-0.6163
VIBES_p_TCGA_290_291_292_293_S_GenomeWideSNP_6_E09_1362578	9	36214407	38440754	1469	-0.0039
VIBES_p_TCGA_290_291_292_293_S_GenomeWideSNP_6_E09_1362578	9	38440859	38440946	2	-1.1948
VIBES_p_TCGA_290_291_292_293_S_GenomeWideSNP_6_E09_1362578	9	38441586	90522594	15226	0.0037
VIBES_p_TCGA_290_291_292_293_S_GenomeWideSNP_6_E09_1362578	9	90554151	90554219	2	-1.9256
VIBES_p_TCGA_290_291_292_293_S_GenomeWideSNP_6_E09_1362578	9	90557957	141091394	33760	-0.0037
VIBES_p_TCGA_290_291_292_293_S_GenomeWideSNP_6_E09_1362578	10	72759	24375263	19231	3e-04
VIBES_p_TCGA_290_291_292_293_S_GenomeWideSNP_6_E09_1362578	10	24377674	24378054	11	1.3108
VIBES_p_TCGA_290_291_292_293_S_GenomeWideSNP_6_E09_1362578	10	24378908	47090863	12443	-4e-04
VIBES_p_TCGA_290_291_292_293_S_GenomeWideSNP_6_E09_1362578	10	47094305	47115989	22	-0.4225
VIBES_p_TCGA_290_291_292_293_S_GenomeWideSNP_6_E09_1362578	10	47117349	47897394	220	0.0332
VIBES_p_TCGA_290_291_292_293_S_GenomeWideSNP_6_E09_1362578	10	47912899	47948060	3	1.2597
VIBES_p_TCGA_290_291_292_293_S_GenomeWideSNP_6_E09_1362578	10	47960476	49212771	307	-0.0025
VIBES_p_TCGA_290_291_292_293_S_GenomeWideSNP_6_E09_1362578	10	49212828	49333790	14	0.4959
VIBES_p_TCGA_290_291_292_293_S_GenomeWideSNP_6_E09_1362578	10	49363009	51822399	1444	0.0014
VIBES_p_TCGA_290_291_292_293_S_GenomeWideSNP_6_E09_1362578	10	51830360	51891920	5	-1.3878
VIBES_p_TCGA_290_291_292_293_S_GenomeWideSNP_6_E09_1362578	10	51903768	67306276	11006	0.0127
VIBES_p_TCGA_290_291_292_293_S_GenomeWideSNP_6_E09_1362578	10	67307923	67322795	29	0.7356
VIBES_p_TCGA_290_291_292_293_S_GenomeWideSNP_6_E09_1362578	10	67322926	83198107	10322	-0.0067
VIBES_p_TCGA_290_291_292_293_S_GenomeWideSNP_6_E09_1362578	10	83199193	83261644	38	-0.8716
VIBES_p_TCGA_290_291_292_293_S_GenomeWideSNP_6_E09_1362578	10	83265297	135506704	35915	-0.0179
VIBES_p_TCGA_290_291_292_293_S_GenomeWideSNP_6_E09_1362578	11	198510	3486724	1346	0.4436
VIBES_p_TCGA_290_291_292_293_S_GenomeWideSNP_6_E09_1362578	11	3487665	3488541	3	-0.9059
VIBES_p_TCGA_290_291_292_293_S_GenomeWideSNP_6_E09_1362578	11	3506526	16625711	9858	0.4528
VIBES_p_TCGA_290_291_292_293_S_GenomeWideSNP_6_E09_1362578	11	16637323	16638042	6	-0.7652
VIBES_p_TCGA_290_291_292_293_S_GenomeWideSNP_6_E09_1362578	11	16646088	17304719	424	0.4358
VIBES_p_TCGA_290_291_292_293_S_GenomeWideSNP_6_E09_1362578	11	17304772	18306272	714	-0.0108
VIBES_p_TCGA_290_291_292_293_S_GenomeWideSNP_6_E09_1362578	11	18306399	18949325	396	0.4477
VIBES_p_TCGA_290_291_292_293_S_GenomeWideSNP_6_E09_1362578	11	18949343	18961597	46	1.1348
VIBES_p_TCGA_290_291_292_293_S_GenomeWideSNP_6_E09_1362578	11	18961613	21850826	2610	0.4614
VIBES_p_TCGA_290_291_292_293_S_GenomeWideSNP_6_E09_1362578	11	21854771	26782518	3629	0.0024
VIBES_p_TCGA_290_291_292_293_S_GenomeWideSNP_6_E09_1362578	11	26783587	33871048	4455	0.4504
VIBES_p_TCGA_290_291_292_293_S_GenomeWideSNP_6_E09_1362578	11	33875024	36423319	2216	0.0083
VIBES_p_TCGA_290_291_292_293_S_GenomeWideSNP_6_E09_1362578	11	36426806	36454231	24	0.5228
VIBES_p_TCGA_290_291_292_293_S_GenomeWideSNP_6_E09_1362578	11	36455011	48893219	7760	0.0082
VIBES_p_TCGA_290_291_292_293_S_GenomeWideSNP_6_E09_1362578	11	48913644	48930328	7	0.77
VIBES_p_TCGA_290_291_292_293_S_GenomeWideSNP_6_E09_1362578	11	48964733	49710861	341	0.0026
VIBES_p_TCGA_290_291_292_293_S_GenomeWideSNP_6_E09_1362578	11	49713707	49757591	17	-0.7338
VIBES_p_TCGA_290_291_292_293_S_GenomeWideSNP_6_E09_1362578	11	49757671	51183575	383	0.0574
VIBES_p_TCGA_290_291_292_293_S_GenomeWideSNP_6_E09_1362578	11	51183694	51195051	4	-0.9608
VIBES_p_TCGA_290_291_292_293_S_GenomeWideSNP_6_E09_1362578	11	51205141	55374032	377	0.0457
VIBES_p_TCGA_290_291_292_293_S_GenomeWideSNP_6_E09_1362578	11	55374048	55439332	45	0.4295
VIBES_p_TCGA_290_291_292_293_S_GenomeWideSNP_6_E09_1362578	11	55439990	86305661	17799	0.0049
VIBES_p_TCGA_290_291_292_293_S_GenomeWideSNP_6_E09_1362578	11	86305813	86306054	5	-0.7265
VIBES_p_TCGA_290_291_292_293_S_GenomeWideSNP_6_E09_1362578	11	86315174	88396163	1471	-0.0032
VIBES_p_TCGA_290_291_292_293_S_GenomeWideSNP_6_E09_1362578	11	88396278	88396467	2	-2.5657
VIBES_p_TCGA_290_291_292_293_S_GenomeWideSNP_6_E09_1362578	11	88396950	101594384	9358	0.0119
VIBES_p_TCGA_290_291_292_293_S_GenomeWideSNP_6_E09_1362578	11	101597860	101597964	4	1.4793
VIBES_p_TCGA_290_291_292_293_S_GenomeWideSNP_6_E09_1362578	11	101598212	133817333	22897	0.0677
VIBES_p_TCGA_290_291_292_293_S_GenomeWideSNP_6_E09_1362578	11	133817472	133818097	3	1.1701
VIBES_p_TCGA_290_291_292_293_S_GenomeWideSNP_6_E09_1362578	11	133819442	134944770	838	0.1498
VIBES_p_TCGA_290_291_292_293_S_GenomeWideSNP_6_E09_1362578	12	150442	865970	416	0.529
VIBES_p_TCGA_290_291_292_293_S_GenomeWideSNP_6_E09_1362578	12	869109	874029	18	-0.721
VIBES_p_TCGA_290_291_292_293_S_GenomeWideSNP_6_E09_1362578	12	875354	9633870	5761	0.4575
VIBES_p_TCGA_290_291_292_293_S_GenomeWideSNP_6_E09_1362578	12	9637909	9713674	21	-1.605
VIBES_p_TCGA_290_291_292_293_S_GenomeWideSNP_6_E09_1362578	12	9714954	11220827	1048	0.4579
VIBES_p_TCGA_290_291_292_293_S_GenomeWideSNP_6_E09_1362578	12	11222368	11241532	10	-1.034
VIBES_p_TCGA_290_291_292_293_S_GenomeWideSNP_6_E09_1362578	12	11251874	12752236	1184	0.4434
VIBES_p_TCGA_290_291_292_293_S_GenomeWideSNP_6_E09_1362578	12	12761659	12995637	150	-0.7052
VIBES_p_TCGA_290_291_292_293_S_GenomeWideSNP_6_E09_1362578	12	13003894	17536911	3051	0.4599
VIBES_p_TCGA_290_291_292_293_S_GenomeWideSNP_6_E09_1362578	12	17541250	17590455	35	-0.0502
VIBES_p_TCGA_290_291_292_293_S_GenomeWideSNP_6_E09_1362578	12	17593722	17594689	3	-0.8189
VIBES_p_TCGA_290_291_292_293_S_GenomeWideSNP_6_E09_1362578	12	17595624	19542945	1189	-0.0033
VIBES_p_TCGA_290_291_292_293_S_GenomeWideSNP_6_E09_1362578	12	19549000	26915397	5315	0.4659
VIBES_p_TCGA_290_291_292_293_S_GenomeWideSNP_6_E09_1362578	12	26916351	28095493	803	-0.004
VIBES_p_TCGA_290_291_292_293_S_GenomeWideSNP_6_E09_1362578	12	28095558	28097644	10	-2.5278
VIBES_p_TCGA_290_291_292_293_S_GenomeWideSNP_6_E09_1362578	12	28103460	133778189	65965	-0.003
VIBES_p_TCGA_290_291_292_293_S_GenomeWideSNP_6_E09_1362578	13	19026949	38070044	13548	4e-04
VIBES_p_TCGA_290_291_292_293_S_GenomeWideSNP_6_E09_1362578	13	38070370	38088330	19	0.796
VIBES_p_TCGA_290_291_292_293_S_GenomeWideSNP_6_E09_1362578	13	38088374	106022722	44240	-5e-04
VIBES_p_TCGA_290_291_292_293_S_GenomeWideSNP_6_E09_1362578	13	106022986	106026555	2	1.7024
VIBES_p_TCGA_290_291_292_293_S_GenomeWideSNP_6_E09_1362578	13	106026858	115108397	6423	-0.0051
VIBES_p_TCGA_290_291_292_293_S_GenomeWideSNP_6_E09_1362578	14	19002124	20200183	82	0.1771
VIBES_p_TCGA_290_291_292_293_S_GenomeWideSNP_6_E09_1362578	14	20200381	20420239	106	-0.6542
VIBES_p_TCGA_290_291_292_293_S_GenomeWideSNP_6_E09_1362578	14	20422583	41610496	13623	0.0176
VIBES_p_TCGA_290_291_292_293_S_GenomeWideSNP_6_E09_1362578	14	41610690	41657249	13	-2.6285
VIBES_p_TCGA_290_291_292_293_S_GenomeWideSNP_6_E09_1362578	14	41657349	74006707	20465	-0.0014
VIBES_p_TCGA_290_291_292_293_S_GenomeWideSNP_6_E09_1362578	14	74006851	74029900	8	0.8818
VIBES_p_TCGA_290_291_292_293_S_GenomeWideSNP_6_E09_1362578	14	74029915	106290981	20704	-0.0047
VIBES_p_TCGA_290_291_292_293_S_GenomeWideSNP_6_E09_1362578	14	106291213	106303042	7	0.7213
VIBES_p_TCGA_290_291_292_293_S_GenomeWideSNP_6_E09_1362578	14	106303372	106530364	75	0.1728
VIBES_p_TCGA_290_291_292_293_S_GenomeWideSNP_6_E09_1362578	14	106530687	106574118	19	0.6935
VIBES_p_TCGA_290_291_292_293_S_GenomeWideSNP_6_E09_1362578	14	106574560	106751284	82	0.0151
VIBES_p_TCGA_290_291_292_293_S_GenomeWideSNP_6_E09_1362578	14	106753859	106753867	3	1.5685
VIBES_p_TCGA_290_291_292_293_S_GenomeWideSNP_6_E09_1362578	14	106754003	106796697	18	0.1044
VIBES_p_TCGA_290_291_292_293_S_GenomeWideSNP_6_E09_1362578	14	106801355	106802053	4	-1.6193
VIBES_p_TCGA_290_291_292_293_S_GenomeWideSNP_6_E09_1362578	14	106815943	106874361	33	-0.0463
VIBES_p_TCGA_290_291_292_293_S_GenomeWideSNP_6_E09_1362578	14	106879831	106918094	50	0.5168
VIBES_p_TCGA_290_291_292_293_S_GenomeWideSNP_6_E09_1362578	14	106918108	107285437	224	-0.0316
VIBES_p_TCGA_290_291_292_293_S_GenomeWideSNP_6_E09_1362578	15	20016328	76878362	34297	0.0069
VIBES_p_TCGA_290_291_292_293_S_GenomeWideSNP_6_E09_1362578	15	76891241	76895775	22	-1.5366
VIBES_p_TCGA_290_291_292_293_S_GenomeWideSNP_6_E09_1362578	15	76902179	102469040	17666	-0.0129
VIBES_p_TCGA_290_291_292_293_S_GenomeWideSNP_6_E09_1362578	16	60777	25926580	17083	0.0103
VIBES_p_TCGA_290_291_292_293_S_GenomeWideSNP_6_E09_1362578	16	25928986	25945866	22	-0.873
VIBES_p_TCGA_290_291_292_293_S_GenomeWideSNP_6_E09_1362578	16	25946131	55796594	10190	0.0072
VIBES_p_TCGA_290_291_292_293_S_GenomeWideSNP_6_E09_1362578	16	55798222	55809224	9	1.7122
VIBES_p_TCGA_290_291_292_293_S_GenomeWideSNP_6_E09_1362578	16	55809466	78372440	14430	0.0025
VIBES_p_TCGA_290_291_292_293_S_GenomeWideSNP_6_E09_1362578	16	78372611	78384738	15	0.9861
VIBES_p_TCGA_290_291_292_293_S_GenomeWideSNP_6_E09_1362578	16	78384765	90287535	10633	-6e-04
VIBES_p_TCGA_290_291_292_293_S_GenomeWideSNP_6_E09_1362578	17	526	4540647	2442	-0.004
VIBES_p_TCGA_290_291_292_293_S_GenomeWideSNP_6_E09_1362578	17	4544331	4544551	3	-1.5037
VIBES_p_TCGA_290_291_292_293_S_GenomeWideSNP_6_E09_1362578	17	4547179	16740270	8070	0.0059
VIBES_p_TCGA_290_291_292_293_S_GenomeWideSNP_6_E09_1362578	17	16741515	16741528	2	1.5347
VIBES_p_TCGA_290_291_292_293_S_GenomeWideSNP_6_E09_1362578	17	16741784	18319862	919	-0.0115
VIBES_p_TCGA_290_291_292_293_S_GenomeWideSNP_6_E09_1362578	17	18355392	18465221	29	0.7453
VIBES_p_TCGA_290_291_292_293_S_GenomeWideSNP_6_E09_1362578	17	18469197	34485091	6946	0.0051
VIBES_p_TCGA_290_291_292_293_S_GenomeWideSNP_6_E09_1362578	17	34528125	34535651	2	1.6969
VIBES_p_TCGA_290_291_292_293_S_GenomeWideSNP_6_E09_1362578	17	34543343	39423090	2541	0.0021
VIBES_p_TCGA_290_291_292_293_S_GenomeWideSNP_6_E09_1362578	17	39423103	39430450	18	1.36
VIBES_p_TCGA_290_291_292_293_S_GenomeWideSNP_6_E09_1362578	17	39430531	44151786	2503	0.0047
VIBES_p_TCGA_290_291_292_293_S_GenomeWideSNP_6_E09_1362578	17	44153522	44362363	133	0.255
VIBES_p_TCGA_290_291_292_293_S_GenomeWideSNP_6_E09_1362578	17	44364170	44752283	48	-0.3656
VIBES_p_TCGA_290_291_292_293_S_GenomeWideSNP_6_E09_1362578	17	44752300	61945449	10080	1e-04
VIBES_p_TCGA_290_291_292_293_S_GenomeWideSNP_6_E09_1362578	17	61954112	61984299	11	-1.105
VIBES_p_TCGA_290_291_292_293_S_GenomeWideSNP_6_E09_1362578	17	61988807	67952989	3675	7e-04
VIBES_p_TCGA_290_291_292_293_S_GenomeWideSNP_6_E09_1362578	17	67953470	67959344	7	0.7447
VIBES_p_TCGA_290_291_292_293_S_GenomeWideSNP_6_E09_1362578	17	67961804	78601416	6836	-0.0017
VIBES_p_TCGA_290_291_292_293_S_GenomeWideSNP_6_E09_1362578	17	78604201	78613507	13	0.6719
VIBES_p_TCGA_290_291_292_293_S_GenomeWideSNP_6_E09_1362578	17	78614824	81049726	972	-0.0011
VIBES_p_TCGA_290_291_292_293_S_GenomeWideSNP_6_E09_1362578	18	11543	2023813	1440	0.0216
VIBES_p_TCGA_290_291_292_293_S_GenomeWideSNP_6_E09_1362578	18	2027953	2029280	5	0.9154
VIBES_p_TCGA_290_291_292_293_S_GenomeWideSNP_6_E09_1362578	18	2029594	7748661	4135	0.0129
VIBES_p_TCGA_290_291_292_293_S_GenomeWideSNP_6_E09_1362578	18	7752784	7755226	2	1.557
VIBES_p_TCGA_290_291_292_293_S_GenomeWideSNP_6_E09_1362578	18	7755352	40051678	18469	0.0033
VIBES_p_TCGA_290_291_292_293_S_GenomeWideSNP_6_E09_1362578	18	40056569	40057767	25	-0.4413
VIBES_p_TCGA_290_291_292_293_S_GenomeWideSNP_6_E09_1362578	18	40058395	63906866	16398	0.0041
VIBES_p_TCGA_290_291_292_293_S_GenomeWideSNP_6_E09_1362578	18	63907434	63911589	10	-0.8262
VIBES_p_TCGA_290_291_292_293_S_GenomeWideSNP_6_E09_1362578	18	63911876	76831142	9695	0.0059
VIBES_p_TCGA_290_291_292_293_S_GenomeWideSNP_6_E09_1362578	18	76832059	78015057	568	-0.7153
VIBES_p_TCGA_290_291_292_293_S_GenomeWideSNP_6_E09_1362578	19	90910	15038939	6127	-0.0171
VIBES_p_TCGA_290_291_292_293_S_GenomeWideSNP_6_E09_1362578	19	15045192	15049299	3	-1.8933
VIBES_p_TCGA_290_291_292_293_S_GenomeWideSNP_6_E09_1362578	19	15051287	35856043	10677	-0.0022
VIBES_p_TCGA_290_291_292_293_S_GenomeWideSNP_6_E09_1362578	19	35856081	35861848	18	-0.6149
VIBES_p_TCGA_290_291_292_293_S_GenomeWideSNP_6_E09_1362578	19	35866744	43842918	3981	-0.0012
VIBES_p_TCGA_290_291_292_293_S_GenomeWideSNP_6_E09_1362578	19	43846238	43846394	2	-1.6563
VIBES_p_TCGA_290_291_292_293_S_GenomeWideSNP_6_E09_1362578	19	43852601	50579762	3271	-0.0091
VIBES_p_TCGA_290_291_292_293_S_GenomeWideSNP_6_E09_1362578	19	50585734	50585872	2	1.3874
VIBES_p_TCGA_290_291_292_293_S_GenomeWideSNP_6_E09_1362578	19	50585888	52131813	849	-0.017
VIBES_p_TCGA_290_291_292_293_S_GenomeWideSNP_6_E09_1362578	19	52142352	52148197	11	-2.1804
VIBES_p_TCGA_290_291_292_293_S_GenomeWideSNP_6_E09_1362578	19	52154905	53316340	792	-0.008
VIBES_p_TCGA_290_291_292_293_S_GenomeWideSNP_6_E09_1362578	19	53319104	53319159	2	-4.0276
VIBES_p_TCGA_290_291_292_293_S_GenomeWideSNP_6_E09_1362578	19	53327390	55326613	1278	0.0064
VIBES_p_TCGA_290_291_292_293_S_GenomeWideSNP_6_E09_1362578	19	55330654	55347342	10	-0.6996
VIBES_p_TCGA_290_291_292_293_S_GenomeWideSNP_6_E09_1362578	19	55347674	55348691	3	-2.2879
VIBES_p_TCGA_290_291_292_293_S_GenomeWideSNP_6_E09_1362578	19	55360538	59097854	2298	0.0051
VIBES_p_TCGA_290_291_292_293_S_GenomeWideSNP_6_E09_1362578	20	61305	1560951	1205	0.0421
VIBES_p_TCGA_290_291_292_293_S_GenomeWideSNP_6_E09_1362578	20	1560999	1582207	37	1.4198
VIBES_p_TCGA_290_291_292_293_S_GenomeWideSNP_6_E09_1362578	20	1590257	12829172	8670	0.0083
VIBES_p_TCGA_290_291_292_293_S_GenomeWideSNP_6_E09_1362578	20	12832506	12841382	10	0.5983
VIBES_p_TCGA_290_291_292_293_S_GenomeWideSNP_6_E09_1362578	20	12845552	16537006	2920	0.0077
VIBES_p_TCGA_290_291_292_293_S_GenomeWideSNP_6_E09_1362578	20	16540035	16726183	214	-0.7052
VIBES_p_TCGA_290_291_292_293_S_GenomeWideSNP_6_E09_1362578	20	16728029	16753985	32	-0.0137
VIBES_p_TCGA_290_291_292_293_S_GenomeWideSNP_6_E09_1362578	20	16761605	23496724	5215	-0.7264
VIBES_p_TCGA_290_291_292_293_S_GenomeWideSNP_6_E09_1362578	20	23496874	23498207	2	1.7346
VIBES_p_TCGA_290_291_292_293_S_GenomeWideSNP_6_E09_1362578	20	23498531	25379670	1355	-0.7383
VIBES_p_TCGA_290_291_292_293_S_GenomeWideSNP_6_E09_1362578	20	25385391	53397181	15953	8e-04
VIBES_p_TCGA_290_291_292_293_S_GenomeWideSNP_6_E09_1362578	20	53411019	53420333	13	-0.8458
VIBES_p_TCGA_290_291_292_293_S_GenomeWideSNP_6_E09_1362578	20	53423022	59562538	4999	-0.0061
VIBES_p_TCGA_290_291_292_293_S_GenomeWideSNP_6_E09_1362578	20	59564091	59590201	53	0.6033
VIBES_p_TCGA_290_291_292_293_S_GenomeWideSNP_6_E09_1362578	20	59590484	62956153	1746	-0.0024
VIBES_p_TCGA_290_291_292_293_S_GenomeWideSNP_6_E09_1362578	21	10736871	10956152	43	0.4535
VIBES_p_TCGA_290_291_292_293_S_GenomeWideSNP_6_E09_1362578	21	10960425	47011342	23685	0.0056
VIBES_p_TCGA_290_291_292_293_S_GenomeWideSNP_6_E09_1362578	21	47012609	47015512	4	1.0997
VIBES_p_TCGA_290_291_292_293_S_GenomeWideSNP_6_E09_1362578	21	47016837	48096957	649	0.0218
VIBES_p_TCGA_290_291_292_293_S_GenomeWideSNP_6_E09_1362578	22	16052528	18055605	783	0.0103
VIBES_p_TCGA_290_291_292_293_S_GenomeWideSNP_6_E09_1362578	22	18058748	18058885	2	2.2893
VIBES_p_TCGA_290_291_292_293_S_GenomeWideSNP_6_E09_1362578	22	18062891	24271536	3798	0.0348
VIBES_p_TCGA_290_291_292_293_S_GenomeWideSNP_6_E09_1362578	22	24271611	24402442	60	0.5609
VIBES_p_TCGA_290_291_292_293_S_GenomeWideSNP_6_E09_1362578	22	24402461	25081338	351	-0.0235
VIBES_p_TCGA_290_291_292_293_S_GenomeWideSNP_6_E09_1362578	22	25082115	25082534	3	-1.0607
VIBES_p_TCGA_290_291_292_293_S_GenomeWideSNP_6_E09_1362578	22	25087674	25736345	517	5e-04
VIBES_p_TCGA_290_291_292_293_S_GenomeWideSNP_6_E09_1362578	22	25736672	25745901	7	0.9357
VIBES_p_TCGA_290_291_292_293_S_GenomeWideSNP_6_E09_1362578	22	25745916	26138017	372	0.0158
VIBES_p_TCGA_290_291_292_293_S_GenomeWideSNP_6_E09_1362578	22	26138052	26138830	5	1.2097
VIBES_p_TCGA_290_291_292_293_S_GenomeWideSNP_6_E09_1362578	22	26139093	34173406	6012	-0.0042
VIBES_p_TCGA_290_291_292_293_S_GenomeWideSNP_6_E09_1362578	22	34174947	34174985	4	-0.8695
VIBES_p_TCGA_290_291_292_293_S_GenomeWideSNP_6_E09_1362578	22	34181422	39351466	3591	-0.0059
VIBES_p_TCGA_290_291_292_293_S_GenomeWideSNP_6_E09_1362578	22	39363619	39375307	24	-0.6354
VIBES_p_TCGA_290_291_292_293_S_GenomeWideSNP_6_E09_1362578	22	39389628	39399312	13	0.3869
VIBES_p_TCGA_290_291_292_293_S_GenomeWideSNP_6_E09_1362578	22	39403794	40793260	681	-0.0179
VIBES_p_TCGA_290_291_292_293_S_GenomeWideSNP_6_E09_1362578	22	40794590	40794820	2	-2.7146
VIBES_p_TCGA_290_291_292_293_S_GenomeWideSNP_6_E09_1362578	22	40797672	51234455	7322	-0.0081
VIBES_p_TCGA_290_291_292_293_S_GenomeWideSNP_6_E09_1362578	X	168477	24594767	15038	0.009
VIBES_p_TCGA_290_291_292_293_S_GenomeWideSNP_6_E09_1362578	X	24594785	24595747	6	-2.3308
VIBES_p_TCGA_290_291_292_293_S_GenomeWideSNP_6_E09_1362578	X	24597949	32772690	5356	0.0013
VIBES_p_TCGA_290_291_292_293_S_GenomeWideSNP_6_E09_1362578	X	32773024	32773483	4	-4.193
VIBES_p_TCGA_290_291_292_293_S_GenomeWideSNP_6_E09_1362578	X	32774961	90305713	26963	0.0138
VIBES_p_TCGA_290_291_292_293_S_GenomeWideSNP_6_E09_1362578	X	90305987	90306662	4	-2.8273
VIBES_p_TCGA_290_291_292_293_S_GenomeWideSNP_6_E09_1362578	X	90307072	155182354	37093	0.0129
VIBES_p_TCGA_290_291_292_293_S_GenomeWideSNP_6_E09_1362578	Y	2650438	59018259	8634	-0.8928
