GDC_Aliquot	Chromosome	Start	End	Num_Probes	Segment_Mean
e0a58ce1-c66a-425c-93cb-214367044ce3	1	62920	1225944	120	-0.0094
e0a58ce1-c66a-425c-93cb-214367044ce3	1	1229813	2016961	218	-0.1716
e0a58ce1-c66a-425c-93cb-214367044ce3	1	2017019	15823420	7994	0.0009
e0a58ce1-c66a-425c-93cb-214367044ce3	1	15827002	15827430	6	-2.5203
e0a58ce1-c66a-425c-93cb-214367044ce3	1	15827706	16525019	301	-0.0094
e0a58ce1-c66a-425c-93cb-214367044ce3	1	16542868	16721984	43	-0.4484
e0a58ce1-c66a-425c-93cb-214367044ce3	1	16766762	16864367	16	0.0552
e0a58ce1-c66a-425c-93cb-214367044ce3	1	16868660	16968717	62	-0.5823
e0a58ce1-c66a-425c-93cb-214367044ce3	1	16971203	25278567	5260	-0.0012
e0a58ce1-c66a-425c-93cb-214367044ce3	1	25284629	25320455	12	-0.5832
e0a58ce1-c66a-425c-93cb-214367044ce3	1	25336819	37417358	6449	0.0012
e0a58ce1-c66a-425c-93cb-214367044ce3	1	37418424	37455082	20	-0.4524
e0a58ce1-c66a-425c-93cb-214367044ce3	1	37455442	61647430	14953	0.0061
e0a58ce1-c66a-425c-93cb-214367044ce3	1	61648334	61652515	4	-1.0605
e0a58ce1-c66a-425c-93cb-214367044ce3	1	61654137	61974043	252	0.0526
e0a58ce1-c66a-425c-93cb-214367044ce3	1	61974074	61976346	7	-0.6593
e0a58ce1-c66a-425c-93cb-214367044ce3	1	61976706	72297687	7035	0.0109
e0a58ce1-c66a-425c-93cb-214367044ce3	1	72302735	72345393	46	-0.9388
e0a58ce1-c66a-425c-93cb-214367044ce3	1	72345450	72549991	126	0.0043
e0a58ce1-c66a-425c-93cb-214367044ce3	1	72550689	72631678	45	0.2707
e0a58ce1-c66a-425c-93cb-214367044ce3	1	72631758	86307363	8972	0.0112
e0a58ce1-c66a-425c-93cb-214367044ce3	1	86311139	86312583	2	-2.9443
e0a58ce1-c66a-425c-93cb-214367044ce3	1	86314399	99243229	8144	0.0062
e0a58ce1-c66a-425c-93cb-214367044ce3	1	99243624	99244697	2	-1.4791
e0a58ce1-c66a-425c-93cb-214367044ce3	1	99246308	102233991	2005	-0.0006
e0a58ce1-c66a-425c-93cb-214367044ce3	1	102238929	102397235	132	0.1583
e0a58ce1-c66a-425c-93cb-214367044ce3	1	102397291	105290591	1414	0.0054
e0a58ce1-c66a-425c-93cb-214367044ce3	1	105293108	105294707	2	-1.2896
e0a58ce1-c66a-425c-93cb-214367044ce3	1	105295673	105476583	104	-0.015
e0a58ce1-c66a-425c-93cb-214367044ce3	1	105476614	105479753	16	0.7926
e0a58ce1-c66a-425c-93cb-214367044ce3	1	105481433	152583051	12223	0.0024
e0a58ce1-c66a-425c-93cb-214367044ce3	1	152583230	152618018	36	1.4296
e0a58ce1-c66a-425c-93cb-214367044ce3	1	152618089	158896783	3815	-0.0008
e0a58ce1-c66a-425c-93cb-214367044ce3	1	158898711	158899969	2	2.0293
e0a58ce1-c66a-425c-93cb-214367044ce3	1	158905028	169247699	7665	0.0097
e0a58ce1-c66a-425c-93cb-214367044ce3	1	169264736	169269507	6	0.8863
e0a58ce1-c66a-425c-93cb-214367044ce3	1	169272528	189360911	13229	0.0061
e0a58ce1-c66a-425c-93cb-214367044ce3	1	189361103	189387384	15	0.4592
e0a58ce1-c66a-425c-93cb-214367044ce3	1	189390542	189988970	439	0.0066
e0a58ce1-c66a-425c-93cb-214367044ce3	1	189989653	189991050	10	-0.8049
e0a58ce1-c66a-425c-93cb-214367044ce3	1	189991555	196745743	4487	0.006
e0a58ce1-c66a-425c-93cb-214367044ce3	1	196758720	196820637	45	-0.5768
e0a58ce1-c66a-425c-93cb-214367044ce3	1	196820704	240228440	29948	0.0081
e0a58ce1-c66a-425c-93cb-214367044ce3	1	240230715	240230839	6	-2.1567
e0a58ce1-c66a-425c-93cb-214367044ce3	1	240232805	248930189	5857	0.0088
e0a58ce1-c66a-425c-93cb-214367044ce3	2	12784	52527423	37111	0.012
e0a58ce1-c66a-425c-93cb-214367044ce3	2	52527590	52527743	3	-2.4447
e0a58ce1-c66a-425c-93cb-214367044ce3	2	52531615	86902080	22004	0.0091
e0a58ce1-c66a-425c-93cb-214367044ce3	2	86910262	87221597	45	-0.429
e0a58ce1-c66a-425c-93cb-214367044ce3	2	87223346	129484044	21313	0.0041
e0a58ce1-c66a-425c-93cb-214367044ce3	2	129484957	129488770	4	-1.1841
e0a58ce1-c66a-425c-93cb-214367044ce3	2	129489260	130031187	364	-0.0202
e0a58ce1-c66a-425c-93cb-214367044ce3	2	130031201	130116915	15	-0.7964
e0a58ce1-c66a-425c-93cb-214367044ce3	2	130117303	146104517	9523	0.0077
e0a58ce1-c66a-425c-93cb-214367044ce3	2	146106836	146108264	13	-1.6831
e0a58ce1-c66a-425c-93cb-214367044ce3	2	146108406	146108825	5	-3.4468
e0a58ce1-c66a-425c-93cb-214367044ce3	2	146108872	146109366	6	-1.8319
e0a58ce1-c66a-425c-93cb-214367044ce3	2	146120238	207490231	36953	0.0099
e0a58ce1-c66a-425c-93cb-214367044ce3	2	207490454	207494425	14	-0.9966
e0a58ce1-c66a-425c-93cb-214367044ce3	2	207494612	242147305	22066	0.0033
e0a58ce1-c66a-425c-93cb-214367044ce3	3	20930	2771028	2401	0.1157
e0a58ce1-c66a-425c-93cb-214367044ce3	3	2771071	21750438	13895	0.0121
e0a58ce1-c66a-425c-93cb-214367044ce3	3	21753333	21944976	226	0.1707
e0a58ce1-c66a-425c-93cb-214367044ce3	3	21949340	59733446	23769	0.0065
e0a58ce1-c66a-425c-93cb-214367044ce3	3	59734120	61035828	1462	0.1001
e0a58ce1-c66a-425c-93cb-214367044ce3	3	61035854	68697013	6016	0.0081
e0a58ce1-c66a-425c-93cb-214367044ce3	3	68697108	68698262	14	-1.4544
e0a58ce1-c66a-425c-93cb-214367044ce3	3	68699607	189642965	71663	0.0082
e0a58ce1-c66a-425c-93cb-214367044ce3	3	189645889	189646849	11	-0.98
e0a58ce1-c66a-425c-93cb-214367044ce3	3	189653199	193156958	2490	0.0121
e0a58ce1-c66a-425c-93cb-214367044ce3	3	193160113	193160256	3	-0.697
e0a58ce1-c66a-425c-93cb-214367044ce3	3	193160406	193165114	17	-1.5192
e0a58ce1-c66a-425c-93cb-214367044ce3	3	193168646	194913859	1160	0.0089
e0a58ce1-c66a-425c-93cb-214367044ce3	3	194920587	194921116	5	-0.9171
e0a58ce1-c66a-425c-93cb-214367044ce3	3	194921751	198169247	1526	0.0148
e0a58ce1-c66a-425c-93cb-214367044ce3	4	68929	172899	59	0.0909
e0a58ce1-c66a-425c-93cb-214367044ce3	4	177804	189740	7	0.8561
e0a58ce1-c66a-425c-93cb-214367044ce3	4	197074	9455251	5083	-0.002
e0a58ce1-c66a-425c-93cb-214367044ce3	4	9459504	9477699	6	-1.0083
e0a58ce1-c66a-425c-93cb-214367044ce3	4	9484440	9858273	159	-0.0526
e0a58ce1-c66a-425c-93cb-214367044ce3	4	9858277	9863418	4	-1.3975
e0a58ce1-c66a-425c-93cb-214367044ce3	4	9865878	34777432	17383	0.0059
e0a58ce1-c66a-425c-93cb-214367044ce3	4	34784878	34823103	38	-2.6986
e0a58ce1-c66a-425c-93cb-214367044ce3	4	34828250	41455906	4414	-0.0034
e0a58ce1-c66a-425c-93cb-214367044ce3	4	41458257	41464836	6	-1.4584
e0a58ce1-c66a-425c-93cb-214367044ce3	4	41467868	46194361	2874	0.0135
e0a58ce1-c66a-425c-93cb-214367044ce3	4	46202166	46210750	4	-1.2121
e0a58ce1-c66a-425c-93cb-214367044ce3	4	46210775	49214614	1678	-0.0008
e0a58ce1-c66a-425c-93cb-214367044ce3	4	49289175	49501768	5	0.5481
e0a58ce1-c66a-425c-93cb-214367044ce3	4	49508382	49641746	9	-0.4557
e0a58ce1-c66a-425c-93cb-214367044ce3	4	49647774	49656206	6	-1.1035
e0a58ce1-c66a-425c-93cb-214367044ce3	4	49656595	61071220	6060	0.0011
e0a58ce1-c66a-425c-93cb-214367044ce3	4	61075217	61076234	2	-1.9755
e0a58ce1-c66a-425c-93cb-214367044ce3	4	61079968	63806949	1488	0.0032
e0a58ce1-c66a-425c-93cb-214367044ce3	4	63807836	63866325	54	0.3525
e0a58ce1-c66a-425c-93cb-214367044ce3	4	63868700	68506285	2862	0.0115
e0a58ce1-c66a-425c-93cb-214367044ce3	4	68509223	68620122	64	0.4482
e0a58ce1-c66a-425c-93cb-214367044ce3	4	68620261	68686026	9	-0.5286
e0a58ce1-c66a-425c-93cb-214367044ce3	4	68725894	69255545	306	0.1191
e0a58ce1-c66a-425c-93cb-214367044ce3	4	69257792	69366081	55	-0.8052
e0a58ce1-c66a-425c-93cb-214367044ce3	4	69366304	76871452	4611	0.0105
e0a58ce1-c66a-425c-93cb-214367044ce3	4	76871567	76871829	2	-1.4379
e0a58ce1-c66a-425c-93cb-214367044ce3	4	76871830	87845856	6930	-0.0058
e0a58ce1-c66a-425c-93cb-214367044ce3	4	87848780	87849407	9	0.9587
e0a58ce1-c66a-425c-93cb-214367044ce3	4	87849665	124538250	21891	0.0093
e0a58ce1-c66a-425c-93cb-214367044ce3	4	124539196	124541780	3	-1.3599
e0a58ce1-c66a-425c-93cb-214367044ce3	4	124541870	133768028	5277	0.014
e0a58ce1-c66a-425c-93cb-214367044ce3	4	133769331	134217159	216	0.1804
e0a58ce1-c66a-425c-93cb-214367044ce3	4	134219248	160952773	16364	0.0033
e0a58ce1-c66a-425c-93cb-214367044ce3	4	160952788	160963432	21	0.4911
e0a58ce1-c66a-425c-93cb-214367044ce3	4	160963448	171455823	6674	0.0141
e0a58ce1-c66a-425c-93cb-214367044ce3	4	171456106	171456559	6	1.5985
e0a58ce1-c66a-425c-93cb-214367044ce3	4	171456573	172066676	396	-0.0184
e0a58ce1-c66a-425c-93cb-214367044ce3	4	172066706	172068382	14	0.7775
e0a58ce1-c66a-425c-93cb-214367044ce3	4	172074828	190106768	12078	0.0188
e0a58ce1-c66a-425c-93cb-214367044ce3	5	15532	667394	299	-0.0142
e0a58ce1-c66a-425c-93cb-214367044ce3	5	670630	773453	34	-0.4581
e0a58ce1-c66a-425c-93cb-214367044ce3	5	779766	18922325	13877	0.0023
e0a58ce1-c66a-425c-93cb-214367044ce3	5	18923762	18958677	19	0.4275
e0a58ce1-c66a-425c-93cb-214367044ce3	5	18958932	21376735	1424	-0.0051
e0a58ce1-c66a-425c-93cb-214367044ce3	5	21377730	21377744	2	-1.8324
e0a58ce1-c66a-425c-93cb-214367044ce3	5	21385957	21451168	46	-0.0314
e0a58ce1-c66a-425c-93cb-214367044ce3	5	21451855	21452329	3	-2.4166
e0a58ce1-c66a-425c-93cb-214367044ce3	5	21452387	46313539	14961	0.0059
e0a58ce1-c66a-425c-93cb-214367044ce3	5	46325676	50206422	24	-0.3654
e0a58ce1-c66a-425c-93cb-214367044ce3	5	50224178	58025819	5043	0.0059
e0a58ce1-c66a-425c-93cb-214367044ce3	5	58030200	58037706	32	-0.5847
e0a58ce1-c66a-425c-93cb-214367044ce3	5	58042530	62277545	2834	-0.0012
e0a58ce1-c66a-425c-93cb-214367044ce3	5	62279164	62280446	3	-1.4131
e0a58ce1-c66a-425c-93cb-214367044ce3	5	62286365	70959079	4471	0.0136
e0a58ce1-c66a-425c-93cb-214367044ce3	5	71010832	71095358	7	0.8698
e0a58ce1-c66a-425c-93cb-214367044ce3	5	71095426	76283937	3249	0.0044
e0a58ce1-c66a-425c-93cb-214367044ce3	5	76284127	76284871	3	-1.7348
e0a58ce1-c66a-425c-93cb-214367044ce3	5	76285772	76611746	274	0.0024
e0a58ce1-c66a-425c-93cb-214367044ce3	5	76613118	76613357	3	-1.4577
e0a58ce1-c66a-425c-93cb-214367044ce3	5	76614321	99271998	12937	0.0037
e0a58ce1-c66a-425c-93cb-214367044ce3	5	99272307	101964286	1617	0.0622
e0a58ce1-c66a-425c-93cb-214367044ce3	5	101964917	106894175	2839	0.0099
e0a58ce1-c66a-425c-93cb-214367044ce3	5	106894284	106897416	17	-1.05
e0a58ce1-c66a-425c-93cb-214367044ce3	5	106904875	108974972	1455	0.0036
e0a58ce1-c66a-425c-93cb-214367044ce3	5	108975783	108978336	2	-2.4868
e0a58ce1-c66a-425c-93cb-214367044ce3	5	108986126	115893204	4785	0.0045
e0a58ce1-c66a-425c-93cb-214367044ce3	5	115893778	117131120	1072	0.0686
e0a58ce1-c66a-425c-93cb-214367044ce3	5	117131454	118052727	645	0.0011
e0a58ce1-c66a-425c-93cb-214367044ce3	5	118052915	118053390	10	-0.6808
e0a58ce1-c66a-425c-93cb-214367044ce3	5	118068645	121727905	2377	0.0059
e0a58ce1-c66a-425c-93cb-214367044ce3	5	121728189	121728445	2	-1.6939
e0a58ce1-c66a-425c-93cb-214367044ce3	5	121728729	143630182	13219	0.0063
e0a58ce1-c66a-425c-93cb-214367044ce3	5	143633294	143633705	2	-1.4919
e0a58ce1-c66a-425c-93cb-214367044ce3	5	143638656	175910383	22488	-0.0007
e0a58ce1-c66a-425c-93cb-214367044ce3	5	175916541	176131551	36	-0.3386
e0a58ce1-c66a-425c-93cb-214367044ce3	5	176131994	180951888	2515	-0.0029
e0a58ce1-c66a-425c-93cb-214367044ce3	5	180953203	180991103	17	0.5316
e0a58ce1-c66a-425c-93cb-214367044ce3	5	181006225	181363319	170	-0.0487
e0a58ce1-c66a-425c-93cb-214367044ce3	6	149661	294837	124	-0.0095
e0a58ce1-c66a-425c-93cb-214367044ce3	6	302306	350620	42	0.3429
e0a58ce1-c66a-425c-93cb-214367044ce3	6	351304	351376	3	1.367
e0a58ce1-c66a-425c-93cb-214367044ce3	6	354489	360535	11	0.2741
e0a58ce1-c66a-425c-93cb-214367044ce3	6	360551	6025978	4661	0.0233
e0a58ce1-c66a-425c-93cb-214367044ce3	6	6033698	6034203	3	-2.2426
e0a58ce1-c66a-425c-93cb-214367044ce3	6	6036812	25535408	14632	0.0039
e0a58ce1-c66a-425c-93cb-214367044ce3	6	25536066	25636687	70	0.2243
e0a58ce1-c66a-425c-93cb-214367044ce3	6	25636889	31319445	2771	0.0012
e0a58ce1-c66a-425c-93cb-214367044ce3	6	31319724	31328674	6	-1.7226
e0a58ce1-c66a-425c-93cb-214367044ce3	6	31342147	32486746	502	0.003
e0a58ce1-c66a-425c-93cb-214367044ce3	6	32488906	32637799	51	0.9
e0a58ce1-c66a-425c-93cb-214367044ce3	6	32638107	32690434	15	-0.1619
e0a58ce1-c66a-425c-93cb-214367044ce3	6	32690533	32901268	169	0.1727
e0a58ce1-c66a-425c-93cb-214367044ce3	6	32902280	33970029	622	-0.0223
e0a58ce1-c66a-425c-93cb-214367044ce3	6	33970222	33974928	8	-1.0578
e0a58ce1-c66a-425c-93cb-214367044ce3	6	33976809	34157777	118	-0.0453
e0a58ce1-c66a-425c-93cb-214367044ce3	6	34164601	34166743	3	-1.2015
e0a58ce1-c66a-425c-93cb-214367044ce3	6	34167087	54066353	12762	-0.0031
e0a58ce1-c66a-425c-93cb-214367044ce3	6	54066432	54067057	6	1.5795
e0a58ce1-c66a-425c-93cb-214367044ce3	6	54070550	55780636	1089	0.0012
e0a58ce1-c66a-425c-93cb-214367044ce3	6	55780912	55782705	4	-1.3865
e0a58ce1-c66a-425c-93cb-214367044ce3	6	55783352	65084539	3430	0.0089
e0a58ce1-c66a-425c-93cb-214367044ce3	6	65086110	65207819	95	0.2
e0a58ce1-c66a-425c-93cb-214367044ce3	6	65207956	65209796	4	-0.4413
e0a58ce1-c66a-425c-93cb-214367044ce3	6	65210148	66298393	709	0.0115
e0a58ce1-c66a-425c-93cb-214367044ce3	6	66299130	66314441	6	-0.3861
e0a58ce1-c66a-425c-93cb-214367044ce3	6	66315477	66339513	50	-0.8011
e0a58ce1-c66a-425c-93cb-214367044ce3	6	66339706	66971937	516	0.01
e0a58ce1-c66a-425c-93cb-214367044ce3	6	66973914	66974020	4	1.2315
e0a58ce1-c66a-425c-93cb-214367044ce3	6	66974166	75531811	5540	0.007
e0a58ce1-c66a-425c-93cb-214367044ce3	6	75532861	75560563	6	-1.0214
e0a58ce1-c66a-425c-93cb-214367044ce3	6	75561141	76305231	415	-0.0311
e0a58ce1-c66a-425c-93cb-214367044ce3	6	76307183	76307209	3	-1.1852
e0a58ce1-c66a-425c-93cb-214367044ce3	6	76307276	76312261	6	0.0659
e0a58ce1-c66a-425c-93cb-214367044ce3	6	76313871	76314948	14	0.4181
e0a58ce1-c66a-425c-93cb-214367044ce3	6	76314957	78253172	1274	0.0039
e0a58ce1-c66a-425c-93cb-214367044ce3	6	78259348	78270116	26	-0.8647
e0a58ce1-c66a-425c-93cb-214367044ce3	6	78270631	78285389	7	-0.0415
e0a58ce1-c66a-425c-93cb-214367044ce3	6	78285466	78325468	80	-0.8392
e0a58ce1-c66a-425c-93cb-214367044ce3	6	78329517	78661494	232	0.0122
e0a58ce1-c66a-425c-93cb-214367044ce3	6	78664338	78665008	2	-0.929
e0a58ce1-c66a-425c-93cb-214367044ce3	6	78665459	79399816	394	-0.0168
e0a58ce1-c66a-425c-93cb-214367044ce3	6	79400444	79651263	183	0.132
e0a58ce1-c66a-425c-93cb-214367044ce3	6	79651359	93747318	9073	-0.0015
e0a58ce1-c66a-425c-93cb-214367044ce3	6	93748409	94874797	748	0.1192
e0a58ce1-c66a-425c-93cb-214367044ce3	6	94875322	103071181	4700	-0.001
e0a58ce1-c66a-425c-93cb-214367044ce3	6	103072509	103138141	40	0.278
e0a58ce1-c66a-425c-93cb-214367044ce3	6	103139928	103299721	115	-0.0046
e0a58ce1-c66a-425c-93cb-214367044ce3	6	103299735	103311850	26	-0.4568
e0a58ce1-c66a-425c-93cb-214367044ce3	6	103311950	130758985	16899	0.0021
e0a58ce1-c66a-425c-93cb-214367044ce3	6	130760107	130765346	7	-0.8382
e0a58ce1-c66a-425c-93cb-214367044ce3	6	130766280	157298132	17844	0.006
e0a58ce1-c66a-425c-93cb-214367044ce3	6	157302976	157319521	3	-1.3347
e0a58ce1-c66a-425c-93cb-214367044ce3	6	157319625	161989100	3247	0.0036
e0a58ce1-c66a-425c-93cb-214367044ce3	6	161989321	162738342	613	0.0944
e0a58ce1-c66a-425c-93cb-214367044ce3	6	162739440	170741917	5540	0.013
e0a58ce1-c66a-425c-93cb-214367044ce3	7	43355	6791305	3408	-0.0102
e0a58ce1-c66a-425c-93cb-214367044ce3	7	6797375	6799093	3	-2.0368
e0a58ce1-c66a-425c-93cb-214367044ce3	7	6814479	6853677	15	-0.117
e0a58ce1-c66a-425c-93cb-214367044ce3	7	6858609	6890031	11	-0.642
e0a58ce1-c66a-425c-93cb-214367044ce3	7	6893145	7260005	233	-0.0162
e0a58ce1-c66a-425c-93cb-214367044ce3	7	7260598	8760818	1360	0.0347
e0a58ce1-c66a-425c-93cb-214367044ce3	7	8761082	9287670	496	0.1156
e0a58ce1-c66a-425c-93cb-214367044ce3	7	9293374	17164570	6301	0.0237
e0a58ce1-c66a-425c-93cb-214367044ce3	7	17165068	17552872	285	0.1943
e0a58ce1-c66a-425c-93cb-214367044ce3	7	17557790	19801013	1955	0.0534
e0a58ce1-c66a-425c-93cb-214367044ce3	7	19801099	62656105	26503	-0.0039
e0a58ce1-c66a-425c-93cb-214367044ce3	7	62659208	62909456	56	-0.4814
e0a58ce1-c66a-425c-93cb-214367044ce3	7	62924899	76524031	6104	-0.0148
e0a58ce1-c66a-425c-93cb-214367044ce3	7	76524046	76531980	3	-1.3915
e0a58ce1-c66a-425c-93cb-214367044ce3	7	76531991	76608592	19	-0.0371
e0a58ce1-c66a-425c-93cb-214367044ce3	7	76632173	76648317	9	-0.5578
e0a58ce1-c66a-425c-93cb-214367044ce3	7	76648458	88517017	7567	0.0076
e0a58ce1-c66a-425c-93cb-214367044ce3	7	88521483	89920171	914	0.1163
e0a58ce1-c66a-425c-93cb-214367044ce3	7	89920693	90080569	134	-0.9478
e0a58ce1-c66a-425c-93cb-214367044ce3	7	90082211	97766148	4901	0.005
e0a58ce1-c66a-425c-93cb-214367044ce3	7	97766150	97766159	5	0.9254
e0a58ce1-c66a-425c-93cb-214367044ce3	7	97766194	97777749	29	0.0777
e0a58ce1-c66a-425c-93cb-214367044ce3	7	97788295	97788298	2	-2.8971
e0a58ce1-c66a-425c-93cb-214367044ce3	7	97791337	104579890	3180	-0.0124
e0a58ce1-c66a-425c-93cb-214367044ce3	7	104580256	104580473	2	1.1529
e0a58ce1-c66a-425c-93cb-214367044ce3	7	104581547	109793720	3395	0.0035
e0a58ce1-c66a-425c-93cb-214367044ce3	7	109793728	109813705	33	-0.4384
e0a58ce1-c66a-425c-93cb-214367044ce3	7	109813746	111109280	867	0.01
e0a58ce1-c66a-425c-93cb-214367044ce3	7	111109707	111420351	224	0.1362
e0a58ce1-c66a-425c-93cb-214367044ce3	7	111420728	126404920	8941	0.006
e0a58ce1-c66a-425c-93cb-214367044ce3	7	126405428	126406561	12	-1.5135
e0a58ce1-c66a-425c-93cb-214367044ce3	7	126406822	134100424	4694	0.0016
e0a58ce1-c66a-425c-93cb-214367044ce3	7	134100442	134110881	24	0.5036
e0a58ce1-c66a-425c-93cb-214367044ce3	7	134110912	140482602	4105	0.005
e0a58ce1-c66a-425c-93cb-214367044ce3	7	140484078	140498523	23	-0.3813
e0a58ce1-c66a-425c-93cb-214367044ce3	7	140498752	142069880	1077	0.0138
e0a58ce1-c66a-425c-93cb-214367044ce3	7	142069891	142092307	32	-0.7521
e0a58ce1-c66a-425c-93cb-214367044ce3	7	142099190	144199159	1201	-0.0036
e0a58ce1-c66a-425c-93cb-214367044ce3	7	144207186	144264193	8	0.8513
e0a58ce1-c66a-425c-93cb-214367044ce3	7	144295437	153450553	5562	0.006
e0a58ce1-c66a-425c-93cb-214367044ce3	7	153450560	153450627	2	-3.3576
e0a58ce1-c66a-425c-93cb-214367044ce3	7	153450630	153700626	215	0.0261
e0a58ce1-c66a-425c-93cb-214367044ce3	7	153701989	153702080	2	-1.3918
e0a58ce1-c66a-425c-93cb-214367044ce3	7	153702303	154092950	223	0.0248
e0a58ce1-c66a-425c-93cb-214367044ce3	7	154092965	154099927	3	-1.1654
e0a58ce1-c66a-425c-93cb-214367044ce3	7	154104301	155095403	861	-0.0168
e0a58ce1-c66a-425c-93cb-214367044ce3	7	155095437	155096782	16	-0.435
e0a58ce1-c66a-425c-93cb-214367044ce3	7	155096798	156270025	901	-0.0014
e0a58ce1-c66a-425c-93cb-214367044ce3	7	156273190	156274357	4	-0.9565
e0a58ce1-c66a-425c-93cb-214367044ce3	7	156275262	156592980	237	0.0016
e0a58ce1-c66a-425c-93cb-214367044ce3	7	156599096	156602214	5	-1.2706
e0a58ce1-c66a-425c-93cb-214367044ce3	7	156602336	159324640	1607	0.0093
e0a58ce1-c66a-425c-93cb-214367044ce3	7	159324709	159334314	16	-1.0071
e0a58ce1-c66a-425c-93cb-214367044ce3	8	81254	7336299	7726	0.034
e0a58ce1-c66a-425c-93cb-214367044ce3	8	7357089	8196822	64	-0.5498
e0a58ce1-c66a-425c-93cb-214367044ce3	8	8197738	12092042	3221	0.0171
e0a58ce1-c66a-425c-93cb-214367044ce3	8	12130217	12143614	6	-3.0567
e0a58ce1-c66a-425c-93cb-214367044ce3	8	12176798	25117007	10448	0.0112
e0a58ce1-c66a-425c-93cb-214367044ce3	8	25117062	25126626	20	0.8772
e0a58ce1-c66a-425c-93cb-214367044ce3	8	25126641	34974857	6651	-0.0037
e0a58ce1-c66a-425c-93cb-214367044ce3	8	34980794	34996980	13	-0.9641
e0a58ce1-c66a-425c-93cb-214367044ce3	8	34997908	39373140	2352	-0.0028
e0a58ce1-c66a-425c-93cb-214367044ce3	8	39378084	39529446	59	0.8797
e0a58ce1-c66a-425c-93cb-214367044ce3	8	39530780	40327223	599	0.0273
e0a58ce1-c66a-425c-93cb-214367044ce3	8	40327331	40336937	26	0.358
e0a58ce1-c66a-425c-93cb-214367044ce3	8	40338120	43923771	1958	-0.004
e0a58ce1-c66a-425c-93cb-214367044ce3	8	43925152	46225073	73	-0.2254
e0a58ce1-c66a-425c-93cb-214367044ce3	8	46226889	61925502	9744	0.0043
e0a58ce1-c66a-425c-93cb-214367044ce3	8	61925593	61927357	3	-2.2825
e0a58ce1-c66a-425c-93cb-214367044ce3	8	61927924	81980844	12115	0.0068
e0a58ce1-c66a-425c-93cb-214367044ce3	8	81989877	81990115	2	-2.2314
e0a58ce1-c66a-425c-93cb-214367044ce3	8	81992164	105986083	14246	0.0036
e0a58ce1-c66a-425c-93cb-214367044ce3	8	105986542	106376456	256	0.1667
e0a58ce1-c66a-425c-93cb-214367044ce3	8	106378098	111269714	2957	0.0029
e0a58ce1-c66a-425c-93cb-214367044ce3	8	111273113	111288052	16	0.6043
e0a58ce1-c66a-425c-93cb-214367044ce3	8	111289023	114622325	1823	0.0045
e0a58ce1-c66a-425c-93cb-214367044ce3	8	114622424	114629502	33	-0.656
e0a58ce1-c66a-425c-93cb-214367044ce3	8	114638468	114716134	45	0.0589
e0a58ce1-c66a-425c-93cb-214367044ce3	8	114717599	114882269	123	0.2087
e0a58ce1-c66a-425c-93cb-214367044ce3	8	114886335	133161042	12884	0.0014
e0a58ce1-c66a-425c-93cb-214367044ce3	8	133161244	133161292	2	-1.4252
e0a58ce1-c66a-425c-93cb-214367044ce3	8	133161445	136707308	2855	-0.0026
e0a58ce1-c66a-425c-93cb-214367044ce3	8	136707882	136825354	105	0.1922
e0a58ce1-c66a-425c-93cb-214367044ce3	8	136825371	141332583	3467	0.0027
e0a58ce1-c66a-425c-93cb-214367044ce3	8	141336652	141847036	310	-0.117
e0a58ce1-c66a-425c-93cb-214367044ce3	8	141847107	143209006	616	-0.0265
e0a58ce1-c66a-425c-93cb-214367044ce3	8	143217232	143228267	13	-0.844
e0a58ce1-c66a-425c-93cb-214367044ce3	8	143228432	145072769	631	-0.0251
e0a58ce1-c66a-425c-93cb-214367044ce3	9	46587	1270931	1246	0.0385
e0a58ce1-c66a-425c-93cb-214367044ce3	9	1277906	1298566	35	0.6259
e0a58ce1-c66a-425c-93cb-214367044ce3	9	1299419	4017550	2775	0.0163
e0a58ce1-c66a-425c-93cb-214367044ce3	9	4017574	4021055	20	-0.4842
e0a58ce1-c66a-425c-93cb-214367044ce3	9	4021237	6695986	2299	0.012
e0a58ce1-c66a-425c-93cb-214367044ce3	9	6701145	6715049	9	-0.8441
e0a58ce1-c66a-425c-93cb-214367044ce3	9	6716958	9919795	3117	0.0328
e0a58ce1-c66a-425c-93cb-214367044ce3	9	9924724	9970082	74	0.2616
e0a58ce1-c66a-425c-93cb-214367044ce3	9	9970139	10217683	238	0.0125
e0a58ce1-c66a-425c-93cb-214367044ce3	9	10223924	10504304	222	0.1378
e0a58ce1-c66a-425c-93cb-214367044ce3	9	10504460	11302804	672	-0.0001
e0a58ce1-c66a-425c-93cb-214367044ce3	9	11304772	12624029	1039	0.1089
e0a58ce1-c66a-425c-93cb-214367044ce3	9	12624058	23363117	8668	0.007
e0a58ce1-c66a-425c-93cb-214367044ce3	9	23363935	23373486	7	1.3507
e0a58ce1-c66a-425c-93cb-214367044ce3	9	23378490	28043201	3539	0.0138
e0a58ce1-c66a-425c-93cb-214367044ce3	9	28043249	29018856	755	0.0921
e0a58ce1-c66a-425c-93cb-214367044ce3	9	29019025	38808961	6385	0.0089
e0a58ce1-c66a-425c-93cb-214367044ce3	9	38912300	61405110	264	-0.2161
e0a58ce1-c66a-425c-93cb-214367044ce3	9	61520021	61629689	28	0.6263
e0a58ce1-c66a-425c-93cb-214367044ce3	9	61633080	68388042	181	-0.1328
e0a58ce1-c66a-425c-93cb-214367044ce3	9	68390662	87899200	14195	0.0002
e0a58ce1-c66a-425c-93cb-214367044ce3	9	87907679	87939304	3	-1.4205
e0a58ce1-c66a-425c-93cb-214367044ce3	9	87943042	135326957	32578	0.0079
e0a58ce1-c66a-425c-93cb-214367044ce3	9	135327017	135327870	4	-1.0309
e0a58ce1-c66a-425c-93cb-214367044ce3	9	135327897	138068271	999	-0.0034
e0a58ce1-c66a-425c-93cb-214367044ce3	9	138070139	138200944	100	-0.2191
e0a58ce1-c66a-425c-93cb-214367044ce3	10	45792	133415637	90478	0.0058
e0a58ce1-c66a-425c-93cb-214367044ce3	10	133416215	133416364	2	-3.453
e0a58ce1-c66a-425c-93cb-214367044ce3	10	133419150	133562190	111	0.0924
e0a58ce1-c66a-425c-93cb-214367044ce3	10	133563765	133582780	8	-0.8144
e0a58ce1-c66a-425c-93cb-214367044ce3	10	133586746	133654968	29	0.1013
e0a58ce1-c66a-425c-93cb-214367044ce3	11	198510	42785494	29859	0.0044
e0a58ce1-c66a-425c-93cb-214367044ce3	11	42791601	42796489	3	-2.1606
e0a58ce1-c66a-425c-93cb-214367044ce3	11	42799053	48681009	3440	-0.0023
e0a58ce1-c66a-425c-93cb-214367044ce3	11	48681137	48908776	64	-0.2145
e0a58ce1-c66a-425c-93cb-214367044ce3	11	48943181	50678086	691	0.0056
e0a58ce1-c66a-425c-93cb-214367044ce3	11	50684744	54579472	21	-0.4034
e0a58ce1-c66a-425c-93cb-214367044ce3	11	54581250	55608804	373	0.0078
e0a58ce1-c66a-425c-93cb-214367044ce3	11	55609022	55685533	51	0.473
e0a58ce1-c66a-425c-93cb-214367044ce3	11	55686100	67526837	6148	0.0044
e0a58ce1-c66a-425c-93cb-214367044ce3	11	67529387	67996609	145	-0.163
e0a58ce1-c66a-425c-93cb-214367044ce3	11	68001326	89765194	13559	0.0108
e0a58ce1-c66a-425c-93cb-214367044ce3	11	89768798	89847184	11	-0.9166
e0a58ce1-c66a-425c-93cb-214367044ce3	11	89878176	107359993	12486	0.0065
e0a58ce1-c66a-425c-93cb-214367044ce3	11	107367930	107368402	7	-1.0721
e0a58ce1-c66a-425c-93cb-214367044ce3	11	107381636	135074876	19913	0.0047
e0a58ce1-c66a-425c-93cb-214367044ce3	12	51460	756804	414	0.0271
e0a58ce1-c66a-425c-93cb-214367044ce3	12	759943	764863	18	-0.9744
e0a58ce1-c66a-425c-93cb-214367044ce3	12	766188	2205166	912	0.0207
e0a58ce1-c66a-425c-93cb-214367044ce3	12	2206827	2206961	3	-1.4854
e0a58ce1-c66a-425c-93cb-214367044ce3	12	2207029	9481274	4820	-0.0029
e0a58ce1-c66a-425c-93cb-214367044ce3	12	9485313	9575696	23	1.0475
e0a58ce1-c66a-425c-93cb-214367044ce3	12	9582373	11066824	1035	0.0059
e0a58ce1-c66a-425c-93cb-214367044ce3	12	11068125	11088933	10	0.6652
e0a58ce1-c66a-425c-93cb-214367044ce3	12	11099275	11358643	132	0.0387
e0a58ce1-c66a-425c-93cb-214367044ce3	12	11358644	11390472	30	-1.0869
e0a58ce1-c66a-425c-93cb-214367044ce3	12	11399258	33141726	15377	0.0071
e0a58ce1-c66a-425c-93cb-214367044ce3	12	33148472	33154440	27	-0.3859
e0a58ce1-c66a-425c-93cb-214367044ce3	12	33155426	34077316	566	0.0473
e0a58ce1-c66a-425c-93cb-214367044ce3	12	34077397	34091994	10	-0.5421
e0a58ce1-c66a-425c-93cb-214367044ce3	12	34092010	34341886	128	-0.0204
e0a58ce1-c66a-425c-93cb-214367044ce3	12	34357848	37886234	170	-0.2723
e0a58ce1-c66a-425c-93cb-214367044ce3	12	37886487	133201603	61112	0.0013
e0a58ce1-c66a-425c-93cb-214367044ce3	13	18452809	23058539	2860	-0.0066
e0a58ce1-c66a-425c-93cb-214367044ce3	13	23058721	23059376	11	0.665
e0a58ce1-c66a-425c-93cb-214367044ce3	13	23064056	34454230	8591	-0.0039
e0a58ce1-c66a-425c-93cb-214367044ce3	13	34454258	34461645	9	-0.9315
e0a58ce1-c66a-425c-93cb-214367044ce3	13	34468369	37497899	2010	0.0039
e0a58ce1-c66a-425c-93cb-214367044ce3	13	37498087	37510620	15	0.8669
e0a58ce1-c66a-425c-93cb-214367044ce3	13	37514193	47492430	6953	-0.0021
e0a58ce1-c66a-425c-93cb-214367044ce3	13	47503457	47503908	2	-1.709
e0a58ce1-c66a-425c-93cb-214367044ce3	13	47504034	63650659	9394	0.0162
e0a58ce1-c66a-425c-93cb-214367044ce3	13	63650816	63662559	8	-0.7138
e0a58ce1-c66a-425c-93cb-214367044ce3	13	63665430	63806996	83	0.0458
e0a58ce1-c66a-425c-93cb-214367044ce3	13	63807403	64415638	349	0.1398
e0a58ce1-c66a-425c-93cb-214367044ce3	13	64416187	71902850	4750	0.016
e0a58ce1-c66a-425c-93cb-214367044ce3	13	71903417	71906418	4	-3.1748
e0a58ce1-c66a-425c-93cb-214367044ce3	13	71906467	74447760	1914	-0.0078
e0a58ce1-c66a-425c-93cb-214367044ce3	13	74447866	74448524	2	-1.6023
e0a58ce1-c66a-425c-93cb-214367044ce3	13	74450476	105128228	20591	0.0015
e0a58ce1-c66a-425c-93cb-214367044ce3	13	105128361	105683574	436	0.1261
e0a58ce1-c66a-425c-93cb-214367044ce3	13	105685859	114342922	6145	0.0036
e0a58ce1-c66a-425c-93cb-214367044ce3	14	18239283	19955213	167	-0.3261
e0a58ce1-c66a-425c-93cb-214367044ce3	14	19956767	21817867	1235	0.01
e0a58ce1-c66a-425c-93cb-214367044ce3	14	21820576	22490342	582	0.1055
e0a58ce1-c66a-425c-93cb-214367044ce3	14	22490387	26314707	2520	0.0067
e0a58ce1-c66a-425c-93cb-214367044ce3	14	26314708	26314711	4	-1.3185
e0a58ce1-c66a-425c-93cb-214367044ce3	14	26314712	27085606	473	0.0242
e0a58ce1-c66a-425c-93cb-214367044ce3	14	27089862	27117363	17	0.33
e0a58ce1-c66a-425c-93cb-214367044ce3	14	27118576	27623591	293	0.0225
e0a58ce1-c66a-425c-93cb-214367044ce3	14	27625285	27754473	73	0.2239
e0a58ce1-c66a-425c-93cb-214367044ce3	14	27756478	38834820	6951	0.0071
e0a58ce1-c66a-425c-93cb-214367044ce3	14	38836581	38848279	12	-1.2099
e0a58ce1-c66a-425c-93cb-214367044ce3	14	38856421	40139724	712	0.0276
e0a58ce1-c66a-425c-93cb-214367044ce3	14	40144718	40147715	2	-2.4285
e0a58ce1-c66a-425c-93cb-214367044ce3	14	40148961	69551330	18562	0.014
e0a58ce1-c66a-425c-93cb-214367044ce3	14	69551651	69555996	9	-1.0106
e0a58ce1-c66a-425c-93cb-214367044ce3	14	69556009	106877229	23776	0.0015
e0a58ce1-c66a-425c-93cb-214367044ce3	15	19811075	20206773	59	-0.0818
e0a58ce1-c66a-425c-93cb-214367044ce3	15	20207225	20373168	29	0.4882
e0a58ce1-c66a-425c-93cb-214367044ce3	15	20376198	20376311	7	-0.3492
e0a58ce1-c66a-425c-93cb-214367044ce3	15	20380735	20406256	29	0.8151
e0a58ce1-c66a-425c-93cb-214367044ce3	15	20410054	20981071	28	0.3189
e0a58ce1-c66a-425c-93cb-214367044ce3	15	20982677	21268107	20	-0.3347
e0a58ce1-c66a-425c-93cb-214367044ce3	15	21271643	22005276	8	0.1443
e0a58ce1-c66a-425c-93cb-214367044ce3	15	22227530	22299523	26	0.7377
e0a58ce1-c66a-425c-93cb-214367044ce3	15	22385639	25174845	1485	-0.0132
e0a58ce1-c66a-425c-93cb-214367044ce3	15	25176460	25185081	6	-1.0897
e0a58ce1-c66a-425c-93cb-214367044ce3	15	25185096	32507144	4236	0.0109
e0a58ce1-c66a-425c-93cb-214367044ce3	15	32519403	32584783	6	-1.1188
e0a58ce1-c66a-425c-93cb-214367044ce3	15	32610782	43456106	7168	0.0084
e0a58ce1-c66a-425c-93cb-214367044ce3	15	43458878	43467365	2	-2.8357
e0a58ce1-c66a-425c-93cb-214367044ce3	15	43467576	80178964	22991	0.0098
e0a58ce1-c66a-425c-93cb-214367044ce3	15	80179149	80179164	2	-1.3608
e0a58ce1-c66a-425c-93cb-214367044ce3	15	80179643	83871965	2223	-0.0056
e0a58ce1-c66a-425c-93cb-214367044ce3	15	83871986	83878525	7	-1.144
e0a58ce1-c66a-425c-93cb-214367044ce3	15	83878795	101928837	13179	0.0061
e0a58ce1-c66a-425c-93cb-214367044ce3	16	10777	14887120	11095	-0.0061
e0a58ce1-c66a-425c-93cb-214367044ce3	16	14895982	15009819	50	-0.4854
e0a58ce1-c66a-425c-93cb-214367044ce3	16	15012406	19933041	2304	-0.0109
e0a58ce1-c66a-425c-93cb-214367044ce3	16	19934328	19958932	30	-0.9828
e0a58ce1-c66a-425c-93cb-214367044ce3	16	19959168	21368130	891	-0.0093
e0a58ce1-c66a-425c-93cb-214367044ce3	16	21401082	21582134	24	-0.7098
e0a58ce1-c66a-425c-93cb-214367044ce3	16	21582313	22576729	370	-0.0595
e0a58ce1-c66a-425c-93cb-214367044ce3	16	22579557	22699421	64	-0.5213
e0a58ce1-c66a-425c-93cb-214367044ce3	16	22701658	28637882	4048	-0.0111
e0a58ce1-c66a-425c-93cb-214367044ce3	16	28696878	28752527	4	-1.1292
e0a58ce1-c66a-425c-93cb-214367044ce3	16	28812606	29268429	151	-0.0355
e0a58ce1-c66a-425c-93cb-214367044ce3	16	29269203	29269734	3	-1.9505
e0a58ce1-c66a-425c-93cb-214367044ce3	16	29270444	35375433	1187	-0.0742
e0a58ce1-c66a-425c-93cb-214367044ce3	16	35376429	55761136	6685	-0.0022
e0a58ce1-c66a-425c-93cb-214367044ce3	16	55762477	55788532	22	-0.752
e0a58ce1-c66a-425c-93cb-214367044ce3	16	55808442	70146322	8759	-0.0038
e0a58ce1-c66a-425c-93cb-214367044ce3	16	70152235	70200633	10	-0.5955
e0a58ce1-c66a-425c-93cb-214367044ce3	16	70212022	73110432	1347	0.0005
e0a58ce1-c66a-425c-93cb-214367044ce3	16	73112174	73114775	3	-1.0788
e0a58ce1-c66a-425c-93cb-214367044ce3	16	73116698	74364089	944	-0.0047
e0a58ce1-c66a-425c-93cb-214367044ce3	16	74364131	74433007	13	-0.5473
e0a58ce1-c66a-425c-93cb-214367044ce3	16	74433062	78337711	3197	0.0033
e0a58ce1-c66a-425c-93cb-214367044ce3	16	78338543	78350841	16	1.031
e0a58ce1-c66a-425c-93cb-214367044ce3	16	78350868	78620922	371	0.0335
e0a58ce1-c66a-425c-93cb-214367044ce3	16	78623840	78624007	3	-1.2163
e0a58ce1-c66a-425c-93cb-214367044ce3	16	78626948	81112025	2806	0.0168
e0a58ce1-c66a-425c-93cb-214367044ce3	16	81113494	81157185	50	-0.3554
e0a58ce1-c66a-425c-93cb-214367044ce3	16	81158981	90096867	7381	-0.0054
e0a58ce1-c66a-425c-93cb-214367044ce3	17	150733	1376985	608	-0.094
e0a58ce1-c66a-425c-93cb-214367044ce3	17	1378223	16673742	9844	0.0015
e0a58ce1-c66a-425c-93cb-214367044ce3	17	16677653	16798212	22	-0.1926
e0a58ce1-c66a-425c-93cb-214367044ce3	17	16806233	16834846	6	-1.3181
e0a58ce1-c66a-425c-93cb-214367044ce3	17	16838201	18414080	908	-0.0034
e0a58ce1-c66a-425c-93cb-214367044ce3	17	18452078	18509244	17	1.1958
e0a58ce1-c66a-425c-93cb-214367044ce3	17	18523147	41265456	9398	-0.005
e0a58ce1-c66a-425c-93cb-214367044ce3	17	41266762	41274198	23	0.937
e0a58ce1-c66a-425c-93cb-214367044ce3	17	41274279	45568527	2153	0.0004
e0a58ce1-c66a-425c-93cb-214367044ce3	17	45571138	45571174	2	-2.2988
e0a58ce1-c66a-425c-93cb-214367044ce3	17	45577724	45679654	48	-0.214
e0a58ce1-c66a-425c-93cb-214367044ce3	17	45680406	45680765	2	-2.949
e0a58ce1-c66a-425c-93cb-214367044ce3	17	45682353	46136346	329	-0.1478
e0a58ce1-c66a-425c-93cb-214367044ce3	17	46136800	46267672	79	0.3504
e0a58ce1-c66a-425c-93cb-214367044ce3	17	46273919	56081683	5811	0.0054
e0a58ce1-c66a-425c-93cb-214367044ce3	17	56083553	56095230	25	-0.9376
e0a58ce1-c66a-425c-93cb-214367044ce3	17	56095462	83091923	15721	0.0018
e0a58ce1-c66a-425c-93cb-214367044ce3	18	48133	1566925	1066	-0.0246
e0a58ce1-c66a-425c-93cb-214367044ce3	18	1568605	1909834	253	0.1236
e0a58ce1-c66a-425c-93cb-214367044ce3	18	1913300	40678652	21457	-0.0023
e0a58ce1-c66a-425c-93cb-214367044ce3	18	40678741	40690234	26	0.4186
e0a58ce1-c66a-425c-93cb-214367044ce3	18	40690250	42476604	1210	0.0025
e0a58ce1-c66a-425c-93cb-214367044ce3	18	42476636	42477802	24	-0.9288
e0a58ce1-c66a-425c-93cb-214367044ce3	18	42478430	66054343	16245	-0.0084
e0a58ce1-c66a-425c-93cb-214367044ce3	18	66060256	66061104	12	-2.0053
e0a58ce1-c66a-425c-93cb-214367044ce3	18	66065502	71381922	3823	0.0059
e0a58ce1-c66a-425c-93cb-214367044ce3	18	71382253	73936092	2058	0.0713
e0a58ce1-c66a-425c-93cb-214367044ce3	18	73940557	80257174	4539	-0.0051
e0a58ce1-c66a-425c-93cb-214367044ce3	19	90910	43193181	20581	-0.0062
e0a58ce1-c66a-425c-93cb-214367044ce3	19	43198881	43249358	21	-0.9693
e0a58ce1-c66a-425c-93cb-214367044ce3	19	43252085	51624683	4136	-0.0138
e0a58ce1-c66a-425c-93cb-214367044ce3	19	51626613	51644944	18	-0.6236
e0a58ce1-c66a-425c-93cb-214367044ce3	19	51651652	53568325	1370	-0.0072
e0a58ce1-c66a-425c-93cb-214367044ce3	19	53570341	53887867	193	-0.17
e0a58ce1-c66a-425c-93cb-214367044ce3	19	53888428	54228112	173	-0.011
e0a58ce1-c66a-425c-93cb-214367044ce3	19	54228224	54237443	10	-0.4941
e0a58ce1-c66a-425c-93cb-214367044ce3	19	54249482	54740939	270	-0.0111
e0a58ce1-c66a-425c-93cb-214367044ce3	19	54772391	54802832	13	-0.6317
e0a58ce1-c66a-425c-93cb-214367044ce3	19	54803365	54837236	19	-2.2548
e0a58ce1-c66a-425c-93cb-214367044ce3	19	54852069	58586487	2285	-0.0078
e0a58ce1-c66a-425c-93cb-214367044ce3	20	80664	1580353	1201	-0.0045
e0a58ce1-c66a-425c-93cb-214367044ce3	20	1580934	1617300	42	-0.7478
e0a58ce1-c66a-425c-93cb-214367044ce3	20	1617460	8195023	4892	0.002
e0a58ce1-c66a-425c-93cb-214367044ce3	20	8195622	8578531	293	0.1237
e0a58ce1-c66a-425c-93cb-214367044ce3	20	8579094	14562035	4556	0.0109
e0a58ce1-c66a-425c-93cb-214367044ce3	20	14562213	15302775	625	0.0846
e0a58ce1-c66a-425c-93cb-214367044ce3	20	15302908	16681573	1378	0.0121
e0a58ce1-c66a-425c-93cb-214367044ce3	20	16682100	16687127	13	-1.2254
e0a58ce1-c66a-425c-93cb-214367044ce3	20	16689232	59721295	26442	0.002
e0a58ce1-c66a-425c-93cb-214367044ce3	20	59722413	59740559	11	-1.262
e0a58ce1-c66a-425c-93cb-214367044ce3	20	59741123	64324800	2903	0.0017
e0a58ce1-c66a-425c-93cb-214367044ce3	21	10354168	10569525	55	-0.0839
e0a58ce1-c66a-425c-93cb-214367044ce3	21	10571815	10756733	31	0.3966
e0a58ce1-c66a-425c-93cb-214367044ce3	21	10775586	15835762	1549	-0.0034
e0a58ce1-c66a-425c-93cb-214367044ce3	21	15839803	15840069	2	-2.619
e0a58ce1-c66a-425c-93cb-214367044ce3	21	15840520	16740643	582	0.0172
e0a58ce1-c66a-425c-93cb-214367044ce3	21	16740769	16741468	3	-2.9083
e0a58ce1-c66a-425c-93cb-214367044ce3	21	16742039	46677045	21634	0.0019
e0a58ce1-c66a-425c-93cb-214367044ce3	22	15294547	18167915	1130	0.01
e0a58ce1-c66a-425c-93cb-214367044ce3	22	18190590	18917479	12	-0.7476
e0a58ce1-c66a-425c-93cb-214367044ce3	22	18918078	19880850	589	-0.0625
e0a58ce1-c66a-425c-93cb-214367044ce3	22	19881690	19881740	2	-2.0919
e0a58ce1-c66a-425c-93cb-214367044ce3	22	19882624	22398127	1725	-0.0578
e0a58ce1-c66a-425c-93cb-214367044ce3	22	22398345	22398545	4	-2.0621
e0a58ce1-c66a-425c-93cb-214367044ce3	22	22402989	23929558	918	-0.0128
e0a58ce1-c66a-425c-93cb-214367044ce3	22	23940911	23987520	14	-0.7025
e0a58ce1-c66a-425c-93cb-214367044ce3	22	23988078	23990431	3	-2.8707
e0a58ce1-c66a-425c-93cb-214367044ce3	22	23990739	25260266	809	0.0163
e0a58ce1-c66a-425c-93cb-214367044ce3	22	25260283	25387241	126	-0.2227
e0a58ce1-c66a-425c-93cb-214367044ce3	22	25387737	50796027	17915	0.0029
e0a58ce1-c66a-425c-93cb-214367044ce3	X	251810	40417632	24902	0.0266
e0a58ce1-c66a-425c-93cb-214367044ce3	X	40419094	40419683	2	-3.8548
e0a58ce1-c66a-425c-93cb-214367044ce3	X	40419806	40612906	119	-0.0327
e0a58ce1-c66a-425c-93cb-214367044ce3	X	40613148	40614714	2	-3.7883
e0a58ce1-c66a-425c-93cb-214367044ce3	X	40615770	73387923	12907	0.0004
e0a58ce1-c66a-425c-93cb-214367044ce3	X	73391341	73391353	2	-3.976
e0a58ce1-c66a-425c-93cb-214367044ce3	X	73391420	87239510	7003	-0.0052
e0a58ce1-c66a-425c-93cb-214367044ce3	X	87242526	87242817	2	-3.6752
e0a58ce1-c66a-425c-93cb-214367044ce3	X	87243503	103553839	8383	0.0094
e0a58ce1-c66a-425c-93cb-214367044ce3	X	103556728	103566098	8	-3.0946
e0a58ce1-c66a-425c-93cb-214367044ce3	X	103568703	155952689	30000	0.0049
e0a58ce1-c66a-425c-93cb-214367044ce3	Y	2782397	13112668	3103	-1.0324
e0a58ce1-c66a-425c-93cb-214367044ce3	Y	13115938	13118643	2	-3.8839
e0a58ce1-c66a-425c-93cb-214367044ce3	Y	13122316	21924037	3231	-1.0133
e0a58ce1-c66a-425c-93cb-214367044ce3	Y	21961640	22169542	4	-2.2099
e0a58ce1-c66a-425c-93cb-214367044ce3	Y	22196203	56872112	296	-1.0451
