GDC_Aliquot	Chromosome	Start	End	Num_Probes	Segment_Mean
378a4408-a426-4adb-94d1-2956101edf5d	1	62920	47251612	25866	0.0059
378a4408-a426-4adb-94d1-2956101edf5d	1	47251857	47255283	3	-1.8661
378a4408-a426-4adb-94d1-2956101edf5d	1	47255856	48371665	796	-0.0064
378a4408-a426-4adb-94d1-2956101edf5d	1	48376143	48378940	2	1.697
378a4408-a426-4adb-94d1-2956101edf5d	1	48379809	70958755	15177	0.0013
378a4408-a426-4adb-94d1-2956101edf5d	1	70960577	70964183	2	1.7919
378a4408-a426-4adb-94d1-2956101edf5d	1	70967301	72284670	775	0.0141
378a4408-a426-4adb-94d1-2956101edf5d	1	72290430	72297687	9	-0.9526
378a4408-a426-4adb-94d1-2956101edf5d	1	72302735	72345465	48	0.6267
378a4408-a426-4adb-94d1-2956101edf5d	1	72346221	152602985	33109	0.0079
378a4408-a426-4adb-94d1-2956101edf5d	1	152606973	152606992	2	3.1453
378a4408-a426-4adb-94d1-2956101edf5d	1	152607145	174828195	14957	0.0028
378a4408-a426-4adb-94d1-2956101edf5d	1	174828247	174828310	2	2.3562
378a4408-a426-4adb-94d1-2956101edf5d	1	174828367	196772186	14610	0.0065
378a4408-a426-4adb-94d1-2956101edf5d	1	196772237	196780087	11	-0.8512
378a4408-a426-4adb-94d1-2956101edf5d	1	196780691	243163650	32012	0.0037
378a4408-a426-4adb-94d1-2956101edf5d	1	243164636	243173458	2	2.8376
378a4408-a426-4adb-94d1-2956101edf5d	1	243174914	248930189	3694	0.0176
378a4408-a426-4adb-94d1-2956101edf5d	2	12784	89897956	59749	0.0104
378a4408-a426-4adb-94d1-2956101edf5d	2	89920951	89928014	2	2.8378
378a4408-a426-4adb-94d1-2956101edf5d	2	89933871	106258266	6627	0.0079
378a4408-a426-4adb-94d1-2956101edf5d	2	106263639	106268901	12	-1.5529
378a4408-a426-4adb-94d1-2956101edf5d	2	106270799	127084661	12315	0.0139
378a4408-a426-4adb-94d1-2956101edf5d	2	127084748	127100370	12	0.9039
378a4408-a426-4adb-94d1-2956101edf5d	2	127101070	146104517	11417	0.0113
378a4408-a426-4adb-94d1-2956101edf5d	2	146106836	146109366	24	-1.4708
378a4408-a426-4adb-94d1-2956101edf5d	2	146120238	162971339	10061	0.0092
378a4408-a426-4adb-94d1-2956101edf5d	2	162971605	162980564	11	0.7245
378a4408-a426-4adb-94d1-2956101edf5d	2	162980941	179196928	10122	0.0103
378a4408-a426-4adb-94d1-2956101edf5d	2	179202465	179214417	3	-1.4872
378a4408-a426-4adb-94d1-2956101edf5d	2	179218864	183712465	2859	0.0041
378a4408-a426-4adb-94d1-2956101edf5d	2	183712520	183712596	2	-1.5198
378a4408-a426-4adb-94d1-2956101edf5d	2	183716167	184451949	547	0.0136
378a4408-a426-4adb-94d1-2956101edf5d	2	184453319	184455332	3	2.3872
378a4408-a426-4adb-94d1-2956101edf5d	2	184460792	217407872	19703	0.0082
378a4408-a426-4adb-94d1-2956101edf5d	2	217411095	217418716	7	-1.3031
378a4408-a426-4adb-94d1-2956101edf5d	2	217424634	228394089	7065	0.0037
378a4408-a426-4adb-94d1-2956101edf5d	2	228397576	228399698	2	2.4022
378a4408-a426-4adb-94d1-2956101edf5d	2	228401658	242147305	8475	0.0101
378a4408-a426-4adb-94d1-2956101edf5d	3	20930	8780118	7687	-0.0002
378a4408-a426-4adb-94d1-2956101edf5d	3	8783681	8816515	27	0.6533
378a4408-a426-4adb-94d1-2956101edf5d	3	8825123	26570619	12207	0.0057
378a4408-a426-4adb-94d1-2956101edf5d	3	26570673	26570675	3	2.1447
378a4408-a426-4adb-94d1-2956101edf5d	3	26571710	60292333	20882	0.0026
378a4408-a426-4adb-94d1-2956101edf5d	3	60292565	60294217	2	2.2511
378a4408-a426-4adb-94d1-2956101edf5d	3	60294526	68682877	6773	-0.0011
378a4408-a426-4adb-94d1-2956101edf5d	3	68697013	68698262	15	-1.0135
378a4408-a426-4adb-94d1-2956101edf5d	3	68699607	98180575	15284	-0.0022
378a4408-a426-4adb-94d1-2956101edf5d	3	98189826	98195973	4	2.1103
378a4408-a426-4adb-94d1-2956101edf5d	3	98197104	99218940	590	0.0134
378a4408-a426-4adb-94d1-2956101edf5d	3	99225614	99230212	27	-2.0171
378a4408-a426-4adb-94d1-2956101edf5d	3	99230225	99230448	7	-0.5392
378a4408-a426-4adb-94d1-2956101edf5d	3	99230457	100607461	750	-0.0014
378a4408-a426-4adb-94d1-2956101edf5d	3	100621224	100674478	37	0.8376
378a4408-a426-4adb-94d1-2956101edf5d	3	100676939	100681671	3	2.0095
378a4408-a426-4adb-94d1-2956101edf5d	3	100683454	100723665	17	1.1156
378a4408-a426-4adb-94d1-2956101edf5d	3	100727772	104825814	2463	0.0043
378a4408-a426-4adb-94d1-2956101edf5d	3	104826492	104830046	4	1.7901
378a4408-a426-4adb-94d1-2956101edf5d	3	104830124	130067366	15373	0.0032
378a4408-a426-4adb-94d1-2956101edf5d	3	130067443	130088155	32	-1.5651
378a4408-a426-4adb-94d1-2956101edf5d	3	130089433	133305620	2101	-0.0017
378a4408-a426-4adb-94d1-2956101edf5d	3	133305636	133306023	8	0.5049
378a4408-a426-4adb-94d1-2956101edf5d	3	133306038	133306053	2	2.4823
378a4408-a426-4adb-94d1-2956101edf5d	3	133306168	149245189	9751	0.0024
378a4408-a426-4adb-94d1-2956101edf5d	3	149245608	149254130	30	-0.7088
378a4408-a426-4adb-94d1-2956101edf5d	3	149254271	150810915	910	0.016
378a4408-a426-4adb-94d1-2956101edf5d	3	150812165	150812953	2	2.2395
378a4408-a426-4adb-94d1-2956101edf5d	3	150813207	154642579	2466	0.0243
378a4408-a426-4adb-94d1-2956101edf5d	3	154643302	154644130	2	2.0682
378a4408-a426-4adb-94d1-2956101edf5d	3	154644379	161797809	4234	-0.002
378a4408-a426-4adb-94d1-2956101edf5d	3	161797839	161797861	2	2.444
378a4408-a426-4adb-94d1-2956101edf5d	3	161798156	198169247	22554	0.0037
378a4408-a426-4adb-94d1-2956101edf5d	4	68929	10229874	5706	-0.0051
378a4408-a426-4adb-94d1-2956101edf5d	4	10232590	10232642	2	2.6618
378a4408-a426-4adb-94d1-2956101edf5d	4	10232984	63841863	33499	0.002
378a4408-a426-4adb-94d1-2956101edf5d	4	63841887	63842540	7	-2.7461
378a4408-a426-4adb-94d1-2956101edf5d	4	63850713	68394833	2844	0.0003
378a4408-a426-4adb-94d1-2956101edf5d	4	68395346	68422424	6	-1.3498
378a4408-a426-4adb-94d1-2956101edf5d	4	68429081	69257792	391	0.0528
378a4408-a426-4adb-94d1-2956101edf5d	4	69261926	69331593	37	-0.4876
378a4408-a426-4adb-94d1-2956101edf5d	4	69332008	76871567	4618	0.0053
378a4408-a426-4adb-94d1-2956101edf5d	4	76871829	76872625	10	-1.2045
378a4408-a426-4adb-94d1-2956101edf5d	4	76872676	103294549	15979	0.002
378a4408-a426-4adb-94d1-2956101edf5d	4	103296943	103296945	3	1.4366
378a4408-a426-4adb-94d1-2956101edf5d	4	103298947	103824414	364	-0.002
378a4408-a426-4adb-94d1-2956101edf5d	4	103830473	103830480	5	1.7147
378a4408-a426-4adb-94d1-2956101edf5d	4	103830487	114586468	6526	0.003
378a4408-a426-4adb-94d1-2956101edf5d	4	114587010	114589298	3	-3.2167
378a4408-a426-4adb-94d1-2956101edf5d	4	114593270	148317162	19870	-0.0019
378a4408-a426-4adb-94d1-2956101edf5d	4	148317860	148333571	7	-1.1832
378a4408-a426-4adb-94d1-2956101edf5d	4	148335702	156029226	4685	0.0066
378a4408-a426-4adb-94d1-2956101edf5d	4	156030597	156033787	3	2.0528
378a4408-a426-4adb-94d1-2956101edf5d	4	156035480	171448195	9717	-0.0026
378a4408-a426-4adb-94d1-2956101edf5d	4	171453733	171453798	2	-2.0756
378a4408-a426-4adb-94d1-2956101edf5d	4	171453876	172068222	410	-0.0053
378a4408-a426-4adb-94d1-2956101edf5d	4	172068257	172068382	7	-1.4862
378a4408-a426-4adb-94d1-2956101edf5d	4	172074828	190106768	12034	-0.0108
378a4408-a426-4adb-94d1-2956101edf5d	5	15532	12785150	10149	-0.003
378a4408-a426-4adb-94d1-2956101edf5d	5	12790757	12790933	2	2.4077
378a4408-a426-4adb-94d1-2956101edf5d	5	12791608	21376735	5466	0.0029
378a4408-a426-4adb-94d1-2956101edf5d	5	21377730	21377744	2	-2.16
378a4408-a426-4adb-94d1-2956101edf5d	5	21385957	58025819	20016	-0.0011
378a4408-a426-4adb-94d1-2956101edf5d	5	58030200	58037706	32	1.5019
378a4408-a426-4adb-94d1-2956101edf5d	5	58042530	76154195	10406	0.0056
378a4408-a426-4adb-94d1-2956101edf5d	5	76154242	76154319	3	1.8307
378a4408-a426-4adb-94d1-2956101edf5d	5	76154351	100199505	13848	0
378a4408-a426-4adb-94d1-2956101edf5d	5	100200716	100202522	3	1.6964
378a4408-a426-4adb-94d1-2956101edf5d	5	100202634	156045123	35813	0.0057
378a4408-a426-4adb-94d1-2956101edf5d	5	156048089	156055719	18	-0.657
378a4408-a426-4adb-94d1-2956101edf5d	5	156068240	173780350	12374	-0.0009
378a4408-a426-4adb-94d1-2956101edf5d	5	173781605	173781883	2	1.8904
378a4408-a426-4adb-94d1-2956101edf5d	5	173781997	180953203	4175	-0.0065
378a4408-a426-4adb-94d1-2956101edf5d	5	180960138	180990911	15	-0.7015
378a4408-a426-4adb-94d1-2956101edf5d	5	180991103	181363319	171	0.0145
378a4408-a426-4adb-94d1-2956101edf5d	6	149661	285695	116	-0.041
378a4408-a426-4adb-94d1-2956101edf5d	6	286393	381149	83	-0.5319
378a4408-a426-4adb-94d1-2956101edf5d	6	382559	31318528	22048	0.0031
378a4408-a426-4adb-94d1-2956101edf5d	6	31318754	31327629	5	-2.1348
378a4408-a426-4adb-94d1-2956101edf5d	6	31328176	32106004	302	0.0113
378a4408-a426-4adb-94d1-2956101edf5d	6	32106013	32106085	2	2.6552
378a4408-a426-4adb-94d1-2956101edf5d	6	32106182	32614061	237	0.0465
378a4408-a426-4adb-94d1-2956101edf5d	6	32614112	32634492	11	-1.0652
378a4408-a426-4adb-94d1-2956101edf5d	6	32636595	66328153	19000	0.0039
378a4408-a426-4adb-94d1-2956101edf5d	6	66331020	66333004	6	-1.7758
378a4408-a426-4adb-94d1-2956101edf5d	6	66333299	75531811	6052	0.0013
378a4408-a426-4adb-94d1-2956101edf5d	6	75532861	75543180	5	-1.2389
378a4408-a426-4adb-94d1-2956101edf5d	6	75560563	76720013	712	-0.0059
378a4408-a426-4adb-94d1-2956101edf5d	6	76726442	76733530	13	0.6071
378a4408-a426-4adb-94d1-2956101edf5d	6	76736482	78252909	982	-0.018
378a4408-a426-4adb-94d1-2956101edf5d	6	78253157	78325468	113	-0.5549
378a4408-a426-4adb-94d1-2956101edf5d	6	78329517	103299578	15438	0.0036
378a4408-a426-4adb-94d1-2956101edf5d	6	103299596	103303463	7	1.4474
378a4408-a426-4adb-94d1-2956101edf5d	6	103303689	170741917	44017	-0.001
378a4408-a426-4adb-94d1-2956101edf5d	7	43355	3683635	1728	0.0091
378a4408-a426-4adb-94d1-2956101edf5d	7	3683730	3688126	3	2.0622
378a4408-a426-4adb-94d1-2956101edf5d	7	3688254	3726573	36	-0.0613
378a4408-a426-4adb-94d1-2956101edf5d	7	3726600	3728974	3	1.9379
378a4408-a426-4adb-94d1-2956101edf5d	7	3729712	5911197	1283	0.0056
378a4408-a426-4adb-94d1-2956101edf5d	7	5916628	5964274	8	1.1305
378a4408-a426-4adb-94d1-2956101edf5d	7	5986976	9725634	2785	0.0015
378a4408-a426-4adb-94d1-2956101edf5d	7	9727840	9729587	3	-2.0312
378a4408-a426-4adb-94d1-2956101edf5d	7	9731568	19158542	7627	0.0053
378a4408-a426-4adb-94d1-2956101edf5d	7	19158572	19174807	41	0.5102
378a4408-a426-4adb-94d1-2956101edf5d	7	19174828	41875339	16192	0.0008
378a4408-a426-4adb-94d1-2956101edf5d	7	41875586	41875627	2	-2.0868
378a4408-a426-4adb-94d1-2956101edf5d	7	41875978	42898059	722	-0.0159
378a4408-a426-4adb-94d1-2956101edf5d	7	42899005	42949774	29	0.4453
378a4408-a426-4adb-94d1-2956101edf5d	7	42952644	54305455	7867	0.0068
378a4408-a426-4adb-94d1-2956101edf5d	7	54318812	54318824	6	-2.0455
378a4408-a426-4adb-94d1-2956101edf5d	7	54325795	90146435	16912	-0.0025
378a4408-a426-4adb-94d1-2956101edf5d	7	90147096	90147103	2	2.313
378a4408-a426-4adb-94d1-2956101edf5d	7	90147556	91728554	1107	0.0089
378a4408-a426-4adb-94d1-2956101edf5d	7	91728979	91729718	7	1.4605
378a4408-a426-4adb-94d1-2956101edf5d	7	91730021	97756621	3732	0.003
378a4408-a426-4adb-94d1-2956101edf5d	7	97756658	97772620	10	0.9399
378a4408-a426-4adb-94d1-2956101edf5d	7	97772647	111616573	7809	-0.0038
378a4408-a426-4adb-94d1-2956101edf5d	7	111619859	111648033	17	-0.9511
378a4408-a426-4adb-94d1-2956101edf5d	7	111654559	119479474	4628	-0.0038
378a4408-a426-4adb-94d1-2956101edf5d	7	119480220	119483364	5	1.4088
378a4408-a426-4adb-94d1-2956101edf5d	7	119484077	126404089	4156	0.0094
378a4408-a426-4adb-94d1-2956101edf5d	7	126404106	126406561	19	0.5762
378a4408-a426-4adb-94d1-2956101edf5d	7	126406822	128290909	1281	0.0129
378a4408-a426-4adb-94d1-2956101edf5d	7	128290926	128290941	2	2.9102
378a4408-a426-4adb-94d1-2956101edf5d	7	128291027	134100442	3404	-0.0076
378a4408-a426-4adb-94d1-2956101edf5d	7	134100458	134113314	29	0.5154
378a4408-a426-4adb-94d1-2956101edf5d	7	134113356	142070260	5182	0.0018
378a4408-a426-4adb-94d1-2956101edf5d	7	142070569	142092108	29	-0.8634
378a4408-a426-4adb-94d1-2956101edf5d	7	142092307	153445140	6740	0.0038
378a4408-a426-4adb-94d1-2956101edf5d	7	153445978	153449796	4	1.9174
378a4408-a426-4adb-94d1-2956101edf5d	7	153449865	153450627	9	-0.6508
378a4408-a426-4adb-94d1-2956101edf5d	7	153450630	159334314	4078	-0.0134
378a4408-a426-4adb-94d1-2956101edf5d	8	81254	645875	327	-0.1076
378a4408-a426-4adb-94d1-2956101edf5d	8	645892	645908	2	-3.0746
378a4408-a426-4adb-94d1-2956101edf5d	8	656117	25117007	21068	-0.0041
378a4408-a426-4adb-94d1-2956101edf5d	8	25117062	25126818	24	-0.6799
378a4408-a426-4adb-94d1-2956101edf5d	8	25133589	39389592	8982	0.0004
378a4408-a426-4adb-94d1-2956101edf5d	8	39391223	39529446	56	0.3928
378a4408-a426-4adb-94d1-2956101edf5d	8	39530780	57430775	9316	-0.0087
378a4408-a426-4adb-94d1-2956101edf5d	8	57431473	57436438	7	1.284
378a4408-a426-4adb-94d1-2956101edf5d	8	57437208	63936079	4283	0.0055
378a4408-a426-4adb-94d1-2956101edf5d	8	63936340	63936953	7	1.8336
378a4408-a426-4adb-94d1-2956101edf5d	8	63937166	71300130	4232	0.0031
378a4408-a426-4adb-94d1-2956101edf5d	8	71303076	71304364	8	-1.7656
378a4408-a426-4adb-94d1-2956101edf5d	8	71307628	84345754	7950	0.003
378a4408-a426-4adb-94d1-2956101edf5d	8	84350648	84356431	19	-0.9858
378a4408-a426-4adb-94d1-2956101edf5d	8	84358447	91106779	3794	0.0057
378a4408-a426-4adb-94d1-2956101edf5d	8	91107489	91167737	37	-1.1658
378a4408-a426-4adb-94d1-2956101edf5d	8	91169307	106236002	9170	0.0018
378a4408-a426-4adb-94d1-2956101edf5d	8	106236518	106237205	2	2.3157
378a4408-a426-4adb-94d1-2956101edf5d	8	106237331	111279265	3053	-0.0024
378a4408-a426-4adb-94d1-2956101edf5d	8	111282050	111283031	10	-1.6116
378a4408-a426-4adb-94d1-2956101edf5d	8	111288052	141564862	21391	0.0027
378a4408-a426-4adb-94d1-2956101edf5d	8	141565045	141566354	3	1.8597
378a4408-a426-4adb-94d1-2956101edf5d	8	141566973	142004701	273	-0.0399
378a4408-a426-4adb-94d1-2956101edf5d	8	142014075	142014632	4	1.917
378a4408-a426-4adb-94d1-2956101edf5d	8	142016479	145072769	1168	-0.0058
378a4408-a426-4adb-94d1-2956101edf5d	9	46587	7732224	7440	0.0152
378a4408-a426-4adb-94d1-2956101edf5d	9	7734250	7735326	3	2.9824
378a4408-a426-4adb-94d1-2956101edf5d	9	7735724	12554856	4209	0.0165
378a4408-a426-4adb-94d1-2956101edf5d	9	12556594	12562294	3	2.9091
378a4408-a426-4adb-94d1-2956101edf5d	9	12565520	42014203	19495	0.0028
378a4408-a426-4adb-94d1-2956101edf5d	9	42037471	42230926	23	0.8687
378a4408-a426-4adb-94d1-2956101edf5d	9	42259927	61405110	69	-0.0576
378a4408-a426-4adb-94d1-2956101edf5d	9	61520021	61598577	23	-1.2951
378a4408-a426-4adb-94d1-2956101edf5d	9	61600648	61629689	5	-2.7195
378a4408-a426-4adb-94d1-2956101edf5d	9	61633080	80737299	9190	0.0009
378a4408-a426-4adb-94d1-2956101edf5d	9	80739204	80769153	20	-0.8297
378a4408-a426-4adb-94d1-2956101edf5d	9	80770050	80772166	3	-2.4273
378a4408-a426-4adb-94d1-2956101edf5d	9	80772673	80784069	14	-0.5383
378a4408-a426-4adb-94d1-2956101edf5d	9	80795338	90847295	7126	0.0001
378a4408-a426-4adb-94d1-2956101edf5d	9	90847386	90847850	3	2.3568
378a4408-a426-4adb-94d1-2956101edf5d	9	90850677	103804216	8526	0.0025
378a4408-a426-4adb-94d1-2956101edf5d	9	103806415	103807009	2	-3.1563
378a4408-a426-4adb-94d1-2956101edf5d	9	103808421	138200944	23028	-0.0005
378a4408-a426-4adb-94d1-2956101edf5d	10	45792	46522514	31554	0
378a4408-a426-4adb-94d1-2956101edf5d	10	46522571	46526280	15	1.1922
378a4408-a426-4adb-94d1-2956101edf5d	10	46526920	55422666	5637	0.005
378a4408-a426-4adb-94d1-2956101edf5d	10	55422723	55422745	2	2.7514
378a4408-a426-4adb-94d1-2956101edf5d	10	55422948	133654968	53131	0.0052
378a4408-a426-4adb-94d1-2956101edf5d	11	198510	92097323	55625	0.0066
378a4408-a426-4adb-94d1-2956101edf5d	11	92097492	92097877	2	3.6373
378a4408-a426-4adb-94d1-2956101edf5d	11	92099538	135074876	30861	0.0048
378a4408-a426-4adb-94d1-2956101edf5d	12	51460	9307938	6064	0.0065
378a4408-a426-4adb-94d1-2956101edf5d	12	9308632	9315213	2	-2.9055
378a4408-a426-4adb-94d1-2956101edf5d	12	9320561	11359558	1278	-0.0095
378a4408-a426-4adb-94d1-2956101edf5d	12	11359597	11390472	28	-0.8119
378a4408-a426-4adb-94d1-2956101edf5d	12	11399258	16266471	3518	0.0001
378a4408-a426-4adb-94d1-2956101edf5d	12	16268053	16268391	2	-2.4329
378a4408-a426-4adb-94d1-2956101edf5d	12	16275623	33141710	11789	0.0092
378a4408-a426-4adb-94d1-2956101edf5d	12	33141726	33154440	28	-0.7458
378a4408-a426-4adb-94d1-2956101edf5d	12	33155426	45510655	5566	0.0117
378a4408-a426-4adb-94d1-2956101edf5d	12	45512057	45514957	2	-2.781
378a4408-a426-4adb-94d1-2956101edf5d	12	45515754	48331259	1711	-0.0011
378a4408-a426-4adb-94d1-2956101edf5d	12	48331456	48331632	3	-2.6835
378a4408-a426-4adb-94d1-2956101edf5d	12	48336253	131648066	53964	0.002
378a4408-a426-4adb-94d1-2956101edf5d	12	131648123	131648724	7	-2.8456
378a4408-a426-4adb-94d1-2956101edf5d	12	131648753	131658450	6	-1.0719
378a4408-a426-4adb-94d1-2956101edf5d	12	131658829	133201603	553	-0.0009
378a4408-a426-4adb-94d1-2956101edf5d	13	18452809	68676903	32850	0.0132
378a4408-a426-4adb-94d1-2956101edf5d	13	68677373	68694110	26	-0.7252
378a4408-a426-4adb-94d1-2956101edf5d	13	68694987	105723867	24945	0.0023
378a4408-a426-4adb-94d1-2956101edf5d	13	105724074	105725845	2	2.3198
378a4408-a426-4adb-94d1-2956101edf5d	13	105727398	114342922	6095	0.0052
378a4408-a426-4adb-94d1-2956101edf5d	14	18239283	18976793	27	0.0549
378a4408-a426-4adb-94d1-2956101edf5d	14	19011729	19954424	138	-0.3835
378a4408-a426-4adb-94d1-2956101edf5d	14	19955213	21942460	1371	0.0216
378a4408-a426-4adb-94d1-2956101edf5d	14	21945587	22634135	600	0.18
378a4408-a426-4adb-94d1-2956101edf5d	14	22640562	106294689	52761	0.0015
378a4408-a426-4adb-94d1-2956101edf5d	14	106297265	106297273	3	2.7281
378a4408-a426-4adb-94d1-2956101edf5d	14	106297409	106877229	295	-0.1398
378a4408-a426-4adb-94d1-2956101edf5d	15	19811075	30269364	4832	-0.0009
378a4408-a426-4adb-94d1-2956101edf5d	15	30281107	30500366	17	-1.6079
378a4408-a426-4adb-94d1-2956101edf5d	15	30503586	34431375	2561	-0.0126
378a4408-a426-4adb-94d1-2956101edf5d	15	34434971	34570058	62	-0.6481
378a4408-a426-4adb-94d1-2956101edf5d	15	34576695	101928837	43889	0.006
378a4408-a426-4adb-94d1-2956101edf5d	16	10777	6962471	4327	-0.0047
378a4408-a426-4adb-94d1-2956101edf5d	16	6963199	6963567	2	2.9138
378a4408-a426-4adb-94d1-2956101edf5d	16	6965769	16614737	7408	-0.002
378a4408-a426-4adb-94d1-2956101edf5d	16	16620150	16622170	2	3.1501
378a4408-a426-4adb-94d1-2956101edf5d	16	16645406	19933041	1677	0.001
378a4408-a426-4adb-94d1-2956101edf5d	16	19934328	19954553	27	-0.856
378a4408-a426-4adb-94d1-2956101edf5d	16	19956040	20617366	466	-0.0081
378a4408-a426-4adb-94d1-2956101edf5d	16	20617756	20622023	4	1.8941
378a4408-a426-4adb-94d1-2956101edf5d	16	20624663	55762682	12930	-0.0002
378a4408-a426-4adb-94d1-2956101edf5d	16	55764310	55776109	11	1.5035
378a4408-a426-4adb-94d1-2956101edf5d	16	55776295	90096867	24818	0.0006
378a4408-a426-4adb-94d1-2956101edf5d	17	150733	761804	336	-0.02
378a4408-a426-4adb-94d1-2956101edf5d	17	764003	764137	2	2.4225
378a4408-a426-4adb-94d1-2956101edf5d	17	775251	8339592	4174	0.0091
378a4408-a426-4adb-94d1-2956101edf5d	17	8344229	8344415	2	-2.5714
378a4408-a426-4adb-94d1-2956101edf5d	17	8346140	46138108	18787	0.0027
378a4408-a426-4adb-94d1-2956101edf5d	17	46138956	46215389	68	-0.3398
378a4408-a426-4adb-94d1-2956101edf5d	17	46218468	53034620	3690	-0.0016
378a4408-a426-4adb-94d1-2956101edf5d	17	53035026	53035208	2	2.489
378a4408-a426-4adb-94d1-2956101edf5d	17	53035337	77487446	15051	0.0027
378a4408-a426-4adb-94d1-2956101edf5d	17	77491120	77492851	2	2.2986
378a4408-a426-4adb-94d1-2956101edf5d	17	77493345	80627616	1798	-0.0103
378a4408-a426-4adb-94d1-2956101edf5d	17	80630401	80637868	11	0.8149
378a4408-a426-4adb-94d1-2956101edf5d	17	80637924	80655063	13	0.031
378a4408-a426-4adb-94d1-2956101edf5d	17	80655993	80660379	2	3.3837
378a4408-a426-4adb-94d1-2956101edf5d	17	80660500	83091923	945	-0.0071
378a4408-a426-4adb-94d1-2956101edf5d	18	48133	80257174	50539	0.0036
378a4408-a426-4adb-94d1-2956101edf5d	19	90910	58586487	29024	-0.0024
378a4408-a426-4adb-94d1-2956101edf5d	20	80664	1580156	1196	0.0274
378a4408-a426-4adb-94d1-2956101edf5d	20	1580276	1601561	39	1.4174
378a4408-a426-4adb-94d1-2956101edf5d	20	1609611	54021975	33523	0.007
378a4408-a426-4adb-94d1-2956101edf5d	20	54022745	54046035	47	-0.4914
378a4408-a426-4adb-94d1-2956101edf5d	20	54049104	64284715	7418	0.0067
378a4408-a426-4adb-94d1-2956101edf5d	20	64323342	64324800	5	-3.0078
378a4408-a426-4adb-94d1-2956101edf5d	21	10354168	13112100	107	-0.3902
378a4408-a426-4adb-94d1-2956101edf5d	21	13160062	36103191	16273	0.0047
378a4408-a426-4adb-94d1-2956101edf5d	21	36104061	36112582	3	2.2515
378a4408-a426-4adb-94d1-2956101edf5d	21	36112644	39625432	2723	-0.0061
378a4408-a426-4adb-94d1-2956101edf5d	21	39625738	39626196	2	2.0313
378a4408-a426-4adb-94d1-2956101edf5d	21	39628426	43307100	2948	0
378a4408-a426-4adb-94d1-2956101edf5d	21	43309453	43313191	3	2.263
378a4408-a426-4adb-94d1-2956101edf5d	21	43313213	46677045	1711	-0.0036
378a4408-a426-4adb-94d1-2956101edf5d	22	15294547	21106083	2670	-0.033
378a4408-a426-4adb-94d1-2956101edf5d	22	21106096	21106833	10	0.8184
378a4408-a426-4adb-94d1-2956101edf5d	22	21106901	38899250	12466	-0.0042
378a4408-a426-4adb-94d1-2956101edf5d	22	38900535	38900899	2	-3.9375
378a4408-a426-4adb-94d1-2956101edf5d	22	38903109	50796027	8050	0.0003
378a4408-a426-4adb-94d1-2956101edf5d	X	251810	100188650	51673	0.005
378a4408-a426-4adb-94d1-2956101edf5d	X	100189139	100193673	6	-2.4614
378a4408-a426-4adb-94d1-2956101edf5d	X	100197083	135635498	19449	0.0041
378a4408-a426-4adb-94d1-2956101edf5d	X	135635533	135635671	2	-5.3999
378a4408-a426-4adb-94d1-2956101edf5d	X	135638841	155952689	12274	0.0139
378a4408-a426-4adb-94d1-2956101edf5d	Y	2782397	56872112	6636	-0.8698
