GDC_Aliquot	Chromosome	Start	End	Num_Probes	Segment_Mean
bfc11af9-dafc-4559-a450-44f1c3b132ca	1	62920	25266637	14005	0.016
bfc11af9-dafc-4559-a450-44f1c3b132ca	1	25269390	25320253	22	0.6578
bfc11af9-dafc-4559-a450-44f1c3b132ca	1	25320455	49126305	13207	0.0126
bfc11af9-dafc-4559-a450-44f1c3b132ca	1	49132190	49141481	7	-0.9968
bfc11af9-dafc-4559-a450-44f1c3b132ca	1	49146479	72284670	15466	0.0015
bfc11af9-dafc-4559-a450-44f1c3b132ca	1	72290430	72346221	58	0.3154
bfc11af9-dafc-4559-a450-44f1c3b132ca	1	72346757	95689620	15173	0.0028
bfc11af9-dafc-4559-a450-44f1c3b132ca	1	95690160	95690510	2	-1.575
bfc11af9-dafc-4559-a450-44f1c3b132ca	1	95690660	105476583	5753	0
bfc11af9-dafc-4559-a450-44f1c3b132ca	1	105476614	105479753	16	0.7454
bfc11af9-dafc-4559-a450-44f1c3b132ca	1	105481433	109690352	2634	0.0134
bfc11af9-dafc-4559-a450-44f1c3b132ca	1	109690415	109697556	12	-1.3599
bfc11af9-dafc-4559-a450-44f1c3b132ca	1	109702376	143546558	7134	-0.0073
bfc11af9-dafc-4559-a450-44f1c3b132ca	1	143546851	143890323	117	0.2118
bfc11af9-dafc-4559-a450-44f1c3b132ca	1	143893019	144442098	10	-0.1682
bfc11af9-dafc-4559-a450-44f1c3b132ca	1	144442342	144932423	12	-0.6493
bfc11af9-dafc-4559-a450-44f1c3b132ca	1	145642976	152583051	2295	0.019
bfc11af9-dafc-4559-a450-44f1c3b132ca	1	152583230	152614118	35	1.2883
bfc11af9-dafc-4559-a450-44f1c3b132ca	1	152618018	152787202	166	0.0116
bfc11af9-dafc-4559-a450-44f1c3b132ca	1	152789447	152796224	37	0.4322
bfc11af9-dafc-4559-a450-44f1c3b132ca	1	152801429	162185305	5698	-0.001
bfc11af9-dafc-4559-a450-44f1c3b132ca	1	162185628	162186023	3	-1.467
bfc11af9-dafc-4559-a450-44f1c3b132ca	1	162188256	169247699	5567	0.0001
bfc11af9-dafc-4559-a450-44f1c3b132ca	1	169264736	169272528	7	1.0073
bfc11af9-dafc-4559-a450-44f1c3b132ca	1	169273163	174827267	3513	-0.0025
bfc11af9-dafc-4559-a450-44f1c3b132ca	1	174827418	174832716	17	-0.5771
bfc11af9-dafc-4559-a450-44f1c3b132ca	1	174832734	179457915	3142	0.0021
bfc11af9-dafc-4559-a450-44f1c3b132ca	1	179458497	179527644	34	-0.8175
bfc11af9-dafc-4559-a450-44f1c3b132ca	1	179527884	189346770	6498	0.0017
bfc11af9-dafc-4559-a450-44f1c3b132ca	1	189347244	189438439	59	0.228
bfc11af9-dafc-4559-a450-44f1c3b132ca	1	189445107	196745743	4900	0.013
bfc11af9-dafc-4559-a450-44f1c3b132ca	1	196758720	196762956	4	1.1615
bfc11af9-dafc-4559-a450-44f1c3b132ca	1	196769493	196986769	151	0.1311
bfc11af9-dafc-4559-a450-44f1c3b132ca	1	196990905	248202002	35313	0.0003
bfc11af9-dafc-4559-a450-44f1c3b132ca	1	248202044	248930189	349	0.104
bfc11af9-dafc-4559-a450-44f1c3b132ca	2	12784	4158097	2981	0.0136
bfc11af9-dafc-4559-a450-44f1c3b132ca	2	4166274	4175577	36	-0.6062
bfc11af9-dafc-4559-a450-44f1c3b132ca	2	4175922	14563570	8006	0.0011
bfc11af9-dafc-4559-a450-44f1c3b132ca	2	14564825	14569968	12	-5.213
bfc11af9-dafc-4559-a450-44f1c3b132ca	2	14570240	34476327	13028	0.0007
bfc11af9-dafc-4559-a450-44f1c3b132ca	2	34476516	34512096	45	0.604
bfc11af9-dafc-4559-a450-44f1c3b132ca	2	34512489	52527330	12985	0.0049
bfc11af9-dafc-4559-a450-44f1c3b132ca	2	52527342	52554404	39	-1.8309
bfc11af9-dafc-4559-a450-44f1c3b132ca	2	52560811	86710564	21891	-0.0019
bfc11af9-dafc-4559-a450-44f1c3b132ca	2	86725947	86726731	2	1.4563
bfc11af9-dafc-4559-a450-44f1c3b132ca	2	86743283	88836647	676	-0.0172
bfc11af9-dafc-4559-a450-44f1c3b132ca	2	88836661	90235899	309	0.1209
bfc11af9-dafc-4559-a450-44f1c3b132ca	2	90262403	97192190	916	-0.0288
bfc11af9-dafc-4559-a450-44f1c3b132ca	2	97199600	97211069	12	0.531
bfc11af9-dafc-4559-a450-44f1c3b132ca	2	97211264	97359885	15	-0.0746
bfc11af9-dafc-4559-a450-44f1c3b132ca	2	97524284	97545247	8	-1.1038
bfc11af9-dafc-4559-a450-44f1c3b132ca	2	97545726	150174288	31647	0.0018
bfc11af9-dafc-4559-a450-44f1c3b132ca	2	150174937	150181218	5	-1.0642
bfc11af9-dafc-4559-a450-44f1c3b132ca	2	150182694	152930971	1931	0.0031
bfc11af9-dafc-4559-a450-44f1c3b132ca	2	152939554	152940270	3	-0.9157
bfc11af9-dafc-4559-a450-44f1c3b132ca	2	152944055	154033296	680	-0.0082
bfc11af9-dafc-4559-a450-44f1c3b132ca	2	154039462	154039969	2	-1.7922
bfc11af9-dafc-4559-a450-44f1c3b132ca	2	154043710	179554570	15598	-0.0092
bfc11af9-dafc-4559-a450-44f1c3b132ca	2	179554808	179557127	18	0.3764
bfc11af9-dafc-4559-a450-44f1c3b132ca	2	179557142	183159734	2296	-0.0058
bfc11af9-dafc-4559-a450-44f1c3b132ca	2	183161223	185808753	1578	0.0419
bfc11af9-dafc-4559-a450-44f1c3b132ca	2	185810477	185931688	64	-0.8218
bfc11af9-dafc-4559-a450-44f1c3b132ca	2	185932295	185942666	4	-1.8967
bfc11af9-dafc-4559-a450-44f1c3b132ca	2	185943131	186019410	48	-0.8241
bfc11af9-dafc-4559-a450-44f1c3b132ca	2	186024241	194854741	4889	-0.0027
bfc11af9-dafc-4559-a450-44f1c3b132ca	2	194857163	195355833	312	0.0995
bfc11af9-dafc-4559-a450-44f1c3b132ca	2	195357235	207485538	7238	-0.0077
bfc11af9-dafc-4559-a450-44f1c3b132ca	2	207485595	207495498	27	0.4495
bfc11af9-dafc-4559-a450-44f1c3b132ca	2	207495544	212504894	3183	0.0082
bfc11af9-dafc-4559-a450-44f1c3b132ca	2	212505638	212505978	2	-2.4139
bfc11af9-dafc-4559-a450-44f1c3b132ca	2	212508264	239026729	17169	-0.0071
bfc11af9-dafc-4559-a450-44f1c3b132ca	2	239027349	239040741	10	-0.5608
bfc11af9-dafc-4559-a450-44f1c3b132ca	2	239041075	242147305	1687	0.0104
bfc11af9-dafc-4559-a450-44f1c3b132ca	3	20930	2559464	2184	0.0748
bfc11af9-dafc-4559-a450-44f1c3b132ca	3	2561544	8780118	5528	0.0077
bfc11af9-dafc-4559-a450-44f1c3b132ca	3	8783681	8816515	27	0.5352
bfc11af9-dafc-4559-a450-44f1c3b132ca	3	8825123	37935926	19850	0.0025
bfc11af9-dafc-4559-a450-44f1c3b132ca	3	37940617	37945437	18	-0.8713
bfc11af9-dafc-4559-a450-44f1c3b132ca	3	37945615	52989195	8059	-0.0018
bfc11af9-dafc-4559-a450-44f1c3b132ca	3	52994359	53004928	35	-0.5111
bfc11af9-dafc-4559-a450-44f1c3b132ca	3	53005084	68682877	12024	0.0049
bfc11af9-dafc-4559-a450-44f1c3b132ca	3	68697013	68698262	15	1.0359
bfc11af9-dafc-4559-a450-44f1c3b132ca	3	68699607	82059630	8598	0.005
bfc11af9-dafc-4559-a450-44f1c3b132ca	3	82062201	82064038	3	-1.2667
bfc11af9-dafc-4559-a450-44f1c3b132ca	3	82064741	98172340	6697	0.0118
bfc11af9-dafc-4559-a450-44f1c3b132ca	3	98172728	98211020	17	0.4076
bfc11af9-dafc-4559-a450-44f1c3b132ca	3	98213209	130067896	19314	0.0017
bfc11af9-dafc-4559-a450-44f1c3b132ca	3	130067910	130087393	28	0.6887
bfc11af9-dafc-4559-a450-44f1c3b132ca	3	130088081	162795361	20253	0.0034
bfc11af9-dafc-4559-a450-44f1c3b132ca	3	162795671	162908207	66	-1.3753
bfc11af9-dafc-4559-a450-44f1c3b132ca	3	162908784	193156958	19151	0.014
bfc11af9-dafc-4559-a450-44f1c3b132ca	3	193160113	193165114	20	0.9157
bfc11af9-dafc-4559-a450-44f1c3b132ca	3	193168646	195558822	1481	0.0035
bfc11af9-dafc-4559-a450-44f1c3b132ca	3	195559056	195720051	26	-0.8413
bfc11af9-dafc-4559-a450-44f1c3b132ca	3	195728637	195934679	99	-0.0889
bfc11af9-dafc-4559-a450-44f1c3b132ca	3	195963975	195974244	3	-1.6778
bfc11af9-dafc-4559-a450-44f1c3b132ca	3	195974292	198169247	1081	0.0143
bfc11af9-dafc-4559-a450-44f1c3b132ca	4	68929	6402659	3487	0.0083
bfc11af9-dafc-4559-a450-44f1c3b132ca	4	6402804	6402987	2	-1.5236
bfc11af9-dafc-4559-a450-44f1c3b132ca	4	6403047	9858139	1823	-0.0008
bfc11af9-dafc-4559-a450-44f1c3b132ca	4	9858273	9863418	5	-1.089
bfc11af9-dafc-4559-a450-44f1c3b132ca	4	9865878	10208766	376	-0.008
bfc11af9-dafc-4559-a450-44f1c3b132ca	4	10221792	10233542	33	-0.5569
bfc11af9-dafc-4559-a450-44f1c3b132ca	4	10233558	20261435	7416	-0.0038
bfc11af9-dafc-4559-a450-44f1c3b132ca	4	20261748	20264679	3	-1.1791
bfc11af9-dafc-4559-a450-44f1c3b132ca	4	20265034	22043756	1333	0.0119
bfc11af9-dafc-4559-a450-44f1c3b132ca	4	22047014	22069078	23	-0.8966
bfc11af9-dafc-4559-a450-44f1c3b132ca	4	22072923	29314452	4899	0.0033
bfc11af9-dafc-4559-a450-44f1c3b132ca	4	29316617	29316627	2	-1.4122
bfc11af9-dafc-4559-a450-44f1c3b132ca	4	29316643	34777432	3289	0.0164
bfc11af9-dafc-4559-a450-44f1c3b132ca	4	34784878	34823103	38	0.5131
bfc11af9-dafc-4559-a450-44f1c3b132ca	4	34828250	63839481	16554	0.0095
bfc11af9-dafc-4559-a450-44f1c3b132ca	4	63839590	63866325	29	0.3592
bfc11af9-dafc-4559-a450-44f1c3b132ca	4	63868700	69252259	3230	0.0188
bfc11af9-dafc-4559-a450-44f1c3b132ca	4	69252275	69366406	62	-0.4062
bfc11af9-dafc-4559-a450-44f1c3b132ca	4	69370433	114252544	27304	-0.0005
bfc11af9-dafc-4559-a450-44f1c3b132ca	4	114254167	114261019	23	-1.3865
bfc11af9-dafc-4559-a450-44f1c3b132ca	4	114263073	171448195	34606	0.0069
bfc11af9-dafc-4559-a450-44f1c3b132ca	4	171453733	171456625	12	1.617
bfc11af9-dafc-4559-a450-44f1c3b132ca	4	171459220	172066777	396	0.0141
bfc11af9-dafc-4559-a450-44f1c3b132ca	4	172067997	172068382	12	-1.4537
bfc11af9-dafc-4559-a450-44f1c3b132ca	4	172074828	181198851	5887	0.0145
bfc11af9-dafc-4559-a450-44f1c3b132ca	4	181202680	181202832	2	-2.5801
bfc11af9-dafc-4559-a450-44f1c3b132ca	4	181203286	190106768	6177	0.0201
bfc11af9-dafc-4559-a450-44f1c3b132ca	5	15532	728864	318	0.067
bfc11af9-dafc-4559-a450-44f1c3b132ca	5	731654	808932	20	0.4844
bfc11af9-dafc-4559-a450-44f1c3b132ca	5	817735	17515692	13003	0.0052
bfc11af9-dafc-4559-a450-44f1c3b132ca	5	17601444	17625524	11	-0.6844
bfc11af9-dafc-4559-a450-44f1c3b132ca	5	17629411	58025819	22342	0.0037
bfc11af9-dafc-4559-a450-44f1c3b132ca	5	58030200	58037706	32	2.2064
bfc11af9-dafc-4559-a450-44f1c3b132ca	5	58042530	72087069	7799	-0.0007
bfc11af9-dafc-4559-a450-44f1c3b132ca	5	72091479	72092511	2	-1.5759
bfc11af9-dafc-4559-a450-44f1c3b132ca	5	72092787	113988573	25353	0.0036
bfc11af9-dafc-4559-a450-44f1c3b132ca	5	113991308	113999692	11	-1.0331
bfc11af9-dafc-4559-a450-44f1c3b132ca	5	114001271	180951888	43631	-0.0049
bfc11af9-dafc-4559-a450-44f1c3b132ca	5	180953203	181006264	19	0.6085
bfc11af9-dafc-4559-a450-44f1c3b132ca	5	181015400	181363319	168	0.0123
bfc11af9-dafc-4559-a450-44f1c3b132ca	6	149661	254267	100	0.0135
bfc11af9-dafc-4559-a450-44f1c3b132ca	6	254283	344175	50	-0.5049
bfc11af9-dafc-4559-a450-44f1c3b132ca	6	344268	19038504	14596	0.0075
bfc11af9-dafc-4559-a450-44f1c3b132ca	6	19039888	19050737	12	-0.4875
bfc11af9-dafc-4559-a450-44f1c3b132ca	6	19050834	29869295	6860	0.0031
bfc11af9-dafc-4559-a450-44f1c3b132ca	6	29869410	29881490	16	-0.9462
bfc11af9-dafc-4559-a450-44f1c3b132ca	6	29882419	31309909	660	0.0037
bfc11af9-dafc-4559-a450-44f1c3b132ca	6	31313046	31328176	9	-1.8016
bfc11af9-dafc-4559-a450-44f1c3b132ca	6	31328210	32641650	558	-0.014
bfc11af9-dafc-4559-a450-44f1c3b132ca	6	32656527	32658841	6	-1.117
bfc11af9-dafc-4559-a450-44f1c3b132ca	6	32682835	57385590	15665	0.0035
bfc11af9-dafc-4559-a450-44f1c3b132ca	6	57387090	61143386	489	0.1202
bfc11af9-dafc-4559-a450-44f1c3b132ca	6	61153934	73882142	7909	0.0143
bfc11af9-dafc-4559-a450-44f1c3b132ca	6	73882509	73887625	9	0.8936
bfc11af9-dafc-4559-a450-44f1c3b132ca	6	73891694	76726815	1770	-0.0085
bfc11af9-dafc-4559-a450-44f1c3b132ca	6	76730151	76742924	18	-0.408
bfc11af9-dafc-4559-a450-44f1c3b132ca	6	76742956	78253157	979	0.0211
bfc11af9-dafc-4559-a450-44f1c3b132ca	6	78253172	78332056	118	0.2806
bfc11af9-dafc-4559-a450-44f1c3b132ca	6	78332092	93942689	9993	0.002
bfc11af9-dafc-4559-a450-44f1c3b132ca	6	93942822	93947846	2	1.5385
bfc11af9-dafc-4559-a450-44f1c3b132ca	6	93949814	94191955	156	0.0128
bfc11af9-dafc-4559-a450-44f1c3b132ca	6	94197311	94830801	437	0.122
bfc11af9-dafc-4559-a450-44f1c3b132ca	6	94830882	103299735	4876	0.0107
bfc11af9-dafc-4559-a450-44f1c3b132ca	6	103299855	103311304	19	-0.4269
bfc11af9-dafc-4559-a450-44f1c3b132ca	6	103311341	170741917	44107	0.0019
bfc11af9-dafc-4559-a450-44f1c3b132ca	7	43355	116066	73	0.0662
bfc11af9-dafc-4559-a450-44f1c3b132ca	7	120378	120429	2	-1.7119
bfc11af9-dafc-4559-a450-44f1c3b132ca	7	120458	8260312	4547	0.003
bfc11af9-dafc-4559-a450-44f1c3b132ca	7	8260361	10024876	1463	0.0666
bfc11af9-dafc-4559-a450-44f1c3b132ca	7	10025107	18871792	7029	0.0113
bfc11af9-dafc-4559-a450-44f1c3b132ca	7	18872334	19516382	749	0.0817
bfc11af9-dafc-4559-a450-44f1c3b132ca	7	19516500	54299223	24571	0.0003
bfc11af9-dafc-4559-a450-44f1c3b132ca	7	54305455	54318824	7	-1.7898
bfc11af9-dafc-4559-a450-44f1c3b132ca	7	54325795	62526866	2066	0.0084
bfc11af9-dafc-4559-a450-44f1c3b132ca	7	62526879	62696111	48	0.5058
bfc11af9-dafc-4559-a450-44f1c3b132ca	7	62696120	65539561	1078	0.0321
bfc11af9-dafc-4559-a450-44f1c3b132ca	7	65539576	65560736	2	-1.5136
bfc11af9-dafc-4559-a450-44f1c3b132ca	7	65561579	88823888	12881	0.0055
bfc11af9-dafc-4559-a450-44f1c3b132ca	7	88824087	90252497	931	0.0915
bfc11af9-dafc-4559-a450-44f1c3b132ca	7	90252832	142081994	31393	0.0025
bfc11af9-dafc-4559-a450-44f1c3b132ca	7	142082310	142088099	13	0.5856
bfc11af9-dafc-4559-a450-44f1c3b132ca	7	142088173	144013073	1066	-0.0004
bfc11af9-dafc-4559-a450-44f1c3b132ca	7	144013116	144014058	5	-1.0037
bfc11af9-dafc-4559-a450-44f1c3b132ca	7	144014076	144199159	138	-0.0401
bfc11af9-dafc-4559-a450-44f1c3b132ca	7	144207186	144264193	8	0.6387
bfc11af9-dafc-4559-a450-44f1c3b132ca	7	144295437	144326306	4	-0.1933
bfc11af9-dafc-4559-a450-44f1c3b132ca	7	144336758	144352208	3	1.1689
bfc11af9-dafc-4559-a450-44f1c3b132ca	7	144377836	146860193	1548	0.0157
bfc11af9-dafc-4559-a450-44f1c3b132ca	7	146865952	146960972	52	-0.8643
bfc11af9-dafc-4559-a450-44f1c3b132ca	7	146963815	153252750	3781	-0.0038
bfc11af9-dafc-4559-a450-44f1c3b132ca	7	153253409	154071285	600	0.0817
bfc11af9-dafc-4559-a450-44f1c3b132ca	7	154074587	154598185	420	-0.006
bfc11af9-dafc-4559-a450-44f1c3b132ca	7	154601461	154607903	4	-1.8955
bfc11af9-dafc-4559-a450-44f1c3b132ca	7	154609120	156505584	1534	0.0006
bfc11af9-dafc-4559-a450-44f1c3b132ca	7	156505917	156515994	11	-1.2235
bfc11af9-dafc-4559-a450-44f1c3b132ca	7	156516992	159109202	1532	0.0106
bfc11af9-dafc-4559-a450-44f1c3b132ca	7	159109258	159334314	153	0.1831
bfc11af9-dafc-4559-a450-44f1c3b132ca	8	81254	18407644	16368	0.0232
bfc11af9-dafc-4559-a450-44f1c3b132ca	8	18408647	18413675	4	-1.7152
bfc11af9-dafc-4559-a450-44f1c3b132ca	8	18413877	57204927	23332	0.002
bfc11af9-dafc-4559-a450-44f1c3b132ca	8	57205493	57217466	3	-1.3046
bfc11af9-dafc-4559-a450-44f1c3b132ca	8	57220239	141574857	54219	0.0009
bfc11af9-dafc-4559-a450-44f1c3b132ca	8	141576010	141585817	4	-1.3066
bfc11af9-dafc-4559-a450-44f1c3b132ca	8	141590139	142140841	363	-0.0214
bfc11af9-dafc-4559-a450-44f1c3b132ca	8	142143283	142152210	3	-1.4594
bfc11af9-dafc-4559-a450-44f1c3b132ca	8	142153456	143616987	552	-0.0119
bfc11af9-dafc-4559-a450-44f1c3b132ca	8	143622987	143624851	8	-2.0535
bfc11af9-dafc-4559-a450-44f1c3b132ca	8	143625638	145072769	503	0.0232
bfc11af9-dafc-4559-a450-44f1c3b132ca	9	46587	602903	508	0.0262
bfc11af9-dafc-4559-a450-44f1c3b132ca	9	606699	606893	3	-1.5997
bfc11af9-dafc-4559-a450-44f1c3b132ca	9	606961	41741113	30726	0.0123
bfc11af9-dafc-4559-a450-44f1c3b132ca	9	42014203	42727685	52	-0.3321
bfc11af9-dafc-4559-a450-44f1c3b132ca	9	42729302	92878099	17819	0.0006
bfc11af9-dafc-4559-a450-44f1c3b132ca	9	92884838	92885555	2	-2.0763
bfc11af9-dafc-4559-a450-44f1c3b132ca	9	92887727	138200944	30270	0.0082
bfc11af9-dafc-4559-a450-44f1c3b132ca	10	45792	13013836	10920	0.0091
bfc11af9-dafc-4559-a450-44f1c3b132ca	10	13014263	13016840	24	-0.9222
bfc11af9-dafc-4559-a450-44f1c3b132ca	10	13022223	24088745	8227	-0.0062
bfc11af9-dafc-4559-a450-44f1c3b132ca	10	24088746	24089125	10	-2.103
bfc11af9-dafc-4559-a450-44f1c3b132ca	10	24089979	54804382	17747	0.0025
bfc11af9-dafc-4559-a450-44f1c3b132ca	10	54807612	57231186	1681	0.0511
bfc11af9-dafc-4559-a450-44f1c3b132ca	10	57235534	58771522	1106	-0.0049
bfc11af9-dafc-4559-a450-44f1c3b132ca	10	58771552	58771921	3	-1.1144
bfc11af9-dafc-4559-a450-44f1c3b132ca	10	58776160	65548259	4638	-0.0007
bfc11af9-dafc-4559-a450-44f1c3b132ca	10	65548272	65554484	21	-0.3599
bfc11af9-dafc-4559-a450-44f1c3b132ca	10	65554643	66349580	645	0.0136
bfc11af9-dafc-4559-a450-44f1c3b132ca	10	66362774	66725815	266	0.1312
bfc11af9-dafc-4559-a450-44f1c3b132ca	10	66730170	89178916	14893	0.0058
bfc11af9-dafc-4559-a450-44f1c3b132ca	10	89183210	89190337	13	-0.8102
bfc11af9-dafc-4559-a450-44f1c3b132ca	10	89190649	133654968	30343	0.0026
bfc11af9-dafc-4559-a450-44f1c3b132ca	11	198510	4947280	2410	0.0086
bfc11af9-dafc-4559-a450-44f1c3b132ca	11	4949013	4957152	31	0.4723
bfc11af9-dafc-4559-a450-44f1c3b132ca	11	4961686	5186944	189	0.0096
bfc11af9-dafc-4559-a450-44f1c3b132ca	11	5186978	5187269	3	1.1047
bfc11af9-dafc-4559-a450-44f1c3b132ca	11	5188140	5768495	595	0.0001
bfc11af9-dafc-4559-a450-44f1c3b132ca	11	5768511	5787146	26	-0.6139
bfc11af9-dafc-4559-a450-44f1c3b132ca	11	5787818	18919323	9391	-0.0006
bfc11af9-dafc-4559-a450-44f1c3b132ca	11	18927525	18939631	35	0.8679
bfc11af9-dafc-4559-a450-44f1c3b132ca	11	18939734	21825348	2599	0.0096
bfc11af9-dafc-4559-a450-44f1c3b132ca	11	21825960	21827206	5	-2.8742
bfc11af9-dafc-4559-a450-44f1c3b132ca	11	21829111	24420560	1763	0.0084
bfc11af9-dafc-4559-a450-44f1c3b132ca	11	24420628	24428711	7	-0.9085
bfc11af9-dafc-4559-a450-44f1c3b132ca	11	24433630	25061629	461	0.0109
bfc11af9-dafc-4559-a450-44f1c3b132ca	11	25062669	25064963	5	-0.9438
bfc11af9-dafc-4559-a450-44f1c3b132ca	11	25065008	37105679	8562	0.0017
bfc11af9-dafc-4559-a450-44f1c3b132ca	11	37105744	37112952	28	0.3837
bfc11af9-dafc-4559-a450-44f1c3b132ca	11	37114376	42791601	3736	0.0194
bfc11af9-dafc-4559-a450-44f1c3b132ca	11	42794936	42796489	2	-3.1533
bfc11af9-dafc-4559-a450-44f1c3b132ca	11	42799053	55595864	4568	0.0092
bfc11af9-dafc-4559-a450-44f1c3b132ca	11	55606556	55685533	59	0.3886
bfc11af9-dafc-4559-a450-44f1c3b132ca	11	55686100	91812046	21044	0.0052
bfc11af9-dafc-4559-a450-44f1c3b132ca	11	91812305	91813400	3	-1.5667
bfc11af9-dafc-4559-a450-44f1c3b132ca	11	91815960	101723653	7468	0.0074
bfc11af9-dafc-4559-a450-44f1c3b132ca	11	101727129	101727233	4	0.9999
bfc11af9-dafc-4559-a450-44f1c3b132ca	11	101727481	127142774	17589	0.0026
bfc11af9-dafc-4559-a450-44f1c3b132ca	11	127143675	127143934	3	-1.497
bfc11af9-dafc-4559-a450-44f1c3b132ca	11	127145265	135074876	6087	0.005
bfc11af9-dafc-4559-a450-44f1c3b132ca	12	51460	11062773	7221	0.0056
bfc11af9-dafc-4559-a450-44f1c3b132ca	12	11064250	11099275	13	0.7006
bfc11af9-dafc-4559-a450-44f1c3b132ca	12	11104230	45506042	21120	0.0077
bfc11af9-dafc-4559-a450-44f1c3b132ca	12	45510655	45515754	4	-1.8491
bfc11af9-dafc-4559-a450-44f1c3b132ca	12	45519509	83769408	23579	0.0007
bfc11af9-dafc-4559-a450-44f1c3b132ca	12	83769511	83771462	3	-1.2632
bfc11af9-dafc-4559-a450-44f1c3b132ca	12	83771500	99397874	10068	0.0022
bfc11af9-dafc-4559-a450-44f1c3b132ca	12	99397993	99404942	33	-0.5602
bfc11af9-dafc-4559-a450-44f1c3b132ca	12	99404956	131284798	21777	0.0066
bfc11af9-dafc-4559-a450-44f1c3b132ca	12	131287286	131330389	22	-0.3731
bfc11af9-dafc-4559-a450-44f1c3b132ca	12	131330777	133201603	873	0.0168
bfc11af9-dafc-4559-a450-44f1c3b132ca	13	18452809	22931933	2757	0.0092
bfc11af9-dafc-4559-a450-44f1c3b132ca	13	22945791	22950543	2	-1.5409
bfc11af9-dafc-4559-a450-44f1c3b132ca	13	22950740	37496233	10705	0.0068
bfc11af9-dafc-4559-a450-44f1c3b132ca	13	37496998	37510620	17	0.7262
bfc11af9-dafc-4559-a450-44f1c3b132ca	13	37514193	63540694	16257	0.0119
bfc11af9-dafc-4559-a450-44f1c3b132ca	13	63544137	63713989	107	0.1854
bfc11af9-dafc-4559-a450-44f1c3b132ca	13	63714658	71902850	5149	0.0241
bfc11af9-dafc-4559-a450-44f1c3b132ca	13	71903417	71906467	5	-1.2607
bfc11af9-dafc-4559-a450-44f1c3b132ca	13	71912345	85287013	9037	-0.0006
bfc11af9-dafc-4559-a450-44f1c3b132ca	13	85289163	85293485	11	0.5581
bfc11af9-dafc-4559-a450-44f1c3b132ca	13	85294828	110020621	17379	0.0108
bfc11af9-dafc-4559-a450-44f1c3b132ca	13	110021267	110021301	2	-1.601
bfc11af9-dafc-4559-a450-44f1c3b132ca	13	110022432	114342922	2630	0.0093
bfc11af9-dafc-4559-a450-44f1c3b132ca	14	18239283	19110634	33	-0.2764
bfc11af9-dafc-4559-a450-44f1c3b132ca	14	19134873	19955213	134	0.9423
bfc11af9-dafc-4559-a450-44f1c3b132ca	14	19956767	43297644	14917	0.0115
bfc11af9-dafc-4559-a450-44f1c3b132ca	14	43305654	44059121	413	0.1039
bfc11af9-dafc-4559-a450-44f1c3b132ca	14	44060697	73540003	18701	0.0044
bfc11af9-dafc-4559-a450-44f1c3b132ca	14	73540147	73563196	8	-1.576
bfc11af9-dafc-4559-a450-44f1c3b132ca	14	73563211	73953773	195	-0.0033
bfc11af9-dafc-4559-a450-44f1c3b132ca	14	73957074	73957079	2	-1.2025
bfc11af9-dafc-4559-a450-44f1c3b132ca	14	73958353	77219014	2075	0.0068
bfc11af9-dafc-4559-a450-44f1c3b132ca	14	77219192	77219960	2	-2.519
bfc11af9-dafc-4559-a450-44f1c3b132ca	14	77223864	106877229	18859	0.005
bfc11af9-dafc-4559-a450-44f1c3b132ca	15	19811075	21018354	158	0.102
bfc11af9-dafc-4559-a450-44f1c3b132ca	15	21053458	21096887	9	0.8666
bfc11af9-dafc-4559-a450-44f1c3b132ca	15	21262847	30252720	4667	0.0273
bfc11af9-dafc-4559-a450-44f1c3b132ca	15	30253290	30291233	8	-1.0874
bfc11af9-dafc-4559-a450-44f1c3b132ca	15	30297594	57743161	17078	0.0063
bfc11af9-dafc-4559-a450-44f1c3b132ca	15	57743602	57746694	3	-1.7709
bfc11af9-dafc-4559-a450-44f1c3b132ca	15	57746744	76599170	11951	0.0052
bfc11af9-dafc-4559-a450-44f1c3b132ca	15	76599286	76602857	12	-1.994
bfc11af9-dafc-4559-a450-44f1c3b132ca	15	76603003	76603434	8	-0.8285
bfc11af9-dafc-4559-a450-44f1c3b132ca	15	76609838	101928837	17590	0.0082
bfc11af9-dafc-4559-a450-44f1c3b132ca	16	10777	12331159	9173	0.016
bfc11af9-dafc-4559-a450-44f1c3b132ca	16	12332623	12332788	2	-1.81
bfc11af9-dafc-4559-a450-44f1c3b132ca	16	12332812	55191171	17204	0.0139
bfc11af9-dafc-4559-a450-44f1c3b132ca	16	55193627	55197424	6	-1.1039
bfc11af9-dafc-4559-a450-44f1c3b132ca	16	55197828	55761136	512	0.0004
bfc11af9-dafc-4559-a450-44f1c3b132ca	16	55762477	55788532	22	-0.7434
bfc11af9-dafc-4559-a450-44f1c3b132ca	16	55808442	90096867	24879	0.0075
bfc11af9-dafc-4559-a450-44f1c3b132ca	17	150733	6197464	3355	0.0144
bfc11af9-dafc-4559-a450-44f1c3b132ca	17	6197476	6197491	2	-1.7699
bfc11af9-dafc-4559-a450-44f1c3b132ca	17	6197723	10873201	2940	0.0169
bfc11af9-dafc-4559-a450-44f1c3b132ca	17	10878485	10880373	3	-1.4452
bfc11af9-dafc-4559-a450-44f1c3b132ca	17	10880394	18455632	5079	0.0131
bfc11af9-dafc-4559-a450-44f1c3b132ca	17	18455635	18561272	24	-1.3879
bfc11af9-dafc-4559-a450-44f1c3b132ca	17	18561907	41273905	9405	0.0089
bfc11af9-dafc-4559-a450-44f1c3b132ca	17	41273921	41274279	4	-1.1006
bfc11af9-dafc-4559-a450-44f1c3b132ca	17	41276472	46351954	2622	0.0217
bfc11af9-dafc-4559-a450-44f1c3b132ca	17	46446345	46446360	2	2.309
bfc11af9-dafc-4559-a450-44f1c3b132ca	17	46569894	74612533	17292	0.0101
bfc11af9-dafc-4559-a450-44f1c3b132ca	17	74612695	74612787	2	-1.5861
bfc11af9-dafc-4559-a450-44f1c3b132ca	17	74614984	83091923	4241	0.0164
bfc11af9-dafc-4559-a450-44f1c3b132ca	18	48133	65533230	39880	0.0027
bfc11af9-dafc-4559-a450-44f1c3b132ca	18	65533243	65540037	18	0.7874
bfc11af9-dafc-4559-a450-44f1c3b132ca	18	65540145	69079033	2584	0.0326
bfc11af9-dafc-4559-a450-44f1c3b132ca	18	69079109	69086089	35	-0.7197
bfc11af9-dafc-4559-a450-44f1c3b132ca	18	69090459	71369287	1554	0.0131
bfc11af9-dafc-4559-a450-44f1c3b132ca	18	71369678	73686742	1837	0.0854
bfc11af9-dafc-4559-a450-44f1c3b132ca	18	73687558	76717479	2424	0.0042
bfc11af9-dafc-4559-a450-44f1c3b132ca	18	76720436	76737897	14	-0.498
bfc11af9-dafc-4559-a450-44f1c3b132ca	18	76737927	80257174	2328	0.0203
bfc11af9-dafc-4559-a450-44f1c3b132ca	19	90910	22345249	10003	0.0163
bfc11af9-dafc-4559-a450-44f1c3b132ca	19	22346763	22433132	44	0.5377
bfc11af9-dafc-4559-a450-44f1c3b132ca	19	22441252	29741539	2749	0.0108
bfc11af9-dafc-4559-a450-44f1c3b132ca	19	29743046	29744659	2	-1.3039
bfc11af9-dafc-4559-a450-44f1c3b132ca	19	29752605	35358319	3878	0.0131
bfc11af9-dafc-4559-a450-44f1c3b132ca	19	35358407	35370946	23	-0.4768
bfc11af9-dafc-4559-a450-44f1c3b132ca	19	35375842	55771003	10530	0.01
bfc11af9-dafc-4559-a450-44f1c3b132ca	19	55771169	55774927	4	1.0525
bfc11af9-dafc-4559-a450-44f1c3b132ca	19	55777575	58586487	1834	0.0317
bfc11af9-dafc-4559-a450-44f1c3b132ca	20	80664	1580353	1202	0.0287
bfc11af9-dafc-4559-a450-44f1c3b132ca	20	1580934	1613247	41	-0.5008
bfc11af9-dafc-4559-a450-44f1c3b132ca	20	1617300	54031269	33596	0.01
bfc11af9-dafc-4559-a450-44f1c3b132ca	20	54034615	54042112	35	-0.787
bfc11af9-dafc-4559-a450-44f1c3b132ca	20	54046035	64284215	7432	0.0161
bfc11af9-dafc-4559-a450-44f1c3b132ca	20	64284715	64324800	6	-0.7285
bfc11af9-dafc-4559-a450-44f1c3b132ca	21	10354168	10545475	38	-0.0498
bfc11af9-dafc-4559-a450-44f1c3b132ca	21	10548210	12996886	53	-0.4791
bfc11af9-dafc-4559-a450-44f1c3b132ca	21	13004391	46677045	23738	0.0105
bfc11af9-dafc-4559-a450-44f1c3b132ca	22	15294547	23232307	3932	0.0148
bfc11af9-dafc-4559-a450-44f1c3b132ca	22	23234925	23235402	2	-2.7392
bfc11af9-dafc-4559-a450-44f1c3b132ca	22	23239115	23929558	442	0.0108
bfc11af9-dafc-4559-a450-44f1c3b132ca	22	23940911	23990739	18	-0.7415
bfc11af9-dafc-4559-a450-44f1c3b132ca	22	23995113	38932713	10806	0.0134
bfc11af9-dafc-4559-a450-44f1c3b132ca	22	38933588	38945487	11	-0.5313
bfc11af9-dafc-4559-a450-44f1c3b132ca	22	38946594	38967614	11	0.1017
bfc11af9-dafc-4559-a450-44f1c3b132ca	22	38967679	38993700	24	-0.7164
bfc11af9-dafc-4559-a450-44f1c3b132ca	22	38993715	50796027	8000	0.0141
bfc11af9-dafc-4559-a450-44f1c3b132ca	X	251810	28835087	17493	0.0064
bfc11af9-dafc-4559-a450-44f1c3b132ca	X	28837436	28837629	2	-4.0965
bfc11af9-dafc-4559-a450-44f1c3b132ca	X	28838401	46787932	10719	0.0195
bfc11af9-dafc-4559-a450-44f1c3b132ca	X	46788183	46788333	2	-2.788
bfc11af9-dafc-4559-a450-44f1c3b132ca	X	46788358	65873487	6220	-0.0047
bfc11af9-dafc-4559-a450-44f1c3b132ca	X	65874652	65879022	4	-2.0288
bfc11af9-dafc-4559-a450-44f1c3b132ca	X	65880424	75168894	4219	-0.006
bfc11af9-dafc-4559-a450-44f1c3b132ca	X	75183385	75246926	27	1.1246
bfc11af9-dafc-4559-a450-44f1c3b132ca	X	75252456	103999203	14852	0.0042
bfc11af9-dafc-4559-a450-44f1c3b132ca	X	104003417	104013971	18	1.0554
bfc11af9-dafc-4559-a450-44f1c3b132ca	X	104015581	104016362	8	0.3267
bfc11af9-dafc-4559-a450-44f1c3b132ca	X	104021983	104050744	31	1.0366
bfc11af9-dafc-4559-a450-44f1c3b132ca	X	104050792	108629558	2261	0.0015
bfc11af9-dafc-4559-a450-44f1c3b132ca	X	108634252	108772825	61	0.9978
bfc11af9-dafc-4559-a450-44f1c3b132ca	X	108776549	121625468	7297	-0.0021
bfc11af9-dafc-4559-a450-44f1c3b132ca	X	121626426	121629402	2	-5.242
bfc11af9-dafc-4559-a450-44f1c3b132ca	X	121629577	131066794	5465	0.0134
bfc11af9-dafc-4559-a450-44f1c3b132ca	X	131067034	131067329	2	-3.9495
bfc11af9-dafc-4559-a450-44f1c3b132ca	X	131067711	155952689	14612	0.005
bfc11af9-dafc-4559-a450-44f1c3b132ca	Y	2782397	56872112	6636	-0.9145
