Sample	Chromosome	Start	End	Num_Probes	Segment_Mean
BUBBY_p_TCGA_b89_105_SNP_N_GenomeWideSNP_6_C02_777418	1	51598	88451	16	-1.0253
BUBBY_p_TCGA_b89_105_SNP_N_GenomeWideSNP_6_C02_777418	1	88465	225801	11	-0.1334
BUBBY_p_TCGA_b89_105_SNP_N_GenomeWideSNP_6_C02_777418	1	346306	394034	3	1.3857
BUBBY_p_TCGA_b89_105_SNP_N_GenomeWideSNP_6_C02_777418	1	524414	17063449	8804	0.0092
BUBBY_p_TCGA_b89_105_SNP_N_GenomeWideSNP_6_C02_777418	1	17067742	17134834	61	-0.6407
BUBBY_p_TCGA_b89_105_SNP_N_GenomeWideSNP_6_C02_777418	1	17148828	17465993	237	-4e-04
BUBBY_p_TCGA_b89_105_SNP_N_GenomeWideSNP_6_C02_777418	1	17467483	17491882	21	0.5435
BUBBY_p_TCGA_b89_105_SNP_N_GenomeWideSNP_6_C02_777418	1	17492596	25455928	5015	0.0056
BUBBY_p_TCGA_b89_105_SNP_N_GenomeWideSNP_6_C02_777418	1	25465715	25519573	28	0.5616
BUBBY_p_TCGA_b89_105_SNP_N_GenomeWideSNP_6_C02_777418	1	25534088	72541504	28791	0.0197
BUBBY_p_TCGA_b89_105_SNP_N_GenomeWideSNP_6_C02_777418	1	72541524	72583736	45	-1.3702
BUBBY_p_TCGA_b89_105_SNP_N_GenomeWideSNP_6_C02_777418	1	72584492	75823432	1932	0.0223
BUBBY_p_TCGA_b89_105_SNP_N_GenomeWideSNP_6_C02_777418	1	75827351	75827442	2	-2.3146
BUBBY_p_TCGA_b89_105_SNP_N_GenomeWideSNP_6_C02_777418	1	75832097	100142361	15910	0.0224
BUBBY_p_TCGA_b89_105_SNP_N_GenomeWideSNP_6_C02_777418	1	100144643	100144658	2	-1.5527
BUBBY_p_TCGA_b89_105_SNP_N_GenomeWideSNP_6_C02_777418	1	100144830	105803685	3202	0.0271
BUBBY_p_TCGA_b89_105_SNP_N_GenomeWideSNP_6_C02_777418	1	105814277	105830842	27	0.74
BUBBY_p_TCGA_b89_105_SNP_N_GenomeWideSNP_6_C02_777418	1	105831539	110023250	2647	0.0237
BUBBY_p_TCGA_b89_105_SNP_N_GenomeWideSNP_6_C02_777418	1	110025907	110029038	15	-0.5052
BUBBY_p_TCGA_b89_105_SNP_N_GenomeWideSNP_6_C02_777418	1	110034497	110044476	18	-1.6654
BUBBY_p_TCGA_b89_105_SNP_N_GenomeWideSNP_6_C02_777418	1	110046521	112491849	1957	0.0197
BUBBY_p_TCGA_b89_105_SNP_N_GenomeWideSNP_6_C02_777418	1	112497488	112498535	18	-0.5823
BUBBY_p_TCGA_b89_105_SNP_N_GenomeWideSNP_6_C02_777418	1	112498697	150822508	8058	0.0141
BUBBY_p_TCGA_b89_105_SNP_N_GenomeWideSNP_6_C02_777418	1	150822687	150853218	31	0.4064
BUBBY_p_TCGA_b89_105_SNP_N_GenomeWideSNP_6_C02_777418	1	150857118	151028670	175	-0.0155
BUBBY_p_TCGA_b89_105_SNP_N_GenomeWideSNP_6_C02_777418	1	151028881	151034547	24	0.5935
BUBBY_p_TCGA_b89_105_SNP_N_GenomeWideSNP_6_C02_777418	1	151034571	194998709	29578	0.023
BUBBY_p_TCGA_b89_105_SNP_N_GenomeWideSNP_6_C02_777418	1	195005246	195082414	92	-0.3171
BUBBY_p_TCGA_b89_105_SNP_N_GenomeWideSNP_6_C02_777418	1	195083353	235333993	27488	0.0217
BUBBY_p_TCGA_b89_105_SNP_N_GenomeWideSNP_6_C02_777418	1	235340642	235345777	15	-1.1609
BUBBY_p_TCGA_b89_105_SNP_N_GenomeWideSNP_6_C02_777418	1	235346828	247191011	8461	0.0124
BUBBY_p_TCGA_b89_105_SNP_N_GenomeWideSNP_6_C02_777418	2	2784	34373977	24025	0.0157
BUBBY_p_TCGA_b89_105_SNP_N_GenomeWideSNP_6_C02_777418	2	34377482	34379084	2	-2.0831
BUBBY_p_TCGA_b89_105_SNP_N_GenomeWideSNP_6_C02_777418	2	34379471	34544573	95	0.0548
BUBBY_p_TCGA_b89_105_SNP_N_GenomeWideSNP_6_C02_777418	2	34552819	34570972	24	-0.3705
BUBBY_p_TCGA_b89_105_SNP_N_GenomeWideSNP_6_C02_777418	2	34570987	86791198	35071	0.02
BUBBY_p_TCGA_b89_105_SNP_N_GenomeWideSNP_6_C02_777418	2	86806581	86807365	2	-2.085
BUBBY_p_TCGA_b89_105_SNP_N_GenomeWideSNP_6_C02_777418	2	86823917	117305056	13539	0.0185
BUBBY_p_TCGA_b89_105_SNP_N_GenomeWideSNP_6_C02_777418	2	117306237	117306323	2	-1.8
BUBBY_p_TCGA_b89_105_SNP_N_GenomeWideSNP_6_C02_777418	2	117307715	182761903	40469	0.0208
BUBBY_p_TCGA_b89_105_SNP_N_GenomeWideSNP_6_C02_777418	2	182763240	182767445	5	-1.0433
BUBBY_p_TCGA_b89_105_SNP_N_GenomeWideSNP_6_C02_777418	2	182774179	184502045	1036	0.0178
BUBBY_p_TCGA_b89_105_SNP_N_GenomeWideSNP_6_C02_777418	2	184502096	184510686	18	-0.7203
BUBBY_p_TCGA_b89_105_SNP_N_GenomeWideSNP_6_C02_777418	2	184516834	208058436	13671	0.023
BUBBY_p_TCGA_b89_105_SNP_N_GenomeWideSNP_6_C02_777418	2	208058492	208058507	2	-2.046
BUBBY_p_TCGA_b89_105_SNP_N_GenomeWideSNP_6_C02_777418	2	208058564	227050282	12359	0.0194
BUBBY_p_TCGA_b89_105_SNP_N_GenomeWideSNP_6_C02_777418	2	227051032	227054312	5	-1.1552
BUBBY_p_TCGA_b89_105_SNP_N_GenomeWideSNP_6_C02_777418	2	227056043	230966859	2556	0.016
BUBBY_p_TCGA_b89_105_SNP_N_GenomeWideSNP_6_C02_777418	2	230973595	230974522	2	1.4485
BUBBY_p_TCGA_b89_105_SNP_N_GenomeWideSNP_6_C02_777418	2	230975887	242738129	7245	0.0099
BUBBY_p_TCGA_b89_105_SNP_N_GenomeWideSNP_6_C02_777418	3	35345	68828854	47873	-0.2988
BUBBY_p_TCGA_b89_105_SNP_N_GenomeWideSNP_6_C02_777418	3	68828949	68830103	14	0.9569
BUBBY_p_TCGA_b89_105_SNP_N_GenomeWideSNP_6_C02_777418	3	68831448	95002168	13100	-0.2921
BUBBY_p_TCGA_b89_105_SNP_N_GenomeWideSNP_6_C02_777418	3	95002706	100420474	2859	0.0386
BUBBY_p_TCGA_b89_105_SNP_N_GenomeWideSNP_6_C02_777418	3	100427148	100428085	15	-1.6881
BUBBY_p_TCGA_b89_105_SNP_N_GenomeWideSNP_6_C02_777418	3	100428100	100431746	12	-3.2989
BUBBY_p_TCGA_b89_105_SNP_N_GenomeWideSNP_6_C02_777418	3	100431759	100432111	11	-1.8143
BUBBY_p_TCGA_b89_105_SNP_N_GenomeWideSNP_6_C02_777418	3	100433654	133189307	19974	0.0267
BUBBY_p_TCGA_b89_105_SNP_N_GenomeWideSNP_6_C02_777418	3	133189386	133191161	3	-1.4818
BUBBY_p_TCGA_b89_105_SNP_N_GenomeWideSNP_6_C02_777418	3	133197689	133471328	265	0.0087
BUBBY_p_TCGA_b89_105_SNP_N_GenomeWideSNP_6_C02_777418	3	133471554	133483630	10	0.5192
BUBBY_p_TCGA_b89_105_SNP_N_GenomeWideSNP_6_C02_777418	3	133485524	137501789	2588	0.025
BUBBY_p_TCGA_b89_105_SNP_N_GenomeWideSNP_6_C02_777418	3	137505641	137508116	2	-2.9661
BUBBY_p_TCGA_b89_105_SNP_N_GenomeWideSNP_6_C02_777418	3	137521231	164007552	16270	0.0328
BUBBY_p_TCGA_b89_105_SNP_N_GenomeWideSNP_6_C02_777418	3	164011324	164023184	10	-0.764
BUBBY_p_TCGA_b89_105_SNP_N_GenomeWideSNP_6_C02_777418	3	164028410	165141639	627	0.0188
BUBBY_p_TCGA_b89_105_SNP_N_GenomeWideSNP_6_C02_777418	3	165141646	165145040	8	0.6762
BUBBY_p_TCGA_b89_105_SNP_N_GenomeWideSNP_6_C02_777418	3	165145065	166523557	731	0.0373
BUBBY_p_TCGA_b89_105_SNP_N_GenomeWideSNP_6_C02_777418	3	166524242	166564633	65	-0.8347
BUBBY_p_TCGA_b89_105_SNP_N_GenomeWideSNP_6_C02_777418	3	166568123	176563305	6284	0.0292
BUBBY_p_TCGA_b89_105_SNP_N_GenomeWideSNP_6_C02_777418	3	176563441	176563920	4	-2.676
BUBBY_p_TCGA_b89_105_SNP_N_GenomeWideSNP_6_C02_777418	3	176564019	188180792	7024	0.0291
BUBBY_p_TCGA_b89_105_SNP_N_GenomeWideSNP_6_C02_777418	3	188183531	188191498	3	-1.511
BUBBY_p_TCGA_b89_105_SNP_N_GenomeWideSNP_6_C02_777418	3	188193312	190843448	1999	0.0309
BUBBY_p_TCGA_b89_105_SNP_N_GenomeWideSNP_6_C02_777418	3	190846372	190847332	11	-0.8738
BUBBY_p_TCGA_b89_105_SNP_N_GenomeWideSNP_6_C02_777418	3	190853682	195056625	2984	0.0318
BUBBY_p_TCGA_b89_105_SNP_N_GenomeWideSNP_6_C02_777418	3	195061655	195062351	3	-1.2568
BUBBY_p_TCGA_b89_105_SNP_N_GenomeWideSNP_6_C02_777418	3	195063080	196767187	1019	0.02
BUBBY_p_TCGA_b89_105_SNP_N_GenomeWideSNP_6_C02_777418	3	196868323	196941532	30	0.4522
BUBBY_p_TCGA_b89_105_SNP_N_GenomeWideSNP_6_C02_777418	3	196941547	199380515	1191	0.0311
BUBBY_p_TCGA_b89_105_SNP_N_GenomeWideSNP_6_C02_777418	4	2281	3569248	1511	-0.0034
BUBBY_p_TCGA_b89_105_SNP_N_GenomeWideSNP_6_C02_777418	4	3569667	3571982	2	-1.7537
BUBBY_p_TCGA_b89_105_SNP_N_GenomeWideSNP_6_C02_777418	4	3579188	9819488	4293	0.0128
BUBBY_p_TCGA_b89_105_SNP_N_GenomeWideSNP_6_C02_777418	4	9823258	9840596	29	-2.2875
BUBBY_p_TCGA_b89_105_SNP_N_GenomeWideSNP_6_C02_777418	4	9843312	9844366	7	-0.6645
BUBBY_p_TCGA_b89_105_SNP_N_GenomeWideSNP_6_C02_777418	4	9845240	10002252	172	-0.022
BUBBY_p_TCGA_b89_105_SNP_N_GenomeWideSNP_6_C02_777418	4	10007416	10009766	14	0.6599
BUBBY_p_TCGA_b89_105_SNP_N_GenomeWideSNP_6_C02_777418	4	10011816	48962605	25837	0.0227
BUBBY_p_TCGA_b89_105_SNP_N_GenomeWideSNP_6_C02_777418	4	48985949	48986112	2	-2.705
BUBBY_p_TCGA_b89_105_SNP_N_GenomeWideSNP_6_C02_777418	4	48991977	61617659	6099	0.0323
BUBBY_p_TCGA_b89_105_SNP_N_GenomeWideSNP_6_C02_777418	4	61619533	61624547	3	-1.0693
BUBBY_p_TCGA_b89_105_SNP_N_GenomeWideSNP_6_C02_777418	4	61628281	63813833	1188	0.0232
BUBBY_p_TCGA_b89_105_SNP_N_GenomeWideSNP_6_C02_777418	4	63823873	63834508	6	-0.8877
BUBBY_p_TCGA_b89_105_SNP_N_GenomeWideSNP_6_C02_777418	4	63837162	157076095	55897	0.0264
BUBBY_p_TCGA_b89_105_SNP_N_GenomeWideSNP_6_C02_777418	4	157079841	157080555	3	-1.727
BUBBY_p_TCGA_b89_105_SNP_N_GenomeWideSNP_6_C02_777418	4	157081811	162099647	3213	0.0235
BUBBY_p_TCGA_b89_105_SNP_N_GenomeWideSNP_6_C02_777418	4	162099753	162104050	16	-0.5942
BUBBY_p_TCGA_b89_105_SNP_N_GenomeWideSNP_6_C02_777418	4	162104358	172605106	6679	0.022
BUBBY_p_TCGA_b89_105_SNP_N_GenomeWideSNP_6_C02_777418	4	172605921	172614285	11	0.7892
BUBBY_p_TCGA_b89_105_SNP_N_GenomeWideSNP_6_C02_777418	4	172614299	173661522	642	0.0265
BUBBY_p_TCGA_b89_105_SNP_N_GenomeWideSNP_6_C02_777418	4	173661604	173665218	6	-0.8064
BUBBY_p_TCGA_b89_105_SNP_N_GenomeWideSNP_6_C02_777418	4	173677707	185996924	8352	0.0266
BUBBY_p_TCGA_b89_105_SNP_N_GenomeWideSNP_6_C02_777418	4	186000287	186015744	11	-0.9428
BUBBY_p_TCGA_b89_105_SNP_N_GenomeWideSNP_6_C02_777418	4	186015973	191261904	3533	0.0252
BUBBY_p_TCGA_b89_105_SNP_N_GenomeWideSNP_6_C02_777418	5	68532	734302	306	-0.0257
BUBBY_p_TCGA_b89_105_SNP_N_GenomeWideSNP_6_C02_777418	5	738504	832860	32	0.563
BUBBY_p_TCGA_b89_105_SNP_N_GenomeWideSNP_6_C02_777418	5	832881	46231871	30473	0.0218
BUBBY_p_TCGA_b89_105_SNP_N_GenomeWideSNP_6_C02_777418	5	46235191	46235192	2	-1.9454
BUBBY_p_TCGA_b89_105_SNP_N_GenomeWideSNP_6_C02_777418	5	46245056	46287063	13	-0.1496
BUBBY_p_TCGA_b89_105_SNP_N_GenomeWideSNP_6_C02_777418	5	46306765	46349104	10	1.1424
BUBBY_p_TCGA_b89_105_SNP_N_GenomeWideSNP_6_C02_777418	5	46349259	101167081	30418	0.0243
BUBBY_p_TCGA_b89_105_SNP_N_GenomeWideSNP_6_C02_777418	5	101167204	101326792	145	0.338
BUBBY_p_TCGA_b89_105_SNP_N_GenomeWideSNP_6_C02_777418	5	101327889	101346429	19	-0.0445
BUBBY_p_TCGA_b89_105_SNP_N_GenomeWideSNP_6_C02_777418	5	101348074	101771296	238	0.3246
BUBBY_p_TCGA_b89_105_SNP_N_GenomeWideSNP_6_C02_777418	5	101774168	103879120	1172	0.0231
BUBBY_p_TCGA_b89_105_SNP_N_GenomeWideSNP_6_C02_777418	5	103888272	103888503	4	-1.1786
BUBBY_p_TCGA_b89_105_SNP_N_GenomeWideSNP_6_C02_777418	5	103888948	106836832	1847	0.0151
BUBBY_p_TCGA_b89_105_SNP_N_GenomeWideSNP_6_C02_777418	5	106841314	180311494	48322	0.2802
BUBBY_p_TCGA_b89_105_SNP_N_GenomeWideSNP_6_C02_777418	5	180312809	180335370	6	1.4572
BUBBY_p_TCGA_b89_105_SNP_N_GenomeWideSNP_6_C02_777418	5	180335449	180722926	182	0.2561
BUBBY_p_TCGA_b89_105_SNP_N_GenomeWideSNP_6_C02_777418	6	94661	199283	101	0.0158
BUBBY_p_TCGA_b89_105_SNP_N_GenomeWideSNP_6_C02_777418	6	202353	239474	21	-0.8915
BUBBY_p_TCGA_b89_105_SNP_N_GenomeWideSNP_6_C02_777418	6	239725	326149	80	-0.3309
BUBBY_p_TCGA_b89_105_SNP_N_GenomeWideSNP_6_C02_777418	6	327559	11960577	9189	0.0169
BUBBY_p_TCGA_b89_105_SNP_N_GenomeWideSNP_6_C02_777418	6	11960626	11960637	2	-1.5343
BUBBY_p_TCGA_b89_105_SNP_N_GenomeWideSNP_6_C02_777418	6	11960824	29952013	12377	0.0194
BUBBY_p_TCGA_b89_105_SNP_N_GenomeWideSNP_6_C02_777418	6	29952351	29958175	7	-1.5607
BUBBY_p_TCGA_b89_105_SNP_N_GenomeWideSNP_6_C02_777418	6	29958253	31395201	678	-3e-04
BUBBY_p_TCGA_b89_105_SNP_N_GenomeWideSNP_6_C02_777418	6	31395480	31403385	2	2.5689
BUBBY_p_TCGA_b89_105_SNP_N_GenomeWideSNP_6_C02_777418	6	31403932	32562501	515	-0.0451
BUBBY_p_TCGA_b89_105_SNP_N_GenomeWideSNP_6_C02_777418	6	32564661	32682359	35	1.0525
BUBBY_p_TCGA_b89_105_SNP_N_GenomeWideSNP_6_C02_777418	6	32686060	32689867	6	-0.1888
BUBBY_p_TCGA_b89_105_SNP_N_GenomeWideSNP_6_C02_777418	6	32690181	32710085	10	0.6894
BUBBY_p_TCGA_b89_105_SNP_N_GenomeWideSNP_6_C02_777418	6	32710247	32798005	57	-0.0518
BUBBY_p_TCGA_b89_105_SNP_N_GenomeWideSNP_6_C02_777418	6	32798775	32798808	3	-1.3562
BUBBY_p_TCGA_b89_105_SNP_N_GenomeWideSNP_6_C02_777418	6	32798923	54039110	13706	0.0224
BUBBY_p_TCGA_b89_105_SNP_N_GenomeWideSNP_6_C02_777418	6	54039189	54039814	6	-1.1231
BUBBY_p_TCGA_b89_105_SNP_N_GenomeWideSNP_6_C02_777418	6	54043307	67094767	5498	0.0274
BUBBY_p_TCGA_b89_105_SNP_N_GenomeWideSNP_6_C02_777418	6	67097634	67099618	6	-2.387
BUBBY_p_TCGA_b89_105_SNP_N_GenomeWideSNP_6_C02_777418	6	67099913	77492878	6802	0.0239
BUBBY_p_TCGA_b89_105_SNP_N_GenomeWideSNP_6_C02_777418	6	77493251	77509476	22	0.5295
BUBBY_p_TCGA_b89_105_SNP_N_GenomeWideSNP_6_C02_777418	6	77517792	79019608	980	0.0192
BUBBY_p_TCGA_b89_105_SNP_N_GenomeWideSNP_6_C02_777418	6	79025784	79091904	112	-2.42
BUBBY_p_TCGA_b89_105_SNP_N_GenomeWideSNP_6_C02_777418	6	79095953	124473473	28248	0.0285
BUBBY_p_TCGA_b89_105_SNP_N_GenomeWideSNP_6_C02_777418	6	124477640	124503388	19	0.7101
BUBBY_p_TCGA_b89_105_SNP_N_GenomeWideSNP_6_C02_777418	6	124512064	139859051	10210	0.0239
BUBBY_p_TCGA_b89_105_SNP_N_GenomeWideSNP_6_C02_777418	6	139862986	139870454	9	-0.8083
BUBBY_p_TCGA_b89_105_SNP_N_GenomeWideSNP_6_C02_777418	6	139870609	157699483	11877	0.0241
BUBBY_p_TCGA_b89_105_SNP_N_GenomeWideSNP_6_C02_777418	6	157701252	157716064	3	-1.1819
BUBBY_p_TCGA_b89_105_SNP_N_GenomeWideSNP_6_C02_777418	6	157716982	160951776	2159	0.008
BUBBY_p_TCGA_b89_105_SNP_N_GenomeWideSNP_6_C02_777418	6	160951835	160953273	11	-0.5297
BUBBY_p_TCGA_b89_105_SNP_N_GenomeWideSNP_6_C02_777418	6	160988032	169012205	6084	0.0201
BUBBY_p_TCGA_b89_105_SNP_N_GenomeWideSNP_6_C02_777418	6	169012882	169013210	4	-1.1056
BUBBY_p_TCGA_b89_105_SNP_N_GenomeWideSNP_6_C02_777418	6	169017253	170761420	1177	0.0117
BUBBY_p_TCGA_b89_105_SNP_N_GenomeWideSNP_6_C02_777418	6	170824252	170892930	4	-1.543
BUBBY_p_TCGA_b89_105_SNP_N_GenomeWideSNP_6_C02_777418	7	52911	15193584	10275	0.0241
BUBBY_p_TCGA_b89_105_SNP_N_GenomeWideSNP_6_C02_777418	7	15196507	15197256	3	-1.2132
BUBBY_p_TCGA_b89_105_SNP_N_GenomeWideSNP_6_C02_777418	7	15201033	16865901	1359	0.0352
BUBBY_p_TCGA_b89_105_SNP_N_GenomeWideSNP_6_C02_777418	7	16866672	16881961	14	-1.0473
BUBBY_p_TCGA_b89_105_SNP_N_GenomeWideSNP_6_C02_777418	7	16884758	47138025	21719	0.0227
BUBBY_p_TCGA_b89_105_SNP_N_GenomeWideSNP_6_C02_777418	7	47143943	47145144	3	-1.362
BUBBY_p_TCGA_b89_105_SNP_N_GenomeWideSNP_6_C02_777418	7	47146090	64206287	8374	0.016
BUBBY_p_TCGA_b89_105_SNP_N_GenomeWideSNP_6_C02_777418	7	64231500	64288784	10	-0.8531
BUBBY_p_TCGA_b89_105_SNP_N_GenomeWideSNP_6_C02_777418	7	64289075	126034967	35899	0.0216
BUBBY_p_TCGA_b89_105_SNP_N_GenomeWideSNP_6_C02_777418	7	126047986	126049085	2	-2.8786
BUBBY_p_TCGA_b89_105_SNP_N_GenomeWideSNP_6_C02_777418	7	126050092	133429192	4560	0.0141
BUBBY_p_TCGA_b89_105_SNP_N_GenomeWideSNP_6_C02_777418	7	133435717	133449083	34	-0.4393
BUBBY_p_TCGA_b89_105_SNP_N_GenomeWideSNP_6_C02_777418	7	133449098	143540378	6570	0.0206
BUBBY_p_TCGA_b89_105_SNP_N_GenomeWideSNP_6_C02_777418	7	143542557	143681866	37	-0.5713
BUBBY_p_TCGA_b89_105_SNP_N_GenomeWideSNP_6_C02_777418	7	143682164	154020828	6453	0.0154
BUBBY_p_TCGA_b89_105_SNP_N_GenomeWideSNP_6_C02_777418	7	154024104	154030546	4	-2.0699
BUBBY_p_TCGA_b89_105_SNP_N_GenomeWideSNP_6_C02_777418	7	154031763	158819765	3246	0.0148
BUBBY_p_TCGA_b89_105_SNP_N_GenomeWideSNP_6_C02_777418	8	21254	2235234	1650	0.004
BUBBY_p_TCGA_b89_105_SNP_N_GenomeWideSNP_6_C02_777418	8	2242045	2246765	12	-1.8387
BUBBY_p_TCGA_b89_105_SNP_N_GenomeWideSNP_6_C02_777418	8	2257735	7181231	6171	0.0182
BUBBY_p_TCGA_b89_105_SNP_N_GenomeWideSNP_6_C02_777418	8	7202021	7225429	24	-0.4633
BUBBY_p_TCGA_b89_105_SNP_N_GenomeWideSNP_6_C02_777418	8	7237790	11986960	3442	0.0285
BUBBY_p_TCGA_b89_105_SNP_N_GenomeWideSNP_6_C02_777418	8	12025135	12038532	6	-1.0491
BUBBY_p_TCGA_b89_105_SNP_N_GenomeWideSNP_6_C02_777418	8	12071716	12278771	19	0.1125
BUBBY_p_TCGA_b89_105_SNP_N_GenomeWideSNP_6_C02_777418	8	12284206	12308120	33	0.6758
BUBBY_p_TCGA_b89_105_SNP_N_GenomeWideSNP_6_C02_777418	8	12308925	15818727	3171	0.0253
BUBBY_p_TCGA_b89_105_SNP_N_GenomeWideSNP_6_C02_777418	8	15822286	15831260	6	-1.0193
BUBBY_p_TCGA_b89_105_SNP_N_GenomeWideSNP_6_C02_777418	8	15832640	25032119	7318	0.0249
BUBBY_p_TCGA_b89_105_SNP_N_GenomeWideSNP_6_C02_777418	8	25032453	25040250	20	-0.4797
BUBBY_p_TCGA_b89_105_SNP_N_GenomeWideSNP_6_C02_777418	8	25047021	25466123	316	0.0331
BUBBY_p_TCGA_b89_105_SNP_N_GenomeWideSNP_6_C02_777418	8	25471121	25471367	3	-1.0403
BUBBY_p_TCGA_b89_105_SNP_N_GenomeWideSNP_6_C02_777418	8	25471498	40891153	9853	0.0199
BUBBY_p_TCGA_b89_105_SNP_N_GenomeWideSNP_6_C02_777418	8	40897009	40897628	2	-2.2045
BUBBY_p_TCGA_b89_105_SNP_N_GenomeWideSNP_6_C02_777418	8	40902837	112363642	40992	0.0206
BUBBY_p_TCGA_b89_105_SNP_N_GenomeWideSNP_6_C02_777418	8	112363822	112364436	7	-1.6892
BUBBY_p_TCGA_b89_105_SNP_N_GenomeWideSNP_6_C02_777418	8	112369457	146268959	22940	0.0201
BUBBY_p_TCGA_b89_105_SNP_N_GenomeWideSNP_6_C02_777418	9	36587	6674955	6380	0.0234
BUBBY_p_TCGA_b89_105_SNP_N_GenomeWideSNP_6_C02_777418	9	6675029	6677217	2	-1.4534
BUBBY_p_TCGA_b89_105_SNP_N_GenomeWideSNP_6_C02_777418	9	6679722	22482889	13498	0.0263
BUBBY_p_TCGA_b89_105_SNP_N_GenomeWideSNP_6_C02_777418	9	22491913	22492699	2	-3.9665
BUBBY_p_TCGA_b89_105_SNP_N_GenomeWideSNP_6_C02_777418	9	22499340	39295344	11393	0.0274
BUBBY_p_TCGA_b89_105_SNP_N_GenomeWideSNP_6_C02_777418	9	39300907	39304120	4	-2.3355
BUBBY_p_TCGA_b89_105_SNP_N_GenomeWideSNP_6_C02_777418	9	39305036	39332575	10	-0.0432
BUBBY_p_TCGA_b89_105_SNP_N_GenomeWideSNP_6_C02_777418	9	39332825	39759325	3	-1.5506
BUBBY_p_TCGA_b89_105_SNP_N_GenomeWideSNP_6_C02_777418	9	39763994	90005508	15009	0.0187
BUBBY_p_TCGA_b89_105_SNP_N_GenomeWideSNP_6_C02_777418	9	90009583	90011933	5	-0.8464
BUBBY_p_TCGA_b89_105_SNP_N_GenomeWideSNP_6_C02_777418	9	90012866	91098673	687	0.0199
BUBBY_p_TCGA_b89_105_SNP_N_GenomeWideSNP_6_C02_777418	9	91102847	91242944	71	0.4986
BUBBY_p_TCGA_b89_105_SNP_N_GenomeWideSNP_6_C02_777418	9	91244369	110762680	13764	0.0178
BUBBY_p_TCGA_b89_105_SNP_N_GenomeWideSNP_6_C02_777418	9	110765891	110782201	18	-0.799
BUBBY_p_TCGA_b89_105_SNP_N_GenomeWideSNP_6_C02_777418	9	110783002	140211215	19087	0.0179
BUBBY_p_TCGA_b89_105_SNP_N_GenomeWideSNP_6_C02_777418	10	62759	13089662	10941	0.015
BUBBY_p_TCGA_b89_105_SNP_N_GenomeWideSNP_6_C02_777418	10	13089891	13090176	6	-0.8273
BUBBY_p_TCGA_b89_105_SNP_N_GenomeWideSNP_6_C02_777418	10	13090434	16507248	2862	0.0218
BUBBY_p_TCGA_b89_105_SNP_N_GenomeWideSNP_6_C02_777418	10	16510899	16510939	2	-3.1677
BUBBY_p_TCGA_b89_105_SNP_N_GenomeWideSNP_6_C02_777418	10	16516277	18213969	1096	3e-04
BUBBY_p_TCGA_b89_105_SNP_N_GenomeWideSNP_6_C02_777418	10	18225129	18239819	3	-1.2194
BUBBY_p_TCGA_b89_105_SNP_N_GenomeWideSNP_6_C02_777418	10	18263653	24417680	4345	0.0241
BUBBY_p_TCGA_b89_105_SNP_N_GenomeWideSNP_6_C02_777418	10	24417681	24418060	10	-2.1776
BUBBY_p_TCGA_b89_105_SNP_N_GenomeWideSNP_6_C02_777418	10	24418914	58873055	19934	0.0163
BUBBY_p_TCGA_b89_105_SNP_N_GenomeWideSNP_6_C02_777418	10	58880511	58880779	4	-1.9236
BUBBY_p_TCGA_b89_105_SNP_N_GenomeWideSNP_6_C02_777418	10	58888501	124324003	43994	0.0191
BUBBY_p_TCGA_b89_105_SNP_N_GenomeWideSNP_6_C02_777418	10	124331524	124341003	8	-0.9801
BUBBY_p_TCGA_b89_105_SNP_N_GenomeWideSNP_6_C02_777418	10	124346802	135356694	7924	0.0082
BUBBY_p_TCGA_b89_105_SNP_N_GenomeWideSNP_6_C02_777418	11	188510	4926819	2483	0.0078
BUBBY_p_TCGA_b89_105_SNP_N_GenomeWideSNP_6_C02_777418	11	4926853	4932281	26	-1.3886
BUBBY_p_TCGA_b89_105_SNP_N_GenomeWideSNP_6_C02_777418	11	4932833	4933658	16	-0.413
BUBBY_p_TCGA_b89_105_SNP_N_GenomeWideSNP_6_C02_777418	11	4934958	5746177	786	0.0225
BUBBY_p_TCGA_b89_105_SNP_N_GenomeWideSNP_6_C02_777418	11	5746301	5746317	2	-0.5892
BUBBY_p_TCGA_b89_105_SNP_N_GenomeWideSNP_6_C02_777418	11	5746445	5766037	29	0.5357
BUBBY_p_TCGA_b89_105_SNP_N_GenomeWideSNP_6_C02_777418	11	5768936	18892830	9419	0.0167
BUBBY_p_TCGA_b89_105_SNP_N_GenomeWideSNP_6_C02_777418	11	18894043	18917978	55	0.3871
BUBBY_p_TCGA_b89_105_SNP_N_GenomeWideSNP_6_C02_777418	11	18918173	42918407	17348	0.0238
BUBBY_p_TCGA_b89_105_SNP_N_GenomeWideSNP_6_C02_777418	11	42926160	42927744	6	1.1843
BUBBY_p_TCGA_b89_105_SNP_N_GenomeWideSNP_6_C02_777418	11	42933207	55133253	4522	0.0207
BUBBY_p_TCGA_b89_105_SNP_N_GenomeWideSNP_6_C02_777418	11	55133258	55210152	46	-0.2718
BUBBY_p_TCGA_b89_105_SNP_N_GenomeWideSNP_6_C02_777418	11	55217259	83345830	16055	0.0188
BUBBY_p_TCGA_b89_105_SNP_N_GenomeWideSNP_6_C02_777418	11	83345833	83347968	2	-2.3524
BUBBY_p_TCGA_b89_105_SNP_N_GenomeWideSNP_6_C02_777418	11	83347973	126957480	30662	0.0232
BUBBY_p_TCGA_b89_105_SNP_N_GenomeWideSNP_6_C02_777418	11	126958190	126958393	2	-2.9309
BUBBY_p_TCGA_b89_105_SNP_N_GenomeWideSNP_6_C02_777418	11	126961338	129342208	1798	0.0273
BUBBY_p_TCGA_b89_105_SNP_N_GenomeWideSNP_6_C02_777418	11	129345455	129355425	6	-1.1992
BUBBY_p_TCGA_b89_105_SNP_N_GenomeWideSNP_6_C02_777418	11	129364036	134449982	3935	0.0174
BUBBY_p_TCGA_b89_105_SNP_N_GenomeWideSNP_6_C02_777418	12	20703	9525137	6208	0.0088
BUBBY_p_TCGA_b89_105_SNP_N_GenomeWideSNP_6_C02_777418	12	9529176	9619559	23	-1.5333
BUBBY_p_TCGA_b89_105_SNP_N_GenomeWideSNP_6_C02_777418	12	9626236	12427486	2047	0.0208
BUBBY_p_TCGA_b89_105_SNP_N_GenomeWideSNP_6_C02_777418	12	12427564	12433136	16	-0.7965
BUBBY_p_TCGA_b89_105_SNP_N_GenomeWideSNP_6_C02_777418	12	12434147	19370915	4585	0.0252
BUBBY_p_TCGA_b89_105_SNP_N_GenomeWideSNP_6_C02_777418	12	19376624	19378441	3	-2.0183
BUBBY_p_TCGA_b89_105_SNP_N_GenomeWideSNP_6_C02_777418	12	19381949	36273993	10874	0.0186
BUBBY_p_TCGA_b89_105_SNP_N_GenomeWideSNP_6_C02_777418	12	36298834	36300285	2	-1.7365
BUBBY_p_TCGA_b89_105_SNP_N_GenomeWideSNP_6_C02_777418	12	36320625	44190705	4780	0.0238
BUBBY_p_TCGA_b89_105_SNP_N_GenomeWideSNP_6_C02_777418	12	44192107	44195804	3	-2.1048
BUBBY_p_TCGA_b89_105_SNP_N_GenomeWideSNP_6_C02_777418	12	44199559	129178543	54729	0.0199
BUBBY_p_TCGA_b89_105_SNP_N_GenomeWideSNP_6_C02_777418	12	129179775	129180110	2	-1.6854
BUBBY_p_TCGA_b89_105_SNP_N_GenomeWideSNP_6_C02_777418	12	129180738	132288262	1840	-0.0031
BUBBY_p_TCGA_b89_105_SNP_N_GenomeWideSNP_6_C02_777418	13	17924949	36968370	13570	0.0232
BUBBY_p_TCGA_b89_105_SNP_N_GenomeWideSNP_6_C02_777418	13	36969135	36982757	17	0.7634
BUBBY_p_TCGA_b89_105_SNP_N_GenomeWideSNP_6_C02_777418	13	36986330	56649097	12551	0.0214
BUBBY_p_TCGA_b89_105_SNP_N_GenomeWideSNP_6_C02_777418	13	56656271	56711372	50	-0.4846
BUBBY_p_TCGA_b89_105_SNP_N_GenomeWideSNP_6_C02_777418	13	56712269	114126499	38162	0.0239
BUBBY_p_TCGA_b89_105_SNP_N_GenomeWideSNP_6_C02_777418	14	18072124	19227683	81	-0.0152
BUBBY_p_TCGA_b89_105_SNP_N_GenomeWideSNP_6_C02_777418	14	19270023	19492423	108	0.5705
BUBBY_p_TCGA_b89_105_SNP_N_GenomeWideSNP_6_C02_777418	14	19493212	39678679	12930	0.0244
BUBBY_p_TCGA_b89_105_SNP_N_GenomeWideSNP_6_C02_777418	14	39683673	39686670	2	1.5224
BUBBY_p_TCGA_b89_105_SNP_N_GenomeWideSNP_6_C02_777418	14	39687916	65136841	16253	0.0248
BUBBY_p_TCGA_b89_105_SNP_N_GenomeWideSNP_6_C02_777418	14	65138806	65142001	4	-1.492
BUBBY_p_TCGA_b89_105_SNP_N_GenomeWideSNP_6_C02_777418	14	65144967	105125942	25656	0.018
BUBBY_p_TCGA_b89_105_SNP_N_GenomeWideSNP_6_C02_777418	14	105149735	105150692	3	-1.3351
BUBBY_p_TCGA_b89_105_SNP_N_GenomeWideSNP_6_C02_777418	14	105153634	105270421	19	-0.0861
BUBBY_p_TCGA_b89_105_SNP_N_GenomeWideSNP_6_C02_777418	14	105289630	105295569	5	-1.1021
BUBBY_p_TCGA_b89_105_SNP_N_GenomeWideSNP_6_C02_777418	14	105317347	105606340	122	0.0246
BUBBY_p_TCGA_b89_105_SNP_N_GenomeWideSNP_6_C02_777418	14	105609107	105640508	15	0.796
BUBBY_p_TCGA_b89_105_SNP_N_GenomeWideSNP_6_C02_777418	14	105645163	106223404	322	0.0724
BUBBY_p_TCGA_b89_105_SNP_N_GenomeWideSNP_6_C02_777418	14	106224087	106245617	17	-0.3804
BUBBY_p_TCGA_b89_105_SNP_N_GenomeWideSNP_6_C02_777418	14	106247258	106356482	77	0.0738
BUBBY_p_TCGA_b89_105_SNP_N_GenomeWideSNP_6_C02_777418	15	18276341	19438545	281	-0.1
BUBBY_p_TCGA_b89_105_SNP_N_GenomeWideSNP_6_C02_777418	15	19451059	19452665	2	-2.0761
BUBBY_p_TCGA_b89_105_SNP_N_GenomeWideSNP_6_C02_777418	15	19456767	22218522	1142	-0.0119
BUBBY_p_TCGA_b89_105_SNP_N_GenomeWideSNP_6_C02_777418	15	22220749	22269266	41	-0.6468
BUBBY_p_TCGA_b89_105_SNP_N_GenomeWideSNP_6_C02_777418	15	22269689	30849051	4977	0.0138
BUBBY_p_TCGA_b89_105_SNP_N_GenomeWideSNP_6_C02_777418	15	30849684	30849764	2	-1.7117
BUBBY_p_TCGA_b89_105_SNP_N_GenomeWideSNP_6_C02_777418	15	30851589	55846731	15976	0.0218
BUBBY_p_TCGA_b89_105_SNP_N_GenomeWideSNP_6_C02_777418	15	55847395	55848181	3	-1.3556
BUBBY_p_TCGA_b89_105_SNP_N_GenomeWideSNP_6_C02_777418	15	55848323	74665417	11953	0.0195
BUBBY_p_TCGA_b89_105_SNP_N_GenomeWideSNP_6_C02_777418	15	74678296	74682830	22	0.9059
BUBBY_p_TCGA_b89_105_SNP_N_GenomeWideSNP_6_C02_777418	15	74689234	100286563	17690	0.0151
BUBBY_p_TCGA_b89_105_SNP_N_GenomeWideSNP_6_C02_777418	16	777	31192	11	-0.241
BUBBY_p_TCGA_b89_105_SNP_N_GenomeWideSNP_6_C02_777418	16	34808	16237991	11778	0.0101
BUBBY_p_TCGA_b89_105_SNP_N_GenomeWideSNP_6_C02_777418	16	16247941	16564476	23	-0.4793
BUBBY_p_TCGA_b89_105_SNP_N_GenomeWideSNP_6_C02_777418	16	16564961	22495518	3056	-0.0014
BUBBY_p_TCGA_b89_105_SNP_N_GenomeWideSNP_6_C02_777418	16	22495551	22605982	56	-0.4263
BUBBY_p_TCGA_b89_105_SNP_N_GenomeWideSNP_6_C02_777418	16	22606359	29180105	4235	0.0205
BUBBY_p_TCGA_b89_105_SNP_N_GenomeWideSNP_6_C02_777418	16	29184295	29188556	5	-1.17
BUBBY_p_TCGA_b89_105_SNP_N_GenomeWideSNP_6_C02_777418	16	29189266	31935479	923	-0.0044
BUBBY_p_TCGA_b89_105_SNP_N_GenomeWideSNP_6_C02_777418	16	31935807	32496123	88	-0.3527
BUBBY_p_TCGA_b89_105_SNP_N_GenomeWideSNP_6_C02_777418	16	32496402	32496410	5	-4.0688
BUBBY_p_TCGA_b89_105_SNP_N_GenomeWideSNP_6_C02_777418	16	32516775	32542265	13	-0.7696
BUBBY_p_TCGA_b89_105_SNP_N_GenomeWideSNP_6_C02_777418	16	32543026	33275436	72	-0.1341
BUBBY_p_TCGA_b89_105_SNP_N_GenomeWideSNP_6_C02_777418	16	33277265	33709484	104	-0.4584
BUBBY_p_TCGA_b89_105_SNP_N_GenomeWideSNP_6_C02_777418	16	33719002	88815036	32166	0.0141
BUBBY_p_TCGA_b89_105_SNP_N_GenomeWideSNP_6_C02_777418	17	526	16595026	10514	0.016
BUBBY_p_TCGA_b89_105_SNP_N_GenomeWideSNP_6_C02_777418	17	16598056	16682253	15	0.5669
BUBBY_p_TCGA_b89_105_SNP_N_GenomeWideSNP_6_C02_777418	17	16682509	18302411	923	0.0037
BUBBY_p_TCGA_b89_105_SNP_N_GenomeWideSNP_6_C02_777418	17	18305567	18405946	25	-0.9134
BUBBY_p_TCGA_b89_105_SNP_N_GenomeWideSNP_6_C02_777418	17	18409922	18905947	175	-0.001
BUBBY_p_TCGA_b89_105_SNP_N_GenomeWideSNP_6_C02_777418	17	18906254	18956377	4	-1.3808
BUBBY_p_TCGA_b89_105_SNP_N_GenomeWideSNP_6_C02_777418	17	18970881	31460821	6741	0.0123
BUBBY_p_TCGA_b89_105_SNP_N_GenomeWideSNP_6_C02_777418	17	31461241	31610407	41	-0.3167
BUBBY_p_TCGA_b89_105_SNP_N_GenomeWideSNP_6_C02_777418	17	31653809	36675234	2543	0.0137
BUBBY_p_TCGA_b89_105_SNP_N_GenomeWideSNP_6_C02_777418	17	36676540	36684057	24	-0.7033
BUBBY_p_TCGA_b89_105_SNP_N_GenomeWideSNP_6_C02_777418	17	36686250	40905309	2153	0.0044
BUBBY_p_TCGA_b89_105_SNP_N_GenomeWideSNP_6_C02_777418	17	40907666	41004323	14	-0.5318
BUBBY_p_TCGA_b89_105_SNP_N_GenomeWideSNP_6_C02_777418	17	41010873	41522088	347	-0.0063
BUBBY_p_TCGA_b89_105_SNP_N_GenomeWideSNP_6_C02_777418	17	41522239	41719947	123	0.4558
BUBBY_p_TCGA_b89_105_SNP_N_GenomeWideSNP_6_C02_777418	17	41750187	78643088	21675	0.0209
BUBBY_p_TCGA_b89_105_SNP_N_GenomeWideSNP_6_C02_777418	18	1543	38305676	24086	0.0267
BUBBY_p_TCGA_b89_105_SNP_N_GenomeWideSNP_6_C02_777418	18	38310567	38311765	25	-0.5951
BUBBY_p_TCGA_b89_105_SNP_N_GenomeWideSNP_6_C02_777418	18	38312393	61913280	16337	0.0267
BUBBY_p_TCGA_b89_105_SNP_N_GenomeWideSNP_6_C02_777418	18	61918120	61918902	3	-1.9689
BUBBY_p_TCGA_b89_105_SNP_N_GenomeWideSNP_6_C02_777418	18	61926575	76116029	10383	0.0316
BUBBY_p_TCGA_b89_105_SNP_N_GenomeWideSNP_6_C02_777418	19	41910	5457659	1597	0.0011
BUBBY_p_TCGA_b89_105_SNP_N_GenomeWideSNP_6_C02_777418	19	5461239	5461653	3	-2.5165
BUBBY_p_TCGA_b89_105_SNP_N_GenomeWideSNP_6_C02_777418	19	5461700	9346400	1926	0.0176
BUBBY_p_TCGA_b89_105_SNP_N_GenomeWideSNP_6_C02_777418	19	9348592	9495498	103	-0.7389
BUBBY_p_TCGA_b89_105_SNP_N_GenomeWideSNP_6_C02_777418	19	9499045	63789666	25736	0.0135
BUBBY_p_TCGA_b89_105_SNP_N_GenomeWideSNP_6_C02_777418	20	9305	9675	10	-0.299
BUBBY_p_TCGA_b89_105_SNP_N_GenomeWideSNP_6_C02_777418	20	9690	1509580	1198	0.0204
BUBBY_p_TCGA_b89_105_SNP_N_GenomeWideSNP_6_C02_777418	20	1509667	1528388	31	-0.2136
BUBBY_p_TCGA_b89_105_SNP_N_GenomeWideSNP_6_C02_777418	20	1528537	1538455	6	-0.9766
BUBBY_p_TCGA_b89_105_SNP_N_GenomeWideSNP_6_C02_777418	20	1538534	5096597	2602	0.0133
BUBBY_p_TCGA_b89_105_SNP_N_GenomeWideSNP_6_C02_777418	20	5098900	5099114	2	-1.3166
BUBBY_p_TCGA_b89_105_SNP_N_GenomeWideSNP_6_C02_777418	20	5101222	26253491	16210	0.0214
BUBBY_p_TCGA_b89_105_SNP_N_GenomeWideSNP_6_C02_777418	20	26253579	28143576	27	-0.6442
BUBBY_p_TCGA_b89_105_SNP_N_GenomeWideSNP_6_C02_777418	20	28147343	52078275	14923	0.0162
BUBBY_p_TCGA_b89_105_SNP_N_GenomeWideSNP_6_C02_777418	20	52081215	52092058	38	-0.647
BUBBY_p_TCGA_b89_105_SNP_N_GenomeWideSNP_6_C02_777418	20	52095981	62386512	7459	0.0127
BUBBY_p_TCGA_b89_105_SNP_N_GenomeWideSNP_6_C02_777418	20	62425139	62426597	5	-2.0307
BUBBY_p_TCGA_b89_105_SNP_N_GenomeWideSNP_6_C02_777418	21	9758742	9955957	31	-0.407
BUBBY_p_TCGA_b89_105_SNP_N_GenomeWideSNP_6_C02_777418	21	9957781	46921385	24391	0.0169
BUBBY_p_TCGA_b89_105_SNP_N_GenomeWideSNP_6_C02_777418	22	14432528	17004771	1190	0.0229
BUBBY_p_TCGA_b89_105_SNP_N_GenomeWideSNP_6_C02_777418	22	17006129	17010060	9	-1.182
BUBBY_p_TCGA_b89_105_SNP_N_GenomeWideSNP_6_C02_777418	22	17011365	17679500	314	-0.017
BUBBY_p_TCGA_b89_105_SNP_N_GenomeWideSNP_6_C02_777418	22	17683624	17690812	3	-1.3336
BUBBY_p_TCGA_b89_105_SNP_N_GenomeWideSNP_6_C02_777418	22	17694032	49581321	22053	0.0057
BUBBY_p_TCGA_b89_105_SNP_N_GenomeWideSNP_6_C02_777418	X	108477	76266264	40144	0.0152
BUBBY_p_TCGA_b89_105_SNP_N_GenomeWideSNP_6_C02_777418	X	76270041	76295047	3	-2.3694
BUBBY_p_TCGA_b89_105_SNP_N_GenomeWideSNP_6_C02_777418	X	76295049	76389662	10	-0.5124
BUBBY_p_TCGA_b89_105_SNP_N_GenomeWideSNP_6_C02_777418	X	76392684	90360724	7383	0.0244
BUBBY_p_TCGA_b89_105_SNP_N_GenomeWideSNP_6_C02_777418	X	90361183	90362642	2	-1.4003
BUBBY_p_TCGA_b89_105_SNP_N_GenomeWideSNP_6_C02_777418	X	90363757	114824651	13190	0.0247
BUBBY_p_TCGA_b89_105_SNP_N_GenomeWideSNP_6_C02_777418	X	114827557	114827701	2	-2.293
BUBBY_p_TCGA_b89_105_SNP_N_GenomeWideSNP_6_C02_777418	X	114831067	154835548	23895	0.017
BUBBY_p_TCGA_b89_105_SNP_N_GenomeWideSNP_6_C02_777418	Y	2710438	3065268	152	-2.923
BUBBY_p_TCGA_b89_105_SNP_N_GenomeWideSNP_6_C02_777418	Y	3066140	5999989	619	-2.489
BUBBY_p_TCGA_b89_105_SNP_N_GenomeWideSNP_6_C02_777418	Y	6003672	6167901	69	-2.9988
BUBBY_p_TCGA_b89_105_SNP_N_GenomeWideSNP_6_C02_777418	Y	6170498	6356423	84	-3.9581
BUBBY_p_TCGA_b89_105_SNP_N_GenomeWideSNP_6_C02_777418	Y	6359046	8412852	1109	-3.0589
BUBBY_p_TCGA_b89_105_SNP_N_GenomeWideSNP_6_C02_777418	Y	8413707	10369564	555	-3.4013
BUBBY_p_TCGA_b89_105_SNP_N_GenomeWideSNP_6_C02_777418	Y	10384614	18080874	3032	-3.0379
BUBBY_p_TCGA_b89_105_SNP_N_GenomeWideSNP_6_C02_777418	Y	18084284	19488345	674	-3.7185
BUBBY_p_TCGA_b89_105_SNP_N_GenomeWideSNP_6_C02_777418	Y	19488618	22919906	1272	-3.162
BUBBY_p_TCGA_b89_105_SNP_N_GenomeWideSNP_6_C02_777418	Y	22924247	25150665	435	-3.6394
BUBBY_p_TCGA_b89_105_SNP_N_GenomeWideSNP_6_C02_777418	Y	25168206	25211715	7	-5.9569
BUBBY_p_TCGA_b89_105_SNP_N_GenomeWideSNP_6_C02_777418	Y	25212554	25649572	50	-3.9341
BUBBY_p_TCGA_b89_105_SNP_N_GenomeWideSNP_6_C02_777418	Y	25664067	26129939	98	-2.8548
BUBBY_p_TCGA_b89_105_SNP_N_GenomeWideSNP_6_C02_777418	Y	26130472	26833326	251	-3.6684
BUBBY_p_TCGA_b89_105_SNP_N_GenomeWideSNP_6_C02_777418	Y	26847504	57427647	183	-2.8123
