Sample	Chromosome	Start	End	Num_Probes	Segment_Mean
MOHEL_p_TCGA_271_274_275_N_GenomeWideSNP_6_F09_1320470	1	51598	708526	37	-0.5179
MOHEL_p_TCGA_271_274_275_N_GenomeWideSNP_6_F09_1320470	1	713180	1618278	191	0.1905
MOHEL_p_TCGA_271_274_275_N_GenomeWideSNP_6_F09_1320470	1	1618686	1659016	14	-1.1479
MOHEL_p_TCGA_271_274_275_N_GenomeWideSNP_6_F09_1320470	1	1662463	16022502	8175	0.0294
MOHEL_p_TCGA_271_274_275_N_GenomeWideSNP_6_F09_1320470	1	16026084	16027553	9	-1.3608
MOHEL_p_TCGA_271_274_275_N_GenomeWideSNP_6_F09_1320470	1	16027597	25465715	5743	0.0217
MOHEL_p_TCGA_271_274_275_N_GenomeWideSNP_6_F09_1320470	1	25468468	25519573	27	0.7414
MOHEL_p_TCGA_271_274_275_N_GenomeWideSNP_6_F09_1320470	1	25534088	103965022	48924	-5e-04
MOHEL_p_TCGA_271_274_275_N_GenomeWideSNP_6_F09_1320470	1	103965310	104109219	32	-0.5582
MOHEL_p_TCGA_271_274_275_N_GenomeWideSNP_6_F09_1320470	1	104109634	105814899	912	0.0061
MOHEL_p_TCGA_271_274_275_N_GenomeWideSNP_6_F09_1320470	1	105820728	105823898	17	0.7904
MOHEL_p_TCGA_271_274_275_N_GenomeWideSNP_6_F09_1320470	1	105825578	146295850	10990	-0.0033
MOHEL_p_TCGA_271_274_275_N_GenomeWideSNP_6_F09_1320470	1	146297807	147509696	172	-0.6571
MOHEL_p_TCGA_271_274_275_N_GenomeWideSNP_6_F09_1320470	1	147509865	151024314	1754	0.0048
MOHEL_p_TCGA_271_274_275_N_GenomeWideSNP_6_F09_1320470	1	151026302	151035324	38	-0.5572
MOHEL_p_TCGA_271_274_275_N_GenomeWideSNP_6_F09_1320470	1	151040529	153447090	1343	0.0138
MOHEL_p_TCGA_271_274_275_N_GenomeWideSNP_6_F09_1320470	1	153455784	153467688	11	1.3334
MOHEL_p_TCGA_271_274_275_N_GenomeWideSNP_6_F09_1320470	1	153478291	172286513	13164	0.0039
MOHEL_p_TCGA_271_274_275_N_GenomeWideSNP_6_F09_1320470	1	172287024	172290227	2	-1.4808
MOHEL_p_TCGA_271_274_275_N_GenomeWideSNP_6_F09_1320470	1	172291021	173062889	348	0.011
MOHEL_p_TCGA_271_274_275_N_GenomeWideSNP_6_F09_1320470	1	173063028	173068477	18	-0.8052
MOHEL_p_TCGA_271_274_275_N_GenomeWideSNP_6_F09_1320470	1	173068495	194981496	14660	-0.0089
MOHEL_p_TCGA_271_274_275_N_GenomeWideSNP_6_F09_1320470	1	194994473	195068428	89	0.3525
MOHEL_p_TCGA_271_274_275_N_GenomeWideSNP_6_F09_1320470	1	195068473	197378049	1387	-0.0136
MOHEL_p_TCGA_271_274_275_N_GenomeWideSNP_6_F09_1320470	1	197378144	197379634	6	-2.3034
MOHEL_p_TCGA_271_274_275_N_GenomeWideSNP_6_F09_1320470	1	197380463	214248103	11611	0.0025
MOHEL_p_TCGA_271_274_275_N_GenomeWideSNP_6_F09_1320470	1	214248208	214252106	2	-1.8718
MOHEL_p_TCGA_271_274_275_N_GenomeWideSNP_6_F09_1320470	1	214254105	247191011	22957	1e-04
MOHEL_p_TCGA_271_274_275_N_GenomeWideSNP_6_F09_1320470	2	2784	34528971	24110	0.0092
MOHEL_p_TCGA_271_274_275_N_GenomeWideSNP_6_F09_1320470	2	34534998	34564978	20	-0.5559
MOHEL_p_TCGA_271_274_275_N_GenomeWideSNP_6_F09_1320470	2	34570274	34570616	6	0.5431
MOHEL_p_TCGA_271_274_275_N_GenomeWideSNP_6_F09_1320470	2	34570632	34581371	22	-0.6382
MOHEL_p_TCGA_271_274_275_N_GenomeWideSNP_6_F09_1320470	2	34590017	35829477	879	0.0039
MOHEL_p_TCGA_271_274_275_N_GenomeWideSNP_6_F09_1320470	2	35831294	35841451	7	-1.9823
MOHEL_p_TCGA_271_274_275_N_GenomeWideSNP_6_F09_1320470	2	35850977	40277948	3277	0.0084
MOHEL_p_TCGA_271_274_275_N_GenomeWideSNP_6_F09_1320470	2	40279022	40280753	3	-1.4703
MOHEL_p_TCGA_271_274_275_N_GenomeWideSNP_6_F09_1320470	2	40282946	52590281	8872	9e-04
MOHEL_p_TCGA_271_274_275_N_GenomeWideSNP_6_F09_1320470	2	52590298	52635046	50	0.415
MOHEL_p_TCGA_271_274_275_N_GenomeWideSNP_6_F09_1320470	2	52641453	130262035	43885	0.0013
MOHEL_p_TCGA_271_274_275_N_GenomeWideSNP_6_F09_1320470	2	130265745	130274847	8	-1.121
MOHEL_p_TCGA_271_274_275_N_GenomeWideSNP_6_F09_1320470	2	130275499	146581839	9759	-1e-04
MOHEL_p_TCGA_271_274_275_N_GenomeWideSNP_6_F09_1320470	2	146582217	146583404	13	-0.7983
MOHEL_p_TCGA_271_274_275_N_GenomeWideSNP_6_F09_1320470	2	146594276	174551767	17080	0.0067
MOHEL_p_TCGA_271_274_275_N_GenomeWideSNP_6_F09_1320470	2	174551956	174553822	2	-1.8208
MOHEL_p_TCGA_271_274_275_N_GenomeWideSNP_6_F09_1320470	2	174554537	242738129	42077	0.0041
MOHEL_p_TCGA_271_274_275_N_GenomeWideSNP_6_F09_1320470	3	35345	965217	757	-0.038
MOHEL_p_TCGA_271_274_275_N_GenomeWideSNP_6_F09_1320470	3	965754	971718	9	-1.0703
MOHEL_p_TCGA_271_274_275_N_GenomeWideSNP_6_F09_1320470	3	972981	5925548	4440	-0.018
MOHEL_p_TCGA_271_274_275_N_GenomeWideSNP_6_F09_1320470	3	5925921	5925995	2	-1.8695
MOHEL_p_TCGA_271_274_275_N_GenomeWideSNP_6_F09_1320470	3	5928419	26401195	14729	3e-04
MOHEL_p_TCGA_271_274_275_N_GenomeWideSNP_6_F09_1320470	3	26409128	26414347	5	-1.1589
MOHEL_p_TCGA_271_274_275_N_GenomeWideSNP_6_F09_1320470	3	26420977	46768381	13303	-0.0024
MOHEL_p_TCGA_271_274_275_N_GenomeWideSNP_6_F09_1320470	3	46776821	46824593	40	-0.8126
MOHEL_p_TCGA_271_274_275_N_GenomeWideSNP_6_F09_1320470	3	46834483	61101861	8654	0.0017
MOHEL_p_TCGA_271_274_275_N_GenomeWideSNP_6_F09_1320470	3	61102245	61103057	3	-1.4779
MOHEL_p_TCGA_271_274_275_N_GenomeWideSNP_6_F09_1320470	3	61105940	68828854	5910	0.0029
MOHEL_p_TCGA_271_274_275_N_GenomeWideSNP_6_F09_1320470	3	68828949	68830103	14	-1.8815
MOHEL_p_TCGA_271_274_275_N_GenomeWideSNP_6_F09_1320470	3	68831448	76496510	5286	-0.0015
MOHEL_p_TCGA_271_274_275_N_GenomeWideSNP_6_F09_1320470	3	76501014	76502401	3	-1.743
MOHEL_p_TCGA_271_274_275_N_GenomeWideSNP_6_F09_1320470	3	76504177	110288055	16696	-0.0034
MOHEL_p_TCGA_271_274_275_N_GenomeWideSNP_6_F09_1320470	3	110288083	110293214	4	-1.3855
MOHEL_p_TCGA_271_274_275_N_GenomeWideSNP_6_F09_1320470	3	110293258	111084713	399	-0.0025
MOHEL_p_TCGA_271_274_275_N_GenomeWideSNP_6_F09_1320470	3	111087496	111091373	2	-1.8522
MOHEL_p_TCGA_271_274_275_N_GenomeWideSNP_6_F09_1320470	3	111091852	131240523	12356	-0.0021
MOHEL_p_TCGA_271_274_275_N_GenomeWideSNP_6_F09_1320470	3	131240908	131302328	68	0.3953
MOHEL_p_TCGA_271_274_275_N_GenomeWideSNP_6_F09_1320470	3	131310768	163995786	20273	-0.0033
MOHEL_p_TCGA_271_274_275_N_GenomeWideSNP_6_F09_1320470	3	163995843	164007552	9	1.0898
MOHEL_p_TCGA_271_274_275_N_GenomeWideSNP_6_F09_1320470	3	164011324	164023184	10	-0.7541
MOHEL_p_TCGA_271_274_275_N_GenomeWideSNP_6_F09_1320470	3	164028410	164108689	48	0.7104
MOHEL_p_TCGA_271_274_275_N_GenomeWideSNP_6_F09_1320470	3	164109266	166741704	1475	-0.0117
MOHEL_p_TCGA_271_274_275_N_GenomeWideSNP_6_F09_1320470	3	166748772	166779795	39	-0.7759
MOHEL_p_TCGA_271_274_275_N_GenomeWideSNP_6_F09_1320470	3	166779809	172352795	3258	-0.0077
MOHEL_p_TCGA_271_274_275_N_GenomeWideSNP_6_F09_1320470	3	172352929	172353672	2	-1.6499
MOHEL_p_TCGA_271_274_275_N_GenomeWideSNP_6_F09_1320470	3	172355870	174790896	1630	-0.0061
MOHEL_p_TCGA_271_274_275_N_GenomeWideSNP_6_F09_1320470	3	174791040	174791057	2	-2.179
MOHEL_p_TCGA_271_274_275_N_GenomeWideSNP_6_F09_1320470	3	174794088	176428263	1114	-0.011
MOHEL_p_TCGA_271_274_275_N_GenomeWideSNP_6_F09_1320470	3	176428606	176428621	2	-1.6819
MOHEL_p_TCGA_271_274_275_N_GenomeWideSNP_6_F09_1320470	3	176428641	190843448	9163	-0.0084
MOHEL_p_TCGA_271_274_275_N_GenomeWideSNP_6_F09_1320470	3	190846372	190853682	12	-0.9077
MOHEL_p_TCGA_271_274_275_N_GenomeWideSNP_6_F09_1320470	3	190853708	194360596	2495	0.0059
MOHEL_p_TCGA_271_274_275_N_GenomeWideSNP_6_F09_1320470	3	194360656	194363536	11	1.5022
MOHEL_p_TCGA_271_274_275_N_GenomeWideSNP_6_F09_1320470	3	194365098	196766953	1493	0.0225
MOHEL_p_TCGA_271_274_275_N_GenomeWideSNP_6_F09_1320470	3	196767187	196932593	29	-0.6847
MOHEL_p_TCGA_271_274_275_N_GenomeWideSNP_6_F09_1320470	3	196941179	199380382	1188	0.0159
MOHEL_p_TCGA_271_274_275_N_GenomeWideSNP_6_F09_1320470	3	199380399	199380515	3	-1.55
MOHEL_p_TCGA_271_274_275_N_GenomeWideSNP_6_F09_1320470	4	2281	4164822	1705	0.0208
MOHEL_p_TCGA_271_274_275_N_GenomeWideSNP_6_F09_1320470	4	4169858	4203661	8	-1.0905
MOHEL_p_TCGA_271_274_275_N_GenomeWideSNP_6_F09_1320470	4	4210964	8771068	3472	0.0203
MOHEL_p_TCGA_271_274_275_N_GenomeWideSNP_6_F09_1320470	4	8773152	9153234	87	0.3844
MOHEL_p_TCGA_271_274_275_N_GenomeWideSNP_6_F09_1320470	4	9156420	9819488	532	-8e-04
MOHEL_p_TCGA_271_274_275_N_GenomeWideSNP_6_F09_1320470	4	9823258	9844366	36	1.0769
MOHEL_p_TCGA_271_274_275_N_GenomeWideSNP_6_F09_1320470	4	9845240	9999813	171	-0.0187
MOHEL_p_TCGA_271_274_275_N_GenomeWideSNP_6_F09_1320470	4	10001452	10009254	14	-0.8141
MOHEL_p_TCGA_271_274_275_N_GenomeWideSNP_6_F09_1320470	4	10009609	68927029	36328	-0.0018
MOHEL_p_TCGA_271_274_275_N_GenomeWideSNP_6_F09_1320470	4	68937665	68939354	2	-1.94
MOHEL_p_TCGA_271_274_275_N_GenomeWideSNP_6_F09_1320470	4	68942668	69027207	17	0.0214
MOHEL_p_TCGA_271_274_275_N_GenomeWideSNP_6_F09_1320470	4	69043083	69234339	76	-1.6722
MOHEL_p_TCGA_271_274_275_N_GenomeWideSNP_6_F09_1320470	4	69378740	90646899	12982	-0.0095
MOHEL_p_TCGA_271_274_275_N_GenomeWideSNP_6_F09_1320470	4	90647193	90647222	2	-3.2043
MOHEL_p_TCGA_271_274_275_N_GenomeWideSNP_6_F09_1320470	4	90647287	115393149	14758	-0.0014
MOHEL_p_TCGA_271_274_275_N_GenomeWideSNP_6_F09_1320470	4	115394772	115401624	23	-1.7591
MOHEL_p_TCGA_271_274_275_N_GenomeWideSNP_6_F09_1320470	4	115403678	162099574	28040	-0.0056
MOHEL_p_TCGA_271_274_275_N_GenomeWideSNP_6_F09_1320470	4	162099591	162104034	17	-0.8273
MOHEL_p_TCGA_271_274_275_N_GenomeWideSNP_6_F09_1320470	4	162104050	173224503	7087	-0.0104
MOHEL_p_TCGA_271_274_275_N_GenomeWideSNP_6_F09_1320470	4	173225723	173226108	12	0.9707
MOHEL_p_TCGA_271_274_275_N_GenomeWideSNP_6_F09_1320470	4	173232554	191261904	12129	-0.0059
MOHEL_p_TCGA_271_274_275_N_GenomeWideSNP_6_F09_1320470	5	68532	99793	16	-0.3211
MOHEL_p_TCGA_271_274_275_N_GenomeWideSNP_6_F09_1320470	5	101785	949815	368	0.1259
MOHEL_p_TCGA_271_274_275_N_GenomeWideSNP_6_F09_1320470	5	958701	966391	4	-1.0441
MOHEL_p_TCGA_271_274_275_N_GenomeWideSNP_6_F09_1320470	5	967053	57990671	35980	0
MOHEL_p_TCGA_271_274_275_N_GenomeWideSNP_6_F09_1320470	5	57990685	57995523	32	-0.685
MOHEL_p_TCGA_271_274_275_N_GenomeWideSNP_6_F09_1320470	5	57995540	177131055	74713	-0.004
MOHEL_p_TCGA_271_274_275_N_GenomeWideSNP_6_F09_1320470	5	177160157	177161185	2	2.3779
MOHEL_p_TCGA_271_274_275_N_GenomeWideSNP_6_F09_1320470	5	177165211	180722926	2004	0.0299
MOHEL_p_TCGA_271_274_275_N_GenomeWideSNP_6_F09_1320470	6	94661	248121	127	0.0292
MOHEL_p_TCGA_271_274_275_N_GenomeWideSNP_6_F09_1320470	6	259962	323703	72	-0.3225
MOHEL_p_TCGA_271_274_275_N_GenomeWideSNP_6_F09_1320470	6	324015	29945051	21554	-0.0018
MOHEL_p_TCGA_271_274_275_N_GenomeWideSNP_6_F09_1320470	6	29945166	29958175	17	-1.0768
MOHEL_p_TCGA_271_274_275_N_GenomeWideSNP_6_F09_1320470	6	29958253	32562501	1194	0.0199
MOHEL_p_TCGA_271_274_275_N_GenomeWideSNP_6_F09_1320470	6	32564661	32617454	17	1.9356
MOHEL_p_TCGA_271_274_275_N_GenomeWideSNP_6_F09_1320470	6	32624906	32710085	34	0.5966
MOHEL_p_TCGA_271_274_275_N_GenomeWideSNP_6_F09_1320470	6	32710247	32798005	57	0.0292
MOHEL_p_TCGA_271_274_275_N_GenomeWideSNP_6_F09_1320470	6	32798775	32798808	3	1.725
MOHEL_p_TCGA_271_274_275_N_GenomeWideSNP_6_F09_1320470	6	32798923	54039234	13696	0.0026
MOHEL_p_TCGA_271_274_275_N_GenomeWideSNP_6_F09_1320470	6	54039339	54039814	4	1.3435
MOHEL_p_TCGA_271_274_275_N_GenomeWideSNP_6_F09_1320470	6	54043307	65393663	4354	-0.0083
MOHEL_p_TCGA_271_274_275_N_GenomeWideSNP_6_F09_1320470	6	65404265	65405713	2	-2.6558
MOHEL_p_TCGA_271_274_275_N_GenomeWideSNP_6_F09_1320470	6	65407497	69743350	3015	-0.0239
MOHEL_p_TCGA_271_274_275_N_GenomeWideSNP_6_F09_1320470	6	69744419	69747691	3	-1.5956
MOHEL_p_TCGA_271_274_275_N_GenomeWideSNP_6_F09_1320470	6	69748089	74648586	3150	-0.0019
MOHEL_p_TCGA_271_274_275_N_GenomeWideSNP_6_F09_1320470	6	74648953	74654069	9	0.8068
MOHEL_p_TCGA_271_274_275_N_GenomeWideSNP_6_F09_1320470	6	74658138	87463359	8101	-0.0067
MOHEL_p_TCGA_271_274_275_N_GenomeWideSNP_6_F09_1320470	6	87463369	87467835	21	-0.7367
MOHEL_p_TCGA_271_274_275_N_GenomeWideSNP_6_F09_1320470	6	87467837	102805442	9660	-0.0103
MOHEL_p_TCGA_271_274_275_N_GenomeWideSNP_6_F09_1320470	6	102805686	102811920	4	-2.0845
MOHEL_p_TCGA_271_274_275_N_GenomeWideSNP_6_F09_1320470	6	102813156	103841522	596	-0.0091
MOHEL_p_TCGA_271_274_275_N_GenomeWideSNP_6_F09_1320470	6	103844669	103868754	46	-1.6318
MOHEL_p_TCGA_271_274_275_N_GenomeWideSNP_6_F09_1320470	6	103872163	170892930	44246	0.001
MOHEL_p_TCGA_271_274_275_N_GenomeWideSNP_6_F09_1320470	7	52911	178739	37	0.5289
MOHEL_p_TCGA_271_274_275_N_GenomeWideSNP_6_F09_1320470	7	178906	4378932	2271	0.0276
MOHEL_p_TCGA_271_274_275_N_GenomeWideSNP_6_F09_1320470	7	4383474	4385398	7	-1.0597
MOHEL_p_TCGA_271_274_275_N_GenomeWideSNP_6_F09_1320470	7	4387987	13131672	6245	-0.0165
MOHEL_p_TCGA_271_274_275_N_GenomeWideSNP_6_F09_1320470	7	13133978	13135720	8	-1.3541
MOHEL_p_TCGA_271_274_275_N_GenomeWideSNP_6_F09_1320470	7	13138694	54353999	30006	-0.0042
MOHEL_p_TCGA_271_274_275_N_GenomeWideSNP_6_F09_1320470	7	54354003	54354011	5	-2.5367
MOHEL_p_TCGA_271_274_275_N_GenomeWideSNP_6_F09_1320470	7	54360982	143075464	49882	-0.0069
MOHEL_p_TCGA_271_274_275_N_GenomeWideSNP_6_F09_1320470	7	143079312	143198992	49	0.4661
MOHEL_p_TCGA_271_274_275_N_GenomeWideSNP_6_F09_1320470	7	143203099	158819765	10005	0.0113
MOHEL_p_TCGA_271_274_275_N_GenomeWideSNP_6_F09_1320470	8	21254	583041	326	0.052
MOHEL_p_TCGA_271_274_275_N_GenomeWideSNP_6_F09_1320470	8	584944	585875	8	1.4588
MOHEL_p_TCGA_271_274_275_N_GenomeWideSNP_6_F09_1320470	8	585892	585908	2	5.1794
MOHEL_p_TCGA_271_274_275_N_GenomeWideSNP_6_F09_1320470	8	591043	2115480	1236	0.034
MOHEL_p_TCGA_271_274_275_N_GenomeWideSNP_6_F09_1320470	8	2116954	2120782	7	-1.0551
MOHEL_p_TCGA_271_274_275_N_GenomeWideSNP_6_F09_1320470	8	2128869	2284340	147	0.0058
MOHEL_p_TCGA_271_274_275_N_GenomeWideSNP_6_F09_1320470	8	2284389	2284630	3	1.1581
MOHEL_p_TCGA_271_274_275_N_GenomeWideSNP_6_F09_1320470	8	2284698	2570605	250	0.0294
MOHEL_p_TCGA_271_274_275_N_GenomeWideSNP_6_F09_1320470	8	2577323	2578458	4	-1.1671
MOHEL_p_TCGA_271_274_275_N_GenomeWideSNP_6_F09_1320470	8	2582631	2689341	137	-0.0126
MOHEL_p_TCGA_271_274_275_N_GenomeWideSNP_6_F09_1320470	8	2690940	2691306	7	-1.743
MOHEL_p_TCGA_271_274_275_N_GenomeWideSNP_6_F09_1320470	8	2694578	3984221	1651	-1e-04
MOHEL_p_TCGA_271_274_275_N_GenomeWideSNP_6_F09_1320470	8	3984471	3991699	35	-0.8359
MOHEL_p_TCGA_271_274_275_N_GenomeWideSNP_6_F09_1320470	8	3991906	7011977	4007	0.0059
MOHEL_p_TCGA_271_274_275_N_GenomeWideSNP_6_F09_1320470	8	7017400	7030750	5	-1.2051
MOHEL_p_TCGA_271_274_275_N_GenomeWideSNP_6_F09_1320470	8	7141477	25028104	14012	6e-04
MOHEL_p_TCGA_271_274_275_N_GenomeWideSNP_6_F09_1320470	8	25030360	25040167	26	0.666
MOHEL_p_TCGA_271_274_275_N_GenomeWideSNP_6_F09_1320470	8	25040250	39411253	9067	-5e-04
MOHEL_p_TCGA_271_274_275_N_GenomeWideSNP_6_F09_1320470	8	39417390	39514266	43	0.415
MOHEL_p_TCGA_271_274_275_N_GenomeWideSNP_6_F09_1320470	8	39515014	51194592	4592	0.0061
MOHEL_p_TCGA_271_274_275_N_GenomeWideSNP_6_F09_1320470	8	51194624	51195976	6	-1.1476
MOHEL_p_TCGA_271_274_275_N_GenomeWideSNP_6_F09_1320470	8	51201131	71793543	12960	-0.0027
MOHEL_p_TCGA_271_274_275_N_GenomeWideSNP_6_F09_1320470	8	71794424	71816641	3	-1.3909
MOHEL_p_TCGA_271_274_275_N_GenomeWideSNP_6_F09_1320470	8	71816789	144355854	46783	0.0021
MOHEL_p_TCGA_271_274_275_N_GenomeWideSNP_6_F09_1320470	8	144361785	144381812	16	0.5069
MOHEL_p_TCGA_271_274_275_N_GenomeWideSNP_6_F09_1320470	8	144381977	146268959	636	0.0822
MOHEL_p_TCGA_271_274_275_N_GenomeWideSNP_6_F09_1320470	9	36587	10393105	9979	-0.0085
MOHEL_p_TCGA_271_274_275_N_GenomeWideSNP_6_F09_1320470	9	10394138	10394986	2	1.8674
MOHEL_p_TCGA_271_274_275_N_GenomeWideSNP_6_F09_1320470	9	10397943	10435783	30	0.0015
MOHEL_p_TCGA_271_274_275_N_GenomeWideSNP_6_F09_1320470	9	10436062	10455578	10	-0.8443
MOHEL_p_TCGA_271_274_275_N_GenomeWideSNP_6_F09_1320470	9	10455847	10993940	484	-0.0308
MOHEL_p_TCGA_271_274_275_N_GenomeWideSNP_6_F09_1320470	9	10997955	11002926	9	-1.0419
MOHEL_p_TCGA_271_274_275_N_GenomeWideSNP_6_F09_1320470	9	11006456	69148211	21321	-0.0059
MOHEL_p_TCGA_271_274_275_N_GenomeWideSNP_6_F09_1320470	9	69148819	69179312	5	-1.3631
MOHEL_p_TCGA_271_274_275_N_GenomeWideSNP_6_F09_1320470	9	69183387	139354230	47657	0.0025
MOHEL_p_TCGA_271_274_275_N_GenomeWideSNP_6_F09_1320470	9	139370639	139412566	19	0.4634
MOHEL_p_TCGA_271_274_275_N_GenomeWideSNP_6_F09_1320470	9	139412757	140211215	402	0.0268
MOHEL_p_TCGA_271_274_275_N_GenomeWideSNP_6_F09_1320470	10	62809	66976282	44750	-8e-04
MOHEL_p_TCGA_271_274_275_N_GenomeWideSNP_6_F09_1320470	10	66977929	66984436	27	-0.7236
MOHEL_p_TCGA_271_274_275_N_GenomeWideSNP_6_F09_1320470	10	66984452	132164204	44318	7e-04
MOHEL_p_TCGA_271_274_275_N_GenomeWideSNP_6_F09_1320470	10	132164757	132183202	19	0.3874
MOHEL_p_TCGA_271_274_275_N_GenomeWideSNP_6_F09_1320470	10	132187763	135356694	1977	0.0574
MOHEL_p_TCGA_271_274_275_N_GenomeWideSNP_6_F09_1320470	11	188510	4923972	2477	0.005
MOHEL_p_TCGA_271_274_275_N_GenomeWideSNP_6_F09_1320470	11	4924226	4933069	36	0.9207
MOHEL_p_TCGA_271_274_275_N_GenomeWideSNP_6_F09_1320470	11	4933110	5743981	793	-0.0053
MOHEL_p_TCGA_271_274_275_N_GenomeWideSNP_6_F09_1320470	11	5744656	5765914	33	-0.7742
MOHEL_p_TCGA_271_274_275_N_GenomeWideSNP_6_F09_1320470	11	5766037	7769616	1503	0.007
MOHEL_p_TCGA_271_274_275_N_GenomeWideSNP_6_F09_1320470	11	7770036	7788834	6	-0.8882
MOHEL_p_TCGA_271_274_275_N_GenomeWideSNP_6_F09_1320470	11	7793585	9826362	1314	0.0072
MOHEL_p_TCGA_271_274_275_N_GenomeWideSNP_6_F09_1320470	11	9827592	9828258	4	-1.2874
MOHEL_p_TCGA_271_274_275_N_GenomeWideSNP_6_F09_1320470	11	9829389	49664951	27711	-4e-04
MOHEL_p_TCGA_271_274_275_N_GenomeWideSNP_6_F09_1320470	11	49667437	49714247	19	-0.8753
MOHEL_p_TCGA_271_274_275_N_GenomeWideSNP_6_F09_1320470	11	49714343	49715563	5	0.1121
MOHEL_p_TCGA_271_274_275_N_GenomeWideSNP_6_F09_1320470	11	49716131	49722737	7	-0.9898
MOHEL_p_TCGA_271_274_275_N_GenomeWideSNP_6_F09_1320470	11	49722785	55132856	759	-0.0535
MOHEL_p_TCGA_271_274_275_N_GenomeWideSNP_6_F09_1320470	11	55133074	55200787	41	0.491
MOHEL_p_TCGA_271_274_275_N_GenomeWideSNP_6_F09_1320470	11	55201444	55440561	180	-0.0135
MOHEL_p_TCGA_271_274_275_N_GenomeWideSNP_6_F09_1320470	11	55442375	55582767	106	-1.0093
MOHEL_p_TCGA_271_274_275_N_GenomeWideSNP_6_F09_1320470	11	55583870	65027491	5100	0.018
MOHEL_p_TCGA_271_274_275_N_GenomeWideSNP_6_F09_1320470	11	65027814	65172460	46	0.3151
MOHEL_p_TCGA_271_274_275_N_GenomeWideSNP_6_F09_1320470	11	65175940	71049433	2923	0.0171
MOHEL_p_TCGA_271_274_275_N_GenomeWideSNP_6_F09_1320470	11	71059680	71101113	11	-0.6561
MOHEL_p_TCGA_271_274_275_N_GenomeWideSNP_6_F09_1320470	11	71101267	106735929	24114	-0.0065
MOHEL_p_TCGA_271_274_275_N_GenomeWideSNP_6_F09_1320470	11	106743866	106744002	4	1.4577
MOHEL_p_TCGA_271_274_275_N_GenomeWideSNP_6_F09_1320470	11	106744024	114252392	4989	-0.0032
MOHEL_p_TCGA_271_274_275_N_GenomeWideSNP_6_F09_1320470	11	114255233	114272263	12	-1.0794
MOHEL_p_TCGA_271_274_275_N_GenomeWideSNP_6_F09_1320470	11	114272789	123408235	6544	0.0045
MOHEL_p_TCGA_271_274_275_N_GenomeWideSNP_6_F09_1320470	11	123408880	123426087	11	-1.0046
MOHEL_p_TCGA_271_274_275_N_GenomeWideSNP_6_F09_1320470	11	123426689	134449982	8398	0.0158
MOHEL_p_TCGA_271_274_275_N_GenomeWideSNP_6_F09_1320470	12	20703	9525137	6204	0.0036
MOHEL_p_TCGA_271_274_275_N_GenomeWideSNP_6_F09_1320470	12	9529176	9619559	23	-1.9644
MOHEL_p_TCGA_271_274_275_N_GenomeWideSNP_6_F09_1320470	12	9626236	132288262	78861	0.0022
MOHEL_p_TCGA_271_274_275_N_GenomeWideSNP_6_F09_1320470	13	17924949	36969135	13567	0.0061
MOHEL_p_TCGA_271_274_275_N_GenomeWideSNP_6_F09_1320470	13	36970036	36982757	16	-0.8137
MOHEL_p_TCGA_271_274_275_N_GenomeWideSNP_6_F09_1320470	13	36986330	56708301	12590	-0.0037
MOHEL_p_TCGA_271_274_275_N_GenomeWideSNP_6_F09_1320470	13	56711372	56790236	53	-0.9274
MOHEL_p_TCGA_271_274_275_N_GenomeWideSNP_6_F09_1320470	13	56790632	63243785	3805	-0.002
MOHEL_p_TCGA_271_274_275_N_GenomeWideSNP_6_F09_1320470	13	63243820	63277162	30	0.6395
MOHEL_p_TCGA_271_274_275_N_GenomeWideSNP_6_F09_1320470	13	63279130	114126499	34249	-0.0045
MOHEL_p_TCGA_271_274_275_N_GenomeWideSNP_6_F09_1320470	14	18072124	19494766	189	-0.3263
MOHEL_p_TCGA_271_274_275_N_GenomeWideSNP_6_F09_1320470	14	19495349	21462806	1352	-0.0181
MOHEL_p_TCGA_271_274_275_N_GenomeWideSNP_6_F09_1320470	14	21462823	21463385	5	-1.2048
MOHEL_p_TCGA_271_274_275_N_GenomeWideSNP_6_F09_1320470	14	21463439	32992634	7395	-0.0011
MOHEL_p_TCGA_271_274_275_N_GenomeWideSNP_6_F09_1320470	14	32993043	32993829	2	-1.8155
MOHEL_p_TCGA_271_274_275_N_GenomeWideSNP_6_F09_1320470	14	32993921	39678679	4168	0.001
MOHEL_p_TCGA_271_274_275_N_GenomeWideSNP_6_F09_1320470	14	39683673	39686670	2	-2.6396
MOHEL_p_TCGA_271_274_275_N_GenomeWideSNP_6_F09_1320470	14	39687916	69087800	18586	-0.0048
MOHEL_p_TCGA_271_274_275_N_GenomeWideSNP_6_F09_1320470	14	69088121	69092052	6	-1.1117
MOHEL_p_TCGA_271_274_275_N_GenomeWideSNP_6_F09_1320470	14	69092067	105598011	23448	0.0058
MOHEL_p_TCGA_271_274_275_N_GenomeWideSNP_6_F09_1320470	14	105601409	105618359	8	-1.0525
MOHEL_p_TCGA_271_274_275_N_GenomeWideSNP_6_F09_1320470	14	105618552	105632486	9	-3.0566
MOHEL_p_TCGA_271_274_275_N_GenomeWideSNP_6_F09_1320470	14	105638145	106005593	201	-0.0829
MOHEL_p_TCGA_271_274_275_N_GenomeWideSNP_6_F09_1320470	14	106010833	106014879	3	1.2639
MOHEL_p_TCGA_271_274_275_N_GenomeWideSNP_6_F09_1320470	14	106019613	106356482	214	0.058
MOHEL_p_TCGA_271_274_275_N_GenomeWideSNP_6_F09_1320470	15	18276341	18466953	48	-0.083
MOHEL_p_TCGA_271_274_275_N_GenomeWideSNP_6_F09_1320470	15	18476969	18838435	50	0.4235
MOHEL_p_TCGA_271_274_275_N_GenomeWideSNP_6_F09_1320470	15	18841465	19566875	208	-0.0838
MOHEL_p_TCGA_271_274_275_N_GenomeWideSNP_6_F09_1320470	15	19764921	20232614	119	0.543
MOHEL_p_TCGA_271_274_275_N_GenomeWideSNP_6_F09_1320470	15	20302458	21518776	542	0.0493
MOHEL_p_TCGA_271_274_275_N_GenomeWideSNP_6_F09_1320470	15	21520763	21522175	4	1.1951
MOHEL_p_TCGA_271_274_275_N_GenomeWideSNP_6_F09_1320470	15	21527933	22202157	451	-0.0261
MOHEL_p_TCGA_271_274_275_N_GenomeWideSNP_6_F09_1320470	15	22214855	22276386	45	-0.5909
MOHEL_p_TCGA_271_274_275_N_GenomeWideSNP_6_F09_1320470	15	22278324	24809415	1792	0.0045
MOHEL_p_TCGA_271_274_275_N_GenomeWideSNP_6_F09_1320470	15	24810446	24811378	4	-1.5668
MOHEL_p_TCGA_271_274_275_N_GenomeWideSNP_6_F09_1320470	15	24813645	28157323	1837	0.0287
MOHEL_p_TCGA_271_274_275_N_GenomeWideSNP_6_F09_1320470	15	28173703	28675248	110	-0.3667
MOHEL_p_TCGA_271_274_275_N_GenomeWideSNP_6_F09_1320470	15	28688170	54051425	16051	0.0017
MOHEL_p_TCGA_271_274_275_N_GenomeWideSNP_6_F09_1320470	15	54053918	54054125	2	-2.119
MOHEL_p_TCGA_271_274_275_N_GenomeWideSNP_6_F09_1320470	15	54060738	100286563	30796	0.0062
MOHEL_p_TCGA_271_274_275_N_GenomeWideSNP_6_F09_1320470	16	777	14878916	11132	0.0216
MOHEL_p_TCGA_271_274_275_N_GenomeWideSNP_6_F09_1320470	16	14880494	14897340	5	0.3916
MOHEL_p_TCGA_271_274_275_N_GenomeWideSNP_6_F09_1320470	16	14956269	15023758	63	-0.5552
MOHEL_p_TCGA_271_274_275_N_GenomeWideSNP_6_F09_1320470	16	15032942	52015518	14098	0.0157
MOHEL_p_TCGA_271_274_275_N_GenomeWideSNP_6_F09_1320470	16	52026888	52026964	2	2.1174
MOHEL_p_TCGA_271_274_275_N_GenomeWideSNP_6_F09_1320470	16	52027308	54354095	2028	0.0151
MOHEL_p_TCGA_271_274_275_N_GenomeWideSNP_6_F09_1320470	16	54355723	54356280	3	2.5458
MOHEL_p_TCGA_271_274_275_N_GenomeWideSNP_6_F09_1320470	16	54361849	54379945	15	0.748
MOHEL_p_TCGA_271_274_275_N_GenomeWideSNP_6_F09_1320470	16	54387058	88815036	25162	0.0156
MOHEL_p_TCGA_271_274_275_N_GenomeWideSNP_6_F09_1320470	17	526	55661	27	0.0071
MOHEL_p_TCGA_271_274_275_N_GenomeWideSNP_6_F09_1320470	17	59064	59143	2	-3.2785
MOHEL_p_TCGA_271_274_275_N_GenomeWideSNP_6_F09_1320470	17	59164	18296117	11419	0.0192
MOHEL_p_TCGA_271_274_275_N_GenomeWideSNP_6_F09_1320470	17	18299671	18353283	17	0.6364
MOHEL_p_TCGA_271_274_275_N_GenomeWideSNP_6_F09_1320470	17	18367186	31473292	6943	0.0152
MOHEL_p_TCGA_271_274_275_N_GenomeWideSNP_6_F09_1320470	17	31473533	31559764	30	0.4253
MOHEL_p_TCGA_271_274_275_N_GenomeWideSNP_6_F09_1320470	17	31567456	36504792	2447	0.0207
MOHEL_p_TCGA_271_274_275_N_GenomeWideSNP_6_F09_1320470	17	36510770	36528657	5	-1.1283
MOHEL_p_TCGA_271_274_275_N_GenomeWideSNP_6_F09_1320470	17	36530308	36633948	74	0.0054
MOHEL_p_TCGA_271_274_275_N_GenomeWideSNP_6_F09_1320470	17	36633956	36647295	6	-0.8613
MOHEL_p_TCGA_271_274_275_N_GenomeWideSNP_6_F09_1320470	17	36649382	36671898	10	-0.0273
MOHEL_p_TCGA_271_274_275_N_GenomeWideSNP_6_F09_1320470	17	36675211	36683444	20	0.5469
MOHEL_p_TCGA_271_274_275_N_GenomeWideSNP_6_F09_1320470	17	36683475	41010873	2171	0.0209
MOHEL_p_TCGA_271_274_275_N_GenomeWideSNP_6_F09_1320470	17	41012163	41015209	6	-0.9812
MOHEL_p_TCGA_271_274_275_N_GenomeWideSNP_6_F09_1320470	17	41020476	41518415	337	0.1263
MOHEL_p_TCGA_271_274_275_N_GenomeWideSNP_6_F09_1320470	17	41518916	41719947	126	-0.1831
MOHEL_p_TCGA_271_274_275_N_GenomeWideSNP_6_F09_1320470	17	41750187	42107212	46	0.645
MOHEL_p_TCGA_271_274_275_N_GenomeWideSNP_6_F09_1320470	17	42107462	78643088	21615	0.0104
MOHEL_p_TCGA_271_274_275_N_GenomeWideSNP_6_F09_1320470	18	1543	15210915	10422	-0.0024
MOHEL_p_TCGA_271_274_275_N_GenomeWideSNP_6_F09_1320470	18	15211747	16807606	38	-0.4297
MOHEL_p_TCGA_271_274_275_N_GenomeWideSNP_6_F09_1320470	18	16814352	64897086	32158	4e-04
MOHEL_p_TCGA_271_274_275_N_GenomeWideSNP_6_F09_1320470	18	64897224	64909226	45	-0.8055
MOHEL_p_TCGA_271_274_275_N_GenomeWideSNP_6_F09_1320470	18	64909246	76116029	8171	0.0082
MOHEL_p_TCGA_271_274_275_N_GenomeWideSNP_6_F09_1320470	19	41910	8702963	3145	0.0363
MOHEL_p_TCGA_271_274_275_N_GenomeWideSNP_6_F09_1320470	19	8705410	8706004	4	1.1291
MOHEL_p_TCGA_271_274_275_N_GenomeWideSNP_6_F09_1320470	19	8706449	14899939	2983	0.0065
MOHEL_p_TCGA_271_274_275_N_GenomeWideSNP_6_F09_1320470	19	14906192	14910299	3	-1.4372
MOHEL_p_TCGA_271_274_275_N_GenomeWideSNP_6_F09_1320470	19	14912287	20386516	2849	0.0109
MOHEL_p_TCGA_271_274_275_N_GenomeWideSNP_6_F09_1320470	19	20388046	20513074	72	-0.8912
MOHEL_p_TCGA_271_274_275_N_GenomeWideSNP_6_F09_1320470	19	20513302	45758301	10445	0.0021
MOHEL_p_TCGA_271_274_275_N_GenomeWideSNP_6_F09_1320470	19	45760771	45763663	3	1.7161
MOHEL_p_TCGA_271_274_275_N_GenomeWideSNP_6_F09_1320470	19	45769341	48389173	1264	0.0094
MOHEL_p_TCGA_271_274_275_N_GenomeWideSNP_6_F09_1320470	19	48394873	48458499	23	-0.7851
MOHEL_p_TCGA_271_274_275_N_GenomeWideSNP_6_F09_1320470	19	48458852	56823625	4167	0.0086
MOHEL_p_TCGA_271_274_275_N_GenomeWideSNP_6_F09_1320470	19	56834164	56836402	5	-1.2706
MOHEL_p_TCGA_271_274_275_N_GenomeWideSNP_6_F09_1320470	19	56836958	59414087	1758	0.008
MOHEL_p_TCGA_271_274_275_N_GenomeWideSNP_6_F09_1320470	19	59422014	59433131	17	-0.7484
MOHEL_p_TCGA_271_274_275_N_GenomeWideSNP_6_F09_1320470	19	59445152	63789666	2614	0.0165
MOHEL_p_TCGA_271_274_275_N_GenomeWideSNP_6_F09_1320470	20	9305	1500503	1186	0.0166
MOHEL_p_TCGA_271_274_275_N_GenomeWideSNP_6_F09_1320470	20	1505190	1508999	21	-0.7034
MOHEL_p_TCGA_271_274_275_N_GenomeWideSNP_6_F09_1320470	20	1509580	14740812	9974	0.0039
MOHEL_p_TCGA_271_274_275_N_GenomeWideSNP_6_F09_1320470	20	14740834	14740838	2	-3.3678
MOHEL_p_TCGA_271_274_275_N_GenomeWideSNP_6_F09_1320470	20	14741415	28034214	8877	0.0124
MOHEL_p_TCGA_271_274_275_N_GenomeWideSNP_6_F09_1320470	20	28042184	28119491	20	-0.8368
MOHEL_p_TCGA_271_274_275_N_GenomeWideSNP_6_F09_1320470	20	28119554	62022790	22235	0.0096
MOHEL_p_TCGA_271_274_275_N_GenomeWideSNP_6_F09_1320470	20	62028993	62030083	2	1.5968
MOHEL_p_TCGA_271_274_275_N_GenomeWideSNP_6_F09_1320470	20	62034232	62384265	177	0.1643
MOHEL_p_TCGA_271_274_275_N_GenomeWideSNP_6_F09_1320470	20	62386012	62426597	7	-0.652
MOHEL_p_TCGA_271_274_275_N_GenomeWideSNP_6_F09_1320470	21	9758742	20227640	4690	-0.0248
MOHEL_p_TCGA_271_274_275_N_GenomeWideSNP_6_F09_1320470	21	20228613	20265456	18	-1.2426
MOHEL_p_TCGA_271_274_275_N_GenomeWideSNP_6_F09_1320470	21	20266440	43792481	17929	0.0032
MOHEL_p_TCGA_271_274_275_N_GenomeWideSNP_6_F09_1320470	21	43795301	43797240	2	-2.8841
MOHEL_p_TCGA_271_274_275_N_GenomeWideSNP_6_F09_1320470	21	43798095	46921385	1767	0.0356
MOHEL_p_TCGA_271_274_275_N_GenomeWideSNP_6_F09_1320470	22	14432528	22667949	4621	0.0737
MOHEL_p_TCGA_271_274_275_N_GenomeWideSNP_6_F09_1320470	22	22674422	22726814	20	0.6446
MOHEL_p_TCGA_271_274_275_N_GenomeWideSNP_6_F09_1320470	22	22731529	23667118	552	0.0093
MOHEL_p_TCGA_271_274_275_N_GenomeWideSNP_6_F09_1320470	22	23671927	23672472	2	2.0288
MOHEL_p_TCGA_271_274_275_N_GenomeWideSNP_6_F09_1320470	22	23675450	32503406	6721	0.0137
MOHEL_p_TCGA_271_274_275_N_GenomeWideSNP_6_F09_1320470	22	32504947	32504985	4	-1.7261
MOHEL_p_TCGA_271_274_275_N_GenomeWideSNP_6_F09_1320470	22	32511422	40626649	5195	0.0207
MOHEL_p_TCGA_271_274_275_N_GenomeWideSNP_6_F09_1320470	22	40627100	40663240	12	0.5912
MOHEL_p_TCGA_271_274_275_N_GenomeWideSNP_6_F09_1320470	22	40669290	41227226	308	0.0435
MOHEL_p_TCGA_271_274_275_N_GenomeWideSNP_6_F09_1320470	22	41229384	41280435	24	0.5453
MOHEL_p_TCGA_271_274_275_N_GenomeWideSNP_6_F09_1320470	22	41285375	47156935	4453	0.015
MOHEL_p_TCGA_271_274_275_N_GenomeWideSNP_6_F09_1320470	22	47158577	47163205	8	0.7932
MOHEL_p_TCGA_271_274_275_N_GenomeWideSNP_6_F09_1320470	22	47165245	49581321	1646	0.1057
MOHEL_p_TCGA_271_274_275_N_GenomeWideSNP_6_F09_1320470	X	108477	10115957	5801	0.0199
MOHEL_p_TCGA_271_274_275_N_GenomeWideSNP_6_F09_1320470	X	10118538	10118772	2	-1.5999
MOHEL_p_TCGA_271_274_275_N_GenomeWideSNP_6_F09_1320470	X	10118910	26273067	10318	0.0102
MOHEL_p_TCGA_271_274_275_N_GenomeWideSNP_6_F09_1320470	X	26273941	26276092	3	-1.514
MOHEL_p_TCGA_271_274_275_N_GenomeWideSNP_6_F09_1320470	X	26277154	115052431	44686	-0.0014
MOHEL_p_TCGA_271_274_275_N_GenomeWideSNP_6_F09_1320470	X	115055569	115064666	5	1.3848
MOHEL_p_TCGA_271_274_275_N_GenomeWideSNP_6_F09_1320470	X	115070447	124926975	6005	0.0025
MOHEL_p_TCGA_271_274_275_N_GenomeWideSNP_6_F09_1320470	X	124929154	125114930	110	-1.0074
MOHEL_p_TCGA_271_274_275_N_GenomeWideSNP_6_F09_1320470	X	125119990	134556188	5117	0.0033
MOHEL_p_TCGA_271_274_275_N_GenomeWideSNP_6_F09_1320470	X	134561445	134561766	2	1.7739
MOHEL_p_TCGA_271_274_275_N_GenomeWideSNP_6_F09_1320470	X	134566374	140386655	3540	0.0053
MOHEL_p_TCGA_271_274_275_N_GenomeWideSNP_6_F09_1320470	X	140391026	140509460	12	-0.6187
MOHEL_p_TCGA_271_274_275_N_GenomeWideSNP_6_F09_1320470	X	140511643	154835548	8993	0.0073
MOHEL_p_TCGA_271_274_275_N_GenomeWideSNP_6_F09_1320470	Y	2710438	6009434	775	-2.8022
MOHEL_p_TCGA_271_274_275_N_GenomeWideSNP_6_F09_1320470	Y	6009944	6025169	4	-5.4424
MOHEL_p_TCGA_271_274_275_N_GenomeWideSNP_6_F09_1320470	Y	6025533	6177910	65	-3.0137
MOHEL_p_TCGA_271_274_275_N_GenomeWideSNP_6_F09_1320470	Y	6180432	6373572	86	-4.1404
MOHEL_p_TCGA_271_274_275_N_GenomeWideSNP_6_F09_1320470	Y	6375579	18080026	4689	-3.3083
MOHEL_p_TCGA_271_274_275_N_GenomeWideSNP_6_F09_1320470	Y	18080874	19484001	673	-3.9192
MOHEL_p_TCGA_271_274_275_N_GenomeWideSNP_6_F09_1320470	Y	19484450	22924247	1273	-3.3717
MOHEL_p_TCGA_271_274_275_N_GenomeWideSNP_6_F09_1320470	Y	22925190	24627620	322	-3.9133
MOHEL_p_TCGA_271_274_275_N_GenomeWideSNP_6_F09_1320470	Y	24632208	25040616	91	-3.0801
MOHEL_p_TCGA_271_274_275_N_GenomeWideSNP_6_F09_1320470	Y	25040759	25725360	83	-4.3887
MOHEL_p_TCGA_271_274_275_N_GenomeWideSNP_6_F09_1320470	Y	25776875	26129939	93	-3.0305
MOHEL_p_TCGA_271_274_275_N_GenomeWideSNP_6_F09_1320470	Y	26130472	26866725	259	-3.9179
MOHEL_p_TCGA_271_274_275_N_GenomeWideSNP_6_F09_1320470	Y	26868036	57427647	175	-2.9906
