GDC_Aliquot	Chromosome	Start	End	Num_Probes	Segment_Mean
32fda5fb-8a53-4c27-aa74-f6fe3ea24a48	1	62920	1570655	208	-0.0188
32fda5fb-8a53-4c27-aa74-f6fe3ea24a48	1	1570718	1741164	18	-0.7963
32fda5fb-8a53-4c27-aa74-f6fe3ea24a48	1	1756148	12779433	6263	-0.0049
32fda5fb-8a53-4c27-aa74-f6fe3ea24a48	1	12792599	12867264	31	-0.5811
32fda5fb-8a53-4c27-aa74-f6fe3ea24a48	1	12868035	15827002	1819	-0.0009
32fda5fb-8a53-4c27-aa74-f6fe3ea24a48	1	15827041	15828515	9	0.6889
32fda5fb-8a53-4c27-aa74-f6fe3ea24a48	1	15839166	16679239	329	0.0147
32fda5fb-8a53-4c27-aa74-f6fe3ea24a48	1	16679281	16721984	11	0.5714
32fda5fb-8a53-4c27-aa74-f6fe3ea24a48	1	16766762	16785682	11	0.0146
32fda5fb-8a53-4c27-aa74-f6fe3ea24a48	1	16787932	16935752	58	0.6306
32fda5fb-8a53-4c27-aa74-f6fe3ea24a48	1	16949746	25269914	5265	0.0072
32fda5fb-8a53-4c27-aa74-f6fe3ea24a48	1	25273814	25346663	23	0.5271
32fda5fb-8a53-4c27-aa74-f6fe3ea24a48	1	25351593	61647091	21425	0.0038
32fda5fb-8a53-4c27-aa74-f6fe3ea24a48	1	61647430	61652515	5	-0.9953
32fda5fb-8a53-4c27-aa74-f6fe3ea24a48	1	61654137	103616762	27357	-0.0039
32fda5fb-8a53-4c27-aa74-f6fe3ea24a48	1	103620877	103760781	7	1.1268
32fda5fb-8a53-4c27-aa74-f6fe3ea24a48	1	103760879	105478759	924	-0.0122
32fda5fb-8a53-4c27-aa74-f6fe3ea24a48	1	105479005	105479753	9	-0.8201
32fda5fb-8a53-4c27-aa74-f6fe3ea24a48	1	105481433	109690949	2638	-0.0041
32fda5fb-8a53-4c27-aa74-f6fe3ea24a48	1	109691609	109691788	2	-1.845
32fda5fb-8a53-4c27-aa74-f6fe3ea24a48	1	109691933	110834746	841	-0.0023
32fda5fb-8a53-4c27-aa74-f6fe3ea24a48	1	110834943	110845604	38	-0.8216
32fda5fb-8a53-4c27-aa74-f6fe3ea24a48	1	110849445	143494500	6261	-0.0013
32fda5fb-8a53-4c27-aa74-f6fe3ea24a48	1	143541857	143942271	126	-0.7862
32fda5fb-8a53-4c27-aa74-f6fe3ea24a48	1	144432083	152583230	2314	0.0001
32fda5fb-8a53-4c27-aa74-f6fe3ea24a48	1	152583291	152613762	30	-2.1576
32fda5fb-8a53-4c27-aa74-f6fe3ea24a48	1	152613802	152787202	171	0.0165
32fda5fb-8a53-4c27-aa74-f6fe3ea24a48	1	152789447	152796224	37	0.5916
32fda5fb-8a53-4c27-aa74-f6fe3ea24a48	1	152801429	196745743	29443	-0.0027
32fda5fb-8a53-4c27-aa74-f6fe3ea24a48	1	196758720	196832720	58	0.4531
32fda5fb-8a53-4c27-aa74-f6fe3ea24a48	1	196843377	209897717	8789	-0.0032
32fda5fb-8a53-4c27-aa74-f6fe3ea24a48	1	209908268	209908720	2	-2.3921
32fda5fb-8a53-4c27-aa74-f6fe3ea24a48	1	209910639	248424525	26803	0.0021
32fda5fb-8a53-4c27-aa74-f6fe3ea24a48	1	248429571	248471839	15	0.6334
32fda5fb-8a53-4c27-aa74-f6fe3ea24a48	1	248473963	248546369	15	-0.0918
32fda5fb-8a53-4c27-aa74-f6fe3ea24a48	1	248550567	248574146	3	-1.1993
32fda5fb-8a53-4c27-aa74-f6fe3ea24a48	1	248585893	248633912	32	-2.5829
32fda5fb-8a53-4c27-aa74-f6fe3ea24a48	1	248645563	248930189	141	0.0089
32fda5fb-8a53-4c27-aa74-f6fe3ea24a48	2	12784	6832210	5325	0.0003
32fda5fb-8a53-4c27-aa74-f6fe3ea24a48	2	6837388	6843217	7	-1.0697
32fda5fb-8a53-4c27-aa74-f6fe3ea24a48	2	6849508	52511902	31775	0.003
32fda5fb-8a53-4c27-aa74-f6fe3ea24a48	2	52511964	52554384	44	0.4682
32fda5fb-8a53-4c27-aa74-f6fe3ea24a48	2	52554404	97359885	23829	0.0036
32fda5fb-8a53-4c27-aa74-f6fe3ea24a48	2	97524284	97545726	9	1.1879
32fda5fb-8a53-4c27-aa74-f6fe3ea24a48	2	97550415	100181262	1444	0.0109
32fda5fb-8a53-4c27-aa74-f6fe3ea24a48	2	100183352	100195441	5	-0.7172
32fda5fb-8a53-4c27-aa74-f6fe3ea24a48	2	100195508	106258266	4115	0.0051
32fda5fb-8a53-4c27-aa74-f6fe3ea24a48	2	106263639	106270952	14	0.8489
32fda5fb-8a53-4c27-aa74-f6fe3ea24a48	2	106271414	126046786	11666	-0.0007
32fda5fb-8a53-4c27-aa74-f6fe3ea24a48	2	126049097	126150252	43	-0.9911
32fda5fb-8a53-4c27-aa74-f6fe3ea24a48	2	126153016	126173742	9	-0.4659
32fda5fb-8a53-4c27-aa74-f6fe3ea24a48	2	126177997	126297448	76	-1.1504
32fda5fb-8a53-4c27-aa74-f6fe3ea24a48	2	126299138	242147305	71047	0.0047
32fda5fb-8a53-4c27-aa74-f6fe3ea24a48	3	20930	37935926	27609	0.0039
32fda5fb-8a53-4c27-aa74-f6fe3ea24a48	3	37940617	37945437	18	-1.0241
32fda5fb-8a53-4c27-aa74-f6fe3ea24a48	3	37945615	47354111	5817	-0.0014
32fda5fb-8a53-4c27-aa74-f6fe3ea24a48	3	47358421	47363961	4	-1.2696
32fda5fb-8a53-4c27-aa74-f6fe3ea24a48	3	47367722	68697013	14315	0.0033
32fda5fb-8a53-4c27-aa74-f6fe3ea24a48	3	68697108	68698262	14	-1.2298
32fda5fb-8a53-4c27-aa74-f6fe3ea24a48	3	68699607	75344579	4860	0.0088
32fda5fb-8a53-4c27-aa74-f6fe3ea24a48	3	75345284	75757227	115	0.1607
32fda5fb-8a53-4c27-aa74-f6fe3ea24a48	3	75770101	98172340	10326	0.0012
32fda5fb-8a53-4c27-aa74-f6fe3ea24a48	3	98172728	98207276	16	-0.5075
32fda5fb-8a53-4c27-aa74-f6fe3ea24a48	3	98211020	99225632	584	-0.0048
32fda5fb-8a53-4c27-aa74-f6fe3ea24a48	3	99225667	99230470	35	-0.6354
32fda5fb-8a53-4c27-aa74-f6fe3ea24a48	3	99230577	130044016	18704	0.0049
32fda5fb-8a53-4c27-aa74-f6fe3ea24a48	3	130044855	130087393	38	0.6581
32fda5fb-8a53-4c27-aa74-f6fe3ea24a48	3	130088081	155758758	15961	-0.0007
32fda5fb-8a53-4c27-aa74-f6fe3ea24a48	3	155763308	155797707	30	0.6554
32fda5fb-8a53-4c27-aa74-f6fe3ea24a48	3	155804372	162795361	4274	0.0053
32fda5fb-8a53-4c27-aa74-f6fe3ea24a48	3	162795671	162906109	64	-0.6146
32fda5fb-8a53-4c27-aa74-f6fe3ea24a48	3	162908192	166062150	1805	0.0036
32fda5fb-8a53-4c27-aa74-f6fe3ea24a48	3	166062717	166143240	46	-0.2507
32fda5fb-8a53-4c27-aa74-f6fe3ea24a48	3	166143782	189642114	14799	0.0017
32fda5fb-8a53-4c27-aa74-f6fe3ea24a48	3	189642489	189646849	13	-0.9852
32fda5fb-8a53-4c27-aa74-f6fe3ea24a48	3	189653199	190538297	655	0.0034
32fda5fb-8a53-4c27-aa74-f6fe3ea24a48	3	190542248	190542906	3	-1.2399
32fda5fb-8a53-4c27-aa74-f6fe3ea24a48	3	190543126	193160113	1833	-0.0001
32fda5fb-8a53-4c27-aa74-f6fe3ea24a48	3	193160173	193165114	19	-1.447
32fda5fb-8a53-4c27-aa74-f6fe3ea24a48	3	193168646	198118700	2677	-0.005
32fda5fb-8a53-4c27-aa74-f6fe3ea24a48	3	198119032	198169247	15	-0.512
32fda5fb-8a53-4c27-aa74-f6fe3ea24a48	4	68929	3597723	1440	0.0084
32fda5fb-8a53-4c27-aa74-f6fe3ea24a48	4	3598142	3600457	2	-1.5684
32fda5fb-8a53-4c27-aa74-f6fe3ea24a48	4	3607663	10388498	4462	0.0025
32fda5fb-8a53-4c27-aa74-f6fe3ea24a48	4	10389091	10399044	17	-0.6516
32fda5fb-8a53-4c27-aa74-f6fe3ea24a48	4	10401094	32392452	15426	-0.0014
32fda5fb-8a53-4c27-aa74-f6fe3ea24a48	4	32398929	32399891	5	-0.8607
32fda5fb-8a53-4c27-aa74-f6fe3ea24a48	4	32403692	34784878	1343	0.008
32fda5fb-8a53-4c27-aa74-f6fe3ea24a48	4	34785333	34823103	37	0.592
32fda5fb-8a53-4c27-aa74-f6fe3ea24a48	4	34828250	45003738	6632	-0.0003
32fda5fb-8a53-4c27-aa74-f6fe3ea24a48	4	45003835	45004318	4	-1.2441
32fda5fb-8a53-4c27-aa74-f6fe3ea24a48	4	45008952	60631418	8142	0.005
32fda5fb-8a53-4c27-aa74-f6fe3ea24a48	4	60635111	60635552	2	-1.7074
32fda5fb-8a53-4c27-aa74-f6fe3ea24a48	4	60638258	63828222	1769	-0.005
32fda5fb-8a53-4c27-aa74-f6fe3ea24a48	4	63831751	63842540	28	-0.5075
32fda5fb-8a53-4c27-aa74-f6fe3ea24a48	4	63850713	68506285	2873	-0.0018
32fda5fb-8a53-4c27-aa74-f6fe3ea24a48	4	68509223	68671434	71	-1.6637
32fda5fb-8a53-4c27-aa74-f6fe3ea24a48	4	68674307	133565856	38947	0.0001
32fda5fb-8a53-4c27-aa74-f6fe3ea24a48	4	133568419	133568697	3	-1.4038
32fda5fb-8a53-4c27-aa74-f6fe3ea24a48	4	133569174	138310277	2784	-0.0069
32fda5fb-8a53-4c27-aa74-f6fe3ea24a48	4	138310346	138310581	2	-1.5365
32fda5fb-8a53-4c27-aa74-f6fe3ea24a48	4	138311051	160952848	13895	0.0045
32fda5fb-8a53-4c27-aa74-f6fe3ea24a48	4	160958866	160963756	21	-2.4445
32fda5fb-8a53-4c27-aa74-f6fe3ea24a48	4	160963767	160963881	6	-0.7265
32fda5fb-8a53-4c27-aa74-f6fe3ea24a48	4	160963971	169922993	5686	0.0027
32fda5fb-8a53-4c27-aa74-f6fe3ea24a48	4	169923329	169925890	4	-1.1131
32fda5fb-8a53-4c27-aa74-f6fe3ea24a48	4	169926381	171448195	968	-0.0017
32fda5fb-8a53-4c27-aa74-f6fe3ea24a48	4	171453733	171456625	12	2.2769
32fda5fb-8a53-4c27-aa74-f6fe3ea24a48	4	171459220	188086130	11210	0.004
32fda5fb-8a53-4c27-aa74-f6fe3ea24a48	4	188086688	188095156	4	-1.073
32fda5fb-8a53-4c27-aa74-f6fe3ea24a48	4	188095801	188300104	122	-0.0149
32fda5fb-8a53-4c27-aa74-f6fe3ea24a48	4	188300206	188300221	2	-1.9815
32fda5fb-8a53-4c27-aa74-f6fe3ea24a48	4	188300270	190106768	1142	-0.0033
32fda5fb-8a53-4c27-aa74-f6fe3ea24a48	5	15532	21376735	15664	0.0016
32fda5fb-8a53-4c27-aa74-f6fe3ea24a48	5	21377730	21377744	2	-2.0276
32fda5fb-8a53-4c27-aa74-f6fe3ea24a48	5	21385957	97709417	43007	-0.0011
32fda5fb-8a53-4c27-aa74-f6fe3ea24a48	5	97712762	97716159	9	-1.1247
32fda5fb-8a53-4c27-aa74-f6fe3ea24a48	5	97716206	97731630	8	-0.4992
32fda5fb-8a53-4c27-aa74-f6fe3ea24a48	5	97731919	97763616	25	-1.1754
32fda5fb-8a53-4c27-aa74-f6fe3ea24a48	5	97763980	104515520	3876	-0.0058
32fda5fb-8a53-4c27-aa74-f6fe3ea24a48	5	104524672	104524903	4	-1.1759
32fda5fb-8a53-4c27-aa74-f6fe3ea24a48	5	104525348	104640774	126	0.0002
32fda5fb-8a53-4c27-aa74-f6fe3ea24a48	5	104642984	104643560	5	-1.1471
32fda5fb-8a53-4c27-aa74-f6fe3ea24a48	5	104645292	140839137	23071	0.001
32fda5fb-8a53-4c27-aa74-f6fe3ea24a48	5	140844251	140852254	9	-0.9948
32fda5fb-8a53-4c27-aa74-f6fe3ea24a48	5	140861442	175916541	24275	0.0006
32fda5fb-8a53-4c27-aa74-f6fe3ea24a48	5	175919594	175922077	7	-0.6414
32fda5fb-8a53-4c27-aa74-f6fe3ea24a48	5	175933010	176033084	18	0.0456
32fda5fb-8a53-4c27-aa74-f6fe3ea24a48	5	176038686	176042504	2	1.2378
32fda5fb-8a53-4c27-aa74-f6fe3ea24a48	5	176043321	177770954	721	-0.0011
32fda5fb-8a53-4c27-aa74-f6fe3ea24a48	5	177771448	177801578	3	-1.356
32fda5fb-8a53-4c27-aa74-f6fe3ea24a48	5	177805604	179547996	981	-0.0022
32fda5fb-8a53-4c27-aa74-f6fe3ea24a48	5	179555415	179593796	19	-1.0766
32fda5fb-8a53-4c27-aa74-f6fe3ea24a48	5	179599063	181363319	984	0.002
32fda5fb-8a53-4c27-aa74-f6fe3ea24a48	6	149661	254283	101	0.043
32fda5fb-8a53-4c27-aa74-f6fe3ea24a48	6	257353	294837	23	-0.8263
32fda5fb-8a53-4c27-aa74-f6fe3ea24a48	6	302306	29869411	21522	0.0024
32fda5fb-8a53-4c27-aa74-f6fe3ea24a48	6	29869537	29869681	2	-2.4139
32fda5fb-8a53-4c27-aa74-f6fe3ea24a48	6	29869700	29875657	5	0.1051
32fda5fb-8a53-4c27-aa74-f6fe3ea24a48	6	29876257	29881490	7	-1.129
32fda5fb-8a53-4c27-aa74-f6fe3ea24a48	6	29882419	32636595	1226	0.0259
32fda5fb-8a53-4c27-aa74-f6fe3ea24a48	6	32637799	32658841	10	-0.9484
32fda5fb-8a53-4c27-aa74-f6fe3ea24a48	6	32682835	54066353	13695	0.0026
32fda5fb-8a53-4c27-aa74-f6fe3ea24a48	6	54066432	54067057	6	1.6757
32fda5fb-8a53-4c27-aa74-f6fe3ea24a48	6	54070550	61305727	2540	-0.0007
32fda5fb-8a53-4c27-aa74-f6fe3ea24a48	6	61307696	61496813	5	-0.8408
32fda5fb-8a53-4c27-aa74-f6fe3ea24a48	6	61527062	64627049	1678	0.0034
32fda5fb-8a53-4c27-aa74-f6fe3ea24a48	6	64637651	64639099	2	-2.5775
32fda5fb-8a53-4c27-aa74-f6fe3ea24a48	6	64640883	66328153	1138	0.0018
32fda5fb-8a53-4c27-aa74-f6fe3ea24a48	6	66331020	66333299	7	-0.8203
32fda5fb-8a53-4c27-aa74-f6fe3ea24a48	6	66333342	67022386	567	0.0068
32fda5fb-8a53-4c27-aa74-f6fe3ea24a48	6	67024019	67086065	93	0.5705
32fda5fb-8a53-4c27-aa74-f6fe3ea24a48	6	67088917	73882142	4351	0.0024
32fda5fb-8a53-4c27-aa74-f6fe3ea24a48	6	73882509	73887625	9	-0.5525
32fda5fb-8a53-4c27-aa74-f6fe3ea24a48	6	73891694	74200463	189	0.0198
32fda5fb-8a53-4c27-aa74-f6fe3ea24a48	6	74201255	74208305	4	-0.9432
32fda5fb-8a53-4c27-aa74-f6fe3ea24a48	6	74208320	76726815	1577	0.0161
32fda5fb-8a53-4c27-aa74-f6fe3ea24a48	6	76730151	76742972	20	0.4721
32fda5fb-8a53-4c27-aa74-f6fe3ea24a48	6	76743040	78253172	976	0.0051
32fda5fb-8a53-4c27-aa74-f6fe3ea24a48	6	78259348	78329517	113	0.6588
32fda5fb-8a53-4c27-aa74-f6fe3ea24a48	6	78331916	80574921	1432	-0.0008
32fda5fb-8a53-4c27-aa74-f6fe3ea24a48	6	80574999	80579817	29	-0.9612
32fda5fb-8a53-4c27-aa74-f6fe3ea24a48	6	80584624	86364226	3546	0.0039
32fda5fb-8a53-4c27-aa74-f6fe3ea24a48	6	86364520	86372433	6	-0.7458
32fda5fb-8a53-4c27-aa74-f6fe3ea24a48	6	86373855	86637147	162	0.0424
32fda5fb-8a53-4c27-aa74-f6fe3ea24a48	6	86637265	86641855	4	-1.2096
32fda5fb-8a53-4c27-aa74-f6fe3ea24a48	6	86642316	103286954	10284	0.0033
32fda5fb-8a53-4c27-aa74-f6fe3ea24a48	6	103290101	103314174	44	-1.3668
32fda5fb-8a53-4c27-aa74-f6fe3ea24a48	6	103314186	134375877	19340	0.0039
32fda5fb-8a53-4c27-aa74-f6fe3ea24a48	6	134376239	134376302	2	-1.437
32fda5fb-8a53-4c27-aa74-f6fe3ea24a48	6	134376858	153636235	12885	-0.0004
32fda5fb-8a53-4c27-aa74-f6fe3ea24a48	6	153639651	153640284	2	-3.1104
32fda5fb-8a53-4c27-aa74-f6fe3ea24a48	6	153640764	170741917	11911	0.0011
32fda5fb-8a53-4c27-aa74-f6fe3ea24a48	7	43355	4580146	2466	-0.0016
32fda5fb-8a53-4c27-aa74-f6fe3ea24a48	7	4580399	4580563	8	0.7228
32fda5fb-8a53-4c27-aa74-f6fe3ea24a48	7	4580929	5895161	584	0.0118
32fda5fb-8a53-4c27-aa74-f6fe3ea24a48	7	5897269	5992310	16	0.4103
32fda5fb-8a53-4c27-aa74-f6fe3ea24a48	7	5999094	6797437	343	0.0046
32fda5fb-8a53-4c27-aa74-f6fe3ea24a48	7	6799093	6827447	7	-0.7412
32fda5fb-8a53-4c27-aa74-f6fe3ea24a48	7	6828011	26092670	15382	0.0027
32fda5fb-8a53-4c27-aa74-f6fe3ea24a48	7	26102772	26105793	4	-3.6865
32fda5fb-8a53-4c27-aa74-f6fe3ea24a48	7	26107599	53525906	19067	0.0012
32fda5fb-8a53-4c27-aa74-f6fe3ea24a48	7	53527412	53533905	3	-1.1293
32fda5fb-8a53-4c27-aa74-f6fe3ea24a48	7	53536037	62905324	2739	0.0085
32fda5fb-8a53-4c27-aa74-f6fe3ea24a48	7	62909455	62909456	2	-1.3922
32fda5fb-8a53-4c27-aa74-f6fe3ea24a48	7	62924899	70955452	3957	0.0091
32fda5fb-8a53-4c27-aa74-f6fe3ea24a48	7	70958264	70961155	2	-2.5071
32fda5fb-8a53-4c27-aa74-f6fe3ea24a48	7	70963257	109801155	22324	0.0021
32fda5fb-8a53-4c27-aa74-f6fe3ea24a48	7	109801187	109813853	11	0.9861
32fda5fb-8a53-4c27-aa74-f6fe3ea24a48	7	109813925	126404869	10024	0.002
32fda5fb-8a53-4c27-aa74-f6fe3ea24a48	7	126404920	126406822	14	-1.0837
32fda5fb-8a53-4c27-aa74-f6fe3ea24a48	7	126406823	134093899	4696	0.006
32fda5fb-8a53-4c27-aa74-f6fe3ea24a48	7	134100424	134114093	35	0.5504
32fda5fb-8a53-4c27-aa74-f6fe3ea24a48	7	134114401	142052076	5177	0.0018
32fda5fb-8a53-4c27-aa74-f6fe3ea24a48	7	142052984	142070569	18	-1.18
32fda5fb-8a53-4c27-aa74-f6fe3ea24a48	7	142070709	159334314	10887	0.0004
32fda5fb-8a53-4c27-aa74-f6fe3ea24a48	8	81254	1538672	1003	-0.0098
32fda5fb-8a53-4c27-aa74-f6fe3ea24a48	8	1539441	1539518	3	-1.3419
32fda5fb-8a53-4c27-aa74-f6fe3ea24a48	8	1540306	2102806	430	-0.0002
32fda5fb-8a53-4c27-aa74-f6fe3ea24a48	8	2106222	2106276	2	-1.4701
32fda5fb-8a53-4c27-aa74-f6fe3ea24a48	8	2106381	2844277	599	0.0174
32fda5fb-8a53-4c27-aa74-f6fe3ea24a48	8	2844412	2846377	8	0.7032
32fda5fb-8a53-4c27-aa74-f6fe3ea24a48	8	2849649	4308968	2027	-0.0003
32fda5fb-8a53-4c27-aa74-f6fe3ea24a48	8	4309151	4309168	2	-1.6264
32fda5fb-8a53-4c27-aa74-f6fe3ea24a48	8	4309259	5736745	1926	0.0012
32fda5fb-8a53-4c27-aa74-f6fe3ea24a48	8	5741204	5746973	27	-0.8485
32fda5fb-8a53-4c27-aa74-f6fe3ea24a48	8	5749566	6273074	748	0.0119
32fda5fb-8a53-4c27-aa74-f6fe3ea24a48	8	6273151	6278991	11	-0.7854
32fda5fb-8a53-4c27-aa74-f6fe3ea24a48	8	6279082	6982183	852	-0.002
32fda5fb-8a53-4c27-aa74-f6fe3ea24a48	8	6982775	7018620	4	0.9386
32fda5fb-8a53-4c27-aa74-f6fe3ea24a48	8	7020666	7357997	92	0.0866
32fda5fb-8a53-4c27-aa74-f6fe3ea24a48	8	7358220	7397588	17	-0.4914
32fda5fb-8a53-4c27-aa74-f6fe3ea24a48	8	7414835	14652059	5268	0.0086
32fda5fb-8a53-4c27-aa74-f6fe3ea24a48	8	14652523	14652565	3	-2.5021
32fda5fb-8a53-4c27-aa74-f6fe3ea24a48	8	14652887	15435453	689	0.0067
32fda5fb-8a53-4c27-aa74-f6fe3ea24a48	8	15436422	15437936	2	-1.4332
32fda5fb-8a53-4c27-aa74-f6fe3ea24a48	8	15439194	16339682	818	-0.0027
32fda5fb-8a53-4c27-aa74-f6fe3ea24a48	8	16349445	16349614	8	-0.8339
32fda5fb-8a53-4c27-aa74-f6fe3ea24a48	8	16354575	16402103	47	0.0174
32fda5fb-8a53-4c27-aa74-f6fe3ea24a48	8	16404726	16430555	32	-0.9121
32fda5fb-8a53-4c27-aa74-f6fe3ea24a48	8	16431302	58887627	26362	-0.0015
32fda5fb-8a53-4c27-aa74-f6fe3ea24a48	8	58888889	58889016	2	-3.7517
32fda5fb-8a53-4c27-aa74-f6fe3ea24a48	8	58889373	101380818	25486	0.0003
32fda5fb-8a53-4c27-aa74-f6fe3ea24a48	8	101380886	101387997	34	0.2777
32fda5fb-8a53-4c27-aa74-f6fe3ea24a48	8	101388045	111279265	6041	-0.0016
32fda5fb-8a53-4c27-aa74-f6fe3ea24a48	8	111282050	111283031	9	1.2413
32fda5fb-8a53-4c27-aa74-f6fe3ea24a48	8	111288052	119139771	4964	0.0028
32fda5fb-8a53-4c27-aa74-f6fe3ea24a48	8	119142545	119147207	4	-3.4449
32fda5fb-8a53-4c27-aa74-f6fe3ea24a48	8	119150615	128744020	6693	0.0049
32fda5fb-8a53-4c27-aa74-f6fe3ea24a48	8	128750889	128751839	2	-2.5739
32fda5fb-8a53-4c27-aa74-f6fe3ea24a48	8	128765208	145072769	11241	-0.0019
32fda5fb-8a53-4c27-aa74-f6fe3ea24a48	9	46587	61405110	31355	-0.0005
32fda5fb-8a53-4c27-aa74-f6fe3ea24a48	9	61520021	61647899	30	-1.499
32fda5fb-8a53-4c27-aa74-f6fe3ea24a48	9	61665362	64480563	92	0.0961
32fda5fb-8a53-4c27-aa74-f6fe3ea24a48	9	64480573	64510407	11	-0.6293
32fda5fb-8a53-4c27-aa74-f6fe3ea24a48	9	64520620	102058963	23633	0.0012
32fda5fb-8a53-4c27-aa74-f6fe3ea24a48	9	102058985	102059937	4	-0.9746
32fda5fb-8a53-4c27-aa74-f6fe3ea24a48	9	102065376	103804216	1225	-0.0077
32fda5fb-8a53-4c27-aa74-f6fe3ea24a48	9	103806415	103807009	2	1.3391
32fda5fb-8a53-4c27-aa74-f6fe3ea24a48	9	103808421	111648256	6178	0.0002
32fda5fb-8a53-4c27-aa74-f6fe3ea24a48	9	111650514	111650950	2	-1.5269
32fda5fb-8a53-4c27-aa74-f6fe3ea24a48	9	111653904	138200944	16925	0.0022
32fda5fb-8a53-4c27-aa74-f6fe3ea24a48	10	45792	24086334	19177	-0.0013
32fda5fb-8a53-4c27-aa74-f6fe3ea24a48	10	24088745	24090110	15	0.6779
32fda5fb-8a53-4c27-aa74-f6fe3ea24a48	10	24091731	30957581	5009	0.0002
32fda5fb-8a53-4c27-aa74-f6fe3ea24a48	10	30962405	30962850	11	-2.1648
32fda5fb-8a53-4c27-aa74-f6fe3ea24a48	10	30962893	41796971	4842	0.0018
32fda5fb-8a53-4c27-aa74-f6fe3ea24a48	10	41798237	42267782	30	0.3531
32fda5fb-8a53-4c27-aa74-f6fe3ea24a48	10	42272195	65548951	15304	0.0004
32fda5fb-8a53-4c27-aa74-f6fe3ea24a48	10	65548979	65554688	21	-0.4984
32fda5fb-8a53-4c27-aa74-f6fe3ea24a48	10	65563037	79595316	9222	-0.002
32fda5fb-8a53-4c27-aa74-f6fe3ea24a48	10	79624118	79736999	12	-0.6608
32fda5fb-8a53-4c27-aa74-f6fe3ea24a48	10	79737715	133415637	36809	0.0026
32fda5fb-8a53-4c27-aa74-f6fe3ea24a48	10	133416215	133416364	2	-2.8046
32fda5fb-8a53-4c27-aa74-f6fe3ea24a48	10	133419150	133654968	148	0.0318
32fda5fb-8a53-4c27-aa74-f6fe3ea24a48	11	198510	4949013	2420	0.0035
32fda5fb-8a53-4c27-aa74-f6fe3ea24a48	11	4949047	4955042	28	-0.4574
32fda5fb-8a53-4c27-aa74-f6fe3ea24a48	11	4955781	6086560	1054	-0.0062
32fda5fb-8a53-4c27-aa74-f6fe3ea24a48	11	6087039	6100864	8	-1.1353
32fda5fb-8a53-4c27-aa74-f6fe3ea24a48	11	6101273	18919323	9156	-0.0005
32fda5fb-8a53-4c27-aa74-f6fe3ea24a48	11	18927525	18940375	44	0.3893
32fda5fb-8a53-4c27-aa74-f6fe3ea24a48	11	18940441	55595864	21758	0.0004
32fda5fb-8a53-4c27-aa74-f6fe3ea24a48	11	55606556	55686100	60	0.3422
32fda5fb-8a53-4c27-aa74-f6fe3ea24a48	11	55693207	80256460	13252	0.003
32fda5fb-8a53-4c27-aa74-f6fe3ea24a48	11	80256469	80256520	3	1.0023
32fda5fb-8a53-4c27-aa74-f6fe3ea24a48	11	80256642	89815724	6600	0.0001
32fda5fb-8a53-4c27-aa74-f6fe3ea24a48	11	89817056	89834373	2	-1.5223
32fda5fb-8a53-4c27-aa74-f6fe3ea24a48	11	89847184	135074876	32400	-0.0015
32fda5fb-8a53-4c27-aa74-f6fe3ea24a48	12	51460	756804	417	-0.001
32fda5fb-8a53-4c27-aa74-f6fe3ea24a48	12	759943	764863	17	-0.9217
32fda5fb-8a53-4c27-aa74-f6fe3ea24a48	12	766188	10516189	6432	0.0019
32fda5fb-8a53-4c27-aa74-f6fe3ea24a48	12	10523331	10552783	18	-1.2142
32fda5fb-8a53-4c27-aa74-f6fe3ea24a48	12	10552838	15427072	3532	0.009
32fda5fb-8a53-4c27-aa74-f6fe3ea24a48	12	15428202	15429145	4	-1.104
32fda5fb-8a53-4c27-aa74-f6fe3ea24a48	12	15430075	31897865	11440	0.0018
32fda5fb-8a53-4c27-aa74-f6fe3ea24a48	12	31900298	31905041	6	-0.85
32fda5fb-8a53-4c27-aa74-f6fe3ea24a48	12	31908234	33141710	896	-0.0016
32fda5fb-8a53-4c27-aa74-f6fe3ea24a48	12	33141726	33154440	28	-0.804
32fda5fb-8a53-4c27-aa74-f6fe3ea24a48	12	33155426	45506042	5588	-0.0028
32fda5fb-8a53-4c27-aa74-f6fe3ea24a48	12	45510655	45515754	4	1.3827
32fda5fb-8a53-4c27-aa74-f6fe3ea24a48	12	45519509	90097910	27221	-0.0024
32fda5fb-8a53-4c27-aa74-f6fe3ea24a48	12	90098039	90098297	5	-1.6632
32fda5fb-8a53-4c27-aa74-f6fe3ea24a48	12	90099780	129516041	26820	0.0039
32fda5fb-8a53-4c27-aa74-f6fe3ea24a48	12	129518945	129519049	2	-2.4688
32fda5fb-8a53-4c27-aa74-f6fe3ea24a48	12	129519225	133201603	2352	-0.0045
32fda5fb-8a53-4c27-aa74-f6fe3ea24a48	13	18452809	29455681	7686	0.0029
32fda5fb-8a53-4c27-aa74-f6fe3ea24a48	13	29457425	29459091	2	-1.4533
32fda5fb-8a53-4c27-aa74-f6fe3ea24a48	13	29462056	29638309	154	0.0168
32fda5fb-8a53-4c27-aa74-f6fe3ea24a48	13	29638803	29638902	2	-1.6215
32fda5fb-8a53-4c27-aa74-f6fe3ea24a48	13	29639735	30903593	928	0.0062
32fda5fb-8a53-4c27-aa74-f6fe3ea24a48	13	30909151	30909371	2	-1.435
32fda5fb-8a53-4c27-aa74-f6fe3ea24a48	13	30909418	37496998	4698	-0.0018
32fda5fb-8a53-4c27-aa74-f6fe3ea24a48	13	37497899	37510620	16	-2.3523
32fda5fb-8a53-4c27-aa74-f6fe3ea24a48	13	37514193	38478674	701	0.0012
32fda5fb-8a53-4c27-aa74-f6fe3ea24a48	13	38483435	38483919	2	1.4247
32fda5fb-8a53-4c27-aa74-f6fe3ea24a48	13	38490920	63733381	15704	-0.0054
32fda5fb-8a53-4c27-aa74-f6fe3ea24a48	13	63733398	63819987	43	0.4587
32fda5fb-8a53-4c27-aa74-f6fe3ea24a48	13	63831189	68668123	2985	0.0001
32fda5fb-8a53-4c27-aa74-f6fe3ea24a48	13	68674167	68675349	7	-1.2038
32fda5fb-8a53-4c27-aa74-f6fe3ea24a48	13	68676647	68685140	12	-0.2587
32fda5fb-8a53-4c27-aa74-f6fe3ea24a48	13	68685185	68694110	19	-0.967
32fda5fb-8a53-4c27-aa74-f6fe3ea24a48	13	68694987	114342922	31142	0.0001
32fda5fb-8a53-4c27-aa74-f6fe3ea24a48	14	18239283	19185951	39	0.0823
32fda5fb-8a53-4c27-aa74-f6fe3ea24a48	14	19197351	19298389	9	1.0729
32fda5fb-8a53-4c27-aa74-f6fe3ea24a48	14	19326853	19732024	17	0.2848
32fda5fb-8a53-4c27-aa74-f6fe3ea24a48	14	19732222	19954424	101	0.969
32fda5fb-8a53-4c27-aa74-f6fe3ea24a48	14	19955213	106340774	54909	-0.0006
32fda5fb-8a53-4c27-aa74-f6fe3ea24a48	14	106345431	106362628	6	-1.0443
32fda5fb-8a53-4c27-aa74-f6fe3ea24a48	14	106364815	106416146	28	-0.0791
32fda5fb-8a53-4c27-aa74-f6fe3ea24a48	14	106418444	106475361	51	0.3509
32fda5fb-8a53-4c27-aa74-f6fe3ea24a48	14	106487515	106877229	193	-0.0608
32fda5fb-8a53-4c27-aa74-f6fe3ea24a48	15	19811075	19866390	6	-0.2275
32fda5fb-8a53-4c27-aa74-f6fe3ea24a48	15	19866420	20217125	56	0.2985
32fda5fb-8a53-4c27-aa74-f6fe3ea24a48	15	20235285	22005276	118	-0.1745
32fda5fb-8a53-4c27-aa74-f6fe3ea24a48	15	22227530	22299523	26	-0.8261
32fda5fb-8a53-4c27-aa74-f6fe3ea24a48	15	22385639	24335973	961	0.0034
32fda5fb-8a53-4c27-aa74-f6fe3ea24a48	15	24337919	24537522	92	0.2122
32fda5fb-8a53-4c27-aa74-f6fe3ea24a48	15	24542531	24921610	273	-0.0066
32fda5fb-8a53-4c27-aa74-f6fe3ea24a48	15	24921896	24924376	3	-1.0564
32fda5fb-8a53-4c27-aa74-f6fe3ea24a48	15	24924904	30252720	3302	0.0054
32fda5fb-8a53-4c27-aa74-f6fe3ea24a48	15	30253290	30500366	21	0.5811
32fda5fb-8a53-4c27-aa74-f6fe3ea24a48	15	30503586	34517887	2626	0.01
32fda5fb-8a53-4c27-aa74-f6fe3ea24a48	15	34520918	34522341	3	1.0996
32fda5fb-8a53-4c27-aa74-f6fe3ea24a48	15	34526116	76599170	26412	0.0027
32fda5fb-8a53-4c27-aa74-f6fe3ea24a48	15	76599286	76603434	20	-2.4378
32fda5fb-8a53-4c27-aa74-f6fe3ea24a48	15	76609838	82880247	3892	0.0045
32fda5fb-8a53-4c27-aa74-f6fe3ea24a48	15	82882544	82907057	12	-0.548
32fda5fb-8a53-4c27-aa74-f6fe3ea24a48	15	82915891	101928837	13699	0.0021
32fda5fb-8a53-4c27-aa74-f6fe3ea24a48	16	10777	6697138	3993	0.0032
32fda5fb-8a53-4c27-aa74-f6fe3ea24a48	16	6698455	6699080	3	-1.1218
32fda5fb-8a53-4c27-aa74-f6fe3ea24a48	16	6699545	6860061	232	0.0143
32fda5fb-8a53-4c27-aa74-f6fe3ea24a48	16	6861196	6861440	3	-1.0858
32fda5fb-8a53-4c27-aa74-f6fe3ea24a48	16	6864357	6904273	35	0.0486
32fda5fb-8a53-4c27-aa74-f6fe3ea24a48	16	6907156	6908902	7	-0.6093
32fda5fb-8a53-4c27-aa74-f6fe3ea24a48	16	6909036	12555002	5134	0.007
32fda5fb-8a53-4c27-aa74-f6fe3ea24a48	16	12555121	12555138	2	-1.6463
32fda5fb-8a53-4c27-aa74-f6fe3ea24a48	16	12556390	21730864	5087	0.0112
32fda5fb-8a53-4c27-aa74-f6fe3ea24a48	16	21731221	21772536	9	0.7346
32fda5fb-8a53-4c27-aa74-f6fe3ea24a48	16	21775420	55762682	12415	0.0018
32fda5fb-8a53-4c27-aa74-f6fe3ea24a48	16	55764310	55764867	3	4.53
32fda5fb-8a53-4c27-aa74-f6fe3ea24a48	16	55770436	78338949	14286	-0.0008
32fda5fb-8a53-4c27-aa74-f6fe3ea24a48	16	78339440	78342480	4	-2.0886
32fda5fb-8a53-4c27-aa74-f6fe3ea24a48	16	78342814	83855128	6239	0.0076
32fda5fb-8a53-4c27-aa74-f6fe3ea24a48	16	83855218	83858164	5	-0.8529
32fda5fb-8a53-4c27-aa74-f6fe3ea24a48	16	83858313	90096867	4379	-0.0094
32fda5fb-8a53-4c27-aa74-f6fe3ea24a48	17	150733	16834846	10478	0.0025
32fda5fb-8a53-4c27-aa74-f6fe3ea24a48	17	16838201	16838214	2	-1.9745
32fda5fb-8a53-4c27-aa74-f6fe3ea24a48	17	16838470	18455632	908	0.0102
32fda5fb-8a53-4c27-aa74-f6fe3ea24a48	17	18455635	18561907	25	-1.4386
32fda5fb-8a53-4c27-aa74-f6fe3ea24a48	17	18565883	21201314	1083	0.0066
32fda5fb-8a53-4c27-aa74-f6fe3ea24a48	17	21205838	21207119	3	-1.1077
32fda5fb-8a53-4c27-aa74-f6fe3ea24a48	17	21209592	33477382	3763	-0.0011
32fda5fb-8a53-4c27-aa74-f6fe3ea24a48	17	33477387	33477551	2	-1.2416
32fda5fb-8a53-4c27-aa74-f6fe3ea24a48	17	33477966	37416083	2702	-0.0003
32fda5fb-8a53-4c27-aa74-f6fe3ea24a48	17	37419035	37419555	2	-2.0121
32fda5fb-8a53-4c27-aa74-f6fe3ea24a48	17	37425380	41266838	1844	-0.004
32fda5fb-8a53-4c27-aa74-f6fe3ea24a48	17	41266851	41267082	7	-0.8281
32fda5fb-8a53-4c27-aa74-f6fe3ea24a48	17	41267234	45577724	2168	-0.0008
32fda5fb-8a53-4c27-aa74-f6fe3ea24a48	17	45579014	45581105	5	-0.8682
32fda5fb-8a53-4c27-aa74-f6fe3ea24a48	17	45582060	46130967	370	0.0239
32fda5fb-8a53-4c27-aa74-f6fe3ea24a48	17	46131308	46215389	75	-0.4397
32fda5fb-8a53-4c27-aa74-f6fe3ea24a48	17	46218468	46286804	17	-0.0708
32fda5fb-8a53-4c27-aa74-f6fe3ea24a48	17	46323701	46446360	4	1.599
32fda5fb-8a53-4c27-aa74-f6fe3ea24a48	17	46569894	57610128	6996	-0.0037
32fda5fb-8a53-4c27-aa74-f6fe3ea24a48	17	57610972	57611632	2	-1.5178
32fda5fb-8a53-4c27-aa74-f6fe3ea24a48	17	57614632	70895688	7467	0.0029
32fda5fb-8a53-4c27-aa74-f6fe3ea24a48	17	70896097	70896209	2	-1.6843
32fda5fb-8a53-4c27-aa74-f6fe3ea24a48	17	70896957	83091923	7091	-0.0032
32fda5fb-8a53-4c27-aa74-f6fe3ea24a48	18	48133	28613464	15058	-0.0018
32fda5fb-8a53-4c27-aa74-f6fe3ea24a48	18	28613572	28616166	5	-1.3845
32fda5fb-8a53-4c27-aa74-f6fe3ea24a48	18	28616668	40680470	7711	-0.0052
32fda5fb-8a53-4c27-aa74-f6fe3ea24a48	18	40680484	40689848	20	-0.6637
32fda5fb-8a53-4c27-aa74-f6fe3ea24a48	18	40690108	53740491	8961	-0.0042
32fda5fb-8a53-4c27-aa74-f6fe3ea24a48	18	53740727	53740840	4	-0.9318
32fda5fb-8a53-4c27-aa74-f6fe3ea24a48	18	53740980	60432192	4567	-0.0001
32fda5fb-8a53-4c27-aa74-f6fe3ea24a48	18	60433136	60435231	5	-0.8513
32fda5fb-8a53-4c27-aa74-f6fe3ea24a48	18	60435259	64543663	2901	0.0001
32fda5fb-8a53-4c27-aa74-f6fe3ea24a48	18	64544391	64550181	3	1.1096
32fda5fb-8a53-4c27-aa74-f6fe3ea24a48	18	64550692	64954393	292	-0.02
32fda5fb-8a53-4c27-aa74-f6fe3ea24a48	18	64954436	64960042	4	-1.0069
32fda5fb-8a53-4c27-aa74-f6fe3ea24a48	18	64962330	65533230	360	0.0188
32fda5fb-8a53-4c27-aa74-f6fe3ea24a48	18	65533243	65537481	17	0.7696
32fda5fb-8a53-4c27-aa74-f6fe3ea24a48	18	65540037	78900693	10088	-0.0016
32fda5fb-8a53-4c27-aa74-f6fe3ea24a48	18	78902714	78904863	5	-1.2444
32fda5fb-8a53-4c27-aa74-f6fe3ea24a48	18	78906449	80257174	704	-0.0099
32fda5fb-8a53-4c27-aa74-f6fe3ea24a48	19	90910	35358319	16699	0.0035
32fda5fb-8a53-4c27-aa74-f6fe3ea24a48	19	35358407	35375842	24	-0.5229
32fda5fb-8a53-4c27-aa74-f6fe3ea24a48	19	35375884	45244986	5052	0.0054
32fda5fb-8a53-4c27-aa74-f6fe3ea24a48	19	45245096	45245997	2	-1.4819
32fda5fb-8a53-4c27-aa74-f6fe3ea24a48	19	45253118	46400109	487	-0.0045
32fda5fb-8a53-4c27-aa74-f6fe3ea24a48	19	46403740	46408760	4	-0.8593
32fda5fb-8a53-4c27-aa74-f6fe3ea24a48	19	46410492	52813087	3280	0.006
32fda5fb-8a53-4c27-aa74-f6fe3ea24a48	19	52815851	52815906	2	-1.2859
32fda5fb-8a53-4c27-aa74-f6fe3ea24a48	19	52824137	54815158	1248	-0.0018
32fda5fb-8a53-4c27-aa74-f6fe3ea24a48	19	54819199	54835887	10	-0.1166
32fda5fb-8a53-4c27-aa74-f6fe3ea24a48	19	54836219	54837236	3	-1.7555
32fda5fb-8a53-4c27-aa74-f6fe3ea24a48	19	54852069	55761691	441	0.0053
32fda5fb-8a53-4c27-aa74-f6fe3ea24a48	19	55766684	55771701	6	0.7118
32fda5fb-8a53-4c27-aa74-f6fe3ea24a48	19	55774927	58586487	1839	-0.0015
32fda5fb-8a53-4c27-aa74-f6fe3ea24a48	20	80664	1590091	1212	0.0167
32fda5fb-8a53-4c27-aa74-f6fe3ea24a48	20	1590106	1613247	32	-0.7377
32fda5fb-8a53-4c27-aa74-f6fe3ea24a48	20	1617300	15979499	11035	-0.0019
32fda5fb-8a53-4c27-aa74-f6fe3ea24a48	20	15980908	15981044	2	-1.6345
32fda5fb-8a53-4c27-aa74-f6fe3ea24a48	20	15988216	30206919	7731	0.0068
32fda5fb-8a53-4c27-aa74-f6fe3ea24a48	20	30208745	30271154	13	-0.6201
32fda5fb-8a53-4c27-aa74-f6fe3ea24a48	20	30293217	64324800	22340	0.0012
32fda5fb-8a53-4c27-aa74-f6fe3ea24a48	21	10354168	10556313	49	0.0215
32fda5fb-8a53-4c27-aa74-f6fe3ea24a48	21	10558268	13101978	56	0.3787
32fda5fb-8a53-4c27-aa74-f6fe3ea24a48	21	13111368	19070335	3784	-0.0008
32fda5fb-8a53-4c27-aa74-f6fe3ea24a48	21	19075967	19075997	2	-3.0529
32fda5fb-8a53-4c27-aa74-f6fe3ea24a48	21	19076146	46677045	19964	-0.0013
32fda5fb-8a53-4c27-aa74-f6fe3ea24a48	22	15294547	38894915	15186	0.003
32fda5fb-8a53-4c27-aa74-f6fe3ea24a48	22	38899250	38900899	3	-4.089
32fda5fb-8a53-4c27-aa74-f6fe3ea24a48	22	38903109	50796027	8073	0.0054
32fda5fb-8a53-4c27-aa74-f6fe3ea24a48	X	251810	5785597	2335	-0.0017
32fda5fb-8a53-4c27-aa74-f6fe3ea24a48	X	5788866	5793196	3	-1.6609
32fda5fb-8a53-4c27-aa74-f6fe3ea24a48	X	5794092	146524763	75914	0.0034
32fda5fb-8a53-4c27-aa74-f6fe3ea24a48	X	146534500	146567808	41	-1.1323
32fda5fb-8a53-4c27-aa74-f6fe3ea24a48	X	146568426	155952689	5335	-0.0103
32fda5fb-8a53-4c27-aa74-f6fe3ea24a48	Y	2782397	6249869	785	-2.8829
32fda5fb-8a53-4c27-aa74-f6fe3ea24a48	Y	6252391	22804854	5651	-3.3268
32fda5fb-8a53-4c27-aa74-f6fe3ea24a48	Y	22913244	56872112	202	-2.9089
