Sample	Chromosome	Start	End	Num_Probes	Segment_Mean
LEMUR_p_TCGA_116_163_164_183_N_GenomeWideSNP_6_E08_914484	1	61735	16147081	8413	-0.0138
LEMUR_p_TCGA_116_163_164_183_N_GenomeWideSNP_6_E08_914484	1	16147181	16155010	18	0.5483
LEMUR_p_TCGA_116_163_164_183_N_GenomeWideSNP_6_E08_914484	1	16165661	17190004	404	-0.0494
LEMUR_p_TCGA_116_163_164_183_N_GenomeWideSNP_6_E08_914484	1	17190862	17262247	62	-0.431
LEMUR_p_TCGA_116_163_164_183_N_GenomeWideSNP_6_E08_914484	1	17276241	34656384	9931	-0.0153
LEMUR_p_TCGA_116_163_164_183_N_GenomeWideSNP_6_E08_914484	1	34656812	34657303	2	-1.7079
LEMUR_p_TCGA_116_163_164_183_N_GenomeWideSNP_6_E08_914484	1	34661652	72750353	24216	1e-04
LEMUR_p_TCGA_116_163_164_183_N_GenomeWideSNP_6_E08_914484	1	72756113	72763370	9	-0.9151
LEMUR_p_TCGA_116_163_164_183_N_GenomeWideSNP_6_E08_914484	1	72768418	72768916	3	1.2673
LEMUR_p_TCGA_116_163_164_183_N_GenomeWideSNP_6_E08_914484	1	72768936	72811076	41	2.8794
LEMUR_p_TCGA_116_163_164_183_N_GenomeWideSNP_6_E08_914484	1	72811148	104159384	20096	0.0307
LEMUR_p_TCGA_116_163_164_183_N_GenomeWideSNP_6_E08_914484	1	104163499	104163787	2	1.6934
LEMUR_p_TCGA_116_163_164_183_N_GenomeWideSNP_6_E08_914484	1	104178038	106019483	949	0.0708
LEMUR_p_TCGA_116_163_164_183_N_GenomeWideSNP_6_E08_914484	1	106021204	106022375	12	-0.5008
LEMUR_p_TCGA_116_163_164_183_N_GenomeWideSNP_6_E08_914484	1	106024055	110221727	2655	0.0553
LEMUR_p_TCGA_116_163_164_183_N_GenomeWideSNP_6_E08_914484	1	110224384	110227515	15	0.499
LEMUR_p_TCGA_116_163_164_183_N_GenomeWideSNP_6_E08_914484	1	110232974	110240178	16	1.7253
LEMUR_p_TCGA_116_163_164_183_N_GenomeWideSNP_6_E08_914484	1	110242953	111379326	852	0.0075
LEMUR_p_TCGA_116_163_164_183_N_GenomeWideSNP_6_E08_914484	1	111379331	111388226	27	0.28
LEMUR_p_TCGA_116_163_164_183_N_GenomeWideSNP_6_E08_914484	1	111392067	112696087	1080	0.0107
LEMUR_p_TCGA_116_163_164_183_N_GenomeWideSNP_6_E08_914484	1	112696193	112706198	33	0.2882
LEMUR_p_TCGA_116_163_164_183_N_GenomeWideSNP_6_E08_914484	1	112706205	144593253	5232	0.0117
LEMUR_p_TCGA_116_163_164_183_N_GenomeWideSNP_6_E08_914484	1	144842558	144849552	4	1.3123
LEMUR_p_TCGA_116_163_164_183_N_GenomeWideSNP_6_E08_914484	1	144865627	149024808	1131	0.4488
LEMUR_p_TCGA_116_163_164_183_N_GenomeWideSNP_6_E08_914484	1	149036524	149256691	133	-0.6616
LEMUR_p_TCGA_116_163_164_183_N_GenomeWideSNP_6_E08_914484	1	149259416	149739073	62	-0.0537
LEMUR_p_TCGA_116_163_164_183_N_GenomeWideSNP_6_E08_914484	1	149748542	152555706	1468	0.3998
LEMUR_p_TCGA_116_163_164_183_N_GenomeWideSNP_6_E08_914484	1	152555767	152586238	30	-2.0677
LEMUR_p_TCGA_116_163_164_183_N_GenomeWideSNP_6_E08_914484	1	152586278	152586594	4	-0.7828
LEMUR_p_TCGA_116_163_164_183_N_GenomeWideSNP_6_E08_914484	1	152590494	152759678	171	0.41
LEMUR_p_TCGA_116_163_164_183_N_GenomeWideSNP_6_E08_914484	1	152761923	152768700	37	-1.9044
LEMUR_p_TCGA_116_163_164_183_N_GenomeWideSNP_6_E08_914484	1	152773905	159858734	4293	0.4203
LEMUR_p_TCGA_116_163_164_183_N_GenomeWideSNP_6_E08_914484	1	159858750	159858756	2	-0.6513
LEMUR_p_TCGA_116_163_164_183_N_GenomeWideSNP_6_E08_914484	1	159859260	165407001	4088	0.4148
LEMUR_p_TCGA_116_163_164_183_N_GenomeWideSNP_6_E08_914484	1	165407290	165408377	2	-0.8234
LEMUR_p_TCGA_116_163_164_183_N_GenomeWideSNP_6_E08_914484	1	165410468	169216937	2959	0.3983
LEMUR_p_TCGA_116_163_164_183_N_GenomeWideSNP_6_E08_914484	1	169233974	169241766	7	1.5309
LEMUR_p_TCGA_116_163_164_183_N_GenomeWideSNP_6_E08_914484	1	169242401	178976731	6265	0.4057
LEMUR_p_TCGA_116_163_164_183_N_GenomeWideSNP_6_E08_914484	1	178978208	178979173	2	-1.1473
LEMUR_p_TCGA_116_163_164_183_N_GenomeWideSNP_6_E08_914484	1	178981416	194448234	10488	0.4271
LEMUR_p_TCGA_116_163_164_183_N_GenomeWideSNP_6_E08_914484	1	194451411	194455018	2	2.1508
LEMUR_p_TCGA_116_163_164_183_N_GenomeWideSNP_6_E08_914484	1	194457016	196732086	1459	0.4712
LEMUR_p_TCGA_116_163_164_183_N_GenomeWideSNP_6_E08_914484	1	196738623	196815791	92	0.8191
LEMUR_p_TCGA_116_163_164_183_N_GenomeWideSNP_6_E08_914484	1	196816730	214637808	11931	0.4065
LEMUR_p_TCGA_116_163_164_183_N_GenomeWideSNP_6_E08_914484	1	214638436	214638457	2	-0.5873
LEMUR_p_TCGA_116_163_164_183_N_GenomeWideSNP_6_E08_914484	1	214639253	223020504	5861	0.4183
LEMUR_p_TCGA_116_163_164_183_N_GenomeWideSNP_6_E08_914484	1	223022923	223023769	3	-0.6306
LEMUR_p_TCGA_116_163_164_183_N_GenomeWideSNP_6_E08_914484	1	223026717	235280575	8356	0.3776
LEMUR_p_TCGA_116_163_164_183_N_GenomeWideSNP_6_E08_914484	1	235287752	235287802	2	-1.0708
LEMUR_p_TCGA_116_163_164_183_N_GenomeWideSNP_6_E08_914484	1	235299384	236866836	979	0.3566
LEMUR_p_TCGA_116_163_164_183_N_GenomeWideSNP_6_E08_914484	1	236870357	236870649	5	-0.7235
LEMUR_p_TCGA_116_163_164_183_N_GenomeWideSNP_6_E08_914484	1	236873115	241731095	3967	0.3894
LEMUR_p_TCGA_116_163_164_183_N_GenomeWideSNP_6_E08_914484	1	241735121	241744086	6	-2.0391
LEMUR_p_TCGA_116_163_164_183_N_GenomeWideSNP_6_E08_914484	1	241750062	248737447	4684	0.3945
LEMUR_p_TCGA_116_163_164_183_N_GenomeWideSNP_6_E08_914484	1	248749194	248783211	22	0.7661
LEMUR_p_TCGA_116_163_164_183_N_GenomeWideSNP_6_E08_914484	1	248783814	249224388	156	0.3845
LEMUR_p_TCGA_116_163_164_183_N_GenomeWideSNP_6_E08_914484	2	12784	4205687	2990	0.049
LEMUR_p_TCGA_116_163_164_183_N_GenomeWideSNP_6_E08_914484	2	4213864	4224019	42	-0.5491
LEMUR_p_TCGA_116_163_164_183_N_GenomeWideSNP_6_E08_914484	2	4230062	24680948	14990	0.0532
LEMUR_p_TCGA_116_163_164_183_N_GenomeWideSNP_6_E08_914484	2	24683105	24686441	2	-1.0618
LEMUR_p_TCGA_116_163_164_183_N_GenomeWideSNP_6_E08_914484	2	24686936	38954495	9345	0.0467
LEMUR_p_TCGA_116_163_164_183_N_GenomeWideSNP_6_E08_914484	2	38955866	38972281	8	0.7358
LEMUR_p_TCGA_116_163_164_183_N_GenomeWideSNP_6_E08_914484	2	38972826	40397251	918	0.0358
LEMUR_p_TCGA_116_163_164_183_N_GenomeWideSNP_6_E08_914484	2	40400127	40400312	3	-1.0167
LEMUR_p_TCGA_116_163_164_183_N_GenomeWideSNP_6_E08_914484	2	40406518	51536804	8097	0.05
LEMUR_p_TCGA_116_163_164_183_N_GenomeWideSNP_6_E08_914484	2	51538436	51540445	2	1.2592
LEMUR_p_TCGA_116_163_164_183_N_GenomeWideSNP_6_E08_914484	2	51546721	52754468	817	0.11
LEMUR_p_TCGA_116_163_164_183_N_GenomeWideSNP_6_E08_914484	2	52754480	52754881	6	-1.5002
LEMUR_p_TCGA_116_163_164_183_N_GenomeWideSNP_6_E08_914484	2	52758753	52781326	26	-0.3229
LEMUR_p_TCGA_116_163_164_183_N_GenomeWideSNP_6_E08_914484	2	52781374	76842314	15571	0.0473
LEMUR_p_TCGA_116_163_164_183_N_GenomeWideSNP_6_E08_914484	2	76844466	76847586	7	-0.7034
LEMUR_p_TCGA_116_163_164_183_N_GenomeWideSNP_6_E08_914484	2	76847626	86281967	5988	0.0758
LEMUR_p_TCGA_116_163_164_183_N_GenomeWideSNP_6_E08_914484	2	86282734	86506144	161	0.6362
LEMUR_p_TCGA_116_163_164_183_N_GenomeWideSNP_6_E08_914484	2	86513102	127714880	20316	0.0408
LEMUR_p_TCGA_116_163_164_183_N_GenomeWideSNP_6_E08_914484	2	127719856	127720068	2	-1.2867
LEMUR_p_TCGA_116_163_164_183_N_GenomeWideSNP_6_E08_914484	2	127724695	129638078	1113	0.0088
LEMUR_p_TCGA_116_163_164_183_N_GenomeWideSNP_6_E08_914484	2	129638478	129640297	14	0.512
LEMUR_p_TCGA_116_163_164_183_N_GenomeWideSNP_6_E08_914484	2	129640315	143448229	8530	0.0482
LEMUR_p_TCGA_116_163_164_183_N_GenomeWideSNP_6_E08_914484	2	143448283	143449045	2	1.0328
LEMUR_p_TCGA_116_163_164_183_N_GenomeWideSNP_6_E08_914484	2	143451624	146862085	1950	0.0187
LEMUR_p_TCGA_116_163_164_183_N_GenomeWideSNP_6_E08_914484	2	146864404	146866934	24	-1.9632
LEMUR_p_TCGA_116_163_164_183_N_GenomeWideSNP_6_E08_914484	2	146877806	177258842	18455	0.0397
LEMUR_p_TCGA_116_163_164_183_N_GenomeWideSNP_6_E08_914484	2	177267176	177272533	2	1.2674
LEMUR_p_TCGA_116_163_164_183_N_GenomeWideSNP_6_E08_914484	2	177275138	180413371	2067	0.0108
LEMUR_p_TCGA_116_163_164_183_N_GenomeWideSNP_6_E08_914484	2	180418211	180422137	30	-0.9198
LEMUR_p_TCGA_116_163_164_183_N_GenomeWideSNP_6_E08_914484	2	180425643	213187256	19519	0.0309
LEMUR_p_TCGA_116_163_164_183_N_GenomeWideSNP_6_E08_914484	2	213187272	213191825	22	-0.981
LEMUR_p_TCGA_116_163_164_183_N_GenomeWideSNP_6_E08_914484	2	213192126	229258805	10528	0.0253
LEMUR_p_TCGA_116_163_164_183_N_GenomeWideSNP_6_E08_914484	2	229262292	229268856	4	0.8012
LEMUR_p_TCGA_116_163_164_183_N_GenomeWideSNP_6_E08_914484	2	229269229	229757006	298	0.07
LEMUR_p_TCGA_116_163_164_183_N_GenomeWideSNP_6_E08_914484	2	229759479	229759913	8	-0.6329
LEMUR_p_TCGA_116_163_164_183_N_GenomeWideSNP_6_E08_914484	2	229760083	243089456	8237	0.0093
LEMUR_p_TCGA_116_163_164_183_N_GenomeWideSNP_6_E08_914484	3	60345	20307790	15311	0.06
LEMUR_p_TCGA_116_163_164_183_N_GenomeWideSNP_6_E08_914484	3	20313125	20316083	3	-1.3642
LEMUR_p_TCGA_116_163_164_183_N_GenomeWideSNP_6_E08_914484	3	20328081	26426191	4632	0.072
LEMUR_p_TCGA_116_163_164_183_N_GenomeWideSNP_6_E08_914484	3	26434124	26439343	5	-0.7071
LEMUR_p_TCGA_116_163_164_183_N_GenomeWideSNP_6_E08_914484	3	26445973	65188453	25452	0.0488
LEMUR_p_TCGA_116_163_164_183_N_GenomeWideSNP_6_E08_914484	3	65189235	65199702	31	-0.7012
LEMUR_p_TCGA_116_163_164_183_N_GenomeWideSNP_6_E08_914484	3	65199867	65203528	5	0.0577
LEMUR_p_TCGA_116_163_164_183_N_GenomeWideSNP_6_E08_914484	3	65203532	65210452	17	-0.5654
LEMUR_p_TCGA_116_163_164_183_N_GenomeWideSNP_6_E08_914484	3	65216349	75681210	7396	0.0463
LEMUR_p_TCGA_116_163_164_183_N_GenomeWideSNP_6_E08_914484	3	75682318	75685972	2	-1.4401
LEMUR_p_TCGA_116_163_164_183_N_GenomeWideSNP_6_E08_914484	3	75688286	98944458	10995	0.0775
LEMUR_p_TCGA_116_163_164_183_N_GenomeWideSNP_6_E08_914484	3	98944476	98949056	26	-0.3846
LEMUR_p_TCGA_116_163_164_183_N_GenomeWideSNP_6_E08_914484	3	98949069	129763698	18767	0.0406
LEMUR_p_TCGA_116_163_164_183_N_GenomeWideSNP_6_E08_914484	3	129766586	129806236	51	0.5115
LEMUR_p_TCGA_116_163_164_183_N_GenomeWideSNP_6_E08_914484	3	129806924	152342827	14120	0.0306
LEMUR_p_TCGA_116_163_164_183_N_GenomeWideSNP_6_E08_914484	3	152347094	152356202	46	-0.7681
LEMUR_p_TCGA_116_163_164_183_N_GenomeWideSNP_6_E08_914484	3	152356483	162513149	6129	0.0159
LEMUR_p_TCGA_116_163_164_183_N_GenomeWideSNP_6_E08_914484	3	162513459	162536823	15	0.6815
LEMUR_p_TCGA_116_163_164_183_N_GenomeWideSNP_6_E08_914484	3	162540009	162540490	3	1.8121
LEMUR_p_TCGA_116_163_164_183_N_GenomeWideSNP_6_E08_914484	3	162545716	162626603	50	0.5487
LEMUR_p_TCGA_116_163_164_183_N_GenomeWideSNP_6_E08_914484	3	162628614	175078518	7661	0.0419
LEMUR_p_TCGA_116_163_164_183_N_GenomeWideSNP_6_E08_914484	3	175080592	175081226	6	-0.8508
LEMUR_p_TCGA_116_163_164_183_N_GenomeWideSNP_6_E08_914484	3	175081325	192874747	11533	0.0267
LEMUR_p_TCGA_116_163_164_183_N_GenomeWideSNP_6_E08_914484	3	192877902	192882903	20	-1.5626
LEMUR_p_TCGA_116_163_164_183_N_GenomeWideSNP_6_E08_914484	3	192886435	195285898	1487	0.0081
LEMUR_p_TCGA_116_163_164_183_N_GenomeWideSNP_6_E08_914484	3	195383142	195455508	29	0.3424
LEMUR_p_TCGA_116_163_164_183_N_GenomeWideSNP_6_E08_914484	3	195455861	197896118	1191	0.0305
LEMUR_p_TCGA_116_163_164_183_N_GenomeWideSNP_6_E08_914484	4	12281	66719	58	-0.0846
LEMUR_p_TCGA_116_163_164_183_N_GenomeWideSNP_6_E08_914484	4	68821	5310756	2546	-0.7656
LEMUR_p_TCGA_116_163_164_183_N_GenomeWideSNP_6_E08_914484	4	5315434	5323295	5	-5.4645
LEMUR_p_TCGA_116_163_164_183_N_GenomeWideSNP_6_E08_914484	4	5324199	10214160	3173	-0.8128
LEMUR_p_TCGA_116_163_164_183_N_GenomeWideSNP_6_E08_914484	4	10223416	10230797	22	-2.514
LEMUR_p_TCGA_116_163_164_183_N_GenomeWideSNP_6_E08_914484	4	10230812	34779054	16979	-0.7352
LEMUR_p_TCGA_116_163_164_183_N_GenomeWideSNP_6_E08_914484	4	34786500	34824725	38	-2.5988
LEMUR_p_TCGA_116_163_164_183_N_GenomeWideSNP_6_E08_914484	4	34829872	49297220	8971	-0.7249
LEMUR_p_TCGA_116_163_164_183_N_GenomeWideSNP_6_E08_914484	4	49297235	61327312	5698	0.0531
LEMUR_p_TCGA_116_163_164_183_N_GenomeWideSNP_6_E08_914484	4	61329994	61331617	2	1.0843
LEMUR_p_TCGA_116_163_164_183_N_GenomeWideSNP_6_E08_914484	4	61335564	61936938	398	0.1058
LEMUR_p_TCGA_116_163_164_183_N_GenomeWideSNP_6_E08_914484	4	61940935	61941952	2	-1.8665
LEMUR_p_TCGA_116_163_164_183_N_GenomeWideSNP_6_E08_914484	4	61945686	69372003	4415	0.0845
LEMUR_p_TCGA_116_163_164_183_N_GenomeWideSNP_6_E08_914484	4	69374941	69485979	65	-1.8869
LEMUR_p_TCGA_116_163_164_183_N_GenomeWideSNP_6_E08_914484	4	69489335	70120893	325	0.0569
LEMUR_p_TCGA_116_163_164_183_N_GenomeWideSNP_6_E08_914484	4	70121250	70239989	63	0.3604
LEMUR_p_TCGA_116_163_164_183_N_GenomeWideSNP_6_E08_914484	4	70242029	70389716	106	0.054
LEMUR_p_TCGA_116_163_164_183_N_GenomeWideSNP_6_E08_914484	4	70389861	70390779	2	-3.0929
LEMUR_p_TCGA_116_163_164_183_N_GenomeWideSNP_6_E08_914484	4	70391888	76305108	3546	0.0465
LEMUR_p_TCGA_116_163_164_183_N_GenomeWideSNP_6_E08_914484	4	76309564	76325153	13	-0.7825
LEMUR_p_TCGA_116_163_164_183_N_GenomeWideSNP_6_E08_914484	4	76336137	115173700	23708	0.0544
LEMUR_p_TCGA_116_163_164_183_N_GenomeWideSNP_6_E08_914484	4	115175323	115182175	23	0.7824
LEMUR_p_TCGA_116_163_164_183_N_GenomeWideSNP_6_E08_914484	4	115184229	115507624	226	0.0541
LEMUR_p_TCGA_116_163_164_183_N_GenomeWideSNP_6_E08_914484	4	115508166	115510454	3	-3.5541
LEMUR_p_TCGA_116_163_164_183_N_GenomeWideSNP_6_E08_914484	4	115514426	120963603	3244	0.0691
LEMUR_p_TCGA_116_163_164_183_N_GenomeWideSNP_6_E08_914484	4	120963809	120968893	3	-0.8917
LEMUR_p_TCGA_116_163_164_183_N_GenomeWideSNP_6_E08_914484	4	120972650	134924034	8039	0.0442
LEMUR_p_TCGA_116_163_164_183_N_GenomeWideSNP_6_E08_914484	4	134924097	135185631	123	-0.9795
LEMUR_p_TCGA_116_163_164_183_N_GenomeWideSNP_6_E08_914484	4	135188402	138085107	1622	0.0737
LEMUR_p_TCGA_116_163_164_183_N_GenomeWideSNP_6_E08_914484	4	138089547	138094958	19	-0.561
LEMUR_p_TCGA_116_163_164_183_N_GenomeWideSNP_6_E08_914484	4	138094972	191027923	34025	0.0437
LEMUR_p_TCGA_116_163_164_183_N_GenomeWideSNP_6_E08_914484	5	15532	12785251	10187	-0.7557
LEMUR_p_TCGA_116_163_164_183_N_GenomeWideSNP_6_E08_914484	5	12785262	12820076	14	0.1183
LEMUR_p_TCGA_116_163_164_183_N_GenomeWideSNP_6_E08_914484	5	12824411	17601553	3179	-0.7373
LEMUR_p_TCGA_116_163_164_183_N_GenomeWideSNP_6_E08_914484	5	17601728	17642285	21	-3.3699
LEMUR_p_TCGA_116_163_164_183_N_GenomeWideSNP_6_E08_914484	5	17642551	21248350	2217	-0.6945
LEMUR_p_TCGA_116_163_164_183_N_GenomeWideSNP_6_E08_914484	5	21250252	21391540	74	-0.4072
LEMUR_p_TCGA_116_163_164_183_N_GenomeWideSNP_6_E08_914484	5	21391789	21428775	29	-0.7379
LEMUR_p_TCGA_116_163_164_183_N_GenomeWideSNP_6_E08_914484	5	21431706	21579388	71	-0.401
LEMUR_p_TCGA_116_163_164_183_N_GenomeWideSNP_6_E08_914484	5	21581479	45916048	14880	-0.7186
LEMUR_p_TCGA_116_163_164_183_N_GenomeWideSNP_6_E08_914484	5	45921139	45982066	12	-0.0971
LEMUR_p_TCGA_116_163_164_183_N_GenomeWideSNP_6_E08_914484	5	45989393	46191884	34	-0.6678
LEMUR_p_TCGA_116_163_164_183_N_GenomeWideSNP_6_E08_914484	5	46195883	46271108	19	0.1331
LEMUR_p_TCGA_116_163_164_183_N_GenomeWideSNP_6_E08_914484	5	46271930	46273502	6	-3.2549
LEMUR_p_TCGA_116_163_164_183_N_GenomeWideSNP_6_E08_914484	5	46278212	98726889	29026	0.0507
LEMUR_p_TCGA_116_163_164_183_N_GenomeWideSNP_6_E08_914484	5	98728059	98767744	11	0.5101
LEMUR_p_TCGA_116_163_164_183_N_GenomeWideSNP_6_E08_914484	5	98769659	103851221	2958	0.071
LEMUR_p_TCGA_116_163_164_183_N_GenomeWideSNP_6_E08_914484	5	103860373	103860604	4	1.5453
LEMUR_p_TCGA_116_163_164_183_N_GenomeWideSNP_6_E08_914484	5	103861049	117386617	9406	0.0553
LEMUR_p_TCGA_116_163_164_183_N_GenomeWideSNP_6_E08_914484	5	117388422	117389085	11	-0.5935
LEMUR_p_TCGA_116_163_164_183_N_GenomeWideSNP_6_E08_914484	5	117404340	140218722	13833	0.0527
LEMUR_p_TCGA_116_163_164_183_N_GenomeWideSNP_6_E08_914484	5	140223836	140243756	13	-0.502
LEMUR_p_TCGA_116_163_164_183_N_GenomeWideSNP_6_E08_914484	5	140252163	150202205	6574	0.0466
LEMUR_p_TCGA_116_163_164_183_N_GenomeWideSNP_6_E08_914484	5	150205500	150218604	8	-0.704
LEMUR_p_TCGA_116_163_164_183_N_GenomeWideSNP_6_E08_914484	5	150223387	155476920	3639	0.0463
LEMUR_p_TCGA_116_163_164_183_N_GenomeWideSNP_6_E08_914484	5	155476998	155482715	11	-0.4646
LEMUR_p_TCGA_116_163_164_183_N_GenomeWideSNP_6_E08_914484	5	155482729	176085470	14366	0.0446
LEMUR_p_TCGA_116_163_164_183_N_GenomeWideSNP_6_E08_914484	5	176085522	176086738	2	-1.157
LEMUR_p_TCGA_116_163_164_183_N_GenomeWideSNP_6_E08_914484	5	176092469	180790320	2475	0.0374
LEMUR_p_TCGA_116_163_164_183_N_GenomeWideSNP_6_E08_914484	6	149661	254283	101	0.0095
LEMUR_p_TCGA_116_163_164_183_N_GenomeWideSNP_6_E08_914484	6	257353	323084	32	0.5
LEMUR_p_TCGA_116_163_164_183_N_GenomeWideSNP_6_E08_914484	6	323326	9177875	7278	0.0526
LEMUR_p_TCGA_116_163_164_183_N_GenomeWideSNP_6_E08_914484	6	9177875	9205352	6	0.6294
LEMUR_p_TCGA_116_163_164_183_N_GenomeWideSNP_6_E08_914484	6	9212227	18077439	6573	0.0361
LEMUR_p_TCGA_116_163_164_183_N_GenomeWideSNP_6_E08_914484	6	18078082	18080365	3	-0.7074
LEMUR_p_TCGA_116_163_164_183_N_GenomeWideSNP_6_E08_914484	6	18080504	19040119	815	0.0492
LEMUR_p_TCGA_116_163_164_183_N_GenomeWideSNP_6_E08_914484	6	19042181	19044748	6	-0.7885
LEMUR_p_TCGA_116_163_164_183_N_GenomeWideSNP_6_E08_914484	6	19044763	29837072	6941	0.0502
LEMUR_p_TCGA_116_163_164_183_N_GenomeWideSNP_6_E08_914484	6	29837187	29849267	16	1.0022
LEMUR_p_TCGA_116_163_164_183_N_GenomeWideSNP_6_E08_914484	6	29850196	32431292	1185	0.0992
LEMUR_p_TCGA_116_163_164_183_N_GenomeWideSNP_6_E08_914484	6	32431552	32570365	38	1.1055
LEMUR_p_TCGA_116_163_164_183_N_GenomeWideSNP_6_E08_914484	6	32573771	48931729	10461	0.0339
LEMUR_p_TCGA_116_163_164_183_N_GenomeWideSNP_6_E08_914484	6	48933070	48935200	4	-0.8261
LEMUR_p_TCGA_116_163_164_183_N_GenomeWideSNP_6_E08_914484	6	48946563	53931151	3319	0.0513
LEMUR_p_TCGA_116_163_164_183_N_GenomeWideSNP_6_E08_914484	6	53931230	53931855	6	-1.5901
LEMUR_p_TCGA_116_163_164_183_N_GenomeWideSNP_6_E08_914484	6	53935348	65336942	4358	0.0687
LEMUR_p_TCGA_116_163_164_183_N_GenomeWideSNP_6_E08_914484	6	65347544	65348992	2	-2.7755
LEMUR_p_TCGA_116_163_164_183_N_GenomeWideSNP_6_E08_914484	6	65350776	68787682	2440	0.0995
LEMUR_p_TCGA_116_163_164_183_N_GenomeWideSNP_6_E08_914484	6	68791025	69937817	720	-0.3192
LEMUR_p_TCGA_116_163_164_183_N_GenomeWideSNP_6_E08_914484	6	69938177	69938517	3	-1.8727
LEMUR_p_TCGA_116_163_164_183_N_GenomeWideSNP_6_E08_914484	6	69940937	70276889	201	-0.3487
LEMUR_p_TCGA_116_163_164_183_N_GenomeWideSNP_6_E08_914484	6	70279734	77429730	4561	-0.7192
LEMUR_p_TCGA_116_163_164_183_N_GenomeWideSNP_6_E08_914484	6	77436159	77452689	22	-0.067
LEMUR_p_TCGA_116_163_164_183_N_GenomeWideSNP_6_E08_914484	6	77452757	78962889	978	-0.6923
LEMUR_p_TCGA_116_163_164_183_N_GenomeWideSNP_6_E08_914484	6	78969065	79041719	114	-0.1333
LEMUR_p_TCGA_116_163_164_183_N_GenomeWideSNP_6_E08_914484	6	79041773	89748850	6677	-0.7259
LEMUR_p_TCGA_116_163_164_183_N_GenomeWideSNP_6_E08_914484	6	89749105	89749189	2	-3.8102
LEMUR_p_TCGA_116_163_164_183_N_GenomeWideSNP_6_E08_914484	6	89749812	103734829	8789	-0.7021
LEMUR_p_TCGA_116_163_164_183_N_GenomeWideSNP_6_E08_914484	6	103737976	103762061	45	-1.6652
LEMUR_p_TCGA_116_163_164_183_N_GenomeWideSNP_6_E08_914484	6	103765470	171051005	44168	-0.7431
LEMUR_p_TCGA_116_163_164_183_N_GenomeWideSNP_6_E08_914484	7	43355	5919110	3066	0.0416
LEMUR_p_TCGA_116_163_164_183_N_GenomeWideSNP_6_E08_914484	7	5923738	5930582	5	0.7544
LEMUR_p_TCGA_116_163_164_183_N_GenomeWideSNP_6_E08_914484	7	5931895	22434780	13037	0.0782
LEMUR_p_TCGA_116_163_164_183_N_GenomeWideSNP_6_E08_914484	7	22435472	22436487	2	1.1576
LEMUR_p_TCGA_116_163_164_183_N_GenomeWideSNP_6_E08_914484	7	22438754	26132290	2767	0.0266
LEMUR_p_TCGA_116_163_164_183_N_GenomeWideSNP_6_E08_914484	7	26142392	26145413	4	-3.8421
LEMUR_p_TCGA_116_163_164_183_N_GenomeWideSNP_6_E08_914484	7	26147219	44019535	12457	0.046
LEMUR_p_TCGA_116_163_164_183_N_GenomeWideSNP_6_E08_914484	7	44034860	44035015	2	1.1155
LEMUR_p_TCGA_116_163_164_183_N_GenomeWideSNP_6_E08_914484	7	44049321	53067860	6280	0.0467
LEMUR_p_TCGA_116_163_164_183_N_GenomeWideSNP_6_E08_914484	7	53070750	53070775	2	-0.8631
LEMUR_p_TCGA_116_163_164_183_N_GenomeWideSNP_6_E08_914484	7	53074399	74386630	9013	0.0539
LEMUR_p_TCGA_116_163_164_183_N_GenomeWideSNP_6_E08_914484	7	74466370	74483811	3	1.0248
LEMUR_p_TCGA_116_163_164_183_N_GenomeWideSNP_6_E08_914484	7	74507702	76143893	445	0.4623
LEMUR_p_TCGA_116_163_164_183_N_GenomeWideSNP_6_E08_914484	7	76153348	76161308	5	-0.2243
LEMUR_p_TCGA_116_163_164_183_N_GenomeWideSNP_6_E08_914484	7	76161422	84446822	5630	0.5408
LEMUR_p_TCGA_116_163_164_183_N_GenomeWideSNP_6_E08_914484	7	84448412	109441212	14721	1.0848
LEMUR_p_TCGA_116_163_164_183_N_GenomeWideSNP_6_E08_914484	7	109441244	109453910	11	1.694
LEMUR_p_TCGA_116_163_164_183_N_GenomeWideSNP_6_E08_914484	7	109453982	126045651	10043	1.1068
LEMUR_p_TCGA_116_163_164_183_N_GenomeWideSNP_6_E08_914484	7	126045686	126046615	9	-1.4114
LEMUR_p_TCGA_116_163_164_183_N_GenomeWideSNP_6_E08_914484	7	126046876	142253345	10312	1.065
LEMUR_p_TCGA_116_163_164_183_N_GenomeWideSNP_6_E08_914484	7	142253550	142253685	2	-0.8484
LEMUR_p_TCGA_116_163_164_183_N_GenomeWideSNP_6_E08_914484	7	142253894	143218858	620	1.0709
LEMUR_p_TCGA_116_163_164_183_N_GenomeWideSNP_6_E08_914484	7	143218968	143398042	30	1.5627
LEMUR_p_TCGA_116_163_164_183_N_GenomeWideSNP_6_E08_914484	7	143398060	143909445	344	1.0975
LEMUR_p_TCGA_116_163_164_183_N_GenomeWideSNP_6_E08_914484	7	143911624	144066947	39	0.5571
LEMUR_p_TCGA_116_163_164_183_N_GenomeWideSNP_6_E08_914484	7	144074929	144767885	459	1.0772
LEMUR_p_TCGA_116_163_164_183_N_GenomeWideSNP_6_E08_914484	7	144770803	144770965	2	-0.4167
LEMUR_p_TCGA_116_163_164_183_N_GenomeWideSNP_6_E08_914484	7	144780430	147799754	2019	1.1188
LEMUR_p_TCGA_116_163_164_183_N_GenomeWideSNP_6_E08_914484	7	147802611	149789474	1114	0.0172
LEMUR_p_TCGA_116_163_164_183_N_GenomeWideSNP_6_E08_914484	7	149795055	149806076	6	-1.5377
LEMUR_p_TCGA_116_163_164_183_N_GenomeWideSNP_6_E08_914484	7	149810022	159127004	6097	0.0292
LEMUR_p_TCGA_116_163_164_183_N_GenomeWideSNP_6_E08_914484	8	31254	1820745	1242	-0.7549
LEMUR_p_TCGA_116_163_164_183_N_GenomeWideSNP_6_E08_914484	8	1821492	1821516	2	-3.4784
LEMUR_p_TCGA_116_163_164_183_N_GenomeWideSNP_6_E08_914484	8	1822439	2247827	402	-0.7878
LEMUR_p_TCGA_116_163_164_183_N_GenomeWideSNP_6_E08_914484	8	2254638	2259223	10	-2.2818
LEMUR_p_TCGA_116_163_164_183_N_GenomeWideSNP_6_E08_914484	8	2259329	5573697	4394	-0.692
LEMUR_p_TCGA_116_163_164_183_N_GenomeWideSNP_6_E08_914484	8	5574059	5576744	8	-1.7816
LEMUR_p_TCGA_116_163_164_183_N_GenomeWideSNP_6_E08_914484	8	5578703	6622685	1404	-0.7085
LEMUR_p_TCGA_116_163_164_183_N_GenomeWideSNP_6_E08_914484	8	6626476	6814445	210	0.0681
LEMUR_p_TCGA_116_163_164_183_N_GenomeWideSNP_6_E08_914484	8	6814656	6815328	6	-0.5337
LEMUR_p_TCGA_116_163_164_183_N_GenomeWideSNP_6_E08_914484	8	6815579	7238019	163	0.0894
LEMUR_p_TCGA_116_163_164_183_N_GenomeWideSNP_6_E08_914484	8	7250380	7809906	151	-0.4489
LEMUR_p_TCGA_116_163_164_183_N_GenomeWideSNP_6_E08_914484	8	7826922	7978187	45	0.1461
LEMUR_p_TCGA_116_163_164_183_N_GenomeWideSNP_6_E08_914484	8	7989963	8009204	11	-0.4586
LEMUR_p_TCGA_116_163_164_183_N_GenomeWideSNP_6_E08_914484	8	8017930	11895245	3232	0.0785
LEMUR_p_TCGA_116_163_164_183_N_GenomeWideSNP_6_E08_914484	8	11934660	12034997	10	-0.9292
LEMUR_p_TCGA_116_163_164_183_N_GenomeWideSNP_6_E08_914484	8	12162739	12247486	47	0.11
LEMUR_p_TCGA_116_163_164_183_N_GenomeWideSNP_6_E08_914484	8	12260927	12419965	54	-0.3015
LEMUR_p_TCGA_116_163_164_183_N_GenomeWideSNP_6_E08_914484	8	12420090	14285211	1747	0.0903
LEMUR_p_TCGA_116_163_164_183_N_GenomeWideSNP_6_E08_914484	8	14286190	14286320	3	-1.1998
LEMUR_p_TCGA_116_163_164_183_N_GenomeWideSNP_6_E08_914484	8	14286552	15288492	916	0.1064
LEMUR_p_TCGA_116_163_164_183_N_GenomeWideSNP_6_E08_914484	8	15292962	15295445	3	-0.8272
LEMUR_p_TCGA_116_163_164_183_N_GenomeWideSNP_6_E08_914484	8	15296703	24974522	7777	0.0652
LEMUR_p_TCGA_116_163_164_183_N_GenomeWideSNP_6_E08_914484	8	24974577	24984223	22	0.3804
LEMUR_p_TCGA_116_163_164_183_N_GenomeWideSNP_6_E08_914484	8	24984250	39230659	9046	0.0579
LEMUR_p_TCGA_116_163_164_183_N_GenomeWideSNP_6_E08_914484	8	39235603	39386965	59	0.9914
LEMUR_p_TCGA_116_163_164_183_N_GenomeWideSNP_6_E08_914484	8	39388299	40771996	1075	0.057
LEMUR_p_TCGA_116_163_164_183_N_GenomeWideSNP_6_E08_914484	8	40777852	40778471	2	-1.9699
LEMUR_p_TCGA_116_163_164_183_N_GenomeWideSNP_6_E08_914484	8	40783680	43603698	1478	0.0219
LEMUR_p_TCGA_116_163_164_183_N_GenomeWideSNP_6_E08_914484	8	43604362	43624895	4	-1.2152
LEMUR_p_TCGA_116_163_164_183_N_GenomeWideSNP_6_E08_914484	8	43625120	47525576	215	-0.0107
LEMUR_p_TCGA_116_163_164_183_N_GenomeWideSNP_6_E08_914484	8	47527548	47546095	10	0.5714
LEMUR_p_TCGA_116_163_164_183_N_GenomeWideSNP_6_E08_914484	8	47547349	64848636	10879	0.0556
LEMUR_p_TCGA_116_163_164_183_N_GenomeWideSNP_6_E08_914484	8	64848897	64849118	6	1.1236
LEMUR_p_TCGA_116_163_164_183_N_GenomeWideSNP_6_E08_914484	8	64849510	68547669	1883	0.031
LEMUR_p_TCGA_116_163_164_183_N_GenomeWideSNP_6_E08_914484	8	68548132	68548400	6	-0.6469
LEMUR_p_TCGA_116_163_164_183_N_GenomeWideSNP_6_E08_914484	8	68548491	96925327	17247	0.0511
LEMUR_p_TCGA_116_163_164_183_N_GenomeWideSNP_6_E08_914484	8	96925737	99245008	1498	0.4827
LEMUR_p_TCGA_116_163_164_183_N_GenomeWideSNP_6_E08_914484	8	99253029	99280541	16	0.0623
LEMUR_p_TCGA_116_163_164_183_N_GenomeWideSNP_6_E08_914484	8	99282124	99996347	323	0.4928
LEMUR_p_TCGA_116_163_164_183_N_GenomeWideSNP_6_E08_914484	8	100003226	101180650	547	0.0407
LEMUR_p_TCGA_116_163_164_183_N_GenomeWideSNP_6_E08_914484	8	101181328	103608120	1652	0.4786
LEMUR_p_TCGA_116_163_164_183_N_GenomeWideSNP_6_E08_914484	8	103611260	104526985	587	0.0044
LEMUR_p_TCGA_116_163_164_183_N_GenomeWideSNP_6_E08_914484	8	104528452	107363464	1651	0.529
LEMUR_p_TCGA_116_163_164_183_N_GenomeWideSNP_6_E08_914484	8	107365774	107822761	307	0.0766
LEMUR_p_TCGA_116_163_164_183_N_GenomeWideSNP_6_E08_914484	8	107823148	108193540	304	0.5023
LEMUR_p_TCGA_116_163_164_183_N_GenomeWideSNP_6_E08_914484	8	108195770	112291494	2377	1.0984
LEMUR_p_TCGA_116_163_164_183_N_GenomeWideSNP_6_E08_914484	8	112294279	112294466	3	-0.6225
LEMUR_p_TCGA_116_163_164_183_N_GenomeWideSNP_6_E08_914484	8	112294670	112295260	6	-2.8448
LEMUR_p_TCGA_116_163_164_183_N_GenomeWideSNP_6_E08_914484	8	112300281	120152010	4975	1.0987
LEMUR_p_TCGA_116_163_164_183_N_GenomeWideSNP_6_E08_914484	8	120154784	120159446	4	-0.6364
LEMUR_p_TCGA_116_163_164_183_N_GenomeWideSNP_6_E08_914484	8	120162854	137358110	12558	1.0499
LEMUR_p_TCGA_116_163_164_183_N_GenomeWideSNP_6_E08_914484	8	137358241	137360227	5	0.036
LEMUR_p_TCGA_116_163_164_183_N_GenomeWideSNP_6_E08_914484	8	137361194	138891896	1207	1.1043
LEMUR_p_TCGA_116_163_164_183_N_GenomeWideSNP_6_E08_914484	8	138891978	140703184	1616	0.8198
LEMUR_p_TCGA_116_163_164_183_N_GenomeWideSNP_6_E08_914484	8	140703213	140908971	130	1.1132
LEMUR_p_TCGA_116_163_164_183_N_GenomeWideSNP_6_E08_914484	8	140909484	144309939	1808	0.8259
LEMUR_p_TCGA_116_163_164_183_N_GenomeWideSNP_6_E08_914484	8	144309998	144310617	6	-0.1677
LEMUR_p_TCGA_116_163_164_183_N_GenomeWideSNP_6_E08_914484	8	144314377	144384671	25	0.8455
LEMUR_p_TCGA_116_163_164_183_N_GenomeWideSNP_6_E08_914484	8	144384688	145508268	286	1.0738
LEMUR_p_TCGA_116_163_164_183_N_GenomeWideSNP_6_E08_914484	8	145508691	146298155	323	0.7974
LEMUR_p_TCGA_116_163_164_183_N_GenomeWideSNP_6_E08_914484	9	46587	26461402	22640	-0.7184
LEMUR_p_TCGA_116_163_164_183_N_GenomeWideSNP_6_E08_914484	9	26472266	29091097	2122	0.0828
LEMUR_p_TCGA_116_163_164_183_N_GenomeWideSNP_6_E08_914484	9	29094549	29094997	2	-3.3665
LEMUR_p_TCGA_116_163_164_183_N_GenomeWideSNP_6_E08_914484	9	29097680	33800628	3314	0.0911
LEMUR_p_TCGA_116_163_164_183_N_GenomeWideSNP_6_E08_914484	9	33803005	33803889	2	1.1996
LEMUR_p_TCGA_116_163_164_183_N_GenomeWideSNP_6_E08_914484	9	33803970	39315036	3149	0.0306
LEMUR_p_TCGA_116_163_164_183_N_GenomeWideSNP_6_E08_914484	9	39321378	39775419	14	-0.3731
LEMUR_p_TCGA_116_163_164_183_N_GenomeWideSNP_6_E08_914484	9	39776828	44255487	169	0.1156
LEMUR_p_TCGA_116_163_164_183_N_GenomeWideSNP_6_E08_914484	9	44255886	44404912	12	-0.5095
LEMUR_p_TCGA_116_163_164_183_N_GenomeWideSNP_6_E08_914484	9	44424451	105515822	24544	0.0359
LEMUR_p_TCGA_116_163_164_183_N_GenomeWideSNP_6_E08_914484	9	105515851	105517840	7	-0.6164
LEMUR_p_TCGA_116_163_164_183_N_GenomeWideSNP_6_E08_914484	9	105522052	138211368	22804	0.0316
LEMUR_p_TCGA_116_163_164_183_N_GenomeWideSNP_6_E08_914484	9	138214105	138215622	2	-1.555
LEMUR_p_TCGA_116_163_164_183_N_GenomeWideSNP_6_E08_914484	9	138216412	141071940	1111	0.0221
LEMUR_p_TCGA_116_163_164_183_N_GenomeWideSNP_6_E08_914484	9	141074637	141091394	5	-0.5297
LEMUR_p_TCGA_116_163_164_183_N_GenomeWideSNP_6_E08_914484	10	72809	17894976	14888	0.0418
LEMUR_p_TCGA_116_163_164_183_N_GenomeWideSNP_6_E08_914484	10	17927554	18064568	7	-0.7048
LEMUR_p_TCGA_116_163_164_183_N_GenomeWideSNP_6_E08_914484	10	18075021	24377675	4356	0.041
LEMUR_p_TCGA_116_163_164_183_N_GenomeWideSNP_6_E08_914484	10	24377676	24378054	9	-2.2189
LEMUR_p_TCGA_116_163_164_183_N_GenomeWideSNP_6_E08_914484	10	24378908	46253045	12318	0.0479
LEMUR_p_TCGA_116_163_164_183_N_GenomeWideSNP_6_E08_914484	10	46256781	46312487	3	-1.1036
LEMUR_p_TCGA_116_163_164_183_N_GenomeWideSNP_6_E08_914484	10	46485761	47897394	379	-0.0151
LEMUR_p_TCGA_116_163_164_183_N_GenomeWideSNP_6_E08_914484	10	47912899	47913401	2	-2.6224
LEMUR_p_TCGA_116_163_164_183_N_GenomeWideSNP_6_E08_914484	10	47948060	48771950	292	0.0509
LEMUR_p_TCGA_116_163_164_183_N_GenomeWideSNP_6_E08_914484	10	48837810	49045895	13	-1.1181
LEMUR_p_TCGA_116_163_164_183_N_GenomeWideSNP_6_E08_914484	10	49082219	49322868	14	0.4689
LEMUR_p_TCGA_116_163_164_183_N_GenomeWideSNP_6_E08_914484	10	49322881	67029555	12285	0.0702
LEMUR_p_TCGA_116_163_164_183_N_GenomeWideSNP_6_E08_914484	10	67030861	67031903	3	-0.683
LEMUR_p_TCGA_116_163_164_183_N_GenomeWideSNP_6_E08_914484	10	67032387	67306079	188	0.0993
LEMUR_p_TCGA_116_163_164_183_N_GenomeWideSNP_6_E08_914484	10	67306158	67311183	21	0.4219
LEMUR_p_TCGA_116_163_164_183_N_GenomeWideSNP_6_E08_914484	10	67311196	72425740	3489	0.0583
LEMUR_p_TCGA_116_163_164_183_N_GenomeWideSNP_6_E08_914484	10	72426905	72453573	14	-0.3699
LEMUR_p_TCGA_116_163_164_183_N_GenomeWideSNP_6_E08_914484	10	72456562	81251331	5748	0.0405
LEMUR_p_TCGA_116_163_164_183_N_GenomeWideSNP_6_E08_914484	10	81283267	81423379	15	0.3862
LEMUR_p_TCGA_116_163_164_183_N_GenomeWideSNP_6_E08_914484	10	81443881	84941604	2452	0.0786
LEMUR_p_TCGA_116_163_164_183_N_GenomeWideSNP_6_E08_914484	10	84942224	84947722	5	-0.6856
LEMUR_p_TCGA_116_163_164_183_N_GenomeWideSNP_6_E08_914484	10	84947883	111025185	17013	0.0482
LEMUR_p_TCGA_116_163_164_183_N_GenomeWideSNP_6_E08_914484	10	111028695	111028851	5	0.7175
LEMUR_p_TCGA_116_163_164_183_N_GenomeWideSNP_6_E08_914484	10	111030369	120173798	6335	0.0571
LEMUR_p_TCGA_116_163_164_183_N_GenomeWideSNP_6_E08_914484	10	120175717	120178307	6	-1.0265
LEMUR_p_TCGA_116_163_164_183_N_GenomeWideSNP_6_E08_914484	10	120179359	124343951	3319	0.045
LEMUR_p_TCGA_116_163_164_183_N_GenomeWideSNP_6_E08_914484	10	124344109	124351013	6	-0.7167
LEMUR_p_TCGA_116_163_164_183_N_GenomeWideSNP_6_E08_914484	10	124356812	135229141	7772	0.0463
LEMUR_p_TCGA_116_163_164_183_N_GenomeWideSNP_6_E08_914484	10	135229719	135229868	2	-2.8349
LEMUR_p_TCGA_116_163_164_183_N_GenomeWideSNP_6_E08_914484	10	135232654	135506704	151	0.0701
LEMUR_p_TCGA_116_163_164_183_N_GenomeWideSNP_6_E08_914484	11	198510	18940870	12764	-0.0386
LEMUR_p_TCGA_116_163_164_183_N_GenomeWideSNP_6_E08_914484	11	18949072	18961738	52	-0.856
LEMUR_p_TCGA_116_163_164_183_N_GenomeWideSNP_6_E08_914484	11	18961818	55363340	21852	0.0544
LEMUR_p_TCGA_116_163_164_183_N_GenomeWideSNP_6_E08_914484	11	55374032	55463154	64	0.3824
LEMUR_p_TCGA_116_163_164_183_N_GenomeWideSNP_6_E08_914484	11	55468524	110406816	34428	0.0539
LEMUR_p_TCGA_116_163_164_183_N_GenomeWideSNP_6_E08_914484	11	110409132	110415517	3	-1.1221
LEMUR_p_TCGA_116_163_164_183_N_GenomeWideSNP_6_E08_914484	11	110416666	134944770	18007	0.0469
LEMUR_p_TCGA_116_163_164_183_N_GenomeWideSNP_6_E08_914484	12	150442	16166887	10804	0.0466
LEMUR_p_TCGA_116_163_164_183_N_GenomeWideSNP_6_E08_914484	12	16170574	16209069	22	-0.8289
LEMUR_p_TCGA_116_163_164_183_N_GenomeWideSNP_6_E08_914484	12	16209646	33386757	12131	0.0488
LEMUR_p_TCGA_116_163_164_183_N_GenomeWideSNP_6_E08_914484	12	33388829	33395142	4	-0.5942
LEMUR_p_TCGA_116_163_164_183_N_GenomeWideSNP_6_E08_914484	12	33395418	37987726	796	0.0697
LEMUR_p_TCGA_116_163_164_183_N_GenomeWideSNP_6_E08_914484	12	38012567	38014018	2	-1.9284
LEMUR_p_TCGA_116_163_164_183_N_GenomeWideSNP_6_E08_914484	12	38034358	45899825	4779	0.067
LEMUR_p_TCGA_116_163_164_183_N_GenomeWideSNP_6_E08_914484	12	45904438	45909537	4	1.2672
LEMUR_p_TCGA_116_163_164_183_N_GenomeWideSNP_6_E08_914484	12	45913292	77460129	19291	0.0473
LEMUR_p_TCGA_116_163_164_183_N_GenomeWideSNP_6_E08_914484	12	77462364	77462434	2	-1.1488
LEMUR_p_TCGA_116_163_164_183_N_GenomeWideSNP_6_E08_914484	12	77465521	98673812	13765	0.0592
LEMUR_p_TCGA_116_163_164_183_N_GenomeWideSNP_6_E08_914484	12	98673917	98673975	4	-0.8694
LEMUR_p_TCGA_116_163_164_183_N_GenomeWideSNP_6_E08_914484	12	98673990	133778189	23497	0.0412
LEMUR_p_TCGA_116_163_164_183_N_GenomeWideSNP_6_E08_914484	13	19026949	19487783	145	-0.458
LEMUR_p_TCGA_116_163_164_183_N_GenomeWideSNP_6_E08_914484	13	19493963	30275107	7771	-0.7374
LEMUR_p_TCGA_116_163_164_183_N_GenomeWideSNP_6_E08_914484	13	30276371	30277351	3	-2.6059
LEMUR_p_TCGA_116_163_164_183_N_GenomeWideSNP_6_E08_914484	13	30280576	38072036	5598	-0.7478
LEMUR_p_TCGA_116_163_164_183_N_GenomeWideSNP_6_E08_914484	13	38072224	38088374	17	-0.1041
LEMUR_p_TCGA_116_163_164_183_N_GenomeWideSNP_6_E08_914484	13	38088387	86397828	30944	-0.704
LEMUR_p_TCGA_116_163_164_183_N_GenomeWideSNP_6_E08_914484	13	86404743	86408327	7	-1.4772
LEMUR_p_TCGA_116_163_164_183_N_GenomeWideSNP_6_E08_914484	13	86408521	87926016	751	-0.6975
LEMUR_p_TCGA_116_163_164_183_N_GenomeWideSNP_6_E08_914484	13	87929502	94379361	4111	0.0899
LEMUR_p_TCGA_116_163_164_183_N_GenomeWideSNP_6_E08_914484	13	94384580	94511065	93	-0.2636
LEMUR_p_TCGA_116_163_164_183_N_GenomeWideSNP_6_E08_914484	13	94513790	110672968	12120	0.0638
LEMUR_p_TCGA_116_163_164_183_N_GenomeWideSNP_6_E08_914484	13	110673614	110675198	4	-1.1034
LEMUR_p_TCGA_116_163_164_183_N_GenomeWideSNP_6_E08_914484	13	110678775	115108397	2665	0.0526
LEMUR_p_TCGA_116_163_164_183_N_GenomeWideSNP_6_E08_914484	14	19002124	19693231	49	0.0699
LEMUR_p_TCGA_116_163_164_183_N_GenomeWideSNP_6_E08_914484	14	19693249	20422583	140	-0.2927
LEMUR_p_TCGA_116_163_164_183_N_GenomeWideSNP_6_E08_914484	14	20423372	106715489	55064	0.043
LEMUR_p_TCGA_116_163_164_183_N_GenomeWideSNP_6_E08_914484	14	106717356	106727469	8	-0.6147
LEMUR_p_TCGA_116_163_164_183_N_GenomeWideSNP_6_E08_914484	14	106728162	106879831	69	0.1439
LEMUR_p_TCGA_116_163_164_183_N_GenomeWideSNP_6_E08_914484	14	106881352	106939788	58	-0.3859
LEMUR_p_TCGA_116_163_164_183_N_GenomeWideSNP_6_E08_914484	14	106943522	107285437	216	0.0384
LEMUR_p_TCGA_116_163_164_183_N_GenomeWideSNP_6_E08_914484	15	20016328	20422378	67	0.0212
LEMUR_p_TCGA_116_163_164_183_N_GenomeWideSNP_6_E08_914484	15	20440538	22285769	243	-0.2103
LEMUR_p_TCGA_116_163_164_183_N_GenomeWideSNP_6_E08_914484	15	22287270	22673399	113	-0.6398
LEMUR_p_TCGA_116_163_164_183_N_GenomeWideSNP_6_E08_914484	15	22681076	52990946	18492	0.0498
LEMUR_p_TCGA_116_163_164_183_N_GenomeWideSNP_6_E08_914484	15	52993938	52998584	8	-0.8039
LEMUR_p_TCGA_116_163_164_183_N_GenomeWideSNP_6_E08_914484	15	53003345	102469040	33160	0.0364
LEMUR_p_TCGA_116_163_164_183_N_GenomeWideSNP_6_E08_914484	16	60777	13126471	9905	0.0522
LEMUR_p_TCGA_116_163_164_183_N_GenomeWideSNP_6_E08_914484	16	13128258	13128399	2	-2.8867
LEMUR_p_TCGA_116_163_164_183_N_GenomeWideSNP_6_E08_914484	16	13128604	19944363	3623	0.0488
LEMUR_p_TCGA_116_163_164_183_N_GenomeWideSNP_6_E08_914484	16	19945650	19965875	28	-0.8718
LEMUR_p_TCGA_116_163_164_183_N_GenomeWideSNP_6_E08_914484	16	19967362	32482955	6585	0.0318
LEMUR_p_TCGA_116_163_164_183_N_GenomeWideSNP_6_E08_914484	16	32483006	32655523	53	0.4754
LEMUR_p_TCGA_116_163_164_183_N_GenomeWideSNP_6_E08_914484	16	32743289	55796594	7133	0.0391
LEMUR_p_TCGA_116_163_164_183_N_GenomeWideSNP_6_E08_914484	16	55798222	55798779	3	2.8743
LEMUR_p_TCGA_116_163_164_183_N_GenomeWideSNP_6_E08_914484	16	55804348	90287535	25108	0.0464
LEMUR_p_TCGA_116_163_164_183_N_GenomeWideSNP_6_E08_914484	17	526	16654301	10513	0.043
LEMUR_p_TCGA_116_163_164_183_N_GenomeWideSNP_6_E08_914484	17	16657331	16740270	13	-0.5746
LEMUR_p_TCGA_116_163_164_183_N_GenomeWideSNP_6_E08_914484	17	16741515	18355392	922	0.0391
LEMUR_p_TCGA_116_163_164_183_N_GenomeWideSNP_6_E08_914484	17	18358946	18465221	28	0.7878
LEMUR_p_TCGA_116_163_164_183_N_GenomeWideSNP_6_E08_914484	17	18469197	25778019	1806	0.0515
LEMUR_p_TCGA_116_163_164_183_N_GenomeWideSNP_6_E08_914484	17	25779090	25787289	6	-1.2234
LEMUR_p_TCGA_116_163_164_183_N_GenomeWideSNP_6_E08_914484	17	25787863	39241489	7587	0.0406
LEMUR_p_TCGA_116_163_164_183_N_GenomeWideSNP_6_E08_914484	17	39244272	39245956	2	-1.0756
LEMUR_p_TCGA_116_163_164_183_N_GenomeWideSNP_6_E08_914484	17	39246391	39423090	105	0.0386
LEMUR_p_TCGA_116_163_164_183_N_GenomeWideSNP_6_E08_914484	17	39423103	39430531	19	-0.4377
LEMUR_p_TCGA_116_163_164_183_N_GenomeWideSNP_6_E08_914484	17	39432724	44215474	2553	0.0306
LEMUR_p_TCGA_116_163_164_183_N_GenomeWideSNP_6_E08_914484	17	44216322	44311975	71	-0.2593
LEMUR_p_TCGA_116_163_164_183_N_GenomeWideSNP_6_E08_914484	17	44325554	44401067	17	0.1888
LEMUR_p_TCGA_116_163_164_183_N_GenomeWideSNP_6_E08_914484	17	44408662	44764994	45	0.7291
LEMUR_p_TCGA_116_163_164_183_N_GenomeWideSNP_6_E08_914484	17	44784652	81049726	21627	0.0439
LEMUR_p_TCGA_116_163_164_183_N_GenomeWideSNP_6_E08_914484	18	11543	1039386	751	-0.7385
LEMUR_p_TCGA_116_163_164_183_N_GenomeWideSNP_6_E08_914484	18	1046304	1046560	4	-2.1519
LEMUR_p_TCGA_116_163_164_183_N_GenomeWideSNP_6_E08_914484	18	1047349	2840917	1243	-0.7082
LEMUR_p_TCGA_116_163_164_183_N_GenomeWideSNP_6_E08_914484	18	2845511	29981025	15550	0.0538
LEMUR_p_TCGA_116_163_164_183_N_GenomeWideSNP_6_E08_914484	18	29981026	29981028	2	-1.3749
LEMUR_p_TCGA_116_163_164_183_N_GenomeWideSNP_6_E08_914484	18	29982503	38258705	5299	0.0623
LEMUR_p_TCGA_116_163_164_183_N_GenomeWideSNP_6_E08_914484	18	38258727	38265389	20	-0.4727
LEMUR_p_TCGA_116_163_164_183_N_GenomeWideSNP_6_E08_914484	18	38268024	78015057	27972	0.0566
LEMUR_p_TCGA_116_163_164_183_N_GenomeWideSNP_6_E08_914484	19	90910	2004269	448	-0.0051
LEMUR_p_TCGA_116_163_164_183_N_GenomeWideSNP_6_E08_914484	19	2006237	2299389	73	0.4526
LEMUR_p_TCGA_116_163_164_183_N_GenomeWideSNP_6_E08_914484	19	2311780	7309687	1985	-0.0077
LEMUR_p_TCGA_116_163_164_183_N_GenomeWideSNP_6_E08_914484	19	7309964	7344986	4	1.0467
LEMUR_p_TCGA_116_163_164_183_N_GenomeWideSNP_6_E08_914484	19	7397015	35849322	14310	0.0246
LEMUR_p_TCGA_116_163_164_183_N_GenomeWideSNP_6_E08_914484	19	35849493	35861848	22	-2.0702
LEMUR_p_TCGA_116_163_164_183_N_GenomeWideSNP_6_E08_914484	19	35866744	37353228	748	0.025
LEMUR_p_TCGA_116_163_164_183_N_GenomeWideSNP_6_E08_914484	19	37353725	37353791	2	1.0746
LEMUR_p_TCGA_116_163_164_183_N_GenomeWideSNP_6_E08_914484	19	37355646	37384777	25	-0.6062
LEMUR_p_TCGA_116_163_164_183_N_GenomeWideSNP_6_E08_914484	19	37389799	37458713	39	0.0569
LEMUR_p_TCGA_116_163_164_183_N_GenomeWideSNP_6_E08_914484	19	37461850	50359808	6295	-0.7133
LEMUR_p_TCGA_116_163_164_183_N_GenomeWideSNP_6_E08_914484	19	50370066	50370639	3	-2.4793
LEMUR_p_TCGA_116_163_164_183_N_GenomeWideSNP_6_E08_914484	19	50370678	55569597	3200	-0.7037
LEMUR_p_TCGA_116_163_164_183_N_GenomeWideSNP_6_E08_914484	19	55572240	55572259	2	-2.7493
LEMUR_p_TCGA_116_163_164_183_N_GenomeWideSNP_6_E08_914484	19	55572284	59097854	2157	-0.7045
LEMUR_p_TCGA_116_163_164_183_N_GenomeWideSNP_6_E08_914484	20	61305	1560999	1207	0.0561
LEMUR_p_TCGA_116_163_164_183_N_GenomeWideSNP_6_E08_914484	20	1561580	1582207	36	1.37
LEMUR_p_TCGA_116_163_164_183_N_GenomeWideSNP_6_E08_914484	20	1590257	14792812	9943	0.0537
LEMUR_p_TCGA_116_163_164_183_N_GenomeWideSNP_6_E08_914484	20	14792834	14792838	2	-2.3473
LEMUR_p_TCGA_116_163_164_183_N_GenomeWideSNP_6_E08_914484	20	14793415	62956153	31317	0.0364
LEMUR_p_TCGA_116_163_164_183_N_GenomeWideSNP_6_E08_914484	21	10736871	10956144	40	-0.4103
LEMUR_p_TCGA_116_163_164_183_N_GenomeWideSNP_6_E08_914484	21	10956147	17634765	2017	0.0493
LEMUR_p_TCGA_116_163_164_183_N_GenomeWideSNP_6_E08_914484	21	17640346	17643077	4	-0.2829
LEMUR_p_TCGA_116_163_164_183_N_GenomeWideSNP_6_E08_914484	21	17643185	21760307	2925	0.0832
LEMUR_p_TCGA_116_163_164_183_N_GenomeWideSNP_6_E08_914484	21	21763579	21765193	2	-1.292
LEMUR_p_TCGA_116_163_164_183_N_GenomeWideSNP_6_E08_914484	21	21765213	28451370	5200	0.0824
LEMUR_p_TCGA_116_163_164_183_N_GenomeWideSNP_6_E08_914484	21	28451409	28457935	9	-0.8802
LEMUR_p_TCGA_116_163_164_183_N_GenomeWideSNP_6_E08_914484	21	28459911	48096957	14225	0.0458
LEMUR_p_TCGA_116_163_164_183_N_GenomeWideSNP_6_E08_914484	22	16052528	16242677	37	0.1536
LEMUR_p_TCGA_116_163_164_183_N_GenomeWideSNP_6_E08_914484	22	16248691	16386665	12	-0.4523
LEMUR_p_TCGA_116_163_164_183_N_GenomeWideSNP_6_E08_914484	22	16394605	18055605	734	0.0595
LEMUR_p_TCGA_116_163_164_183_N_GenomeWideSNP_6_E08_914484	22	18058748	18058885	2	1.8825
LEMUR_p_TCGA_116_163_164_183_N_GenomeWideSNP_6_E08_914484	22	18062891	30324927	8440	0.0383
LEMUR_p_TCGA_116_163_164_183_N_GenomeWideSNP_6_E08_914484	22	30330459	30361881	24	-0.7625
LEMUR_p_TCGA_116_163_164_183_N_GenomeWideSNP_6_E08_914484	22	30371993	39351466	6264	0.0352
LEMUR_p_TCGA_116_163_164_183_N_GenomeWideSNP_6_E08_914484	22	39363619	39375307	24	-0.6559
LEMUR_p_TCGA_116_163_164_183_N_GenomeWideSNP_6_E08_914484	22	39389628	42897282	1894	-0.0084
LEMUR_p_TCGA_116_163_164_183_N_GenomeWideSNP_6_E08_914484	22	42899440	42955431	25	0.598
LEMUR_p_TCGA_116_163_164_183_N_GenomeWideSNP_6_E08_914484	22	42955788	42977190	10	-1.0971
LEMUR_p_TCGA_116_163_164_183_N_GenomeWideSNP_6_E08_914484	22	42980051	47358746	3103	0.0048
LEMUR_p_TCGA_116_163_164_183_N_GenomeWideSNP_6_E08_914484	22	47360389	47363256	5	-0.7536
LEMUR_p_TCGA_116_163_164_183_N_GenomeWideSNP_6_E08_914484	22	47365816	51234455	2989	0.013
LEMUR_p_TCGA_116_163_164_183_N_GenomeWideSNP_6_E08_914484	X	168477	5930988	2599	-0.0021
LEMUR_p_TCGA_116_163_164_183_N_GenomeWideSNP_6_E08_914484	X	5931577	5933257	3	-2.6019
LEMUR_p_TCGA_116_163_164_183_N_GenomeWideSNP_6_E08_914484	X	5934765	9573791	2714	0.0231
LEMUR_p_TCGA_116_163_164_183_N_GenomeWideSNP_6_E08_914484	X	9578063	9578198	2	-3.5825
LEMUR_p_TCGA_116_163_164_183_N_GenomeWideSNP_6_E08_914484	X	9578745	24595414	9737	0.0067
LEMUR_p_TCGA_116_163_164_183_N_GenomeWideSNP_6_E08_914484	X	24595641	24595747	3	1.7266
LEMUR_p_TCGA_116_163_164_183_N_GenomeWideSNP_6_E08_914484	X	24597949	37919572	8538	0.0171
LEMUR_p_TCGA_116_163_164_183_N_GenomeWideSNP_6_E08_914484	X	37919999	37920516	3	-2.0813
LEMUR_p_TCGA_116_163_164_183_N_GenomeWideSNP_6_E08_914484	X	37920962	53664185	7855	0.0078
LEMUR_p_TCGA_116_163_164_183_N_GenomeWideSNP_6_E08_914484	X	53666925	53772985	45	0.9648
LEMUR_p_TCGA_116_163_164_183_N_GenomeWideSNP_6_E08_914484	X	53782406	55690731	818	-0.0045
LEMUR_p_TCGA_116_163_164_183_N_GenomeWideSNP_6_E08_914484	X	55700933	55707556	5	-2.2723
LEMUR_p_TCGA_116_163_164_183_N_GenomeWideSNP_6_E08_914484	X	55707686	154913205	52211	0.0033
LEMUR_p_TCGA_116_163_164_183_N_GenomeWideSNP_6_E08_914484	X	154915975	154929308	15	-2.591
LEMUR_p_TCGA_116_163_164_183_N_GenomeWideSNP_6_E08_914484	X	154929498	155182354	19	-0.0134
LEMUR_p_TCGA_116_163_164_183_N_GenomeWideSNP_6_E08_914484	Y	2650438	20834703	6232	-0.9172
LEMUR_p_TCGA_116_163_164_183_N_GenomeWideSNP_6_E08_914484	Y	20836350	20836367	2	-2.6143
LEMUR_p_TCGA_116_163_164_183_N_GenomeWideSNP_6_E08_914484	Y	20837031	22262565	605	-0.927
LEMUR_p_TCGA_116_163_164_183_N_GenomeWideSNP_6_E08_914484	Y	22266589	22489357	8	-2.3672
LEMUR_p_TCGA_116_163_164_183_N_GenomeWideSNP_6_E08_914484	Y	22514968	27254679	1257	-0.9935
LEMUR_p_TCGA_116_163_164_183_N_GenomeWideSNP_6_E08_914484	Y	27269257	27315972	4	-2.0579
LEMUR_p_TCGA_116_163_164_183_N_GenomeWideSNP_6_E08_914484	Y	27367487	59018259	527	-0.9916
