GDC_Aliquot	Chromosome	Start	End	Num_Probes	Segment_Mean
4d5ae063-b307-4e77-92aa-45bc90c71841	1	62920	98588	12	-0.5292
4d5ae063-b307-4e77-92aa-45bc90c71841	1	98602	668210	9	0.4998
4d5ae063-b307-4e77-92aa-45bc90c71841	1	771719	4977991	1966	-0.7251
4d5ae063-b307-4e77-92aa-45bc90c71841	1	4979033	4979320	2	-4.8532
4d5ae063-b307-4e77-92aa-45bc90c71841	1	4982142	5510990	407	-0.7196
4d5ae063-b307-4e77-92aa-45bc90c71841	1	5511296	5511977	3	-2.678
4d5ae063-b307-4e77-92aa-45bc90c71841	1	5512016	6283765	516	-0.7288
4d5ae063-b307-4e77-92aa-45bc90c71841	1	6284093	25126604	10899	-0.6656
4d5ae063-b307-4e77-92aa-45bc90c71841	1	25126648	29127656	1675	-0.5949
4d5ae063-b307-4e77-92aa-45bc90c71841	1	29129946	30864570	1301	-0.7309
4d5ae063-b307-4e77-92aa-45bc90c71841	1	30867589	33231839	1036	-0.6127
4d5ae063-b307-4e77-92aa-45bc90c71841	1	33232114	34626073	1027	-0.7015
4d5ae063-b307-4e77-92aa-45bc90c71841	1	34637053	34637435	6	-2.0419
4d5ae063-b307-4e77-92aa-45bc90c71841	1	34637541	34638226	5	-0.5312
4d5ae063-b307-4e77-92aa-45bc90c71841	1	34638263	34638890	9	-2.4842
4d5ae063-b307-4e77-92aa-45bc90c71841	1	34648667	46044681	6286	-0.6518
4d5ae063-b307-4e77-92aa-45bc90c71841	1	46046603	46048154	2	1.1183
4d5ae063-b307-4e77-92aa-45bc90c71841	1	46053881	50607777	2574	-0.692
4d5ae063-b307-4e77-92aa-45bc90c71841	1	50610186	53083243	1117	-0.6106
4d5ae063-b307-4e77-92aa-45bc90c71841	1	53084515	105476583	34454	-0.7115
4d5ae063-b307-4e77-92aa-45bc90c71841	1	105476614	105481448	18	0.1165
4d5ae063-b307-4e77-92aa-45bc90c71841	1	105481468	112147704	4554	-0.6951
4d5ae063-b307-4e77-92aa-45bc90c71841	1	112153343	112154375	17	-1.6731
4d5ae063-b307-4e77-92aa-45bc90c71841	1	112154390	113208595	673	-0.6537
4d5ae063-b307-4e77-92aa-45bc90c71841	1	113208823	113209018	2	-5.4096
4d5ae063-b307-4e77-92aa-45bc90c71841	1	113209037	119974504	4324	-0.7057
4d5ae063-b307-4e77-92aa-45bc90c71841	1	119975323	143942271	256	-0.5153
4d5ae063-b307-4e77-92aa-45bc90c71841	1	144432083	152787202	2495	0.0944
4d5ae063-b307-4e77-92aa-45bc90c71841	1	152789447	152796224	37	0.6891
4d5ae063-b307-4e77-92aa-45bc90c71841	1	152801429	162183319	5652	0.0797
4d5ae063-b307-4e77-92aa-45bc90c71841	1	162183535	196820098	23666	0.0421
4d5ae063-b307-4e77-92aa-45bc90c71841	1	196820637	196932623	78	-0.8574
4d5ae063-b307-4e77-92aa-45bc90c71841	1	196936029	197605004	331	0.0262
4d5ae063-b307-4e77-92aa-45bc90c71841	1	197605517	197610555	4	-0.8268
4d5ae063-b307-4e77-92aa-45bc90c71841	1	197614592	202827800	3431	0.044
4d5ae063-b307-4e77-92aa-45bc90c71841	1	202831603	206924585	2600	0.0857
4d5ae063-b307-4e77-92aa-45bc90c71841	1	206935822	209897717	2312	0.0374
4d5ae063-b307-4e77-92aa-45bc90c71841	1	209908268	209908720	2	-1.315
4d5ae063-b307-4e77-92aa-45bc90c71841	1	209910639	245941074	25086	0.0454
4d5ae063-b307-4e77-92aa-45bc90c71841	1	245945674	248930189	1795	0.085
4d5ae063-b307-4e77-92aa-45bc90c71841	2	12784	4166610	2980	0.0405
4d5ae063-b307-4e77-92aa-45bc90c71841	2	4168820	4176429	40	0.3416
4d5ae063-b307-4e77-92aa-45bc90c71841	2	4182472	24138110	14711	0.0382
4d5ae063-b307-4e77-92aa-45bc90c71841	2	24141753	29068155	2511	0.0729
4d5ae063-b307-4e77-92aa-45bc90c71841	2	29069074	34476516	3749	0.0373
4d5ae063-b307-4e77-92aa-45bc90c71841	2	34476558	34511990	43	-0.3426
4d5ae063-b307-4e77-92aa-45bc90c71841	2	34512096	41011095	4772	0.0464
4d5ae063-b307-4e77-92aa-45bc90c71841	2	41011303	41016199	19	-0.3594
4d5ae063-b307-4e77-92aa-45bc90c71841	2	41016287	52511902	8125	0.0489
4d5ae063-b307-4e77-92aa-45bc90c71841	2	52511964	52537675	25	0.546
4d5ae063-b307-4e77-92aa-45bc90c71841	2	52538254	56775002	3102	0.037
4d5ae063-b307-4e77-92aa-45bc90c71841	2	56781746	56781967	2	-2.0762
4d5ae063-b307-4e77-92aa-45bc90c71841	2	56784668	86901078	18795	0.0413
4d5ae063-b307-4e77-92aa-45bc90c71841	2	86902080	86910262	2	-1.485
4d5ae063-b307-4e77-92aa-45bc90c71841	2	86934730	128880504	20765	0.0448
4d5ae063-b307-4e77-92aa-45bc90c71841	2	128880904	128882723	14	-0.5343
4d5ae063-b307-4e77-92aa-45bc90c71841	2	128882741	132619189	1805	0.0483
4d5ae063-b307-4e77-92aa-45bc90c71841	2	132623350	133146411	439	0.0253
4d5ae063-b307-4e77-92aa-45bc90c71841	2	133146711	133147257	2	-1.3992
4d5ae063-b307-4e77-92aa-45bc90c71841	2	133154462	133175612	10	0.1318
4d5ae063-b307-4e77-92aa-45bc90c71841	2	133175890	133177476	4	1.0278
4d5ae063-b307-4e77-92aa-45bc90c71841	2	133179336	137226077	2672	0.0269
4d5ae063-b307-4e77-92aa-45bc90c71841	2	137226189	137226691	4	-0.9159
4d5ae063-b307-4e77-92aa-45bc90c71841	2	137227715	146106861	5445	0.0347
4d5ae063-b307-4e77-92aa-45bc90c71841	2	146106875	146109366	22	0.5917
4d5ae063-b307-4e77-92aa-45bc90c71841	2	146120238	221606293	45857	0.0277
4d5ae063-b307-4e77-92aa-45bc90c71841	2	221606740	221606796	2	1.5968
4d5ae063-b307-4e77-92aa-45bc90c71841	2	221607842	229430720	5161	0.0276
4d5ae063-b307-4e77-92aa-45bc90c71841	2	229431261	242147305	7770	0.0581
4d5ae063-b307-4e77-92aa-45bc90c71841	3	20930	2443745	2107	0.0889
4d5ae063-b307-4e77-92aa-45bc90c71841	3	2443825	37940617	25384	0.0422
4d5ae063-b307-4e77-92aa-45bc90c71841	3	37940970	37945437	17	-0.7168
4d5ae063-b307-4e77-92aa-45bc90c71841	3	37945615	46239960	5181	0.0442
4d5ae063-b307-4e77-92aa-45bc90c71841	3	46240253	53404420	3115	0.0901
4d5ae063-b307-4e77-92aa-45bc90c71841	3	53406068	63227944	7562	0.0522
4d5ae063-b307-4e77-92aa-45bc90c71841	3	63227971	63232721	4	-1.0417
4d5ae063-b307-4e77-92aa-45bc90c71841	3	63236407	68697013	4185	0.0352
4d5ae063-b307-4e77-92aa-45bc90c71841	3	68697108	68698262	14	-1.2203
4d5ae063-b307-4e77-92aa-45bc90c71841	3	68699607	99198128	15823	0.032
4d5ae063-b307-4e77-92aa-45bc90c71841	3	99198158	99230577	55	0.3127
4d5ae063-b307-4e77-92aa-45bc90c71841	3	99232120	125717394	16158	0.0347
4d5ae063-b307-4e77-92aa-45bc90c71841	3	125724765	125739919	10	0.7384
4d5ae063-b307-4e77-92aa-45bc90c71841	3	125743486	162790404	22667	0.0364
4d5ae063-b307-4e77-92aa-45bc90c71841	3	162790480	162908207	71	0.5934
4d5ae063-b307-4e77-92aa-45bc90c71841	3	162908784	193160113	19079	0.0407
4d5ae063-b307-4e77-92aa-45bc90c71841	3	193160173	193164615	12	0.7492
4d5ae063-b307-4e77-92aa-45bc90c71841	3	193164677	194830659	1098	0.0517
4d5ae063-b307-4e77-92aa-45bc90c71841	3	194831045	194831263	3	-0.766
4d5ae063-b307-4e77-92aa-45bc90c71841	3	194834085	195685341	386	0.0629
4d5ae063-b307-4e77-92aa-45bc90c71841	3	195691392	195720051	20	-0.5676
4d5ae063-b307-4e77-92aa-45bc90c71841	3	195728637	198169247	1177	0.0842
4d5ae063-b307-4e77-92aa-45bc90c71841	4	68929	9455251	5124	0.0647
4d5ae063-b307-4e77-92aa-45bc90c71841	4	9459504	9477699	6	1.0167
4d5ae063-b307-4e77-92aa-45bc90c71841	4	9484440	10208766	538	0.0403
4d5ae063-b307-4e77-92aa-45bc90c71841	4	10212536	10229874	29	-0.3509
4d5ae063-b307-4e77-92aa-45bc90c71841	4	10232590	49214614	25877	0.0362
4d5ae063-b307-4e77-92aa-45bc90c71841	4	49289175	49289338	2	-1.5805
4d5ae063-b307-4e77-92aa-45bc90c71841	4	49295203	52872244	584	0.0271
4d5ae063-b307-4e77-92aa-45bc90c71841	4	52872349	52872357	2	-1.8779
4d5ae063-b307-4e77-92aa-45bc90c71841	4	52873095	62802116	6394	0.0327
4d5ae063-b307-4e77-92aa-45bc90c71841	4	62804218	62805944	8	-0.5545
4d5ae063-b307-4e77-92aa-45bc90c71841	4	62813912	68354665	3423	0.0254
4d5ae063-b307-4e77-92aa-45bc90c71841	4	68361130	68389352	3	1.3895
4d5ae063-b307-4e77-92aa-45bc90c71841	4	68391041	69254604	396	0.0755
4d5ae063-b307-4e77-92aa-45bc90c71841	4	69254981	69428887	91	0.2637
4d5ae063-b307-4e77-92aa-45bc90c71841	4	69432047	121360818	31504	0.0277
4d5ae063-b307-4e77-92aa-45bc90c71841	4	121361313	121363980	28	-0.6228
4d5ae063-b307-4e77-92aa-45bc90c71841	4	121369976	160952848	23483	0.0291
4d5ae063-b307-4e77-92aa-45bc90c71841	4	160958866	160963756	21	-1.528
4d5ae063-b307-4e77-92aa-45bc90c71841	4	160963767	172066585	7042	0.0332
4d5ae063-b307-4e77-92aa-45bc90c71841	4	172066676	172068382	15	0.6153
4d5ae063-b307-4e77-92aa-45bc90c71841	4	172074828	188300104	10875	0.0393
4d5ae063-b307-4e77-92aa-45bc90c71841	4	188300206	188300270	3	1.8264
4d5ae063-b307-4e77-92aa-45bc90c71841	4	188300285	190106768	1138	0.0544
4d5ae063-b307-4e77-92aa-45bc90c71841	5	15532	685633	305	0.0456
4d5ae063-b307-4e77-92aa-45bc90c71841	5	698256	773075	25	-0.7124
4d5ae063-b307-4e77-92aa-45bc90c71841	5	773432	7478801	5582	0.0463
4d5ae063-b307-4e77-92aa-45bc90c71841	5	7479263	7479265	2	-1.2511
4d5ae063-b307-4e77-92aa-45bc90c71841	5	7479840	12800777	4224	0.036
4d5ae063-b307-4e77-92aa-45bc90c71841	5	12815668	12819964	9	-1.2165
4d5ae063-b307-4e77-92aa-45bc90c71841	5	12824299	69550476	32715	0.0384
4d5ae063-b307-4e77-92aa-45bc90c71841	5	69571467	69822308	5	-1.0597
4d5ae063-b307-4e77-92aa-45bc90c71841	5	69937600	92084209	12409	0.0323
4d5ae063-b307-4e77-92aa-45bc90c71841	5	92086250	92089931	2	-1.3882
4d5ae063-b307-4e77-92aa-45bc90c71841	5	92092785	99258129	3988	0.0292
4d5ae063-b307-4e77-92aa-45bc90c71841	5	99259605	100015880	479	0.1271
4d5ae063-b307-4e77-92aa-45bc90c71841	5	100021970	104171056	2336	0.0361
4d5ae063-b307-4e77-92aa-45bc90c71841	5	104174079	104198425	22	-0.7627
4d5ae063-b307-4e77-92aa-45bc90c71841	5	104199787	104515520	201	0.0301
4d5ae063-b307-4e77-92aa-45bc90c71841	5	104524672	104524903	4	1.4975
4d5ae063-b307-4e77-92aa-45bc90c71841	5	104525348	118050922	9328	0.0317
4d5ae063-b307-4e77-92aa-45bc90c71841	5	118052727	118053390	11	-0.6454
4d5ae063-b307-4e77-92aa-45bc90c71841	5	118068645	140851951	13752	0.0378
4d5ae063-b307-4e77-92aa-45bc90c71841	5	140851964	140852254	7	-0.8272
4d5ae063-b307-4e77-92aa-45bc90c71841	5	140861442	142703969	1110	0.0879
4d5ae063-b307-4e77-92aa-45bc90c71841	5	142706649	152134610	6402	0.0354
4d5ae063-b307-4e77-92aa-45bc90c71841	5	152135825	152138790	14	-0.4975
4d5ae063-b307-4e77-92aa-45bc90c71841	5	152140710	175353154	16265	0.0339
4d5ae063-b307-4e77-92aa-45bc90c71841	5	175353327	176033084	412	0.078
4d5ae063-b307-4e77-92aa-45bc90c71841	5	176038686	176042504	2	-1.516
4d5ae063-b307-4e77-92aa-45bc90c71841	5	176043321	181363319	2699	0.0743
4d5ae063-b307-4e77-92aa-45bc90c71841	6	149661	29869295	21546	0.0504
4d5ae063-b307-4e77-92aa-45bc90c71841	6	29869410	29881490	16	-0.7143
4d5ae063-b307-4e77-92aa-45bc90c71841	6	29882419	32634492	1217	0.0818
4d5ae063-b307-4e77-92aa-45bc90c71841	6	32636595	32682835	12	-0.6156
4d5ae063-b307-4e77-92aa-45bc90c71841	6	32686863	32718419	35	0.0377
4d5ae063-b307-4e77-92aa-45bc90c71841	6	32720838	32721076	3	-0.9691
4d5ae063-b307-4e77-92aa-45bc90c71841	6	32721547	33970222	751	0.1
4d5ae063-b307-4e77-92aa-45bc90c71841	6	33970966	33974928	7	-0.8086
4d5ae063-b307-4e77-92aa-45bc90c71841	6	33976809	37915004	2303	0.0974
4d5ae063-b307-4e77-92aa-45bc90c71841	6	37915752	40396586	1819	0.0478
4d5ae063-b307-4e77-92aa-45bc90c71841	6	40397862	40400783	5	-0.9207
4d5ae063-b307-4e77-92aa-45bc90c71841	6	40401554	44600894	2575	0.0737
4d5ae063-b307-4e77-92aa-45bc90c71841	6	44601028	64627049	10343	0.0379
4d5ae063-b307-4e77-92aa-45bc90c71841	6	64637651	64639099	2	-1.3132
4d5ae063-b307-4e77-92aa-45bc90c71841	6	64640883	66295080	1102	0.0383
4d5ae063-b307-4e77-92aa-45bc90c71841	6	66298369	66328153	35	-0.5042
4d5ae063-b307-4e77-92aa-45bc90c71841	6	66331020	66333004	6	-1.7707
4d5ae063-b307-4e77-92aa-45bc90c71841	6	66333299	66338736	15	-0.5811
4d5ae063-b307-4e77-92aa-45bc90c71841	6	66339513	68976737	1841	0.0295
4d5ae063-b307-4e77-92aa-45bc90c71841	6	68977806	68981476	4	-1.1389
4d5ae063-b307-4e77-92aa-45bc90c71841	6	68987514	73882142	3128	0.0353
4d5ae063-b307-4e77-92aa-45bc90c71841	6	73882509	73891694	10	0.7976
4d5ae063-b307-4e77-92aa-45bc90c71841	6	73893839	76730377	1766	0.0331
4d5ae063-b307-4e77-92aa-45bc90c71841	6	76731101	76743040	18	-0.4104
4d5ae063-b307-4e77-92aa-45bc90c71841	6	76751356	78252909	972	0.0197
4d5ae063-b307-4e77-92aa-45bc90c71841	6	78253157	78325457	113	0.3887
4d5ae063-b307-4e77-92aa-45bc90c71841	6	78325468	103286954	15397	0.0332
4d5ae063-b307-4e77-92aa-45bc90c71841	6	103290101	103314186	46	-0.9203
4d5ae063-b307-4e77-92aa-45bc90c71841	6	103317795	170741917	43956	0.0352
4d5ae063-b307-4e77-92aa-45bc90c71841	7	43355	10347006	6305	0.0743
4d5ae063-b307-4e77-92aa-45bc90c71841	7	10347612	16738605	5097	0.0265
4d5ae063-b307-4e77-92aa-45bc90c71841	7	16738758	19641896	2501	0.0694
4d5ae063-b307-4e77-92aa-45bc90c71841	7	19642525	21917005	1668	0.0189
4d5ae063-b307-4e77-92aa-45bc90c71841	7	21917840	21918685	2	-1.3264
4d5ae063-b307-4e77-92aa-45bc90c71841	7	21922505	24138623	1590	0.0498
4d5ae063-b307-4e77-92aa-45bc90c71841	7	24139272	24139446	4	-0.8518
4d5ae063-b307-4e77-92aa-45bc90c71841	7	24140042	38280173	10074	0.0408
4d5ae063-b307-4e77-92aa-45bc90c71841	7	38281531	38318626	89	0.3181
4d5ae063-b307-4e77-92aa-45bc90c71841	7	38318811	54318812	10952	0.041
4d5ae063-b307-4e77-92aa-45bc90c71841	7	54318816	54318824	5	2.5032
4d5ae063-b307-4e77-92aa-45bc90c71841	7	54325795	57208126	1670	0.0482
4d5ae063-b307-4e77-92aa-45bc90c71841	7	57208219	66663405	1887	0.0885
4d5ae063-b307-4e77-92aa-45bc90c71841	7	66666117	72430645	3546	0.0402
4d5ae063-b307-4e77-92aa-45bc90c71841	7	72433306	76356777	1098	0.0915
4d5ae063-b307-4e77-92aa-45bc90c71841	7	76356886	88508071	7599	0.0271
4d5ae063-b307-4e77-92aa-45bc90c71841	7	88509034	90307254	1185	0.09
4d5ae063-b307-4e77-92aa-45bc90c71841	7	90307577	97572935	4611	0.0299
4d5ae063-b307-4e77-92aa-45bc90c71841	7	97573030	102425330	2172	0.0803
4d5ae063-b307-4e77-92aa-45bc90c71841	7	102425369	126405502	14558	0.0336
4d5ae063-b307-4e77-92aa-45bc90c71841	7	126405597	126406822	11	-0.9545
4d5ae063-b307-4e77-92aa-45bc90c71841	7	126406823	134100442	4678	0.0485
4d5ae063-b307-4e77-92aa-45bc90c71841	7	134100458	134114444	35	0.4804
4d5ae063-b307-4e77-92aa-45bc90c71841	7	134121491	142034594	5146	0.0455
4d5ae063-b307-4e77-92aa-45bc90c71841	7	142038226	143945062	1025	0.1083
4d5ae063-b307-4e77-92aa-45bc90c71841	7	143951562	154041140	6197	0.0523
4d5ae063-b307-4e77-92aa-45bc90c71841	7	154044608	154048813	3	-0.9858
4d5ae063-b307-4e77-92aa-45bc90c71841	7	154049926	154594762	423	0.0367
4d5ae063-b307-4e77-92aa-45bc90c71841	7	154594970	154607903	7	-1.0647
4d5ae063-b307-4e77-92aa-45bc90c71841	7	154609120	156592980	1596	0.0399
4d5ae063-b307-4e77-92aa-45bc90c71841	7	156599096	156601485	4	-0.8397
4d5ae063-b307-4e77-92aa-45bc90c71841	7	156602214	157975705	800	0.0623
4d5ae063-b307-4e77-92aa-45bc90c71841	7	157978145	157978919	3	-1.1376
4d5ae063-b307-4e77-92aa-45bc90c71841	7	157985169	158324903	182	0.104
4d5ae063-b307-4e77-92aa-45bc90c71841	7	158335896	158339473	2	1.7422
4d5ae063-b307-4e77-92aa-45bc90c71841	7	158344294	159334314	631	0.0532
4d5ae063-b307-4e77-92aa-45bc90c71841	8	81254	12143614	10971	0.0615
4d5ae063-b307-4e77-92aa-45bc90c71841	8	12176798	12419769	33	0.5522
4d5ae063-b307-4e77-92aa-45bc90c71841	8	12454103	18407644	5303	0.0437
4d5ae063-b307-4e77-92aa-45bc90c71841	8	18408647	18413675	4	-1.5172
4d5ae063-b307-4e77-92aa-45bc90c71841	8	18413877	25114672	5050	0.0533
4d5ae063-b307-4e77-92aa-45bc90c71841	8	25116928	25126626	23	0.4282
4d5ae063-b307-4e77-92aa-45bc90c71841	8	25126641	29206017	2959	0.0458
4d5ae063-b307-4e77-92aa-45bc90c71841	8	29209568	29209714	2	-1.3054
4d5ae063-b307-4e77-92aa-45bc90c71841	8	29211158	39373140	6006	0.0369
4d5ae063-b307-4e77-92aa-45bc90c71841	8	39378084	39529446	58	-1.7146
4d5ae063-b307-4e77-92aa-45bc90c71841	8	39530780	111282237	41823	0.0311
4d5ae063-b307-4e77-92aa-45bc90c71841	8	111282417	111283031	7	1.3332
4d5ae063-b307-4e77-92aa-45bc90c71841	8	111288052	145072769	22808	0.0403
4d5ae063-b307-4e77-92aa-45bc90c71841	9	46587	1439631	1445	0.0893
4d5ae063-b307-4e77-92aa-45bc90c71841	9	1440299	42501791	29709	0.0509
4d5ae063-b307-4e77-92aa-45bc90c71841	9	42524983	61668104	91	0.4315
4d5ae063-b307-4e77-92aa-45bc90c71841	9	61680289	64480573	91	0.1157
4d5ae063-b307-4e77-92aa-45bc90c71841	9	64480578	64866665	28	0.4118
4d5ae063-b307-4e77-92aa-45bc90c71841	9	64877074	87612534	13936	0.0357
4d5ae063-b307-4e77-92aa-45bc90c71841	9	87612620	95497295	5297	0.0676
4d5ae063-b307-4e77-92aa-45bc90c71841	9	95497339	114320531	13482	0.0475
4d5ae063-b307-4e77-92aa-45bc90c71841	9	114325122	114326042	2	1.7605
4d5ae063-b307-4e77-92aa-45bc90c71841	9	114330749	123469289	6851	0.0453
4d5ae063-b307-4e77-92aa-45bc90c71841	9	123469620	135319522	7067	0.0991
4d5ae063-b307-4e77-92aa-45bc90c71841	9	135322259	135323776	2	-1.3683
4d5ae063-b307-4e77-92aa-45bc90c71841	9	135324566	138200944	1106	0.0825
4d5ae063-b307-4e77-92aa-45bc90c71841	10	45792	55965830	37584	0.052
4d5ae063-b307-4e77-92aa-45bc90c71841	10	55965977	65498127	6586	0.0231
4d5ae063-b307-4e77-92aa-45bc90c71841	10	65498582	65546321	40	0.1262
4d5ae063-b307-4e77-92aa-45bc90c71841	10	65546400	65554688	30	0.6505
4d5ae063-b307-4e77-92aa-45bc90c71841	10	65563037	133654968	45989	0.047
4d5ae063-b307-4e77-92aa-45bc90c71841	11	198510	5772353	3229	0.0638
4d5ae063-b307-4e77-92aa-45bc90c71841	11	5773015	5787909	22	-0.5022
4d5ae063-b307-4e77-92aa-45bc90c71841	11	5788108	16604164	7831	0.0479
4d5ae063-b307-4e77-92aa-45bc90c71841	11	16615776	16616495	6	-0.761
4d5ae063-b307-4e77-92aa-45bc90c71841	11	16624541	34331679	12546	0.034
4d5ae063-b307-4e77-92aa-45bc90c71841	11	34332173	34333318	3	-1.3397
4d5ae063-b307-4e77-92aa-45bc90c71841	11	34333366	49686823	9914	0.0445
4d5ae063-b307-4e77-92aa-45bc90c71841	11	49689309	49736039	15	-0.5148
4d5ae063-b307-4e77-92aa-45bc90c71841	11	49736119	55172866	526	0.0847
4d5ae063-b307-4e77-92aa-45bc90c71841	11	55198132	55214735	6	-0.7909
4d5ae063-b307-4e77-92aa-45bc90c71841	11	55241999	61098488	3572	0.0549
4d5ae063-b307-4e77-92aa-45bc90c71841	11	61103360	65803850	2143	0.0947
4d5ae063-b307-4e77-92aa-45bc90c71841	11	65808379	65812199	6	-1.0397
4d5ae063-b307-4e77-92aa-45bc90c71841	11	65813167	74654694	4266	0.0948
4d5ae063-b307-4e77-92aa-45bc90c71841	11	74654733	135074876	42299	0.0395
4d5ae063-b307-4e77-92aa-45bc90c71841	12	51460	10426178	6788	0.0675
4d5ae063-b307-4e77-92aa-45bc90c71841	12	10427861	10443207	6	-0.853
4d5ae063-b307-4e77-92aa-45bc90c71841	12	10446203	11066824	396	0.0453
4d5ae063-b307-4e77-92aa-45bc90c71841	12	11068125	11088933	10	-0.9402
4d5ae063-b307-4e77-92aa-45bc90c71841	12	11099275	19321836	5542	0.0399
4d5ae063-b307-4e77-92aa-45bc90c71841	12	19322138	19427570	50	0.4817
4d5ae063-b307-4e77-92aa-45bc90c71841	12	19428370	33141726	9873	0.0364
4d5ae063-b307-4e77-92aa-45bc90c71841	12	33148472	33155426	28	-0.3145
4d5ae063-b307-4e77-92aa-45bc90c71841	12	33155453	38838242	1341	0.1003
4d5ae063-b307-4e77-92aa-45bc90c71841	12	38838654	42682203	2512	0.0301
4d5ae063-b307-4e77-92aa-45bc90c71841	12	42686738	43255020	392	0.1161
4d5ae063-b307-4e77-92aa-45bc90c71841	12	43256241	47290028	2369	0.0321
4d5ae063-b307-4e77-92aa-45bc90c71841	12	47291034	57814870	5788	0.0768
4d5ae063-b307-4e77-92aa-45bc90c71841	12	57822054	70478078	8274	0.0318
4d5ae063-b307-4e77-92aa-45bc90c71841	12	70478895	70484247	9	-2.063
4d5ae063-b307-4e77-92aa-45bc90c71841	12	70485605	71785387	869	0.0532
4d5ae063-b307-4e77-92aa-45bc90c71841	12	71785675	96040350	15252	0.0231
4d5ae063-b307-4e77-92aa-45bc90c71841	12	96040463	96040968	2	-1.2978
4d5ae063-b307-4e77-92aa-45bc90c71841	12	96041050	103777677	5093	0.0361
4d5ae063-b307-4e77-92aa-45bc90c71841	12	103778969	119753839	10990	0.0579
4d5ae063-b307-4e77-92aa-45bc90c71841	12	119754047	123610223	1704	0.1022
4d5ae063-b307-4e77-92aa-45bc90c71841	12	123610562	133201603	7172	0.0536
4d5ae063-b307-4e77-92aa-45bc90c71841	13	18452809	33614126	10749	0.0452
4d5ae063-b307-4e77-92aa-45bc90c71841	13	33618652	33619239	4	-0.9432
4d5ae063-b307-4e77-92aa-45bc90c71841	13	33623167	52520664	12540	0.0394
4d5ae063-b307-4e77-92aa-45bc90c71841	13	52523849	52531650	3	-1.3622
4d5ae063-b307-4e77-92aa-45bc90c71841	13	52543744	57139102	2603	0.0373
4d5ae063-b307-4e77-92aa-45bc90c71841	13	57139232	57227067	50	0.2999
4d5ae063-b307-4e77-92aa-45bc90c71841	13	57227520	71902850	8946	0.0317
4d5ae063-b307-4e77-92aa-45bc90c71841	13	71903417	71906418	4	-1.2027
4d5ae063-b307-4e77-92aa-45bc90c71841	13	71906467	114342922	28934	0.0297
4d5ae063-b307-4e77-92aa-45bc90c71841	14	18239283	18976793	27	0.087
4d5ae063-b307-4e77-92aa-45bc90c71841	14	19011729	19954424	139	-0.2768
4d5ae063-b307-4e77-92aa-45bc90c71841	14	19955213	21856896	1252	0.064
4d5ae063-b307-4e77-92aa-45bc90c71841	14	21856963	22541919	627	0.2305
4d5ae063-b307-4e77-92aa-45bc90c71841	14	22542522	66009998	27339	0.0426
4d5ae063-b307-4e77-92aa-45bc90c71841	14	66010390	66056177	45	0.5155
4d5ae063-b307-4e77-92aa-45bc90c71841	14	66058618	73540003	4626	0.0582
4d5ae063-b307-4e77-92aa-45bc90c71841	14	73540147	73563196	8	-1.5944
4d5ae063-b307-4e77-92aa-45bc90c71841	14	73563211	78035676	2830	0.0806
4d5ae063-b307-4e77-92aa-45bc90c71841	14	78035752	85985567	5401	0.0281
4d5ae063-b307-4e77-92aa-45bc90c71841	14	85994282	86023867	39	-0.7751
4d5ae063-b307-4e77-92aa-45bc90c71841	14	86023990	106877229	12800	0.0636
4d5ae063-b307-4e77-92aa-45bc90c71841	15	19811075	20187568	55	0.0658
4d5ae063-b307-4e77-92aa-45bc90c71841	15	20190276	21417107	120	0.3863
4d5ae063-b307-4e77-92aa-45bc90c71841	15	21975606	22299523	31	-0.237
4d5ae063-b307-4e77-92aa-45bc90c71841	15	22385639	24429604	993	0.0749
4d5ae063-b307-4e77-92aa-45bc90c71841	15	24429740	24499760	44	0.3464
4d5ae063-b307-4e77-92aa-45bc90c71841	15	24500763	54518628	18555	0.0556
4d5ae063-b307-4e77-92aa-45bc90c71841	15	54521799	54521815	2	-2.1153
4d5ae063-b307-4e77-92aa-45bc90c71841	15	54522666	58560264	2747	0.0435
4d5ae063-b307-4e77-92aa-45bc90c71841	15	58560358	76598900	11191	0.0771
4d5ae063-b307-4e77-92aa-45bc90c71841	15	76599170	76603434	21	-1.5153
4d5ae063-b307-4e77-92aa-45bc90c71841	15	76609838	83819988	4364	0.0661
4d5ae063-b307-4e77-92aa-45bc90c71841	15	83824218	83824253	2	-1.8183
4d5ae063-b307-4e77-92aa-45bc90c71841	15	83824633	99843865	11576	0.0542
4d5ae063-b307-4e77-92aa-45bc90c71841	15	99845641	99943269	52	-0.6963
4d5ae063-b307-4e77-92aa-45bc90c71841	15	99952501	99952989	4	-1.7347
4d5ae063-b307-4e77-92aa-45bc90c71841	15	99953069	99959552	8	-0.8233
4d5ae063-b307-4e77-92aa-45bc90c71841	15	99962088	101928837	1524	0.0647
4d5ae063-b307-4e77-92aa-45bc90c71841	16	10777	5661413	2740	0.1029
4d5ae063-b307-4e77-92aa-45bc90c71841	16	5661414	10536068	5167	0.0575
4d5ae063-b307-4e77-92aa-45bc90c71841	16	10536136	18088127	4805	0.0836
4d5ae063-b307-4e77-92aa-45bc90c71841	16	18104860	18144432	3	1.2642
4d5ae063-b307-4e77-92aa-45bc90c71841	16	18148869	29268429	6273	0.0767
4d5ae063-b307-4e77-92aa-45bc90c71841	16	29269203	29269734	3	-1.1899
4d5ae063-b307-4e77-92aa-45bc90c71841	16	29270444	55762682	7849	0.0553
4d5ae063-b307-4e77-92aa-45bc90c71841	16	55764310	55764867	3	3.8418
4d5ae063-b307-4e77-92aa-45bc90c71841	16	55770436	55775312	6	1.2447
4d5ae063-b307-4e77-92aa-45bc90c71841	16	55775554	55788532	9	0.1653
4d5ae063-b307-4e77-92aa-45bc90c71841	16	55808442	58988485	1938	0.0783
4d5ae063-b307-4e77-92aa-45bc90c71841	16	58989057	65912565	4689	0.0357
4d5ae063-b307-4e77-92aa-45bc90c71841	16	65912594	78339440	7585	0.0633
4d5ae063-b307-4e77-92aa-45bc90c71841	16	78339867	78343037	5	0.9391
4d5ae063-b307-4e77-92aa-45bc90c71841	16	78343264	90096867	10558	0.0644
4d5ae063-b307-4e77-92aa-45bc90c71841	17	150733	1220388	545	0.0656
4d5ae063-b307-4e77-92aa-45bc90c71841	17	1221485	9297594	4596	0.1063
4d5ae063-b307-4e77-92aa-45bc90c71841	17	9299426	10714413	1047	0.0726
4d5ae063-b307-4e77-92aa-45bc90c71841	17	10716534	10716555	2	-1.3
4d5ae063-b307-4e77-92aa-45bc90c71841	17	10727801	27447869	6904	0.0674
4d5ae063-b307-4e77-92aa-45bc90c71841	17	27450993	27452064	2	-1.6004
4d5ae063-b307-4e77-92aa-45bc90c71841	17	27453867	41265456	7623	0.0827
4d5ae063-b307-4e77-92aa-45bc90c71841	17	41266762	41274279	24	1.2053
4d5ae063-b307-4e77-92aa-45bc90c71841	17	41276472	51528569	5133	0.104
4d5ae063-b307-4e77-92aa-45bc90c71841	17	51530058	56747711	3832	0.0472
4d5ae063-b307-4e77-92aa-45bc90c71841	17	56748328	68818976	6628	0.0801
4d5ae063-b307-4e77-92aa-45bc90c71841	17	68819496	74538828	4194	0.0561
4d5ae063-b307-4e77-92aa-45bc90c71841	17	74539182	79118404	2472	0.1072
4d5ae063-b307-4e77-92aa-45bc90c71841	17	79119130	79119305	2	-1.624
4d5ae063-b307-4e77-92aa-45bc90c71841	17	79119390	83091923	1818	0.1057
4d5ae063-b307-4e77-92aa-45bc90c71841	18	48133	66239629	40252	0.0435
4d5ae063-b307-4e77-92aa-45bc90c71841	18	66240197	66244352	10	-0.6287
4d5ae063-b307-4e77-92aa-45bc90c71841	18	66244639	80257174	10227	0.05
4d5ae063-b307-4e77-92aa-45bc90c71841	19	90910	21632117	9572	0.1097
4d5ae063-b307-4e77-92aa-45bc90c71841	19	21632838	21637067	2	-1.9678
4d5ae063-b307-4e77-92aa-45bc90c71841	19	21637309	24274155	1517	0.0675
4d5ae063-b307-4e77-92aa-45bc90c71841	19	24278016	24281335	7	-0.7156
4d5ae063-b307-4e77-92aa-45bc90c71841	19	24282042	24413948	19	0.0754
4d5ae063-b307-4e77-92aa-45bc90c71841	19	27257085	33631036	4350	-0.6942
4d5ae063-b307-4e77-92aa-45bc90c71841	19	33631523	35365141	1166	-0.6233
4d5ae063-b307-4e77-92aa-45bc90c71841	19	35365179	35370946	18	-1.5155
4d5ae063-b307-4e77-92aa-45bc90c71841	19	35375842	39807100	2218	-0.5993
4d5ae063-b307-4e77-92aa-45bc90c71841	19	39810011	39810651	4	-2.2901
4d5ae063-b307-4e77-92aa-45bc90c71841	19	39810826	55770704	8265	-0.6222
4d5ae063-b307-4e77-92aa-45bc90c71841	19	55771003	55774927	5	-1.7266
4d5ae063-b307-4e77-92aa-45bc90c71841	19	55777575	55789870	14	-0.7128
4d5ae063-b307-4e77-92aa-45bc90c71841	19	55791595	55796217	3	-2.2059
4d5ae063-b307-4e77-92aa-45bc90c71841	19	55796289	58586487	1807	-0.6725
4d5ae063-b307-4e77-92aa-45bc90c71841	20	80664	1571811	1177	0.0828
4d5ae063-b307-4e77-92aa-45bc90c71841	20	1576544	1590770	40	-0.3302
4d5ae063-b307-4e77-92aa-45bc90c71841	20	1591078	1601561	17	0.0634
4d5ae063-b307-4e77-92aa-45bc90c71841	20	1609611	1613247	5	1.3161
4d5ae063-b307-4e77-92aa-45bc90c71841	20	1617300	8585754	5172	0.0704
4d5ae063-b307-4e77-92aa-45bc90c71841	20	8585893	23359321	11683	0.044
4d5ae063-b307-4e77-92aa-45bc90c71841	20	23359576	64324800	24102	0.0705
4d5ae063-b307-4e77-92aa-45bc90c71841	21	10354168	10582026	59	0.169
4d5ae063-b307-4e77-92aa-45bc90c71841	21	10585552	10775586	28	0.5533
4d5ae063-b307-4e77-92aa-45bc90c71841	21	12973348	13081432	12	0.12
4d5ae063-b307-4e77-92aa-45bc90c71841	21	13084095	13112100	8	-0.5121
4d5ae063-b307-4e77-92aa-45bc90c71841	21	13160062	13969206	214	0.1586
4d5ae063-b307-4e77-92aa-45bc90c71841	21	13974127	31606596	12895	0.037
4d5ae063-b307-4e77-92aa-45bc90c71841	21	31616819	46677045	10528	0.0669
4d5ae063-b307-4e77-92aa-45bc90c71841	22	15294547	17014661	301	0.0683
4d5ae063-b307-4e77-92aa-45bc90c71841	22	17018144	17018618	2	1.2939
4d5ae063-b307-4e77-92aa-45bc90c71841	22	17019000	18620743	829	0.0773
4d5ae063-b307-4e77-92aa-45bc90c71841	22	18649244	18760941	3	1.4911
4d5ae063-b307-4e77-92aa-45bc90c71841	22	18783014	38894915	13996	0.0874
4d5ae063-b307-4e77-92aa-45bc90c71841	22	38899250	38900899	3	-2.8509
4d5ae063-b307-4e77-92aa-45bc90c71841	22	38903109	50796027	8035	0.0925
4d5ae063-b307-4e77-92aa-45bc90c71841	X	251810	33627274	20827	-0.0072
4d5ae063-b307-4e77-92aa-45bc90c71841	X	33627573	33627852	2	-5.2677
4d5ae063-b307-4e77-92aa-45bc90c71841	X	33627910	103999187	32664	0.0061
4d5ae063-b307-4e77-92aa-45bc90c71841	X	103999203	104084316	61	0.8227
4d5ae063-b307-4e77-92aa-45bc90c71841	X	104084336	155952689	29668	0.0008
4d5ae063-b307-4e77-92aa-45bc90c71841	Y	2782397	56872112	6639	-0.8785
