Sample	Chromosome	Start	End	Num_Probes	Segment_Mean
NARKY_p_TCGAb69_SNP_N_GenomeWideSNP_6_G08_697912	1	3218610	7324468	2542	-0.0142
NARKY_p_TCGAb69_SNP_N_GenomeWideSNP_6_G08_697912	1	7324959	7325420	3	-1.118
NARKY_p_TCGAb69_SNP_N_GenomeWideSNP_6_G08_697912	1	7326201	57266676	26347	-8e-04
NARKY_p_TCGAb69_SNP_N_GenomeWideSNP_6_G08_697912	1	57266880	57267749	2	-1.9366
NARKY_p_TCGAb69_SNP_N_GenomeWideSNP_6_G08_697912	1	57267946	204822625	72633	0.0405
NARKY_p_TCGAb69_SNP_N_GenomeWideSNP_6_G08_697912	1	204826114	204846772	11	0.6526
NARKY_p_TCGAb69_SNP_N_GenomeWideSNP_6_G08_697912	1	204852843	247455719	27378	0.0292
NARKY_p_TCGAb69_SNP_N_GenomeWideSNP_6_G08_697912	1	247456607	247457854	3	-0.9449
NARKY_p_TCGAb69_SNP_N_GenomeWideSNP_6_G08_697912	1	247460356	247813706	230	0.0142
NARKY_p_TCGAb69_SNP_N_GenomeWideSNP_6_G08_697912	2	484222	235315387	127000	0.0391
NARKY_p_TCGAb69_SNP_N_GenomeWideSNP_6_G08_697912	2	235315413	235320568	3	-1.0344
NARKY_p_TCGAb69_SNP_N_GenomeWideSNP_6_G08_697912	2	235321199	238553447	2171	0.0063
NARKY_p_TCGAb69_SNP_N_GenomeWideSNP_6_G08_697912	2	238555843	238556768	2	-1.3094
NARKY_p_TCGAb69_SNP_N_GenomeWideSNP_6_G08_697912	2	238557183	242476062	2116	0.0144
NARKY_p_TCGAb69_SNP_N_GenomeWideSNP_6_G08_697912	3	2212571	31444842	17412	-0.5937
NARKY_p_TCGAb69_SNP_N_GenomeWideSNP_6_G08_697912	3	31445509	31446971	11	-1.4092
NARKY_p_TCGAb69_SNP_N_GenomeWideSNP_6_G08_697912	3	31447156	109511105	41799	-0.5944
NARKY_p_TCGAb69_SNP_N_GenomeWideSNP_6_G08_697912	3	109519982	110210464	415	0.0714
NARKY_p_TCGAb69_SNP_N_GenomeWideSNP_6_G08_697912	3	110210570	110210628	2	-1.1672
NARKY_p_TCGAb69_SNP_N_GenomeWideSNP_6_G08_697912	3	110212354	112873300	1610	0.0785
NARKY_p_TCGAb69_SNP_N_GenomeWideSNP_6_G08_697912	3	112874860	112893434	13	0.6274
NARKY_p_TCGAb69_SNP_N_GenomeWideSNP_6_G08_697912	3	112895906	145473020	18498	0.0547
NARKY_p_TCGAb69_SNP_N_GenomeWideSNP_6_G08_697912	3	145478935	145750528	175	-1.1235
NARKY_p_TCGAb69_SNP_N_GenomeWideSNP_6_G08_697912	3	145755923	197538677	26359	0.0575
NARKY_p_TCGAb69_SNP_N_GenomeWideSNP_6_G08_697912	4	1053934	6238289	2713	0.0048
NARKY_p_TCGAb69_SNP_N_GenomeWideSNP_6_G08_697912	4	6238608	6238727	2	-1.3283
NARKY_p_TCGAb69_SNP_N_GenomeWideSNP_6_G08_697912	4	6242201	89995709	46622	0.0499
NARKY_p_TCGAb69_SNP_N_GenomeWideSNP_6_G08_697912	4	89995798	89996207	4	1.1933
NARKY_p_TCGAb69_SNP_N_GenomeWideSNP_6_G08_697912	4	89996225	102653014	6925	0.0657
NARKY_p_TCGAb69_SNP_N_GenomeWideSNP_6_G08_697912	4	102654896	102659213	10	-1.1946
NARKY_p_TCGAb69_SNP_N_GenomeWideSNP_6_G08_697912	4	102660040	188763651	46470	0.0591
NARKY_p_TCGAb69_SNP_N_GenomeWideSNP_6_G08_697912	5	914233	59622392	31968	0.0448
NARKY_p_TCGAb69_SNP_N_GenomeWideSNP_6_G08_697912	5	59627575	137735703	42433	-0.6178
NARKY_p_TCGAb69_SNP_N_GenomeWideSNP_6_G08_697912	5	137748379	138978864	497	0.0055
NARKY_p_TCGAb69_SNP_N_GenomeWideSNP_6_G08_697912	5	138980118	151280408	7626	0.466
NARKY_p_TCGAb69_SNP_N_GenomeWideSNP_6_G08_697912	5	151281588	151281633	2	-0.8559
NARKY_p_TCGAb69_SNP_N_GenomeWideSNP_6_G08_697912	5	151286919	160597777	6105	0.4708
NARKY_p_TCGAb69_SNP_N_GenomeWideSNP_6_G08_697912	5	160598891	160599542	3	-1.2677
NARKY_p_TCGAb69_SNP_N_GenomeWideSNP_6_G08_697912	5	160604890	180360469	11788	0.4566
NARKY_p_TCGAb69_SNP_N_GenomeWideSNP_6_G08_697912	6	1014281	78670319	43011	0.0408
NARKY_p_TCGAb69_SNP_N_GenomeWideSNP_6_G08_697912	6	78678184	78678402	3	-1.2145
NARKY_p_TCGAb69_SNP_N_GenomeWideSNP_6_G08_697912	6	78681753	170903919	53485	0.0535
NARKY_p_TCGAb69_SNP_N_GenomeWideSNP_6_G08_697912	7	705284	16169658	7776	0.0378
NARKY_p_TCGAb69_SNP_N_GenomeWideSNP_6_G08_697912	7	16171560	16172259	2	1.6893
NARKY_p_TCGAb69_SNP_N_GenomeWideSNP_6_G08_697912	7	16176841	52125262	22681	0.04
NARKY_p_TCGAb69_SNP_N_GenomeWideSNP_6_G08_697912	7	52128585	52154274	17	-0.892
NARKY_p_TCGAb69_SNP_N_GenomeWideSNP_6_G08_697912	7	52157317	135082387	38835	0.041
NARKY_p_TCGAb69_SNP_N_GenomeWideSNP_6_G08_697912	7	135082600	135082947	2	-1.4938
NARKY_p_TCGAb69_SNP_N_GenomeWideSNP_6_G08_697912	7	135083634	144277496	4630	0.0364
NARKY_p_TCGAb69_SNP_N_GenomeWideSNP_6_G08_697912	7	144277757	144277865	3	-1.2057
NARKY_p_TCGAb69_SNP_N_GenomeWideSNP_6_G08_697912	7	144278698	158385118	7378	0.0148
NARKY_p_TCGAb69_SNP_N_GenomeWideSNP_6_G08_697912	8	617667	8790059	3572	0.031
NARKY_p_TCGAb69_SNP_N_GenomeWideSNP_6_G08_697912	8	8790672	8791508	3	-1.0417
NARKY_p_TCGAb69_SNP_N_GenomeWideSNP_6_G08_697912	8	8793654	20286132	7353	0.0371
NARKY_p_TCGAb69_SNP_N_GenomeWideSNP_6_G08_697912	8	20288973	20289328	2	1.2775
NARKY_p_TCGAb69_SNP_N_GenomeWideSNP_6_G08_697912	8	20289399	26571017	4256	0.0306
NARKY_p_TCGAb69_SNP_N_GenomeWideSNP_6_G08_697912	8	26571568	26571725	2	1.512
NARKY_p_TCGAb69_SNP_N_GenomeWideSNP_6_G08_697912	8	26571980	128442469	56154	0.0435
NARKY_p_TCGAb69_SNP_N_GenomeWideSNP_6_G08_697912	8	128447549	128452766	2	-1.3043
NARKY_p_TCGAb69_SNP_N_GenomeWideSNP_6_G08_697912	8	128453765	145232496	10195	0.0236
NARKY_p_TCGAb69_SNP_N_GenomeWideSNP_6_G08_697912	9	789932	87705476	35006	0.0412
NARKY_p_TCGAb69_SNP_N_GenomeWideSNP_6_G08_697912	9	87706394	87706647	2	-1.3402
NARKY_p_TCGAb69_SNP_N_GenomeWideSNP_6_G08_697912	9	87707585	118121597	19801	0.0271
NARKY_p_TCGAb69_SNP_N_GenomeWideSNP_6_G08_697912	9	118122628	118123597	2	-1.3424
NARKY_p_TCGAb69_SNP_N_GenomeWideSNP_6_G08_697912	9	118124242	128135215	6739	0.0203
NARKY_p_TCGAb69_SNP_N_GenomeWideSNP_6_G08_697912	9	128138641	128139588	2	-1.3797
NARKY_p_TCGAb69_SNP_N_GenomeWideSNP_6_G08_697912	9	128141206	134136515	3299	-0.0033
NARKY_p_TCGAb69_SNP_N_GenomeWideSNP_6_G08_697912	9	134138069	134140469	2	-1.206
NARKY_p_TCGAb69_SNP_N_GenomeWideSNP_6_G08_697912	9	134141289	140938752	3176	-0.0048
NARKY_p_TCGAb69_SNP_N_GenomeWideSNP_6_G08_697912	10	415240	52983762	29860	0.018
NARKY_p_TCGAb69_SNP_N_GenomeWideSNP_6_G08_697912	10	52988700	52991510	4	-1.3444
NARKY_p_TCGAb69_SNP_N_GenomeWideSNP_6_G08_697912	10	52992633	84508826	19065	0.0241
NARKY_p_TCGAb69_SNP_N_GenomeWideSNP_6_G08_697912	10	84509295	84509682	3	-1.0387
NARKY_p_TCGAb69_SNP_N_GenomeWideSNP_6_G08_697912	10	84511407	135225087	31943	0.0175
NARKY_p_TCGAb69_SNP_N_GenomeWideSNP_6_G08_697912	11	456120	25336273	15939	0.0227
NARKY_p_TCGAb69_SNP_N_GenomeWideSNP_6_G08_697912	11	25337780	25339779	3	-1.1098
NARKY_p_TCGAb69_SNP_N_GenomeWideSNP_6_G08_697912	11	25340131	59664663	16615	0.0353
NARKY_p_TCGAb69_SNP_N_GenomeWideSNP_6_G08_697912	11	59665353	59668592	2	1.4643
NARKY_p_TCGAb69_SNP_N_GenomeWideSNP_6_G08_697912	11	59670005	90628841	16096	0.0201
NARKY_p_TCGAb69_SNP_N_GenomeWideSNP_6_G08_697912	11	90629992	90630134	3	-0.9895
NARKY_p_TCGAb69_SNP_N_GenomeWideSNP_6_G08_697912	11	90631987	134142530	28583	0.0312
NARKY_p_TCGAb69_SNP_N_GenomeWideSNP_6_G08_697912	12	889902	15580006	8279	0.009
NARKY_p_TCGAb69_SNP_N_GenomeWideSNP_6_G08_697912	12	15581136	15582079	4	-1.0306
NARKY_p_TCGAb69_SNP_N_GenomeWideSNP_6_G08_697912	12	15583009	103953469	49505	0.0373
NARKY_p_TCGAb69_SNP_N_GenomeWideSNP_6_G08_697912	12	103960728	103964570	2	-1.1193
NARKY_p_TCGAb69_SNP_N_GenomeWideSNP_6_G08_697912	12	103965170	133161346	16163	0
NARKY_p_TCGAb69_SNP_N_GenomeWideSNP_6_G08_697912	13	19450806	114987458	56665	0.0432
NARKY_p_TCGAb69_SNP_N_GenomeWideSNP_6_G08_697912	14	20501368	44785979	12684	0.044
NARKY_p_TCGAb69_SNP_N_GenomeWideSNP_6_G08_697912	14	44794110	44794624	2	-1.358
NARKY_p_TCGAb69_SNP_N_GenomeWideSNP_6_G08_697912	14	44794647	86819899	25444	0.0408
NARKY_p_TCGAb69_SNP_N_GenomeWideSNP_6_G08_697912	14	86821460	86821691	3	-1.2752
NARKY_p_TCGAb69_SNP_N_GenomeWideSNP_6_G08_697912	14	86823575	105988038	11319	0.0201
NARKY_p_TCGAb69_SNP_N_GenomeWideSNP_6_G08_697912	15	23687685	101884307	44539	0.0161
NARKY_p_TCGAb69_SNP_N_GenomeWideSNP_6_G08_697912	16	653459	89379936	40791	0.0075
NARKY_p_TCGAb69_SNP_N_GenomeWideSNP_6_G08_697912	17	987221	51929285	21518	-3e-04
NARKY_p_TCGAb69_SNP_N_GenomeWideSNP_6_G08_697912	17	51929857	51930056	2	-1.3239
NARKY_p_TCGAb69_SNP_N_GenomeWideSNP_6_G08_697912	17	51931500	80917016	15471	0.0067
NARKY_p_TCGAb69_SNP_N_GenomeWideSNP_6_G08_697912	18	329586	61587700	35058	0.0486
NARKY_p_TCGAb69_SNP_N_GenomeWideSNP_6_G08_697912	18	61587718	61587750	3	-1.3639
NARKY_p_TCGAb69_SNP_N_GenomeWideSNP_6_G08_697912	18	61587794	77109240	7608	0.0444
NARKY_p_TCGAb69_SNP_N_GenomeWideSNP_6_G08_697912	19	284018	34725299	13580	-0.0125
NARKY_p_TCGAb69_SNP_N_GenomeWideSNP_6_G08_697912	19	34727835	34728482	3	-1.2961
NARKY_p_TCGAb69_SNP_N_GenomeWideSNP_6_G08_697912	19	34730684	58878226	10373	-0.0162
NARKY_p_TCGAb69_SNP_N_GenomeWideSNP_6_G08_697912	20	455764	62219837	37285	0.0059
NARKY_p_TCGAb69_SNP_N_GenomeWideSNP_6_G08_697912	21	15347621	25585384	6196	0.0488
NARKY_p_TCGAb69_SNP_N_GenomeWideSNP_6_G08_697912	21	25588249	25588339	3	-1.4012
NARKY_p_TCGAb69_SNP_N_GenomeWideSNP_6_G08_697912	21	25588956	47678774	14388	0.0192
NARKY_p_TCGAb69_SNP_N_GenomeWideSNP_6_G08_697912	22	17423930	31767332	5746	0.4135
NARKY_p_TCGAb69_SNP_N_GenomeWideSNP_6_G08_697912	22	31767926	31801108	15	-0.0179
NARKY_p_TCGAb69_SNP_N_GenomeWideSNP_6_G08_697912	22	31801495	43153703	6702	0.4211
NARKY_p_TCGAb69_SNP_N_GenomeWideSNP_6_G08_697912	22	43153710	43172308	5	-0.7372
NARKY_p_TCGAb69_SNP_N_GenomeWideSNP_6_G08_697912	22	43176281	49331012	4463	0.4099
NARKY_p_TCGAb69_SNP_N_GenomeWideSNP_6_G08_697912	X	3157107	91460423	35084	0.0173
NARKY_p_TCGAb69_SNP_N_GenomeWideSNP_6_G08_697912	X	91464559	91470050	5	-3.0018
NARKY_p_TCGAb69_SNP_N_GenomeWideSNP_6_G08_697912	X	91476337	154905589	28560	0.016
