GDC_Aliquot	Chromosome	Start	End	Num_Probes	Segment_Mean
212388ee-97b8-4bbb-a5a1-001a412d2e59	1	62920	1575421	210	0.072
212388ee-97b8-4bbb-a5a1-001a412d2e59	1	1696479	1741164	16	-0.6286
212388ee-97b8-4bbb-a5a1-001a412d2e59	1	1756148	3318904	531	0.0956
212388ee-97b8-4bbb-a5a1-001a412d2e59	1	3318992	16785682	7944	0.021
212388ee-97b8-4bbb-a5a1-001a412d2e59	1	16787932	16935752	58	-0.3811
212388ee-97b8-4bbb-a5a1-001a412d2e59	1	16949746	24851840	4968	0.0232
212388ee-97b8-4bbb-a5a1-001a412d2e59	1	24853888	24857660	4	-0.8777
212388ee-97b8-4bbb-a5a1-001a412d2e59	1	24858706	25256850	291	0.0392
212388ee-97b8-4bbb-a5a1-001a412d2e59	1	25266637	25320455	24	-1.7611
212388ee-97b8-4bbb-a5a1-001a412d2e59	1	25336819	30251780	2378	0.0205
212388ee-97b8-4bbb-a5a1-001a412d2e59	1	30253727	30261189	9	0.569
212388ee-97b8-4bbb-a5a1-001a412d2e59	1	30264526	34626073	2564	0.0244
212388ee-97b8-4bbb-a5a1-001a412d2e59	1	34637053	34637435	6	-0.6306
212388ee-97b8-4bbb-a5a1-001a412d2e59	1	34637541	34637909	4	-0.1526
212388ee-97b8-4bbb-a5a1-001a412d2e59	1	34638226	34638890	10	-0.791
212388ee-97b8-4bbb-a5a1-001a412d2e59	1	34648667	72290430	23756	0.0189
212388ee-97b8-4bbb-a5a1-001a412d2e59	1	72290459	72297687	8	-0.8558
212388ee-97b8-4bbb-a5a1-001a412d2e59	1	72302735	72345465	48	1.188
212388ee-97b8-4bbb-a5a1-001a412d2e59	1	72346221	103614714	20033	-0.0029
212388ee-97b8-4bbb-a5a1-001a412d2e59	1	103615687	103621165	5	-1.2911
212388ee-97b8-4bbb-a5a1-001a412d2e59	1	103697067	103717617	4	1.5449
212388ee-97b8-4bbb-a5a1-001a412d2e59	1	103760781	109684695	3569	0.0047
212388ee-97b8-4bbb-a5a1-001a412d2e59	1	109684893	109697533	13	-0.4447
212388ee-97b8-4bbb-a5a1-001a412d2e59	1	109697556	110834953	841	0.0062
212388ee-97b8-4bbb-a5a1-001a412d2e59	1	110836273	110840603	21	0.3464
212388ee-97b8-4bbb-a5a1-001a412d2e59	1	110840712	112147704	1086	0.0044
212388ee-97b8-4bbb-a5a1-001a412d2e59	1	112153343	112154754	24	-0.3869
212388ee-97b8-4bbb-a5a1-001a412d2e59	1	112154768	143494500	5165	0.0105
212388ee-97b8-4bbb-a5a1-001a412d2e59	1	143541857	143748012	96	-0.5919
212388ee-97b8-4bbb-a5a1-001a412d2e59	1	143748074	143754798	18	-0.0196
212388ee-97b8-4bbb-a5a1-001a412d2e59	1	143759680	144432083	13	-0.7168
212388ee-97b8-4bbb-a5a1-001a412d2e59	1	144432313	152583230	2311	0.0346
212388ee-97b8-4bbb-a5a1-001a412d2e59	1	152583291	152614118	34	1.5403
212388ee-97b8-4bbb-a5a1-001a412d2e59	1	152618018	152787202	166	0.0654
212388ee-97b8-4bbb-a5a1-001a412d2e59	1	152789447	152795487	31	-0.2351
212388ee-97b8-4bbb-a5a1-001a412d2e59	1	152795783	153016845	173	0.0301
212388ee-97b8-4bbb-a5a1-001a412d2e59	1	153018584	153028238	5	-0.9959
212388ee-97b8-4bbb-a5a1-001a412d2e59	1	153028502	196745743	29296	0.0049
212388ee-97b8-4bbb-a5a1-001a412d2e59	1	196758720	196832720	58	0.4702
212388ee-97b8-4bbb-a5a1-001a412d2e59	1	196843377	244103515	32749	0.0026
212388ee-97b8-4bbb-a5a1-001a412d2e59	1	244105532	244105564	2	-1.5465
212388ee-97b8-4bbb-a5a1-001a412d2e59	1	244107212	248930189	3069	0.0145
212388ee-97b8-4bbb-a5a1-001a412d2e59	2	12784	11004264	8470	0.0098
212388ee-97b8-4bbb-a5a1-001a412d2e59	2	11004323	20994772	7350	-0.0161
212388ee-97b8-4bbb-a5a1-001a412d2e59	2	20995933	34466002	8271	0.0097
212388ee-97b8-4bbb-a5a1-001a412d2e59	2	34474248	34476668	6	-0.7117
212388ee-97b8-4bbb-a5a1-001a412d2e59	2	34483565	41011095	4847	0.014
212388ee-97b8-4bbb-a5a1-001a412d2e59	2	41011303	41018747	22	-0.5516
212388ee-97b8-4bbb-a5a1-001a412d2e59	2	41024093	42052209	879	0.0122
212388ee-97b8-4bbb-a5a1-001a412d2e59	2	42052827	42064917	17	0.4977
212388ee-97b8-4bbb-a5a1-001a412d2e59	2	42066935	49305903	5007	-0.0057
212388ee-97b8-4bbb-a5a1-001a412d2e59	2	49308629	49314051	5	-0.9471
212388ee-97b8-4bbb-a5a1-001a412d2e59	2	49317902	52531615	2280	0.0005
212388ee-97b8-4bbb-a5a1-001a412d2e59	2	52531630	52554366	30	0.3823
212388ee-97b8-4bbb-a5a1-001a412d2e59	2	52554384	87228594	22038	-0.0038
212388ee-97b8-4bbb-a5a1-001a412d2e59	2	87229739	87249453	3	-1.2276
212388ee-97b8-4bbb-a5a1-001a412d2e59	2	87249535	87286164	14	-0.1076
212388ee-97b8-4bbb-a5a1-001a412d2e59	2	87287256	87295819	3	-0.9865
212388ee-97b8-4bbb-a5a1-001a412d2e59	2	87299357	139322931	27033	-0.0014
212388ee-97b8-4bbb-a5a1-001a412d2e59	2	139327847	139333722	9	0.6089
212388ee-97b8-4bbb-a5a1-001a412d2e59	2	139338784	146106875	4169	-0.0023
212388ee-97b8-4bbb-a5a1-001a412d2e59	2	146106889	146109366	21	0.7682
212388ee-97b8-4bbb-a5a1-001a412d2e59	2	146120238	232035217	52681	-0.0003
212388ee-97b8-4bbb-a5a1-001a412d2e59	2	232036295	242147305	6392	0.0286
212388ee-97b8-4bbb-a5a1-001a412d2e59	3	20930	6604856	5818	0.0117
212388ee-97b8-4bbb-a5a1-001a412d2e59	3	6609441	6611645	23	-0.6937
212388ee-97b8-4bbb-a5a1-001a412d2e59	3	6613391	37935926	21788	0.0014
212388ee-97b8-4bbb-a5a1-001a412d2e59	3	37940617	37945437	18	-0.9837
212388ee-97b8-4bbb-a5a1-001a412d2e59	3	37945615	47358421	5822	0.0245
212388ee-97b8-4bbb-a5a1-001a412d2e59	3	47358841	47363961	3	-1.0605
212388ee-97b8-4bbb-a5a1-001a412d2e59	3	47367722	47437019	26	0.0195
212388ee-97b8-4bbb-a5a1-001a412d2e59	3	47450332	47451230	2	-2.8226
212388ee-97b8-4bbb-a5a1-001a412d2e59	3	47455724	52988851	2219	-0.0002
212388ee-97b8-4bbb-a5a1-001a412d2e59	3	52988877	53005201	42	0.3175
212388ee-97b8-4bbb-a5a1-001a412d2e59	3	53005247	55130907	1563	0.0138
212388ee-97b8-4bbb-a5a1-001a412d2e59	3	55131210	55131734	2	-1.1277
212388ee-97b8-4bbb-a5a1-001a412d2e59	3	55132249	59847987	3111	0.0169
212388ee-97b8-4bbb-a5a1-001a412d2e59	3	59849891	60973538	1290	0.0811
212388ee-97b8-4bbb-a5a1-001a412d2e59	3	60974492	68697108	6074	0.0123
212388ee-97b8-4bbb-a5a1-001a412d2e59	3	68697133	68698262	13	-1.1592
212388ee-97b8-4bbb-a5a1-001a412d2e59	3	68699607	151792254	48282	-0.0001
212388ee-97b8-4bbb-a5a1-001a412d2e59	3	151793297	151828091	29	-1.0322
212388ee-97b8-4bbb-a5a1-001a412d2e59	3	151830703	162794951	6657	-0.0021
212388ee-97b8-4bbb-a5a1-001a412d2e59	3	162795304	162908207	68	0.7261
212388ee-97b8-4bbb-a5a1-001a412d2e59	3	162908784	193162937	19181	-0.0003
212388ee-97b8-4bbb-a5a1-001a412d2e59	3	193163042	193165114	10	-0.5641
212388ee-97b8-4bbb-a5a1-001a412d2e59	3	193168646	196629554	1931	0.013
212388ee-97b8-4bbb-a5a1-001a412d2e59	3	196631608	197268943	313	0.1259
212388ee-97b8-4bbb-a5a1-001a412d2e59	3	197269859	198169247	448	0.0469
212388ee-97b8-4bbb-a5a1-001a412d2e59	4	68929	1060146	357	0.1393
212388ee-97b8-4bbb-a5a1-001a412d2e59	4	1060371	4108503	1268	0.0158
212388ee-97b8-4bbb-a5a1-001a412d2e59	4	4112194	4151033	9	-0.5935
212388ee-97b8-4bbb-a5a1-001a412d2e59	4	4158336	10186757	4023	0.0137
212388ee-97b8-4bbb-a5a1-001a412d2e59	4	10186925	10208766	49	0.1789
212388ee-97b8-4bbb-a5a1-001a412d2e59	4	10212536	10233644	36	0.9137
212388ee-97b8-4bbb-a5a1-001a412d2e59	4	10234518	10389091	171	-0.0418
212388ee-97b8-4bbb-a5a1-001a412d2e59	4	10390730	10399044	16	-1.794
212388ee-97b8-4bbb-a5a1-001a412d2e59	4	10401094	26884013	11858	-0.0063
212388ee-97b8-4bbb-a5a1-001a412d2e59	4	26884151	26886029	3	-1.0984
212388ee-97b8-4bbb-a5a1-001a412d2e59	4	26887432	34777432	4926	-0.0037
212388ee-97b8-4bbb-a5a1-001a412d2e59	4	34784878	34817589	35	-0.6734
212388ee-97b8-4bbb-a5a1-001a412d2e59	4	34819718	38456205	2594	-0.0066
212388ee-97b8-4bbb-a5a1-001a412d2e59	4	38458681	38464971	8	0.5246
212388ee-97b8-4bbb-a5a1-001a412d2e59	4	38466253	40698556	1284	0.0077
212388ee-97b8-4bbb-a5a1-001a412d2e59	4	40701994	40702175	3	-2.3633
212388ee-97b8-4bbb-a5a1-001a412d2e59	4	40702670	69523998	16123	-0.0088
212388ee-97b8-4bbb-a5a1-001a412d2e59	4	69524143	69525061	2	-2.0551
212388ee-97b8-4bbb-a5a1-001a412d2e59	4	69526170	114252544	27222	-0.0078
212388ee-97b8-4bbb-a5a1-001a412d2e59	4	114254167	114263073	24	0.6461
212388ee-97b8-4bbb-a5a1-001a412d2e59	4	114263096	172066777	35057	-0.0043
212388ee-97b8-4bbb-a5a1-001a412d2e59	4	172067997	172068382	12	-1.3244
212388ee-97b8-4bbb-a5a1-001a412d2e59	4	172074828	172501371	230	0.0127
212388ee-97b8-4bbb-a5a1-001a412d2e59	4	172503796	172507492	7	1.3505
212388ee-97b8-4bbb-a5a1-001a412d2e59	4	172519981	182878443	7055	-0.0141
212388ee-97b8-4bbb-a5a1-001a412d2e59	4	182880801	188300104	3643	0.0283
212388ee-97b8-4bbb-a5a1-001a412d2e59	4	188300206	188300270	3	1.689
212388ee-97b8-4bbb-a5a1-001a412d2e59	4	188300285	190106768	1142	0.0362
212388ee-97b8-4bbb-a5a1-001a412d2e59	5	15532	698357	308	0.0746
212388ee-97b8-4bbb-a5a1-001a412d2e59	5	698390	825192	43	0.6001
212388ee-97b8-4bbb-a5a1-001a412d2e59	5	825538	12128171	9485	0.0066
212388ee-97b8-4bbb-a5a1-001a412d2e59	5	12128860	12128874	2	-1.3413
212388ee-97b8-4bbb-a5a1-001a412d2e59	5	12131282	12800777	351	0.0197
212388ee-97b8-4bbb-a5a1-001a412d2e59	5	12815668	12838421	14	0.7939
212388ee-97b8-4bbb-a5a1-001a412d2e59	5	12849089	21376735	5464	0.0039
212388ee-97b8-4bbb-a5a1-001a412d2e59	5	21377730	21377744	2	1.2231
212388ee-97b8-4bbb-a5a1-001a412d2e59	5	21385957	25989789	2694	-0.0078
212388ee-97b8-4bbb-a5a1-001a412d2e59	5	25992082	25998828	8	-0.7602
212388ee-97b8-4bbb-a5a1-001a412d2e59	5	26002907	69022815	24503	0.0024
212388ee-97b8-4bbb-a5a1-001a412d2e59	5	69023860	69024941	3	-1.1399
212388ee-97b8-4bbb-a5a1-001a412d2e59	5	69025359	84965653	8839	0.0087
212388ee-97b8-4bbb-a5a1-001a412d2e59	5	84965850	84966085	3	-1.1837
212388ee-97b8-4bbb-a5a1-001a412d2e59	5	84968631	121346678	22441	-0.0067
212388ee-97b8-4bbb-a5a1-001a412d2e59	5	121347646	121370546	15	-1.0577
212388ee-97b8-4bbb-a5a1-001a412d2e59	5	121373928	121922203	386	0.0232
212388ee-97b8-4bbb-a5a1-001a412d2e59	5	121922323	121923072	3	-1.3261
212388ee-97b8-4bbb-a5a1-001a412d2e59	5	121927987	123215649	811	-0.0241
212388ee-97b8-4bbb-a5a1-001a412d2e59	5	123217841	126277244	2104	0.0143
212388ee-97b8-4bbb-a5a1-001a412d2e59	5	126278079	129348161	1805	-0.0367
212388ee-97b8-4bbb-a5a1-001a412d2e59	5	129348163	129351832	6	-0.986
212388ee-97b8-4bbb-a5a1-001a412d2e59	5	129354417	161648145	20660	-0.0019
212388ee-97b8-4bbb-a5a1-001a412d2e59	5	161649541	161667847	11	-0.9539
212388ee-97b8-4bbb-a5a1-001a412d2e59	5	161672563	179677049	12007	0.0056
212388ee-97b8-4bbb-a5a1-001a412d2e59	5	179677069	179678327	10	0.5018
212388ee-97b8-4bbb-a5a1-001a412d2e59	5	179681196	179791418	45	0.0026
212388ee-97b8-4bbb-a5a1-001a412d2e59	5	179792191	179833009	15	-0.2931
212388ee-97b8-4bbb-a5a1-001a412d2e59	5	179833034	180748501	545	0.0271
212388ee-97b8-4bbb-a5a1-001a412d2e59	5	180750342	180766184	7	0.7144
212388ee-97b8-4bbb-a5a1-001a412d2e59	5	180766199	181363319	294	0.0462
212388ee-97b8-4bbb-a5a1-001a412d2e59	6	149661	294725	123	0.0163
212388ee-97b8-4bbb-a5a1-001a412d2e59	6	294837	364468	64	-0.2952
212388ee-97b8-4bbb-a5a1-001a412d2e59	6	364486	7328769	5782	0.015
212388ee-97b8-4bbb-a5a1-001a412d2e59	6	7329640	7329936	2	-1.482
212388ee-97b8-4bbb-a5a1-001a412d2e59	6	7331089	29869295	15686	0.0149
212388ee-97b8-4bbb-a5a1-001a412d2e59	6	29869410	29882419	17	-0.8797
212388ee-97b8-4bbb-a5a1-001a412d2e59	6	29882497	31319445	667	0.0534
212388ee-97b8-4bbb-a5a1-001a412d2e59	6	31319724	31328674	6	-0.7943
212388ee-97b8-4bbb-a5a1-001a412d2e59	6	31342147	31380423	47	0.1384
212388ee-97b8-4bbb-a5a1-001a412d2e59	6	31380693	31380871	3	1.4821
212388ee-97b8-4bbb-a5a1-001a412d2e59	6	31383258	32627306	498	0.0384
212388ee-97b8-4bbb-a5a1-001a412d2e59	6	32627455	32634330	3	-1.2103
212388ee-97b8-4bbb-a5a1-001a412d2e59	6	32634492	48964092	10405	0.0145
212388ee-97b8-4bbb-a5a1-001a412d2e59	6	48965433	48967563	4	-0.9175
212388ee-97b8-4bbb-a5a1-001a412d2e59	6	48978926	66332868	8685	0.0008
212388ee-97b8-4bbb-a5a1-001a412d2e59	6	66333004	66333299	2	-1.565
212388ee-97b8-4bbb-a5a1-001a412d2e59	6	66333342	66497046	148	0.0383
212388ee-97b8-4bbb-a5a1-001a412d2e59	6	66497665	66503937	8	-0.6095
212388ee-97b8-4bbb-a5a1-001a412d2e59	6	66504554	73882509	4860	-0.0103
212388ee-97b8-4bbb-a5a1-001a412d2e59	6	73882741	73891694	9	-2.06
212388ee-97b8-4bbb-a5a1-001a412d2e59	6	73893839	76708370	1754	-0.0044
212388ee-97b8-4bbb-a5a1-001a412d2e59	6	76708490	76708515	2	-1.4014
212388ee-97b8-4bbb-a5a1-001a412d2e59	6	76710479	76726815	15	0.0812
212388ee-97b8-4bbb-a5a1-001a412d2e59	6	76730151	76742553	14	-3.9927
212388ee-97b8-4bbb-a5a1-001a412d2e59	6	76742665	76742972	6	-1.5663
212388ee-97b8-4bbb-a5a1-001a412d2e59	6	76743040	78178745	919	-0.0128
212388ee-97b8-4bbb-a5a1-001a412d2e59	6	78178938	78208159	17	0.3054
212388ee-97b8-4bbb-a5a1-001a412d2e59	6	78210816	78253172	42	0.0244
212388ee-97b8-4bbb-a5a1-001a412d2e59	6	78259348	78325468	113	0.4911
212388ee-97b8-4bbb-a5a1-001a412d2e59	6	78329517	125862546	29416	-0.0048
212388ee-97b8-4bbb-a5a1-001a412d2e59	6	125865048	125865630	2	-3.0984
212388ee-97b8-4bbb-a5a1-001a412d2e59	6	125867747	165310563	26682	0.0023
212388ee-97b8-4bbb-a5a1-001a412d2e59	6	165318037	165318439	2	-1.6178
212388ee-97b8-4bbb-a5a1-001a412d2e59	6	165321163	167050231	1402	0.0079
212388ee-97b8-4bbb-a5a1-001a412d2e59	6	167050426	169154632	1310	0.0645
212388ee-97b8-4bbb-a5a1-001a412d2e59	6	169155834	170741917	881	0.016
212388ee-97b8-4bbb-a5a1-001a412d2e59	7	43355	3375814	1454	0.0217
212388ee-97b8-4bbb-a5a1-001a412d2e59	7	3376314	3382095	4	0.5241
212388ee-97b8-4bbb-a5a1-001a412d2e59	7	3382176	3999285	535	0.0828
212388ee-97b8-4bbb-a5a1-001a412d2e59	7	3999529	4015718	11	0.3759
212388ee-97b8-4bbb-a5a1-001a412d2e59	7	4016801	23995508	15131	0.0008
212388ee-97b8-4bbb-a5a1-001a412d2e59	7	24000259	24000764	2	1.4591
212388ee-97b8-4bbb-a5a1-001a412d2e59	7	24001198	55468392	22352	0.0004
212388ee-97b8-4bbb-a5a1-001a412d2e59	7	55470400	55470531	2	-1.5353
212388ee-97b8-4bbb-a5a1-001a412d2e59	7	55473098	56693807	558	-0.0315
212388ee-97b8-4bbb-a5a1-001a412d2e59	7	56694420	56701121	3	-2.6916
212388ee-97b8-4bbb-a5a1-001a412d2e59	7	56704473	70955452	4567	-0.0004
212388ee-97b8-4bbb-a5a1-001a412d2e59	7	70958264	70961155	2	-2.1411
212388ee-97b8-4bbb-a5a1-001a412d2e59	7	70963257	109800866	22335	-0.002
212388ee-97b8-4bbb-a5a1-001a412d2e59	7	109801155	109813801	11	0.4857
212388ee-97b8-4bbb-a5a1-001a412d2e59	7	109813853	126404920	10033	-0.0055
212388ee-97b8-4bbb-a5a1-001a412d2e59	7	126405428	126406561	12	0.7662
212388ee-97b8-4bbb-a5a1-001a412d2e59	7	126406822	159334314	20818	0.0023
212388ee-97b8-4bbb-a5a1-001a412d2e59	8	81254	644973	324	0.0871
212388ee-97b8-4bbb-a5a1-001a412d2e59	8	645220	645875	6	0.7562
212388ee-97b8-4bbb-a5a1-001a412d2e59	8	645892	645908	2	3.8003
212388ee-97b8-4bbb-a5a1-001a412d2e59	8	656117	2177460	1225	0.0065
212388ee-97b8-4bbb-a5a1-001a412d2e59	8	2178209	2178964	4	-0.9729
212388ee-97b8-4bbb-a5a1-001a412d2e59	8	2179870	2844412	478	0.036
212388ee-97b8-4bbb-a5a1-001a412d2e59	8	2846011	2846377	7	0.8612
212388ee-97b8-4bbb-a5a1-001a412d2e59	8	2849649	4308904	2027	0.0123
212388ee-97b8-4bbb-a5a1-001a412d2e59	8	4308968	4309168	3	1.2791
212388ee-97b8-4bbb-a5a1-001a412d2e59	8	4309259	5741242	1928	0.0248
212388ee-97b8-4bbb-a5a1-001a412d2e59	8	5741248	5746973	24	-0.7937
212388ee-97b8-4bbb-a5a1-001a412d2e59	8	5749566	6982775	1611	0.0279
212388ee-97b8-4bbb-a5a1-001a412d2e59	8	7001884	7002140	2	1.3246
212388ee-97b8-4bbb-a5a1-001a412d2e59	8	7018620	7397588	111	-0.0111
212388ee-97b8-4bbb-a5a1-001a412d2e59	8	7414835	8139659	42	0.3652
212388ee-97b8-4bbb-a5a1-001a412d2e59	8	8196822	10121262	1671	0.012
212388ee-97b8-4bbb-a5a1-001a412d2e59	8	10121409	10318667	200	0.1301
212388ee-97b8-4bbb-a5a1-001a412d2e59	8	10319520	11998246	1341	-0.0005
212388ee-97b8-4bbb-a5a1-001a412d2e59	8	11999697	12585546	66	0.3015
212388ee-97b8-4bbb-a5a1-001a412d2e59	8	12616034	13947089	1284	-0.0095
212388ee-97b8-4bbb-a5a1-001a412d2e59	8	13947497	13950378	3	-0.976
212388ee-97b8-4bbb-a5a1-001a412d2e59	8	13951214	18406981	4027	-0.0042
212388ee-97b8-4bbb-a5a1-001a412d2e59	8	18407644	18408647	2	-1.7797
212388ee-97b8-4bbb-a5a1-001a412d2e59	8	18408797	25116928	5082	0.0099
212388ee-97b8-4bbb-a5a1-001a412d2e59	8	25116961	25126735	25	-1.9623
212388ee-97b8-4bbb-a5a1-001a412d2e59	8	25126818	39372806	9019	-0.0064
212388ee-97b8-4bbb-a5a1-001a412d2e59	8	39373140	39527450	58	0.5034
212388ee-97b8-4bbb-a5a1-001a412d2e59	8	39527675	46616363	2770	-0.0007
212388ee-97b8-4bbb-a5a1-001a412d2e59	8	46620127	46624924	6	0.7533
212388ee-97b8-4bbb-a5a1-001a412d2e59	8	46634473	111282852	39245	-0.006
212388ee-97b8-4bbb-a5a1-001a412d2e59	8	111282973	111283016	2	-2.2954
212388ee-97b8-4bbb-a5a1-001a412d2e59	8	111283031	128744020	11665	-0.0047
212388ee-97b8-4bbb-a5a1-001a412d2e59	8	128750889	128751839	2	-2.0404
212388ee-97b8-4bbb-a5a1-001a412d2e59	8	128765208	133071168	3123	0.0116
212388ee-97b8-4bbb-a5a1-001a412d2e59	8	133071594	133071788	2	-1.2171
212388ee-97b8-4bbb-a5a1-001a412d2e59	8	133071922	138671549	4623	-0.0007
212388ee-97b8-4bbb-a5a1-001a412d2e59	8	138671896	138672793	3	-1.3128
212388ee-97b8-4bbb-a5a1-001a412d2e59	8	138674030	142047413	2368	0.0171
212388ee-97b8-4bbb-a5a1-001a412d2e59	8	142047414	142060608	8	0.712
212388ee-97b8-4bbb-a5a1-001a412d2e59	8	142064144	145072769	1124	0.042
212388ee-97b8-4bbb-a5a1-001a412d2e59	9	46587	6990926	6614	0.0166
212388ee-97b8-4bbb-a5a1-001a412d2e59	9	6993701	6993811	2	-1.3301
212388ee-97b8-4bbb-a5a1-001a412d2e59	9	6993827	23361807	13816	-0.0038
212388ee-97b8-4bbb-a5a1-001a412d2e59	9	23363117	23372401	7	-2.0088
212388ee-97b8-4bbb-a5a1-001a412d2e59	9	23373486	39547299	10748	0.002
212388ee-97b8-4bbb-a5a1-001a412d2e59	9	39547492	41571860	92	-0.2745
212388ee-97b8-4bbb-a5a1-001a412d2e59	9	41635766	63580418	176	0.1105
212388ee-97b8-4bbb-a5a1-001a412d2e59	9	63590317	63592813	7	1.5507
212388ee-97b8-4bbb-a5a1-001a412d2e59	9	63614182	64603195	64	0.048
212388ee-97b8-4bbb-a5a1-001a412d2e59	9	64603210	66170759	28	-0.4526
212388ee-97b8-4bbb-a5a1-001a412d2e59	9	66189025	67770392	25	0.5847
212388ee-97b8-4bbb-a5a1-001a412d2e59	9	67832316	76505656	5935	0.0022
212388ee-97b8-4bbb-a5a1-001a412d2e59	9	76505671	76508269	13	0.4368
212388ee-97b8-4bbb-a5a1-001a412d2e59	9	76508315	84469062	5699	-0.0028
212388ee-97b8-4bbb-a5a1-001a412d2e59	9	84470686	127458097	30587	0.016
212388ee-97b8-4bbb-a5a1-001a412d2e59	9	127459109	129851859	1063	-0.0119
212388ee-97b8-4bbb-a5a1-001a412d2e59	9	129851976	129852133	3	-1.0076
212388ee-97b8-4bbb-a5a1-001a412d2e59	9	129852157	133307114	2330	0.0128
212388ee-97b8-4bbb-a5a1-001a412d2e59	9	133307129	133316268	5	0.7193
212388ee-97b8-4bbb-a5a1-001a412d2e59	9	133316305	135273657	1144	0.0275
212388ee-97b8-4bbb-a5a1-001a412d2e59	9	135276268	135519926	170	0.1363
212388ee-97b8-4bbb-a5a1-001a412d2e59	9	135520280	138200944	969	0.009
212388ee-97b8-4bbb-a5a1-001a412d2e59	10	45792	33200666	25678	-0.0001
212388ee-97b8-4bbb-a5a1-001a412d2e59	10	33207055	33207361	2	-1.5348
212388ee-97b8-4bbb-a5a1-001a412d2e59	10	33208517	45574604	5698	-0.0031
212388ee-97b8-4bbb-a5a1-001a412d2e59	10	45577424	45580787	5	-0.9168
212388ee-97b8-4bbb-a5a1-001a412d2e59	10	45584888	54685856	5508	-0.0008
212388ee-97b8-4bbb-a5a1-001a412d2e59	10	54693189	54708677	13	0.8056
212388ee-97b8-4bbb-a5a1-001a412d2e59	10	54712504	63680268	6237	-0.0068
212388ee-97b8-4bbb-a5a1-001a412d2e59	10	63680871	63681276	2	-1.2483
212388ee-97b8-4bbb-a5a1-001a412d2e59	10	63683907	65549079	1288	-0.0039
212388ee-97b8-4bbb-a5a1-001a412d2e59	10	65549203	65554688	18	-0.5675
212388ee-97b8-4bbb-a5a1-001a412d2e59	10	65563037	66731037	914	-0.0019
212388ee-97b8-4bbb-a5a1-001a412d2e59	10	66731218	66731502	4	-0.8655
212388ee-97b8-4bbb-a5a1-001a412d2e59	10	66731563	76493093	5865	0.0047
212388ee-97b8-4bbb-a5a1-001a412d2e59	10	76497303	76497852	2	1.8283
212388ee-97b8-4bbb-a5a1-001a412d2e59	10	76501509	80234421	2691	0.0068
212388ee-97b8-4bbb-a5a1-001a412d2e59	10	80234562	80237322	2	-2.6434
212388ee-97b8-4bbb-a5a1-001a412d2e59	10	80237692	133654968	36742	0.0037
212388ee-97b8-4bbb-a5a1-001a412d2e59	11	198510	4946420	2419	0.0196
212388ee-97b8-4bbb-a5a1-001a412d2e59	11	4947280	4955042	30	0.7658
212388ee-97b8-4bbb-a5a1-001a412d2e59	11	4955781	5499745	539	0.0123
212388ee-97b8-4bbb-a5a1-001a412d2e59	11	5500921	5501334	6	-0.5059
212388ee-97b8-4bbb-a5a1-001a412d2e59	11	5502363	5761746	233	0.0038
212388ee-97b8-4bbb-a5a1-001a412d2e59	11	5761822	5791130	41	0.2912
212388ee-97b8-4bbb-a5a1-001a412d2e59	11	5794956	12308374	4958	0.0119
212388ee-97b8-4bbb-a5a1-001a412d2e59	11	12315765	12315776	2	-2.123
212388ee-97b8-4bbb-a5a1-001a412d2e59	11	12317262	18919323	4450	0.0085
212388ee-97b8-4bbb-a5a1-001a412d2e59	11	18927525	18937343	31	-0.2752
212388ee-97b8-4bbb-a5a1-001a412d2e59	11	18938477	21825263	2610	0.0062
212388ee-97b8-4bbb-a5a1-001a412d2e59	11	21825348	21827206	6	-0.7785
212388ee-97b8-4bbb-a5a1-001a412d2e59	11	21829111	49992133	18581	-0.0003
212388ee-97b8-4bbb-a5a1-001a412d2e59	11	49992218	50014447	7	0.6056
212388ee-97b8-4bbb-a5a1-001a412d2e59	11	50060063	50101778	7	-0.1534
212388ee-97b8-4bbb-a5a1-001a412d2e59	11	50104429	50810146	199	0.5411
212388ee-97b8-4bbb-a5a1-001a412d2e59	11	54554853	55606572	375	0.0161
212388ee-97b8-4bbb-a5a1-001a412d2e59	11	55606712	55685533	57	-0.2962
212388ee-97b8-4bbb-a5a1-001a412d2e59	11	55686100	107910653	32751	0.002
212388ee-97b8-4bbb-a5a1-001a412d2e59	11	107913781	107914372	2	-3.218
212388ee-97b8-4bbb-a5a1-001a412d2e59	11	107916987	127919009	14006	0.0019
212388ee-97b8-4bbb-a5a1-001a412d2e59	11	127920860	127921067	3	-1.5348
212388ee-97b8-4bbb-a5a1-001a412d2e59	11	127922395	128461728	406	0.0161
212388ee-97b8-4bbb-a5a1-001a412d2e59	11	128463161	128464871	6	-0.6429
212388ee-97b8-4bbb-a5a1-001a412d2e59	11	128464902	135074876	5119	0.02
212388ee-97b8-4bbb-a5a1-001a412d2e59	12	51460	424313	204	0.0671
212388ee-97b8-4bbb-a5a1-001a412d2e59	12	425602	429872	2	-1.3863
212388ee-97b8-4bbb-a5a1-001a412d2e59	12	434006	623433	138	0.0505
212388ee-97b8-4bbb-a5a1-001a412d2e59	12	625284	830136	141	0.1611
212388ee-97b8-4bbb-a5a1-001a412d2e59	12	830314	1144744	176	0.0108
212388ee-97b8-4bbb-a5a1-001a412d2e59	12	1146572	1147275	2	1.0779
212388ee-97b8-4bbb-a5a1-001a412d2e59	12	1150665	2174704	664	0.0705
212388ee-97b8-4bbb-a5a1-001a412d2e59	12	2175141	9157555	4696	0.0093
212388ee-97b8-4bbb-a5a1-001a412d2e59	12	9164684	9477960	154	0.0688
212388ee-97b8-4bbb-a5a1-001a412d2e59	12	9481274	9575696	24	1.1763
212388ee-97b8-4bbb-a5a1-001a412d2e59	12	9582373	30082488	14310	0.0004
212388ee-97b8-4bbb-a5a1-001a412d2e59	12	30082648	30090756	25	-0.5515
212388ee-97b8-4bbb-a5a1-001a412d2e59	12	30090789	83769408	31495	-0.0038
212388ee-97b8-4bbb-a5a1-001a412d2e59	12	83769511	83769569	2	-1.606
212388ee-97b8-4bbb-a5a1-001a412d2e59	12	83771462	86915120	1774	-0.0021
212388ee-97b8-4bbb-a5a1-001a412d2e59	12	86916044	86952317	13	0.4257
212388ee-97b8-4bbb-a5a1-001a412d2e59	12	86954397	99398036	8298	-0.0085
212388ee-97b8-4bbb-a5a1-001a412d2e59	12	99401515	99404942	30	-0.4866
212388ee-97b8-4bbb-a5a1-001a412d2e59	12	99404956	126823105	17922	0.0095
212388ee-97b8-4bbb-a5a1-001a412d2e59	12	126823969	126830339	8	-1.0803
212388ee-97b8-4bbb-a5a1-001a412d2e59	12	126830459	133201603	4788	0.0259
212388ee-97b8-4bbb-a5a1-001a412d2e59	13	18452809	19547319	532	0.0033
212388ee-97b8-4bbb-a5a1-001a412d2e59	13	19549755	19549770	2	-1.3226
212388ee-97b8-4bbb-a5a1-001a412d2e59	13	19550361	22206598	1707	0.0077
212388ee-97b8-4bbb-a5a1-001a412d2e59	13	22206640	24829225	2019	0.0339
212388ee-97b8-4bbb-a5a1-001a412d2e59	13	24832280	37496233	9221	-0.0068
212388ee-97b8-4bbb-a5a1-001a412d2e59	13	37496998	37510620	17	0.6826
212388ee-97b8-4bbb-a5a1-001a412d2e59	13	37514193	38478674	701	0.0087
212388ee-97b8-4bbb-a5a1-001a412d2e59	13	38483435	38483919	2	-1.7195
212388ee-97b8-4bbb-a5a1-001a412d2e59	13	38490920	74447760	22776	0.0032
212388ee-97b8-4bbb-a5a1-001a412d2e59	13	74447866	74448524	2	-1.7885
212388ee-97b8-4bbb-a5a1-001a412d2e59	13	74450476	108705272	23467	-0.0035
212388ee-97b8-4bbb-a5a1-001a412d2e59	13	108705965	108705982	2	-1.3226
212388ee-97b8-4bbb-a5a1-001a412d2e59	13	108706035	112879562	3058	0.0056
212388ee-97b8-4bbb-a5a1-001a412d2e59	13	112879747	112879894	3	1.1905
212388ee-97b8-4bbb-a5a1-001a412d2e59	13	112880521	114342922	647	0.0383
212388ee-97b8-4bbb-a5a1-001a412d2e59	14	18239283	19735726	70	-0.2154
212388ee-97b8-4bbb-a5a1-001a412d2e59	14	19735739	19956767	98	0.2809
212388ee-97b8-4bbb-a5a1-001a412d2e59	14	19957350	21928047	1360	-0.017
212388ee-97b8-4bbb-a5a1-001a412d2e59	14	21928158	22519044	513	-0.1368
212388ee-97b8-4bbb-a5a1-001a412d2e59	14	22519593	22623202	89	0.0446
212388ee-97b8-4bbb-a5a1-001a412d2e59	14	22625942	22630225	6	-0.9156
212388ee-97b8-4bbb-a5a1-001a412d2e59	14	22630304	26294421	2332	-0.0109
212388ee-97b8-4bbb-a5a1-001a412d2e59	14	26300516	26300519	3	-1.2534
212388ee-97b8-4bbb-a5a1-001a412d2e59	14	26300708	41139155	9299	-0.0037
212388ee-97b8-4bbb-a5a1-001a412d2e59	14	41141293	41188146	15	-0.5354
212388ee-97b8-4bbb-a5a1-001a412d2e59	14	41200899	64229656	14535	0.0066
212388ee-97b8-4bbb-a5a1-001a412d2e59	14	64229671	64229703	2	1.5539
212388ee-97b8-4bbb-a5a1-001a412d2e59	14	64229731	106070718	26715	0.0063
212388ee-97b8-4bbb-a5a1-001a412d2e59	14	106117522	106365807	107	0.5809
212388ee-97b8-4bbb-a5a1-001a412d2e59	14	106369985	106689547	190	0.0834
212388ee-97b8-4bbb-a5a1-001a412d2e59	14	106696326	106770361	12	-0.3132
212388ee-97b8-4bbb-a5a1-001a412d2e59	14	106775945	106877229	68	0.1238
212388ee-97b8-4bbb-a5a1-001a412d2e59	15	19811075	20217125	62	-0.001
212388ee-97b8-4bbb-a5a1-001a412d2e59	15	20235285	22299523	144	-0.4581
212388ee-97b8-4bbb-a5a1-001a412d2e59	15	22385639	24263561	930	0.0036
212388ee-97b8-4bbb-a5a1-001a412d2e59	15	24266888	24429740	65	0.4685
212388ee-97b8-4bbb-a5a1-001a412d2e59	15	24429986	32151854	4709	0.0284
212388ee-97b8-4bbb-a5a1-001a412d2e59	15	32179735	32212063	2	1.2781
212388ee-97b8-4bbb-a5a1-001a412d2e59	15	32217691	44931456	7805	0.0124
212388ee-97b8-4bbb-a5a1-001a412d2e59	15	44933059	44942884	7	-0.8354
212388ee-97b8-4bbb-a5a1-001a412d2e59	15	44946546	101928837	37834	0.0174
212388ee-97b8-4bbb-a5a1-001a412d2e59	16	10777	5514665	2543	0.0105
212388ee-97b8-4bbb-a5a1-001a412d2e59	16	5521321	7975030	3073	0.0552
212388ee-97b8-4bbb-a5a1-001a412d2e59	16	7982457	14895982	5496	0.0112
212388ee-97b8-4bbb-a5a1-001a412d2e59	16	14954911	16268505	637	0.0611
212388ee-97b8-4bbb-a5a1-001a412d2e59	16	16269368	16419422	3	1.1272
212388ee-97b8-4bbb-a5a1-001a412d2e59	16	16419781	17575555	640	0.087
212388ee-97b8-4bbb-a5a1-001a412d2e59	16	17576185	19942125	1085	0.0136
212388ee-97b8-4bbb-a5a1-001a412d2e59	16	19942413	19959543	21	0.4684
212388ee-97b8-4bbb-a5a1-001a412d2e59	16	19959926	21401082	889	-0.0012
212388ee-97b8-4bbb-a5a1-001a412d2e59	16	21503753	21735632	123	0.1076
212388ee-97b8-4bbb-a5a1-001a412d2e59	16	21750145	21776197	6	-0.4295
212388ee-97b8-4bbb-a5a1-001a412d2e59	16	21806139	22739394	367	0.1107
212388ee-97b8-4bbb-a5a1-001a412d2e59	16	22739427	32198778	5090	0.0142
212388ee-97b8-4bbb-a5a1-001a412d2e59	16	32295899	32513457	10	-0.5382
212388ee-97b8-4bbb-a5a1-001a412d2e59	16	32553191	55762682	6952	0.0055
212388ee-97b8-4bbb-a5a1-001a412d2e59	16	55764310	55788532	18	0.9041
212388ee-97b8-4bbb-a5a1-001a412d2e59	16	55808442	70105639	8756	-0.0031
212388ee-97b8-4bbb-a5a1-001a412d2e59	16	70117657	70163864	12	-0.5362
212388ee-97b8-4bbb-a5a1-001a412d2e59	16	70164427	74371293	2305	-0.0067
212388ee-97b8-4bbb-a5a1-001a412d2e59	16	74373114	74422703	5	-0.7092
212388ee-97b8-4bbb-a5a1-001a412d2e59	16	74431498	78619625	3593	0.0008
212388ee-97b8-4bbb-a5a1-001a412d2e59	16	78620922	80217859	1928	0.023
212388ee-97b8-4bbb-a5a1-001a412d2e59	16	80218562	80219179	6	-0.8003
212388ee-97b8-4bbb-a5a1-001a412d2e59	16	80219577	81152300	920	0.0389
212388ee-97b8-4bbb-a5a1-001a412d2e59	16	81153284	81205463	67	0.2151
212388ee-97b8-4bbb-a5a1-001a412d2e59	16	81208415	84172779	3166	0.014
212388ee-97b8-4bbb-a5a1-001a412d2e59	16	84177859	84790501	608	0.0923
212388ee-97b8-4bbb-a5a1-001a412d2e59	16	84791373	87009102	2007	0.0258
212388ee-97b8-4bbb-a5a1-001a412d2e59	16	87010216	87024776	18	-1.0299
212388ee-97b8-4bbb-a5a1-001a412d2e59	16	87026877	90096867	1526	0.0393
212388ee-97b8-4bbb-a5a1-001a412d2e59	17	150733	8339592	4534	0.0318
212388ee-97b8-4bbb-a5a1-001a412d2e59	17	8344229	8344415	2	-2.0484
212388ee-97b8-4bbb-a5a1-001a412d2e59	17	8346140	10073260	1232	0.0158
212388ee-97b8-4bbb-a5a1-001a412d2e59	17	10073320	10076522	2	1.2134
212388ee-97b8-4bbb-a5a1-001a412d2e59	17	10077612	14167216	3090	0.0051
212388ee-97b8-4bbb-a5a1-001a412d2e59	17	14167314	15460979	1076	0.0838
212388ee-97b8-4bbb-a5a1-001a412d2e59	17	15465624	33605827	6449	0.0191
212388ee-97b8-4bbb-a5a1-001a412d2e59	17	33608803	33945214	312	0.1207
212388ee-97b8-4bbb-a5a1-001a412d2e59	17	33945296	36109315	1559	0.0361
212388ee-97b8-4bbb-a5a1-001a412d2e59	17	36109735	36157718	35	0.5718
212388ee-97b8-4bbb-a5a1-001a412d2e59	17	36200725	45679654	4750	0.0211
212388ee-97b8-4bbb-a5a1-001a412d2e59	17	45680406	45680765	2	-1.2698
212388ee-97b8-4bbb-a5a1-001a412d2e59	17	45682353	46088437	295	0.1234
212388ee-97b8-4bbb-a5a1-001a412d2e59	17	46089055	46135062	33	-0.1756
212388ee-97b8-4bbb-a5a1-001a412d2e59	17	46135838	46351954	92	0.0717
212388ee-97b8-4bbb-a5a1-001a412d2e59	17	46446345	46446360	2	-1.9804
212388ee-97b8-4bbb-a5a1-001a412d2e59	17	46569894	73855830	16839	0.0173
212388ee-97b8-4bbb-a5a1-001a412d2e59	17	73855893	74661358	520	0.1139
212388ee-97b8-4bbb-a5a1-001a412d2e59	17	74664643	81418592	3586	0.036
212388ee-97b8-4bbb-a5a1-001a412d2e59	17	81418623	81418840	5	1.068
212388ee-97b8-4bbb-a5a1-001a412d2e59	17	81418872	83091923	620	0.0182
212388ee-97b8-4bbb-a5a1-001a412d2e59	18	48133	63637890	38633	0.0083
212388ee-97b8-4bbb-a5a1-001a412d2e59	18	63638793	63653064	7	-1.0256
212388ee-97b8-4bbb-a5a1-001a412d2e59	18	63655761	78578213	11206	0.0178
212388ee-97b8-4bbb-a5a1-001a412d2e59	18	78578483	78578532	2	-1.6004
212388ee-97b8-4bbb-a5a1-001a412d2e59	18	78578773	80257174	904	0.0402
212388ee-97b8-4bbb-a5a1-001a412d2e59	19	90910	12581187	5039	0.0285
212388ee-97b8-4bbb-a5a1-001a412d2e59	19	12586552	12589709	3	1.0948
212388ee-97b8-4bbb-a5a1-001a412d2e59	19	12589872	16960401	2295	0.0331
212388ee-97b8-4bbb-a5a1-001a412d2e59	19	16969954	16974526	3	-0.999
212388ee-97b8-4bbb-a5a1-001a412d2e59	19	16975118	19833113	1215	-0.0003
212388ee-97b8-4bbb-a5a1-001a412d2e59	19	19834188	20716478	551	0.0932
212388ee-97b8-4bbb-a5a1-001a412d2e59	19	20719069	35358420	7602	0.014
212388ee-97b8-4bbb-a5a1-001a412d2e59	19	35364451	35365801	10	-0.5578
212388ee-97b8-4bbb-a5a1-001a412d2e59	19	35366205	42936025	3754	0.0238
212388ee-97b8-4bbb-a5a1-001a412d2e59	19	42936292	43460592	249	0.1318
212388ee-97b8-4bbb-a5a1-001a412d2e59	19	43468990	43975343	330	0.0079
212388ee-97b8-4bbb-a5a1-001a412d2e59	19	43975607	43975608	2	-1.5418
212388ee-97b8-4bbb-a5a1-001a412d2e59	19	43978555	51524978	3608	0.0115
212388ee-97b8-4bbb-a5a1-001a412d2e59	19	51525696	55130599	2331	0.073
212388ee-97b8-4bbb-a5a1-001a412d2e59	19	55130809	55761691	269	-0.0349
212388ee-97b8-4bbb-a5a1-001a412d2e59	19	55766684	55774927	7	1.0148
212388ee-97b8-4bbb-a5a1-001a412d2e59	19	55777575	58586487	1838	0.0393
212388ee-97b8-4bbb-a5a1-001a412d2e59	20	80664	1571811	1182	0.0347
212388ee-97b8-4bbb-a5a1-001a412d2e59	20	1576544	1579916	16	-0.6962
212388ee-97b8-4bbb-a5a1-001a412d2e59	20	1580141	1580353	5	0.4936
212388ee-97b8-4bbb-a5a1-001a412d2e59	20	1580934	1613247	41	1.4582
212388ee-97b8-4bbb-a5a1-001a412d2e59	20	1617300	54028329	33646	0.0146
212388ee-97b8-4bbb-a5a1-001a412d2e59	20	54031269	54042112	36	-0.6126
212388ee-97b8-4bbb-a5a1-001a412d2e59	20	54046035	64324800	7455	0.0186
212388ee-97b8-4bbb-a5a1-001a412d2e59	21	10354168	13224688	119	0.0851
212388ee-97b8-4bbb-a5a1-001a412d2e59	21	13224711	32597170	13869	-0.0025
212388ee-97b8-4bbb-a5a1-001a412d2e59	21	32599476	45462745	9169	0.025
212388ee-97b8-4bbb-a5a1-001a412d2e59	21	45463256	45559732	41	0.2807
212388ee-97b8-4bbb-a5a1-001a412d2e59	21	45559862	45694528	83	0.0767
212388ee-97b8-4bbb-a5a1-001a412d2e59	21	45694898	46271080	311	-0.0179
212388ee-97b8-4bbb-a5a1-001a412d2e59	21	46272884	46677045	274	0.1044
212388ee-97b8-4bbb-a5a1-001a412d2e59	22	15294547	16415616	50	-0.092
212388ee-97b8-4bbb-a5a1-001a412d2e59	22	16438092	16917910	178	0.1045
212388ee-97b8-4bbb-a5a1-001a412d2e59	22	16917922	18649244	907	-0.0283
212388ee-97b8-4bbb-a5a1-001a412d2e59	22	18760927	23031707	2674	0.0898
212388ee-97b8-4bbb-a5a1-001a412d2e59	22	23031726	23987520	585	0.023
212388ee-97b8-4bbb-a5a1-001a412d2e59	22	23988078	23989773	2	-2.6503
212388ee-97b8-4bbb-a5a1-001a412d2e59	22	23990431	25340373	865	0.0138
212388ee-97b8-4bbb-a5a1-001a412d2e59	22	25340378	25349934	8	0.6214
212388ee-97b8-4bbb-a5a1-001a412d2e59	22	25349949	49000601	16868	0.0207
212388ee-97b8-4bbb-a5a1-001a412d2e59	22	49000642	49608907	610	0.7025
212388ee-97b8-4bbb-a5a1-001a412d2e59	22	49610364	50796027	528	0.0933
212388ee-97b8-4bbb-a5a1-001a412d2e59	X	251810	48001197	28941	0.0128
212388ee-97b8-4bbb-a5a1-001a412d2e59	X	48020763	48144497	79	1.0526
212388ee-97b8-4bbb-a5a1-001a412d2e59	X	48144628	155952689	54510	0.0082
212388ee-97b8-4bbb-a5a1-001a412d2e59	Y	2782397	56872112	6640	-0.9217
