GDC_Aliquot	Chromosome	Start	End	Num_Probes	Segment_Mean
394cd734-ae51-4870-9af8-549cd810fdb9	1	62920	874393	50	-0.0221
394cd734-ae51-4870-9af8-549cd810fdb9	1	877652	3301765	680	-0.2341
394cd734-ae51-4870-9af8-549cd810fdb9	1	3302046	5886308	1972	-0.0447
394cd734-ae51-4870-9af8-549cd810fdb9	1	5886383	5886890	2	-1.9771
394cd734-ae51-4870-9af8-549cd810fdb9	1	5888617	16542868	5884	-0.0321
394cd734-ae51-4870-9af8-549cd810fdb9	1	16544783	16935393	109	0.3642
394cd734-ae51-4870-9af8-549cd810fdb9	1	16935737	25266637	5222	-0.0251
394cd734-ae51-4870-9af8-549cd810fdb9	1	25269390	25320455	23	0.4906
394cd734-ae51-4870-9af8-549cd810fdb9	1	25336819	72297687	28522	-0.0254
394cd734-ae51-4870-9af8-549cd810fdb9	1	72302735	72345450	47	-1.7499
394cd734-ae51-4870-9af8-549cd810fdb9	1	72345465	73113314	470	-0.0234
394cd734-ae51-4870-9af8-549cd810fdb9	1	73113554	73113572	2	-1.9116
394cd734-ae51-4870-9af8-549cd810fdb9	1	73113959	90090349	11041	-0.0221
394cd734-ae51-4870-9af8-549cd810fdb9	1	90090592	90094125	4	-1.2165
394cd734-ae51-4870-9af8-549cd810fdb9	1	90094154	103616762	8388	-0.0272
394cd734-ae51-4870-9af8-549cd810fdb9	1	103620877	103717410	5	1.8257
394cd734-ae51-4870-9af8-549cd810fdb9	1	103717617	112147704	5492	-0.0205
394cd734-ae51-4870-9af8-549cd810fdb9	1	112153343	112154768	25	-2.2202
394cd734-ae51-4870-9af8-549cd810fdb9	1	112163334	153366548	8238	-0.0317
394cd734-ae51-4870-9af8-549cd810fdb9	1	153368173	153368348	2	-4.2009
394cd734-ae51-4870-9af8-549cd810fdb9	1	153371898	174827418	14224	-0.0171
394cd734-ae51-4870-9af8-549cd810fdb9	1	174827561	174832716	16	-1.2477
394cd734-ae51-4870-9af8-549cd810fdb9	1	174832734	225801413	34000	-0.0303
394cd734-ae51-4870-9af8-549cd810fdb9	1	225802670	225878990	54	-0.3996
394cd734-ae51-4870-9af8-549cd810fdb9	1	225880099	226812278	553	-0.0479
394cd734-ae51-4870-9af8-549cd810fdb9	1	226813131	226819481	5	-1.4883
394cd734-ae51-4870-9af8-549cd810fdb9	1	226825995	236957732	7044	-0.0345
394cd734-ae51-4870-9af8-549cd810fdb9	1	236958211	236969420	12	0.6716
394cd734-ae51-4870-9af8-549cd810fdb9	1	236969573	248930189	8456	-0.035
394cd734-ae51-4870-9af8-549cd810fdb9	2	12784	20346018	15328	0.4637
394cd734-ae51-4870-9af8-549cd810fdb9	2	20349673	34474248	8647	-0.041
394cd734-ae51-4870-9af8-549cd810fdb9	2	34476327	34512096	46	-0.892
394cd734-ae51-4870-9af8-549cd810fdb9	2	34512489	41131912	4858	-0.0228
394cd734-ae51-4870-9af8-549cd810fdb9	2	41131927	41145494	10	-1.0369
394cd734-ae51-4870-9af8-549cd810fdb9	2	41153307	94740434	30895	-0.0282
394cd734-ae51-4870-9af8-549cd810fdb9	2	94745065	95397910	222	0.1883
394cd734-ae51-4870-9af8-549cd810fdb9	2	95403809	106266773	6168	-0.0298
394cd734-ae51-4870-9af8-549cd810fdb9	2	106266875	106268901	7	0.9663
394cd734-ae51-4870-9af8-549cd810fdb9	2	106270799	127084661	12279	-0.0259
394cd734-ae51-4870-9af8-549cd810fdb9	2	127084748	127085913	6	-1.2262
394cd734-ae51-4870-9af8-549cd810fdb9	2	127091296	159099246	19154	-0.0328
394cd734-ae51-4870-9af8-549cd810fdb9	2	159100008	159104461	7	-2.2999
394cd734-ae51-4870-9af8-549cd810fdb9	2	159106775	179548644	12618	-0.0329
394cd734-ae51-4870-9af8-549cd810fdb9	2	179553484	179557410	30	-0.7713
394cd734-ae51-4870-9af8-549cd810fdb9	2	179560916	241546649	38123	-0.0335
394cd734-ae51-4870-9af8-549cd810fdb9	2	241546809	241793671	47	-0.431
394cd734-ae51-4870-9af8-549cd810fdb9	2	241793708	242001132	41	-0.0414
394cd734-ae51-4870-9af8-549cd810fdb9	2	242011715	242016144	5	-0.9935
394cd734-ae51-4870-9af8-549cd810fdb9	2	242016173	242147305	91	-0.0357
394cd734-ae51-4870-9af8-549cd810fdb9	3	20930	21710843	16129	-0.0157
394cd734-ae51-4870-9af8-549cd810fdb9	3	21710974	21711474	2	-2.4454
394cd734-ae51-4870-9af8-549cd810fdb9	3	21713236	60193194	24454	-0.023
394cd734-ae51-4870-9af8-549cd810fdb9	3	60193731	60196416	2	-2.1765
394cd734-ae51-4870-9af8-549cd810fdb9	3	60196671	68697013	6840	-0.008
394cd734-ae51-4870-9af8-549cd810fdb9	3	68697108	68698262	14	-1.7819
394cd734-ae51-4870-9af8-549cd810fdb9	3	68699607	162815162	54663	-0.0256
394cd734-ae51-4870-9af8-549cd810fdb9	3	162816942	162822702	6	-2.1999
394cd734-ae51-4870-9af8-549cd810fdb9	3	162827928	162908207	48	0.4032
394cd734-ae51-4870-9af8-549cd810fdb9	3	162908784	173444687	6258	-0.0112
394cd734-ae51-4870-9af8-549cd810fdb9	3	173445369	173689080	172	0.1584
394cd734-ae51-4870-9af8-549cd810fdb9	3	173689159	175360729	1178	-0.0288
394cd734-ae51-4870-9af8-549cd810fdb9	3	175362803	175363536	7	-0.991
394cd734-ae51-4870-9af8-549cd810fdb9	3	175368999	193156958	11439	-0.0229
394cd734-ae51-4870-9af8-549cd810fdb9	3	193160113	193161217	7	-1.1278
394cd734-ae51-4870-9af8-549cd810fdb9	3	193162684	195934679	1610	-0.0297
394cd734-ae51-4870-9af8-549cd810fdb9	3	195963975	195991894	7	-1.3301
394cd734-ae51-4870-9af8-549cd810fdb9	3	195998433	198169247	1074	-0.0108
394cd734-ae51-4870-9af8-549cd810fdb9	4	68929	10208670	5654	-0.0391
394cd734-ae51-4870-9af8-549cd810fdb9	4	10208766	10233644	37	1.1072
394cd734-ae51-4870-9af8-549cd810fdb9	4	10234518	34777432	16891	-0.0227
394cd734-ae51-4870-9af8-549cd810fdb9	4	34784878	34828306	41	0.5975
394cd734-ae51-4870-9af8-549cd810fdb9	4	34828327	56260821	11860	-0.0177
394cd734-ae51-4870-9af8-549cd810fdb9	4	56260951	56264927	4	-2.0632
394cd734-ae51-4870-9af8-549cd810fdb9	4	56264987	57383692	742	-0.0339
394cd734-ae51-4870-9af8-549cd810fdb9	4	57390209	57391987	4	-6.1343
394cd734-ae51-4870-9af8-549cd810fdb9	4	57392188	59454315	1327	-0.0393
394cd734-ae51-4870-9af8-549cd810fdb9	4	59459231	59464727	5	1.4172
394cd734-ae51-4870-9af8-549cd810fdb9	4	59465817	61071220	1007	-0.0276
394cd734-ae51-4870-9af8-549cd810fdb9	4	61075217	61076234	2	1.4843
394cd734-ae51-4870-9af8-549cd810fdb9	4	61079968	63828222	1495	-0.0218
394cd734-ae51-4870-9af8-549cd810fdb9	4	63831751	63841863	21	-1.271
394cd734-ae51-4870-9af8-549cd810fdb9	4	63841887	63842540	7	-3.1002
394cd734-ae51-4870-9af8-549cd810fdb9	4	63850713	68395346	2842	-0.0389
394cd734-ae51-4870-9af8-549cd810fdb9	4	68416487	68422424	5	-1.3028
394cd734-ae51-4870-9af8-549cd810fdb9	4	68429081	69402980	463	0.0923
394cd734-ae51-4870-9af8-549cd810fdb9	4	69403151	114252544	27161	-0.0295
394cd734-ae51-4870-9af8-549cd810fdb9	4	114254167	114263096	25	-1.5225
394cd734-ae51-4870-9af8-549cd810fdb9	4	114263110	115081229	504	-0.0421
394cd734-ae51-4870-9af8-549cd810fdb9	4	115081295	115081318	2	-2.2367
394cd734-ae51-4870-9af8-549cd810fdb9	4	115082285	171448195	33940	-0.0465
394cd734-ae51-4870-9af8-549cd810fdb9	4	171453733	171456625	12	-1.4827
394cd734-ae51-4870-9af8-549cd810fdb9	4	171459220	172066777	395	-0.0614
394cd734-ae51-4870-9af8-549cd810fdb9	4	172067997	172068382	12	-2.0518
394cd734-ae51-4870-9af8-549cd810fdb9	4	172074828	190106768	11981	-0.0455
394cd734-ae51-4870-9af8-549cd810fdb9	5	15532	685633	304	-0.0948
394cd734-ae51-4870-9af8-549cd810fdb9	5	698256	866255	49	0.5497
394cd734-ae51-4870-9af8-549cd810fdb9	5	866315	1934376	592	-0.1193
394cd734-ae51-4870-9af8-549cd810fdb9	5	1934664	21376735	14611	-0.0235
394cd734-ae51-4870-9af8-549cd810fdb9	5	21377730	21377744	2	1.6689
394cd734-ae51-4870-9af8-549cd810fdb9	5	21385957	25077162	2129	-0.0303
394cd734-ae51-4870-9af8-549cd810fdb9	5	25085528	25378353	153	0.1523
394cd734-ae51-4870-9af8-549cd810fdb9	5	25378853	40976567	10122	-0.0213
394cd734-ae51-4870-9af8-549cd810fdb9	5	40977767	40980705	5	-1.734
394cd734-ae51-4870-9af8-549cd810fdb9	5	40980770	46251204	2507	-0.0154
394cd734-ae51-4870-9af8-549cd810fdb9	5	46270906	46273400	8	1.2706
394cd734-ae51-4870-9af8-549cd810fdb9	5	46278110	58025819	5039	-0.0274
394cd734-ae51-4870-9af8-549cd810fdb9	5	58030200	58037089	28	-0.8333
394cd734-ae51-4870-9af8-549cd810fdb9	5	58037128	99083652	23539	-0.0239
394cd734-ae51-4870-9af8-549cd810fdb9	5	99085170	101967404	1717	0.0489
394cd734-ae51-4870-9af8-549cd810fdb9	5	101967780	181363319	51301	-0.0299
394cd734-ae51-4870-9af8-549cd810fdb9	6	149661	229169	66	-0.0458
394cd734-ae51-4870-9af8-549cd810fdb9	6	229191	229752	3	-3.1508
394cd734-ae51-4870-9af8-549cd810fdb9	6	229765	254283	31	-0.0457
394cd734-ae51-4870-9af8-549cd810fdb9	6	257353	387659	108	-0.5058
394cd734-ae51-4870-9af8-549cd810fdb9	6	389319	32463515	22443	-0.0308
394cd734-ae51-4870-9af8-549cd810fdb9	6	32463775	32656527	61	-0.3824
394cd734-ae51-4870-9af8-549cd810fdb9	6	32656814	32658841	5	-2.2892
394cd734-ae51-4870-9af8-549cd810fdb9	6	32682835	32718419	36	-0.0303
394cd734-ae51-4870-9af8-549cd810fdb9	6	32720838	32721076	3	1.3314
394cd734-ae51-4870-9af8-549cd810fdb9	6	32721547	43801093	6926	-0.0215
394cd734-ae51-4870-9af8-549cd810fdb9	6	43802413	43806031	2	-2.7328
394cd734-ae51-4870-9af8-549cd810fdb9	6	43809962	54066286	6634	-0.0261
394cd734-ae51-4870-9af8-549cd810fdb9	6	54066353	54067057	7	-1.8034
394cd734-ae51-4870-9af8-549cd810fdb9	6	54070550	54980887	595	-0.0199
394cd734-ae51-4870-9af8-549cd810fdb9	6	54983657	54984392	3	-1.4148
394cd734-ae51-4870-9af8-549cd810fdb9	6	54985341	57964134	1406	-0.0344
394cd734-ae51-4870-9af8-549cd810fdb9	6	57964237	61063477	411	0.0975
394cd734-ae51-4870-9af8-549cd810fdb9	6	61064331	65411803	2299	-0.018
394cd734-ae51-4870-9af8-549cd810fdb9	6	65412156	65412175	2	-1.8877
394cd734-ae51-4870-9af8-549cd810fdb9	6	65412219	78252333	8370	-0.0234
394cd734-ae51-4870-9af8-549cd810fdb9	6	78252347	78329517	120	0.317
394cd734-ae51-4870-9af8-549cd810fdb9	6	78331916	170741917	59297	-0.0295
394cd734-ae51-4870-9af8-549cd810fdb9	7	43355	54705	17	0.0152
394cd734-ae51-4870-9af8-549cd810fdb9	7	60654	62643	2	-1.6742
394cd734-ae51-4870-9af8-549cd810fdb9	7	63281	4951266	2630	0.0852
394cd734-ae51-4870-9af8-549cd810fdb9	7	4951342	4966496	7	-0.9277
394cd734-ae51-4870-9af8-549cd810fdb9	7	4968026	5793062	346	0.0936
394cd734-ae51-4870-9af8-549cd810fdb9	7	5799117	5964274	53	-0.2596
394cd734-ae51-4870-9af8-549cd810fdb9	7	5986976	7017623	415	0.0939
394cd734-ae51-4870-9af8-549cd810fdb9	7	7018199	8962958	1748	0.1957
394cd734-ae51-4870-9af8-549cd810fdb9	7	8967266	14777877	4625	0.1492
394cd734-ae51-4870-9af8-549cd810fdb9	7	14777929	14778383	2	-2.1616
394cd734-ae51-4870-9af8-549cd810fdb9	7	14778541	22395161	6125	0.1652
394cd734-ae51-4870-9af8-549cd810fdb9	7	22395853	22396868	2	1.9272
394cd734-ae51-4870-9af8-549cd810fdb9	7	22399135	23959485	1043	0.1512
394cd734-ae51-4870-9af8-549cd810fdb9	7	23964578	23967533	2	-2.2946
394cd734-ae51-4870-9af8-549cd810fdb9	7	23967676	38251113	10196	0.1439
394cd734-ae51-4870-9af8-549cd810fdb9	7	38254500	38342370	116	0.4368
394cd734-ae51-4870-9af8-549cd810fdb9	7	38345240	50836559	8380	0.1428
394cd734-ae51-4870-9af8-549cd810fdb9	7	50839055	54318816	2569	0.2169
394cd734-ae51-4870-9af8-549cd810fdb9	7	54318817	54318824	4	-2.1042
394cd734-ae51-4870-9af8-549cd810fdb9	7	54325795	55474560	999	0.2172
394cd734-ae51-4870-9af8-549cd810fdb9	7	55475197	55477031	2	-1.6606
394cd734-ae51-4870-9af8-549cd810fdb9	7	55477649	57117180	624	0.2094
394cd734-ae51-4870-9af8-549cd810fdb9	7	57117950	86600286	13114	0.4728
394cd734-ae51-4870-9af8-549cd810fdb9	7	86604868	86615738	10	-0.8614
394cd734-ae51-4870-9af8-549cd810fdb9	7	86622960	88566274	1089	0.4679
394cd734-ae51-4870-9af8-549cd810fdb9	7	88566450	90139872	1062	0.572
394cd734-ae51-4870-9af8-549cd810fdb9	7	90146435	91728554	1111	0.4807
394cd734-ae51-4870-9af8-549cd810fdb9	7	91728979	91729225	3	-1.135
394cd734-ae51-4870-9af8-549cd810fdb9	7	91729456	97766148	3734	0.4831
394cd734-ae51-4870-9af8-549cd810fdb9	7	97766150	97773163	15	-1.6738
394cd734-ae51-4870-9af8-549cd810fdb9	7	97774928	109801155	6601	0.4857
394cd734-ae51-4870-9af8-549cd810fdb9	7	109801187	109813925	12	1.238
394cd734-ae51-4870-9af8-549cd810fdb9	7	109814172	111190904	911	0.4872
394cd734-ae51-4870-9af8-549cd810fdb9	7	111191112	111420729	174	0.6438
394cd734-ae51-4870-9af8-549cd810fdb9	7	111425236	111426603	6	-0.8156
394cd734-ae51-4870-9af8-549cd810fdb9	7	111429358	154598185	26413	0.491
394cd734-ae51-4870-9af8-549cd810fdb9	7	154601461	154607903	4	-2.3098
394cd734-ae51-4870-9af8-549cd810fdb9	7	154609120	155671335	912	0.4838
394cd734-ae51-4870-9af8-549cd810fdb9	7	155673169	155674244	2	2.3236
394cd734-ae51-4870-9af8-549cd810fdb9	7	155676942	159334314	2307	0.4927
394cd734-ae51-4870-9af8-549cd810fdb9	8	81254	643041	317	-0.0058
394cd734-ae51-4870-9af8-549cd810fdb9	8	644944	645908	10	-1.9108
394cd734-ae51-4870-9af8-549cd810fdb9	8	656117	8196822	7408	-0.0028
394cd734-ae51-4870-9af8-549cd810fdb9	8	8197738	8214781	3	-2.0285
394cd734-ae51-4870-9af8-549cd810fdb9	8	8234503	12143614	3187	-0.0325
394cd734-ae51-4870-9af8-549cd810fdb9	8	12176798	12454103	34	0.37
394cd734-ae51-4870-9af8-549cd810fdb9	8	12470324	25116928	10346	-0.0103
394cd734-ae51-4870-9af8-549cd810fdb9	8	25116961	25126818	26	-0.5094
394cd734-ae51-4870-9af8-549cd810fdb9	8	25133589	39354980	8935	-0.0127
394cd734-ae51-4870-9af8-549cd810fdb9	8	39356427	39531496	73	0.5006
394cd734-ae51-4870-9af8-549cd810fdb9	8	39531510	111282237	41762	-0.0149
394cd734-ae51-4870-9af8-549cd810fdb9	8	111282417	111283016	6	-2.3783
394cd734-ae51-4870-9af8-549cd810fdb9	8	111283031	111314074	15	-0.1187
394cd734-ae51-4870-9af8-549cd810fdb9	8	111319561	111352550	20	0.544
394cd734-ae51-4870-9af8-549cd810fdb9	8	111357724	140737899	20795	-0.0059
394cd734-ae51-4870-9af8-549cd810fdb9	8	140739572	140973828	107	0.1824
394cd734-ae51-4870-9af8-549cd810fdb9	8	140974331	141216984	192	-0.0635
394cd734-ae51-4870-9af8-549cd810fdb9	8	141217755	142140841	563	-0.1593
394cd734-ae51-4870-9af8-549cd810fdb9	8	142143283	142144522	2	-3.3161
394cd734-ae51-4870-9af8-549cd810fdb9	8	142152210	145072769	1061	-0.0788
394cd734-ae51-4870-9af8-549cd810fdb9	9	46587	5078443	5208	-0.0379
394cd734-ae51-4870-9af8-549cd810fdb9	9	5079156	5081766	9	-0.9641
394cd734-ae51-4870-9af8-549cd810fdb9	9	5081852	8143829	2575	-0.0275
394cd734-ae51-4870-9af8-549cd810fdb9	9	8144163	8147857	3	-1.8844
394cd734-ae51-4870-9af8-549cd810fdb9	9	8148244	8959760	732	-0.045
394cd734-ae51-4870-9af8-549cd810fdb9	9	8962417	12634038	3151	0.0189
394cd734-ae51-4870-9af8-549cd810fdb9	9	12634682	24500842	9393	-0.0359
394cd734-ae51-4870-9af8-549cd810fdb9	9	24503818	24517684	20	-0.8958
394cd734-ae51-4870-9af8-549cd810fdb9	9	24519686	29091099	3496	-0.0096
394cd734-ae51-4870-9af8-549cd810fdb9	9	29094551	29097682	3	-3.0855
394cd734-ae51-4870-9af8-549cd810fdb9	9	29101434	33007261	2757	-0.0192
394cd734-ae51-4870-9af8-549cd810fdb9	9	33007469	33007570	2	1.6616
394cd734-ae51-4870-9af8-549cd810fdb9	9	33008115	39807498	3606	-0.028
394cd734-ae51-4870-9af8-549cd810fdb9	9	39827488	40099921	6	-1.4478
394cd734-ae51-4870-9af8-549cd810fdb9	9	40189830	62527527	235	-0.3459
394cd734-ae51-4870-9af8-549cd810fdb9	9	62862781	64467459	74	-0.0011
394cd734-ae51-4870-9af8-549cd810fdb9	9	64480563	66084268	43	-0.5179
394cd734-ae51-4870-9af8-549cd810fdb9	9	66103744	68388042	45	-0.1338
394cd734-ae51-4870-9af8-549cd810fdb9	9	68390662	135120224	46332	-0.026
394cd734-ae51-4870-9af8-549cd810fdb9	9	135120566	138200944	1239	-0.1068
394cd734-ae51-4870-9af8-549cd810fdb9	10	45792	46489651	31440	-0.0151
394cd734-ae51-4870-9af8-549cd810fdb9	10	46514459	46792344	53	-0.6168
394cd734-ae51-4870-9af8-549cd810fdb9	10	46804606	65546518	12604	-0.0242
394cd734-ae51-4870-9af8-549cd810fdb9	10	65548165	65554688	28	-2.1348
394cd734-ae51-4870-9af8-549cd810fdb9	10	65563037	130765666	44146	-0.0309
394cd734-ae51-4870-9af8-549cd810fdb9	10	130767970	130771558	3	-2.2395
394cd734-ae51-4870-9af8-549cd810fdb9	10	130771908	131698817	802	-0.0798
394cd734-ae51-4870-9af8-549cd810fdb9	10	131699949	131700596	2	-2.0319
394cd734-ae51-4870-9af8-549cd810fdb9	10	131701781	133654968	931	-0.0734
394cd734-ae51-4870-9af8-549cd810fdb9	11	198510	1623210	478	-0.0714
394cd734-ae51-4870-9af8-549cd810fdb9	11	1623675	1628817	7	-1.2625
394cd734-ae51-4870-9af8-549cd810fdb9	11	1629309	4946166	1916	-0.0394
394cd734-ae51-4870-9af8-549cd810fdb9	11	4946420	4955042	31	0.682
394cd734-ae51-4870-9af8-549cd810fdb9	11	4955781	5762693	776	-0.0267
394cd734-ae51-4870-9af8-549cd810fdb9	11	5766175	5788108	34	-0.6686
394cd734-ae51-4870-9af8-549cd810fdb9	11	5788231	16604164	7807	-0.0291
394cd734-ae51-4870-9af8-549cd810fdb9	11	16615776	16616495	6	-1.4014
394cd734-ae51-4870-9af8-549cd810fdb9	11	16624541	18919323	1518	-0.0227
394cd734-ae51-4870-9af8-549cd810fdb9	11	18927525	18950075	53	0.475
394cd734-ae51-4870-9af8-549cd810fdb9	11	18950147	49717812	20876	-0.0257
394cd734-ae51-4870-9af8-549cd810fdb9	11	49718263	59045837	2856	0.0049
394cd734-ae51-4870-9af8-549cd810fdb9	11	59047654	59086292	19	0.633
394cd734-ae51-4870-9af8-549cd810fdb9	11	59087546	62364604	1892	0.0429
394cd734-ae51-4870-9af8-549cd810fdb9	11	62372597	62374656	2	-1.2457
394cd734-ae51-4870-9af8-549cd810fdb9	11	62376380	64825436	1112	0.0404
394cd734-ae51-4870-9af8-549cd810fdb9	11	64828200	65968596	440	-0.0994
394cd734-ae51-4870-9af8-549cd810fdb9	11	65970212	89815724	14191	0.0333
394cd734-ae51-4870-9af8-549cd810fdb9	11	89817056	89847184	3	-1.6307
394cd734-ae51-4870-9af8-549cd810fdb9	11	89878176	92089777	1410	0.0174
394cd734-ae51-4870-9af8-549cd810fdb9	11	92090484	92090489	6	-3.1608
394cd734-ae51-4870-9af8-549cd810fdb9	11	92090831	95452936	2403	0.0381
394cd734-ae51-4870-9af8-549cd810fdb9	11	95453143	95453749	2	-1.848
394cd734-ae51-4870-9af8-549cd810fdb9	11	95455006	133943731	27522	0.0387
394cd734-ae51-4870-9af8-549cd810fdb9	11	133944296	135074876	839	-0.0621
394cd734-ae51-4870-9af8-549cd810fdb9	12	51460	558444	288	-0.0683
394cd734-ae51-4870-9af8-549cd810fdb9	12	559050	756570	119	-0.2739
394cd734-ae51-4870-9af8-549cd810fdb9	12	756804	9477960	5704	-0.0342
394cd734-ae51-4870-9af8-549cd810fdb9	12	9481274	9575696	24	1.0366
394cd734-ae51-4870-9af8-549cd810fdb9	12	9582373	10427861	630	-0.0242
394cd734-ae51-4870-9af8-549cd810fdb9	12	10430768	10434196	2	-3.5736
394cd734-ae51-4870-9af8-549cd810fdb9	12	10434721	27941830	12041	-0.0278
394cd734-ae51-4870-9af8-549cd810fdb9	12	27941988	27944711	12	-3.0821
394cd734-ae51-4870-9af8-549cd810fdb9	12	27950527	33232895	3859	-0.0359
394cd734-ae51-4870-9af8-549cd810fdb9	12	33233822	33242483	6	-1.9233
394cd734-ae51-4870-9af8-549cd810fdb9	12	33246118	70478078	20598	-0.0303
394cd734-ae51-4870-9af8-549cd810fdb9	12	70478895	70484247	9	-0.9278
394cd734-ae51-4870-9af8-549cd810fdb9	12	70485605	99398036	18407	-0.0259
394cd734-ae51-4870-9af8-549cd810fdb9	12	99401515	99402073	6	-1.1901
394cd734-ae51-4870-9af8-549cd810fdb9	12	99402408	99404956	25	-0.5085
394cd734-ae51-4870-9af8-549cd810fdb9	12	99409315	115636957	10729	-0.0316
394cd734-ae51-4870-9af8-549cd810fdb9	12	115637205	130079377	9975	0.0633
394cd734-ae51-4870-9af8-549cd810fdb9	12	130081176	130145266	61	-0.0565
394cd734-ae51-4870-9af8-549cd810fdb9	12	130150318	130150376	2	-2.2159
394cd734-ae51-4870-9af8-549cd810fdb9	12	130150915	132067638	1406	-0.004
394cd734-ae51-4870-9af8-549cd810fdb9	12	132067949	133201603	372	-0.3008
394cd734-ae51-4870-9af8-549cd810fdb9	13	18452809	23055048	2833	-0.0388
394cd734-ae51-4870-9af8-549cd810fdb9	13	23055071	23059376	13	-2.5115
394cd734-ae51-4870-9af8-549cd810fdb9	13	23064056	37496998	10518	-0.0354
394cd734-ae51-4870-9af8-549cd810fdb9	13	37497899	37514193	17	-0.6168
394cd734-ae51-4870-9af8-549cd810fdb9	13	37514237	72150592	21632	-0.0223
394cd734-ae51-4870-9af8-549cd810fdb9	13	72155338	72155635	2	-2.3094
394cd734-ae51-4870-9af8-549cd810fdb9	13	72156751	114342922	28687	-0.0302
394cd734-ae51-4870-9af8-549cd810fdb9	14	18239283	19732024	65	-0.1449
394cd734-ae51-4870-9af8-549cd810fdb9	14	19732222	19952080	100	0.2612
394cd734-ae51-4870-9af8-549cd810fdb9	14	19954424	20884940	709	-0.0183
394cd734-ae51-4870-9af8-549cd810fdb9	14	20888097	20941822	22	0.688
394cd734-ae51-4870-9af8-549cd810fdb9	14	20945196	21900671	563	-0.0308
394cd734-ae51-4870-9af8-549cd810fdb9	14	21900722	22519593	565	0.2015
394cd734-ae51-4870-9af8-549cd810fdb9	14	22524749	35025509	7878	-0.0263
394cd734-ae51-4870-9af8-549cd810fdb9	14	35030113	35040568	7	-1.1593
394cd734-ae51-4870-9af8-549cd810fdb9	14	35041591	35133873	29	-0.1305
394cd734-ae51-4870-9af8-549cd810fdb9	14	35135136	35142319	3	-0.99
394cd734-ae51-4870-9af8-549cd810fdb9	14	35148035	37766666	1642	-0.0313
394cd734-ae51-4870-9af8-549cd810fdb9	14	37774010	37794086	11	-0.9688
394cd734-ae51-4870-9af8-549cd810fdb9	14	37794403	41138431	2076	-0.0141
394cd734-ae51-4870-9af8-549cd810fdb9	14	41139155	41188146	16	-0.6662
394cd734-ae51-4870-9af8-549cd810fdb9	14	41200899	73534419	20311	-0.0242
394cd734-ae51-4870-9af8-549cd810fdb9	14	73540003	73554275	8	0.8519
394cd734-ae51-4870-9af8-549cd810fdb9	14	73563196	90659483	11197	-0.0248
394cd734-ae51-4870-9af8-549cd810fdb9	14	90660588	90661166	2	-2.3618
394cd734-ae51-4870-9af8-549cd810fdb9	14	90661777	106877229	9800	-0.0374
394cd734-ae51-4870-9af8-549cd810fdb9	15	19811075	20060725	52	0.0597
394cd734-ae51-4870-9af8-549cd810fdb9	15	20062609	21975606	124	-0.3909
394cd734-ae51-4870-9af8-549cd810fdb9	15	21997003	22395047	32	-1.039
394cd734-ae51-4870-9af8-549cd810fdb9	15	22413894	24422282	986	-0.0487
394cd734-ae51-4870-9af8-549cd810fdb9	15	24424509	24480146	37	-0.6233
394cd734-ae51-4870-9af8-549cd810fdb9	15	24482084	28845550	2779	-0.0346
394cd734-ae51-4870-9af8-549cd810fdb9	15	28851606	28919623	3	-1.5162
394cd734-ae51-4870-9af8-549cd810fdb9	15	28920385	30215235	805	-0.0581
394cd734-ae51-4870-9af8-549cd810fdb9	15	30230885	30259942	6	1.1466
394cd734-ae51-4870-9af8-549cd810fdb9	15	30269364	32179735	1058	-0.0253
394cd734-ae51-4870-9af8-549cd810fdb9	15	32212063	32339520	18	-0.9535
394cd734-ae51-4870-9af8-549cd810fdb9	15	32355957	92613160	38342	-0.0257
394cd734-ae51-4870-9af8-549cd810fdb9	15	92613580	92613629	2	-2.2288
394cd734-ae51-4870-9af8-549cd810fdb9	15	92614289	101928837	6952	-0.0412
394cd734-ae51-4870-9af8-549cd810fdb9	16	10777	55762682	26733	-0.0427
394cd734-ae51-4870-9af8-549cd810fdb9	16	55764310	55764867	3	2.6734
394cd734-ae51-4870-9af8-549cd810fdb9	16	55770436	84161703	20596	-0.0338
394cd734-ae51-4870-9af8-549cd810fdb9	16	84166011	84170124	3	-4.2485
394cd734-ae51-4870-9af8-549cd810fdb9	16	84171165	84885321	682	-0.1625
394cd734-ae51-4870-9af8-549cd810fdb9	16	84885696	88542918	2767	-0.0534
394cd734-ae51-4870-9af8-549cd810fdb9	16	88545605	90096867	661	-0.1832
394cd734-ae51-4870-9af8-549cd810fdb9	17	150733	41265456	20673	-0.034
394cd734-ae51-4870-9af8-549cd810fdb9	17	41266762	41274198	23	-0.8592
394cd734-ae51-4870-9af8-549cd810fdb9	17	41274279	43967574	1467	-0.0366
394cd734-ae51-4870-9af8-549cd810fdb9	17	43967844	43974619	2	-2.6689
394cd734-ae51-4870-9af8-549cd810fdb9	17	43974721	46136346	1050	-0.044
394cd734-ae51-4870-9af8-549cd810fdb9	17	46136800	46286804	88	-0.2972
394cd734-ae51-4870-9af8-549cd810fdb9	17	46323701	72776704	15913	-0.0271
394cd734-ae51-4870-9af8-549cd810fdb9	17	72776752	72787618	9	-2.0366
394cd734-ae51-4870-9af8-549cd810fdb9	17	72788566	74015441	894	-0.049
394cd734-ae51-4870-9af8-549cd810fdb9	17	74015668	74666932	421	-0.2026
394cd734-ae51-4870-9af8-549cd810fdb9	17	74667428	78634683	2082	-0.0571
394cd734-ae51-4870-9af8-549cd810fdb9	17	78637503	78648485	7	-1.1757
394cd734-ae51-4870-9af8-549cd810fdb9	17	78652444	83091923	2070	-0.0676
394cd734-ae51-4870-9af8-549cd810fdb9	18	48133	45565696	25865	-0.0309
394cd734-ae51-4870-9af8-549cd810fdb9	18	45565992	45570181	7	-2.1327
394cd734-ae51-4870-9af8-549cd810fdb9	18	45570924	66239629	14306	-0.02
394cd734-ae51-4870-9af8-549cd810fdb9	18	66240197	66244639	11	-0.8372
394cd734-ae51-4870-9af8-549cd810fdb9	18	66244905	71316644	3606	-0.0124
394cd734-ae51-4870-9af8-549cd810fdb9	18	71316921	73506509	1709	0.0442
394cd734-ae51-4870-9af8-549cd810fdb9	18	73507272	80257174	4887	-0.042
394cd734-ae51-4870-9af8-549cd810fdb9	19	90910	15673342	6534	-0.0549
394cd734-ae51-4870-9af8-549cd810fdb9	19	15679275	15680807	2	-5.5123
394cd734-ae51-4870-9af8-549cd810fdb9	19	15680854	21638929	2996	-0.0254
394cd734-ae51-4870-9af8-549cd810fdb9	19	21639520	21649919	3	-1.8576
394cd734-ae51-4870-9af8-549cd810fdb9	19	21652931	43193181	10915	-0.023
394cd734-ae51-4870-9af8-549cd810fdb9	19	43198881	43252085	22	-0.8015
394cd734-ae51-4870-9af8-549cd810fdb9	19	43262507	48892127	2799	-0.0348
394cd734-ae51-4870-9af8-549cd810fdb9	19	48897518	48927291	15	-0.613
394cd734-ae51-4870-9af8-549cd810fdb9	19	48930852	51628560	1304	-0.0372
394cd734-ae51-4870-9af8-549cd810fdb9	19	51639099	51644944	11	-0.9311
394cd734-ae51-4870-9af8-549cd810fdb9	19	51651652	58361857	4199	-0.0367
394cd734-ae51-4870-9af8-549cd810fdb9	19	58366078	58586487	101	-0.3356
394cd734-ae51-4870-9af8-549cd810fdb9	20	80664	1580353	1194	-0.0667
394cd734-ae51-4870-9af8-549cd810fdb9	20	1580934	1613247	40	2.2087
394cd734-ae51-4870-9af8-549cd810fdb9	20	1617300	63588295	40489	-0.0321
394cd734-ae51-4870-9af8-549cd810fdb9	20	63588484	64260467	287	-0.2143
394cd734-ae51-4870-9af8-549cd810fdb9	20	64261403	64324800	26	0.0335
394cd734-ae51-4870-9af8-549cd810fdb9	21	10354168	13177644	113	0.2906
394cd734-ae51-4870-9af8-549cd810fdb9	21	13189617	13582956	154	0.0212
394cd734-ae51-4870-9af8-549cd810fdb9	21	13583316	13677975	5	1.1882
394cd734-ae51-4870-9af8-549cd810fdb9	21	13803967	23136132	6646	-0.0186
394cd734-ae51-4870-9af8-549cd810fdb9	21	23136197	23238213	77	0.2327
394cd734-ae51-4870-9af8-549cd810fdb9	21	23238556	27088297	2982	-0.0283
394cd734-ae51-4870-9af8-549cd810fdb9	21	27088439	27094758	8	-1.127
394cd734-ae51-4870-9af8-549cd810fdb9	21	27095654	28388572	937	-0.0344
394cd734-ae51-4870-9af8-549cd810fdb9	21	28388765	28388790	2	-2.0879
394cd734-ae51-4870-9af8-549cd810fdb9	21	28388854	39862592	8343	-0.0254
394cd734-ae51-4870-9af8-549cd810fdb9	21	39863694	39863737	2	-2.2014
394cd734-ae51-4870-9af8-549cd810fdb9	21	39863769	46677045	4426	-0.0479
394cd734-ae51-4870-9af8-549cd810fdb9	22	15294547	16594463	80	-0.1164
394cd734-ae51-4870-9af8-549cd810fdb9	22	16599717	19059507	1127	-0.0258
394cd734-ae51-4870-9af8-549cd810fdb9	22	19059694	20093429	689	-0.1339
394cd734-ae51-4870-9af8-549cd810fdb9	22	20102515	20105473	2	-3.5356
394cd734-ae51-4870-9af8-549cd810fdb9	22	20107813	20621700	286	-0.1464
394cd734-ae51-4870-9af8-549cd810fdb9	22	20622790	20626070	8	-1.2101
394cd734-ae51-4870-9af8-549cd810fdb9	22	20626921	21744398	599	-0.1524
394cd734-ae51-4870-9af8-549cd810fdb9	22	21747003	22154322	403	-0.0201
394cd734-ae51-4870-9af8-549cd810fdb9	22	22154363	25805205	2500	-0.0771
394cd734-ae51-4870-9af8-549cd810fdb9	22	25806957	38894915	9390	-0.0224
394cd734-ae51-4870-9af8-549cd810fdb9	22	38899250	38900899	3	-4.0409
394cd734-ae51-4870-9af8-549cd810fdb9	22	38903109	38954034	35	-0.1441
394cd734-ae51-4870-9af8-549cd810fdb9	22	38954217	38979302	26	-1.0699
394cd734-ae51-4870-9af8-549cd810fdb9	22	38993700	39028509	19	-0.3038
394cd734-ae51-4870-9af8-549cd810fdb9	22	39034450	48934328	6744	-0.0369
394cd734-ae51-4870-9af8-549cd810fdb9	22	48934911	50796027	1183	-0.1925
394cd734-ae51-4870-9af8-549cd810fdb9	X	251810	3760275	798	-0.1336
394cd734-ae51-4870-9af8-549cd810fdb9	X	3760371	54739731	30711	-0.0132
394cd734-ae51-4870-9af8-549cd810fdb9	X	54740520	54751232	5	-0.4727
394cd734-ae51-4870-9af8-549cd810fdb9	X	54751858	85111916	11985	0.0174
394cd734-ae51-4870-9af8-549cd810fdb9	X	85113149	85113253	2	-1.7061
394cd734-ae51-4870-9af8-549cd810fdb9	X	85115498	86652629	1026	0.0217
394cd734-ae51-4870-9af8-549cd810fdb9	X	86652777	86657477	2	-2.1417
394cd734-ae51-4870-9af8-549cd810fdb9	X	86657655	91712745	2518	0.0269
394cd734-ae51-4870-9af8-549cd810fdb9	X	91715507	91716772	7	-0.8192
394cd734-ae51-4870-9af8-549cd810fdb9	X	91716890	115720965	12753	0.0161
394cd734-ae51-4870-9af8-549cd810fdb9	X	115891389	116684562	502	0.3325
394cd734-ae51-4870-9af8-549cd810fdb9	X	116687198	152674889	21610	-0.001
394cd734-ae51-4870-9af8-549cd810fdb9	X	152701467	153152154	264	-0.1489
394cd734-ae51-4870-9af8-549cd810fdb9	X	153152197	154334428	521	-0.0409
394cd734-ae51-4870-9af8-549cd810fdb9	X	154347478	154395856	50	-0.3904
394cd734-ae51-4870-9af8-549cd810fdb9	X	154396235	155952689	533	-0.0004
394cd734-ae51-4870-9af8-549cd810fdb9	Y	2782397	6233384	783	-2.9441
394cd734-ae51-4870-9af8-549cd810fdb9	Y	6249869	8632342	1177	-3.5142
394cd734-ae51-4870-9af8-549cd810fdb9	Y	8632861	8654875	10	-6.1439
394cd734-ae51-4870-9af8-549cd810fdb9	Y	8655973	9330531	256	-3.7241
394cd734-ae51-4870-9af8-549cd810fdb9	Y	9332936	9550385	21	-5.5427
394cd734-ae51-4870-9af8-549cd810fdb9	Y	9550653	26318617	4227	-3.4228
394cd734-ae51-4870-9af8-549cd810fdb9	Y	26322621	56872112	163	-3.094
