Sample	Chromosome	Start	End	Num_Probes	Segment_Mean
DADOS_p_TCGAb3_85_86_87_88_NSP_GenomeWideSNP_6_F09_1464656	1	3218610	53489132	26243	0.0027
DADOS_p_TCGAb3_85_86_87_88_NSP_GenomeWideSNP_6_F09_1464656	1	53489267	53498325	14	-0.4258
DADOS_p_TCGAb3_85_86_87_88_NSP_GenomeWideSNP_6_F09_1464656	1	53498435	113350929	37122	-0.0026
DADOS_p_TCGAb3_85_86_87_88_NSP_GenomeWideSNP_6_F09_1464656	1	113351374	113351401	2	-1.6954
DADOS_p_TCGAb3_85_86_87_88_NSP_GenomeWideSNP_6_F09_1464656	1	113352184	208479296	40280	-0.0015
DADOS_p_TCGAb3_85_86_87_88_NSP_GenomeWideSNP_6_F09_1464656	1	208481228	208481710	6	-0.794
DADOS_p_TCGAb3_85_86_87_88_NSP_GenomeWideSNP_6_F09_1464656	1	208484111	209269627	624	0.021
DADOS_p_TCGAb3_85_86_87_88_NSP_GenomeWideSNP_6_F09_1464656	1	209269714	209273268	4	-1.1086
DADOS_p_TCGAb3_85_86_87_88_NSP_GenomeWideSNP_6_F09_1464656	1	209273939	247813706	24850	-0.0019
DADOS_p_TCGAb3_85_86_87_88_NSP_GenomeWideSNP_6_F09_1464656	2	484222	242476062	131295	0.0222
DADOS_p_TCGAb3_85_86_87_88_NSP_GenomeWideSNP_6_F09_1464656	3	2212571	64830355	36327	-0.4333
DADOS_p_TCGAb3_85_86_87_88_NSP_GenomeWideSNP_6_F09_1464656	3	64831235	65501338	591	0.0076
DADOS_p_TCGAb3_85_86_87_88_NSP_GenomeWideSNP_6_F09_1464656	3	65501379	67267697	1123	-0.4227
DADOS_p_TCGAb3_85_86_87_88_NSP_GenomeWideSNP_6_F09_1464656	3	67270120	67270770	2	-1.8759
DADOS_p_TCGAb3_85_86_87_88_NSP_GenomeWideSNP_6_F09_1464656	3	67271029	67727678	344	-0.4317
DADOS_p_TCGAb3_85_86_87_88_NSP_GenomeWideSNP_6_F09_1464656	3	67745448	68445579	394	-7e-04
DADOS_p_TCGAb3_85_86_87_88_NSP_GenomeWideSNP_6_F09_1464656	3	68451221	70490487	1538	-0.429
DADOS_p_TCGAb3_85_86_87_88_NSP_GenomeWideSNP_6_F09_1464656	3	70510770	71249961	480	-0.0043
DADOS_p_TCGAb3_85_86_87_88_NSP_GenomeWideSNP_6_F09_1464656	3	71250135	71624920	221	-0.4374
DADOS_p_TCGAb3_85_86_87_88_NSP_GenomeWideSNP_6_F09_1464656	3	71626123	73461096	1342	-8e-04
DADOS_p_TCGAb3_85_86_87_88_NSP_GenomeWideSNP_6_F09_1464656	3	73461819	73507103	44	-0.4402
DADOS_p_TCGAb3_85_86_87_88_NSP_GenomeWideSNP_6_F09_1464656	3	73509054	197538677	63956	0.0052
DADOS_p_TCGAb3_85_86_87_88_NSP_GenomeWideSNP_6_F09_1464656	4	1053934	88194170	48235	0.0231
DADOS_p_TCGAb3_85_86_87_88_NSP_GenomeWideSNP_6_F09_1464656	4	88194203	88224918	21	-0.9935
DADOS_p_TCGAb3_85_86_87_88_NSP_GenomeWideSNP_6_F09_1464656	4	88228412	144718776	31133	0.0218
DADOS_p_TCGAb3_85_86_87_88_NSP_GenomeWideSNP_6_F09_1464656	4	144718807	144719168	4	-1.0576
DADOS_p_TCGAb3_85_86_87_88_NSP_GenomeWideSNP_6_F09_1464656	4	144719257	161780769	9485	0.0224
DADOS_p_TCGAb3_85_86_87_88_NSP_GenomeWideSNP_6_F09_1464656	4	161783180	161783512	4	-0.83
DADOS_p_TCGAb3_85_86_87_88_NSP_GenomeWideSNP_6_F09_1464656	4	161783530	163954025	1198	0.0126
DADOS_p_TCGAb3_85_86_87_88_NSP_GenomeWideSNP_6_F09_1464656	4	163954461	163961335	12	-0.6391
DADOS_p_TCGAb3_85_86_87_88_NSP_GenomeWideSNP_6_F09_1464656	4	163961541	188763651	12650	0.0238
DADOS_p_TCGAb3_85_86_87_88_NSP_GenomeWideSNP_6_F09_1464656	5	914233	148689959	80894	0.0269
DADOS_p_TCGAb3_85_86_87_88_NSP_GenomeWideSNP_6_F09_1464656	5	148690916	149675657	672	0.3515
DADOS_p_TCGAb3_85_86_87_88_NSP_GenomeWideSNP_6_F09_1464656	5	149683842	153747569	2699	0.0187
DADOS_p_TCGAb3_85_86_87_88_NSP_GenomeWideSNP_6_F09_1464656	5	153750917	154601747	500	0.3508
DADOS_p_TCGAb3_85_86_87_88_NSP_GenomeWideSNP_6_F09_1464656	5	154607051	156391005	1126	0.0297
DADOS_p_TCGAb3_85_86_87_88_NSP_GenomeWideSNP_6_F09_1464656	5	156391810	172648890	10525	0.3474
DADOS_p_TCGAb3_85_86_87_88_NSP_GenomeWideSNP_6_F09_1464656	5	172656593	172657732	2	1.7362
DADOS_p_TCGAb3_85_86_87_88_NSP_GenomeWideSNP_6_F09_1464656	5	172662466	180360469	4087	0.3465
DADOS_p_TCGAb3_85_86_87_88_NSP_GenomeWideSNP_6_F09_1464656	6	1014281	14491699	9667	0.0266
DADOS_p_TCGAb3_85_86_87_88_NSP_GenomeWideSNP_6_F09_1464656	6	14498023	14499329	2	-1.6302
DADOS_p_TCGAb3_85_86_87_88_NSP_GenomeWideSNP_6_F09_1464656	6	14499626	38389698	12633	0.0263
DADOS_p_TCGAb3_85_86_87_88_NSP_GenomeWideSNP_6_F09_1464656	6	38391806	38402621	5	-0.8232
DADOS_p_TCGAb3_85_86_87_88_NSP_GenomeWideSNP_6_F09_1464656	6	38404801	142620405	57202	0.0243
DADOS_p_TCGAb3_85_86_87_88_NSP_GenomeWideSNP_6_F09_1464656	6	142621947	142622159	2	-2.4107
DADOS_p_TCGAb3_85_86_87_88_NSP_GenomeWideSNP_6_F09_1464656	6	142624580	170903919	16980	0.0251
DADOS_p_TCGAb3_85_86_87_88_NSP_GenomeWideSNP_6_F09_1464656	7	705284	158385118	81336	0.0221
DADOS_p_TCGAb3_85_86_87_88_NSP_GenomeWideSNP_6_F09_1464656	8	617667	20930341	11500	0.0215
DADOS_p_TCGAb3_85_86_87_88_NSP_GenomeWideSNP_6_F09_1464656	8	20930971	20934331	2	-2.2545
DADOS_p_TCGAb3_85_86_87_88_NSP_GenomeWideSNP_6_F09_1464656	8	20934631	21387770	442	0.0321
DADOS_p_TCGAb3_85_86_87_88_NSP_GenomeWideSNP_6_F09_1464656	8	21392400	21406200	11	-0.8971
DADOS_p_TCGAb3_85_86_87_88_NSP_GenomeWideSNP_6_F09_1464656	8	21408205	145232496	69593	0.0215
DADOS_p_TCGAb3_85_86_87_88_NSP_GenomeWideSNP_6_F09_1464656	9	789932	10171341	5670	-2e-04
DADOS_p_TCGAb3_85_86_87_88_NSP_GenomeWideSNP_6_F09_1464656	9	10176726	10217105	37	0.4998
DADOS_p_TCGAb3_85_86_87_88_NSP_GenomeWideSNP_6_F09_1464656	9	10347222	32831281	14039	4e-04
DADOS_p_TCGAb3_85_86_87_88_NSP_GenomeWideSNP_6_F09_1464656	9	32832076	32832526	4	-0.9637
DADOS_p_TCGAb3_85_86_87_88_NSP_GenomeWideSNP_6_F09_1464656	9	32834706	140938752	48283	-2e-04
DADOS_p_TCGAb3_85_86_87_88_NSP_GenomeWideSNP_6_F09_1464656	10	415240	44230901	26913	-0.0053
DADOS_p_TCGAb3_85_86_87_88_NSP_GenomeWideSNP_6_F09_1464656	10	44231004	44231027	2	-1.5247
DADOS_p_TCGAb3_85_86_87_88_NSP_GenomeWideSNP_6_F09_1464656	10	44231342	135225087	53956	-0.0852
DADOS_p_TCGAb3_85_86_87_88_NSP_GenomeWideSNP_6_F09_1464656	11	456120	134142530	77243	-0.0033
DADOS_p_TCGAb3_85_86_87_88_NSP_GenomeWideSNP_6_F09_1464656	12	889902	18145568	9782	0.0194
DADOS_p_TCGAb3_85_86_87_88_NSP_GenomeWideSNP_6_F09_1464656	12	18146047	18239497	47	0.5581
DADOS_p_TCGAb3_85_86_87_88_NSP_GenomeWideSNP_6_F09_1464656	12	18242723	45420372	13127	0.0217
DADOS_p_TCGAb3_85_86_87_88_NSP_GenomeWideSNP_6_F09_1464656	12	45421092	45421524	2	-1.317
DADOS_p_TCGAb3_85_86_87_88_NSP_GenomeWideSNP_6_F09_1464656	12	45422236	108861534	38299	0.0221
DADOS_p_TCGAb3_85_86_87_88_NSP_GenomeWideSNP_6_F09_1464656	12	108863994	108864919	2	-1.9582
DADOS_p_TCGAb3_85_86_87_88_NSP_GenomeWideSNP_6_F09_1464656	12	108868094	113395184	2285	0.0156
DADOS_p_TCGAb3_85_86_87_88_NSP_GenomeWideSNP_6_F09_1464656	12	113397691	113398986	4	-0.9499
DADOS_p_TCGAb3_85_86_87_88_NSP_GenomeWideSNP_6_F09_1464656	12	113399552	133161346	10398	0.0226
DADOS_p_TCGAb3_85_86_87_88_NSP_GenomeWideSNP_6_F09_1464656	13	19450806	114987458	56654	0.0209
DADOS_p_TCGAb3_85_86_87_88_NSP_GenomeWideSNP_6_F09_1464656	14	20501368	23734393	1070	-0.0415
DADOS_p_TCGAb3_85_86_87_88_NSP_GenomeWideSNP_6_F09_1464656	14	23734668	23734850	2	-1.597
DADOS_p_TCGAb3_85_86_87_88_NSP_GenomeWideSNP_6_F09_1464656	14	23736278	105988038	48365	-0.0279
DADOS_p_TCGAb3_85_86_87_88_NSP_GenomeWideSNP_6_F09_1464656	15	23687685	91218046	37956	0.0014
DADOS_p_TCGAb3_85_86_87_88_NSP_GenomeWideSNP_6_F09_1464656	15	91221045	91221307	2	-1.4741
DADOS_p_TCGAb3_85_86_87_88_NSP_GenomeWideSNP_6_F09_1464656	15	91228893	101884307	6575	0.0018
DADOS_p_TCGAb3_85_86_87_88_NSP_GenomeWideSNP_6_F09_1464656	16	653459	89379936	40803	0.0218
DADOS_p_TCGAb3_85_86_87_88_NSP_GenomeWideSNP_6_F09_1464656	17	987221	80917016	36993	0.0095
DADOS_p_TCGAb3_85_86_87_88_NSP_GenomeWideSNP_6_F09_1464656	18	329586	77109240	42665	0.0257
DADOS_p_TCGAb3_85_86_87_88_NSP_GenomeWideSNP_6_F09_1464656	19	284018	48531312	19756	0.0238
DADOS_p_TCGAb3_85_86_87_88_NSP_GenomeWideSNP_6_F09_1464656	19	48531330	48531332	2	-2.522
DADOS_p_TCGAb3_85_86_87_88_NSP_GenomeWideSNP_6_F09_1464656	19	48531376	58878226	4192	0.0214
DADOS_p_TCGAb3_85_86_87_88_NSP_GenomeWideSNP_6_F09_1464656	20	455764	62219837	37283	0.0218
DADOS_p_TCGAb3_85_86_87_88_NSP_GenomeWideSNP_6_F09_1464656	21	15347621	47678774	20582	-0.0279
DADOS_p_TCGAb3_85_86_87_88_NSP_GenomeWideSNP_6_F09_1464656	22	17423930	49331012	16930	0.0216
DADOS_p_TCGAb3_85_86_87_88_NSP_GenomeWideSNP_6_F09_1464656	X	3157107	23605025	8474	0.0069
DADOS_p_TCGAb3_85_86_87_88_NSP_GenomeWideSNP_6_F09_1464656	X	23605312	23673484	86	0.4131
DADOS_p_TCGAb3_85_86_87_88_NSP_GenomeWideSNP_6_F09_1464656	X	23674768	38115485	6841	0.0094
DADOS_p_TCGAb3_85_86_87_88_NSP_GenomeWideSNP_6_F09_1464656	X	38116722	38119725	6	-0.8016
DADOS_p_TCGAb3_85_86_87_88_NSP_GenomeWideSNP_6_F09_1464656	X	38122882	154905589	48019	0.0037
