GDC_Aliquot	Chromosome	Start	End	Num_Probes	Segment_Mean
26303b7f-1d08-4297-bf14-375d62e1a328	1	62920	787937	25	0.225
26303b7f-1d08-4297-bf14-375d62e1a328	1	793228	2065483	320	-0.6799
26303b7f-1d08-4297-bf14-375d62e1a328	1	2066166	6151904	2506	-0.8008
26303b7f-1d08-4297-bf14-375d62e1a328	1	6157799	6356044	77	-0.6629
26303b7f-1d08-4297-bf14-375d62e1a328	1	6356271	6356318	2	-2.88
26303b7f-1d08-4297-bf14-375d62e1a328	1	6362615	15534308	5151	-0.719
26303b7f-1d08-4297-bf14-375d62e1a328	1	15535280	15823420	148	-0.5727
26303b7f-1d08-4297-bf14-375d62e1a328	1	15827002	15827706	7	-1.4371
26303b7f-1d08-4297-bf14-375d62e1a328	1	15827744	16018332	85	-0.6045
26303b7f-1d08-4297-bf14-375d62e1a328	1	16037445	16052921	7	-1.6549
26303b7f-1d08-4297-bf14-375d62e1a328	1	16063071	16570326	208	-0.5931
26303b7f-1d08-4297-bf14-375d62e1a328	1	16583114	16643683	23	-0.1697
26303b7f-1d08-4297-bf14-375d62e1a328	1	16643816	16679281	6	-0.568
26303b7f-1d08-4297-bf14-375d62e1a328	1	16679483	16909725	47	-0.9231
26303b7f-1d08-4297-bf14-375d62e1a328	1	16909775	16932568	24	-1.3601
26303b7f-1d08-4297-bf14-375d62e1a328	1	16934716	25256850	5207	-0.717
26303b7f-1d08-4297-bf14-375d62e1a328	1	25266637	25319167	20	-1.9028
26303b7f-1d08-4297-bf14-375d62e1a328	1	25319693	26277221	432	-0.6949
26303b7f-1d08-4297-bf14-375d62e1a328	1	26289286	27941987	657	-0.6323
26303b7f-1d08-4297-bf14-375d62e1a328	1	27942195	27944226	3	-2.3038
26303b7f-1d08-4297-bf14-375d62e1a328	1	27946505	29202234	494	-0.5776
26303b7f-1d08-4297-bf14-375d62e1a328	1	29203431	30912340	1281	-0.7657
26303b7f-1d08-4297-bf14-375d62e1a328	1	30912474	33226350	1011	-0.6405
26303b7f-1d08-4297-bf14-375d62e1a328	1	33230346	34637053	1028	-0.761
26303b7f-1d08-4297-bf14-375d62e1a328	1	34637069	34638890	19	-2.0783
26303b7f-1d08-4297-bf14-375d62e1a328	1	34648667	72302735	23500	-0.7042
26303b7f-1d08-4297-bf14-375d62e1a328	1	72302815	72345465	47	0.6169
26303b7f-1d08-4297-bf14-375d62e1a328	1	72346221	82341746	6346	-0.6799
26303b7f-1d08-4297-bf14-375d62e1a328	1	82341923	82344181	3	-2.5784
26303b7f-1d08-4297-bf14-375d62e1a328	1	82344369	102434140	12930	-0.6997
26303b7f-1d08-4297-bf14-375d62e1a328	1	102434228	106981109	2491	-0.6211
26303b7f-1d08-4297-bf14-375d62e1a328	1	106986033	109684893	1612	-0.7037
26303b7f-1d08-4297-bf14-375d62e1a328	1	109690352	109697556	13	-1.5886
26303b7f-1d08-4297-bf14-375d62e1a328	1	109702376	112147704	1937	-0.7282
26303b7f-1d08-4297-bf14-375d62e1a328	1	112153343	112154552	19	-1.7419
26303b7f-1d08-4297-bf14-375d62e1a328	1	112154566	112449058	246	-0.8047
26303b7f-1d08-4297-bf14-375d62e1a328	1	112449193	115029491	1445	-0.6544
26303b7f-1d08-4297-bf14-375d62e1a328	1	115029744	121601998	3415	-0.7316
26303b7f-1d08-4297-bf14-375d62e1a328	1	121705338	143942271	129	1.4743
26303b7f-1d08-4297-bf14-375d62e1a328	1	144432083	152787202	2500	0.1671
26303b7f-1d08-4297-bf14-375d62e1a328	1	152789447	152795805	33	0.6151
26303b7f-1d08-4297-bf14-375d62e1a328	1	152795862	154202377	821	0.1716
26303b7f-1d08-4297-bf14-375d62e1a328	1	154205235	154214442	7	-0.8325
26303b7f-1d08-4297-bf14-375d62e1a328	1	154218095	158989785	2845	0.1716
26303b7f-1d08-4297-bf14-375d62e1a328	1	158992249	158993006	2	-1.0205
26303b7f-1d08-4297-bf14-375d62e1a328	1	158997074	167795598	6440	0.169
26303b7f-1d08-4297-bf14-375d62e1a328	1	167796946	167797682	4	-0.6973
26303b7f-1d08-4297-bf14-375d62e1a328	1	167799276	174827418	4618	0.1586
26303b7f-1d08-4297-bf14-375d62e1a328	1	174827561	174832734	17	-0.5621
26303b7f-1d08-4297-bf14-375d62e1a328	1	174832782	193740566	12629	0.1595
26303b7f-1d08-4297-bf14-375d62e1a328	1	193740786	193741066	3	-1.182
26303b7f-1d08-4297-bf14-375d62e1a328	1	193741246	196762956	1950	0.1642
26303b7f-1d08-4297-bf14-375d62e1a328	1	196769493	196846661	57	0.4694
26303b7f-1d08-4297-bf14-375d62e1a328	1	196847600	200514463	2341	0.1656
26303b7f-1d08-4297-bf14-375d62e1a328	1	200518689	200524062	2	-1.3361
26303b7f-1d08-4297-bf14-375d62e1a328	1	200530735	222847162	15315	0.1582
26303b7f-1d08-4297-bf14-375d62e1a328	1	222849581	222850427	3	-1.0596
26303b7f-1d08-4297-bf14-375d62e1a328	1	222853375	234772540	8106	0.1555
26303b7f-1d08-4297-bf14-375d62e1a328	1	234776541	234780167	3	-1.0965
26303b7f-1d08-4297-bf14-375d62e1a328	1	234794424	248930189	9891	0.1622
26303b7f-1d08-4297-bf14-375d62e1a328	2	12784	4158097	2981	0.1255
26303b7f-1d08-4297-bf14-375d62e1a328	2	4166274	4176429	42	-0.4422
26303b7f-1d08-4297-bf14-375d62e1a328	2	4182472	27216883	16267	0.1421
26303b7f-1d08-4297-bf14-375d62e1a328	2	27218434	27218632	3	-1.1781
26303b7f-1d08-4297-bf14-375d62e1a328	2	27219036	34295406	4616	0.1431
26303b7f-1d08-4297-bf14-375d62e1a328	2	34298911	34300513	2	-1.7579
26303b7f-1d08-4297-bf14-375d62e1a328	2	34300900	34466002	95	0.1398
26303b7f-1d08-4297-bf14-375d62e1a328	2	34474248	34511990	46	-1.8929
26303b7f-1d08-4297-bf14-375d62e1a328	2	34512096	35750907	868	0.145
26303b7f-1d08-4297-bf14-375d62e1a328	2	35752724	35762850	6	-1.1429
26303b7f-1d08-4297-bf14-375d62e1a328	2	35762881	38865206	2360	0.1523
26303b7f-1d08-4297-bf14-375d62e1a328	2	38866245	38866259	2	-1.1754
26303b7f-1d08-4297-bf14-375d62e1a328	2	38868465	49305903	7441	0.1388
26303b7f-1d08-4297-bf14-375d62e1a328	2	49308629	49314051	5	-0.8997
26303b7f-1d08-4297-bf14-375d62e1a328	2	49317902	51309666	1451	0.1526
26303b7f-1d08-4297-bf14-375d62e1a328	2	51311298	51320013	5	-0.6306
26303b7f-1d08-4297-bf14-375d62e1a328	2	51320887	52527727	811	0.1635
26303b7f-1d08-4297-bf14-375d62e1a328	2	52527743	52554259	29	-0.26
26303b7f-1d08-4297-bf14-375d62e1a328	2	52554274	65490956	8225	0.1382
26303b7f-1d08-4297-bf14-375d62e1a328	2	65491040	65492807	4	-1.2462
26303b7f-1d08-4297-bf14-375d62e1a328	2	65496822	87134049	13713	0.1434
26303b7f-1d08-4297-bf14-375d62e1a328	2	87146770	87696853	113	-0.5835
26303b7f-1d08-4297-bf14-375d62e1a328	2	87725148	107824280	8294	0.1449
26303b7f-1d08-4297-bf14-375d62e1a328	2	107830513	107864451	2	1.4741
26303b7f-1d08-4297-bf14-375d62e1a328	2	107875632	113604438	2787	0.1434
26303b7f-1d08-4297-bf14-375d62e1a328	2	113604837	113623244	3	-1.4207
26303b7f-1d08-4297-bf14-375d62e1a328	2	113625975	207486030	56803	0.1414
26303b7f-1d08-4297-bf14-375d62e1a328	2	207490188	207494612	18	-0.7951
26303b7f-1d08-4297-bf14-375d62e1a328	2	207494752	230356336	14775	0.1399
26303b7f-1d08-4297-bf14-375d62e1a328	2	230356377	230393900	37	0.6893
26303b7f-1d08-4297-bf14-375d62e1a328	2	230400636	236894890	4133	0.134
26303b7f-1d08-4297-bf14-375d62e1a328	2	236894941	236895291	3	-0.9184
26303b7f-1d08-4297-bf14-375d62e1a328	2	236895339	242147305	3060	0.1506
26303b7f-1d08-4297-bf14-375d62e1a328	3	20930	21710663	16195	0.1606
26303b7f-1d08-4297-bf14-375d62e1a328	3	21710843	21711474	3	-1.1322
26303b7f-1d08-4297-bf14-375d62e1a328	3	21713236	26557397	3720	0.1509
26303b7f-1d08-4297-bf14-375d62e1a328	3	26559609	26570407	11	-0.4385
26303b7f-1d08-4297-bf14-375d62e1a328	3	26570470	52989195	15660	0.1637
26303b7f-1d08-4297-bf14-375d62e1a328	3	52994359	53005100	37	-0.5442
26303b7f-1d08-4297-bf14-375d62e1a328	3	53005201	84650533	21889	0.1619
26303b7f-1d08-4297-bf14-375d62e1a328	3	84650607	84652985	13	-1.3115
26303b7f-1d08-4297-bf14-375d62e1a328	3	84653010	115400210	15657	0.164
26303b7f-1d08-4297-bf14-375d62e1a328	3	115400938	115411351	8	0.9379
26303b7f-1d08-4297-bf14-375d62e1a328	3	115413160	118152844	2013	0.1712
26303b7f-1d08-4297-bf14-375d62e1a328	3	118153037	118153755	4	-0.6151
26303b7f-1d08-4297-bf14-375d62e1a328	3	118158563	119000633	512	0.1491
26303b7f-1d08-4297-bf14-375d62e1a328	3	119001132	119014263	3	-0.8918
26303b7f-1d08-4297-bf14-375d62e1a328	3	119014634	128658241	5794	0.1551
26303b7f-1d08-4297-bf14-375d62e1a328	3	128661409	128686328	11	-0.6213
26303b7f-1d08-4297-bf14-375d62e1a328	3	128686360	130047743	626	0.148
26303b7f-1d08-4297-bf14-375d62e1a328	3	130057015	130087393	36	0.8264
26303b7f-1d08-4297-bf14-375d62e1a328	3	130088081	162815162	20217	0.1554
26303b7f-1d08-4297-bf14-375d62e1a328	3	162816942	162822702	6	1.788
26303b7f-1d08-4297-bf14-375d62e1a328	3	162827928	193160113	19142	0.1598
26303b7f-1d08-4297-bf14-375d62e1a328	3	193160173	193163053	11	-0.5204
26303b7f-1d08-4297-bf14-375d62e1a328	3	193164615	194830659	1102	0.1545
26303b7f-1d08-4297-bf14-375d62e1a328	3	194831045	194831263	3	-0.8665
26303b7f-1d08-4297-bf14-375d62e1a328	3	194834085	198169247	1590	0.1749
26303b7f-1d08-4297-bf14-375d62e1a328	4	68929	3876063	1541	-0.7527
26303b7f-1d08-4297-bf14-375d62e1a328	4	3877891	4183221	81	-0.3358
26303b7f-1d08-4297-bf14-375d62e1a328	4	4183759	6477788	1877	-0.7938
26303b7f-1d08-4297-bf14-375d62e1a328	4	6477966	6478783	4	-4.069
26303b7f-1d08-4297-bf14-375d62e1a328	4	6478925	10208766	2116	-0.7705
26303b7f-1d08-4297-bf14-375d62e1a328	4	10221792	10233644	35	0.2825
26303b7f-1d08-4297-bf14-375d62e1a328	4	10234518	10389091	166	-0.8563
26303b7f-1d08-4297-bf14-375d62e1a328	4	10390730	10399044	16	-2.0191
26303b7f-1d08-4297-bf14-375d62e1a328	4	10401094	20562319	7378	-0.7155
26303b7f-1d08-4297-bf14-375d62e1a328	4	20566943	20567066	2	-4.0536
26303b7f-1d08-4297-bf14-375d62e1a328	4	20567270	25006591	3141	-0.7168
26303b7f-1d08-4297-bf14-375d62e1a328	4	25008057	25016113	11	-1.532
26303b7f-1d08-4297-bf14-375d62e1a328	4	25018572	27438690	1599	-0.7341
26303b7f-1d08-4297-bf14-375d62e1a328	4	27438903	34784878	4521	-0.6613
26303b7f-1d08-4297-bf14-375d62e1a328	4	34785333	34822561	36	-1.8144
26303b7f-1d08-4297-bf14-375d62e1a328	4	34823103	47847449	8114	-0.6936
26303b7f-1d08-4297-bf14-375d62e1a328	4	47850786	47852602	2	-2.98
26303b7f-1d08-4297-bf14-375d62e1a328	4	47853128	49289338	773	-0.6306
26303b7f-1d08-4297-bf14-375d62e1a328	4	49295203	49656595	19	0.1987
26303b7f-1d08-4297-bf14-375d62e1a328	4	51819533	63281375	7183	-0.6851
26303b7f-1d08-4297-bf14-375d62e1a328	4	63285942	63286195	2	-4.5751
26303b7f-1d08-4297-bf14-375d62e1a328	4	63288849	63832015	313	-0.6111
26303b7f-1d08-4297-bf14-375d62e1a328	4	63832110	63842540	23	0.1432
26303b7f-1d08-4297-bf14-375d62e1a328	4	63850713	68354665	2820	-0.6713
26303b7f-1d08-4297-bf14-375d62e1a328	4	68361130	68416487	8	0.8803
26303b7f-1d08-4297-bf14-375d62e1a328	4	68418873	68506285	16	-0.6212
26303b7f-1d08-4297-bf14-375d62e1a328	4	68509223	68623617	66	-1.1605
26303b7f-1d08-4297-bf14-375d62e1a328	4	68639397	69254981	305	-0.6643
26303b7f-1d08-4297-bf14-375d62e1a328	4	69255175	69374263	62	-0.3449
26303b7f-1d08-4297-bf14-375d62e1a328	4	69374271	77048037	4704	-0.68
26303b7f-1d08-4297-bf14-375d62e1a328	4	77048145	77065255	4	-3.3868
26303b7f-1d08-4297-bf14-375d62e1a328	4	77066139	114252500	22378	-0.6849
26303b7f-1d08-4297-bf14-375d62e1a328	4	114252544	114263096	26	0.1133
26303b7f-1d08-4297-bf14-375d62e1a328	4	114263110	151628095	21738	-0.6677
26303b7f-1d08-4297-bf14-375d62e1a328	4	151628155	151682486	34	-0.8154
26303b7f-1d08-4297-bf14-375d62e1a328	4	151682503	151682879	2	-3.7737
26303b7f-1d08-4297-bf14-375d62e1a328	4	151683179	153091632	902	-0.7301
26303b7f-1d08-4297-bf14-375d62e1a328	4	153092924	153095821	5	-4.9989
26303b7f-1d08-4297-bf14-375d62e1a328	4	153095853	190106768	24025	-0.6932
26303b7f-1d08-4297-bf14-375d62e1a328	5	15532	23591346	16828	0.1574
26303b7f-1d08-4297-bf14-375d62e1a328	5	23595192	23655064	47	0.7362
26303b7f-1d08-4297-bf14-375d62e1a328	5	23655665	26932479	2004	0.1803
26303b7f-1d08-4297-bf14-375d62e1a328	5	26939816	26958599	22	0.6175
26303b7f-1d08-4297-bf14-375d62e1a328	5	26961026	27524345	271	0.1839
26303b7f-1d08-4297-bf14-375d62e1a328	5	27525283	27525848	7	-0.7149
26303b7f-1d08-4297-bf14-375d62e1a328	5	27525863	46271006	11372	0.1631
26303b7f-1d08-4297-bf14-375d62e1a328	5	46271828	46273400	6	-2.3441
26303b7f-1d08-4297-bf14-375d62e1a328	5	46278110	58030336	5058	0.1572
26303b7f-1d08-4297-bf14-375d62e1a328	5	58030453	58037706	30	-0.4721
26303b7f-1d08-4297-bf14-375d62e1a328	5	58042530	58348255	243	0.1609
26303b7f-1d08-4297-bf14-375d62e1a328	5	58350375	58353471	4	-0.6854
26303b7f-1d08-4297-bf14-375d62e1a328	5	58357341	62277545	2573	0.1597
26303b7f-1d08-4297-bf14-375d62e1a328	5	62279164	62280093	2	-1.1778
26303b7f-1d08-4297-bf14-375d62e1a328	5	62280446	69571467	4442	0.1676
26303b7f-1d08-4297-bf14-375d62e1a328	5	69779150	69822308	4	-0.8575
26303b7f-1d08-4297-bf14-375d62e1a328	5	69937600	121793804	31245	0.1623
26303b7f-1d08-4297-bf14-375d62e1a328	5	121797242	121799781	3	-0.9654
26303b7f-1d08-4297-bf14-375d62e1a328	5	121800431	141687733	11698	0.1556
26303b7f-1d08-4297-bf14-375d62e1a328	5	141687771	141688001	3	1.1879
26303b7f-1d08-4297-bf14-375d62e1a328	5	141692918	152134610	7156	0.1597
26303b7f-1d08-4297-bf14-375d62e1a328	5	152135825	152140710	15	-0.779
26303b7f-1d08-4297-bf14-375d62e1a328	5	152140861	156048095	2645	0.1532
26303b7f-1d08-4297-bf14-375d62e1a328	5	156049762	156055705	13	-0.5662
26303b7f-1d08-4297-bf14-375d62e1a328	5	156055719	170403940	10028	0.1575
26303b7f-1d08-4297-bf14-375d62e1a328	5	170405913	170408134	4	-1.2031
26303b7f-1d08-4297-bf14-375d62e1a328	5	170408520	181363319	6695	0.1597
26303b7f-1d08-4297-bf14-375d62e1a328	6	149661	253861	99	0.1729
26303b7f-1d08-4297-bf14-375d62e1a328	6	254267	373453	96	-0.2465
26303b7f-1d08-4297-bf14-375d62e1a328	6	375277	21823747	16432	0.1529
26303b7f-1d08-4297-bf14-375d62e1a328	6	21828441	21831503	6	-1.0891
26303b7f-1d08-4297-bf14-375d62e1a328	6	21835341	29868964	4934	0.1659
26303b7f-1d08-4297-bf14-375d62e1a328	6	29869295	29933799	37	0.5481
26303b7f-1d08-4297-bf14-375d62e1a328	6	29940692	30796643	344	0.1473
26303b7f-1d08-4297-bf14-375d62e1a328	6	30797802	30798118	2	-2.2478
26303b7f-1d08-4297-bf14-375d62e1a328	6	30798988	31313046	292	0.1648
26303b7f-1d08-4297-bf14-375d62e1a328	6	31318499	31328674	11	1.7254
26303b7f-1d08-4297-bf14-375d62e1a328	6	31342147	32486746	500	0.1528
26303b7f-1d08-4297-bf14-375d62e1a328	6	32488906	32540699	14	1.3987
26303b7f-1d08-4297-bf14-375d62e1a328	6	32541506	32732907	94	0.3734
26303b7f-1d08-4297-bf14-375d62e1a328	6	32733056	53230063	12968	0.1672
26303b7f-1d08-4297-bf14-375d62e1a328	6	53230642	53231008	3	-2.1356
26303b7f-1d08-4297-bf14-375d62e1a328	6	53231884	65684197	5554	0.1623
26303b7f-1d08-4297-bf14-375d62e1a328	6	65689589	65693959	23	-0.552
26303b7f-1d08-4297-bf14-375d62e1a328	6	65697234	66298393	381	0.1939
26303b7f-1d08-4297-bf14-375d62e1a328	6	66299130	66338736	55	-0.666
26303b7f-1d08-4297-bf14-375d62e1a328	6	66339513	68976737	1846	0.1785
26303b7f-1d08-4297-bf14-375d62e1a328	6	68977806	68981476	4	-0.8784
26303b7f-1d08-4297-bf14-375d62e1a328	6	68987514	69463404	284	0.19
26303b7f-1d08-4297-bf14-375d62e1a328	6	69468568	69472244	3	-1.2689
26303b7f-1d08-4297-bf14-375d62e1a328	6	69476380	73882142	2847	0.1616
26303b7f-1d08-4297-bf14-375d62e1a328	6	73882509	73891694	10	0.8383
26303b7f-1d08-4297-bf14-375d62e1a328	6	73893839	76730151	1763	0.1672
26303b7f-1d08-4297-bf14-375d62e1a328	6	76730331	76743040	20	-0.2889
26303b7f-1d08-4297-bf14-375d62e1a328	6	76751356	78253172	973	0.1886
26303b7f-1d08-4297-bf14-375d62e1a328	6	78259348	78332092	117	-0.1965
26303b7f-1d08-4297-bf14-375d62e1a328	6	78336185	125861617	29286	0.1716
26303b7f-1d08-4297-bf14-375d62e1a328	6	125862546	125865630	3	-2.2778
26303b7f-1d08-4297-bf14-375d62e1a328	6	125867747	132385122	4026	0.168
26303b7f-1d08-4297-bf14-375d62e1a328	6	132388218	132391904	5	-2.1562
26303b7f-1d08-4297-bf14-375d62e1a328	6	132398229	157358463	16740	0.1634
26303b7f-1d08-4297-bf14-375d62e1a328	6	157360232	157375044	3	-1.3095
26303b7f-1d08-4297-bf14-375d62e1a328	6	157375962	170741917	9362	0.1584
26303b7f-1d08-4297-bf14-375d62e1a328	7	43355	38251113	27263	0.1621
26303b7f-1d08-4297-bf14-375d62e1a328	7	38254500	38317207	94	0.4604
26303b7f-1d08-4297-bf14-375d62e1a328	7	38317474	54305455	10984	0.1623
26303b7f-1d08-4297-bf14-375d62e1a328	7	54318812	54318824	6	-1.788
26303b7f-1d08-4297-bf14-375d62e1a328	7	54325795	70955452	6114	0.1626
26303b7f-1d08-4297-bf14-375d62e1a328	7	70958264	70961155	2	-1.9511
26303b7f-1d08-4297-bf14-375d62e1a328	7	70963257	142063324	42178	0.162
26303b7f-1d08-4297-bf14-375d62e1a328	7	142069843	142090383	30	-0.5808
26303b7f-1d08-4297-bf14-375d62e1a328	7	142090403	142490557	315	0.1734
26303b7f-1d08-4297-bf14-375d62e1a328	7	142491573	142747837	105	0.3927
26303b7f-1d08-4297-bf14-375d62e1a328	7	142750453	144199159	782	0.15
26303b7f-1d08-4297-bf14-375d62e1a328	7	144207186	144352208	15	1.1146
26303b7f-1d08-4297-bf14-375d62e1a328	7	144377836	156089623	7604	0.1607
26303b7f-1d08-4297-bf14-375d62e1a328	7	156089785	156094352	7	-1.124
26303b7f-1d08-4297-bf14-375d62e1a328	7	156095374	159334314	2003	0.1393
26303b7f-1d08-4297-bf14-375d62e1a328	8	81254	643041	322	0.1243
26303b7f-1d08-4297-bf14-375d62e1a328	8	644944	656117	11	-0.4527
26303b7f-1d08-4297-bf14-375d62e1a328	8	656356	2132302	1140	0.1506
26303b7f-1d08-4297-bf14-375d62e1a328	8	2132407	2137191	19	-0.7704
26303b7f-1d08-4297-bf14-375d62e1a328	8	2142105	25117062	19921	0.1532
26303b7f-1d08-4297-bf14-375d62e1a328	8	25117985	25126735	22	0.698
26303b7f-1d08-4297-bf14-375d62e1a328	8	25126818	39372806	8982	0.1575
26303b7f-1d08-4297-bf14-375d62e1a328	8	39373140	39522148	54	0.7585
26303b7f-1d08-4297-bf14-375d62e1a328	8	39526605	40914477	1079	0.1624
26303b7f-1d08-4297-bf14-375d62e1a328	8	40920333	40920952	2	-1.6872
26303b7f-1d08-4297-bf14-375d62e1a328	8	40926161	61465382	10988	0.1506
26303b7f-1d08-4297-bf14-375d62e1a328	8	61467029	61474708	11	0.8383
26303b7f-1d08-4297-bf14-375d62e1a328	8	61489435	109604123	28896	0.1552
26303b7f-1d08-4297-bf14-375d62e1a328	8	109604734	109604765	2	-1.2206
26303b7f-1d08-4297-bf14-375d62e1a328	8	109604963	111279265	902	0.1752
26303b7f-1d08-4297-bf14-375d62e1a328	8	111282050	111283031	10	1.1148
26303b7f-1d08-4297-bf14-375d62e1a328	8	111288052	141070794	21121	0.1569
26303b7f-1d08-4297-bf14-375d62e1a328	8	141074174	141769424	417	0.0691
26303b7f-1d08-4297-bf14-375d62e1a328	8	141770455	143616987	800	0.1439
26303b7f-1d08-4297-bf14-375d62e1a328	8	143622987	143636819	10	0.8582
26303b7f-1d08-4297-bf14-375d62e1a328	8	143642893	145072769	501	0.1263
26303b7f-1d08-4297-bf14-375d62e1a328	9	46587	22005318	19321	-0.7085
26303b7f-1d08-4297-bf14-375d62e1a328	9	22005331	22073335	53	-2.6592
26303b7f-1d08-4297-bf14-375d62e1a328	9	22075339	26600980	3147	-0.6549
26303b7f-1d08-4297-bf14-375d62e1a328	9	26603476	28075211	1233	-0.7342
26303b7f-1d08-4297-bf14-375d62e1a328	9	28075653	32239116	2957	-0.6444
26303b7f-1d08-4297-bf14-375d62e1a328	9	32239313	38759769	4068	-0.7197
26303b7f-1d08-4297-bf14-375d62e1a328	9	38761502	39464757	63	-0.4703
26303b7f-1d08-4297-bf14-375d62e1a328	9	39481818	41571374	105	0.1015
26303b7f-1d08-4297-bf14-375d62e1a328	9	41571860	61371448	105	-0.3267
26303b7f-1d08-4297-bf14-375d62e1a328	9	61372857	61665362	35	-0.9128
26303b7f-1d08-4297-bf14-375d62e1a328	9	61668104	63763088	88	-0.1803
26303b7f-1d08-4297-bf14-375d62e1a328	9	64462508	67042427	56	0.1953
26303b7f-1d08-4297-bf14-375d62e1a328	9	67073081	138200944	47461	-0.6955
26303b7f-1d08-4297-bf14-375d62e1a328	10	45792	24086334	19128	0.1533
26303b7f-1d08-4297-bf14-375d62e1a328	10	24088745	24089125	11	-1.9772
26303b7f-1d08-4297-bf14-375d62e1a328	10	24089979	42141019	9857	0.1594
26303b7f-1d08-4297-bf14-375d62e1a328	10	42144107	42267782	19	0.5383
26303b7f-1d08-4297-bf14-375d62e1a328	10	42272195	44763045	1758	0.1535
26303b7f-1d08-4297-bf14-375d62e1a328	10	44763657	44764969	2	-1.7612
26303b7f-1d08-4297-bf14-375d62e1a328	10	44765034	45798061	560	0.1581
26303b7f-1d08-4297-bf14-375d62e1a328	10	45798171	45817039	2	-1.3474
26303b7f-1d08-4297-bf14-375d62e1a328	10	45936113	55312545	5816	0.1654
26303b7f-1d08-4297-bf14-375d62e1a328	10	55313771	55316065	2	-1.5811
26303b7f-1d08-4297-bf14-375d62e1a328	10	55316080	65545327	7110	0.1649
26303b7f-1d08-4297-bf14-375d62e1a328	10	65545353	65566308	36	-0.2746
26303b7f-1d08-4297-bf14-375d62e1a328	10	65566389	133654968	46085	0.156
26303b7f-1d08-4297-bf14-375d62e1a328	11	198510	1632338	491	0.2992
26303b7f-1d08-4297-bf14-375d62e1a328	11	1633335	1633531	2	-1.2264
26303b7f-1d08-4297-bf14-375d62e1a328	11	1635897	4254774	1252	0.2963
26303b7f-1d08-4297-bf14-375d62e1a328	11	4274526	4306942	11	-0.2716
26303b7f-1d08-4297-bf14-375d62e1a328	11	4314648	4946420	655	0.2961
26303b7f-1d08-4297-bf14-375d62e1a328	11	4947280	4955042	30	-1.6119
26303b7f-1d08-4297-bf14-375d62e1a328	11	4955781	5766175	781	0.2903
26303b7f-1d08-4297-bf14-375d62e1a328	11	5766850	5788108	33	-0.3088
26303b7f-1d08-4297-bf14-375d62e1a328	11	5788231	18918546	9375	0.2941
26303b7f-1d08-4297-bf14-375d62e1a328	11	18918775	18940441	48	-0.0212
26303b7f-1d08-4297-bf14-375d62e1a328	11	18940469	31371747	9050	0.3016
26303b7f-1d08-4297-bf14-375d62e1a328	11	31372721	31375533	2	-2.0587
26303b7f-1d08-4297-bf14-375d62e1a328	11	31376660	38758315	5348	0.289
26303b7f-1d08-4297-bf14-375d62e1a328	11	38765693	42791601	2705	0.3281
26303b7f-1d08-4297-bf14-375d62e1a328	11	42794936	42796489	2	-1.1044
26303b7f-1d08-4297-bf14-375d62e1a328	11	42799053	55595864	4568	0.3002
26303b7f-1d08-4297-bf14-375d62e1a328	11	55606556	55648927	36	-0.0378
26303b7f-1d08-4297-bf14-375d62e1a328	11	55652342	82155706	14816	0.3035
26303b7f-1d08-4297-bf14-375d62e1a328	11	82167381	82169547	7	1.4513
26303b7f-1d08-4297-bf14-375d62e1a328	11	82173275	107350629	17431	0.3002
26303b7f-1d08-4297-bf14-375d62e1a328	11	107353032	107353673	6	-0.5802
26303b7f-1d08-4297-bf14-375d62e1a328	11	107356630	107359898	12	0.3172
26303b7f-1d08-4297-bf14-375d62e1a328	11	107359993	107368402	8	-0.3876
26303b7f-1d08-4297-bf14-375d62e1a328	11	107381636	135074876	19857	0.2988
26303b7f-1d08-4297-bf14-375d62e1a328	12	51460	2122991	1255	0.1508
26303b7f-1d08-4297-bf14-375d62e1a328	12	2124763	2148857	46	-0.6091
26303b7f-1d08-4297-bf14-375d62e1a328	12	2148938	33141726	21397	0.1496
26303b7f-1d08-4297-bf14-375d62e1a328	12	33148472	33154440	26	-2.5096
26303b7f-1d08-4297-bf14-375d62e1a328	12	33155426	47132947	6519	0.1494
26303b7f-1d08-4297-bf14-375d62e1a328	12	47133816	47134025	2	1.5981
26303b7f-1d08-4297-bf14-375d62e1a328	12	47134590	73734083	16201	0.1485
26303b7f-1d08-4297-bf14-375d62e1a328	12	73737127	73825262	75	0.6936
26303b7f-1d08-4297-bf14-375d62e1a328	12	73827059	133201603	39025	0.1519
26303b7f-1d08-4297-bf14-375d62e1a328	13	18452809	35199958	11844	0.1426
26303b7f-1d08-4297-bf14-375d62e1a328	13	35203810	35222110	5	-1.0154
26303b7f-1d08-4297-bf14-375d62e1a328	13	35224671	37496998	1593	0.1497
26303b7f-1d08-4297-bf14-375d62e1a328	13	37497899	37510620	16	0.6476
26303b7f-1d08-4297-bf14-375d62e1a328	13	37514193	52502570	9859	0.1527
26303b7f-1d08-4297-bf14-375d62e1a328	13	52505209	52531650	7	-0.9214
26303b7f-1d08-4297-bf14-375d62e1a328	13	52543744	114342922	40565	0.1616
26303b7f-1d08-4297-bf14-375d62e1a328	14	18239283	19383592	52	-0.3085
26303b7f-1d08-4297-bf14-375d62e1a328	14	19385032	19650668	8	0.7842
26303b7f-1d08-4297-bf14-375d62e1a328	14	19667065	21881869	1390	-0.416
26303b7f-1d08-4297-bf14-375d62e1a328	14	21881982	22509792	572	-0.2384
26303b7f-1d08-4297-bf14-375d62e1a328	14	22514241	25714246	2030	-0.4431
26303b7f-1d08-4297-bf14-375d62e1a328	14	25722339	30265970	2688	-0.3797
26303b7f-1d08-4297-bf14-375d62e1a328	14	30266504	37665599	4796	-0.4289
26303b7f-1d08-4297-bf14-375d62e1a328	14	37668362	37668971	2	-2.5701
26303b7f-1d08-4297-bf14-375d62e1a328	14	37669965	49962461	7220	-0.3893
26303b7f-1d08-4297-bf14-375d62e1a328	14	49962694	105612353	35809	-0.4358
26303b7f-1d08-4297-bf14-375d62e1a328	14	105612687	106416146	262	-0.2769
26303b7f-1d08-4297-bf14-375d62e1a328	14	106418444	106462183	49	-1.2375
26303b7f-1d08-4297-bf14-375d62e1a328	14	106462724	106877229	195	-0.4435
26303b7f-1d08-4297-bf14-375d62e1a328	15	19811075	20041902	49	0.2282
26303b7f-1d08-4297-bf14-375d62e1a328	15	20056983	22576496	163	0.5175
26303b7f-1d08-4297-bf14-375d62e1a328	15	22582296	24429740	985	0.1629
26303b7f-1d08-4297-bf14-375d62e1a328	15	24429986	24482084	34	-0.4843
26303b7f-1d08-4297-bf14-375d62e1a328	15	24485848	30231102	3592	0.1611
26303b7f-1d08-4297-bf14-375d62e1a328	15	30252720	30297594	10	-0.9682
26303b7f-1d08-4297-bf14-375d62e1a328	15	30300815	32179735	1062	0.1489
26303b7f-1d08-4297-bf14-375d62e1a328	15	32212063	32220019	9	-1.0282
26303b7f-1d08-4297-bf14-375d62e1a328	15	32239115	56498505	15160	0.1691
26303b7f-1d08-4297-bf14-375d62e1a328	15	56498612	56508779	24	-0.5533
26303b7f-1d08-4297-bf14-375d62e1a328	15	56509425	92222525	22874	0.1661
26303b7f-1d08-4297-bf14-375d62e1a328	15	92222644	92223064	3	1.649
26303b7f-1d08-4297-bf14-375d62e1a328	15	92223528	101928837	7400	0.1517
26303b7f-1d08-4297-bf14-375d62e1a328	16	10777	19934577	13435	0.1577
26303b7f-1d08-4297-bf14-375d62e1a328	16	19934811	19959543	30	0.5483
26303b7f-1d08-4297-bf14-375d62e1a328	16	19959926	28228152	5271	0.1602
26303b7f-1d08-4297-bf14-375d62e1a328	16	28228614	28240535	12	0.792
26303b7f-1d08-4297-bf14-375d62e1a328	16	28243807	32629651	1195	0.1604
26303b7f-1d08-4297-bf14-375d62e1a328	16	32832214	32938932	16	-0.431
26303b7f-1d08-4297-bf14-375d62e1a328	16	32944749	33340712	8	0.3244
26303b7f-1d08-4297-bf14-375d62e1a328	16	33640096	33914489	19	-0.5331
26303b7f-1d08-4297-bf14-375d62e1a328	16	33915143	48142126	1162	0.1569
26303b7f-1d08-4297-bf14-375d62e1a328	16	48142585	48146199	5	-0.8058
26303b7f-1d08-4297-bf14-375d62e1a328	16	48147559	90096867	30560	0.1592
26303b7f-1d08-4297-bf14-375d62e1a328	17	150733	22311652	12690	0.1629
26303b7f-1d08-4297-bf14-375d62e1a328	17	22316315	22322017	7	-0.7537
26303b7f-1d08-4297-bf14-375d62e1a328	17	22323408	41266762	8053	0.1577
26303b7f-1d08-4297-bf14-375d62e1a328	17	41266774	41274198	22	-0.9105
26303b7f-1d08-4297-bf14-375d62e1a328	17	41274279	83091923	24124	0.1619
26303b7f-1d08-4297-bf14-375d62e1a328	18	48133	36344918	19766	0.1333
26303b7f-1d08-4297-bf14-375d62e1a328	18	36345792	36345877	2	-2.6213
26303b7f-1d08-4297-bf14-375d62e1a328	18	36348005	42471713	4159	0.1447
26303b7f-1d08-4297-bf14-375d62e1a328	18	42476604	42477802	25	-0.6189
26303b7f-1d08-4297-bf14-375d62e1a328	18	42478430	64950570	15455	0.1327
26303b7f-1d08-4297-bf14-375d62e1a328	18	64954393	64954436	2	-1.6097
26303b7f-1d08-4297-bf14-375d62e1a328	18	64954810	66054343	733	0.1503
26303b7f-1d08-4297-bf14-375d62e1a328	18	66060256	66065842	23	-0.2177
26303b7f-1d08-4297-bf14-375d62e1a328	18	66065858	67286412	804	0.1463
26303b7f-1d08-4297-bf14-375d62e1a328	18	67291970	67300028	21	-0.6753
26303b7f-1d08-4297-bf14-375d62e1a328	18	67300481	80257174	9559	0.1318
26303b7f-1d08-4297-bf14-375d62e1a328	19	90910	20411869	8910	0.1796
26303b7f-1d08-4297-bf14-375d62e1a328	19	20413400	20538428	70	-0.5722
26303b7f-1d08-4297-bf14-375d62e1a328	19	20538656	24413948	2159	0.1608
26303b7f-1d08-4297-bf14-375d62e1a328	19	27257085	58586487	17762	-0.683
26303b7f-1d08-4297-bf14-375d62e1a328	20	80664	1591489	1220	0.1386
26303b7f-1d08-4297-bf14-375d62e1a328	20	1591557	1613247	17	-0.534
26303b7f-1d08-4297-bf14-375d62e1a328	20	1617300	64324800	41003	0.1471
26303b7f-1d08-4297-bf14-375d62e1a328	21	10354168	13583316	268	0.2227
26303b7f-1d08-4297-bf14-375d62e1a328	21	13612103	13812646	6	-0.4469
26303b7f-1d08-4297-bf14-375d62e1a328	21	13818379	15612424	1189	0.1606
26303b7f-1d08-4297-bf14-375d62e1a328	21	15619801	15619973	4	-0.685
26303b7f-1d08-4297-bf14-375d62e1a328	21	15619989	16684666	703	0.1483
26303b7f-1d08-4297-bf14-375d62e1a328	21	16685314	16685347	3	-0.7648
26303b7f-1d08-4297-bf14-375d62e1a328	21	16688973	22278814	4108	0.1731
26303b7f-1d08-4297-bf14-375d62e1a328	21	22283580	22292338	9	-0.6036
26303b7f-1d08-4297-bf14-375d62e1a328	21	22294679	36555500	10369	0.1623
26303b7f-1d08-4297-bf14-375d62e1a328	21	36555674	36560880	5	-0.8306
26303b7f-1d08-4297-bf14-375d62e1a328	21	36563590	46677045	7118	0.1495
26303b7f-1d08-4297-bf14-375d62e1a328	22	15294547	22379789	3428	0.1512
26303b7f-1d08-4297-bf14-375d62e1a328	22	22385945	22385950	2	-1.4074
26303b7f-1d08-4297-bf14-375d62e1a328	22	22385952	22398127	18	0.0826
26303b7f-1d08-4297-bf14-375d62e1a328	22	22398345	22398545	4	-1.2641
26303b7f-1d08-4297-bf14-375d62e1a328	22	22402989	23929558	916	0.1588
26303b7f-1d08-4297-bf14-375d62e1a328	22	23940911	23995113	19	0.6523
26303b7f-1d08-4297-bf14-375d62e1a328	22	23995755	24685371	350	0.1638
26303b7f-1d08-4297-bf14-375d62e1a328	22	24686148	24686548	2	-1.7328
26303b7f-1d08-4297-bf14-375d62e1a328	22	24686567	25526581	747	0.1291
26303b7f-1d08-4297-bf14-375d62e1a328	22	25529050	42496327	11608	0.1703
26303b7f-1d08-4297-bf14-375d62e1a328	22	42496433	42538456	25	0.5475
26303b7f-1d08-4297-bf14-375d62e1a328	22	42546956	49182156	5164	0.178
26303b7f-1d08-4297-bf14-375d62e1a328	22	49183215	50796027	926	0.1165
26303b7f-1d08-4297-bf14-375d62e1a328	X	251810	21999573	12909	-0.0101
26303b7f-1d08-4297-bf14-375d62e1a328	X	22010910	148896925	66664	0.0056
26303b7f-1d08-4297-bf14-375d62e1a328	X	148897675	155952689	3704	-0.0104
26303b7f-1d08-4297-bf14-375d62e1a328	Y	2782397	6233384	783	-2.3577
26303b7f-1d08-4297-bf14-375d62e1a328	Y	6249869	23586854	5664	-2.817
26303b7f-1d08-4297-bf14-375d62e1a328	Y	23784615	56872112	192	-2.3993
