GDC_Aliquot	Chromosome	Start	End	Num_Probes	Segment_Mean
c84edf9f-dc6b-4e44-9f5b-5d060ae14393	1	62920	16868660	8676	0.0322
c84edf9f-dc6b-4e44-9f5b-5d060ae14393	1	16877002	16958425	57	-0.4718
c84edf9f-dc6b-4e44-9f5b-5d060ae14393	1	16959715	25247980	5233	0.0194
c84edf9f-dc6b-4e44-9f5b-5d060ae14393	1	25248216	25320455	30	0.5686
c84edf9f-dc6b-4e44-9f5b-5d060ae14393	1	25336819	34637053	4933	0.0323
c84edf9f-dc6b-4e44-9f5b-5d060ae14393	1	34637069	34648667	20	-0.4749
c84edf9f-dc6b-4e44-9f5b-5d060ae14393	1	34649941	38666759	2186	0.038
c84edf9f-dc6b-4e44-9f5b-5d060ae14393	1	38666760	38666761	2	2.7282
c84edf9f-dc6b-4e44-9f5b-5d060ae14393	1	38669516	40315366	857	0.04
c84edf9f-dc6b-4e44-9f5b-5d060ae14393	1	40319591	40325006	4	-1.1508
c84edf9f-dc6b-4e44-9f5b-5d060ae14393	1	40326906	48376143	4659	0.0396
c84edf9f-dc6b-4e44-9f5b-5d060ae14393	1	48378940	51790686	1641	-0.5423
c84edf9f-dc6b-4e44-9f5b-5d060ae14393	1	51791212	72303233	14315	0.0375
c84edf9f-dc6b-4e44-9f5b-5d060ae14393	1	72303253	72345465	45	-1.9398
c84edf9f-dc6b-4e44-9f5b-5d060ae14393	1	72346221	75585159	1922	0.0444
c84edf9f-dc6b-4e44-9f5b-5d060ae14393	1	75589078	75589169	2	-2.2444
c84edf9f-dc6b-4e44-9f5b-5d060ae14393	1	75593824	81422771	3824	0.0309
c84edf9f-dc6b-4e44-9f5b-5d060ae14393	1	81422917	81422920	2	-2.5579
c84edf9f-dc6b-4e44-9f5b-5d060ae14393	1	81422982	103613180	14164	0.0366
c84edf9f-dc6b-4e44-9f5b-5d060ae14393	1	103614539	103717410	11	-0.9851
c84edf9f-dc6b-4e44-9f5b-5d060ae14393	1	103717617	112147704	5498	0.032
c84edf9f-dc6b-4e44-9f5b-5d060ae14393	1	112153343	112154768	25	-0.4695
c84edf9f-dc6b-4e44-9f5b-5d060ae14393	1	112163334	152583230	7563	0.0187
c84edf9f-dc6b-4e44-9f5b-5d060ae14393	1	152583291	152613762	30	-2.4066
c84edf9f-dc6b-4e44-9f5b-5d060ae14393	1	152613802	152789532	175	0.0741
c84edf9f-dc6b-4e44-9f5b-5d060ae14393	1	152789570	152795487	27	-0.4228
c84edf9f-dc6b-4e44-9f5b-5d060ae14393	1	152795783	158989785	3658	0.0183
c84edf9f-dc6b-4e44-9f5b-5d060ae14393	1	158992249	158997074	3	-1.3415
c84edf9f-dc6b-4e44-9f5b-5d060ae14393	1	158997108	174827267	11061	0.0292
c84edf9f-dc6b-4e44-9f5b-5d060ae14393	1	174827418	174832716	17	-0.9293
c84edf9f-dc6b-4e44-9f5b-5d060ae14393	1	174832734	193186662	12186	0.031
c84edf9f-dc6b-4e44-9f5b-5d060ae14393	1	193187149	193187218	4	-1.4678
c84edf9f-dc6b-4e44-9f5b-5d060ae14393	1	193190593	194479104	936	0.0332
c84edf9f-dc6b-4e44-9f5b-5d060ae14393	1	194482281	194485888	2	-3.0354
c84edf9f-dc6b-4e44-9f5b-5d060ae14393	1	194487886	248574146	36984	0.0321
c84edf9f-dc6b-4e44-9f5b-5d060ae14393	1	248585893	248646068	35	-0.9089
c84edf9f-dc6b-4e44-9f5b-5d060ae14393	1	248661836	248930189	138	0.0397
c84edf9f-dc6b-4e44-9f5b-5d060ae14393	2	12784	4158097	2976	0.018
c84edf9f-dc6b-4e44-9f5b-5d060ae14393	2	4166274	4175922	37	-0.8037
c84edf9f-dc6b-4e44-9f5b-5d060ae14393	2	4175977	41011848	25793	0.0309
c84edf9f-dc6b-4e44-9f5b-5d060ae14393	2	41015457	41018409	12	-0.5831
c84edf9f-dc6b-4e44-9f5b-5d060ae14393	2	41018747	41320202	226	0.0499
c84edf9f-dc6b-4e44-9f5b-5d060ae14393	2	41322062	41374314	36	0.3179
c84edf9f-dc6b-4e44-9f5b-5d060ae14393	2	41374730	41401861	22	0.0018
c84edf9f-dc6b-4e44-9f5b-5d060ae14393	2	41402191	41666854	207	0.3644
c84edf9f-dc6b-4e44-9f5b-5d060ae14393	2	41667069	139311543	56545	0.0275
c84edf9f-dc6b-4e44-9f5b-5d060ae14393	2	139312134	139568935	153	-0.6386
c84edf9f-dc6b-4e44-9f5b-5d060ae14393	2	139572231	139913517	205	0.0091
c84edf9f-dc6b-4e44-9f5b-5d060ae14393	2	139917976	140502663	374	-0.6145
c84edf9f-dc6b-4e44-9f5b-5d060ae14393	2	140507189	140548646	31	0.0487
c84edf9f-dc6b-4e44-9f5b-5d060ae14393	2	140549029	140850708	204	-0.6418
c84edf9f-dc6b-4e44-9f5b-5d060ae14393	2	140852037	140965618	58	0.0485
c84edf9f-dc6b-4e44-9f5b-5d060ae14393	2	140972330	142285716	966	-0.6571
c84edf9f-dc6b-4e44-9f5b-5d060ae14393	2	142285777	142582177	166	-0.0097
c84edf9f-dc6b-4e44-9f5b-5d060ae14393	2	142585843	142822906	142	-0.602
c84edf9f-dc6b-4e44-9f5b-5d060ae14393	2	142824924	142857657	25	0.0403
c84edf9f-dc6b-4e44-9f5b-5d060ae14393	2	142860018	143311927	268	-0.6111
c84edf9f-dc6b-4e44-9f5b-5d060ae14393	2	143312320	143550827	140	0.0499
c84edf9f-dc6b-4e44-9f5b-5d060ae14393	2	143551048	143649406	64	-0.5331
c84edf9f-dc6b-4e44-9f5b-5d060ae14393	2	143652380	146106861	1374	0.0266
c84edf9f-dc6b-4e44-9f5b-5d060ae14393	2	146106875	146109366	22	1.0465
c84edf9f-dc6b-4e44-9f5b-5d060ae14393	2	146120238	176393786	18346	0.027
c84edf9f-dc6b-4e44-9f5b-5d060ae14393	2	176394114	176402448	2	-2.4838
c84edf9f-dc6b-4e44-9f5b-5d060ae14393	2	176407805	183738168	4734	0.0243
c84edf9f-dc6b-4e44-9f5b-5d060ae14393	2	183738597	183738648	2	-1.7205
c84edf9f-dc6b-4e44-9f5b-5d060ae14393	2	183738817	197508563	7753	0.0239
c84edf9f-dc6b-4e44-9f5b-5d060ae14393	2	197529269	198103914	279	-0.6277
c84edf9f-dc6b-4e44-9f5b-5d060ae14393	2	198104440	203738583	3136	-0.0009
c84edf9f-dc6b-4e44-9f5b-5d060ae14393	2	203740620	237436763	21907	0.0271
c84edf9f-dc6b-4e44-9f5b-5d060ae14393	2	237438941	241840119	2521	-0.0073
c84edf9f-dc6b-4e44-9f5b-5d060ae14393	2	241841181	242095460	106	-0.8696
c84edf9f-dc6b-4e44-9f5b-5d060ae14393	2	242095518	242147305	23	-0.0449
c84edf9f-dc6b-4e44-9f5b-5d060ae14393	3	20930	182919	153	-0.0481
c84edf9f-dc6b-4e44-9f5b-5d060ae14393	3	188339	191117	4	-3.7999
c84edf9f-dc6b-4e44-9f5b-5d060ae14393	3	193194	6604856	5636	-0.0197
c84edf9f-dc6b-4e44-9f5b-5d060ae14393	3	6609441	6611557	22	-1.1289
c84edf9f-dc6b-4e44-9f5b-5d060ae14393	3	6611645	46776750	27249	-0.0325
c84edf9f-dc6b-4e44-9f5b-5d060ae14393	3	46790347	53476670	2805	-0.0828
c84edf9f-dc6b-4e44-9f5b-5d060ae14393	3	53478523	60277992	4931	-0.0127
c84edf9f-dc6b-4e44-9f5b-5d060ae14393	3	60278199	60278537	2	-1.7141
c84edf9f-dc6b-4e44-9f5b-5d060ae14393	3	60278653	68676600	6770	-0.0074
c84edf9f-dc6b-4e44-9f5b-5d060ae14393	3	68682877	68698262	16	1.07
c84edf9f-dc6b-4e44-9f5b-5d060ae14393	3	68699607	75372019	4844	-0.0165
c84edf9f-dc6b-4e44-9f5b-5d060ae14393	3	75377956	75496021	50	-3.3469
c84edf9f-dc6b-4e44-9f5b-5d060ae14393	3	75496671	75590356	24	-1.4524
c84edf9f-dc6b-4e44-9f5b-5d060ae14393	3	75596233	78231980	1478	-0.035
c84edf9f-dc6b-4e44-9f5b-5d060ae14393	3	78235875	78864444	428	0.103
c84edf9f-dc6b-4e44-9f5b-5d060ae14393	3	78870836	89336737	5745	-0.0266
c84edf9f-dc6b-4e44-9f5b-5d060ae14393	3	89337324	89358574	27	-0.5098
c84edf9f-dc6b-4e44-9f5b-5d060ae14393	3	89359237	117525657	14530	-0.0266
c84edf9f-dc6b-4e44-9f5b-5d060ae14393	3	117531403	117719717	138	-0.5679
c84edf9f-dc6b-4e44-9f5b-5d060ae14393	3	117723157	173783437	34056	-0.029
c84edf9f-dc6b-4e44-9f5b-5d060ae14393	3	173784300	178119433	2833	-0.4891
c84edf9f-dc6b-4e44-9f5b-5d060ae14393	3	178129394	180028650	1250	2.036
c84edf9f-dc6b-4e44-9f5b-5d060ae14393	3	180030677	182976788	1545	2.1332
c84edf9f-dc6b-4e44-9f5b-5d060ae14393	3	182978381	184790313	984	1.9434
c84edf9f-dc6b-4e44-9f5b-5d060ae14393	3	184792013	193162798	5954	-0.4846
c84edf9f-dc6b-4e44-9f5b-5d060ae14393	3	193162937	193164694	6	-1.1008
c84edf9f-dc6b-4e44-9f5b-5d060ae14393	3	193164968	193165114	5	-2.6922
c84edf9f-dc6b-4e44-9f5b-5d060ae14393	3	193168646	198169247	2680	-0.4976
c84edf9f-dc6b-4e44-9f5b-5d060ae14393	4	68929	10227303	5684	0.051
c84edf9f-dc6b-4e44-9f5b-5d060ae14393	4	10227592	10227652	2	-1.8765
c84edf9f-dc6b-4e44-9f5b-5d060ae14393	4	10227668	20561077	7609	0.0649
c84edf9f-dc6b-4e44-9f5b-5d060ae14393	4	20561292	20561343	2	-1.706
c84edf9f-dc6b-4e44-9f5b-5d060ae14393	4	20561426	34777418	9322	0.0574
c84edf9f-dc6b-4e44-9f5b-5d060ae14393	4	34777432	34828306	42	0.5696
c84edf9f-dc6b-4e44-9f5b-5d060ae14393	4	34828327	53561031	9920	0.0621
c84edf9f-dc6b-4e44-9f5b-5d060ae14393	4	53574624	54413352	678	0.3792
c84edf9f-dc6b-4e44-9f5b-5d060ae14393	4	54418982	68506285	8762	0.0642
c84edf9f-dc6b-4e44-9f5b-5d060ae14393	4	68509223	68620261	65	-1.862
c84edf9f-dc6b-4e44-9f5b-5d060ae14393	4	68623617	144564763	45548	0.0605
c84edf9f-dc6b-4e44-9f5b-5d060ae14393	4	144564835	144565241	3	-2.2812
c84edf9f-dc6b-4e44-9f5b-5d060ae14393	4	144566803	151868634	4032	0.0639
c84edf9f-dc6b-4e44-9f5b-5d060ae14393	4	151870381	151871739	13	-0.9355
c84edf9f-dc6b-4e44-9f5b-5d060ae14393	4	151873644	160958989	5846	0.0644
c84edf9f-dc6b-4e44-9f5b-5d060ae14393	4	160959045	160963111	12	-0.7592
c84edf9f-dc6b-4e44-9f5b-5d060ae14393	4	160963195	171448195	6642	0.0537
c84edf9f-dc6b-4e44-9f5b-5d060ae14393	4	171453733	171456625	12	-0.9841
c84edf9f-dc6b-4e44-9f5b-5d060ae14393	4	171459220	190106768	12440	0.0599
c84edf9f-dc6b-4e44-9f5b-5d060ae14393	5	15532	685633	305	0.0726
c84edf9f-dc6b-4e44-9f5b-5d060ae14393	5	698256	731776	14	-0.4742
c84edf9f-dc6b-4e44-9f5b-5d060ae14393	5	732788	896700	51	0.0485
c84edf9f-dc6b-4e44-9f5b-5d060ae14393	5	905586	905757	2	-1.8411
c84edf9f-dc6b-4e44-9f5b-5d060ae14393	5	908425	12791608	9783	0.0625
c84edf9f-dc6b-4e44-9f5b-5d060ae14393	5	12815668	12838421	14	-1.1149
c84edf9f-dc6b-4e44-9f5b-5d060ae14393	5	12849089	21312247	5404	0.0528
c84edf9f-dc6b-4e44-9f5b-5d060ae14393	5	21318349	21324399	10	-0.9522
c84edf9f-dc6b-4e44-9f5b-5d060ae14393	5	21324424	32101294	6592	0.0488
c84edf9f-dc6b-4e44-9f5b-5d060ae14393	5	32102625	32170990	42	0.594
c84edf9f-dc6b-4e44-9f5b-5d060ae14393	5	32171526	46251204	8315	0.0627
c84edf9f-dc6b-4e44-9f5b-5d060ae14393	5	46270906	46273400	8	-2.5923
c84edf9f-dc6b-4e44-9f5b-5d060ae14393	5	46278110	85876891	21439	0.0674
c84edf9f-dc6b-4e44-9f5b-5d060ae14393	5	85877307	85882068	2	-1.8152
c84edf9f-dc6b-4e44-9f5b-5d060ae14393	5	85882532	104524780	10363	0.073
c84edf9f-dc6b-4e44-9f5b-5d060ae14393	5	104524847	104524903	2	1.925
c84edf9f-dc6b-4e44-9f5b-5d060ae14393	5	104525348	107380439	1755	0.0399
c84edf9f-dc6b-4e44-9f5b-5d060ae14393	5	107384207	138150564	20133	0.0763
c84edf9f-dc6b-4e44-9f5b-5d060ae14393	5	138150737	146390928	4718	0.0489
c84edf9f-dc6b-4e44-9f5b-5d060ae14393	5	146391336	148809848	1693	0.1001
c84edf9f-dc6b-4e44-9f5b-5d060ae14393	5	148809863	164023149	10324	0.0515
c84edf9f-dc6b-4e44-9f5b-5d060ae14393	5	164023444	164526311	294	-0.5745
c84edf9f-dc6b-4e44-9f5b-5d060ae14393	5	164531487	177771448	9127	0.0548
c84edf9f-dc6b-4e44-9f5b-5d060ae14393	5	177800550	177805604	3	2.9584
c84edf9f-dc6b-4e44-9f5b-5d060ae14393	5	177827964	181363319	1978	0.0467
c84edf9f-dc6b-4e44-9f5b-5d060ae14393	6	149661	31305253	22230	0.0595
c84edf9f-dc6b-4e44-9f5b-5d060ae14393	6	31305926	31328674	13	1.0596
c84edf9f-dc6b-4e44-9f5b-5d060ae14393	6	31342147	32718419	595	0.1027
c84edf9f-dc6b-4e44-9f5b-5d060ae14393	6	32720838	32721076	3	-1.5029
c84edf9f-dc6b-4e44-9f5b-5d060ae14393	6	32721547	54066353	13618	0.0494
c84edf9f-dc6b-4e44-9f5b-5d060ae14393	6	54066432	54067057	6	-2.1093
c84edf9f-dc6b-4e44-9f5b-5d060ae14393	6	54070550	64627049	4213	0.0499
c84edf9f-dc6b-4e44-9f5b-5d060ae14393	6	64637651	64639099	2	1.7466
c84edf9f-dc6b-4e44-9f5b-5d060ae14393	6	64640883	66298393	1102	0.0396
c84edf9f-dc6b-4e44-9f5b-5d060ae14393	6	66299130	66338736	54	-0.8162
c84edf9f-dc6b-4e44-9f5b-5d060ae14393	6	66339513	76305231	6449	0.0744
c84edf9f-dc6b-4e44-9f5b-5d060ae14393	6	76307183	76307209	3	-1.5874
c84edf9f-dc6b-4e44-9f5b-5d060ae14393	6	76307276	76726815	295	0.0296
c84edf9f-dc6b-4e44-9f5b-5d060ae14393	6	76730151	76743040	21	-0.4665
c84edf9f-dc6b-4e44-9f5b-5d060ae14393	6	76751356	78262427	983	0.0669
c84edf9f-dc6b-4e44-9f5b-5d060ae14393	6	78262451	78317798	96	0.3408
c84edf9f-dc6b-4e44-9f5b-5d060ae14393	6	78318053	80568270	1431	0.0705
c84edf9f-dc6b-4e44-9f5b-5d060ae14393	6	80574472	80579817	33	-0.8665
c84edf9f-dc6b-4e44-9f5b-5d060ae14393	6	80584624	94800143	9084	0.0648
c84edf9f-dc6b-4e44-9f5b-5d060ae14393	6	94802521	94850436	42	-0.9655
c84edf9f-dc6b-4e44-9f5b-5d060ae14393	6	94857268	100699219	3299	0.0908
c84edf9f-dc6b-4e44-9f5b-5d060ae14393	6	100704755	100848221	88	-0.5721
c84edf9f-dc6b-4e44-9f5b-5d060ae14393	6	100852162	132558161	19458	0.0722
c84edf9f-dc6b-4e44-9f5b-5d060ae14393	6	132559532	132560175	3	-2.0222
c84edf9f-dc6b-4e44-9f5b-5d060ae14393	6	132561156	161365609	19301	0.062
c84edf9f-dc6b-4e44-9f5b-5d060ae14393	6	161365662	169092812	5730	0.098
c84edf9f-dc6b-4e44-9f5b-5d060ae14393	6	169093884	170741917	964	0.0521
c84edf9f-dc6b-4e44-9f5b-5d060ae14393	7	43355	4774611	2574	0.5078
c84edf9f-dc6b-4e44-9f5b-5d060ae14393	7	4776943	7018199	901	0.4263
c84edf9f-dc6b-4e44-9f5b-5d060ae14393	7	7018691	53154695	34020	0.5195
c84edf9f-dc6b-4e44-9f5b-5d060ae14393	7	53155021	53156532	2	-1.199
c84edf9f-dc6b-4e44-9f5b-5d060ae14393	7	53156879	54299223	838	0.5228
c84edf9f-dc6b-4e44-9f5b-5d060ae14393	7	54318812	54318824	6	-1.5903
c84edf9f-dc6b-4e44-9f5b-5d060ae14393	7	54325795	55642410	1105	0.524
c84edf9f-dc6b-4e44-9f5b-5d060ae14393	7	55643051	76648458	7177	0.4577
c84edf9f-dc6b-4e44-9f5b-5d060ae14393	7	76653459	97777651	13497	0.5234
c84edf9f-dc6b-4e44-9f5b-5d060ae14393	7	97777749	97788298	3	-0.8735
c84edf9f-dc6b-4e44-9f5b-5d060ae14393	7	97791337	102807005	2063	0.4316
c84edf9f-dc6b-4e44-9f5b-5d060ae14393	7	102807165	109793741	4493	0.524
c84edf9f-dc6b-4e44-9f5b-5d060ae14393	7	109797035	109813925	35	1.0575
c84edf9f-dc6b-4e44-9f5b-5d060ae14393	7	109814172	126405690	9998	0.5246
c84edf9f-dc6b-4e44-9f5b-5d060ae14393	7	126405970	126406561	7	-1.9321
c84edf9f-dc6b-4e44-9f5b-5d060ae14393	7	126406822	134093899	4682	0.5079
c84edf9f-dc6b-4e44-9f5b-5d060ae14393	7	134100424	134113805	34	-0.1794
c84edf9f-dc6b-4e44-9f5b-5d060ae14393	7	134114093	135273509	861	0.5102
c84edf9f-dc6b-4e44-9f5b-5d060ae14393	7	135275623	136379934	762	0.1063
c84edf9f-dc6b-4e44-9f5b-5d060ae14393	7	136392780	142252798	3709	0.5434
c84edf9f-dc6b-4e44-9f5b-5d060ae14393	7	142253285	142259629	2	-1.1957
c84edf9f-dc6b-4e44-9f5b-5d060ae14393	7	142259990	159334314	10695	0.5293
c84edf9f-dc6b-4e44-9f5b-5d060ae14393	8	81254	2679484	1845	0.0641
c84edf9f-dc6b-4e44-9f5b-5d060ae14393	8	2682544	2697541	19	0.7063
c84edf9f-dc6b-4e44-9f5b-5d060ae14393	8	2698630	4137245	1815	0.0766
c84edf9f-dc6b-4e44-9f5b-5d060ae14393	8	4140085	4144794	9	-1.5663
c84edf9f-dc6b-4e44-9f5b-5d060ae14393	8	4145131	12177488	7296	0.0649
c84edf9f-dc6b-4e44-9f5b-5d060ae14393	8	12323772	12376891	11	-1.4909
c84edf9f-dc6b-4e44-9f5b-5d060ae14393	8	12382326	16941408	3975	0.0338
c84edf9f-dc6b-4e44-9f5b-5d060ae14393	8	16950688	16970748	25	-0.9644
c84edf9f-dc6b-4e44-9f5b-5d060ae14393	8	16972287	18407644	1325	0.061
c84edf9f-dc6b-4e44-9f5b-5d060ae14393	8	18408647	18413675	4	-1.9993
c84edf9f-dc6b-4e44-9f5b-5d060ae14393	8	18413877	39389156	14055	0.0431
c84edf9f-dc6b-4e44-9f5b-5d060ae14393	8	39389592	39530780	57	-0.4457
c84edf9f-dc6b-4e44-9f5b-5d060ae14393	8	39531260	40326278	586	0.04
c84edf9f-dc6b-4e44-9f5b-5d060ae14393	8	40326280	40331992	33	-0.8232
c84edf9f-dc6b-4e44-9f5b-5d060ae14393	8	40335391	111279265	41214	0.0488
c84edf9f-dc6b-4e44-9f5b-5d060ae14393	8	111282050	111283031	9	-1.5646
c84edf9f-dc6b-4e44-9f5b-5d060ae14393	8	111288052	145072769	22818	0.0434
c84edf9f-dc6b-4e44-9f5b-5d060ae14393	9	46587	5079156	5218	0.0448
c84edf9f-dc6b-4e44-9f5b-5d060ae14393	9	5081416	5081766	8	-1.0917
c84edf9f-dc6b-4e44-9f5b-5d060ae14393	9	5081852	21869080	14112	0.0486
c84edf9f-dc6b-4e44-9f5b-5d060ae14393	9	21874269	21977195	51	-0.5789
c84edf9f-dc6b-4e44-9f5b-5d060ae14393	9	21978444	42042339	11727	0.0407
c84edf9f-dc6b-4e44-9f5b-5d060ae14393	9	42073850	42715632	44	-0.6905
c84edf9f-dc6b-4e44-9f5b-5d060ae14393	9	42719891	61520021	46	-0.0842
c84edf9f-dc6b-4e44-9f5b-5d060ae14393	9	61521913	61647899	29	-1.8178
c84edf9f-dc6b-4e44-9f5b-5d060ae14393	9	61665362	67216687	156	-0.1127
c84edf9f-dc6b-4e44-9f5b-5d060ae14393	9	67375814	87907679	14143	0.0426
c84edf9f-dc6b-4e44-9f5b-5d060ae14393	9	87939236	87943042	3	-1.6975
c84edf9f-dc6b-4e44-9f5b-5d060ae14393	9	87943263	126454569	27237	0.0375
c84edf9f-dc6b-4e44-9f5b-5d060ae14393	9	126454748	135272148	5176	-0.0022
c84edf9f-dc6b-4e44-9f5b-5d060ae14393	9	135272192	135401795	97	0.1955
c84edf9f-dc6b-4e44-9f5b-5d060ae14393	9	135402232	138200944	1040	-0.0057
c84edf9f-dc6b-4e44-9f5b-5d060ae14393	10	45792	6176316	5178	-0.5533
c84edf9f-dc6b-4e44-9f5b-5d060ae14393	10	6178425	6179876	3	-2.5153
c84edf9f-dc6b-4e44-9f5b-5d060ae14393	10	6180781	24088746	13854	-0.5479
c84edf9f-dc6b-4e44-9f5b-5d060ae14393	10	24088747	24089125	9	-2.6655
c84edf9f-dc6b-4e44-9f5b-5d060ae14393	10	24089979	28162062	2762	-0.5457
c84edf9f-dc6b-4e44-9f5b-5d060ae14393	10	28162320	28162360	2	-2.8844
c84edf9f-dc6b-4e44-9f5b-5d060ae14393	10	28162815	46146453	9456	-0.5462
c84edf9f-dc6b-4e44-9f5b-5d060ae14393	10	46154876	46560525	215	0.1837
c84edf9f-dc6b-4e44-9f5b-5d060ae14393	10	46606240	79624118	21811	-0.5431
c84edf9f-dc6b-4e44-9f5b-5d060ae14393	10	79624128	79625643	3	-2.2751
c84edf9f-dc6b-4e44-9f5b-5d060ae14393	10	79625693	87286741	5182	-0.5498
c84edf9f-dc6b-4e44-9f5b-5d060ae14393	10	87310039	87335259	7	-2.0788
c84edf9f-dc6b-4e44-9f5b-5d060ae14393	10	87335788	133654968	31537	-0.5401
c84edf9f-dc6b-4e44-9f5b-5d060ae14393	11	198510	40455218	28083	-0.0925
c84edf9f-dc6b-4e44-9f5b-5d060ae14393	11	40455256	40505468	30	-0.5932
c84edf9f-dc6b-4e44-9f5b-5d060ae14393	11	40506310	55606712	6192	-0.1028
c84edf9f-dc6b-4e44-9f5b-5d060ae14393	11	55606727	55685533	56	-0.8231
c84edf9f-dc6b-4e44-9f5b-5d060ae14393	11	55686100	70545611	7629	-0.1101
c84edf9f-dc6b-4e44-9f5b-5d060ae14393	11	70546243	70546349	2	-2.3512
c84edf9f-dc6b-4e44-9f5b-5d060ae14393	11	70547213	78567746	4200	-0.1085
c84edf9f-dc6b-4e44-9f5b-5d060ae14393	11	78568222	80437364	1551	-0.0178
c84edf9f-dc6b-4e44-9f5b-5d060ae14393	11	80441679	80836172	259	-0.7915
c84edf9f-dc6b-4e44-9f5b-5d060ae14393	11	80839796	86178616	3704	-0.0351
c84edf9f-dc6b-4e44-9f5b-5d060ae14393	11	86178906	86187779	16	-1.2097
c84edf9f-dc6b-4e44-9f5b-5d060ae14393	11	86188770	107359993	14836	-0.0483
c84edf9f-dc6b-4e44-9f5b-5d060ae14393	11	107367930	107368402	7	-1.8431
c84edf9f-dc6b-4e44-9f5b-5d060ae14393	11	107381636	135074876	19822	-0.0394
c84edf9f-dc6b-4e44-9f5b-5d060ae14393	12	51460	9477960	6146	0.0424
c84edf9f-dc6b-4e44-9f5b-5d060ae14393	12	9481274	9582374	26	1.4936
c84edf9f-dc6b-4e44-9f5b-5d060ae14393	12	9583090	11358644	1167	0.0435
c84edf9f-dc6b-4e44-9f5b-5d060ae14393	12	11359558	11390472	29	-0.6241
c84edf9f-dc6b-4e44-9f5b-5d060ae14393	12	11399258	33233822	15373	0.0469
c84edf9f-dc6b-4e44-9f5b-5d060ae14393	12	33235894	33242483	5	-3.3502
c84edf9f-dc6b-4e44-9f5b-5d060ae14393	12	33246118	45510655	5514	0.0415
c84edf9f-dc6b-4e44-9f5b-5d060ae14393	12	45512057	45515754	3	-3.2803
c84edf9f-dc6b-4e44-9f5b-5d060ae14393	12	45519509	57424996	6642	0.0292
c84edf9f-dc6b-4e44-9f5b-5d060ae14393	12	57428693	57908653	229	1.8357
c84edf9f-dc6b-4e44-9f5b-5d060ae14393	12	57909404	60320973	1669	0.0579
c84edf9f-dc6b-4e44-9f5b-5d060ae14393	12	60325899	60329920	4	-1.1043
c84edf9f-dc6b-4e44-9f5b-5d060ae14393	12	60330680	63615036	2060	0.0599
c84edf9f-dc6b-4e44-9f5b-5d060ae14393	12	63620697	72848336	6010	0.0008
c84edf9f-dc6b-4e44-9f5b-5d060ae14393	12	72851624	72859412	3	-1.4598
c84edf9f-dc6b-4e44-9f5b-5d060ae14393	12	72860106	80446147	4808	0.0158
c84edf9f-dc6b-4e44-9f5b-5d060ae14393	12	80446276	80456533	2	-2.3855
c84edf9f-dc6b-4e44-9f5b-5d060ae14393	12	80458189	92220268	7089	0.0018
c84edf9f-dc6b-4e44-9f5b-5d060ae14393	12	92220430	99401959	5029	0.0516
c84edf9f-dc6b-4e44-9f5b-5d060ae14393	12	99401995	99402549	7	-0.9058
c84edf9f-dc6b-4e44-9f5b-5d060ae14393	12	99402551	99599628	147	0.0414
c84edf9f-dc6b-4e44-9f5b-5d060ae14393	12	99600560	99614121	12	-1.135
c84edf9f-dc6b-4e44-9f5b-5d060ae14393	12	99614543	113699660	8928	0.0461
c84edf9f-dc6b-4e44-9f5b-5d060ae14393	12	113701914	113719122	12	0.7612
c84edf9f-dc6b-4e44-9f5b-5d060ae14393	12	113720536	120069419	4810	0.0436
c84edf9f-dc6b-4e44-9f5b-5d060ae14393	12	120071938	125007799	2441	-0.0014
c84edf9f-dc6b-4e44-9f5b-5d060ae14393	12	125009132	130028387	4371	0.0513
c84edf9f-dc6b-4e44-9f5b-5d060ae14393	12	130034810	130035119	2	-2.3095
c84edf9f-dc6b-4e44-9f5b-5d060ae14393	12	130035265	131636170	1326	0.038
c84edf9f-dc6b-4e44-9f5b-5d060ae14393	12	131648039	131648790	13	-2.1626
c84edf9f-dc6b-4e44-9f5b-5d060ae14393	12	131657925	133201603	554	0.0476
c84edf9f-dc6b-4e44-9f5b-5d060ae14393	13	18452809	18833025	86	-0.5081
c84edf9f-dc6b-4e44-9f5b-5d060ae14393	13	18833965	18844220	6	-1.9915
c84edf9f-dc6b-4e44-9f5b-5d060ae14393	13	18844391	37501828	13305	-0.5189
c84edf9f-dc6b-4e44-9f5b-5d060ae14393	13	37502130	37510595	11	-1.771
c84edf9f-dc6b-4e44-9f5b-5d060ae14393	13	37510620	43702169	4443	-0.5042
c84edf9f-dc6b-4e44-9f5b-5d060ae14393	13	43704770	43704790	2	-2.4491
c84edf9f-dc6b-4e44-9f5b-5d060ae14393	13	43705869	57129840	7975	-0.5213
c84edf9f-dc6b-4e44-9f5b-5d060ae14393	13	57129929	57138666	2	-2.5426
c84edf9f-dc6b-4e44-9f5b-5d060ae14393	13	57139094	58010656	462	-0.5387
c84edf9f-dc6b-4e44-9f5b-5d060ae14393	13	58016147	58022896	5	-4.9659
c84edf9f-dc6b-4e44-9f5b-5d060ae14393	13	58027918	68558328	6333	-0.5357
c84edf9f-dc6b-4e44-9f5b-5d060ae14393	13	68565286	68565656	5	-1.8138
c84edf9f-dc6b-4e44-9f5b-5d060ae14393	13	68565720	89482973	13502	-0.5249
c84edf9f-dc6b-4e44-9f5b-5d060ae14393	13	89486353	89487089	4	-2.74
c84edf9f-dc6b-4e44-9f5b-5d060ae14393	13	89487871	114072282	17454	-0.5296
c84edf9f-dc6b-4e44-9f5b-5d060ae14393	13	114072313	114073967	2	-2.6544
c84edf9f-dc6b-4e44-9f5b-5d060ae14393	13	114074009	114342922	121	-0.5314
c84edf9f-dc6b-4e44-9f5b-5d060ae14393	14	18239283	69644775	31462	-0.538
c84edf9f-dc6b-4e44-9f5b-5d060ae14393	14	69649319	73540003	2562	0.0586
c84edf9f-dc6b-4e44-9f5b-5d060ae14393	14	73540147	73563196	8	-2.1636
c84edf9f-dc6b-4e44-9f5b-5d060ae14393	14	73563211	106877229	21067	0.0429
c84edf9f-dc6b-4e44-9f5b-5d060ae14393	15	19811075	20336727	75	0.0478
c84edf9f-dc6b-4e44-9f5b-5d060ae14393	15	20345433	20988347	81	0.3671
c84edf9f-dc6b-4e44-9f5b-5d060ae14393	15	21005443	21417107	19	-0.0107
c84edf9f-dc6b-4e44-9f5b-5d060ae14393	15	21975606	22003073	4	2.1489
c84edf9f-dc6b-4e44-9f5b-5d060ae14393	15	22005276	30281107	4647	0.0439
c84edf9f-dc6b-4e44-9f5b-5d060ae14393	15	30281121	30500366	16	0.7162
c84edf9f-dc6b-4e44-9f5b-5d060ae14393	15	30503586	32257550	1058	0.056
c84edf9f-dc6b-4e44-9f5b-5d060ae14393	15	32283641	32285940	2	-1.8339
c84edf9f-dc6b-4e44-9f5b-5d060ae14393	15	32307601	33492955	776	0.0619
c84edf9f-dc6b-4e44-9f5b-5d060ae14393	15	33493282	34285641	636	-0.5612
c84edf9f-dc6b-4e44-9f5b-5d060ae14393	15	34295438	34497603	134	-0.7847
c84edf9f-dc6b-4e44-9f5b-5d060ae14393	15	34502721	40152146	3985	-0.5359
c84edf9f-dc6b-4e44-9f5b-5d060ae14393	15	40158524	76598900	22323	0.0421
c84edf9f-dc6b-4e44-9f5b-5d060ae14393	15	76599170	76603434	21	0.9628
c84edf9f-dc6b-4e44-9f5b-5d060ae14393	15	76609838	101928837	17540	0.038
c84edf9f-dc6b-4e44-9f5b-5d060ae14393	16	10777	603333	282	0.1488
c84edf9f-dc6b-4e44-9f5b-5d060ae14393	16	603459	5697274	2502	0.0222
c84edf9f-dc6b-4e44-9f5b-5d060ae14393	16	5697453	10227145	4938	0.0846
c84edf9f-dc6b-4e44-9f5b-5d060ae14393	16	10227771	18073660	4994	0.0509
c84edf9f-dc6b-4e44-9f5b-5d060ae14393	16	18078624	18545889	21	0.545
c84edf9f-dc6b-4e44-9f5b-5d060ae14393	16	18583078	35232200	7360	0.0415
c84edf9f-dc6b-4e44-9f5b-5d060ae14393	16	35236333	35526596	168	0.4542
c84edf9f-dc6b-4e44-9f5b-5d060ae14393	16	35530722	56527582	7040	0.0665
c84edf9f-dc6b-4e44-9f5b-5d060ae14393	16	56528111	66244870	6501	0.029
c84edf9f-dc6b-4e44-9f5b-5d060ae14393	16	66245265	70720535	2000	-0.0223
c84edf9f-dc6b-4e44-9f5b-5d060ae14393	16	70721241	74149297	1949	0.0191
c84edf9f-dc6b-4e44-9f5b-5d060ae14393	16	74154421	74350360	122	0.5688
c84edf9f-dc6b-4e44-9f5b-5d060ae14393	16	74363160	78617665	3577	0.012
c84edf9f-dc6b-4e44-9f5b-5d060ae14393	16	78619490	78674912	63	-0.8478
c84edf9f-dc6b-4e44-9f5b-5d060ae14393	16	78677693	90096867	10142	0.0313
c84edf9f-dc6b-4e44-9f5b-5d060ae14393	17	150733	538035	185	0.081
c84edf9f-dc6b-4e44-9f5b-5d060ae14393	17	538129	865182	197	-0.542
c84edf9f-dc6b-4e44-9f5b-5d060ae14393	17	865604	1332023	195	0.0596
c84edf9f-dc6b-4e44-9f5b-5d060ae14393	17	1337649	1748403	181	-0.5991
c84edf9f-dc6b-4e44-9f5b-5d060ae14393	17	1753224	41266805	19974	0.0398
c84edf9f-dc6b-4e44-9f5b-5d060ae14393	17	41266825	41267234	10	-1.0355
c84edf9f-dc6b-4e44-9f5b-5d060ae14393	17	41271598	46110945	2511	0.0142
c84edf9f-dc6b-4e44-9f5b-5d060ae14393	17	46111026	46215389	92	-0.4094
c84edf9f-dc6b-4e44-9f5b-5d060ae14393	17	46234104	52674853	3430	0.0393
c84edf9f-dc6b-4e44-9f5b-5d060ae14393	17	52682193	52682208	2	-1.7084
c84edf9f-dc6b-4e44-9f5b-5d060ae14393	17	52682659	78596002	15936	0.0471
c84edf9f-dc6b-4e44-9f5b-5d060ae14393	17	78596565	78682128	80	0.2698
c84edf9f-dc6b-4e44-9f5b-5d060ae14393	17	78682858	83091923	2050	0.022
c84edf9f-dc6b-4e44-9f5b-5d060ae14393	18	48133	22654246	11178	-0.4512
c84edf9f-dc6b-4e44-9f5b-5d060ae14393	18	22655718	22827552	103	0.1577
c84edf9f-dc6b-4e44-9f5b-5d060ae14393	18	22831258	25634096	1797	-0.4346
c84edf9f-dc6b-4e44-9f5b-5d060ae14393	18	25634770	26525119	522	0.1467
c84edf9f-dc6b-4e44-9f5b-5d060ae14393	18	26527349	26547349	23	-0.4006
c84edf9f-dc6b-4e44-9f5b-5d060ae14393	18	26554529	26761434	157	0.5597
c84edf9f-dc6b-4e44-9f5b-5d060ae14393	18	26762876	27474638	474	0.8767
c84edf9f-dc6b-4e44-9f5b-5d060ae14393	18	27477175	27816526	246	0.6042
c84edf9f-dc6b-4e44-9f5b-5d060ae14393	18	27817034	28159160	228	0.9036
c84edf9f-dc6b-4e44-9f5b-5d060ae14393	18	28162272	28797915	381	1.1183
c84edf9f-dc6b-4e44-9f5b-5d060ae14393	18	28798771	29006258	119	1.6213
c84edf9f-dc6b-4e44-9f5b-5d060ae14393	18	29009004	30232420	706	1.4007
c84edf9f-dc6b-4e44-9f5b-5d060ae14393	18	30234583	30236003	4	-0.0215
c84edf9f-dc6b-4e44-9f5b-5d060ae14393	18	30238649	30548695	210	1.3431
c84edf9f-dc6b-4e44-9f5b-5d060ae14393	18	30549770	30920488	225	1.5436
c84edf9f-dc6b-4e44-9f5b-5d060ae14393	18	30928883	32768338	1312	1.3156
c84edf9f-dc6b-4e44-9f5b-5d060ae14393	18	32774234	33686777	536	1.4082
c84edf9f-dc6b-4e44-9f5b-5d060ae14393	18	33690287	35145791	848	0.9222
c84edf9f-dc6b-4e44-9f5b-5d060ae14393	18	35150870	35608164	248	0.5587
c84edf9f-dc6b-4e44-9f5b-5d060ae14393	18	35611588	35661553	28	1.0099
c84edf9f-dc6b-4e44-9f5b-5d060ae14393	18	35664410	36523729	587	0.604
c84edf9f-dc6b-4e44-9f5b-5d060ae14393	18	36523923	36568832	48	0.9059
c84edf9f-dc6b-4e44-9f5b-5d060ae14393	18	36569102	37163728	422	0.5701
c84edf9f-dc6b-4e44-9f5b-5d060ae14393	18	37168970	37223761	25	1.0105
c84edf9f-dc6b-4e44-9f5b-5d060ae14393	18	37224659	37928807	473	0.5962
c84edf9f-dc6b-4e44-9f5b-5d060ae14393	18	37936652	37988906	38	0.1505
c84edf9f-dc6b-4e44-9f5b-5d060ae14393	18	37990706	38057880	49	0.5384
c84edf9f-dc6b-4e44-9f5b-5d060ae14393	18	38058138	38107932	38	0.2933
c84edf9f-dc6b-4e44-9f5b-5d060ae14393	18	38107949	38119423	8	0.6714
c84edf9f-dc6b-4e44-9f5b-5d060ae14393	18	38119474	38789646	479	0.8883
c84edf9f-dc6b-4e44-9f5b-5d060ae14393	18	38795294	39082393	196	0.619
c84edf9f-dc6b-4e44-9f5b-5d060ae14393	18	39086259	39295089	105	0.1409
c84edf9f-dc6b-4e44-9f5b-5d060ae14393	18	39300293	39380799	57	0.5415
c84edf9f-dc6b-4e44-9f5b-5d060ae14393	18	39384434	39609347	116	0.1862
c84edf9f-dc6b-4e44-9f5b-5d060ae14393	18	39614535	40122518	301	0.5948
c84edf9f-dc6b-4e44-9f5b-5d060ae14393	18	40123974	40854820	521	0.2014
c84edf9f-dc6b-4e44-9f5b-5d060ae14393	18	40858687	40919514	40	0.5923
c84edf9f-dc6b-4e44-9f5b-5d060ae14393	18	40919993	41525408	413	0.1856
c84edf9f-dc6b-4e44-9f5b-5d060ae14393	18	41525585	41752297	174	0.8417
c84edf9f-dc6b-4e44-9f5b-5d060ae14393	18	41754377	41800557	29	0.1258
c84edf9f-dc6b-4e44-9f5b-5d060ae14393	18	41804445	41814382	15	0.6247
c84edf9f-dc6b-4e44-9f5b-5d060ae14393	18	41814387	41848450	46	0.2095
c84edf9f-dc6b-4e44-9f5b-5d060ae14393	18	41849576	41892449	32	0.5858
c84edf9f-dc6b-4e44-9f5b-5d060ae14393	18	41897862	42010195	72	-0.3511
c84edf9f-dc6b-4e44-9f5b-5d060ae14393	18	42012719	42024351	6	0.4483
c84edf9f-dc6b-4e44-9f5b-5d060ae14393	18	42025951	42036242	7	-0.4154
c84edf9f-dc6b-4e44-9f5b-5d060ae14393	18	42038301	42228695	104	1.1089
c84edf9f-dc6b-4e44-9f5b-5d060ae14393	18	42231888	42318533	48	0.8929
c84edf9f-dc6b-4e44-9f5b-5d060ae14393	18	42323814	42610304	236	-0.4265
c84edf9f-dc6b-4e44-9f5b-5d060ae14393	18	42610673	42611682	4	-0.1815
c84edf9f-dc6b-4e44-9f5b-5d060ae14393	18	42612724	42675201	40	0.6892
c84edf9f-dc6b-4e44-9f5b-5d060ae14393	18	42684009	42711197	15	-0.4446
c84edf9f-dc6b-4e44-9f5b-5d060ae14393	18	42717323	42848951	76	0.959
c84edf9f-dc6b-4e44-9f5b-5d060ae14393	18	42851914	42861016	8	-0.6537
c84edf9f-dc6b-4e44-9f5b-5d060ae14393	18	42862709	42875194	12	0.9728
c84edf9f-dc6b-4e44-9f5b-5d060ae14393	18	42881131	43007061	87	-0.4968
c84edf9f-dc6b-4e44-9f5b-5d060ae14393	18	43009563	43034792	13	0.7236
c84edf9f-dc6b-4e44-9f5b-5d060ae14393	18	43036688	43039741	3	-0.4105
c84edf9f-dc6b-4e44-9f5b-5d060ae14393	18	43040910	43077678	27	0.3821
c84edf9f-dc6b-4e44-9f5b-5d060ae14393	18	43078118	43247425	106	-0.4667
c84edf9f-dc6b-4e44-9f5b-5d060ae14393	18	43250499	43260956	6	0.851
c84edf9f-dc6b-4e44-9f5b-5d060ae14393	18	43266844	43270331	6	-0.0972
c84edf9f-dc6b-4e44-9f5b-5d060ae14393	18	43270757	43306496	14	0.4586
c84edf9f-dc6b-4e44-9f5b-5d060ae14393	18	43309610	43374364	47	-0.4739
c84edf9f-dc6b-4e44-9f5b-5d060ae14393	18	43378675	43408099	13	0.5198
c84edf9f-dc6b-4e44-9f5b-5d060ae14393	18	43408474	43424527	12	-0.6543
c84edf9f-dc6b-4e44-9f5b-5d060ae14393	18	43427666	43493065	38	0.1817
c84edf9f-dc6b-4e44-9f5b-5d060ae14393	18	43498235	43646732	77	-0.3244
c84edf9f-dc6b-4e44-9f5b-5d060ae14393	18	43646792	43681701	34	0.9271
c84edf9f-dc6b-4e44-9f5b-5d060ae14393	18	43682436	43805572	71	-0.4258
c84edf9f-dc6b-4e44-9f5b-5d060ae14393	18	43805739	43826259	18	-0.0268
c84edf9f-dc6b-4e44-9f5b-5d060ae14393	18	43826554	43983281	87	-0.4663
c84edf9f-dc6b-4e44-9f5b-5d060ae14393	18	43986257	44056565	24	0.4571
c84edf9f-dc6b-4e44-9f5b-5d060ae14393	18	44059121	44120080	38	-0.4565
c84edf9f-dc6b-4e44-9f5b-5d060ae14393	18	44124796	44143741	8	0.301
c84edf9f-dc6b-4e44-9f5b-5d060ae14393	18	44146780	44168280	18	0.5222
c84edf9f-dc6b-4e44-9f5b-5d060ae14393	18	44171504	44244777	54	-0.4255
c84edf9f-dc6b-4e44-9f5b-5d060ae14393	18	44254227	44266937	13	0.9995
c84edf9f-dc6b-4e44-9f5b-5d060ae14393	18	44268474	44329356	34	-0.1119
c84edf9f-dc6b-4e44-9f5b-5d060ae14393	18	44339948	44394853	23	0.2252
c84edf9f-dc6b-4e44-9f5b-5d060ae14393	18	44396921	44423853	14	0.6462
c84edf9f-dc6b-4e44-9f5b-5d060ae14393	18	44424503	44488226	51	0.2575
c84edf9f-dc6b-4e44-9f5b-5d060ae14393	18	44490593	44502355	13	0.1205
c84edf9f-dc6b-4e44-9f5b-5d060ae14393	18	44506937	44523271	18	-0.2992
c84edf9f-dc6b-4e44-9f5b-5d060ae14393	18	44528044	44576635	33	0.173
c84edf9f-dc6b-4e44-9f5b-5d060ae14393	18	44583720	44905222	204	-0.4523
c84edf9f-dc6b-4e44-9f5b-5d060ae14393	18	44909808	44911731	5	0.6188
c84edf9f-dc6b-4e44-9f5b-5d060ae14393	18	44917771	44936293	11	-0.2409
c84edf9f-dc6b-4e44-9f5b-5d060ae14393	18	44936341	44949754	17	0.2466
c84edf9f-dc6b-4e44-9f5b-5d060ae14393	18	44952641	45165849	171	-0.4016
c84edf9f-dc6b-4e44-9f5b-5d060ae14393	18	45171844	45245544	64	0.5493
c84edf9f-dc6b-4e44-9f5b-5d060ae14393	18	45248436	45437699	150	-0.4248
c84edf9f-dc6b-4e44-9f5b-5d060ae14393	18	45438819	45444882	10	0.6577
c84edf9f-dc6b-4e44-9f5b-5d060ae14393	18	45448126	45464014	16	-0.5042
c84edf9f-dc6b-4e44-9f5b-5d060ae14393	18	45464467	45469579	8	-0.8792
c84edf9f-dc6b-4e44-9f5b-5d060ae14393	18	45469907	45516091	38	-0.4311
c84edf9f-dc6b-4e44-9f5b-5d060ae14393	18	45517585	45520621	6	0.4886
c84edf9f-dc6b-4e44-9f5b-5d060ae14393	18	45521001	45524803	7	-0.4478
c84edf9f-dc6b-4e44-9f5b-5d060ae14393	18	45530021	45549628	10	0.6844
c84edf9f-dc6b-4e44-9f5b-5d060ae14393	18	45552146	45559413	9	-0.5604
c84edf9f-dc6b-4e44-9f5b-5d060ae14393	18	45565518	45610635	48	0.5958
c84edf9f-dc6b-4e44-9f5b-5d060ae14393	18	45611549	45645731	26	-0.4969
c84edf9f-dc6b-4e44-9f5b-5d060ae14393	18	45652309	45672847	31	0.2509
c84edf9f-dc6b-4e44-9f5b-5d060ae14393	18	45673135	45845574	130	-0.4669
c84edf9f-dc6b-4e44-9f5b-5d060ae14393	18	45848531	45858471	9	0.2483
c84edf9f-dc6b-4e44-9f5b-5d060ae14393	18	45859307	45886269	11	-0.4375
c84edf9f-dc6b-4e44-9f5b-5d060ae14393	18	45889676	45908435	11	0.1781
c84edf9f-dc6b-4e44-9f5b-5d060ae14393	18	45912759	45935678	12	-0.5686
c84edf9f-dc6b-4e44-9f5b-5d060ae14393	18	45939475	45945394	6	0.7804
c84edf9f-dc6b-4e44-9f5b-5d060ae14393	18	45960792	46088431	65	-0.4093
c84edf9f-dc6b-4e44-9f5b-5d060ae14393	18	46091008	46092247	4	0.7254
c84edf9f-dc6b-4e44-9f5b-5d060ae14393	18	46096971	46147598	17	-0.5716
c84edf9f-dc6b-4e44-9f5b-5d060ae14393	18	46153935	46324940	90	0.1504
c84edf9f-dc6b-4e44-9f5b-5d060ae14393	18	46324979	46368619	31	0.5649
c84edf9f-dc6b-4e44-9f5b-5d060ae14393	18	46374967	46464859	58	0.0937
c84edf9f-dc6b-4e44-9f5b-5d060ae14393	18	46471033	46565340	80	-0.4787
c84edf9f-dc6b-4e44-9f5b-5d060ae14393	18	46566873	46589181	19	0.1378
c84edf9f-dc6b-4e44-9f5b-5d060ae14393	18	46589554	46614426	17	-0.448
c84edf9f-dc6b-4e44-9f5b-5d060ae14393	18	46615195	46688685	69	0.1918
c84edf9f-dc6b-4e44-9f5b-5d060ae14393	18	46693127	46742533	41	-0.4734
c84edf9f-dc6b-4e44-9f5b-5d060ae14393	18	46750879	46762298	14	0.1919
c84edf9f-dc6b-4e44-9f5b-5d060ae14393	18	46763798	46781184	12	-0.525
c84edf9f-dc6b-4e44-9f5b-5d060ae14393	18	46785292	46794718	8	0.1891
c84edf9f-dc6b-4e44-9f5b-5d060ae14393	18	46796757	46923521	53	-0.4332
c84edf9f-dc6b-4e44-9f5b-5d060ae14393	18	46929101	46940426	7	0.7233
c84edf9f-dc6b-4e44-9f5b-5d060ae14393	18	46944171	47052811	23	-0.5901
c84edf9f-dc6b-4e44-9f5b-5d060ae14393	18	47055393	47110664	31	0.0374
c84edf9f-dc6b-4e44-9f5b-5d060ae14393	18	47110692	51035715	2840	-0.439
c84edf9f-dc6b-4e44-9f5b-5d060ae14393	18	51036434	51040017	17	1.1207
c84edf9f-dc6b-4e44-9f5b-5d060ae14393	18	51041901	52327708	927	-0.4435
c84edf9f-dc6b-4e44-9f5b-5d060ae14393	18	52328210	52467477	135	0.6884
c84edf9f-dc6b-4e44-9f5b-5d060ae14393	18	52476148	77065855	17632	-0.4533
c84edf9f-dc6b-4e44-9f5b-5d060ae14393	18	77066559	77103899	31	0.1643
c84edf9f-dc6b-4e44-9f5b-5d060ae14393	18	77104035	77168644	47	-0.5175
c84edf9f-dc6b-4e44-9f5b-5d060ae14393	18	77169420	77173080	7	0.3615
c84edf9f-dc6b-4e44-9f5b-5d060ae14393	18	77173514	77191555	19	-0.4066
c84edf9f-dc6b-4e44-9f5b-5d060ae14393	18	77193457	77236774	46	0.571
c84edf9f-dc6b-4e44-9f5b-5d060ae14393	18	77238964	77339356	80	-0.4342
c84edf9f-dc6b-4e44-9f5b-5d060ae14393	18	77342564	77365753	18	0.1298
c84edf9f-dc6b-4e44-9f5b-5d060ae14393	18	77367517	77560046	151	-0.4116
c84edf9f-dc6b-4e44-9f5b-5d060ae14393	18	77560549	77567732	12	0.234
c84edf9f-dc6b-4e44-9f5b-5d060ae14393	18	77568791	79049274	1069	-0.4348
c84edf9f-dc6b-4e44-9f5b-5d060ae14393	18	79051145	79052910	13	0.755
c84edf9f-dc6b-4e44-9f5b-5d060ae14393	18	79053109	79055512	12	-0.2739
c84edf9f-dc6b-4e44-9f5b-5d060ae14393	18	79055551	79057189	4	-1.1392
c84edf9f-dc6b-4e44-9f5b-5d060ae14393	18	79057231	79057565	8	-0.2891
c84edf9f-dc6b-4e44-9f5b-5d060ae14393	18	79062469	79119688	22	0.1861
c84edf9f-dc6b-4e44-9f5b-5d060ae14393	18	79124087	79191493	36	-0.4547
c84edf9f-dc6b-4e44-9f5b-5d060ae14393	18	79191623	79300370	63	-0.0816
c84edf9f-dc6b-4e44-9f5b-5d060ae14393	18	79302708	79328225	13	0.5998
c84edf9f-dc6b-4e44-9f5b-5d060ae14393	18	79329335	80257174	442	-0.4195
c84edf9f-dc6b-4e44-9f5b-5d060ae14393	19	90910	4788358	1272	0.3729
c84edf9f-dc6b-4e44-9f5b-5d060ae14393	19	4788415	4789513	3	-0.9243
c84edf9f-dc6b-4e44-9f5b-5d060ae14393	19	4795330	9163124	2105	0.3876
c84edf9f-dc6b-4e44-9f5b-5d060ae14393	19	9163996	9166800	4	-0.7664
c84edf9f-dc6b-4e44-9f5b-5d060ae14393	19	9167445	14928127	2695	0.3768
c84edf9f-dc6b-4e44-9f5b-5d060ae14393	19	14934380	14938487	3	-1.1483
c84edf9f-dc6b-4e44-9f5b-5d060ae14393	19	14940475	20411869	2813	0.3685
c84edf9f-dc6b-4e44-9f5b-5d060ae14393	19	20413400	20538428	70	-0.1439
c84edf9f-dc6b-4e44-9f5b-5d060ae14393	19	20538656	33353571	6329	0.4118
c84edf9f-dc6b-4e44-9f5b-5d060ae14393	19	33355471	33568135	149	0.6984
c84edf9f-dc6b-4e44-9f5b-5d060ae14393	19	33570032	33580497	15	0.2444
c84edf9f-dc6b-4e44-9f5b-5d060ae14393	19	33584508	33706006	88	0.7747
c84edf9f-dc6b-4e44-9f5b-5d060ae14393	19	33707063	33752975	47	-0.0299
c84edf9f-dc6b-4e44-9f5b-5d060ae14393	19	33755023	33767580	10	0.7093
c84edf9f-dc6b-4e44-9f5b-5d060ae14393	19	33768941	33841771	38	-0.158
c84edf9f-dc6b-4e44-9f5b-5d060ae14393	19	33842081	33856837	12	0.79
c84edf9f-dc6b-4e44-9f5b-5d060ae14393	19	33857444	33990006	109	0.0457
c84edf9f-dc6b-4e44-9f5b-5d060ae14393	19	33996029	34046602	37	1.0386
c84edf9f-dc6b-4e44-9f5b-5d060ae14393	19	34050221	34066074	13	-0.1789
c84edf9f-dc6b-4e44-9f5b-5d060ae14393	19	34070287	34314622	161	0.4175
c84edf9f-dc6b-4e44-9f5b-5d060ae14393	19	34314892	35358420	680	-0.0213
c84edf9f-dc6b-4e44-9f5b-5d060ae14393	19	35364451	35370946	21	-1.6553
c84edf9f-dc6b-4e44-9f5b-5d060ae14393	19	35375842	42786621	3669	-0.0332
c84edf9f-dc6b-4e44-9f5b-5d060ae14393	19	42790238	43060054	116	-0.8559
c84edf9f-dc6b-4e44-9f5b-5d060ae14393	19	43060378	51639362	4210	-0.0353
c84edf9f-dc6b-4e44-9f5b-5d060ae14393	19	51639677	51654162	15	0.6333
c84edf9f-dc6b-4e44-9f5b-5d060ae14393	19	51654184	53009562	925	0.0129
c84edf9f-dc6b-4e44-9f5b-5d060ae14393	19	53010259	53051455	30	0.5047
c84edf9f-dc6b-4e44-9f5b-5d060ae14393	19	53053571	53761862	538	-0.0085
c84edf9f-dc6b-4e44-9f5b-5d060ae14393	19	53762024	54091019	157	0.7026
c84edf9f-dc6b-4e44-9f5b-5d060ae14393	19	54091072	54145724	17	0.0145
c84edf9f-dc6b-4e44-9f5b-5d060ae14393	19	54151532	54270347	77	0.5163
c84edf9f-dc6b-4e44-9f5b-5d060ae14393	19	54282102	54316973	15	0.0749
c84edf9f-dc6b-4e44-9f5b-5d060ae14393	19	54317737	54365045	21	0.6869
c84edf9f-dc6b-4e44-9f5b-5d060ae14393	19	54378691	54499599	53	-0.0012
c84edf9f-dc6b-4e44-9f5b-5d060ae14393	19	54502555	54508081	8	0.5767
c84edf9f-dc6b-4e44-9f5b-5d060ae14393	19	54515214	54563023	36	-0.1041
c84edf9f-dc6b-4e44-9f5b-5d060ae14393	19	54569678	54584045	9	0.3444
c84edf9f-dc6b-4e44-9f5b-5d060ae14393	19	54586286	54618453	21	0.7914
c84edf9f-dc6b-4e44-9f5b-5d060ae14393	19	54626926	54655379	24	0.0588
c84edf9f-dc6b-4e44-9f5b-5d060ae14393	19	54659631	54823536	94	0.8895
c84edf9f-dc6b-4e44-9f5b-5d060ae14393	19	54823756	54868201	28	0.3223
c84edf9f-dc6b-4e44-9f5b-5d060ae14393	19	54871595	54911629	12	0.879
c84edf9f-dc6b-4e44-9f5b-5d060ae14393	19	54914646	55024838	74	-0.0607
c84edf9f-dc6b-4e44-9f5b-5d060ae14393	19	55026094	55079303	47	0.3791
c84edf9f-dc6b-4e44-9f5b-5d060ae14393	19	55089368	55130809	17	-0.1085
c84edf9f-dc6b-4e44-9f5b-5d060ae14393	19	55131423	55139376	12	0.3981
c84edf9f-dc6b-4e44-9f5b-5d060ae14393	19	55150501	55411517	93	-0.0674
c84edf9f-dc6b-4e44-9f5b-5d060ae14393	19	55412067	55428730	12	0.4318
c84edf9f-dc6b-4e44-9f5b-5d060ae14393	19	55431432	55498759	20	-0.1855
c84edf9f-dc6b-4e44-9f5b-5d060ae14393	19	55504430	55539477	21	0.7106
c84edf9f-dc6b-4e44-9f5b-5d060ae14393	19	55551818	55645081	41	-0.0849
c84edf9f-dc6b-4e44-9f5b-5d060ae14393	19	55655747	55771003	73	0.6067
c84edf9f-dc6b-4e44-9f5b-5d060ae14393	19	55771169	55771701	3	-2.8613
c84edf9f-dc6b-4e44-9f5b-5d060ae14393	19	55774927	55795036	17	0.7034
c84edf9f-dc6b-4e44-9f5b-5d060ae14393	19	55796217	55796481	5	-0.2325
c84edf9f-dc6b-4e44-9f5b-5d060ae14393	19	55797784	55846772	65	0.6104
c84edf9f-dc6b-4e44-9f5b-5d060ae14393	19	55849297	55908543	48	0.8624
c84edf9f-dc6b-4e44-9f5b-5d060ae14393	19	55909827	56168391	168	0.5257
c84edf9f-dc6b-4e44-9f5b-5d060ae14393	19	56173153	56398317	158	-0.012
c84edf9f-dc6b-4e44-9f5b-5d060ae14393	19	56401543	56415548	10	1.0843
c84edf9f-dc6b-4e44-9f5b-5d060ae14393	19	56420303	56426816	9	-0.0444
c84edf9f-dc6b-4e44-9f5b-5d060ae14393	19	56429653	56501759	64	0.8726
c84edf9f-dc6b-4e44-9f5b-5d060ae14393	19	56506141	56588449	67	0.4363
c84edf9f-dc6b-4e44-9f5b-5d060ae14393	19	56588853	56658834	54	0.0175
c84edf9f-dc6b-4e44-9f5b-5d060ae14393	19	56668317	56728017	41	0.3498
c84edf9f-dc6b-4e44-9f5b-5d060ae14393	19	56731197	56756734	15	0.7964
c84edf9f-dc6b-4e44-9f5b-5d060ae14393	19	56758748	56852179	43	0.4475
c84edf9f-dc6b-4e44-9f5b-5d060ae14393	19	56858334	56952981	73	-0.0312
c84edf9f-dc6b-4e44-9f5b-5d060ae14393	19	56953655	57116825	138	0.4211
c84edf9f-dc6b-4e44-9f5b-5d060ae14393	19	57117097	57156595	25	-0.0438
c84edf9f-dc6b-4e44-9f5b-5d060ae14393	19	57160331	57243687	48	0.3941
c84edf9f-dc6b-4e44-9f5b-5d060ae14393	19	57248079	57788698	352	0.0087
c84edf9f-dc6b-4e44-9f5b-5d060ae14393	19	57790108	57871020	48	0.3046
c84edf9f-dc6b-4e44-9f5b-5d060ae14393	19	57872209	57988055	66	-0.0668
c84edf9f-dc6b-4e44-9f5b-5d060ae14393	19	57989309	58002109	7	0.7397
c84edf9f-dc6b-4e44-9f5b-5d060ae14393	19	58006301	58070609	34	0.1112
c84edf9f-dc6b-4e44-9f5b-5d060ae14393	19	58071057	58116742	33	0.5682
c84edf9f-dc6b-4e44-9f5b-5d060ae14393	19	58120309	58122127	3	-0.3255
c84edf9f-dc6b-4e44-9f5b-5d060ae14393	19	58123744	58136992	15	0.3289
c84edf9f-dc6b-4e44-9f5b-5d060ae14393	19	58138631	58150214	7	0.0175
c84edf9f-dc6b-4e44-9f5b-5d060ae14393	19	58153080	58173244	14	0.816
c84edf9f-dc6b-4e44-9f5b-5d060ae14393	19	58173684	58355805	105	-0.0412
c84edf9f-dc6b-4e44-9f5b-5d060ae14393	19	58361857	58393225	30	0.396
c84edf9f-dc6b-4e44-9f5b-5d060ae14393	19	58393253	58586487	74	0.058
c84edf9f-dc6b-4e44-9f5b-5d060ae14393	20	80664	1586808	1200	0.4174
c84edf9f-dc6b-4e44-9f5b-5d060ae14393	20	1587007	1601561	32	-0.1345
c84edf9f-dc6b-4e44-9f5b-5d060ae14393	20	1609611	1613247	5	-2.1631
c84edf9f-dc6b-4e44-9f5b-5d060ae14393	20	1617300	24832709	18022	0.4295
c84edf9f-dc6b-4e44-9f5b-5d060ae14393	20	24835897	39092624	4836	0.3742
c84edf9f-dc6b-4e44-9f5b-5d060ae14393	20	39092808	43374068	3257	0.4352
c84edf9f-dc6b-4e44-9f5b-5d060ae14393	20	43374790	52105348	5972	0.3963
c84edf9f-dc6b-4e44-9f5b-5d060ae14393	20	52107528	61322106	7452	0.4351
c84edf9f-dc6b-4e44-9f5b-5d060ae14393	20	61323223	61323953	2	-1.3902
c84edf9f-dc6b-4e44-9f5b-5d060ae14393	20	61324449	64284715	1429	0.4135
c84edf9f-dc6b-4e44-9f5b-5d060ae14393	20	64323342	64324800	5	-0.6975
c84edf9f-dc6b-4e44-9f5b-5d060ae14393	21	10354168	13013344	94	-0.3115
c84edf9f-dc6b-4e44-9f5b-5d060ae14393	21	13013569	22285238	6168	0.0258
c84edf9f-dc6b-4e44-9f5b-5d060ae14393	21	22287668	22292338	7	-1.1785
c84edf9f-dc6b-4e44-9f5b-5d060ae14393	21	22294679	28434462	4707	0.0333
c84edf9f-dc6b-4e44-9f5b-5d060ae14393	21	28435453	28435925	2	-1.6356
c84edf9f-dc6b-4e44-9f5b-5d060ae14393	21	28436057	31864142	2373	0.0392
c84edf9f-dc6b-4e44-9f5b-5d060ae14393	21	31865670	31867735	3	-1.9004
c84edf9f-dc6b-4e44-9f5b-5d060ae14393	21	31879236	41483600	7407	0.0235
c84edf9f-dc6b-4e44-9f5b-5d060ae14393	21	41483707	41483732	3	1.4616
c84edf9f-dc6b-4e44-9f5b-5d060ae14393	21	41483754	46677045	2968	0.0084
c84edf9f-dc6b-4e44-9f5b-5d060ae14393	22	15294547	18620743	1128	0.0175
c84edf9f-dc6b-4e44-9f5b-5d060ae14393	22	18649244	18818348	5	-1.4118
c84edf9f-dc6b-4e44-9f5b-5d060ae14393	22	18822581	19996878	685	0.0836
c84edf9f-dc6b-4e44-9f5b-5d060ae14393	22	19998625	20000742	2	-2.6902
c84edf9f-dc6b-4e44-9f5b-5d060ae14393	22	20000761	23231680	2094	0.0884
c84edf9f-dc6b-4e44-9f5b-5d060ae14393	22	23232307	33793079	7701	0.0313
c84edf9f-dc6b-4e44-9f5b-5d060ae14393	22	33795133	33796157	5	-1.1141
c84edf9f-dc6b-4e44-9f5b-5d060ae14393	22	33797245	37346951	2739	0.0332
c84edf9f-dc6b-4e44-9f5b-5d060ae14393	22	37352689	37353906	4	-0.9636
c84edf9f-dc6b-4e44-9f5b-5d060ae14393	22	37354627	38967614	807	-0.0074
c84edf9f-dc6b-4e44-9f5b-5d060ae14393	22	38967679	38967995	5	-0.8103
c84edf9f-dc6b-4e44-9f5b-5d060ae14393	22	38969353	38969616	5	0.255
c84edf9f-dc6b-4e44-9f5b-5d060ae14393	22	38973796	38975897	10	-0.9049
c84edf9f-dc6b-4e44-9f5b-5d060ae14393	22	38978372	42501276	1883	0.0003
c84edf9f-dc6b-4e44-9f5b-5d060ae14393	22	42503434	42559425	25	0.5011
c84edf9f-dc6b-4e44-9f5b-5d060ae14393	22	42559782	48954663	4898	0.0202
c84edf9f-dc6b-4e44-9f5b-5d060ae14393	22	48955294	50796027	1178	0.0823
c84edf9f-dc6b-4e44-9f5b-5d060ae14393	X	251810	32954246	20013	0.0127
c84edf9f-dc6b-4e44-9f5b-5d060ae14393	X	32954427	32970141	8	-1.3411
c84edf9f-dc6b-4e44-9f5b-5d060ae14393	X	32971922	35493073	1605	-0.0264
c84edf9f-dc6b-4e44-9f5b-5d060ae14393	X	35493323	35496195	3	-3.9527
c84edf9f-dc6b-4e44-9f5b-5d060ae14393	X	35496351	140410704	51033	-0.0082
c84edf9f-dc6b-4e44-9f5b-5d060ae14393	X	140410975	140419029	8	-1.7603
c84edf9f-dc6b-4e44-9f5b-5d060ae14393	X	140422569	155952689	9291	-0.0037
c84edf9f-dc6b-4e44-9f5b-5d060ae14393	Y	2782397	56872112	6603	-0.8062
