GDC_Aliquot	Chromosome	Start	End	Num_Probes	Segment_Mean
98dc8ec4-0b7c-4f71-b26c-3a98e48dad97	1	62920	266187	17	0.1799
98dc8ec4-0b7c-4f71-b26c-3a98e48dad97	1	462795	15823420	8289	-0.2264
98dc8ec4-0b7c-4f71-b26c-3a98e48dad97	1	15827002	15827430	6	-1.9389
98dc8ec4-0b7c-4f71-b26c-3a98e48dad97	1	15827706	16569132	303	-0.2084
98dc8ec4-0b7c-4f71-b26c-3a98e48dad97	1	16570326	16863509	55	0.1535
98dc8ec4-0b7c-4f71-b26c-3a98e48dad97	1	16864367	30243238	7682	-0.2283
98dc8ec4-0b7c-4f71-b26c-3a98e48dad97	1	30243261	30245401	4	-1.6262
98dc8ec4-0b7c-4f71-b26c-3a98e48dad97	1	30246540	40828185	5918	-0.223
98dc8ec4-0b7c-4f71-b26c-3a98e48dad97	1	40828741	40829225	2	-2.2712
98dc8ec4-0b7c-4f71-b26c-3a98e48dad97	1	40830427	72297687	20326	-0.2266
98dc8ec4-0b7c-4f71-b26c-3a98e48dad97	1	72302735	72313591	15	0.4288
98dc8ec4-0b7c-4f71-b26c-3a98e48dad97	1	72318265	75585159	1949	-0.2106
98dc8ec4-0b7c-4f71-b26c-3a98e48dad97	1	75589078	75589169	2	-2.5706
98dc8ec4-0b7c-4f71-b26c-3a98e48dad97	1	75593824	103560435	17957	-0.22
98dc8ec4-0b7c-4f71-b26c-3a98e48dad97	1	103560608	103621165	29	0.39
98dc8ec4-0b7c-4f71-b26c-3a98e48dad97	1	103697067	105478759	922	-0.2065
98dc8ec4-0b7c-4f71-b26c-3a98e48dad97	1	105479005	105479753	9	-0.7775
98dc8ec4-0b7c-4f71-b26c-3a98e48dad97	1	105481433	108187137	1925	-0.1998
98dc8ec4-0b7c-4f71-b26c-3a98e48dad97	1	108191613	108194874	3	-1.8691
98dc8ec4-0b7c-4f71-b26c-3a98e48dad97	1	108196482	110817313	1526	-0.2136
98dc8ec4-0b7c-4f71-b26c-3a98e48dad97	1	110817923	110850883	59	0.0161
98dc8ec4-0b7c-4f71-b26c-3a98e48dad97	1	110851091	121581632	6209	-0.231
98dc8ec4-0b7c-4f71-b26c-3a98e48dad97	1	121593055	143734438	103	0.1205
98dc8ec4-0b7c-4f71-b26c-3a98e48dad97	1	143748012	143760271	21	0.6587
98dc8ec4-0b7c-4f71-b26c-3a98e48dad97	1	143762042	152583291	2311	0.0422
98dc8ec4-0b7c-4f71-b26c-3a98e48dad97	1	152583319	152613762	29	-0.6371
98dc8ec4-0b7c-4f71-b26c-3a98e48dad97	1	152613802	152785214	169	0.0246
98dc8ec4-0b7c-4f71-b26c-3a98e48dad97	1	152787202	152796224	38	0.4022
98dc8ec4-0b7c-4f71-b26c-3a98e48dad97	1	152801429	169247699	11218	0.0344
98dc8ec4-0b7c-4f71-b26c-3a98e48dad97	1	169264736	169272528	6	0.9406
98dc8ec4-0b7c-4f71-b26c-3a98e48dad97	1	169273163	196762956	18065	0.0403
98dc8ec4-0b7c-4f71-b26c-3a98e48dad97	1	196769493	196846661	57	-0.429
98dc8ec4-0b7c-4f71-b26c-3a98e48dad97	1	196847600	248930189	35629	0.037
98dc8ec4-0b7c-4f71-b26c-3a98e48dad97	2	12784	24376380	17842	0.0334
98dc8ec4-0b7c-4f71-b26c-3a98e48dad97	2	24378642	24388259	19	-0.6172
98dc8ec4-0b7c-4f71-b26c-3a98e48dad97	2	24388858	34476327	6114	0.0354
98dc8ec4-0b7c-4f71-b26c-3a98e48dad97	2	34476516	34511990	44	-1.5826
98dc8ec4-0b7c-4f71-b26c-3a98e48dad97	2	34512096	43294028	6458	0.0438
98dc8ec4-0b7c-4f71-b26c-3a98e48dad97	2	43298700	43305385	9	-0.7735
98dc8ec4-0b7c-4f71-b26c-3a98e48dad97	2	43311568	49295759	4198	0.0301
98dc8ec4-0b7c-4f71-b26c-3a98e48dad97	2	49305903	49314051	6	-0.8802
98dc8ec4-0b7c-4f71-b26c-3a98e48dad97	2	49317902	52527330	2263	0.067
98dc8ec4-0b7c-4f71-b26c-3a98e48dad97	2	52527342	52554259	34	0.5633
98dc8ec4-0b7c-4f71-b26c-3a98e48dad97	2	52554274	57701799	3705	0.0531
98dc8ec4-0b7c-4f71-b26c-3a98e48dad97	2	57702660	76701181	11839	0.0258
98dc8ec4-0b7c-4f71-b26c-3a98e48dad97	2	76701930	86710564	6271	0.0474
98dc8ec4-0b7c-4f71-b26c-3a98e48dad97	2	86725947	86726731	2	-2.0275
98dc8ec4-0b7c-4f71-b26c-3a98e48dad97	2	86743283	87286164	129	0.016
98dc8ec4-0b7c-4f71-b26c-3a98e48dad97	2	87287256	87295819	3	-1.6779
98dc8ec4-0b7c-4f71-b26c-3a98e48dad97	2	87299357	97359885	1792	0.0423
98dc8ec4-0b7c-4f71-b26c-3a98e48dad97	2	97524284	97545726	9	-0.9771
98dc8ec4-0b7c-4f71-b26c-3a98e48dad97	2	97550415	146107675	29277	0.0338
98dc8ec4-0b7c-4f71-b26c-3a98e48dad97	2	146107759	146109366	15	1.145
98dc8ec4-0b7c-4f71-b26c-3a98e48dad97	2	146120238	242147305	58771	0.035
98dc8ec4-0b7c-4f71-b26c-3a98e48dad97	3	20930	1649380	1443	0.0897
98dc8ec4-0b7c-4f71-b26c-3a98e48dad97	3	1649406	1649750	2	-1.3609
98dc8ec4-0b7c-4f71-b26c-3a98e48dad97	3	1649883	6604856	4335	0.0594
98dc8ec4-0b7c-4f71-b26c-3a98e48dad97	3	6609441	6613561	25	-0.6676
98dc8ec4-0b7c-4f71-b26c-3a98e48dad97	3	6613684	61141148	35872	0.0413
98dc8ec4-0b7c-4f71-b26c-3a98e48dad97	3	61141532	61142344	3	-1.3018
98dc8ec4-0b7c-4f71-b26c-3a98e48dad97	3	61145227	65202778	3418	0.0433
98dc8ec4-0b7c-4f71-b26c-3a98e48dad97	3	65203560	65224777	52	-0.6204
98dc8ec4-0b7c-4f71-b26c-3a98e48dad97	3	65230674	99218119	18243	0.0422
98dc8ec4-0b7c-4f71-b26c-3a98e48dad97	3	99218940	99230464	37	-0.5721
98dc8ec4-0b7c-4f71-b26c-3a98e48dad97	3	99230470	162790480	38813	0.0392
98dc8ec4-0b7c-4f71-b26c-3a98e48dad97	3	162794869	162898127	64	0.5217
98dc8ec4-0b7c-4f71-b26c-3a98e48dad97	3	162906054	173457833	6286	0.0441
98dc8ec4-0b7c-4f71-b26c-3a98e48dad97	3	173458586	173836009	272	0.17
98dc8ec4-0b7c-4f71-b26c-3a98e48dad97	3	173836205	190538297	10699	0.0395
98dc8ec4-0b7c-4f71-b26c-3a98e48dad97	3	190542248	190542906	3	-1.2649
98dc8ec4-0b7c-4f71-b26c-3a98e48dad97	3	190543126	195558822	3316	0.0456
98dc8ec4-0b7c-4f71-b26c-3a98e48dad97	3	195559056	195720051	26	0.6035
98dc8ec4-0b7c-4f71-b26c-3a98e48dad97	3	195728637	195729085	7	-0.0426
98dc8ec4-0b7c-4f71-b26c-3a98e48dad97	3	195729177	195747892	12	0.5914
98dc8ec4-0b7c-4f71-b26c-3a98e48dad97	3	195751823	198169247	1161	0.0443
98dc8ec4-0b7c-4f71-b26c-3a98e48dad97	4	68929	9455251	5145	0.0291
98dc8ec4-0b7c-4f71-b26c-3a98e48dad97	4	9459504	9484440	7	0.9688
98dc8ec4-0b7c-4f71-b26c-3a98e48dad97	4	9494650	10208766	537	0.0147
98dc8ec4-0b7c-4f71-b26c-3a98e48dad97	4	10212536	10229874	29	-1.7989
98dc8ec4-0b7c-4f71-b26c-3a98e48dad97	4	10232590	25961519	11429	0.0295
98dc8ec4-0b7c-4f71-b26c-3a98e48dad97	4	25967872	25975487	12	-1.2687
98dc8ec4-0b7c-4f71-b26c-3a98e48dad97	4	25976386	34777432	5442	0.0367
98dc8ec4-0b7c-4f71-b26c-3a98e48dad97	4	34784878	34823103	38	-0.4464
98dc8ec4-0b7c-4f71-b26c-3a98e48dad97	4	34828250	40698556	3862	0.0298
98dc8ec4-0b7c-4f71-b26c-3a98e48dad97	4	40701994	40702175	3	-2.5477
98dc8ec4-0b7c-4f71-b26c-3a98e48dad97	4	40702670	48336327	4751	0.0389
98dc8ec4-0b7c-4f71-b26c-3a98e48dad97	4	48336565	53519515	1272	0.1598
98dc8ec4-0b7c-4f71-b26c-3a98e48dad97	4	53519843	53524782	3	-0.2781
98dc8ec4-0b7c-4f71-b26c-3a98e48dad97	4	53524984	58235503	3399	0.4247
98dc8ec4-0b7c-4f71-b26c-3a98e48dad97	4	58238543	68478894	6066	-0.1487
98dc8ec4-0b7c-4f71-b26c-3a98e48dad97	4	68494770	68620261	67	0.3236
98dc8ec4-0b7c-4f71-b26c-3a98e48dad97	4	68623617	105371118	22133	-0.1801
98dc8ec4-0b7c-4f71-b26c-3a98e48dad97	4	105374690	105376032	2	-2.2816
98dc8ec4-0b7c-4f71-b26c-3a98e48dad97	4	105376072	111731295	3802	-0.1555
98dc8ec4-0b7c-4f71-b26c-3a98e48dad97	4	111733971	111735527	2	-1.6708
98dc8ec4-0b7c-4f71-b26c-3a98e48dad97	4	111738914	114252544	1598	-0.1525
98dc8ec4-0b7c-4f71-b26c-3a98e48dad97	4	114254167	114263234	30	0.4956
98dc8ec4-0b7c-4f71-b26c-3a98e48dad97	4	114264667	121360818	4307	-0.1584
98dc8ec4-0b7c-4f71-b26c-3a98e48dad97	4	121361313	121363980	28	-2.607
98dc8ec4-0b7c-4f71-b26c-3a98e48dad97	4	121369976	151868241	17607	-0.1627
98dc8ec4-0b7c-4f71-b26c-3a98e48dad97	4	151868634	151871415	13	-1.2356
98dc8ec4-0b7c-4f71-b26c-3a98e48dad97	4	151871739	172066777	12879	-0.1551
98dc8ec4-0b7c-4f71-b26c-3a98e48dad97	4	172067997	172068382	12	0.546
98dc8ec4-0b7c-4f71-b26c-3a98e48dad97	4	172074828	180021419	4933	-0.1466
98dc8ec4-0b7c-4f71-b26c-3a98e48dad97	4	180021525	180021673	3	-1.3839
98dc8ec4-0b7c-4f71-b26c-3a98e48dad97	4	180025781	190106768	7072	-0.1562
98dc8ec4-0b7c-4f71-b26c-3a98e48dad97	5	15532	27525800	19147	0.0448
98dc8ec4-0b7c-4f71-b26c-3a98e48dad97	5	27525809	27525913	7	-1.9372
98dc8ec4-0b7c-4f71-b26c-3a98e48dad97	5	27527372	99161187	40072	0.0345
98dc8ec4-0b7c-4f71-b26c-3a98e48dad97	5	99161420	101856019	1575	0.0893
98dc8ec4-0b7c-4f71-b26c-3a98e48dad97	5	101856050	152134610	32105	0.0364
98dc8ec4-0b7c-4f71-b26c-3a98e48dad97	5	152135825	152140710	15	-0.5044
98dc8ec4-0b7c-4f71-b26c-3a98e48dad97	5	152140861	178680821	17849	0.0289
98dc8ec4-0b7c-4f71-b26c-3a98e48dad97	5	178682974	178686162	3	-2.319
98dc8ec4-0b7c-4f71-b26c-3a98e48dad97	5	178691854	180947523	1339	0.0339
98dc8ec4-0b7c-4f71-b26c-3a98e48dad97	5	180951710	180991103	19	-0.6248
98dc8ec4-0b7c-4f71-b26c-3a98e48dad97	5	181006225	181363319	169	0.0723
98dc8ec4-0b7c-4f71-b26c-3a98e48dad97	6	149661	302306	125	0.0403
98dc8ec4-0b7c-4f71-b26c-3a98e48dad97	6	303017	382559	78	-0.2396
98dc8ec4-0b7c-4f71-b26c-3a98e48dad97	6	382897	19039888	14508	0.0369
98dc8ec4-0b7c-4f71-b26c-3a98e48dad97	6	19041950	19044485	5	-1.0428
98dc8ec4-0b7c-4f71-b26c-3a98e48dad97	6	19044517	23057409	2915	0.0249
98dc8ec4-0b7c-4f71-b26c-3a98e48dad97	6	23060763	23060771	3	-1.4683
98dc8ec4-0b7c-4f71-b26c-3a98e48dad97	6	23064026	29875657	3932	0.0474
98dc8ec4-0b7c-4f71-b26c-3a98e48dad97	6	29876257	29882419	8	-0.7308
98dc8ec4-0b7c-4f71-b26c-3a98e48dad97	6	29882497	30096785	115	0.0837
98dc8ec4-0b7c-4f71-b26c-3a98e48dad97	6	30097080	30097542	2	-1.5548
98dc8ec4-0b7c-4f71-b26c-3a98e48dad97	6	30097639	31313046	541	0.0467
98dc8ec4-0b7c-4f71-b26c-3a98e48dad97	6	31318499	31342147	12	-0.9184
98dc8ec4-0b7c-4f71-b26c-3a98e48dad97	6	31349570	32614112	537	0.024
98dc8ec4-0b7c-4f71-b26c-3a98e48dad97	6	32614426	32658841	21	-0.763
98dc8ec4-0b7c-4f71-b26c-3a98e48dad97	6	32682835	47205920	9300	0.0337
98dc8ec4-0b7c-4f71-b26c-3a98e48dad97	6	47209149	47216472	4	-0.8943
98dc8ec4-0b7c-4f71-b26c-3a98e48dad97	6	47221025	54066286	4340	0.0357
98dc8ec4-0b7c-4f71-b26c-3a98e48dad97	6	54066353	54067057	7	-1.3484
98dc8ec4-0b7c-4f71-b26c-3a98e48dad97	6	54070550	64627049	4203	0.0535
98dc8ec4-0b7c-4f71-b26c-3a98e48dad97	6	64637651	64639099	2	2.0834
98dc8ec4-0b7c-4f71-b26c-3a98e48dad97	6	64640883	66328128	1130	0.0529
98dc8ec4-0b7c-4f71-b26c-3a98e48dad97	6	66328153	66333299	8	0.887
98dc8ec4-0b7c-4f71-b26c-3a98e48dad97	6	66333342	72153222	3901	0.0543
98dc8ec4-0b7c-4f71-b26c-3a98e48dad97	6	72156821	72157169	2	-2.4755
98dc8ec4-0b7c-4f71-b26c-3a98e48dad97	6	72158860	76305231	2548	0.0367
98dc8ec4-0b7c-4f71-b26c-3a98e48dad97	6	76307183	76307209	3	-1.3487
98dc8ec4-0b7c-4f71-b26c-3a98e48dad97	6	76307276	76726815	296	0.0396
98dc8ec4-0b7c-4f71-b26c-3a98e48dad97	6	76730151	76743040	21	-0.3848
98dc8ec4-0b7c-4f71-b26c-3a98e48dad97	6	76751356	78253157	969	0.0639
98dc8ec4-0b7c-4f71-b26c-3a98e48dad97	6	78253172	78329517	113	0.5076
98dc8ec4-0b7c-4f71-b26c-3a98e48dad97	6	78331916	103286954	15387	0.0483
98dc8ec4-0b7c-4f71-b26c-3a98e48dad97	6	103290101	103317836	48	0.5993
98dc8ec4-0b7c-4f71-b26c-3a98e48dad97	6	103317855	170741917	43942	0.0415
98dc8ec4-0b7c-4f71-b26c-3a98e48dad97	7	43355	38234132	27185	0.0428
98dc8ec4-0b7c-4f71-b26c-3a98e48dad97	7	38238544	38317707	111	0.3443
98dc8ec4-0b7c-4f71-b26c-3a98e48dad97	7	38317722	126404920	49284	0.0376
98dc8ec4-0b7c-4f71-b26c-3a98e48dad97	7	126405428	126406561	12	1.0345
98dc8ec4-0b7c-4f71-b26c-3a98e48dad97	7	126406822	142069880	9894	0.035
98dc8ec4-0b7c-4f71-b26c-3a98e48dad97	7	142069891	142092108	30	-0.5161
98dc8ec4-0b7c-4f71-b26c-3a98e48dad97	7	142092307	143790571	919	0.0688
98dc8ec4-0b7c-4f71-b26c-3a98e48dad97	7	143799657	143850179	12	-0.6776
98dc8ec4-0b7c-4f71-b26c-3a98e48dad97	7	143875073	144264193	271	0.0615
98dc8ec4-0b7c-4f71-b26c-3a98e48dad97	7	144295437	144306653	2	-2
98dc8ec4-0b7c-4f71-b26c-3a98e48dad97	7	144312471	153450553	5536	0.0458
98dc8ec4-0b7c-4f71-b26c-3a98e48dad97	7	153450560	153450627	2	-2.4151
98dc8ec4-0b7c-4f71-b26c-3a98e48dad97	7	153450630	154598185	851	0.057
98dc8ec4-0b7c-4f71-b26c-3a98e48dad97	7	154601461	154607903	4	-1.5985
98dc8ec4-0b7c-4f71-b26c-3a98e48dad97	7	154609120	159334314	3228	0.0282
98dc8ec4-0b7c-4f71-b26c-3a98e48dad97	8	81254	7087252	7656	0.0547
98dc8ec4-0b7c-4f71-b26c-3a98e48dad97	8	7102311	7473830	58	0.2589
98dc8ec4-0b7c-4f71-b26c-3a98e48dad97	8	7477487	7873171	10	-1.1089
98dc8ec4-0b7c-4f71-b26c-3a98e48dad97	8	7886542	12358500	3244	0.0407
98dc8ec4-0b7c-4f71-b26c-3a98e48dad97	8	12359339	12419769	29	-1.2041
98dc8ec4-0b7c-4f71-b26c-3a98e48dad97	8	12454103	39373140	19344	0.033
98dc8ec4-0b7c-4f71-b26c-3a98e48dad97	8	39378084	39529446	58	-2.0338
98dc8ec4-0b7c-4f71-b26c-3a98e48dad97	8	39530780	40914477	1071	0.0289
98dc8ec4-0b7c-4f71-b26c-3a98e48dad97	8	40920333	40920952	2	-1.5685
98dc8ec4-0b7c-4f71-b26c-3a98e48dad97	8	40926161	63936079	12516	0.0349
98dc8ec4-0b7c-4f71-b26c-3a98e48dad97	8	63936340	63936561	6	0.8831
98dc8ec4-0b7c-4f71-b26c-3a98e48dad97	8	63936953	129824816	40550	0.0334
98dc8ec4-0b7c-4f71-b26c-3a98e48dad97	8	129826864	129827599	3	-1.1912
98dc8ec4-0b7c-4f71-b26c-3a98e48dad97	8	129835929	130728804	558	0.0421
98dc8ec4-0b7c-4f71-b26c-3a98e48dad97	8	130729294	130733613	13	-0.9404
98dc8ec4-0b7c-4f71-b26c-3a98e48dad97	8	130735324	143616763	9408	0.0375
98dc8ec4-0b7c-4f71-b26c-3a98e48dad97	8	143616987	143625638	10	-0.5075
98dc8ec4-0b7c-4f71-b26c-3a98e48dad97	8	143636819	145072769	501	0.0388
98dc8ec4-0b7c-4f71-b26c-3a98e48dad97	9	46587	24514405	21099	0.0436
98dc8ec4-0b7c-4f71-b26c-3a98e48dad97	9	24514688	24514900	2	-1.5276
98dc8ec4-0b7c-4f71-b26c-3a98e48dad97	9	24515113	29934477	4081	0.0593
98dc8ec4-0b7c-4f71-b26c-3a98e48dad97	9	29943309	30001058	73	-1.132
98dc8ec4-0b7c-4f71-b26c-3a98e48dad97	9	30001540	39547299	5716	0.0268
98dc8ec4-0b7c-4f71-b26c-3a98e48dad97	9	39547492	40018947	8	0.7866
98dc8ec4-0b7c-4f71-b26c-3a98e48dad97	9	40099591	40999325	32	-0.0919
98dc8ec4-0b7c-4f71-b26c-3a98e48dad97	9	41001662	41714376	65	-0.4148
98dc8ec4-0b7c-4f71-b26c-3a98e48dad97	9	41741096	61405110	95	0.2553
98dc8ec4-0b7c-4f71-b26c-3a98e48dad97	9	61520021	61647899	30	0.8359
98dc8ec4-0b7c-4f71-b26c-3a98e48dad97	9	61665362	63580418	38	-0.0273
98dc8ec4-0b7c-4f71-b26c-3a98e48dad97	9	63590317	63592813	7	1.4653
98dc8ec4-0b7c-4f71-b26c-3a98e48dad97	9	63614182	64543777	61	0.0024
98dc8ec4-0b7c-4f71-b26c-3a98e48dad97	9	64574862	66881239	34	-0.3356
98dc8ec4-0b7c-4f71-b26c-3a98e48dad97	9	66883464	80336982	8712	0.0345
98dc8ec4-0b7c-4f71-b26c-3a98e48dad97	9	80339732	80346788	4	-1.9335
98dc8ec4-0b7c-4f71-b26c-3a98e48dad97	9	80348696	83574905	2278	0.0375
98dc8ec4-0b7c-4f71-b26c-3a98e48dad97	9	83576941	83593105	8	-0.7005
98dc8ec4-0b7c-4f71-b26c-3a98e48dad97	9	83593576	87907679	3172	0.0354
98dc8ec4-0b7c-4f71-b26c-3a98e48dad97	9	87939236	87939304	2	-2.1654
98dc8ec4-0b7c-4f71-b26c-3a98e48dad97	9	87943042	103804216	10552	0.04
98dc8ec4-0b7c-4f71-b26c-3a98e48dad97	9	103806415	103807009	2	-2.6112
98dc8ec4-0b7c-4f71-b26c-3a98e48dad97	9	103808421	138200944	23025	0.0351
98dc8ec4-0b7c-4f71-b26c-3a98e48dad97	10	45792	17885034	14771	0.0349
98dc8ec4-0b7c-4f71-b26c-3a98e48dad97	10	17896194	17910884	3	-2.3343
98dc8ec4-0b7c-4f71-b26c-3a98e48dad97	10	17929793	26934974	6294	0.0326
98dc8ec4-0b7c-4f71-b26c-3a98e48dad97	10	26936975	26939544	13	-0.769
98dc8ec4-0b7c-4f71-b26c-3a98e48dad97	10	26941064	89178916	38877	0.0337
98dc8ec4-0b7c-4f71-b26c-3a98e48dad97	10	89183210	89183979	7	-1.2642
98dc8ec4-0b7c-4f71-b26c-3a98e48dad97	10	89188056	93645450	2816	0.0326
98dc8ec4-0b7c-4f71-b26c-3a98e48dad97	10	93645904	93646882	2	-2.284
98dc8ec4-0b7c-4f71-b26c-3a98e48dad97	10	93648005	133654968	27442	0.0272
98dc8ec4-0b7c-4f71-b26c-3a98e48dad97	11	198510	4251928	1747	0.0213
98dc8ec4-0b7c-4f71-b26c-3a98e48dad97	11	4254774	4337579	17	0.4822
98dc8ec4-0b7c-4f71-b26c-3a98e48dad97	11	4337826	4949013	650	0.0264
98dc8ec4-0b7c-4f71-b26c-3a98e48dad97	11	4949047	4955042	28	1.0562
98dc8ec4-0b7c-4f71-b26c-3a98e48dad97	11	4955781	55606572	31850	0.0318
98dc8ec4-0b7c-4f71-b26c-3a98e48dad97	11	55606712	55685533	57	-1.4569
98dc8ec4-0b7c-4f71-b26c-3a98e48dad97	11	55686100	62273047	3934	0.0311
98dc8ec4-0b7c-4f71-b26c-3a98e48dad97	11	62273321	62275702	2	-1.4891
98dc8ec4-0b7c-4f71-b26c-3a98e48dad97	11	62280495	74387738	5627	0.032
98dc8ec4-0b7c-4f71-b26c-3a98e48dad97	11	74403756	74466876	45	-0.8981
98dc8ec4-0b7c-4f71-b26c-3a98e48dad97	11	74470871	135074876	42444	0.0341
98dc8ec4-0b7c-4f71-b26c-3a98e48dad97	12	51460	8194209	5521	0.0339
98dc8ec4-0b7c-4f71-b26c-3a98e48dad97	12	8204911	8220161	10	-0.5702
98dc8ec4-0b7c-4f71-b26c-3a98e48dad97	12	8241232	9481274	626	0.0086
98dc8ec4-0b7c-4f71-b26c-3a98e48dad97	12	9485313	9575696	23	-1.5603
98dc8ec4-0b7c-4f71-b26c-3a98e48dad97	12	9582373	27493059	12315	0.0358
98dc8ec4-0b7c-4f71-b26c-3a98e48dad97	12	27494808	27498429	28	-0.8221
98dc8ec4-0b7c-4f71-b26c-3a98e48dad97	12	27504228	33148472	4127	0.03
98dc8ec4-0b7c-4f71-b26c-3a98e48dad97	12	33148492	33150444	12	0.6081
98dc8ec4-0b7c-4f71-b26c-3a98e48dad97	12	33150459	34097761	593	0.0703
98dc8ec4-0b7c-4f71-b26c-3a98e48dad97	12	34103774	34122471	11	-0.7042
98dc8ec4-0b7c-4f71-b26c-3a98e48dad97	12	34122859	61867284	14441	0.0387
98dc8ec4-0b7c-4f71-b26c-3a98e48dad97	12	61880090	61885198	10	-1.076
98dc8ec4-0b7c-4f71-b26c-3a98e48dad97	12	61885690	88399865	16596	0.0325
98dc8ec4-0b7c-4f71-b26c-3a98e48dad97	12	88400548	88400682	2	-1.5669
98dc8ec4-0b7c-4f71-b26c-3a98e48dad97	12	88400810	90089573	1003	0.0434
98dc8ec4-0b7c-4f71-b26c-3a98e48dad97	12	90097892	90098297	7	-1.2146
98dc8ec4-0b7c-4f71-b26c-3a98e48dad97	12	90099780	129516041	26742	0.0326
98dc8ec4-0b7c-4f71-b26c-3a98e48dad97	12	129518945	129519049	2	-1.6916
98dc8ec4-0b7c-4f71-b26c-3a98e48dad97	12	129519225	133201603	2349	0.0391
98dc8ec4-0b7c-4f71-b26c-3a98e48dad97	13	18452809	19024904	189	0.0041
98dc8ec4-0b7c-4f71-b26c-3a98e48dad97	13	19028399	19199374	136	0.171
98dc8ec4-0b7c-4f71-b26c-3a98e48dad97	13	19202953	19203130	2	-1.2792
98dc8ec4-0b7c-4f71-b26c-3a98e48dad97	13	19207320	21011905	1042	0.1604
98dc8ec4-0b7c-4f71-b26c-3a98e48dad97	13	21013036	23817787	2059	0.4262
98dc8ec4-0b7c-4f71-b26c-3a98e48dad97	13	23824465	37497899	9975	-0.1727
98dc8ec4-0b7c-4f71-b26c-3a98e48dad97	13	37498087	37510620	15	0.8828
98dc8ec4-0b7c-4f71-b26c-3a98e48dad97	13	37514193	48957415	7973	-0.1602
98dc8ec4-0b7c-4f71-b26c-3a98e48dad97	13	48959579	48962368	2	-2.8284
98dc8ec4-0b7c-4f71-b26c-3a98e48dad97	13	48963569	49447953	207	-0.1431
98dc8ec4-0b7c-4f71-b26c-3a98e48dad97	13	49452409	49455244	2	-2.4286
98dc8ec4-0b7c-4f71-b26c-3a98e48dad97	13	49455262	50764856	749	-0.1277
98dc8ec4-0b7c-4f71-b26c-3a98e48dad97	13	50766179	51011254	143	0.0142
98dc8ec4-0b7c-4f71-b26c-3a98e48dad97	13	51011749	106136083	35519	-0.1586
98dc8ec4-0b7c-4f71-b26c-3a98e48dad97	13	106136201	106138075	3	-1.951
98dc8ec4-0b7c-4f71-b26c-3a98e48dad97	13	106138360	114342922	5688	-0.1746
98dc8ec4-0b7c-4f71-b26c-3a98e48dad97	14	18239283	21835401	1413	0.0453
98dc8ec4-0b7c-4f71-b26c-3a98e48dad97	14	21840190	22501521	595	0.2829
98dc8ec4-0b7c-4f71-b26c-3a98e48dad97	14	22501577	41139155	11677	0.0395
98dc8ec4-0b7c-4f71-b26c-3a98e48dad97	14	41141293	41188046	14	-0.5923
98dc8ec4-0b7c-4f71-b26c-3a98e48dad97	14	41188146	43023248	1165	0.0466
98dc8ec4-0b7c-4f71-b26c-3a98e48dad97	14	43023605	43027585	2	-1.1402
98dc8ec4-0b7c-4f71-b26c-3a98e48dad97	14	43029789	43308031	155	0.0355
98dc8ec4-0b7c-4f71-b26c-3a98e48dad97	14	43308180	45982930	1444	0.0891
98dc8ec4-0b7c-4f71-b26c-3a98e48dad97	14	45984559	73526068	17615	0.0309
98dc8ec4-0b7c-4f71-b26c-3a98e48dad97	14	73529070	73563196	11	0.8455
98dc8ec4-0b7c-4f71-b26c-3a98e48dad97	14	73563211	97686776	16159	0.0351
98dc8ec4-0b7c-4f71-b26c-3a98e48dad97	14	97687369	97688718	8	-1.2515
98dc8ec4-0b7c-4f71-b26c-3a98e48dad97	14	97690252	98711806	915	0.0187
98dc8ec4-0b7c-4f71-b26c-3a98e48dad97	14	98714967	98726565	13	-0.9882
98dc8ec4-0b7c-4f71-b26c-3a98e48dad97	14	98727670	105935612	3584	0.018
98dc8ec4-0b7c-4f71-b26c-3a98e48dad97	14	105935639	106418444	176	0.1568
98dc8ec4-0b7c-4f71-b26c-3a98e48dad97	14	106423925	106487827	51	-0.4153
98dc8ec4-0b7c-4f71-b26c-3a98e48dad97	14	106492557	106877229	191	0.1014
98dc8ec4-0b7c-4f71-b26c-3a98e48dad97	15	19811075	20001686	45	0.0512
98dc8ec4-0b7c-4f71-b26c-3a98e48dad97	15	20011702	22299523	160	0.4506
98dc8ec4-0b7c-4f71-b26c-3a98e48dad97	15	22385639	24429740	991	0.0529
98dc8ec4-0b7c-4f71-b26c-3a98e48dad97	15	24429986	24473026	31	-1.644
98dc8ec4-0b7c-4f71-b26c-3a98e48dad97	15	24473449	76586021	32525	0.033
98dc8ec4-0b7c-4f71-b26c-3a98e48dad97	15	76598900	76603434	22	1.1256
98dc8ec4-0b7c-4f71-b26c-3a98e48dad97	15	76609838	101928837	17547	0.0345
98dc8ec4-0b7c-4f71-b26c-3a98e48dad97	16	10777	18335528	12748	0.0398
98dc8ec4-0b7c-4f71-b26c-3a98e48dad97	16	18540265	18730788	18	0.7514
98dc8ec4-0b7c-4f71-b26c-3a98e48dad97	16	18731740	55762682	14109	0.032
98dc8ec4-0b7c-4f71-b26c-3a98e48dad97	16	55764310	55764867	3	3.4623
98dc8ec4-0b7c-4f71-b26c-3a98e48dad97	16	55770436	78337711	14227	0.033
98dc8ec4-0b7c-4f71-b26c-3a98e48dad97	16	78338543	78349243	14	-1.962
98dc8ec4-0b7c-4f71-b26c-3a98e48dad97	16	78350841	90096867	10577	0.0257
98dc8ec4-0b7c-4f71-b26c-3a98e48dad97	17	150733	16834846	10450	0.0321
98dc8ec4-0b7c-4f71-b26c-3a98e48dad97	17	16838201	16838214	2	-1.4915
98dc8ec4-0b7c-4f71-b26c-3a98e48dad97	17	16838470	18452078	907	0.0409
98dc8ec4-0b7c-4f71-b26c-3a98e48dad97	17	18455632	18561907	26	-1.6587
98dc8ec4-0b7c-4f71-b26c-3a98e48dad97	17	18565883	41265456	9371	0.0425
98dc8ec4-0b7c-4f71-b26c-3a98e48dad97	17	41266762	41274279	24	-0.5631
98dc8ec4-0b7c-4f71-b26c-3a98e48dad97	17	41276472	46130967	2528	0.0268
98dc8ec4-0b7c-4f71-b26c-3a98e48dad97	17	46131308	46569894	97	-0.2751
98dc8ec4-0b7c-4f71-b26c-3a98e48dad97	17	46571001	83091923	21497	0.0304
98dc8ec4-0b7c-4f71-b26c-3a98e48dad97	18	48133	40678763	22688	0.0326
98dc8ec4-0b7c-4f71-b26c-3a98e48dad97	18	40680456	40690108	23	0.4708
98dc8ec4-0b7c-4f71-b26c-3a98e48dad97	18	40690234	53677765	8856	0.0293
98dc8ec4-0b7c-4f71-b26c-3a98e48dad97	18	53680839	53684270	5	-0.9033
98dc8ec4-0b7c-4f71-b26c-3a98e48dad97	18	53685778	66060309	8529	0.0348
98dc8ec4-0b7c-4f71-b26c-3a98e48dad97	18	66060363	66061104	10	-1.6081
98dc8ec4-0b7c-4f71-b26c-3a98e48dad97	18	66065502	66095064	46	0.055
98dc8ec4-0b7c-4f71-b26c-3a98e48dad97	18	66099904	66100686	3	1.1775
98dc8ec4-0b7c-4f71-b26c-3a98e48dad97	18	66108359	67714251	1091	0.0389
98dc8ec4-0b7c-4f71-b26c-3a98e48dad97	18	67714407	73860419	4636	0.0711
98dc8ec4-0b7c-4f71-b26c-3a98e48dad97	18	73860975	80257174	4590	0.0259
98dc8ec4-0b7c-4f71-b26c-3a98e48dad97	19	90910	260912	8	-0.4134
98dc8ec4-0b7c-4f71-b26c-3a98e48dad97	19	260970	5506648	1581	0.0341
98dc8ec4-0b7c-4f71-b26c-3a98e48dad97	19	5510228	5510642	3	-1.6534
98dc8ec4-0b7c-4f71-b26c-3a98e48dad97	19	5510689	8346772	1341	0.0203
98dc8ec4-0b7c-4f71-b26c-3a98e48dad97	19	8347288	8349417	2	-2.8735
98dc8ec4-0b7c-4f71-b26c-3a98e48dad97	19	8356123	24324365	8187	0.0409
98dc8ec4-0b7c-4f71-b26c-3a98e48dad97	19	24324370	42778107	9230	-0.2255
98dc8ec4-0b7c-4f71-b26c-3a98e48dad97	19	42778238	43038679	120	-0.7574
98dc8ec4-0b7c-4f71-b26c-3a98e48dad97	19	43044862	58586487	8549	-0.2053
98dc8ec4-0b7c-4f71-b26c-3a98e48dad97	20	80664	1571811	1180	0.0429
98dc8ec4-0b7c-4f71-b26c-3a98e48dad97	20	1576544	1580353	21	-0.6876
98dc8ec4-0b7c-4f71-b26c-3a98e48dad97	20	1580934	1601561	35	-0.1427
98dc8ec4-0b7c-4f71-b26c-3a98e48dad97	20	1609611	1613247	5	1.2876
98dc8ec4-0b7c-4f71-b26c-3a98e48dad97	20	1617300	64324800	40968	0.0283
98dc8ec4-0b7c-4f71-b26c-3a98e48dad97	21	10354168	10558331	52	0.0211
98dc8ec4-0b7c-4f71-b26c-3a98e48dad97	21	10559033	12996806	38	0.414
98dc8ec4-0b7c-4f71-b26c-3a98e48dad97	21	12996886	13450021	138	0.1104
98dc8ec4-0b7c-4f71-b26c-3a98e48dad97	21	13455076	13559738	28	-0.2155
98dc8ec4-0b7c-4f71-b26c-3a98e48dad97	21	13560372	13582956	10	0.1655
98dc8ec4-0b7c-4f71-b26c-3a98e48dad97	21	13583316	13677975	5	-0.9337
98dc8ec4-0b7c-4f71-b26c-3a98e48dad97	21	13803967	18902595	3419	0.04
98dc8ec4-0b7c-4f71-b26c-3a98e48dad97	21	18906245	18906502	2	-1.5756
98dc8ec4-0b7c-4f71-b26c-3a98e48dad97	21	18906853	33647807	10835	0.0371
98dc8ec4-0b7c-4f71-b26c-3a98e48dad97	21	33660384	33688360	18	-0.8695
98dc8ec4-0b7c-4f71-b26c-3a98e48dad97	21	33693310	46677045	9180	0.0277
98dc8ec4-0b7c-4f71-b26c-3a98e48dad97	22	15294547	17014661	300	0.0318
98dc8ec4-0b7c-4f71-b26c-3a98e48dad97	22	17018144	17018618	2	2.0278
98dc8ec4-0b7c-4f71-b26c-3a98e48dad97	22	17019000	50796027	22914	0.0323
98dc8ec4-0b7c-4f71-b26c-3a98e48dad97	X	251810	63193211	33337	0.0055
98dc8ec4-0b7c-4f71-b26c-3a98e48dad97	X	63250575	63285949	20	1.0734
98dc8ec4-0b7c-4f71-b26c-3a98e48dad97	X	63285991	66297074	1240	0.0094
98dc8ec4-0b7c-4f71-b26c-3a98e48dad97	X	66303491	66303828	3	-2.4963
98dc8ec4-0b7c-4f71-b26c-3a98e48dad97	X	66304388	70186529	1965	-0.0002
98dc8ec4-0b7c-4f71-b26c-3a98e48dad97	X	70186861	70187606	3	-3.6779
98dc8ec4-0b7c-4f71-b26c-3a98e48dad97	X	70187714	86952209	8074	0.0116
98dc8ec4-0b7c-4f71-b26c-3a98e48dad97	X	86952318	86954240	2	-2.4823
98dc8ec4-0b7c-4f71-b26c-3a98e48dad97	X	86955549	87273384	189	-0.0487
98dc8ec4-0b7c-4f71-b26c-3a98e48dad97	X	87273490	87274951	2	-4.1046
98dc8ec4-0b7c-4f71-b26c-3a98e48dad97	X	87275180	106463639	9821	0.0074
98dc8ec4-0b7c-4f71-b26c-3a98e48dad97	X	106465363	106466503	2	2.7387
98dc8ec4-0b7c-4f71-b26c-3a98e48dad97	X	106475543	138487253	17766	0.0091
98dc8ec4-0b7c-4f71-b26c-3a98e48dad97	X	138487325	138487340	2	-5.8884
98dc8ec4-0b7c-4f71-b26c-3a98e48dad97	X	138487380	155952689	10618	0.0012
98dc8ec4-0b7c-4f71-b26c-3a98e48dad97	Y	2782397	20068755	5742	-0.9498
98dc8ec4-0b7c-4f71-b26c-3a98e48dad97	Y	20104703	20327471	6	-1.9279
98dc8ec4-0b7c-4f71-b26c-3a98e48dad97	Y	20353082	21924037	587	-0.9455
98dc8ec4-0b7c-4f71-b26c-3a98e48dad97	Y	21961640	22197200	6	-1.9639
98dc8ec4-0b7c-4f71-b26c-3a98e48dad97	Y	22213784	56872112	293	-0.9482
