GDC_Aliquot	Chromosome	Start	End	Num_Probes	Segment_Mean
dd08e6a6-6aa6-40c3-9547-971739103690	1	62920	668210	21	-0.0065
dd08e6a6-6aa6-40c3-9547-971739103690	1	771719	25256850	13934	-0.7013
dd08e6a6-6aa6-40c3-9547-971739103690	1	25266637	25320455	24	0.1258
dd08e6a6-6aa6-40c3-9547-971739103690	1	25336819	54098376	15619	-0.6904
dd08e6a6-6aa6-40c3-9547-971739103690	1	54099054	105470754	33809	-0.7499
dd08e6a6-6aa6-40c3-9547-971739103690	1	105476583	105481468	20	-0.0664
dd08e6a6-6aa6-40c3-9547-971739103690	1	105481515	109684893	2617	-0.7336
dd08e6a6-6aa6-40c3-9547-971739103690	1	109690352	109697556	13	0.6161
dd08e6a6-6aa6-40c3-9547-971739103690	1	109702376	112153343	1945	-0.7292
dd08e6a6-6aa6-40c3-9547-971739103690	1	112153465	112163438	26	-0.1747
dd08e6a6-6aa6-40c3-9547-971739103690	1	112163440	119965901	4990	-0.7474
dd08e6a6-6aa6-40c3-9547-971739103690	1	119967232	121705338	131	-0.5507
dd08e6a6-6aa6-40c3-9547-971739103690	1	143459641	152588065	2437	0.1109
dd08e6a6-6aa6-40c3-9547-971739103690	1	152588392	152613762	22	-0.6056
dd08e6a6-6aa6-40c3-9547-971739103690	1	152613802	152784298	167	0.0929
dd08e6a6-6aa6-40c3-9547-971739103690	1	152784330	152796224	40	0.4829
dd08e6a6-6aa6-40c3-9547-971739103690	1	152801429	162166080	5663	0.0889
dd08e6a6-6aa6-40c3-9547-971739103690	1	162166277	187746723	17705	0.0502
dd08e6a6-6aa6-40c3-9547-971739103690	1	187748429	187752238	2	-1.5452
dd08e6a6-6aa6-40c3-9547-971739103690	1	187755479	196762956	5929	0.0377
dd08e6a6-6aa6-40c3-9547-971739103690	1	196769493	196788990	31	0.46
dd08e6a6-6aa6-40c3-9547-971739103690	1	196789019	196790158	4	-0.942
dd08e6a6-6aa6-40c3-9547-971739103690	1	196792690	196854706	27	0.5804
dd08e6a6-6aa6-40c3-9547-971739103690	1	196855470	201534008	3049	0.0418
dd08e6a6-6aa6-40c3-9547-971739103690	1	201534227	206787318	3261	0.0926
dd08e6a6-6aa6-40c3-9547-971739103690	1	206788121	222783270	11260	0.0437
dd08e6a6-6aa6-40c3-9547-971739103690	1	222783738	237113755	9710	0.0701
dd08e6a6-6aa6-40c3-9547-971739103690	1	237113798	245898151	6519	0.035
dd08e6a6-6aa6-40c3-9547-971739103690	1	245898473	248574146	1658	0.0972
dd08e6a6-6aa6-40c3-9547-971739103690	1	248585893	248645563	33	-0.5746
dd08e6a6-6aa6-40c3-9547-971739103690	1	248645808	248930189	139	0.1142
dd08e6a6-6aa6-40c3-9547-971739103690	2	12784	4155597	2980	0.0527
dd08e6a6-6aa6-40c3-9547-971739103690	2	4155990	4175577	38	-0.4531
dd08e6a6-6aa6-40c3-9547-971739103690	2	4175922	14565932	7980	0.0532
dd08e6a6-6aa6-40c3-9547-971739103690	2	14566145	14569897	9	-1.0905
dd08e6a6-6aa6-40c3-9547-971739103690	2	14569968	23713633	6539	0.0353
dd08e6a6-6aa6-40c3-9547-971739103690	2	23714205	28874771	2545	0.0853
dd08e6a6-6aa6-40c3-9547-971739103690	2	28875394	35750907	4805	0.0408
dd08e6a6-6aa6-40c3-9547-971739103690	2	35752724	35762850	6	-1.3851
dd08e6a6-6aa6-40c3-9547-971739103690	2	35762881	52527330	12063	0.048
dd08e6a6-6aa6-40c3-9547-971739103690	2	52527342	52554404	39	-0.5734
dd08e6a6-6aa6-40c3-9547-971739103690	2	52560811	117465774	35424	0.0464
dd08e6a6-6aa6-40c3-9547-971739103690	2	117466188	117472476	7	-0.9042
dd08e6a6-6aa6-40c3-9547-971739103690	2	117472885	138192686	12776	0.0471
dd08e6a6-6aa6-40c3-9547-971739103690	2	138199363	236128565	60054	0.0323
dd08e6a6-6aa6-40c3-9547-971739103690	2	236128602	242147305	3572	0.0729
dd08e6a6-6aa6-40c3-9547-971739103690	3	20930	99044	63	-0.0007
dd08e6a6-6aa6-40c3-9547-971739103690	3	99333	2781392	2325	0.0998
dd08e6a6-6aa6-40c3-9547-971739103690	3	2782874	12593506	7962	0.0537
dd08e6a6-6aa6-40c3-9547-971739103690	3	12593521	15336425	1938	0.0973
dd08e6a6-6aa6-40c3-9547-971739103690	3	15336679	23937812	5505	0.0475
dd08e6a6-6aa6-40c3-9547-971739103690	3	23939938	23940837	2	-3.0622
dd08e6a6-6aa6-40c3-9547-971739103690	3	23940839	44213029	13674	0.0446
dd08e6a6-6aa6-40c3-9547-971739103690	3	44213138	53570448	4460	0.0978
dd08e6a6-6aa6-40c3-9547-971739103690	3	53570767	75372019	16517	0.0468
dd08e6a6-6aa6-40c3-9547-971739103690	3	75377956	75499583	54	-3.0275
dd08e6a6-6aa6-40c3-9547-971739103690	3	75500567	75590356	20	-1.3521
dd08e6a6-6aa6-40c3-9547-971739103690	3	75596233	81545929	3365	0.0322
dd08e6a6-6aa6-40c3-9547-971739103690	3	81546941	81548156	3	-1.0468
dd08e6a6-6aa6-40c3-9547-971739103690	3	81551646	84053071	1269	0.0285
dd08e6a6-6aa6-40c3-9547-971739103690	3	84056282	84057015	2	-3.4113
dd08e6a6-6aa6-40c3-9547-971739103690	3	84061816	99218940	6258	0.0278
dd08e6a6-6aa6-40c3-9547-971739103690	3	99225614	99230212	27	-0.6982
dd08e6a6-6aa6-40c3-9547-971739103690	3	99230225	130057015	18636	0.041
dd08e6a6-6aa6-40c3-9547-971739103690	3	130057833	130087393	35	-1.6366
dd08e6a6-6aa6-40c3-9547-971739103690	3	130088081	131987852	1165	0.0314
dd08e6a6-6aa6-40c3-9547-971739103690	3	131989313	131989627	2	-1.81
dd08e6a6-6aa6-40c3-9547-971739103690	3	131996155	162404983	18729	0.0418
dd08e6a6-6aa6-40c3-9547-971739103690	3	162405578	162424917	15	-0.4972
dd08e6a6-6aa6-40c3-9547-971739103690	3	162426460	192884896	19196	0.0399
dd08e6a6-6aa6-40c3-9547-971739103690	3	192884948	192891778	23	0.5062
dd08e6a6-6aa6-40c3-9547-971739103690	3	192891837	193160113	181	0.053
dd08e6a6-6aa6-40c3-9547-971739103690	3	193160173	193165114	19	-1.1825
dd08e6a6-6aa6-40c3-9547-971739103690	3	193168646	195558822	1480	0.0614
dd08e6a6-6aa6-40c3-9547-971739103690	3	195559056	195719871	24	-0.3951
dd08e6a6-6aa6-40c3-9547-971739103690	3	195719958	198169247	1183	0.0809
dd08e6a6-6aa6-40c3-9547-971739103690	4	68929	209006	76	0.0049
dd08e6a6-6aa6-40c3-9547-971739103690	4	209848	428721	77	0.157
dd08e6a6-6aa6-40c3-9547-971739103690	4	428759	428774	2	-1.1021
dd08e6a6-6aa6-40c3-9547-971739103690	4	429046	3969292	1427	0.1134
dd08e6a6-6aa6-40c3-9547-971739103690	4	3982817	10208766	4110	0.063
dd08e6a6-6aa6-40c3-9547-971739103690	4	10212536	10229874	29	-1.6223
dd08e6a6-6aa6-40c3-9547-971739103690	4	10232590	34777340	16887	0.0293
dd08e6a6-6aa6-40c3-9547-971739103690	4	34777353	34828327	47	0.4623
dd08e6a6-6aa6-40c3-9547-971739103690	4	34828382	49214614	8924	0.045
dd08e6a6-6aa6-40c3-9547-971739103690	4	49289175	49289338	2	-2.214
dd08e6a6-6aa6-40c3-9547-971739103690	4	49295203	68501424	10427	0.0284
dd08e6a6-6aa6-40c3-9547-971739103690	4	68506285	68623617	66	0.5013
dd08e6a6-6aa6-40c3-9547-971739103690	4	68639397	107340885	23304	0.0354
dd08e6a6-6aa6-40c3-9547-971739103690	4	107341660	107341691	2	-1.5172
dd08e6a6-6aa6-40c3-9547-971739103690	4	107344015	114252544	4240	0.0266
dd08e6a6-6aa6-40c3-9547-971739103690	4	114254167	114261019	23	-1.3559
dd08e6a6-6aa6-40c3-9547-971739103690	4	114263073	151868634	21958	0.0302
dd08e6a6-6aa6-40c3-9547-971739103690	4	151870381	151871415	12	-0.6917
dd08e6a6-6aa6-40c3-9547-971739103690	4	151871739	151874621	6	0.7354
dd08e6a6-6aa6-40c3-9547-971739103690	4	151874768	154881396	1939	0.0309
dd08e6a6-6aa6-40c3-9547-971739103690	4	154881853	154881926	3	-2.5249
dd08e6a6-6aa6-40c3-9547-971739103690	4	154882047	171448195	10536	0.0337
dd08e6a6-6aa6-40c3-9547-971739103690	4	171453733	171456293	8	1.7167
dd08e6a6-6aa6-40c3-9547-971739103690	4	171456307	172065874	386	0.0165
dd08e6a6-6aa6-40c3-9547-971739103690	4	172066242	172074828	22	0.5075
dd08e6a6-6aa6-40c3-9547-971739103690	4	172075742	172501371	229	0.0385
dd08e6a6-6aa6-40c3-9547-971739103690	4	172503796	172507320	5	0.5858
dd08e6a6-6aa6-40c3-9547-971739103690	4	172507437	172507492	2	1.7451
dd08e6a6-6aa6-40c3-9547-971739103690	4	172519981	190106768	11778	0.0449
dd08e6a6-6aa6-40c3-9547-971739103690	5	15532	760915	325	0.1188
dd08e6a6-6aa6-40c3-9547-971739103690	5	760969	825538	26	-0.5714
dd08e6a6-6aa6-40c3-9547-971739103690	5	833513	17515692	12969	0.0475
dd08e6a6-6aa6-40c3-9547-971739103690	5	17601444	17637752	15	-0.5953
dd08e6a6-6aa6-40c3-9547-971739103690	5	17640105	46271828	17188	0.0344
dd08e6a6-6aa6-40c3-9547-971739103690	5	46272419	46273400	5	-1.9723
dd08e6a6-6aa6-40c3-9547-971739103690	5	46278110	169973672	74711	0.0399
dd08e6a6-6aa6-40c3-9547-971739103690	5	169974085	180766779	6809	0.0788
dd08e6a6-6aa6-40c3-9547-971739103690	5	180767185	180768522	3	-1.5684
dd08e6a6-6aa6-40c3-9547-971739103690	5	180769816	180947523	99	0.0545
dd08e6a6-6aa6-40c3-9547-971739103690	5	180951710	181006225	20	0.5891
dd08e6a6-6aa6-40c3-9547-971739103690	5	181006264	181363319	168	0.0832
dd08e6a6-6aa6-40c3-9547-971739103690	6	149661	257353	102	0.0571
dd08e6a6-6aa6-40c3-9547-971739103690	6	258265	294474	20	-0.673
dd08e6a6-6aa6-40c3-9547-971739103690	6	294725	29868926	21442	0.0556
dd08e6a6-6aa6-40c3-9547-971739103690	6	29868964	29882419	19	-0.3696
dd08e6a6-6aa6-40c3-9547-971739103690	6	29882497	32529429	1181	0.0894
dd08e6a6-6aa6-40c3-9547-971739103690	6	32533522	32658841	47	0.5376
dd08e6a6-6aa6-40c3-9547-971739103690	6	32682835	32722250	44	0.1934
dd08e6a6-6aa6-40c3-9547-971739103690	6	32723020	32723053	3	2.3669
dd08e6a6-6aa6-40c3-9547-971739103690	6	32732907	44345851	7288	0.0869
dd08e6a6-6aa6-40c3-9547-971739103690	6	44347110	54983657	6922	0.0382
dd08e6a6-6aa6-40c3-9547-971739103690	6	54984363	54985341	3	-1.0805
dd08e6a6-6aa6-40c3-9547-971739103690	6	54987314	66295080	4698	0.0332
dd08e6a6-6aa6-40c3-9547-971739103690	6	66298369	66338736	57	-0.4717
dd08e6a6-6aa6-40c3-9547-971739103690	6	66339513	76305231	6437	0.0336
dd08e6a6-6aa6-40c3-9547-971739103690	6	76307183	76307209	3	-1.0812
dd08e6a6-6aa6-40c3-9547-971739103690	6	76307276	76726815	296	0.0787
dd08e6a6-6aa6-40c3-9547-971739103690	6	76730151	76742924	18	-0.3801
dd08e6a6-6aa6-40c3-9547-971739103690	6	76742956	78253172	972	0.0434
dd08e6a6-6aa6-40c3-9547-971739103690	6	78259348	78336944	118	0.6371
dd08e6a6-6aa6-40c3-9547-971739103690	6	78341897	85777223	4686	0.0372
dd08e6a6-6aa6-40c3-9547-971739103690	6	85780100	85782009	2	-1.3105
dd08e6a6-6aa6-40c3-9547-971739103690	6	85785352	92866534	4498	0.0428
dd08e6a6-6aa6-40c3-9547-971739103690	6	92866554	92868579	19	0.4442
dd08e6a6-6aa6-40c3-9547-971739103690	6	92868712	93894813	715	0.0268
dd08e6a6-6aa6-40c3-9547-971739103690	6	93903559	93906598	4	-0.9984
dd08e6a6-6aa6-40c3-9547-971739103690	6	93909746	103286954	5459	0.0309
dd08e6a6-6aa6-40c3-9547-971739103690	6	103290101	103314186	46	0.5905
dd08e6a6-6aa6-40c3-9547-971739103690	6	103317795	170741917	43958	0.0411
dd08e6a6-6aa6-40c3-9547-971739103690	7	43355	7619307	4024	0.0934
dd08e6a6-6aa6-40c3-9547-971739103690	7	7619369	37297417	22457	0.0404
dd08e6a6-6aa6-40c3-9547-971739103690	7	37301873	38263833	730	0.0725
dd08e6a6-6aa6-40c3-9547-971739103690	7	38271122	38345240	111	0.3881
dd08e6a6-6aa6-40c3-9547-971739103690	7	38347190	48541346	6717	0.0409
dd08e6a6-6aa6-40c3-9547-971739103690	7	48542256	48552064	6	-0.8439
dd08e6a6-6aa6-40c3-9547-971739103690	7	48552289	54318812	4226	0.032
dd08e6a6-6aa6-40c3-9547-971739103690	7	54318816	54318824	5	2.305
dd08e6a6-6aa6-40c3-9547-971739103690	7	54325795	73447763	7352	0.0507
dd08e6a6-6aa6-40c3-9547-971739103690	7	73448398	76524031	904	0.1143
dd08e6a6-6aa6-40c3-9547-971739103690	7	76524046	76527224	2	-2.2484
dd08e6a6-6aa6-40c3-9547-971739103690	7	76531980	88508071	7545	0.0285
dd08e6a6-6aa6-40c3-9547-971739103690	7	88509034	89737958	801	0.1068
dd08e6a6-6aa6-40c3-9547-971739103690	7	89738208	97772620	5127	0.0295
dd08e6a6-6aa6-40c3-9547-971739103690	7	97772647	97773163	7	-0.673
dd08e6a6-6aa6-40c3-9547-971739103690	7	97774928	97966016	96	-0.0004
dd08e6a6-6aa6-40c3-9547-971739103690	7	97967041	108266882	5482	0.0687
dd08e6a6-6aa6-40c3-9547-971739103690	7	108267753	109797037	989	0.0174
dd08e6a6-6aa6-40c3-9547-971739103690	7	109797040	109813853	32	0.5614
dd08e6a6-6aa6-40c3-9547-971739103690	7	109813925	134100587	14694	0.039
dd08e6a6-6aa6-40c3-9547-971739103690	7	134100624	134114444	31	0.5311
dd08e6a6-6aa6-40c3-9547-971739103690	7	134121491	142253285	5326	0.0476
dd08e6a6-6aa6-40c3-9547-971739103690	7	142259629	142784194	316	0.2042
dd08e6a6-6aa6-40c3-9547-971739103690	7	142785320	148623797	3615	0.0253
dd08e6a6-6aa6-40c3-9547-971739103690	7	148626188	154284950	3255	0.0751
dd08e6a6-6aa6-40c3-9547-971739103690	7	154290233	154598185	283	0.006
dd08e6a6-6aa6-40c3-9547-971739103690	7	154601461	154605369	3	1.2686
dd08e6a6-6aa6-40c3-9547-971739103690	7	154607903	159334314	3230	0.059
dd08e6a6-6aa6-40c3-9547-971739103690	8	81254	643041	322	0.1191
dd08e6a6-6aa6-40c3-9547-971739103690	8	644944	645908	10	2.6772
dd08e6a6-6aa6-40c3-9547-971739103690	8	656117	1418902	564	0.0964
dd08e6a6-6aa6-40c3-9547-971739103690	8	1419196	1419436	2	-1.4685
dd08e6a6-6aa6-40c3-9547-971739103690	8	1419522	6968741	6684	0.0705
dd08e6a6-6aa6-40c3-9547-971739103690	8	6968768	6969664	10	-1.1171
dd08e6a6-6aa6-40c3-9547-971739103690	8	6969677	7838739	136	0.1032
dd08e6a6-6aa6-40c3-9547-971739103690	8	7873171	7890177	6	-0.9668
dd08e6a6-6aa6-40c3-9547-971739103690	8	7919608	10070821	1634	0.0519
dd08e6a6-6aa6-40c3-9547-971739103690	8	10073330	12376789	1614	0.0886
dd08e6a6-6aa6-40c3-9547-971739103690	8	12376891	18407644	5311	0.0291
dd08e6a6-6aa6-40c3-9547-971739103690	8	18408647	18413675	4	-1.8705
dd08e6a6-6aa6-40c3-9547-971739103690	8	18413877	25114672	5064	0.0581
dd08e6a6-6aa6-40c3-9547-971739103690	8	25116928	25126818	27	0.7375
dd08e6a6-6aa6-40c3-9547-971739103690	8	25133589	39391223	8970	0.0495
dd08e6a6-6aa6-40c3-9547-971739103690	8	39393453	39529446	54	0.9033
dd08e6a6-6aa6-40c3-9547-971739103690	8	39530780	114622891	43650	0.036
dd08e6a6-6aa6-40c3-9547-971739103690	8	114622999	114629340	24	-0.4913
dd08e6a6-6aa6-40c3-9547-971739103690	8	114629356	122544409	5330	0.0315
dd08e6a6-6aa6-40c3-9547-971739103690	8	122546011	131586732	6393	0.0615
dd08e6a6-6aa6-40c3-9547-971739103690	8	131589581	139726634	6726	0.0374
dd08e6a6-6aa6-40c3-9547-971739103690	8	139727394	144926079	2460	0.1025
dd08e6a6-6aa6-40c3-9547-971739103690	8	144926093	145072769	77	-0.0454
dd08e6a6-6aa6-40c3-9547-971739103690	9	46587	61520021	31182	0.0545
dd08e6a6-6aa6-40c3-9547-971739103690	9	61521913	61581625	21	-1.0012
dd08e6a6-6aa6-40c3-9547-971739103690	9	61598577	82761361	10492	0.0424
dd08e6a6-6aa6-40c3-9547-971739103690	9	82761656	82769329	9	-0.8621
dd08e6a6-6aa6-40c3-9547-971739103690	9	82776771	103804216	14381	0.06
dd08e6a6-6aa6-40c3-9547-971739103690	9	103806415	103807009	2	-2.1621
dd08e6a6-6aa6-40c3-9547-971739103690	9	103808421	123536675	14890	0.0554
dd08e6a6-6aa6-40c3-9547-971739103690	9	123537960	138024491	8006	0.1164
dd08e6a6-6aa6-40c3-9547-971739103690	9	138025172	138200944	133	0.0493
dd08e6a6-6aa6-40c3-9547-971739103690	10	45792	24088746	19105	0.0562
dd08e6a6-6aa6-40c3-9547-971739103690	10	24088747	24089125	9	-2.2264
dd08e6a6-6aa6-40c3-9547-971739103690	10	24089979	56970897	19163	0.0533
dd08e6a6-6aa6-40c3-9547-971739103690	10	56972595	56992226	17	0.5723
dd08e6a6-6aa6-40c3-9547-971739103690	10	56994775	66294267	6536	0.0408
dd08e6a6-6aa6-40c3-9547-971739103690	10	66295769	75024712	5177	0.0831
dd08e6a6-6aa6-40c3-9547-971739103690	10	75027250	100033847	16829	0.0514
dd08e6a6-6aa6-40c3-9547-971739103690	10	100034770	104038310	2013	0.0964
dd08e6a6-6aa6-40c3-9547-971739103690	10	104039841	133654968	21431	0.0514
dd08e6a6-6aa6-40c3-9547-971739103690	11	198510	3465494	1294	0.1029
dd08e6a6-6aa6-40c3-9547-971739103690	11	3466435	3467200	2	-1.2066
dd08e6a6-6aa6-40c3-9547-971739103690	11	3467311	4228783	440	0.1047
dd08e6a6-6aa6-40c3-9547-971739103690	11	4234899	4314648	23	-0.4557
dd08e6a6-6aa6-40c3-9547-971739103690	11	4314837	4946166	651	0.0495
dd08e6a6-6aa6-40c3-9547-971739103690	11	4946420	4949137	8	-0.4922
dd08e6a6-6aa6-40c3-9547-971739103690	11	4950775	4952799	18	-1.6616
dd08e6a6-6aa6-40c3-9547-971739103690	11	4953934	5766175	784	0.0368
dd08e6a6-6aa6-40c3-9547-971739103690	11	5766850	5787909	32	-2.3713
dd08e6a6-6aa6-40c3-9547-971739103690	11	5788108	20688904	10954	0.0534
dd08e6a6-6aa6-40c3-9547-971739103690	11	20700097	20726505	33	-0.7664
dd08e6a6-6aa6-40c3-9547-971739103690	11	20728111	43669167	16093	0.0387
dd08e6a6-6aa6-40c3-9547-971739103690	11	43670034	48572716	2793	0.0781
dd08e6a6-6aa6-40c3-9547-971739103690	11	48576870	48581124	3	-1.4855
dd08e6a6-6aa6-40c3-9547-971739103690	11	48584766	61279857	4631	0.0527
dd08e6a6-6aa6-40c3-9547-971739103690	11	61280259	77414348	7857	0.0973
dd08e6a6-6aa6-40c3-9547-971739103690	11	77414506	86594771	6434	0.0391
dd08e6a6-6aa6-40c3-9547-971739103690	11	86594775	86595012	4	-0.9797
dd08e6a6-6aa6-40c3-9547-971739103690	11	86604132	89759710	2077	0.0356
dd08e6a6-6aa6-40c3-9547-971739103690	11	89765194	89813759	7	-0.6907
dd08e6a6-6aa6-40c3-9547-971739103690	11	89814936	116796745	18842	0.0403
dd08e6a6-6aa6-40c3-9547-971739103690	11	116797795	121616105	3316	0.0787
dd08e6a6-6aa6-40c3-9547-971739103690	11	121616637	133037277	8601	0.0453
dd08e6a6-6aa6-40c3-9547-971739103690	11	133037781	135074876	1530	0.092
dd08e6a6-6aa6-40c3-9547-971739103690	12	51460	11515519	7472	0.0748
dd08e6a6-6aa6-40c3-9547-971739103690	12	11520094	12377763	726	0.047
dd08e6a6-6aa6-40c3-9547-971739103690	12	12383285	12388935	17	-0.6279
dd08e6a6-6aa6-40c3-9547-971739103690	12	12389946	24557531	8076	0.0363
dd08e6a6-6aa6-40c3-9547-971739103690	12	24560619	25037987	379	0.0986
dd08e6a6-6aa6-40c3-9547-971739103690	12	25040224	33141710	5987	0.0528
dd08e6a6-6aa6-40c3-9547-971739103690	12	33141726	33154440	28	-0.3193
dd08e6a6-6aa6-40c3-9547-971739103690	12	33155426	33426161	194	0.0683
dd08e6a6-6aa6-40c3-9547-971739103690	12	33429852	38821834	1132	0.1149
dd08e6a6-6aa6-40c3-9547-971739103690	12	38821850	43026154	2777	0.027
dd08e6a6-6aa6-40c3-9547-971739103690	12	43026726	43026950	2	-1.3112
dd08e6a6-6aa6-40c3-9547-971739103690	12	43033505	45478429	1428	0.0309
dd08e6a6-6aa6-40c3-9547-971739103690	12	45479031	48331259	1738	0.0564
dd08e6a6-6aa6-40c3-9547-971739103690	12	48331456	48331632	3	-1.0143
dd08e6a6-6aa6-40c3-9547-971739103690	12	48336253	58085808	5298	0.0796
dd08e6a6-6aa6-40c3-9547-971739103690	12	58086899	63526209	3577	0.0334
dd08e6a6-6aa6-40c3-9547-971739103690	12	63526805	63531025	3	-1.3125
dd08e6a6-6aa6-40c3-9547-971739103690	12	63539183	103670796	25602	0.0312
dd08e6a6-6aa6-40c3-9547-971739103690	12	103671653	131636170	19431	0.0723
dd08e6a6-6aa6-40c3-9547-971739103690	12	131648039	131648790	13	-1.6797
dd08e6a6-6aa6-40c3-9547-971739103690	12	131657925	133201603	557	0.1025
dd08e6a6-6aa6-40c3-9547-971739103690	13	18452809	25015857	4341	0.0629
dd08e6a6-6aa6-40c3-9547-971739103690	13	25021545	25024108	7	-0.8141
dd08e6a6-6aa6-40c3-9547-971739103690	13	25028625	34487339	7079	0.0421
dd08e6a6-6aa6-40c3-9547-971739103690	13	34487628	34488132	3	1.1527
dd08e6a6-6aa6-40c3-9547-971739103690	13	34492926	48957415	9979	0.0408
dd08e6a6-6aa6-40c3-9547-971739103690	13	48959579	48962368	2	-2.726
dd08e6a6-6aa6-40c3-9547-971739103690	13	48963569	57139102	4455	0.05
dd08e6a6-6aa6-40c3-9547-971739103690	13	57139232	57474199	199	0.1809
dd08e6a6-6aa6-40c3-9547-971739103690	13	57475779	63584129	3570	0.0246
dd08e6a6-6aa6-40c3-9547-971739103690	13	63584832	64429098	496	0.1178
dd08e6a6-6aa6-40c3-9547-971739103690	13	64429643	71902850	4701	0.0297
dd08e6a6-6aa6-40c3-9547-971739103690	13	71903417	71906418	4	-2.1273
dd08e6a6-6aa6-40c3-9547-971739103690	13	71906467	112482444	28032	0.0297
dd08e6a6-6aa6-40c3-9547-971739103690	13	112483460	114342922	879	0.0935
dd08e6a6-6aa6-40c3-9547-971739103690	14	18239283	18662134	20	0.2303
dd08e6a6-6aa6-40c3-9547-971739103690	14	18674599	19326853	29	0.8194
dd08e6a6-6aa6-40c3-9547-971739103690	14	19367655	19650668	11	0.0345
dd08e6a6-6aa6-40c3-9547-971739103690	14	19667065	19955213	107	1.1032
dd08e6a6-6aa6-40c3-9547-971739103690	14	19956767	21924527	1337	0.0581
dd08e6a6-6aa6-40c3-9547-971739103690	14	21924557	22501272	497	0.3123
dd08e6a6-6aa6-40c3-9547-971739103690	14	22501343	53405798	19110	0.0364
dd08e6a6-6aa6-40c3-9547-971739103690	14	53408796	53409273	2	-1.7583
dd08e6a6-6aa6-40c3-9547-971739103690	14	53410131	67941083	9274	0.0362
dd08e6a6-6aa6-40c3-9547-971739103690	14	67941221	67943482	2	-1.9748
dd08e6a6-6aa6-40c3-9547-971739103690	14	67947317	73534419	3691	0.0597
dd08e6a6-6aa6-40c3-9547-971739103690	14	73540003	73563196	9	0.9507
dd08e6a6-6aa6-40c3-9547-971739103690	14	73563211	78606765	3295	0.0681
dd08e6a6-6aa6-40c3-9547-971739103690	14	78607002	85766117	4788	0.013
dd08e6a6-6aa6-40c3-9547-971739103690	14	85767773	86636251	594	0.0666
dd08e6a6-6aa6-40c3-9547-971739103690	14	86637327	86637353	2	-2.0635
dd08e6a6-6aa6-40c3-9547-971739103690	14	86643224	106418444	12179	0.0604
dd08e6a6-6aa6-40c3-9547-971739103690	14	106423925	106462123	44	0.3871
dd08e6a6-6aa6-40c3-9547-971739103690	14	106462132	106877229	199	0.0831
dd08e6a6-6aa6-40c3-9547-971739103690	15	19811075	20625279	137	0.0984
dd08e6a6-6aa6-40c3-9547-971739103690	15	20642631	22413894	71	0.3299
dd08e6a6-6aa6-40c3-9547-971739103690	15	22455811	30215235	4614	0.0721
dd08e6a6-6aa6-40c3-9547-971739103690	15	30230885	30297594	12	-0.7505
dd08e6a6-6aa6-40c3-9547-971739103690	15	30300815	57128388	16529	0.0643
dd08e6a6-6aa6-40c3-9547-971739103690	15	57128431	57313022	83	-0.3826
dd08e6a6-6aa6-40c3-9547-971739103690	15	57314675	57316106	2	-2.2902
dd08e6a6-6aa6-40c3-9547-971739103690	15	57316463	73620897	10868	-0.3243
dd08e6a6-6aa6-40c3-9547-971739103690	15	73621371	76586021	1452	0.1011
dd08e6a6-6aa6-40c3-9547-971739103690	15	76598900	76603434	22	-1.6791
dd08e6a6-6aa6-40c3-9547-971739103690	15	76609838	93264156	11047	0.0758
dd08e6a6-6aa6-40c3-9547-971739103690	15	93264212	93265392	12	-0.4419
dd08e6a6-6aa6-40c3-9547-971739103690	15	93267180	94906902	1339	0.0736
dd08e6a6-6aa6-40c3-9547-971739103690	15	94906968	97265179	1730	0.0274
dd08e6a6-6aa6-40c3-9547-971739103690	15	97274562	97288957	11	-0.7166
dd08e6a6-6aa6-40c3-9547-971739103690	15	97290419	101928837	3415	0.0671
dd08e6a6-6aa6-40c3-9547-971739103690	16	10777	31203426	19576	0.0854
dd08e6a6-6aa6-40c3-9547-971739103690	16	31203577	70091271	16044	0.063
dd08e6a6-6aa6-40c3-9547-971739103690	16	70105639	70179141	18	0.5629
dd08e6a6-6aa6-40c3-9547-971739103690	16	70200633	74325980	2279	0.0463
dd08e6a6-6aa6-40c3-9547-971739103690	16	74330125	74373481	13	0.5429
dd08e6a6-6aa6-40c3-9547-971739103690	16	74418138	78339440	3188	0.0588
dd08e6a6-6aa6-40c3-9547-971739103690	16	78339867	78339920	2	1.7493
dd08e6a6-6aa6-40c3-9547-971739103690	16	78342480	80862622	2955	0.0716
dd08e6a6-6aa6-40c3-9547-971739103690	16	80862668	82148540	1189	0.0919
dd08e6a6-6aa6-40c3-9547-971739103690	16	82149798	82150393	2	1.5429
dd08e6a6-6aa6-40c3-9547-971739103690	16	82150913	82751220	672	0.0574
dd08e6a6-6aa6-40c3-9547-971739103690	16	82751338	82751514	2	-1.7958
dd08e6a6-6aa6-40c3-9547-971739103690	16	82752297	90096867	5772	0.0921
dd08e6a6-6aa6-40c3-9547-971739103690	17	150733	8819421	4840	0.1127
dd08e6a6-6aa6-40c3-9547-971739103690	17	8826222	14285476	4080	0.0693
dd08e6a6-6aa6-40c3-9547-971739103690	17	14286376	14287229	2	1.3505
dd08e6a6-6aa6-40c3-9547-971739103690	17	14291585	16471798	1394	0.0786
dd08e6a6-6aa6-40c3-9547-971739103690	17	16473875	16750987	126	0.114
dd08e6a6-6aa6-40c3-9547-971739103690	17	16754017	16870835	19	0.5173
dd08e6a6-6aa6-40c3-9547-971739103690	17	16875871	18455632	902	0.1022
dd08e6a6-6aa6-40c3-9547-971739103690	17	18455635	18561907	25	-1.4798
dd08e6a6-6aa6-40c3-9547-971739103690	17	18565883	41265456	9375	0.0962
dd08e6a6-6aa6-40c3-9547-971739103690	17	41266762	41274279	24	-0.5106
dd08e6a6-6aa6-40c3-9547-971739103690	17	41276472	45577724	2153	0.1305
dd08e6a6-6aa6-40c3-9547-971739103690	17	45579014	45582060	6	-0.7722
dd08e6a6-6aa6-40c3-9547-971739103690	17	45587327	46085732	337	0.0867
dd08e6a6-6aa6-40c3-9547-971739103690	17	46088437	46284997	123	-0.2093
dd08e6a6-6aa6-40c3-9547-971739103690	17	46286804	46351954	3	0.7885
dd08e6a6-6aa6-40c3-9547-971739103690	17	46446345	46446360	2	3.393
dd08e6a6-6aa6-40c3-9547-971739103690	17	46569894	50862772	2174	0.1197
dd08e6a6-6aa6-40c3-9547-971739103690	17	50863061	56474848	3929	0.0578
dd08e6a6-6aa6-40c3-9547-971739103690	17	56480729	69826939	7507	0.0917
dd08e6a6-6aa6-40c3-9547-971739103690	17	69827818	72716410	2304	0.0542
dd08e6a6-6aa6-40c3-9547-971739103690	17	72717226	83091923	5592	0.1183
dd08e6a6-6aa6-40c3-9547-971739103690	18	48133	286475	92	-0.032
dd08e6a6-6aa6-40c3-9547-971739103690	18	287080	23907340	11777	0.0608
dd08e6a6-6aa6-40c3-9547-971739103690	18	23909922	42476636	12052	0.0377
dd08e6a6-6aa6-40c3-9547-971739103690	18	42476672	42477436	19	-0.5534
dd08e6a6-6aa6-40c3-9547-971739103690	18	42477469	64543663	15148	0.0458
dd08e6a6-6aa6-40c3-9547-971739103690	18	64544391	64544711	2	-1.9564
dd08e6a6-6aa6-40c3-9547-971739103690	18	64550181	80257174	11401	0.0526
dd08e6a6-6aa6-40c3-9547-971739103690	19	90910	5506648	1591	0.1326
dd08e6a6-6aa6-40c3-9547-971739103690	19	5510228	5510569	2	-2.274
dd08e6a6-6aa6-40c3-9547-971739103690	19	5510642	19097287	6612	0.1301
dd08e6a6-6aa6-40c3-9547-971739103690	19	19097670	24413948	2923	0.0796
dd08e6a6-6aa6-40c3-9547-971739103690	19	27257085	27935841	204	-0.6366
dd08e6a6-6aa6-40c3-9547-971739103690	19	27938347	34118321	4516	-0.7329
dd08e6a6-6aa6-40c3-9547-971739103690	19	34120844	54772476	10851	-0.6496
dd08e6a6-6aa6-40c3-9547-971739103690	19	54786431	54815158	17	0.3151
dd08e6a6-6aa6-40c3-9547-971739103690	19	54819199	55770704	453	-0.6321
dd08e6a6-6aa6-40c3-9547-971739103690	19	55771003	55771701	4	-2.0921
dd08e6a6-6aa6-40c3-9547-971739103690	19	55774927	58582097	1827	-0.6867
dd08e6a6-6aa6-40c3-9547-971739103690	19	58583759	58586487	4	-0.0085
dd08e6a6-6aa6-40c3-9547-971739103690	20	80664	5872839	4311	0.0908
dd08e6a6-6aa6-40c3-9547-971739103690	20	5877173	12649334	5332	0.0384
dd08e6a6-6aa6-40c3-9547-971739103690	20	12650073	12650157	3	-1.5912
dd08e6a6-6aa6-40c3-9547-971739103690	20	12651396	26277456	10266	0.0539
dd08e6a6-6aa6-40c3-9547-971739103690	20	26285462	39336456	4319	0.098
dd08e6a6-6aa6-40c3-9547-971739103690	20	39337091	42256036	2120	0.0434
dd08e6a6-6aa6-40c3-9547-971739103690	20	42257208	54028329	8404	0.0925
dd08e6a6-6aa6-40c3-9547-971739103690	20	54031269	54042112	37	-0.483
dd08e6a6-6aa6-40c3-9547-971739103690	20	54046035	56425893	1975	0.0445
dd08e6a6-6aa6-40c3-9547-971739103690	20	56428601	64324800	5459	0.0891
dd08e6a6-6aa6-40c3-9547-971739103690	21	10354168	14198561	416	0.082
dd08e6a6-6aa6-40c3-9547-971739103690	21	14208212	28229716	10383	0.0378
dd08e6a6-6aa6-40c3-9547-971739103690	21	28230205	41965899	10356	0.065
dd08e6a6-6aa6-40c3-9547-971739103690	21	41965936	46677045	2581	0.1102
dd08e6a6-6aa6-40c3-9547-971739103690	22	15294547	22395652	3442	0.0829
dd08e6a6-6aa6-40c3-9547-971739103690	22	22395791	22396262	5	1.1037
dd08e6a6-6aa6-40c3-9547-971739103690	22	22397854	38967614	11763	0.0954
dd08e6a6-6aa6-40c3-9547-971739103690	22	38967679	38978710	22	-0.6207
dd08e6a6-6aa6-40c3-9547-971739103690	22	38979302	50796027	8001	0.1042
dd08e6a6-6aa6-40c3-9547-971739103690	X	251810	9605751	5221	-0.0008
dd08e6a6-6aa6-40c3-9547-971739103690	X	9610023	9610158	2	-4.1131
dd08e6a6-6aa6-40c3-9547-971739103690	X	9610705	17353195	5326	-0.0012
dd08e6a6-6aa6-40c3-9547-971739103690	X	17353306	17354512	2	2.5113
dd08e6a6-6aa6-40c3-9547-971739103690	X	17354673	25895882	5095	-0.0055
dd08e6a6-6aa6-40c3-9547-971739103690	X	25895997	25907052	3	-3.0456
dd08e6a6-6aa6-40c3-9547-971739103690	X	25907893	155952689	67443	0.0018
dd08e6a6-6aa6-40c3-9547-971739103690	Y	2782397	16804924	4897	-0.8954
dd08e6a6-6aa6-40c3-9547-971739103690	Y	16808968	17455526	317	-0.0814
dd08e6a6-6aa6-40c3-9547-971739103690	Y	17953528	21961640	1123	-0.8929
dd08e6a6-6aa6-40c3-9547-971739103690	Y	22159306	22197200	5	-1.9963
dd08e6a6-6aa6-40c3-9547-971739103690	Y	22213784	56872112	293	-0.9214
