GDC_Aliquot	Chromosome	Start	End	Num_Probes	Segment_Mean
087650be-139f-4227-be07-913e99e56dd4	1	62920	16855942	8698	0.0132
087650be-139f-4227-be07-913e99e56dd4	1	16863509	16935737	54	-0.6039
087650be-139f-4227-be07-913e99e56dd4	1	16935752	25256188	5254	0.0108
087650be-139f-4227-be07-913e99e56dd4	1	25256352	25320455	27	0.5998
087650be-139f-4227-be07-913e99e56dd4	1	25336819	58016357	18790	0.0093
087650be-139f-4227-be07-913e99e56dd4	1	58016644	58017548	6	-1.2567
087650be-139f-4227-be07-913e99e56dd4	1	58018605	72303233	9922	0.001
087650be-139f-4227-be07-913e99e56dd4	1	72303253	72346221	46	-0.7
087650be-139f-4227-be07-913e99e56dd4	1	72346757	89433832	11177	0.005
087650be-139f-4227-be07-913e99e56dd4	1	89434319	89445874	5	-0.9026
087650be-139f-4227-be07-913e99e56dd4	1	89449165	91727707	1519	0.0006
087650be-139f-4227-be07-913e99e56dd4	1	91728105	91730095	2	-1.7464
087650be-139f-4227-be07-913e99e56dd4	1	91730496	103560166	7287	-0.0032
087650be-139f-4227-be07-913e99e56dd4	1	103560435	103616762	29	0.4002
087650be-139f-4227-be07-913e99e56dd4	1	103620877	103697364	4	-1.3539
087650be-139f-4227-be07-913e99e56dd4	1	103717410	105470754	919	0.0094
087650be-139f-4227-be07-913e99e56dd4	1	105476583	105479753	17	0.6806
087650be-139f-4227-be07-913e99e56dd4	1	105481433	152546733	12176	0.0104
087650be-139f-4227-be07-913e99e56dd4	1	152554167	152613802	75	-1.3106
087650be-139f-4227-be07-913e99e56dd4	1	152614064	152789809	176	0.0208
087650be-139f-4227-be07-913e99e56dd4	1	152789918	152796224	30	0.6052
087650be-139f-4227-be07-913e99e56dd4	1	152801429	158896783	3608	0.007
087650be-139f-4227-be07-913e99e56dd4	1	158898711	158899969	2	1.7271
087650be-139f-4227-be07-913e99e56dd4	1	158905028	161648901	1649	0.0049
087650be-139f-4227-be07-913e99e56dd4	1	161649069	161678447	7	0.936
087650be-139f-4227-be07-913e99e56dd4	1	161678831	169017254	5817	0.0025
087650be-139f-4227-be07-913e99e56dd4	1	169017882	169017973	2	-1.5056
087650be-139f-4227-be07-913e99e56dd4	1	169020148	169247699	190	-0.0306
087650be-139f-4227-be07-913e99e56dd4	1	169264736	169272528	7	0.7732
087650be-139f-4227-be07-913e99e56dd4	1	169273163	189354974	13220	0.0058
087650be-139f-4227-be07-913e99e56dd4	1	189357207	189484414	76	0.2317
087650be-139f-4227-be07-913e99e56dd4	1	189489889	189806012	243	0.0058
087650be-139f-4227-be07-913e99e56dd4	1	189806360	189816853	19	0.555
087650be-139f-4227-be07-913e99e56dd4	1	189819270	190015783	172	-0.0038
087650be-139f-4227-be07-913e99e56dd4	1	190016750	190017280	7	0.6038
087650be-139f-4227-be07-913e99e56dd4	1	190017296	190848253	522	0.0106
087650be-139f-4227-be07-913e99e56dd4	1	190848414	190922280	70	0.2347
087650be-139f-4227-be07-913e99e56dd4	1	190922727	195272551	2881	0.0122
087650be-139f-4227-be07-913e99e56dd4	1	195272936	195386755	69	0.2113
087650be-139f-4227-be07-913e99e56dd4	1	195387355	196762956	898	0.0091
087650be-139f-4227-be07-913e99e56dd4	1	196769493	196846661	57	-0.5266
087650be-139f-4227-be07-913e99e56dd4	1	196847600	247785470	35194	0.0031
087650be-139f-4227-be07-913e99e56dd4	1	247786501	247790431	3	-1.5158
087650be-139f-4227-be07-913e99e56dd4	1	247794496	248930189	612	0.056
087650be-139f-4227-be07-913e99e56dd4	2	12784	35750907	24993	0.0094
087650be-139f-4227-be07-913e99e56dd4	2	35752724	35762850	6	1.245
087650be-139f-4227-be07-913e99e56dd4	2	35762881	36108463	275	0.0256
087650be-139f-4227-be07-913e99e56dd4	2	36109476	36112411	13	-0.8582
087650be-139f-4227-be07-913e99e56dd4	2	36123960	50705683	10590	0.0073
087650be-139f-4227-be07-913e99e56dd4	2	50710390	51036011	212	0.1549
087650be-139f-4227-be07-913e99e56dd4	2	51036386	52246039	826	0.0029
087650be-139f-4227-be07-913e99e56dd4	2	52248657	52277967	22	0.4607
087650be-139f-4227-be07-913e99e56dd4	2	52278627	52289860	4	-0.2732
087650be-139f-4227-be07-913e99e56dd4	2	52289925	52304038	10	0.225
087650be-139f-4227-be07-913e99e56dd4	2	52304834	52308422	3	-0.3377
087650be-139f-4227-be07-913e99e56dd4	2	52308429	52312770	7	0.738
087650be-139f-4227-be07-913e99e56dd4	2	52313501	57271922	3641	0.0062
087650be-139f-4227-be07-913e99e56dd4	2	57275484	57280699	3	-1.5244
087650be-139f-4227-be07-913e99e56dd4	2	57286723	86710564	18457	0.0069
087650be-139f-4227-be07-913e99e56dd4	2	86725947	86726731	2	-2.097
087650be-139f-4227-be07-913e99e56dd4	2	86743283	97359885	1930	-0.0045
087650be-139f-4227-be07-913e99e56dd4	2	97524284	97545726	9	-1.3036
087650be-139f-4227-be07-913e99e56dd4	2	97550415	106263639	5565	0.0016
087650be-139f-4227-be07-913e99e56dd4	2	106264257	106268557	10	0.829
087650be-139f-4227-be07-913e99e56dd4	2	106268901	116828073	5728	0.0054
087650be-139f-4227-be07-913e99e56dd4	2	116831010	116832277	3	-1.6499
087650be-139f-4227-be07-913e99e56dd4	2	116833669	183704342	41220	0.0027
087650be-139f-4227-be07-913e99e56dd4	2	183706582	183707062	5	1.1339
087650be-139f-4227-be07-913e99e56dd4	2	183709047	242147305	35915	0.007
087650be-139f-4227-be07-913e99e56dd4	3	20930	182919	153	-0.0124
087650be-139f-4227-be07-913e99e56dd4	3	188339	191117	4	-3.4886
087650be-139f-4227-be07-913e99e56dd4	3	193194	5089711	4384	0.0142
087650be-139f-4227-be07-913e99e56dd4	3	5090894	5094879	7	-0.9983
087650be-139f-4227-be07-913e99e56dd4	3	5096514	6604856	1266	0.0078
087650be-139f-4227-be07-913e99e56dd4	3	6609441	6613391	24	0.4965
087650be-139f-4227-be07-913e99e56dd4	3	6613561	27003116	14493	0.0039
087650be-139f-4227-be07-913e99e56dd4	3	27006168	27028321	12	-0.6303
087650be-139f-4227-be07-913e99e56dd4	3	27028519	60291411	20635	0.0057
087650be-139f-4227-be07-913e99e56dd4	3	60291980	60292333	3	-1.4878
087650be-139f-4227-be07-913e99e56dd4	3	60292565	60776842	542	0.0515
087650be-139f-4227-be07-913e99e56dd4	3	60777727	60785699	4	-1.0784
087650be-139f-4227-be07-913e99e56dd4	3	60786181	60949789	168	0.0385
087650be-139f-4227-be07-913e99e56dd4	3	60950040	60953302	4	-1.24
087650be-139f-4227-be07-913e99e56dd4	3	60954909	60955474	2	0.6115
087650be-139f-4227-be07-913e99e56dd4	3	60955755	61495810	427	0.0173
087650be-139f-4227-be07-913e99e56dd4	3	61496335	61500233	4	0.6664
087650be-139f-4227-be07-913e99e56dd4	3	61504475	61508578	2	-1.368
087650be-139f-4227-be07-913e99e56dd4	3	61509218	68682877	5648	0.0061
087650be-139f-4227-be07-913e99e56dd4	3	68697013	68698262	15	-1.317
087650be-139f-4227-be07-913e99e56dd4	3	68699607	84650033	9904	0.0052
087650be-139f-4227-be07-913e99e56dd4	3	84650533	84653449	19	-0.4263
087650be-139f-4227-be07-913e99e56dd4	3	84657133	85451934	464	0.0143
087650be-139f-4227-be07-913e99e56dd4	3	85452316	85565122	62	0.255
087650be-139f-4227-be07-913e99e56dd4	3	85567110	87801359	1236	0.0112
087650be-139f-4227-be07-913e99e56dd4	3	87805127	87808859	3	-1.1387
087650be-139f-4227-be07-913e99e56dd4	3	87809321	89337951	929	0.0216
087650be-139f-4227-be07-913e99e56dd4	3	89345442	89345576	7	-0.8356
087650be-139f-4227-be07-913e99e56dd4	3	89345592	89355967	5	0.3487
087650be-139f-4227-be07-913e99e56dd4	3	89356604	89370231	39	-0.7856
087650be-139f-4227-be07-913e99e56dd4	3	89370771	131987852	23176	0.0054
087650be-139f-4227-be07-913e99e56dd4	3	131989313	131989627	2	-2.358
087650be-139f-4227-be07-913e99e56dd4	3	131996155	193160113	38327	0.0145
087650be-139f-4227-be07-913e99e56dd4	3	193160173	193165114	19	-1.1492
087650be-139f-4227-be07-913e99e56dd4	3	193168646	195683075	1488	-0.0047
087650be-139f-4227-be07-913e99e56dd4	3	195685341	195720051	21	1.0848
087650be-139f-4227-be07-913e99e56dd4	3	195728637	198169247	1184	0.0352
087650be-139f-4227-be07-913e99e56dd4	4	68929	3712714	1506	0.0229
087650be-139f-4227-be07-913e99e56dd4	4	3713876	3715854	3	-1.5581
087650be-139f-4227-be07-913e99e56dd4	4	3717299	4117959	118	-0.0372
087650be-139f-4227-be07-913e99e56dd4	4	4121101	4151033	6	-1.7627
087650be-139f-4227-be07-913e99e56dd4	4	4158336	8722817	3465	0.0022
087650be-139f-4227-be07-913e99e56dd4	4	9370577	9455251	59	0.8291
087650be-139f-4227-be07-913e99e56dd4	4	9459504	9477699	6	-0.8239
087650be-139f-4227-be07-913e99e56dd4	4	9484440	9672813	53	-0.1902
087650be-139f-4227-be07-913e99e56dd4	4	9674538	10181987	433	-0.0031
087650be-139f-4227-be07-913e99e56dd4	4	10182271	10208766	53	-0.1688
087650be-139f-4227-be07-913e99e56dd4	4	10221792	10233644	34	-1.9329
087650be-139f-4227-be07-913e99e56dd4	4	10234518	10390730	172	-0.0442
087650be-139f-4227-be07-913e99e56dd4	4	10391530	10401094	16	0.596
087650be-139f-4227-be07-913e99e56dd4	4	10401122	34777432	16780	0.0066
087650be-139f-4227-be07-913e99e56dd4	4	34784878	34823103	38	0.8882
087650be-139f-4227-be07-913e99e56dd4	4	34828250	68478894	19456	0.0071
087650be-139f-4227-be07-913e99e56dd4	4	68494770	68570917	40	-0.398
087650be-139f-4227-be07-913e99e56dd4	4	68581727	68686026	36	-1.7612
087650be-139f-4227-be07-913e99e56dd4	4	68725894	69257792	306	0.0117
087650be-139f-4227-be07-913e99e56dd4	4	69261926	69366406	56	-0.5715
087650be-139f-4227-be07-913e99e56dd4	4	69370433	75256588	3547	0.0014
087650be-139f-4227-be07-913e99e56dd4	4	75258049	75259597	2	-2.4164
087650be-139f-4227-be07-913e99e56dd4	4	75264860	103294549	17098	0.0013
087650be-139f-4227-be07-913e99e56dd4	4	103296943	103318135	22	0.4724
087650be-139f-4227-be07-913e99e56dd4	4	103319098	107130169	2208	-0.0029
087650be-139f-4227-be07-913e99e56dd4	4	107130343	107155225	37	0.3094
087650be-139f-4227-be07-913e99e56dd4	4	107155362	114252544	4409	0.0034
087650be-139f-4227-be07-913e99e56dd4	4	114254167	114254256	6	-1.8828
087650be-139f-4227-be07-913e99e56dd4	4	114254358	114258385	11	-0.7865
087650be-139f-4227-be07-913e99e56dd4	4	114258482	114261019	6	-2.1122
087650be-139f-4227-be07-913e99e56dd4	4	114263073	151870381	22075	0.0018
087650be-139f-4227-be07-913e99e56dd4	4	151870485	151871415	11	-1.0669
087650be-139f-4227-be07-913e99e56dd4	4	151871739	151873707	4	0.9185
087650be-139f-4227-be07-913e99e56dd4	4	151874236	157542107	3724	0.0114
087650be-139f-4227-be07-913e99e56dd4	4	157544517	157544759	2	-1.7304
087650be-139f-4227-be07-913e99e56dd4	4	157544775	157640195	69	-0.0019
087650be-139f-4227-be07-913e99e56dd4	4	157640336	157640707	4	-1.306
087650be-139f-4227-be07-913e99e56dd4	4	157649327	160141817	1449	0.0022
087650be-139f-4227-be07-913e99e56dd4	4	160141833	160145993	12	0.418
087650be-139f-4227-be07-913e99e56dd4	4	160146743	160959045	607	0.0046
087650be-139f-4227-be07-913e99e56dd4	4	160959151	160963756	17	-0.5589
087650be-139f-4227-be07-913e99e56dd4	4	160963767	172066777	7070	0.0095
087650be-139f-4227-be07-913e99e56dd4	4	172067997	172068382	12	-1.9612
087650be-139f-4227-be07-913e99e56dd4	4	172074828	189864410	12019	0.0153
087650be-139f-4227-be07-913e99e56dd4	4	189870388	189948118	30	-0.4632
087650be-139f-4227-be07-913e99e56dd4	4	189951988	190106768	29	-0.0507
087650be-139f-4227-be07-913e99e56dd4	5	15532	660689	295	0.0413
087650be-139f-4227-be07-913e99e56dd4	5	661708	800724	40	0.3528
087650be-139f-4227-be07-913e99e56dd4	5	801456	17515692	13033	0.0012
087650be-139f-4227-be07-913e99e56dd4	5	17601444	17670916	27	-1.1855
087650be-139f-4227-be07-913e99e56dd4	5	17671938	20399092	1693	0.0135
087650be-139f-4227-be07-913e99e56dd4	5	20401177	20564172	152	0.2025
087650be-139f-4227-be07-913e99e56dd4	5	20564211	34258752	8395	-0.0028
087650be-139f-4227-be07-913e99e56dd4	5	34259309	34264450	4	-1.3078
087650be-139f-4227-be07-913e99e56dd4	5	34266449	46191782	7000	0.0057
087650be-139f-4227-be07-913e99e56dd4	5	46195781	46199333	4	-1.7733
087650be-139f-4227-be07-913e99e56dd4	5	46209197	46251204	13	0.2401
087650be-139f-4227-be07-913e99e56dd4	5	46270906	46273400	8	1.2022
087650be-139f-4227-be07-913e99e56dd4	5	46278110	69550476	12395	0
087650be-139f-4227-be07-913e99e56dd4	5	69571467	69822308	5	-2.1648
087650be-139f-4227-be07-913e99e56dd4	5	69937600	176033084	67052	0.0027
087650be-139f-4227-be07-913e99e56dd4	5	176038686	176042504	2	-2.5797
087650be-139f-4227-be07-913e99e56dd4	5	176043321	177771448	723	0.012
087650be-139f-4227-be07-913e99e56dd4	5	177800550	177805604	3	2.0733
087650be-139f-4227-be07-913e99e56dd4	5	177827964	181363319	1980	0.0031
087650be-139f-4227-be07-913e99e56dd4	6	149661	254283	100	0.0805
087650be-139f-4227-be07-913e99e56dd4	6	257353	303121	26	-0.6801
087650be-139f-4227-be07-913e99e56dd4	6	314962	29869295	21509	0.0074
087650be-139f-4227-be07-913e99e56dd4	6	29869410	29881490	16	-1.4269
087650be-139f-4227-be07-913e99e56dd4	6	29882419	31328674	672	-0.0003
087650be-139f-4227-be07-913e99e56dd4	6	31342147	31349570	2	-2.1613
087650be-139f-4227-be07-913e99e56dd4	6	31349920	32146738	317	0.0277
087650be-139f-4227-be07-913e99e56dd4	6	32155862	32156647	2	-2.135
087650be-139f-4227-be07-913e99e56dd4	6	32172710	32619680	222	0.0563
087650be-139f-4227-be07-913e99e56dd4	6	32625244	32633540	5	-1.1232
087650be-139f-4227-be07-913e99e56dd4	6	32634330	33740999	628	0.0037
087650be-139f-4227-be07-913e99e56dd4	6	33742243	33742261	2	-2.0529
087650be-139f-4227-be07-913e99e56dd4	6	33745833	48963228	9769	0.0115
087650be-139f-4227-be07-913e99e56dd4	6	48964092	48967338	3	-1.4265
087650be-139f-4227-be07-913e99e56dd4	6	48967442	52759800	2325	0.0095
087650be-139f-4227-be07-913e99e56dd4	6	52760252	52765837	10	-0.741
087650be-139f-4227-be07-913e99e56dd4	6	52765880	54066269	969	-0.0035
087650be-139f-4227-be07-913e99e56dd4	6	54066286	54067057	8	1.4096
087650be-139f-4227-be07-913e99e56dd4	6	54070550	65679268	4924	0.0158
087650be-139f-4227-be07-913e99e56dd4	6	65683455	65693959	25	-0.6879
087650be-139f-4227-be07-913e99e56dd4	6	65697234	65989440	195	0.0184
087650be-139f-4227-be07-913e99e56dd4	6	65989654	65989689	2	-1.8738
087650be-139f-4227-be07-913e99e56dd4	6	65989807	66331020	221	0.0345
087650be-139f-4227-be07-913e99e56dd4	6	66331558	66333299	6	0.8423
087650be-139f-4227-be07-913e99e56dd4	6	66333342	66368948	42	0.0992
087650be-139f-4227-be07-913e99e56dd4	6	66369717	66375625	6	-0.7277
087650be-139f-4227-be07-913e99e56dd4	6	66376192	72352117	3997	0.0016
087650be-139f-4227-be07-913e99e56dd4	6	72355668	72371068	12	0.5394
087650be-139f-4227-be07-913e99e56dd4	6	72371975	76305231	2438	0.0139
087650be-139f-4227-be07-913e99e56dd4	6	76307183	76318064	34	-0.9014
087650be-139f-4227-be07-913e99e56dd4	6	76323236	76730377	267	0.0275
087650be-139f-4227-be07-913e99e56dd4	6	76731101	76751356	19	0.4737
087650be-139f-4227-be07-913e99e56dd4	6	76758214	78253172	976	0.0029
087650be-139f-4227-be07-913e99e56dd4	6	78259348	78329517	114	0.3376
087650be-139f-4227-be07-913e99e56dd4	6	78331916	85992372	4814	0.0017
087650be-139f-4227-be07-913e99e56dd4	6	85995537	85996204	3	-1.2115
087650be-139f-4227-be07-913e99e56dd4	6	85998530	93942689	5189	-0.0001
087650be-139f-4227-be07-913e99e56dd4	6	93942822	93953142	6	-0.5266
087650be-139f-4227-be07-913e99e56dd4	6	93953663	94965875	674	0.0927
087650be-139f-4227-be07-913e99e56dd4	6	94970302	103286299	4783	0.0039
087650be-139f-4227-be07-913e99e56dd4	6	103286770	103299907	22	0.4157
087650be-139f-4227-be07-913e99e56dd4	6	103300288	118345874	9258	0.0049
087650be-139f-4227-be07-913e99e56dd4	6	118350454	118546537	102	0.1923
087650be-139f-4227-be07-913e99e56dd4	6	118546901	133945130	9744	0.0033
087650be-139f-4227-be07-913e99e56dd4	6	133947933	133948494	2	1.739
087650be-139f-4227-be07-913e99e56dd4	6	133950934	143218696	5879	-0.0002
087650be-139f-4227-be07-913e99e56dd4	6	143227144	143227440	3	1.6528
087650be-139f-4227-be07-913e99e56dd4	6	143228784	170741917	19192	0.0037
087650be-139f-4227-be07-913e99e56dd4	7	43355	8205895	4570	-0.0051
087650be-139f-4227-be07-913e99e56dd4	7	8206233	8206716	3	-1.7463
087650be-139f-4227-be07-913e99e56dd4	7	8207251	65108474	36913	0.0018
087650be-139f-4227-be07-913e99e56dd4	7	65133963	65191262	6	-1.477
087650be-139f-4227-be07-913e99e56dd4	7	65202846	70955452	3100	0.0015
087650be-139f-4227-be07-913e99e56dd4	7	70958264	70961155	2	1.6338
087650be-139f-4227-be07-913e99e56dd4	7	70963257	88822191	9961	-0.0006
087650be-139f-4227-be07-913e99e56dd4	7	88823729	89941921	704	0.0764
087650be-139f-4227-be07-913e99e56dd4	7	89943652	97756658	5021	-0.0052
087650be-139f-4227-be07-913e99e56dd4	7	97766148	97772915	14	-0.6535
087650be-139f-4227-be07-913e99e56dd4	7	97772976	125821043	16258	0.0032
087650be-139f-4227-be07-913e99e56dd4	7	125823663	125835989	5	-0.9516
087650be-139f-4227-be07-913e99e56dd4	7	125839524	128522840	1806	0.0056
087650be-139f-4227-be07-913e99e56dd4	7	128523281	128527260	2	-1.6121
087650be-139f-4227-be07-913e99e56dd4	7	128534838	131094732	1240	-0.0051
087650be-139f-4227-be07-913e99e56dd4	7	131094919	131100008	3	-2.2961
087650be-139f-4227-be07-913e99e56dd4	7	131101013	134100556	2056	-0.0027
087650be-139f-4227-be07-913e99e56dd4	7	134100587	134102334	11	-2.9642
087650be-139f-4227-be07-913e99e56dd4	7	134104128	134105258	7	-1.0468
087650be-139f-4227-be07-913e99e56dd4	7	134105657	134110881	3	-3.7284
087650be-139f-4227-be07-913e99e56dd4	7	134110912	134121491	12	-0.8925
087650be-139f-4227-be07-913e99e56dd4	7	134124039	159326475	16074	0.0037
087650be-139f-4227-be07-913e99e56dd4	7	159326530	159334314	5	-0.4909
087650be-139f-4227-be07-913e99e56dd4	8	81254	643041	321	-0.007
087650be-139f-4227-be07-913e99e56dd4	8	644944	645875	8	0.9528
087650be-139f-4227-be07-913e99e56dd4	8	645892	645908	2	3.6073
087650be-139f-4227-be07-913e99e56dd4	8	656117	7982198	7452	0.0238
087650be-139f-4227-be07-913e99e56dd4	8	8007744	8237241	18	-0.6794
087650be-139f-4227-be07-913e99e56dd4	8	8245003	40914477	23843	0.004
087650be-139f-4227-be07-913e99e56dd4	8	40920333	40920952	2	-2.5278
087650be-139f-4227-be07-913e99e56dd4	8	40926161	50119451	3500	0.0028
087650be-139f-4227-be07-913e99e56dd4	8	50119464	50119651	4	1.1814
087650be-139f-4227-be07-913e99e56dd4	8	50119703	52689391	1654	0.0029
087650be-139f-4227-be07-913e99e56dd4	8	52689758	52690472	2	-1.5768
087650be-139f-4227-be07-913e99e56dd4	8	52691299	89819812	22704	0.0026
087650be-139f-4227-be07-913e99e56dd4	8	89825402	89825519	3	-1.3489
087650be-139f-4227-be07-913e99e56dd4	8	89827392	89840928	9	0.5679
087650be-139f-4227-be07-913e99e56dd4	8	89841758	94543838	2757	0.0032
087650be-139f-4227-be07-913e99e56dd4	8	94544159	94545084	9	0.3016
087650be-139f-4227-be07-913e99e56dd4	8	94545374	94545764	6	0.9696
087650be-139f-4227-be07-913e99e56dd4	8	94545887	106373265	7294	0.0103
087650be-139f-4227-be07-913e99e56dd4	8	106376440	106406011	32	0.3408
087650be-139f-4227-be07-913e99e56dd4	8	106406121	111282237	2939	0.0062
087650be-139f-4227-be07-913e99e56dd4	8	111282417	111283031	7	-1.0654
087650be-139f-4227-be07-913e99e56dd4	8	111288052	114411353	1695	0.0174
087650be-139f-4227-be07-913e99e56dd4	8	114412619	114412772	2	1.1423
087650be-139f-4227-be07-913e99e56dd4	8	114417824	114535349	75	-0.0049
087650be-139f-4227-be07-913e99e56dd4	8	114539278	114619065	47	0.2094
087650be-139f-4227-be07-913e99e56dd4	8	114619207	114622678	8	-0.1722
087650be-139f-4227-be07-913e99e56dd4	8	114622851	114628759	18	-0.6193
087650be-139f-4227-be07-913e99e56dd4	8	114628773	122047800	5018	-0.0049
087650be-139f-4227-be07-913e99e56dd4	8	122047813	122059680	36	0.3476
087650be-139f-4227-be07-913e99e56dd4	8	122059794	130528865	5900	0.008
087650be-139f-4227-be07-913e99e56dd4	8	130531387	130531692	3	-1.1385
087650be-139f-4227-be07-913e99e56dd4	8	130532902	136139066	4568	0.0128
087650be-139f-4227-be07-913e99e56dd4	8	136140330	136140648	2	-1.9043
087650be-139f-4227-be07-913e99e56dd4	8	136141257	136825371	494	0.0504
087650be-139f-4227-be07-913e99e56dd4	8	136825395	136858434	53	0.2987
087650be-139f-4227-be07-913e99e56dd4	8	136862016	140625549	3003	0.0115
087650be-139f-4227-be07-913e99e56dd4	8	140632456	145072769	1985	0.0675
087650be-139f-4227-be07-913e99e56dd4	9	46587	1387954	1397	0.0064
087650be-139f-4227-be07-913e99e56dd4	9	1388730	1388781	2	-1.7321
087650be-139f-4227-be07-913e99e56dd4	9	1388964	7339002	5640	0.0135
087650be-139f-4227-be07-913e99e56dd4	9	7340153	7352771	8	-0.9599
087650be-139f-4227-be07-913e99e56dd4	9	7353056	9308230	1833	-0.0025
087650be-139f-4227-be07-913e99e56dd4	9	9308675	9342687	42	0.2636
087650be-139f-4227-be07-913e99e56dd4	9	9342908	9354622	13	-0.1374
087650be-139f-4227-be07-913e99e56dd4	9	9355896	9404090	52	0.2709
087650be-139f-4227-be07-913e99e56dd4	9	9404584	11519008	1907	0.0174
087650be-139f-4227-be07-913e99e56dd4	9	11519198	11995297	360	0.1365
087650be-139f-4227-be07-913e99e56dd4	9	11995307	11996759	4	-1.259
087650be-139f-4227-be07-913e99e56dd4	9	11996831	25252133	10554	0.0094
087650be-139f-4227-be07-913e99e56dd4	9	25260928	25350406	67	-1.0017
087650be-139f-4227-be07-913e99e56dd4	9	25352693	40989201	9327	0.0087
087650be-139f-4227-be07-913e99e56dd4	9	40989749	41569592	54	-0.3959
087650be-139f-4227-be07-913e99e56dd4	9	41570345	41741113	21	0.0171
087650be-139f-4227-be07-913e99e56dd4	9	42014203	42179276	21	-1.6833
087650be-139f-4227-be07-913e99e56dd4	9	42202227	61405110	72	-0.236
087650be-139f-4227-be07-913e99e56dd4	9	61520021	61647899	30	-1.7091
087650be-139f-4227-be07-913e99e56dd4	9	61665362	62894529	21	0.1053
087650be-139f-4227-be07-913e99e56dd4	9	62917074	63555811	12	-0.526
087650be-139f-4227-be07-913e99e56dd4	9	63556250	79414641	8216	0.0041
087650be-139f-4227-be07-913e99e56dd4	9	79414727	79415550	2	-1.4592
087650be-139f-4227-be07-913e99e56dd4	9	79418720	104042685	16884	0.0145
087650be-139f-4227-be07-913e99e56dd4	9	104048899	104064628	26	0.4506
087650be-139f-4227-be07-913e99e56dd4	9	104065056	131659264	19488	0.0122
087650be-139f-4227-be07-913e99e56dd4	9	131660630	131662970	3	-1.1897
087650be-139f-4227-be07-913e99e56dd4	9	131662999	133938127	1509	0.0179
087650be-139f-4227-be07-913e99e56dd4	9	133941912	133942116	2	-2.4927
087650be-139f-4227-be07-913e99e56dd4	9	133942518	138200944	1914	0.0283
087650be-139f-4227-be07-913e99e56dd4	10	45792	66015	7	-0.6076
087650be-139f-4227-be07-913e99e56dd4	10	70119	46332058	31643	0.0015
087650be-139f-4227-be07-913e99e56dd4	10	46332377	46446814	5	-0.8328
087650be-139f-4227-be07-913e99e56dd4	10	46446817	46632302	48	0.3384
087650be-139f-4227-be07-913e99e56dd4	10	46657149	46792344	8	-0.1426
087650be-139f-4227-be07-913e99e56dd4	10	46804606	46810571	2	-2.0702
087650be-139f-4227-be07-913e99e56dd4	10	46836986	65548951	12697	0.004
087650be-139f-4227-be07-913e99e56dd4	10	65548979	65566308	25	0.5883
087650be-139f-4227-be07-913e99e56dd4	10	65566389	66515319	744	0.0262
087650be-139f-4227-be07-913e99e56dd4	10	66516010	66762885	192	0.1634
087650be-139f-4227-be07-913e99e56dd4	10	66763167	79491575	8272	0.0019
087650be-139f-4227-be07-913e99e56dd4	10	79523511	79799558	28	0.3558
087650be-139f-4227-be07-913e99e56dd4	10	79802431	108065988	18536	0.0005
087650be-139f-4227-be07-913e99e56dd4	10	108068496	108069260	2	-1.7808
087650be-139f-4227-be07-913e99e56dd4	10	108074626	122564250	10516	-0.0062
087650be-139f-4227-be07-913e99e56dd4	10	122574497	122591497	7	-0.8177
087650be-139f-4227-be07-913e99e56dd4	10	122597296	123419668	608	-0.0037
087650be-139f-4227-be07-913e99e56dd4	10	123422343	123422805	3	-1.3769
087650be-139f-4227-be07-913e99e56dd4	10	123423467	133654968	7292	0.0122
087650be-139f-4227-be07-913e99e56dd4	11	198510	4945831	2413	-0.0107
087650be-139f-4227-be07-913e99e56dd4	11	4946000	4980276	50	0.3053
087650be-139f-4227-be07-913e99e56dd4	11	4980340	5766175	767	0.0144
087650be-139f-4227-be07-913e99e56dd4	11	5766850	5787909	32	-2.8746
087650be-139f-4227-be07-913e99e56dd4	11	5788108	14015931	6286	0.0053
087650be-139f-4227-be07-913e99e56dd4	11	14016791	14033522	18	-0.5608
087650be-139f-4227-be07-913e99e56dd4	11	14036639	18913287	3087	0.0074
087650be-139f-4227-be07-913e99e56dd4	11	18914707	18950605	67	0.3625
087650be-139f-4227-be07-913e99e56dd4	11	18952747	21170064	2019	0.0021
087650be-139f-4227-be07-913e99e56dd4	11	21170432	21180258	20	0.3987
087650be-139f-4227-be07-913e99e56dd4	11	21180446	25061629	2783	0.0106
087650be-139f-4227-be07-913e99e56dd4	11	25062669	25064191	4	-1.2211
087650be-139f-4227-be07-913e99e56dd4	11	25064963	48681009	15766	0.0098
087650be-139f-4227-be07-913e99e56dd4	11	48681137	48700215	12	0.5777
087650be-139f-4227-be07-913e99e56dd4	11	48702884	55609022	1138	-0.0029
087650be-139f-4227-be07-913e99e56dd4	11	55609035	55685533	50	0.6368
087650be-139f-4227-be07-913e99e56dd4	11	55686100	56246322	397	0.1267
087650be-139f-4227-be07-913e99e56dd4	11	56247303	67697159	5813	0.0022
087650be-139f-4227-be07-913e99e56dd4	11	67697457	67941969	69	-0.2438
087650be-139f-4227-be07-913e99e56dd4	11	67949879	86594775	11472	0.0043
087650be-139f-4227-be07-913e99e56dd4	11	86594833	86595012	3	-3.9082
087650be-139f-4227-be07-913e99e56dd4	11	86604132	135074876	34517	0.0055
087650be-139f-4227-be07-913e99e56dd4	12	51460	8241781	5544	0.0088
087650be-139f-4227-be07-913e99e56dd4	12	8249238	8449386	73	-0.2764
087650be-139f-4227-be07-913e99e56dd4	12	8449758	9481274	554	-0.0034
087650be-139f-4227-be07-913e99e56dd4	12	9485313	9562969	22	-1.9226
087650be-139f-4227-be07-913e99e56dd4	12	9575696	11068125	1038	-0.0011
087650be-139f-4227-be07-913e99e56dd4	12	11070111	11088933	9	-1.98
087650be-139f-4227-be07-913e99e56dd4	12	11099275	11359558	134	0.0414
087650be-139f-4227-be07-913e99e56dd4	12	11359597	11390472	28	0.7249
087650be-139f-4227-be07-913e99e56dd4	12	11399258	27941830	11543	-0.0002
087650be-139f-4227-be07-913e99e56dd4	12	27941988	27944711	12	-0.8365
087650be-139f-4227-be07-913e99e56dd4	12	27950527	70478078	24594	0.0049
087650be-139f-4227-be07-913e99e56dd4	12	70478895	70484203	8	-2.7862
087650be-139f-4227-be07-913e99e56dd4	12	70484247	99398036	18512	0.0026
087650be-139f-4227-be07-913e99e56dd4	12	99401515	99409315	32	-0.5289
087650be-139f-4227-be07-913e99e56dd4	12	99409340	106663183	4907	0.0013
087650be-139f-4227-be07-913e99e56dd4	12	106665213	106665484	2	-1.9052
087650be-139f-4227-be07-913e99e56dd4	12	106668005	115776504	6036	0.0129
087650be-139f-4227-be07-913e99e56dd4	12	115777045	115808862	69	0.243
087650be-139f-4227-be07-913e99e56dd4	12	115809800	125642863	5836	0.006
087650be-139f-4227-be07-913e99e56dd4	12	125642898	125644646	3	-1.4372
087650be-139f-4227-be07-913e99e56dd4	12	125649613	131635702	5281	0.004
087650be-139f-4227-be07-913e99e56dd4	12	131636170	131648790	14	0.7054
087650be-139f-4227-be07-913e99e56dd4	12	131657925	133201603	558	0.0549
087650be-139f-4227-be07-913e99e56dd4	13	18452809	31958485	9556	0.0101
087650be-139f-4227-be07-913e99e56dd4	13	31958590	31964286	17	-1.1764
087650be-139f-4227-be07-913e99e56dd4	13	31965910	33169449	902	-0.0054
087650be-139f-4227-be07-913e99e56dd4	13	33171505	33171520	2	-1.4472
087650be-139f-4227-be07-913e99e56dd4	13	33172392	37498087	2996	-0.0004
087650be-139f-4227-be07-913e99e56dd4	13	37501767	37510620	14	0.8006
087650be-139f-4227-be07-913e99e56dd4	13	37514193	39080003	1133	-0.0028
087650be-139f-4227-be07-913e99e56dd4	13	39082300	39092096	4	-1.2324
087650be-139f-4227-be07-913e99e56dd4	13	39099080	50056170	7374	0.005
087650be-139f-4227-be07-913e99e56dd4	13	50060292	50111818	16	0.4901
087650be-139f-4227-be07-913e99e56dd4	13	50117060	57184136	3986	0.0139
087650be-139f-4227-be07-913e99e56dd4	13	57184155	57204246	33	-0.5187
087650be-139f-4227-be07-913e99e56dd4	13	57215580	57242582	18	-0.0364
087650be-139f-4227-be07-913e99e56dd4	13	57242772	57346210	68	0.2421
087650be-139f-4227-be07-913e99e56dd4	13	57346378	62387834	3027	-0.0054
087650be-139f-4227-be07-913e99e56dd4	13	62388777	62389467	3	-1.4551
087650be-139f-4227-be07-913e99e56dd4	13	62393055	63643749	674	0.0028
087650be-139f-4227-be07-913e99e56dd4	13	63644207	64426799	459	0.1049
087650be-139f-4227-be07-913e99e56dd4	13	64428474	71902850	4741	0.0071
087650be-139f-4227-be07-913e99e56dd4	13	71903417	71906418	4	1.1001
087650be-139f-4227-be07-913e99e56dd4	13	71906467	114342922	29087	0.0076
087650be-139f-4227-be07-913e99e56dd4	14	18239283	19294475	47	0.1673
087650be-139f-4227-be07-913e99e56dd4	14	19298389	19957350	122	-0.3584
087650be-139f-4227-be07-913e99e56dd4	14	19957701	26314697	4337	0.0074
087650be-139f-4227-be07-913e99e56dd4	14	26314707	26314712	6	1.6368
087650be-139f-4227-be07-913e99e56dd4	14	26315707	40139724	8529	0.0024
087650be-139f-4227-be07-913e99e56dd4	14	40144718	40147715	2	-2.8723
087650be-139f-4227-be07-913e99e56dd4	14	40148961	50682260	6243	0.0245
087650be-139f-4227-be07-913e99e56dd4	14	50686069	50688817	3	-1.4478
087650be-139f-4227-be07-913e99e56dd4	14	50690442	68397594	11507	0.0054
087650be-139f-4227-be07-913e99e56dd4	14	68397740	68401095	4	-1.1607
087650be-139f-4227-be07-913e99e56dd4	14	68404041	86339801	11937	0.0087
087650be-139f-4227-be07-913e99e56dd4	14	86347224	86355347	17	-0.9943
087650be-139f-4227-be07-913e99e56dd4	14	86357231	88765501	1525	0.0065
087650be-139f-4227-be07-913e99e56dd4	14	88766753	88768217	2	-1.5831
087650be-139f-4227-be07-913e99e56dd4	14	88787888	105632998	10611	0.0045
087650be-139f-4227-be07-913e99e56dd4	14	105636696	105650524	2	1.5781
087650be-139f-4227-be07-913e99e56dd4	14	105653302	106311479	213	-0.0148
087650be-139f-4227-be07-913e99e56dd4	14	106311541	106365807	15	0.6537
087650be-139f-4227-be07-913e99e56dd4	14	106369985	106462132	72	0.2677
087650be-139f-4227-be07-913e99e56dd4	14	106462144	106877229	198	0.0186
087650be-139f-4227-be07-913e99e56dd4	15	19811075	20001686	45	-0.0999
087650be-139f-4227-be07-913e99e56dd4	15	20011702	22483983	166	-0.7591
087650be-139f-4227-be07-913e99e56dd4	15	22572323	22736939	37	-0.0114
087650be-139f-4227-be07-913e99e56dd4	15	22748221	22778845	10	-0.884
087650be-139f-4227-be07-913e99e56dd4	15	22790728	24424598	941	0.0276
087650be-139f-4227-be07-913e99e56dd4	15	24429604	24473026	33	-1.8175
087650be-139f-4227-be07-913e99e56dd4	15	24473449	53902792	18179	0.0029
087650be-139f-4227-be07-913e99e56dd4	15	53908153	53910302	3	-2.5689
087650be-139f-4227-be07-913e99e56dd4	15	53912031	54615751	539	-0.0117
087650be-139f-4227-be07-913e99e56dd4	15	54615852	54616223	2	-1.6458
087650be-139f-4227-be07-913e99e56dd4	15	54618395	76599170	13941	0.0075
087650be-139f-4227-be07-913e99e56dd4	15	76599286	76603434	20	-2.1837
087650be-139f-4227-be07-913e99e56dd4	15	76609838	101563037	17395	0.0061
087650be-139f-4227-be07-913e99e56dd4	15	101563846	101563876	2	-1.8
087650be-139f-4227-be07-913e99e56dd4	15	101564491	101928837	205	0.0265
087650be-139f-4227-be07-913e99e56dd4	16	10777	3666993	1358	0.0188
087650be-139f-4227-be07-913e99e56dd4	16	3669343	3676635	2	-1.9112
087650be-139f-4227-be07-913e99e56dd4	16	3678109	6848605	2847	0.0099
087650be-139f-4227-be07-913e99e56dd4	16	6848961	6849803	2	-1.6903
087650be-139f-4227-be07-913e99e56dd4	16	6850307	6971003	127	-0.0266
087650be-139f-4227-be07-913e99e56dd4	16	6971230	7245166	385	0.135
087650be-139f-4227-be07-913e99e56dd4	16	7245632	14954987	6384	0.0017
087650be-139f-4227-be07-913e99e56dd4	16	14955003	14958292	12	-0.6107
087650be-139f-4227-be07-913e99e56dd4	16	14959868	16269368	624	0.0371
087650be-139f-4227-be07-913e99e56dd4	16	16419234	16419781	3	-4.7124
087650be-139f-4227-be07-913e99e56dd4	16	16435734	16541191	11	-1.0952
087650be-139f-4227-be07-913e99e56dd4	16	16541758	18104860	995	0.0514
087650be-139f-4227-be07-913e99e56dd4	16	18134261	18144432	2	-1.7541
087650be-139f-4227-be07-913e99e56dd4	16	18148869	21401082	1626	0.0042
087650be-139f-4227-be07-913e99e56dd4	16	21503753	21580019	22	-0.4289
087650be-139f-4227-be07-913e99e56dd4	16	21582134	22430699	362	0.0729
087650be-139f-4227-be07-913e99e56dd4	16	22546611	22706983	76	-0.226
087650be-139f-4227-be07-913e99e56dd4	16	22707065	32867008	5139	0.0163
087650be-139f-4227-be07-913e99e56dd4	16	32867014	33640096	21	0.4523
087650be-139f-4227-be07-913e99e56dd4	16	33682107	55761136	6912	0.0005
087650be-139f-4227-be07-913e99e56dd4	16	55762477	55782734	17	-2.3439
087650be-139f-4227-be07-913e99e56dd4	16	55782793	55808470	6	-0.6871
087650be-139f-4227-be07-913e99e56dd4	16	55808544	55824881	11	0.8203
087650be-139f-4227-be07-913e99e56dd4	16	55834527	90096867	24886	0.0014
087650be-139f-4227-be07-913e99e56dd4	17	150733	525007	175	0.0807
087650be-139f-4227-be07-913e99e56dd4	17	526404	526418	2	1.9374
087650be-139f-4227-be07-913e99e56dd4	17	526894	998721	289	0.1396
087650be-139f-4227-be07-913e99e56dd4	17	999082	4637352	1968	0.0011
087650be-139f-4227-be07-913e99e56dd4	17	4641036	4641171	2	-1.7761
087650be-139f-4227-be07-913e99e56dd4	17	4643884	14386230	6573	0.0066
087650be-139f-4227-be07-913e99e56dd4	17	14386839	14387223	3	-1.3141
087650be-139f-4227-be07-913e99e56dd4	17	14387326	16750987	1454	0.0037
087650be-139f-4227-be07-913e99e56dd4	17	16754017	16838214	13	-0.6771
087650be-139f-4227-be07-913e99e56dd4	17	16838470	18413879	904	-0.0042
087650be-139f-4227-be07-913e99e56dd4	17	18414080	18543365	25	0.5886
087650be-139f-4227-be07-913e99e56dd4	17	18550123	41266851	9398	0.0166
087650be-139f-4227-be07-913e99e56dd4	17	41266901	41274198	17	1.4507
087650be-139f-4227-be07-913e99e56dd4	17	41274279	46136800	2537	0.0232
087650be-139f-4227-be07-913e99e56dd4	17	46137998	46664059	94	-0.4063
087650be-139f-4227-be07-913e99e56dd4	17	46687628	83091923	21550	0.0078
087650be-139f-4227-be07-913e99e56dd4	18	48133	38469655	21383	0.0086
087650be-139f-4227-be07-913e99e56dd4	18	38470239	38474385	7	-1.1273
087650be-139f-4227-be07-913e99e56dd4	18	38477898	65532829	18528	0.0088
087650be-139f-4227-be07-913e99e56dd4	18	65532840	66038752	371	0.1467
087650be-139f-4227-be07-913e99e56dd4	18	66049692	66060363	9	-0.0083
087650be-139f-4227-be07-913e99e56dd4	18	66060439	66061104	9	-0.6378
087650be-139f-4227-be07-913e99e56dd4	18	66065502	71071272	3603	0.0194
087650be-139f-4227-be07-913e99e56dd4	18	71072953	71074190	2	-1.6279
087650be-139f-4227-be07-913e99e56dd4	18	71074504	71409146	247	0.0259
087650be-139f-4227-be07-913e99e56dd4	18	71412016	71412709	3	-0.9511
087650be-139f-4227-be07-913e99e56dd4	18	71413609	73231800	1419	0.0978
087650be-139f-4227-be07-913e99e56dd4	18	73241496	80257174	5153	0.0075
087650be-139f-4227-be07-913e99e56dd4	19	90910	12581187	5040	0.0086
087650be-139f-4227-be07-913e99e56dd4	19	12586552	12587288	2	-2.5851
087650be-139f-4227-be07-913e99e56dd4	19	12589709	14844217	960	0.0218
087650be-139f-4227-be07-913e99e56dd4	19	14845796	14846564	2	-2.5645
087650be-139f-4227-be07-913e99e56dd4	19	14849327	21632117	3595	0.0123
087650be-139f-4227-be07-913e99e56dd4	19	21632838	21639520	6	-1.1925
087650be-139f-4227-be07-913e99e56dd4	19	21642962	24201160	1495	0.0133
087650be-139f-4227-be07-913e99e56dd4	19	24202269	27466131	66	0.271
087650be-139f-4227-be07-913e99e56dd4	19	27469081	35364547	5531	0.0061
087650be-139f-4227-be07-913e99e56dd4	19	35365141	35370946	19	-0.6902
087650be-139f-4227-be07-913e99e56dd4	19	35375842	58586487	12379	0.0042
087650be-139f-4227-be07-913e99e56dd4	20	80664	1567239	1175	0.0059
087650be-139f-4227-be07-913e99e56dd4	20	1567370	1590158	40	-0.5965
087650be-139f-4227-be07-913e99e56dd4	20	1590457	14682236	9852	-0.0015
087650be-139f-4227-be07-913e99e56dd4	20	14683387	14790826	80	-0.9878
087650be-139f-4227-be07-913e99e56dd4	20	14801038	26324943	8862	0.003
087650be-139f-4227-be07-913e99e56dd4	20	30185676	30258062	14	-0.691
087650be-139f-4227-be07-913e99e56dd4	20	30259177	55642617	16194	0.0111
087650be-139f-4227-be07-913e99e56dd4	20	55642724	55645185	2	-1.7217
087650be-139f-4227-be07-913e99e56dd4	20	55645423	64240305	6099	0.0053
087650be-139f-4227-be07-913e99e56dd4	20	64240599	64240906	2	-3.0906
087650be-139f-4227-be07-913e99e56dd4	20	64242906	64324800	36	-0.0153
087650be-139f-4227-be07-913e99e56dd4	21	10354168	22811224	6679	0.0082
087650be-139f-4227-be07-913e99e56dd4	21	22811852	23856445	848	0.0856
087650be-139f-4227-be07-913e99e56dd4	21	23857490	43812078	14783	0.0046
087650be-139f-4227-be07-913e99e56dd4	21	43818171	43820256	5	-1.2303
087650be-139f-4227-be07-913e99e56dd4	21	43824840	46677045	1537	-0.0081
087650be-139f-4227-be07-913e99e56dd4	22	15294547	19004865	1171	-0.0204
087650be-139f-4227-be07-913e99e56dd4	22	19005615	23267654	2784	0.0707
087650be-139f-4227-be07-913e99e56dd4	22	23269837	23929558	422	-0.0168
087650be-139f-4227-be07-913e99e56dd4	22	23940911	23959448	8	-1.2476
087650be-139f-4227-be07-913e99e56dd4	22	23971476	40397256	11561	0.0142
087650be-139f-4227-be07-913e99e56dd4	22	40398586	40398816	2	-3.7142
087650be-139f-4227-be07-913e99e56dd4	22	40401668	46964874	4326	0.0132
087650be-139f-4227-be07-913e99e56dd4	22	46965348	46967360	3	-1.5478
087650be-139f-4227-be07-913e99e56dd4	22	46969920	50796027	2983	0.0166
087650be-139f-4227-be07-913e99e56dd4	X	251810	12555648	7385	0.0084
087650be-139f-4227-be07-913e99e56dd4	X	12556225	12560635	5	-4.3038
087650be-139f-4227-be07-913e99e56dd4	X	12561152	38438304	16196	0.0113
087650be-139f-4227-be07-913e99e56dd4	X	38438347	38438583	2	-4.4909
087650be-139f-4227-be07-913e99e56dd4	X	38438756	104866077	30328	0.0045
087650be-139f-4227-be07-913e99e56dd4	X	104868625	104868809	2	-4.2866
087650be-139f-4227-be07-913e99e56dd4	X	104869897	107219037	1178	-0.0072
087650be-139f-4227-be07-913e99e56dd4	X	107226542	107227551	2	-2.1157
087650be-139f-4227-be07-913e99e56dd4	X	107230946	111053972	2059	0.0019
087650be-139f-4227-be07-913e99e56dd4	X	111054045	111054598	3	-2.7212
087650be-139f-4227-be07-913e99e56dd4	X	111057431	114915661	2125	-0.0055
087650be-139f-4227-be07-913e99e56dd4	X	114916830	114943309	24	-0.6837
087650be-139f-4227-be07-913e99e56dd4	X	114944052	114994408	38	0.147
087650be-139f-4227-be07-913e99e56dd4	X	114997697	114998337	3	-3.2837
087650be-139f-4227-be07-913e99e56dd4	X	114998484	117403034	1329	-0.0034
087650be-139f-4227-be07-913e99e56dd4	X	117408203	117410017	8	-2.4595
087650be-139f-4227-be07-913e99e56dd4	X	117410347	155952689	22473	0.0107
087650be-139f-4227-be07-913e99e56dd4	Y	2782397	9332936	2229	-0.8635
087650be-139f-4227-be07-913e99e56dd4	Y	9334069	9545467	16	-1.5141
087650be-139f-4227-be07-913e99e56dd4	Y	9548666	12020330	314	-0.8754
087650be-139f-4227-be07-913e99e56dd4	Y	12020495	19026235	2775	-0.7918
087650be-139f-4227-be07-913e99e56dd4	Y	19039077	56872112	1305	-0.8799
