Sample	Chromosome	Start	End	Num_Probes	Segment_Mean
DADOS_p_TCGAb3_85_86_87_88_NSP_GenomeWideSNP_6_F06_1464696	1	3208470	23717780	11315	0.0078
DADOS_p_TCGAb3_85_86_87_88_NSP_GenomeWideSNP_6_F06_1464696	1	23717875	23718550	2	-2.1772
DADOS_p_TCGAb3_85_86_87_88_NSP_GenomeWideSNP_6_F06_1464696	1	23720629	245880329	117741	0.0016
DADOS_p_TCGAb3_85_86_87_88_NSP_GenomeWideSNP_6_F06_1464696	2	474222	129217260	67323	0.0033
DADOS_p_TCGAb3_85_86_87_88_NSP_GenomeWideSNP_6_F06_1464696	2	129217808	129217810	2	-1.6452
DADOS_p_TCGAb3_85_86_87_88_NSP_GenomeWideSNP_6_F06_1464696	2	129220502	234605314	59346	0.0096
DADOS_p_TCGAb3_85_86_87_88_NSP_GenomeWideSNP_6_F06_1464696	2	234612369	234620629	40	-0.9118
DADOS_p_TCGAb3_85_86_87_88_NSP_GenomeWideSNP_6_F06_1464696	2	234627822	242124735	4578	0.011
DADOS_p_TCGAb3_85_86_87_88_NSP_GenomeWideSNP_6_F06_1464696	3	526235	199023074	106357	0.0012
DADOS_p_TCGAb3_85_86_87_88_NSP_GenomeWideSNP_6_F06_1464696	4	1043934	44018589	26276	0.0035
DADOS_p_TCGAb3_85_86_87_88_NSP_GenomeWideSNP_6_F06_1464696	4	44021024	44025728	9	-0.9257
DADOS_p_TCGAb3_85_86_87_88_NSP_GenomeWideSNP_6_F06_1464696	4	44026650	102744068	29897	0.0016
DADOS_p_TCGAb3_85_86_87_88_NSP_GenomeWideSNP_6_F06_1464696	4	102747081	102749324	3	-1.3706
DADOS_p_TCGAb3_85_86_87_88_NSP_GenomeWideSNP_6_F06_1464696	4	102761356	153903808	27768	0.0026
DADOS_p_TCGAb3_85_86_87_88_NSP_GenomeWideSNP_6_F06_1464696	4	153903966	153904067	2	-1.4194
DADOS_p_TCGAb3_85_86_87_88_NSP_GenomeWideSNP_6_F06_1464696	4	153905725	189836143	18770	-0.004
DADOS_p_TCGAb3_85_86_87_88_NSP_GenomeWideSNP_6_F06_1464696	5	967233	135903821	73364	0.0012
DADOS_p_TCGAb3_85_86_87_88_NSP_GenomeWideSNP_6_F06_1464696	5	135913983	135928930	13	0.6011
DADOS_p_TCGAb3_85_86_87_88_NSP_GenomeWideSNP_6_F06_1464696	5	135932075	180293075	27117	0.0028
DADOS_p_TCGAb3_85_86_87_88_NSP_GenomeWideSNP_6_F06_1464696	6	959281	5496136	3227	-2e-04
DADOS_p_TCGAb3_85_86_87_88_NSP_GenomeWideSNP_6_F06_1464696	6	5501696	5503548	5	-1.216
DADOS_p_TCGAb3_85_86_87_88_NSP_GenomeWideSNP_6_F06_1464696	6	5503575	84792587	42933	-0.0011
DADOS_p_TCGAb3_85_86_87_88_NSP_GenomeWideSNP_6_F06_1464696	6	84792906	84795899	8	-1.1964
DADOS_p_TCGAb3_85_86_87_88_NSP_GenomeWideSNP_6_F06_1464696	6	84799461	103275350	10170	0.0038
DADOS_p_TCGAb3_85_86_87_88_NSP_GenomeWideSNP_6_F06_1464696	6	103275446	103276135	2	-2.0302
DADOS_p_TCGAb3_85_86_87_88_NSP_GenomeWideSNP_6_F06_1464696	6	103281888	160822780	35164	-0.0028
DADOS_p_TCGAb3_85_86_87_88_NSP_GenomeWideSNP_6_F06_1464696	6	160823612	160827124	4	-1.1948
DADOS_p_TCGAb3_85_86_87_88_NSP_GenomeWideSNP_6_F06_1464696	6	160828441	168718725	4188	0.0017
DADOS_p_TCGAb3_85_86_87_88_NSP_GenomeWideSNP_6_F06_1464696	6	168719354	168720559	4	-0.9842
DADOS_p_TCGAb3_85_86_87_88_NSP_GenomeWideSNP_6_F06_1464696	6	168720935	170745844	765	3e-04
DADOS_p_TCGAb3_85_86_87_88_NSP_GenomeWideSNP_6_F06_1464696	7	671810	105605415	53575	-2e-04
DADOS_p_TCGAb3_85_86_87_88_NSP_GenomeWideSNP_6_F06_1464696	7	105606082	105620778	11	-0.8963
DADOS_p_TCGAb3_85_86_87_88_NSP_GenomeWideSNP_6_F06_1464696	7	105620910	154928902	26038	0.0016
DADOS_p_TCGAb3_85_86_87_88_NSP_GenomeWideSNP_6_F06_1464696	7	154929222	154929851	2	-1.6673
DADOS_p_TCGAb3_85_86_87_88_NSP_GenomeWideSNP_6_F06_1464696	7	154931782	158077879	1703	-0.007
DADOS_p_TCGAb3_85_86_87_88_NSP_GenomeWideSNP_6_F06_1464696	8	607667	6789239	3076	0.0014
DADOS_p_TCGAb3_85_86_87_88_NSP_GenomeWideSNP_6_F06_1464696	8	6789365	6789923	2	-1.5465
DADOS_p_TCGAb3_85_86_87_88_NSP_GenomeWideSNP_6_F06_1464696	8	6793101	58925443	27841	0.0019
DADOS_p_TCGAb3_85_86_87_88_NSP_GenomeWideSNP_6_F06_1464696	8	58925547	58925608	3	-1.1118
DADOS_p_TCGAb3_85_86_87_88_NSP_GenomeWideSNP_6_F06_1464696	8	58933832	88585299	16827	0.0028
DADOS_p_TCGAb3_85_86_87_88_NSP_GenomeWideSNP_6_F06_1464696	8	88593857	88597768	3	-1.0627
DADOS_p_TCGAb3_85_86_87_88_NSP_GenomeWideSNP_6_F06_1464696	8	88598384	104200898	9157	-0.0031
DADOS_p_TCGAb3_85_86_87_88_NSP_GenomeWideSNP_6_F06_1464696	8	104201377	104202402	6	-0.9958
DADOS_p_TCGAb3_85_86_87_88_NSP_GenomeWideSNP_6_F06_1464696	8	104205020	114964898	5659	0.0051
DADOS_p_TCGAb3_85_86_87_88_NSP_GenomeWideSNP_6_F06_1464696	8	114964965	114970155	2	-1.2603
DADOS_p_TCGAb3_85_86_87_88_NSP_GenomeWideSNP_6_F06_1464696	8	114984398	145304484	18948	-0.0011
DADOS_p_TCGAb3_85_86_87_88_NSP_GenomeWideSNP_6_F06_1464696	9	779932	20600914	12542	3e-04
DADOS_p_TCGAb3_85_86_87_88_NSP_GenomeWideSNP_6_F06_1464696	9	20602516	20602945	2	-1.9155
DADOS_p_TCGAb3_85_86_87_88_NSP_GenomeWideSNP_6_F06_1464696	9	20603696	30242858	5650	0.0056
DADOS_p_TCGAb3_85_86_87_88_NSP_GenomeWideSNP_6_F06_1464696	9	30245385	30382093	75	0.5738
DADOS_p_TCGAb3_85_86_87_88_NSP_GenomeWideSNP_6_F06_1464696	9	30386359	140058573	49737	0.002
DADOS_p_TCGAb3_85_86_87_88_NSP_GenomeWideSNP_6_F06_1464696	10	405240	15709436	11079	-2e-04
DADOS_p_TCGAb3_85_86_87_88_NSP_GenomeWideSNP_6_F06_1464696	10	15710975	15714213	9	-0.963
DADOS_p_TCGAb3_85_86_87_88_NSP_GenomeWideSNP_6_F06_1464696	10	15714422	66068684	27092	-0.0015
DADOS_p_TCGAb3_85_86_87_88_NSP_GenomeWideSNP_6_F06_1464696	10	66069415	66069875	2	-2.8967
DADOS_p_TCGAb3_85_86_87_88_NSP_GenomeWideSNP_6_F06_1464696	10	66072837	135075077	42674	-9e-04
DADOS_p_TCGAb3_85_86_87_88_NSP_GenomeWideSNP_6_F06_1464696	11	446120	133647740	77245	0.0025
DADOS_p_TCGAb3_85_86_87_88_NSP_GenomeWideSNP_6_F06_1464696	12	760163	12412185	6343	0.0076
DADOS_p_TCGAb3_85_86_87_88_NSP_GenomeWideSNP_6_F06_1464696	12	12435309	12438026	5	-1.1305
DADOS_p_TCGAb3_85_86_87_88_NSP_GenomeWideSNP_6_F06_1464696	12	12440770	73399491	33641	-0.0012
DADOS_p_TCGAb3_85_86_87_88_NSP_GenomeWideSNP_6_F06_1464696	12	73399664	73399686	2	-1.9339
DADOS_p_TCGAb3_85_86_87_88_NSP_GenomeWideSNP_6_F06_1464696	12	73399751	131671419	33946	0.0014
DADOS_p_TCGAb3_85_86_87_88_NSP_GenomeWideSNP_6_F06_1464696	13	18348806	101248505	48525	5e-04
DADOS_p_TCGAb3_85_86_87_88_NSP_GenomeWideSNP_6_F06_1464696	13	101248892	101249030	2	-1.8563
DADOS_p_TCGAb3_85_86_87_88_NSP_GenomeWideSNP_6_F06_1464696	13	101250525	112505543	7703	0.0042
DADOS_p_TCGAb3_85_86_87_88_NSP_GenomeWideSNP_6_F06_1464696	13	112505824	112511915	5	-1.5542
DADOS_p_TCGAb3_85_86_87_88_NSP_GenomeWideSNP_6_F06_1464696	13	112512578	114005560	397	-0.0072
DADOS_p_TCGAb3_85_86_87_88_NSP_GenomeWideSNP_6_F06_1464696	14	19571208	99087099	46755	0.0022
DADOS_p_TCGAb3_85_86_87_88_NSP_GenomeWideSNP_6_F06_1464696	14	99087114	99087175	2	-1.5927
DADOS_p_TCGAb3_85_86_87_88_NSP_GenomeWideSNP_6_F06_1464696	14	99091147	105059083	2678	0.0094
DADOS_p_TCGAb3_85_86_87_88_NSP_GenomeWideSNP_6_F06_1464696	15	21238778	91019081	39551	0.002
DADOS_p_TCGAb3_85_86_87_88_NSP_GenomeWideSNP_6_F06_1464696	15	91019082	91022256	3	-1.589
DADOS_p_TCGAb3_85_86_87_88_NSP_GenomeWideSNP_6_F06_1464696	15	91022416	99701830	4966	0.0047
DADOS_p_TCGAb3_85_86_87_88_NSP_GenomeWideSNP_6_F06_1464696	16	593460	19365820	8494	-0.0016
DADOS_p_TCGAb3_85_86_87_88_NSP_GenomeWideSNP_6_F06_1464696	16	19366435	19368260	3	-1.7351
DADOS_p_TCGAb3_85_86_87_88_NSP_GenomeWideSNP_6_F06_1464696	16	19368343	46575950	5983	-0.001
DADOS_p_TCGAb3_85_86_87_88_NSP_GenomeWideSNP_6_F06_1464696	16	46581957	46583049	2	-3.631
DADOS_p_TCGAb3_85_86_87_88_NSP_GenomeWideSNP_6_F06_1464696	16	46588521	87907437	26382	0.0027
DADOS_p_TCGAb3_85_86_87_88_NSP_GenomeWideSNP_6_F06_1464696	17	933971	61735010	28489	0.0022
DADOS_p_TCGAb3_85_86_87_88_NSP_GenomeWideSNP_6_F06_1464696	17	61735490	61737632	4	-1.1896
DADOS_p_TCGAb3_85_86_87_88_NSP_GenomeWideSNP_6_F06_1464696	17	61738935	78510305	8496	0.0036
DADOS_p_TCGAb3_85_86_87_88_NSP_GenomeWideSNP_6_F06_1464696	18	319586	38191190	21032	0.0077
DADOS_p_TCGAb3_85_86_87_88_NSP_GenomeWideSNP_6_F06_1464696	18	38191267	38191787	9	-0.8213
DADOS_p_TCGAb3_85_86_87_88_NSP_GenomeWideSNP_6_F06_1464696	18	38194401	75210228	21623	0.0057
DADOS_p_TCGAb3_85_86_87_88_NSP_GenomeWideSNP_6_F06_1464696	19	235018	60314985	22313	0.002
DADOS_p_TCGAb3_85_86_87_88_NSP_GenomeWideSNP_6_F06_1464696	19	60315040	60322487	3	1.4892
DADOS_p_TCGAb3_85_86_87_88_NSP_GenomeWideSNP_6_F06_1464696	19	60324205	63570038	1630	0
DADOS_p_TCGAb3_85_86_87_88_NSP_GenomeWideSNP_6_F06_1464696	20	403764	61690281	37278	0.0031
DADOS_p_TCGAb3_85_86_87_88_NSP_GenomeWideSNP_6_F06_1464696	21	14269492	46503202	20586	0.0045
DADOS_p_TCGAb3_85_86_87_88_NSP_GenomeWideSNP_6_F06_1464696	22	15803930	47717016	16931	0.0026
DADOS_p_TCGAb3_85_86_87_88_NSP_GenomeWideSNP_6_F06_1464696	X	3167107	128528130	51858	0.004
DADOS_p_TCGAb3_85_86_87_88_NSP_GenomeWideSNP_6_F06_1464696	X	128530448	128530603	2	-3.0061
DADOS_p_TCGAb3_85_86_87_88_NSP_GenomeWideSNP_6_F06_1464696	X	128534381	154558783	11355	0.0051
