GDC_Aliquot	Chromosome	Start	End	Num_Probes	Segment_Mean
32501a93-0568-4d98-ba0d-080796534bc3	1	62920	7492401	3656	-0.0045
32501a93-0568-4d98-ba0d-080796534bc3	1	7492530	7511538	14	0.4394
32501a93-0568-4d98-ba0d-080796534bc3	1	7511749	15823420	4670	-0.0053
32501a93-0568-4d98-ba0d-080796534bc3	1	15827002	15827430	6	-1.7669
32501a93-0568-4d98-ba0d-080796534bc3	1	15827706	25256850	5677	-0.0042
32501a93-0568-4d98-ba0d-080796534bc3	1	25266637	25320455	24	-1.6299
32501a93-0568-4d98-ba0d-080796534bc3	1	25336819	34626073	4951	0.0028
32501a93-0568-4d98-ba0d-080796534bc3	1	34637053	34638890	20	-0.6142
32501a93-0568-4d98-ba0d-080796534bc3	1	34648667	72290430	23764	0.0017
32501a93-0568-4d98-ba0d-080796534bc3	1	72290459	72297687	8	-0.8908
32501a93-0568-4d98-ba0d-080796534bc3	1	72302735	86307363	9192	0.0047
32501a93-0568-4d98-ba0d-080796534bc3	1	86311139	86312583	2	-1.2899
32501a93-0568-4d98-ba0d-080796534bc3	1	86314399	91727707	3565	-0.0028
32501a93-0568-4d98-ba0d-080796534bc3	1	91728105	91730095	2	-1.2871
32501a93-0568-4d98-ba0d-080796534bc3	1	91730496	103614695	7316	0.0021
32501a93-0568-4d98-ba0d-080796534bc3	1	103614714	103616762	4	-0.9004
32501a93-0568-4d98-ba0d-080796534bc3	1	103620877	105470754	924	0.0073
32501a93-0568-4d98-ba0d-080796534bc3	1	105476583	105479753	17	0.6779
32501a93-0568-4d98-ba0d-080796534bc3	1	105481433	110833598	3487	0.0037
32501a93-0568-4d98-ba0d-080796534bc3	1	110834746	110840603	26	-0.7788
32501a93-0568-4d98-ba0d-080796534bc3	1	110840712	112147704	1088	0.0121
32501a93-0568-4d98-ba0d-080796534bc3	1	112153343	112163518	32	0.3319
32501a93-0568-4d98-ba0d-080796534bc3	1	112163527	121601998	5151	0.0013
32501a93-0568-4d98-ba0d-080796534bc3	1	121705338	144432313	131	-0.6638
32501a93-0568-4d98-ba0d-080796534bc3	1	144442092	152575695	2300	-0.0047
32501a93-0568-4d98-ba0d-080796534bc3	1	152575948	152614064	46	0.2775
32501a93-0568-4d98-ba0d-080796534bc3	1	152614100	159958008	4529	0.001
32501a93-0568-4d98-ba0d-080796534bc3	1	159958269	159958921	2	-1.289
32501a93-0568-4d98-ba0d-080796534bc3	1	159961349	160176704	131	0.0224
32501a93-0568-4d98-ba0d-080796534bc3	1	160176855	160177013	2	-1.0223
32501a93-0568-4d98-ba0d-080796534bc3	1	160177153	189273995	20009	0.0018
32501a93-0568-4d98-ba0d-080796534bc3	1	189274235	189580467	190	0.108
32501a93-0568-4d98-ba0d-080796534bc3	1	189582840	189583406	3	-0.8876
32501a93-0568-4d98-ba0d-080796534bc3	1	189583727	194335529	3258	0.0091
32501a93-0568-4d98-ba0d-080796534bc3	1	194338990	194366559	22	0.4929
32501a93-0568-4d98-ba0d-080796534bc3	1	194370149	248930189	37412	0.0029
32501a93-0568-4d98-ba0d-080796534bc3	2	12784	4158097	2988	-0.0172
32501a93-0568-4d98-ba0d-080796534bc3	2	4166274	4176429	42	-0.7018
32501a93-0568-4d98-ba0d-080796534bc3	2	4182472	34414994	21042	-0.002
32501a93-0568-4d98-ba0d-080796534bc3	2	34417482	34512489	69	-0.2219
32501a93-0568-4d98-ba0d-080796534bc3	2	34512965	41011095	4803	-0.0086
32501a93-0568-4d98-ba0d-080796534bc3	2	41011303	41015808	18	0.385
32501a93-0568-4d98-ba0d-080796534bc3	2	41016199	52527423	8186	0.0061
32501a93-0568-4d98-ba0d-080796534bc3	2	52527590	52531615	4	-1.1972
32501a93-0568-4d98-ba0d-080796534bc3	2	52531630	52554404	32	0.5476
32501a93-0568-4d98-ba0d-080796534bc3	2	52560811	53136368	478	-0.0043
32501a93-0568-4d98-ba0d-080796534bc3	2	53137040	53152467	12	0.4229
32501a93-0568-4d98-ba0d-080796534bc3	2	53153321	54255416	788	0.0043
32501a93-0568-4d98-ba0d-080796534bc3	2	54255805	54255827	2	-1.299
32501a93-0568-4d98-ba0d-080796534bc3	2	54259004	86901078	20709	-0.0016
32501a93-0568-4d98-ba0d-080796534bc3	2	86902080	86934730	3	-1.7218
32501a93-0568-4d98-ba0d-080796534bc3	2	86945604	87211079	40	-0.1706
32501a93-0568-4d98-ba0d-080796534bc3	2	87218694	87218834	2	-1.398
32501a93-0568-4d98-ba0d-080796534bc3	2	87221597	97192190	1795	-0.0085
32501a93-0568-4d98-ba0d-080796534bc3	2	97199600	97211436	14	-0.98
32501a93-0568-4d98-ba0d-080796534bc3	2	97310327	97359885	13	0.0879
32501a93-0568-4d98-ba0d-080796534bc3	2	97524284	97545247	8	1.6965
32501a93-0568-4d98-ba0d-080796534bc3	2	97545726	110044146	7693	0.0007
32501a93-0568-4d98-ba0d-080796534bc3	2	110097158	110361144	64	-0.9034
32501a93-0568-4d98-ba0d-080796534bc3	2	110387249	116236627	3207	-0.004
32501a93-0568-4d98-ba0d-080796534bc3	2	116237351	116237683	4	-0.8265
32501a93-0568-4d98-ba0d-080796534bc3	2	116240781	128880504	8000	0.0042
32501a93-0568-4d98-ba0d-080796534bc3	2	128880904	128882723	14	-0.5331
32501a93-0568-4d98-ba0d-080796534bc3	2	128882741	130036283	876	-0.0019
32501a93-0568-4d98-ba0d-080796534bc3	2	130036310	130116915	13	-0.5788
32501a93-0568-4d98-ba0d-080796534bc3	2	130117303	146106861	9533	-0.001
32501a93-0568-4d98-ba0d-080796534bc3	2	146106875	146109366	22	0.878
32501a93-0568-4d98-ba0d-080796534bc3	2	146120238	183929124	23288	-0.0032
32501a93-0568-4d98-ba0d-080796534bc3	2	183929673	183937588	16	-0.7677
32501a93-0568-4d98-ba0d-080796534bc3	2	183937714	204479729	11621	-0.0021
32501a93-0568-4d98-ba0d-080796534bc3	2	204479949	204479964	3	-1.0967
32501a93-0568-4d98-ba0d-080796534bc3	2	204479970	242147305	24146	-0.0047
32501a93-0568-4d98-ba0d-080796534bc3	3	20930	5093666	4545	-0.0022
32501a93-0568-4d98-ba0d-080796534bc3	3	5094088	5094879	3	-1.1125
32501a93-0568-4d98-ba0d-080796534bc3	3	5096514	8285398	2768	0.0012
32501a93-0568-4d98-ba0d-080796534bc3	3	8286135	8287280	2	-1.6101
32501a93-0568-4d98-ba0d-080796534bc3	3	8288739	16195501	5580	-0.0017
32501a93-0568-4d98-ba0d-080796534bc3	3	16197556	16202089	10	-0.5389
32501a93-0568-4d98-ba0d-080796534bc3	3	16202845	26557397	7099	0.0096
32501a93-0568-4d98-ba0d-080796534bc3	3	26559609	26570394	10	-0.5566
32501a93-0568-4d98-ba0d-080796534bc3	3	26570407	26571710	8	-0.004
32501a93-0568-4d98-ba0d-080796534bc3	3	26573483	26573486	3	-0.6014
32501a93-0568-4d98-ba0d-080796534bc3	3	26574458	28720567	1395	0.0032
32501a93-0568-4d98-ba0d-080796534bc3	3	28730820	28732167	4	-0.6133
32501a93-0568-4d98-ba0d-080796534bc3	3	28732815	28768295	31	-0.06
32501a93-0568-4d98-ba0d-080796534bc3	3	28768950	28774617	7	-1.067
32501a93-0568-4d98-ba0d-080796534bc3	3	28775352	68697013	26328	-0.0024
32501a93-0568-4d98-ba0d-080796534bc3	3	68697108	68698262	14	-1.3678
32501a93-0568-4d98-ba0d-080796534bc3	3	68699607	75519398	4927	-0.002
32501a93-0568-4d98-ba0d-080796534bc3	3	75523398	75547095	8	0.6626
32501a93-0568-4d98-ba0d-080796534bc3	3	75559488	99205206	10967	0.0065
32501a93-0568-4d98-ba0d-080796534bc3	3	99205642	99232120	46	-0.3114
32501a93-0568-4d98-ba0d-080796534bc3	3	99232539	130044855	18713	-0.0001
32501a93-0568-4d98-ba0d-080796534bc3	3	130047743	130137637	57	-0.3347
32501a93-0568-4d98-ba0d-080796534bc3	3	130137903	146661402	10370	-0.0022
32501a93-0568-4d98-ba0d-080796534bc3	3	146665207	146665349	2	-1.2715
32501a93-0568-4d98-ba0d-080796534bc3	3	146665388	162795304	9875	0.0026
32501a93-0568-4d98-ba0d-080796534bc3	3	162795361	162807070	9	-0.5122
32501a93-0568-4d98-ba0d-080796534bc3	3	162810842	162822702	10	0.3031
32501a93-0568-4d98-ba0d-080796534bc3	3	162827928	162861910	18	-0.416
32501a93-0568-4d98-ba0d-080796534bc3	3	162863585	173717726	6521	0.0042
32501a93-0568-4d98-ba0d-080796534bc3	3	173718253	173841783	93	0.1806
32501a93-0568-4d98-ba0d-080796534bc3	3	173845902	176165961	1571	-0.0065
32501a93-0568-4d98-ba0d-080796534bc3	3	176170271	176196691	34	-0.8855
32501a93-0568-4d98-ba0d-080796534bc3	3	176198433	189642965	8482	-0.0033
32501a93-0568-4d98-ba0d-080796534bc3	3	189645889	189653225	13	-0.732
32501a93-0568-4d98-ba0d-080796534bc3	3	189654562	192176266	1771	0.001
32501a93-0568-4d98-ba0d-080796534bc3	3	192176309	192214710	26	0.3439
32501a93-0568-4d98-ba0d-080796534bc3	3	192214720	192890184	499	0.0066
32501a93-0568-4d98-ba0d-080796534bc3	3	192890293	192890762	5	1.1094
32501a93-0568-4d98-ba0d-080796534bc3	3	192890809	193155915	186	-0.0229
32501a93-0568-4d98-ba0d-080796534bc3	3	193156018	193165114	22	0.5088
32501a93-0568-4d98-ba0d-080796534bc3	3	193168646	197025047	2116	-0.0088
32501a93-0568-4d98-ba0d-080796534bc3	3	197025852	197041214	5	-0.9069
32501a93-0568-4d98-ba0d-080796534bc3	3	197041377	198169247	571	0.0071
32501a93-0568-4d98-ba0d-080796534bc3	4	68929	1777074	626	-0.0179
32501a93-0568-4d98-ba0d-080796534bc3	4	1790291	1791556	2	-1.2566
32501a93-0568-4d98-ba0d-080796534bc3	4	1796125	10208766	5077	-0.0045
32501a93-0568-4d98-ba0d-080796534bc3	4	10221792	10232642	30	0.4875
32501a93-0568-4d98-ba0d-080796534bc3	4	10232984	10239089	11	-0.0434
32501a93-0568-4d98-ba0d-080796534bc3	4	10242989	10244648	4	0.6161
32501a93-0568-4d98-ba0d-080796534bc3	4	10245888	10389091	161	-0.0211
32501a93-0568-4d98-ba0d-080796534bc3	4	10390730	10399044	16	-0.418
32501a93-0568-4d98-ba0d-080796534bc3	4	10401094	34768684	16785	0.0058
32501a93-0568-4d98-ba0d-080796534bc3	4	34771893	34802665	29	0.7075
32501a93-0568-4d98-ba0d-080796534bc3	4	34802690	34804618	3	-0.1724
32501a93-0568-4d98-ba0d-080796534bc3	4	34806721	34823103	14	0.7055
32501a93-0568-4d98-ba0d-080796534bc3	4	34828250	45003835	6642	0.0026
32501a93-0568-4d98-ba0d-080796534bc3	4	45004175	45004318	3	-1.0398
32501a93-0568-4d98-ba0d-080796534bc3	4	45008952	54353318	3955	0.0095
32501a93-0568-4d98-ba0d-080796534bc3	4	54353363	54354188	8	-0.9644
32501a93-0568-4d98-ba0d-080796534bc3	4	54355243	64958440	6655	0.0063
32501a93-0568-4d98-ba0d-080796534bc3	4	64958534	64958552	2	-1.7473
32501a93-0568-4d98-ba0d-080796534bc3	4	64958595	68354665	2179	0.002
32501a93-0568-4d98-ba0d-080796534bc3	4	68361130	68395346	7	1.6331
32501a93-0568-4d98-ba0d-080796534bc3	4	68416487	68478894	14	-0.3633
32501a93-0568-4d98-ba0d-080796534bc3	4	68494770	68663241	73	0.4453
32501a93-0568-4d98-ba0d-080796534bc3	4	68671434	99369341	18699	-0.0014
32501a93-0568-4d98-ba0d-080796534bc3	4	99369963	99371543	2	-1.7342
32501a93-0568-4d98-ba0d-080796534bc3	4	99371905	114252544	8999	-0.0007
32501a93-0568-4d98-ba0d-080796534bc3	4	114254167	114263096	25	0.5719
32501a93-0568-4d98-ba0d-080796534bc3	4	114263110	160952848	27965	0.0032
32501a93-0568-4d98-ba0d-080796534bc3	4	160958866	160963756	21	-0.5774
32501a93-0568-4d98-ba0d-080796534bc3	4	160963767	172068222	7082	0.0061
32501a93-0568-4d98-ba0d-080796534bc3	4	172068257	172068382	7	-1.7814
32501a93-0568-4d98-ba0d-080796534bc3	4	172074828	172394889	166	-0.0194
32501a93-0568-4d98-ba0d-080796534bc3	4	172397101	172412678	16	0.3604
32501a93-0568-4d98-ba0d-080796534bc3	4	172413313	172501371	49	-0.0428
32501a93-0568-4d98-ba0d-080796534bc3	4	172503796	172507492	7	1.0193
32501a93-0568-4d98-ba0d-080796534bc3	4	172519981	186167979	9273	0.0011
32501a93-0568-4d98-ba0d-080796534bc3	4	186168388	186172834	2	-1.3963
32501a93-0568-4d98-ba0d-080796534bc3	4	186176244	186699490	384	-0.0016
32501a93-0568-4d98-ba0d-080796534bc3	4	186700127	186700996	3	-1.1386
32501a93-0568-4d98-ba0d-080796534bc3	4	186703040	190106768	2183	0.0121
32501a93-0568-4d98-ba0d-080796534bc3	5	15532	7230289	5770	0.0015
32501a93-0568-4d98-ba0d-080796534bc3	5	7238099	7255871	19	0.6208
32501a93-0568-4d98-ba0d-080796534bc3	5	7257048	7407781	92	-0.0182
32501a93-0568-4d98-ba0d-080796534bc3	5	7409916	7470912	57	0.5092
32501a93-0568-4d98-ba0d-080796534bc3	5	7473941	15718383	6240	-0.0004
32501a93-0568-4d98-ba0d-080796534bc3	5	15719113	15720488	11	-0.5405
32501a93-0568-4d98-ba0d-080796534bc3	5	15723237	21376735	3482	0.0086
32501a93-0568-4d98-ba0d-080796534bc3	5	21377730	21377744	2	-1.5306
32501a93-0568-4d98-ba0d-080796534bc3	5	21385957	21449110	43	0.07
32501a93-0568-4d98-ba0d-080796534bc3	5	21449167	21452329	6	-1.6944
32501a93-0568-4d98-ba0d-080796534bc3	5	21452387	26789387	3134	0.0072
32501a93-0568-4d98-ba0d-080796534bc3	5	26797651	26797735	2	1.1206
32501a93-0568-4d98-ba0d-080796534bc3	5	26803775	27524345	394	0.0169
32501a93-0568-4d98-ba0d-080796534bc3	5	27525283	27525913	10	-0.6872
32501a93-0568-4d98-ba0d-080796534bc3	5	27527372	46271006	11417	0.0028
32501a93-0568-4d98-ba0d-080796534bc3	5	46271828	46273400	6	-2.475
32501a93-0568-4d98-ba0d-080796534bc3	5	46278110	58025819	5075	0.0019
32501a93-0568-4d98-ba0d-080796534bc3	5	58030200	58037706	32	1.5929
32501a93-0568-4d98-ba0d-080796534bc3	5	58042530	70959079	7314	0.0002
32501a93-0568-4d98-ba0d-080796534bc3	5	71010832	71095426	8	0.6767
32501a93-0568-4d98-ba0d-080796534bc3	5	71358245	167653975	60730	0.0015
32501a93-0568-4d98-ba0d-080796534bc3	5	167655000	167659896	11	-1.7087
32501a93-0568-4d98-ba0d-080796534bc3	5	167661033	168859585	968	-0.0088
32501a93-0568-4d98-ba0d-080796534bc3	5	168861091	168861987	2	-1.7099
32501a93-0568-4d98-ba0d-080796534bc3	5	168863382	175946505	5344	0.0008
32501a93-0568-4d98-ba0d-080796534bc3	5	175960543	175966609	3	0.987
32501a93-0568-4d98-ba0d-080796534bc3	5	175966747	177770954	735	-0.0143
32501a93-0568-4d98-ba0d-080796534bc3	5	177771448	177805604	4	1.3723
32501a93-0568-4d98-ba0d-080796534bc3	5	177827964	181363319	1984	-0.0099
32501a93-0568-4d98-ba0d-080796534bc3	6	149661	334825	143	-0.0168
32501a93-0568-4d98-ba0d-080796534bc3	6	336218	382559	59	-0.2911
32501a93-0568-4d98-ba0d-080796534bc3	6	382897	24321809	18426	-0.0005
32501a93-0568-4d98-ba0d-080796534bc3	6	24325581	24326057	2	-2.3084
32501a93-0568-4d98-ba0d-080796534bc3	6	24328478	25604426	915	-0.0036
32501a93-0568-4d98-ba0d-080796534bc3	6	25604487	25605953	4	-0.8729
32501a93-0568-4d98-ba0d-080796534bc3	6	25607343	27258825	865	-0.0135
32501a93-0568-4d98-ba0d-080796534bc3	6	27261486	27263371	4	-0.7516
32501a93-0568-4d98-ba0d-080796534bc3	6	27264107	29882497	1255	0.0127
32501a93-0568-4d98-ba0d-080796534bc3	6	29882589	29947974	23	0.3951
32501a93-0568-4d98-ba0d-080796534bc3	6	29948591	31313046	638	-0.034
32501a93-0568-4d98-ba0d-080796534bc3	6	31318499	31342147	12	-1.5443
32501a93-0568-4d98-ba0d-080796534bc3	6	31349570	32718419	598	-0.0227
32501a93-0568-4d98-ba0d-080796534bc3	6	32720838	32723053	11	0.57
32501a93-0568-4d98-ba0d-080796534bc3	6	32732907	33970222	753	0.0089
32501a93-0568-4d98-ba0d-080796534bc3	6	33970966	33974928	7	-1.158
32501a93-0568-4d98-ba0d-080796534bc3	6	33976809	54066353	12895	0.0041
32501a93-0568-4d98-ba0d-080796534bc3	6	54066432	54070550	7	-0.8915
32501a93-0568-4d98-ba0d-080796534bc3	6	54070617	73882509	10386	0.0075
32501a93-0568-4d98-ba0d-080796534bc3	6	73882741	73891694	9	-2.3182
32501a93-0568-4d98-ba0d-080796534bc3	6	73893839	76307183	1472	-0.0003
32501a93-0568-4d98-ba0d-080796534bc3	6	76307194	76307209	2	-1.0793
32501a93-0568-4d98-ba0d-080796534bc3	6	76307276	76726815	296	-0.0127
32501a93-0568-4d98-ba0d-080796534bc3	6	76730151	76742972	20	-0.6363
32501a93-0568-4d98-ba0d-080796534bc3	6	76743040	77646294	601	0.0067
32501a93-0568-4d98-ba0d-080796534bc3	6	77646390	77648058	3	-0.7182
32501a93-0568-4d98-ba0d-080796534bc3	6	77648350	78253172	374	0.0197
32501a93-0568-4d98-ba0d-080796534bc3	6	78259348	78325468	113	0.2755
32501a93-0568-4d98-ba0d-080796534bc3	6	78329517	103286954	15474	0.0064
32501a93-0568-4d98-ba0d-080796534bc3	6	103290101	103314186	46	0.622
32501a93-0568-4d98-ba0d-080796534bc3	6	103317795	104449598	733	0.0019
32501a93-0568-4d98-ba0d-080796534bc3	6	104461140	104481736	21	-0.944
32501a93-0568-4d98-ba0d-080796534bc3	6	104495548	153513990	31415	0.001
32501a93-0568-4d98-ba0d-080796534bc3	6	153514919	153519835	4	-1.0742
32501a93-0568-4d98-ba0d-080796534bc3	6	153524187	167212790	9910	0.0054
32501a93-0568-4d98-ba0d-080796534bc3	6	167216173	167251430	21	-0.5256
32501a93-0568-4d98-ba0d-080796534bc3	6	167255418	170741917	2073	-0.0159
32501a93-0568-4d98-ba0d-080796534bc3	7	43355	54305455	38480	0.0016
32501a93-0568-4d98-ba0d-080796534bc3	7	54318812	54318824	6	-1.897
32501a93-0568-4d98-ba0d-080796534bc3	7	54325795	67172252	3734	-0.0049
32501a93-0568-4d98-ba0d-080796534bc3	7	67176387	67180245	5	-2.3982
32501a93-0568-4d98-ba0d-080796534bc3	7	67182652	67233947	15	-0.527
32501a93-0568-4d98-ba0d-080796534bc3	7	67234797	70955452	2371	0.0053
32501a93-0568-4d98-ba0d-080796534bc3	7	70958264	70961155	2	1.2572
32501a93-0568-4d98-ba0d-080796534bc3	7	70963257	100727566	16993	0.0085
32501a93-0568-4d98-ba0d-080796534bc3	7	100731621	100731642	2	-2.3532
32501a93-0568-4d98-ba0d-080796534bc3	7	100735219	105946044	2814	0.0069
32501a93-0568-4d98-ba0d-080796534bc3	7	105946407	105946995	6	-0.6292
32501a93-0568-4d98-ba0d-080796534bc3	7	105947907	108532679	1697	-0.0006
32501a93-0568-4d98-ba0d-080796534bc3	7	108535897	108536531	2	-1.1756
32501a93-0568-4d98-ba0d-080796534bc3	7	108539074	109797041	803	0.0206
32501a93-0568-4d98-ba0d-080796534bc3	7	109797042	109813853	30	0.3517
32501a93-0568-4d98-ba0d-080796534bc3	7	109813925	111881995	1345	0.0159
32501a93-0568-4d98-ba0d-080796534bc3	7	111882461	111889754	6	-0.6599
32501a93-0568-4d98-ba0d-080796534bc3	7	111891431	126404920	8679	0.0126
32501a93-0568-4d98-ba0d-080796534bc3	7	126405428	126406823	14	1.0191
32501a93-0568-4d98-ba0d-080796534bc3	7	126406824	134100424	4698	0.0047
32501a93-0568-4d98-ba0d-080796534bc3	7	134100442	134113356	30	0.58
32501a93-0568-4d98-ba0d-080796534bc3	7	134113790	142063324	5199	0.0075
32501a93-0568-4d98-ba0d-080796534bc3	7	142069843	142099190	35	-0.5889
32501a93-0568-4d98-ba0d-080796534bc3	7	142099360	142344408	185	-0.021
32501a93-0568-4d98-ba0d-080796534bc3	7	142344614	142510322	145	-0.1335
32501a93-0568-4d98-ba0d-080796534bc3	7	142511792	143514550	558	0.0203
32501a93-0568-4d98-ba0d-080796534bc3	7	143515201	143728285	14	-0.5142
32501a93-0568-4d98-ba0d-080796534bc3	7	143728623	144249785	301	0.0114
32501a93-0568-4d98-ba0d-080796534bc3	7	144255220	144295437	7	0.6437
32501a93-0568-4d98-ba0d-080796534bc3	7	144306653	153330758	5457	0.0111
32501a93-0568-4d98-ba0d-080796534bc3	7	153331202	153332062	3	-0.887
32501a93-0568-4d98-ba0d-080796534bc3	7	153333728	153450553	100	-0.0068
32501a93-0568-4d98-ba0d-080796534bc3	7	153450560	153450627	2	-2.2167
32501a93-0568-4d98-ba0d-080796534bc3	7	153450630	159334314	4092	0.0077
32501a93-0568-4d98-ba0d-080796534bc3	8	81254	214984	8	-0.522
32501a93-0568-4d98-ba0d-080796534bc3	8	215209	645790	321	-0.0134
32501a93-0568-4d98-ba0d-080796534bc3	8	645875	645908	3	1.1199
32501a93-0568-4d98-ba0d-080796534bc3	8	656117	1418902	565	0.0294
32501a93-0568-4d98-ba0d-080796534bc3	8	1419196	1419436	2	-1.526
32501a93-0568-4d98-ba0d-080796534bc3	8	1419522	3926665	2452	-0.003
32501a93-0568-4d98-ba0d-080796534bc3	8	3929538	3932584	24	-0.6559
32501a93-0568-4d98-ba0d-080796534bc3	8	3933696	12143614	7645	0.0002
32501a93-0568-4d98-ba0d-080796534bc3	8	12176798	12562673	47	-0.3922
32501a93-0568-4d98-ba0d-080796534bc3	8	12581239	18407644	5318	0.001
32501a93-0568-4d98-ba0d-080796534bc3	8	18408647	18413675	4	-1.7227
32501a93-0568-4d98-ba0d-080796534bc3	8	18413877	23544795	3935	-0.0011
32501a93-0568-4d98-ba0d-080796534bc3	8	23550227	23550392	6	-0.6991
32501a93-0568-4d98-ba0d-080796534bc3	8	23552812	25116961	1139	-0.0062
32501a93-0568-4d98-ba0d-080796534bc3	8	25117007	25122039	12	0.412
32501a93-0568-4d98-ba0d-080796534bc3	8	25122389	25126554	8	0.9408
32501a93-0568-4d98-ba0d-080796534bc3	8	25126626	25126735	4	0.4203
32501a93-0568-4d98-ba0d-080796534bc3	8	25126818	27021561	1481	0.0131
32501a93-0568-4d98-ba0d-080796534bc3	8	27022006	27023165	6	-0.7927
32501a93-0568-4d98-ba0d-080796534bc3	8	27029290	39373140	7535	-0.0017
32501a93-0568-4d98-ba0d-080796534bc3	8	39378084	39529446	59	0.8888
32501a93-0568-4d98-ba0d-080796534bc3	8	39530780	67635400	15535	0.0018
32501a93-0568-4d98-ba0d-080796534bc3	8	67635434	67636165	7	-0.7512
32501a93-0568-4d98-ba0d-080796534bc3	8	67636256	71300130	2356	-0.0121
32501a93-0568-4d98-ba0d-080796534bc3	8	71303076	71304364	8	0.5756
32501a93-0568-4d98-ba0d-080796534bc3	8	71307628	111269714	24099	-0.0007
32501a93-0568-4d98-ba0d-080796534bc3	8	111273113	111282441	10	-0.5035
32501a93-0568-4d98-ba0d-080796534bc3	8	111282809	111283031	5	-2.3817
32501a93-0568-4d98-ba0d-080796534bc3	8	111288052	128739928	11662	-0.0013
32501a93-0568-4d98-ba0d-080796534bc3	8	128742994	128744020	3	-1.3742
32501a93-0568-4d98-ba0d-080796534bc3	8	128750889	142067450	10136	0.0049
32501a93-0568-4d98-ba0d-080796534bc3	8	142067969	142229492	92	-0.1724
32501a93-0568-4d98-ba0d-080796534bc3	8	142229995	143217232	382	0.0098
32501a93-0568-4d98-ba0d-080796534bc3	8	143217284	143228213	11	-0.48
32501a93-0568-4d98-ba0d-080796534bc3	8	143228267	143616987	122	-0.0181
32501a93-0568-4d98-ba0d-080796534bc3	8	143622987	143625638	9	-0.6354
32501a93-0568-4d98-ba0d-080796534bc3	8	143636819	145072769	504	0.0003
32501a93-0568-4d98-ba0d-080796534bc3	9	46587	11519008	10897	-0.0041
32501a93-0568-4d98-ba0d-080796534bc3	9	11519198	11986313	350	0.0999
32501a93-0568-4d98-ba0d-080796534bc3	9	11987651	12398339	348	0.0295
32501a93-0568-4d98-ba0d-080796534bc3	9	12399535	12400136	2	-0.9489
32501a93-0568-4d98-ba0d-080796534bc3	9	12406286	16028396	2837	-0.0032
32501a93-0568-4d98-ba0d-080796534bc3	9	16030905	16034540	6	-0.6434
32501a93-0568-4d98-ba0d-080796534bc3	9	16034627	22492890	5407	-0.0004
32501a93-0568-4d98-ba0d-080796534bc3	9	22501914	22502700	2	1.0439
32501a93-0568-4d98-ba0d-080796534bc3	9	22509341	24478608	1354	0.0122
32501a93-0568-4d98-ba0d-080796534bc3	9	24478845	24514688	45	0.2281
32501a93-0568-4d98-ba0d-080796534bc3	9	24514900	28602291	3158	0.0036
32501a93-0568-4d98-ba0d-080796534bc3	9	28603329	28779570	136	0.1357
32501a93-0568-4d98-ba0d-080796534bc3	9	28781849	40746210	6665	0.0031
32501a93-0568-4d98-ba0d-080796534bc3	9	40753470	41659472	84	-0.4739
32501a93-0568-4d98-ba0d-080796534bc3	9	41666811	61405110	99	0.1061
32501a93-0568-4d98-ba0d-080796534bc3	9	61520021	61647899	30	0.5482
32501a93-0568-4d98-ba0d-080796534bc3	9	61665362	63580418	38	-0.0716
32501a93-0568-4d98-ba0d-080796534bc3	9	63590317	63590323	4	1.6343
32501a93-0568-4d98-ba0d-080796534bc3	9	63590325	64510407	61	0.0147
32501a93-0568-4d98-ba0d-080796534bc3	9	64520620	66881239	37	-0.4079
32501a93-0568-4d98-ba0d-080796534bc3	9	66883464	87907679	14238	-0.0026
32501a93-0568-4d98-ba0d-080796534bc3	9	87939236	87939304	2	-1.3922
32501a93-0568-4d98-ba0d-080796534bc3	9	87943042	138200944	33712	-0.0015
32501a93-0568-4d98-ba0d-080796534bc3	10	45792	84368	11	0.0016
32501a93-0568-4d98-ba0d-080796534bc3	10	87611	97315	9	-0.8454
32501a93-0568-4d98-ba0d-080796534bc3	10	97603	1877489	1303	0.0046
32501a93-0568-4d98-ba0d-080796534bc3	10	1878846	1880102	4	-0.7984
32501a93-0568-4d98-ba0d-080796534bc3	10	1880921	27298602	20080	0.0043
32501a93-0568-4d98-ba0d-080796534bc3	10	27304498	27321161	5	-0.7322
32501a93-0568-4d98-ba0d-080796534bc3	10	27323765	27342978	11	-0.0058
32501a93-0568-4d98-ba0d-080796534bc3	10	27343109	27343199	2	-1.2442
32501a93-0568-4d98-ba0d-080796534bc3	10	27344175	46175087	10094	0.0021
32501a93-0568-4d98-ba0d-080796534bc3	10	46176460	46618028	210	0.4322
32501a93-0568-4d98-ba0d-080796534bc3	10	46631433	47460004	300	-0.0333
32501a93-0568-4d98-ba0d-080796534bc3	10	47559592	47627616	4	1.0948
32501a93-0568-4d98-ba0d-080796534bc3	10	47680298	55131758	5161	0.0055
32501a93-0568-4d98-ba0d-080796534bc3	10	55136883	57335528	1583	0.046
32501a93-0568-4d98-ba0d-080796534bc3	10	57335571	57443289	94	-0.0049
32501a93-0568-4d98-ba0d-080796534bc3	10	57450745	57451013	4	-0.792
32501a93-0568-4d98-ba0d-080796534bc3	10	57458735	65568683	5597	-0.0044
32501a93-0568-4d98-ba0d-080796534bc3	10	65569648	65585530	21	0.2501
32501a93-0568-4d98-ba0d-080796534bc3	10	65585544	66967071	1068	0.0363
32501a93-0568-4d98-ba0d-080796534bc3	10	66967086	66986527	9	0.4104
32501a93-0568-4d98-ba0d-080796534bc3	10	66988698	69211717	1220	0.0063
32501a93-0568-4d98-ba0d-080796534bc3	10	69213697	69216160	2	-1.1917
32501a93-0568-4d98-ba0d-080796534bc3	10	69216660	133654968	43902	0.0003
32501a93-0568-4d98-ba0d-080796534bc3	11	198510	1623675	484	-0.029
32501a93-0568-4d98-ba0d-080796534bc3	11	1624736	1639207	15	-0.5751
32501a93-0568-4d98-ba0d-080796534bc3	11	1639494	5499745	2488	0.0003
32501a93-0568-4d98-ba0d-080796534bc3	11	5500921	5502363	7	-0.8988
32501a93-0568-4d98-ba0d-080796534bc3	11	5503234	5768511	244	0.0044
32501a93-0568-4d98-ba0d-080796534bc3	11	5768639	5787909	27	0.4161
32501a93-0568-4d98-ba0d-080796534bc3	11	5788108	18928709	9422	-0.0031
32501a93-0568-4d98-ba0d-080796534bc3	11	18929039	18939855	29	-0.3901
32501a93-0568-4d98-ba0d-080796534bc3	11	18940050	20822345	1681	-0.0034
32501a93-0568-4d98-ba0d-080796534bc3	11	20823306	20828212	3	-0.9704
32501a93-0568-4d98-ba0d-080796534bc3	11	20828684	31371747	7407	0.0041
32501a93-0568-4d98-ba0d-080796534bc3	11	31372721	31375533	2	-1.926
32501a93-0568-4d98-ba0d-080796534bc3	11	31376660	55606572	12680	0.0041
32501a93-0568-4d98-ba0d-080796534bc3	11	55606712	55674842	46	-1.8607
32501a93-0568-4d98-ba0d-080796534bc3	11	55676735	55677818	4	0.5694
32501a93-0568-4d98-ba0d-080796534bc3	11	55678469	55685533	7	-1.7048
32501a93-0568-4d98-ba0d-080796534bc3	11	55686100	62271929	3948	0.0017
32501a93-0568-4d98-ba0d-080796534bc3	11	62273047	62275702	3	-0.8936
32501a93-0568-4d98-ba0d-080796534bc3	11	62280495	67705434	2271	-0.0088
32501a93-0568-4d98-ba0d-080796534bc3	11	67708130	68003122	78	-0.2063
32501a93-0568-4d98-ba0d-080796534bc3	11	68003149	104908119	24468	0.0028
32501a93-0568-4d98-ba0d-080796534bc3	11	104910172	104910307	2	1.2211
32501a93-0568-4d98-ba0d-080796534bc3	11	104911478	134739499	21251	0.003
32501a93-0568-4d98-ba0d-080796534bc3	11	134739663	134744971	6	0.6564
32501a93-0568-4d98-ba0d-080796534bc3	11	134745532	135074876	272	-0.0085
32501a93-0568-4d98-ba0d-080796534bc3	12	51460	8204911	5536	0.0017
32501a93-0568-4d98-ba0d-080796534bc3	12	8209454	8218118	8	0.7293
32501a93-0568-4d98-ba0d-080796534bc3	12	8220161	8449758	77	-0.1648
32501a93-0568-4d98-ba0d-080796534bc3	12	8450386	9304225	472	0.0192
32501a93-0568-4d98-ba0d-080796534bc3	12	9307938	9477960	80	-0.1064
32501a93-0568-4d98-ba0d-080796534bc3	12	9481274	9575696	24	0.9872
32501a93-0568-4d98-ba0d-080796534bc3	12	9582373	25412552	10926	0.0008
32501a93-0568-4d98-ba0d-080796534bc3	12	25412854	25413429	2	-1.0317
32501a93-0568-4d98-ba0d-080796534bc3	12	25414375	25841140	324	0.0195
32501a93-0568-4d98-ba0d-080796534bc3	12	25841261	25842454	6	-0.6432
32501a93-0568-4d98-ba0d-080796534bc3	12	25843135	28516647	1868	-0.0234
32501a93-0568-4d98-ba0d-080796534bc3	12	28524109	28535758	10	-4.8438
32501a93-0568-4d98-ba0d-080796534bc3	12	28538044	99398036	42771	-0.0001
32501a93-0568-4d98-ba0d-080796534bc3	12	99401515	99404956	31	-0.4468
32501a93-0568-4d98-ba0d-080796534bc3	12	99409315	131609044	22121	-0.0013
32501a93-0568-4d98-ba0d-080796534bc3	12	131613371	131616532	6	-0.8966
32501a93-0568-4d98-ba0d-080796534bc3	12	131618173	133201603	586	0.0247
32501a93-0568-4d98-ba0d-080796534bc3	13	18452809	18795296	77	-0.0853
32501a93-0568-4d98-ba0d-080796534bc3	13	18821498	18824667	2	-1.1974
32501a93-0568-4d98-ba0d-080796534bc3	13	18825840	19545474	452	0.0229
32501a93-0568-4d98-ba0d-080796534bc3	13	19547319	19549770	3	0.818
32501a93-0568-4d98-ba0d-080796534bc3	13	19550361	23055048	2321	-0.0027
32501a93-0568-4d98-ba0d-080796534bc3	13	23055071	23064056	14	0.3934
32501a93-0568-4d98-ba0d-080796534bc3	13	23064071	24056776	762	0.0086
32501a93-0568-4d98-ba0d-080796534bc3	13	24058001	24058911	4	-1.2537
32501a93-0568-4d98-ba0d-080796534bc3	13	24061115	37501767	9851	-0.0004
32501a93-0568-4d98-ba0d-080796534bc3	13	37501828	37510595	12	0.854
32501a93-0568-4d98-ba0d-080796534bc3	13	37510620	57175139	12522	0.0012
32501a93-0568-4d98-ba0d-080796534bc3	13	57175549	57337698	120	0.1618
32501a93-0568-4d98-ba0d-080796534bc3	13	57337763	72376622	9301	0.0102
32501a93-0568-4d98-ba0d-080796534bc3	13	72379759	72379916	3	-1.3187
32501a93-0568-4d98-ba0d-080796534bc3	13	72380356	114342922	28710	-0.0036
32501a93-0568-4d98-ba0d-080796534bc3	14	18239283	19445992	57	-0.0855
32501a93-0568-4d98-ba0d-080796534bc3	14	19632043	19992121	132	0.2135
32501a93-0568-4d98-ba0d-080796534bc3	14	19992225	21912366	1299	-0.007
32501a93-0568-4d98-ba0d-080796534bc3	14	21912454	22490986	504	-0.0944
32501a93-0568-4d98-ba0d-080796534bc3	14	22491783	41139155	11775	-0.0001
32501a93-0568-4d98-ba0d-080796534bc3	14	41141293	41188046	14	-0.4194
32501a93-0568-4d98-ba0d-080796534bc3	14	41188146	53341126	7377	0.0071
32501a93-0568-4d98-ba0d-080796534bc3	14	53344322	53345341	5	-0.775
32501a93-0568-4d98-ba0d-080796534bc3	14	53345534	73534419	13086	-0.0023
32501a93-0568-4d98-ba0d-080796534bc3	14	73540003	73550834	7	-1.5879
32501a93-0568-4d98-ba0d-080796534bc3	14	73554275	106340305	20882	0.0018
32501a93-0568-4d98-ba0d-080796534bc3	14	106340774	106346129	5	-0.9232
32501a93-0568-4d98-ba0d-080796534bc3	14	106360014	106877229	274	0.0512
32501a93-0568-4d98-ba0d-080796534bc3	15	19811075	21262847	168	-0.0843
32501a93-0568-4d98-ba0d-080796534bc3	15	21266108	22606745	50	-0.4898
32501a93-0568-4d98-ba0d-080796534bc3	15	22619116	27157522	2932	-0.0035
32501a93-0568-4d98-ba0d-080796534bc3	15	27159610	27163944	14	-0.9354
32501a93-0568-4d98-ba0d-080796534bc3	15	27163961	30230885	1674	-0.0053
32501a93-0568-4d98-ba0d-080796534bc3	15	30231102	30281107	7	0.7138
32501a93-0568-4d98-ba0d-080796534bc3	15	30281121	37407184	4665	-0.0057
32501a93-0568-4d98-ba0d-080796534bc3	15	37414606	37415195	2	-1.3974
32501a93-0568-4d98-ba0d-080796534bc3	15	37415339	76586021	24409	-0.0006
32501a93-0568-4d98-ba0d-080796534bc3	15	76598900	76599700	9	1.0989
32501a93-0568-4d98-ba0d-080796534bc3	15	76599852	76603434	13	0.6055
32501a93-0568-4d98-ba0d-080796534bc3	15	76609838	101888922	17609	0.0019
32501a93-0568-4d98-ba0d-080796534bc3	15	101894806	101928837	5	-1.0103
32501a93-0568-4d98-ba0d-080796534bc3	16	10777	12618342	9534	0.0008
32501a93-0568-4d98-ba0d-080796534bc3	16	12618370	12618593	4	-1.0255
32501a93-0568-4d98-ba0d-080796534bc3	16	12618750	14843467	1567	0.0003
32501a93-0568-4d98-ba0d-080796534bc3	16	14845483	14991827	50	-0.3355
32501a93-0568-4d98-ba0d-080796534bc3	16	14993314	18104860	1607	-0.0074
32501a93-0568-4d98-ba0d-080796534bc3	16	18134261	18583078	17	-0.4848
32501a93-0568-4d98-ba0d-080796534bc3	16	18595356	18713525	12	-0.0264
32501a93-0568-4d98-ba0d-080796534bc3	16	18714714	18751134	5	0.747
32501a93-0568-4d98-ba0d-080796534bc3	16	18754907	19933041	672	-0.0135
32501a93-0568-4d98-ba0d-080796534bc3	16	19934328	19959496	32	-0.7272
32501a93-0568-4d98-ba0d-080796534bc3	16	19959543	21349109	885	-0.0144
32501a93-0568-4d98-ba0d-080796534bc3	16	21352084	21561437	21	-0.4204
32501a93-0568-4d98-ba0d-080796534bc3	16	21561840	22604483	383	-0.0357
32501a93-0568-4d98-ba0d-080796534bc3	16	22614263	22706983	62	-0.2882
32501a93-0568-4d98-ba0d-080796534bc3	16	22707065	32198778	5126	0.0015
32501a93-0568-4d98-ba0d-080796534bc3	16	32295899	32562155	12	-0.6464
32501a93-0568-4d98-ba0d-080796534bc3	16	32613018	54375931	5726	0.0046
32501a93-0568-4d98-ba0d-080796534bc3	16	54376029	54385720	18	-0.9767
32501a93-0568-4d98-ba0d-080796534bc3	16	54386786	56726527	1810	0.0025
32501a93-0568-4d98-ba0d-080796534bc3	16	56727061	56731314	4	0.8297
32501a93-0568-4d98-ba0d-080796534bc3	16	56731774	74330951	10476	0.0048
32501a93-0568-4d98-ba0d-080796534bc3	16	74334793	74350360	4	-1.0692
32501a93-0568-4d98-ba0d-080796534bc3	16	74363160	77561388	2377	-0.0041
32501a93-0568-4d98-ba0d-080796534bc3	16	77561438	77561468	2	-1.17
32501a93-0568-4d98-ba0d-080796534bc3	16	77562124	78337711	835	-0.0003
32501a93-0568-4d98-ba0d-080796534bc3	16	78338543	78345778	13	1.082
32501a93-0568-4d98-ba0d-080796534bc3	16	78349243	88076816	9779	-0.007
32501a93-0568-4d98-ba0d-080796534bc3	16	88080057	88080605	2	-1.7925
32501a93-0568-4d98-ba0d-080796534bc3	16	88081232	90096867	836	-0.0153
32501a93-0568-4d98-ba0d-080796534bc3	17	150733	359439	122	-0.0618
32501a93-0568-4d98-ba0d-080796534bc3	17	371235	376174	6	-0.9087
32501a93-0568-4d98-ba0d-080796534bc3	17	378836	6197464	3233	-0.0041
32501a93-0568-4d98-ba0d-080796534bc3	17	6197476	6197491	2	-2.0035
32501a93-0568-4d98-ba0d-080796534bc3	17	6197723	7354708	723	0.0059
32501a93-0568-4d98-ba0d-080796534bc3	17	7362030	7362487	2	-2.0601
32501a93-0568-4d98-ba0d-080796534bc3	17	7363157	10059723	1675	0.008
32501a93-0568-4d98-ba0d-080796534bc3	17	10060096	10073320	11	-0.5152
32501a93-0568-4d98-ba0d-080796534bc3	17	10076522	36109315	12485	-0.0031
32501a93-0568-4d98-ba0d-080796534bc3	17	36109735	36157718	35	0.4071
32501a93-0568-4d98-ba0d-080796534bc3	17	36200725	41262120	2524	0.0018
32501a93-0568-4d98-ba0d-080796534bc3	17	41265433	41274279	26	-0.497
32501a93-0568-4d98-ba0d-080796534bc3	17	41276472	46111026	2516	-0.0033
32501a93-0568-4d98-ba0d-080796534bc3	17	46113318	46286804	108	-0.2889
32501a93-0568-4d98-ba0d-080796534bc3	17	46323701	62979274	9688	0.0009
32501a93-0568-4d98-ba0d-080796534bc3	17	62979474	63002165	12	0.713
32501a93-0568-4d98-ba0d-080796534bc3	17	63014897	83091923	11878	-0.0065
32501a93-0568-4d98-ba0d-080796534bc3	18	48133	42471713	24021	-0.0052
32501a93-0568-4d98-ba0d-080796534bc3	18	42476604	42477506	24	-0.4811
32501a93-0568-4d98-ba0d-080796534bc3	18	42477802	53680839	7675	-0.0044
32501a93-0568-4d98-ba0d-080796534bc3	18	53681183	53683207	3	-1.2305
32501a93-0568-4d98-ba0d-080796534bc3	18	53684270	66240197	8744	-0.0015
32501a93-0568-4d98-ba0d-080796534bc3	18	66240359	66244352	9	-0.8536
32501a93-0568-4d98-ba0d-080796534bc3	18	66244639	67221302	607	0.0112
32501a93-0568-4d98-ba0d-080796534bc3	18	67222897	67226988	5	-0.9871
32501a93-0568-4d98-ba0d-080796534bc3	18	67228533	71486543	3154	-0.001
32501a93-0568-4d98-ba0d-080796534bc3	18	71486902	72845352	1036	0.053
32501a93-0568-4d98-ba0d-080796534bc3	18	72846884	80257174	5468	-0.0108
32501a93-0568-4d98-ba0d-080796534bc3	19	90910	35358420	16705	0.0056
32501a93-0568-4d98-ba0d-080796534bc3	19	35364451	35370946	21	-0.6942
32501a93-0568-4d98-ba0d-080796534bc3	19	35375842	40560555	2633	0.0078
32501a93-0568-4d98-ba0d-080796534bc3	19	40563025	40565917	3	1.0161
32501a93-0568-4d98-ba0d-080796534bc3	19	40571595	40839253	133	-0.0006
32501a93-0568-4d98-ba0d-080796534bc3	19	40845091	40870114	24	-0.9478
32501a93-0568-4d98-ba0d-080796534bc3	19	40886250	42878962	928	-0.002
32501a93-0568-4d98-ba0d-080796534bc3	19	42879062	43198881	147	-0.1443
32501a93-0568-4d98-ba0d-080796534bc3	19	43199352	43252085	21	-0.7434
32501a93-0568-4d98-ba0d-080796534bc3	19	43262507	45655255	1319	0.0043
32501a93-0568-4d98-ba0d-080796534bc3	19	45655936	45657037	2	-1.224
32501a93-0568-4d98-ba0d-080796534bc3	19	45660108	51628560	2825	0.0044
32501a93-0568-4d98-ba0d-080796534bc3	19	51639099	51644944	11	-0.8731
32501a93-0568-4d98-ba0d-080796534bc3	19	51651652	54226378	1735	0.0016
32501a93-0568-4d98-ba0d-080796534bc3	19	54226396	54237443	13	0.6176
32501a93-0568-4d98-ba0d-080796534bc3	19	54249482	54801157	280	0.0329
32501a93-0568-4d98-ba0d-080796534bc3	19	54801545	54802362	2	-1.6816
32501a93-0568-4d98-ba0d-080796534bc3	19	54802832	54866553	28	-0.3023
32501a93-0568-4d98-ba0d-080796534bc3	19	54866877	56694503	1123	-0.0086
32501a93-0568-4d98-ba0d-080796534bc3	19	56699418	56700143	4	-0.8324
32501a93-0568-4d98-ba0d-080796534bc3	19	56705460	58557346	1135	0.0064
32501a93-0568-4d98-ba0d-080796534bc3	19	58559684	58586487	15	-0.2371
32501a93-0568-4d98-ba0d-080796534bc3	20	80664	1580353	1203	-0.0113
32501a93-0568-4d98-ba0d-080796534bc3	20	1580934	1609611	37	1.4209
32501a93-0568-4d98-ba0d-080796534bc3	20	1609809	26324943	18778	-0.0003
32501a93-0568-4d98-ba0d-080796534bc3	20	30185676	30271154	16	-0.6451
32501a93-0568-4d98-ba0d-080796534bc3	20	30293217	64240305	22313	0.0023
32501a93-0568-4d98-ba0d-080796534bc3	20	64240599	64240906	2	-1.4475
32501a93-0568-4d98-ba0d-080796534bc3	20	64242906	64282468	29	0.0712
32501a93-0568-4d98-ba0d-080796534bc3	20	64284215	64324800	7	-0.5943
32501a93-0568-4d98-ba0d-080796534bc3	21	10354168	13160229	109	-0.0119
32501a93-0568-4d98-ba0d-080796534bc3	21	13166157	13189617	5	-0.8998
32501a93-0568-4d98-ba0d-080796534bc3	21	13197963	13583316	155	-0.0085
32501a93-0568-4d98-ba0d-080796534bc3	21	13612103	13833696	13	-0.5539
32501a93-0568-4d98-ba0d-080796534bc3	21	13833744	22278814	6017	-0.0032
32501a93-0568-4d98-ba0d-080796534bc3	21	22283580	22292338	9	-1.0776
32501a93-0568-4d98-ba0d-080796534bc3	21	22294679	35125980	9353	0.0104
32501a93-0568-4d98-ba0d-080796534bc3	21	35128446	46677045	8205	-0.0126
32501a93-0568-4d98-ba0d-080796534bc3	22	15294547	23987520	4393	-0.0203
32501a93-0568-4d98-ba0d-080796534bc3	22	23988078	23989773	2	-2.9173
32501a93-0568-4d98-ba0d-080796534bc3	22	23990431	48896637	17654	0
32501a93-0568-4d98-ba0d-080796534bc3	22	48898393	50796027	1223	-0.0519
32501a93-0568-4d98-ba0d-080796534bc3	X	251810	5562401	2107	-0.0089
32501a93-0568-4d98-ba0d-080796534bc3	X	5566157	5578095	13	-0.8592
32501a93-0568-4d98-ba0d-080796534bc3	X	5578194	144344249	74617	0.0006
32501a93-0568-4d98-ba0d-080796534bc3	X	144347283	144362291	19	0.5366
32501a93-0568-4d98-ba0d-080796534bc3	X	144368472	155952689	6890	0.0063
32501a93-0568-4d98-ba0d-080796534bc3	Y	2782397	6233384	783	-2.6196
32501a93-0568-4d98-ba0d-080796534bc3	Y	6249869	13478396	2481	-2.9281
32501a93-0568-4d98-ba0d-080796534bc3	Y	13478462	13482643	3	-7.6487
32501a93-0568-4d98-ba0d-080796534bc3	Y	13483009	17058562	1755	-2.9288
32501a93-0568-4d98-ba0d-080796534bc3	Y	17067455	17067660	3	-7.6945
32501a93-0568-4d98-ba0d-080796534bc3	Y	17070391	25971733	1442	-2.9839
32501a93-0568-4d98-ba0d-080796534bc3	Y	26077669	56872112	172	-2.6315
