Sample	Chromosome	Start	End	Num_Probes	Segment_Mean
BUBBY_p_TCGA_b89_105_SNP_N_GenomeWideSNP_6_D02_777404	1	3218610	247813706	129103	3e-04
BUBBY_p_TCGA_b89_105_SNP_N_GenomeWideSNP_6_D02_777404	2	484222	60191884	35031	-0.0028
BUBBY_p_TCGA_b89_105_SNP_N_GenomeWideSNP_6_D02_777404	2	60192658	60204569	10	-0.4989
BUBBY_p_TCGA_b89_105_SNP_N_GenomeWideSNP_6_D02_777404	2	60206554	73533620	7690	0.003
BUBBY_p_TCGA_b89_105_SNP_N_GenomeWideSNP_6_D02_777404	2	73539603	73539827	2	-1.8383
BUBBY_p_TCGA_b89_105_SNP_N_GenomeWideSNP_6_D02_777404	2	73541833	126810801	23067	-0.0043
BUBBY_p_TCGA_b89_105_SNP_N_GenomeWideSNP_6_D02_777404	2	126817822	126819680	5	-1.1001
BUBBY_p_TCGA_b89_105_SNP_N_GenomeWideSNP_6_D02_777404	2	126820520	170762566	24394	-0.0039
BUBBY_p_TCGA_b89_105_SNP_N_GenomeWideSNP_6_D02_777404	2	170767855	170776623	2	-1.3242
BUBBY_p_TCGA_b89_105_SNP_N_GenomeWideSNP_6_D02_777404	2	170786160	174326959	2294	0.0031
BUBBY_p_TCGA_b89_105_SNP_N_GenomeWideSNP_6_D02_777404	2	174329983	174330660	2	-1.4273
BUBBY_p_TCGA_b89_105_SNP_N_GenomeWideSNP_6_D02_777404	2	174331119	192791205	10054	-0.0031
BUBBY_p_TCGA_b89_105_SNP_N_GenomeWideSNP_6_D02_777404	2	192791554	192793535	2	-1.2668
BUBBY_p_TCGA_b89_105_SNP_N_GenomeWideSNP_6_D02_777404	2	192794059	199452811	2956	-0.0061
BUBBY_p_TCGA_b89_105_SNP_N_GenomeWideSNP_6_D02_777404	2	199456782	199470519	10	-0.5887
BUBBY_p_TCGA_b89_105_SNP_N_GenomeWideSNP_6_D02_777404	2	199474557	216855473	10175	-0.0039
BUBBY_p_TCGA_b89_105_SNP_N_GenomeWideSNP_6_D02_777404	2	216858851	216867363	12	-1.3172
BUBBY_p_TCGA_b89_105_SNP_N_GenomeWideSNP_6_D02_777404	2	216871480	242476062	15564	-0.0078
BUBBY_p_TCGA_b89_105_SNP_N_GenomeWideSNP_6_D02_777404	3	2212571	14426941	7348	-0.4522
BUBBY_p_TCGA_b89_105_SNP_N_GenomeWideSNP_6_D02_777404	3	14427076	14428123	3	-2.0143
BUBBY_p_TCGA_b89_105_SNP_N_GenomeWideSNP_6_D02_777404	3	14431461	51440444	20922	-0.4402
BUBBY_p_TCGA_b89_105_SNP_N_GenomeWideSNP_6_D02_777404	3	51444314	51549858	38	-0.0523
BUBBY_p_TCGA_b89_105_SNP_N_GenomeWideSNP_6_D02_777404	3	51553389	54488324	1558	-0.4424
BUBBY_p_TCGA_b89_105_SNP_N_GenomeWideSNP_6_D02_777404	3	54491934	54611753	93	0.0036
BUBBY_p_TCGA_b89_105_SNP_N_GenomeWideSNP_6_D02_777404	3	54612023	54673383	59	-0.3866
BUBBY_p_TCGA_b89_105_SNP_N_GenomeWideSNP_6_D02_777404	3	54676779	54814576	104	-0.0315
BUBBY_p_TCGA_b89_105_SNP_N_GenomeWideSNP_6_D02_777404	3	54815628	57532024	1927	-0.445
BUBBY_p_TCGA_b89_105_SNP_N_GenomeWideSNP_6_D02_777404	3	57545330	133992225	41623	0.001
BUBBY_p_TCGA_b89_105_SNP_N_GenomeWideSNP_6_D02_777404	3	133992299	133992421	2	-1.7136
BUBBY_p_TCGA_b89_105_SNP_N_GenomeWideSNP_6_D02_777404	3	133992740	139635206	2957	0.0085
BUBBY_p_TCGA_b89_105_SNP_N_GenomeWideSNP_6_D02_777404	3	139635627	139635793	2	-1.3581
BUBBY_p_TCGA_b89_105_SNP_N_GenomeWideSNP_6_D02_777404	3	139636462	197538677	29671	0.0013
BUBBY_p_TCGA_b89_105_SNP_N_GenomeWideSNP_6_D02_777404	4	1053934	10869073	5184	-0.0025
BUBBY_p_TCGA_b89_105_SNP_N_GenomeWideSNP_6_D02_777404	4	10869785	10869902	2	-1.681
BUBBY_p_TCGA_b89_105_SNP_N_GenomeWideSNP_6_D02_777404	4	10874769	145485915	74442	-0.0014
BUBBY_p_TCGA_b89_105_SNP_N_GenomeWideSNP_6_D02_777404	4	145485987	145507949	2	-2.1946
BUBBY_p_TCGA_b89_105_SNP_N_GenomeWideSNP_6_D02_777404	4	145510403	188763651	23093	-0.0041
BUBBY_p_TCGA_b89_105_SNP_N_GenomeWideSNP_6_D02_777404	5	914233	97236695	51812	0.0014
BUBBY_p_TCGA_b89_105_SNP_N_GenomeWideSNP_6_D02_777404	5	97241462	98310671	584	0.3313
BUBBY_p_TCGA_b89_105_SNP_N_GenomeWideSNP_6_D02_777404	5	98312884	98476808	103	-0.031
BUBBY_p_TCGA_b89_105_SNP_N_GenomeWideSNP_6_D02_777404	5	98479180	180360469	47994	0.3397
BUBBY_p_TCGA_b89_105_SNP_N_GenomeWideSNP_6_D02_777404	6	1014281	19819908	13222	0.0013
BUBBY_p_TCGA_b89_105_SNP_N_GenomeWideSNP_6_D02_777404	6	19821326	19823238	2	-1.9382
BUBBY_p_TCGA_b89_105_SNP_N_GenomeWideSNP_6_D02_777404	6	19824971	170903919	83250	-0.0044
BUBBY_p_TCGA_b89_105_SNP_N_GenomeWideSNP_6_D02_777404	7	705284	119452195	60602	0.0011
BUBBY_p_TCGA_b89_105_SNP_N_GenomeWideSNP_6_D02_777404	7	119455189	119456275	2	-1.4014
BUBBY_p_TCGA_b89_105_SNP_N_GenomeWideSNP_6_D02_777404	7	119456962	158385118	20709	0.0039
BUBBY_p_TCGA_b89_105_SNP_N_GenomeWideSNP_6_D02_777404	8	617667	20437948	11075	-0.001
BUBBY_p_TCGA_b89_105_SNP_N_GenomeWideSNP_6_D02_777404	8	20439647	20439761	3	-1.1281
BUBBY_p_TCGA_b89_105_SNP_N_GenomeWideSNP_6_D02_777404	8	20441920	47673617	13766	-0.0045
BUBBY_p_TCGA_b89_105_SNP_N_GenomeWideSNP_6_D02_777404	8	47674609	47674794	2	-1.7065
BUBBY_p_TCGA_b89_105_SNP_N_GenomeWideSNP_6_D02_777404	8	47678933	59958579	6925	-0.0016
BUBBY_p_TCGA_b89_105_SNP_N_GenomeWideSNP_6_D02_777404	8	59961589	59964528	2	-1.1736
BUBBY_p_TCGA_b89_105_SNP_N_GenomeWideSNP_6_D02_777404	8	59965200	84959054	14339	-0.0015
BUBBY_p_TCGA_b89_105_SNP_N_GenomeWideSNP_6_D02_777404	8	84959471	84962337	2	-1.6005
BUBBY_p_TCGA_b89_105_SNP_N_GenomeWideSNP_6_D02_777404	8	84965998	130779694	26875	0.0014
BUBBY_p_TCGA_b89_105_SNP_N_GenomeWideSNP_6_D02_777404	8	130784732	130784857	4	-0.9297
BUBBY_p_TCGA_b89_105_SNP_N_GenomeWideSNP_6_D02_777404	8	130786737	145232496	8526	0.0024
BUBBY_p_TCGA_b89_105_SNP_N_GenomeWideSNP_6_D02_777404	9	789932	71733668	23945	-1e-04
BUBBY_p_TCGA_b89_105_SNP_N_GenomeWideSNP_6_D02_777404	9	71740171	71742725	3	1.1527
BUBBY_p_TCGA_b89_105_SNP_N_GenomeWideSNP_6_D02_777404	9	71746053	72142700	277	-0.0238
BUBBY_p_TCGA_b89_105_SNP_N_GenomeWideSNP_6_D02_777404	9	72147208	72149475	6	-1.2598
BUBBY_p_TCGA_b89_105_SNP_N_GenomeWideSNP_6_D02_777404	9	72153497	140938752	43762	-0.0014
BUBBY_p_TCGA_b89_105_SNP_N_GenomeWideSNP_6_D02_777404	10	415240	89749455	52372	0
BUBBY_p_TCGA_b89_105_SNP_N_GenomeWideSNP_6_D02_777404	10	89755075	89757640	7	-0.9189
BUBBY_p_TCGA_b89_105_SNP_N_GenomeWideSNP_6_D02_777404	10	89757949	135225087	28472	0.0012
BUBBY_p_TCGA_b89_105_SNP_N_GenomeWideSNP_6_D02_777404	11	456120	19505564	11854	0.0015
BUBBY_p_TCGA_b89_105_SNP_N_GenomeWideSNP_6_D02_777404	11	19507082	19507154	2	-1.5039
BUBBY_p_TCGA_b89_105_SNP_N_GenomeWideSNP_6_D02_777404	11	19507478	134142530	65377	-0.0024
BUBBY_p_TCGA_b89_105_SNP_N_GenomeWideSNP_6_D02_777404	12	889902	73521180	39156	0.0012
BUBBY_p_TCGA_b89_105_SNP_N_GenomeWideSNP_6_D02_777404	12	73522228	73525657	4	-1.0698
BUBBY_p_TCGA_b89_105_SNP_N_GenomeWideSNP_6_D02_777404	12	73526055	133161346	34754	-3e-04
BUBBY_p_TCGA_b89_105_SNP_N_GenomeWideSNP_6_D02_777404	13	19450806	114987458	56650	-2e-04
BUBBY_p_TCGA_b89_105_SNP_N_GenomeWideSNP_6_D02_777404	14	20501368	105988038	49421	2e-04
BUBBY_p_TCGA_b89_105_SNP_N_GenomeWideSNP_6_D02_777404	15	23687685	101884307	44520	0.0029
BUBBY_p_TCGA_b89_105_SNP_N_GenomeWideSNP_6_D02_777404	16	653459	89379936	40793	0.0019
BUBBY_p_TCGA_b89_105_SNP_N_GenomeWideSNP_6_D02_777404	17	987221	16840889	7904	-0.0015
BUBBY_p_TCGA_b89_105_SNP_N_GenomeWideSNP_6_D02_777404	17	16848920	16849479	2	-1.3704
BUBBY_p_TCGA_b89_105_SNP_N_GenomeWideSNP_6_D02_777404	17	16851138	80917016	29065	0.0044
BUBBY_p_TCGA_b89_105_SNP_N_GenomeWideSNP_6_D02_777404	18	329586	47752786	26032	0.0063
BUBBY_p_TCGA_b89_105_SNP_N_GenomeWideSNP_6_D02_777404	18	47752943	47753052	2	-1.3428
BUBBY_p_TCGA_b89_105_SNP_N_GenomeWideSNP_6_D02_777404	18	47753469	77109240	16614	0.0049
BUBBY_p_TCGA_b89_105_SNP_N_GenomeWideSNP_6_D02_777404	19	284018	58878226	23940	0.0066
BUBBY_p_TCGA_b89_105_SNP_N_GenomeWideSNP_6_D02_777404	20	455764	62219837	37266	0.0013
BUBBY_p_TCGA_b89_105_SNP_N_GenomeWideSNP_6_D02_777404	21	15347621	47241916	20356	-0.0012
BUBBY_p_TCGA_b89_105_SNP_N_GenomeWideSNP_6_D02_777404	21	47242046	47242196	2	-1.2493
BUBBY_p_TCGA_b89_105_SNP_N_GenomeWideSNP_6_D02_777404	21	47242256	47678774	223	-0.026
BUBBY_p_TCGA_b89_105_SNP_N_GenomeWideSNP_6_D02_777404	22	17423930	49331012	16920	0.0048
BUBBY_p_TCGA_b89_105_SNP_N_GenomeWideSNP_6_D02_777404	X	3157107	154905589	63551	0.0066
