GDC_Aliquot	Chromosome	Start	End	Num_Probes	Segment_Mean
0bf74883-1088-4aeb-86d8-d4be74eaceed	1	62920	462795	18	-0.1834
0bf74883-1088-4aeb-86d8-d4be74eaceed	1	462894	25277975	13933	-0.5931
0bf74883-1088-4aeb-86d8-d4be74eaceed	1	25278567	25284961	3	-2.9303
0bf74883-1088-4aeb-86d8-d4be74eaceed	1	25289805	25336819	11	-1.1486
0bf74883-1088-4aeb-86d8-d4be74eaceed	1	25336853	28774280	1417	-0.5567
0bf74883-1088-4aeb-86d8-d4be74eaceed	1	28779966	28783720	4	-2.3294
0bf74883-1088-4aeb-86d8-d4be74eaceed	1	28791468	47599666	10662	-0.5912
0bf74883-1088-4aeb-86d8-d4be74eaceed	1	47605484	47605505	2	-2.9364
0bf74883-1088-4aeb-86d8-d4be74eaceed	1	47605676	54624527	3826	-0.6111
0bf74883-1088-4aeb-86d8-d4be74eaceed	1	54627618	54628716	2	-3.0903
0bf74883-1088-4aeb-86d8-d4be74eaceed	1	54630777	72302735	12669	-0.6308
0bf74883-1088-4aeb-86d8-d4be74eaceed	1	72302815	72346221	48	0.2213
0bf74883-1088-4aeb-86d8-d4be74eaceed	1	72346757	105476748	20834	-0.6275
0bf74883-1088-4aeb-86d8-d4be74eaceed	1	105476861	105479753	13	-2.5243
0bf74883-1088-4aeb-86d8-d4be74eaceed	1	105481433	118568114	8644	-0.621
0bf74883-1088-4aeb-86d8-d4be74eaceed	1	118574544	118574667	2	-3.1854
0bf74883-1088-4aeb-86d8-d4be74eaceed	1	118574851	121705338	1077	-0.6
0bf74883-1088-4aeb-86d8-d4be74eaceed	1	143459641	152787202	2625	0.1008
0bf74883-1088-4aeb-86d8-d4be74eaceed	1	152789447	152795783	32	0.5879
0bf74883-1088-4aeb-86d8-d4be74eaceed	1	152795805	196737736	29315	0.0891
0bf74883-1088-4aeb-86d8-d4be74eaceed	1	196740093	196843377	66	0.4257
0bf74883-1088-4aeb-86d8-d4be74eaceed	1	196843400	196846661	2	-3.6191
0bf74883-1088-4aeb-86d8-d4be74eaceed	1	196847600	247680410	34980	0.0846
0bf74883-1088-4aeb-86d8-d4be74eaceed	1	247686560	247693972	2	2.047
0bf74883-1088-4aeb-86d8-d4be74eaceed	1	247694026	248930189	686	0.0759
0bf74883-1088-4aeb-86d8-d4be74eaceed	2	12784	97357159	60761	0.0754
0bf74883-1088-4aeb-86d8-d4be74eaceed	2	97359380	97563117	19	-0.635
0bf74883-1088-4aeb-86d8-d4be74eaceed	2	97570839	179553661	49743	0.0757
0bf74883-1088-4aeb-86d8-d4be74eaceed	2	179553763	179557142	23	-0.9141
0bf74883-1088-4aeb-86d8-d4be74eaceed	2	179557161	183206853	2311	0.0871
0bf74883-1088-4aeb-86d8-d4be74eaceed	2	183209675	183229270	14	-0.6797
0bf74883-1088-4aeb-86d8-d4be74eaceed	2	183229534	192900230	5576	0.0836
0bf74883-1088-4aeb-86d8-d4be74eaceed	2	192900659	192901403	2	-1.9121
0bf74883-1088-4aeb-86d8-d4be74eaceed	2	192903583	236894723	27425	0.0783
0bf74883-1088-4aeb-86d8-d4be74eaceed	2	236894890	236895339	5	-0.9809
0bf74883-1088-4aeb-86d8-d4be74eaceed	2	236895449	242147305	3058	0.0849
0bf74883-1088-4aeb-86d8-d4be74eaceed	3	20930	37933329	27525	0.0823
0bf74883-1088-4aeb-86d8-d4be74eaceed	3	37934624	37945615	23	-0.7735
0bf74883-1088-4aeb-86d8-d4be74eaceed	3	37945651	47437019	5817	0.0899
0bf74883-1088-4aeb-86d8-d4be74eaceed	3	47450332	47451230	2	-2.4386
0bf74883-1088-4aeb-86d8-d4be74eaceed	3	47455724	75366712	19103	0.0849
0bf74883-1088-4aeb-86d8-d4be74eaceed	3	75372019	75620279	79	-0.5413
0bf74883-1088-4aeb-86d8-d4be74eaceed	3	75625217	89620865	7826	0.0965
0bf74883-1088-4aeb-86d8-d4be74eaceed	3	89622183	89624990	8	-0.911
0bf74883-1088-4aeb-86d8-d4be74eaceed	3	89629449	99218940	3088	0.0884
0bf74883-1088-4aeb-86d8-d4be74eaceed	3	99225614	99230212	27	-0.6215
0bf74883-1088-4aeb-86d8-d4be74eaceed	3	99230225	130067443	18659	0.0856
0bf74883-1088-4aeb-86d8-d4be74eaceed	3	130067531	130087393	30	0.781
0bf74883-1088-4aeb-86d8-d4be74eaceed	3	130088081	136300257	4018	0.0759
0bf74883-1088-4aeb-86d8-d4be74eaceed	3	136304109	136306584	2	-3.0493
0bf74883-1088-4aeb-86d8-d4be74eaceed	3	136319699	143566276	4322	0.0856
0bf74883-1088-4aeb-86d8-d4be74eaceed	3	143566923	143567132	5	1.1869
0bf74883-1088-4aeb-86d8-d4be74eaceed	3	143567959	152617000	5711	0.0741
0bf74883-1088-4aeb-86d8-d4be74eaceed	3	152618656	152638413	51	-0.6752
0bf74883-1088-4aeb-86d8-d4be74eaceed	3	152638694	162790404	6092	0.0852
0bf74883-1088-4aeb-86d8-d4be74eaceed	3	162790480	162908192	70	0.7548
0bf74883-1088-4aeb-86d8-d4be74eaceed	3	162908207	176165167	8123	0.0802
0bf74883-1088-4aeb-86d8-d4be74eaceed	3	176165961	176196691	35	-1.006
0bf74883-1088-4aeb-86d8-d4be74eaceed	3	176198433	180753918	2806	0.0851
0bf74883-1088-4aeb-86d8-d4be74eaceed	3	180755037	180759715	4	-1.6939
0bf74883-1088-4aeb-86d8-d4be74eaceed	3	180761369	198169247	10827	0.0817
0bf74883-1088-4aeb-86d8-d4be74eaceed	4	68929	9462813	5137	0.0732
0bf74883-1088-4aeb-86d8-d4be74eaceed	4	9463248	9477699	4	-1.336
0bf74883-1088-4aeb-86d8-d4be74eaceed	4	9484440	10208766	535	0.0721
0bf74883-1088-4aeb-86d8-d4be74eaceed	4	10221792	10227684	11	-1.094
0bf74883-1088-4aeb-86d8-d4be74eaceed	4	10228006	31908723	15280	0.0819
0bf74883-1088-4aeb-86d8-d4be74eaceed	4	31916251	32387742	312	0.5585
0bf74883-1088-4aeb-86d8-d4be74eaceed	4	32392452	32398977	5	-0.8602
0bf74883-1088-4aeb-86d8-d4be74eaceed	4	32399891	32624053	146	0.0655
0bf74883-1088-4aeb-86d8-d4be74eaceed	4	32626156	32673944	22	0.6608
0bf74883-1088-4aeb-86d8-d4be74eaceed	4	32679708	34785527	1175	0.0852
0bf74883-1088-4aeb-86d8-d4be74eaceed	4	34785541	34804618	20	-0.6875
0bf74883-1088-4aeb-86d8-d4be74eaceed	4	34806721	34812668	5	0.53
0bf74883-1088-4aeb-86d8-d4be74eaceed	4	34813937	34817589	6	-0.5878
0bf74883-1088-4aeb-86d8-d4be74eaceed	4	34819718	35064731	155	0.0799
0bf74883-1088-4aeb-86d8-d4be74eaceed	4	35065337	35253449	136	0.5368
0bf74883-1088-4aeb-86d8-d4be74eaceed	4	35253794	62080892	15230	0.0858
0bf74883-1088-4aeb-86d8-d4be74eaceed	4	62085697	62158678	35	0.5289
0bf74883-1088-4aeb-86d8-d4be74eaceed	4	62159957	62185749	15	-0.0259
0bf74883-1088-4aeb-86d8-d4be74eaceed	4	62189326	62217645	23	0.5716
0bf74883-1088-4aeb-86d8-d4be74eaceed	4	62217814	62632790	244	0.0977
0bf74883-1088-4aeb-86d8-d4be74eaceed	4	62638820	63178682	299	0.5917
0bf74883-1088-4aeb-86d8-d4be74eaceed	4	63188175	68478894	3235	-0.6494
0bf74883-1088-4aeb-86d8-d4be74eaceed	4	68494770	68663241	73	0.0416
0bf74883-1088-4aeb-86d8-d4be74eaceed	4	68671434	69523998	474	-0.6518
0bf74883-1088-4aeb-86d8-d4be74eaceed	4	69524143	69525061	2	-2.9737
0bf74883-1088-4aeb-86d8-d4be74eaceed	4	69526170	103824414	20791	-0.6364
0bf74883-1088-4aeb-86d8-d4be74eaceed	4	103830473	103830480	5	0.9709
0bf74883-1088-4aeb-86d8-d4be74eaceed	4	103830487	107147256	1863	-0.6416
0bf74883-1088-4aeb-86d8-d4be74eaceed	4	107150362	107150471	2	1.6947
0bf74883-1088-4aeb-86d8-d4be74eaceed	4	107150731	172068280	39321	-0.6366
0bf74883-1088-4aeb-86d8-d4be74eaceed	4	172068314	172068382	5	-2.5858
0bf74883-1088-4aeb-86d8-d4be74eaceed	4	172074828	190106768	12028	-0.6601
0bf74883-1088-4aeb-86d8-d4be74eaceed	5	15532	19584	3	-0.1153
0bf74883-1088-4aeb-86d8-d4be74eaceed	5	21963	996958	410	0.5174
0bf74883-1088-4aeb-86d8-d4be74eaceed	5	1002374	1255679	93	0.078
0bf74883-1088-4aeb-86d8-d4be74eaceed	5	1255811	3193287	1657	0.5324
0bf74883-1088-4aeb-86d8-d4be74eaceed	5	3193984	3246547	65	-0.0039
0bf74883-1088-4aeb-86d8-d4be74eaceed	5	3249853	4351092	962	0.5219
0bf74883-1088-4aeb-86d8-d4be74eaceed	5	4352164	4387487	30	0.141
0bf74883-1088-4aeb-86d8-d4be74eaceed	5	4387544	4811746	330	0.5303
0bf74883-1088-4aeb-86d8-d4be74eaceed	5	4815094	12785150	6605	0.0666
0bf74883-1088-4aeb-86d8-d4be74eaceed	5	12790757	12857021	19	0.8028
0bf74883-1088-4aeb-86d8-d4be74eaceed	5	12857227	12891278	8	-0.4727
0bf74883-1088-4aeb-86d8-d4be74eaceed	5	12892020	17601444	3154	0.0734
0bf74883-1088-4aeb-86d8-d4be74eaceed	5	17601619	17625524	10	-0.94
0bf74883-1088-4aeb-86d8-d4be74eaceed	5	17629411	21376735	2262	0.0686
0bf74883-1088-4aeb-86d8-d4be74eaceed	5	21377730	21377744	2	-1.9884
0bf74883-1088-4aeb-86d8-d4be74eaceed	5	21385957	21449167	44	-0.012
0bf74883-1088-4aeb-86d8-d4be74eaceed	5	21451091	21452329	5	-2.3658
0bf74883-1088-4aeb-86d8-d4be74eaceed	5	21452387	32102625	6528	0.083
0bf74883-1088-4aeb-86d8-d4be74eaceed	5	32106978	32152987	34	0.6846
0bf74883-1088-4aeb-86d8-d4be74eaceed	5	32155447	46251204	8329	0.0829
0bf74883-1088-4aeb-86d8-d4be74eaceed	5	46270906	46273400	8	-2.4714
0bf74883-1088-4aeb-86d8-d4be74eaceed	5	46278110	168528296	73565	0.0826
0bf74883-1088-4aeb-86d8-d4be74eaceed	5	168530549	168552400	18	-0.9202
0bf74883-1088-4aeb-86d8-d4be74eaceed	5	168556342	181363319	8273	0.0886
0bf74883-1088-4aeb-86d8-d4be74eaceed	6	149661	5488101	4395	0.0825
0bf74883-1088-4aeb-86d8-d4be74eaceed	6	5488480	5488747	2	-1.8778
0bf74883-1088-4aeb-86d8-d4be74eaceed	6	5488968	29869411	17174	0.0812
0bf74883-1088-4aeb-86d8-d4be74eaceed	6	29869537	29881490	14	1.053
0bf74883-1088-4aeb-86d8-d4be74eaceed	6	29882419	29971000	43	-0.1465
0bf74883-1088-4aeb-86d8-d4be74eaceed	6	29972483	32460285	1109	0.1646
0bf74883-1088-4aeb-86d8-d4be74eaceed	6	32460338	54066353	13735	0.0868
0bf74883-1088-4aeb-86d8-d4be74eaceed	6	54066432	54067057	6	-2.2898
0bf74883-1088-4aeb-86d8-d4be74eaceed	6	54070550	57430393	1987	0.0929
0bf74883-1088-4aeb-86d8-d4be74eaceed	6	57434226	61128391	470	-0.0153
0bf74883-1088-4aeb-86d8-d4be74eaceed	6	61135597	64627049	1756	0.0915
0bf74883-1088-4aeb-86d8-d4be74eaceed	6	64637651	64639099	2	-2.0465
0bf74883-1088-4aeb-86d8-d4be74eaceed	6	64640883	76730151	7910	0.0888
0bf74883-1088-4aeb-86d8-d4be74eaceed	6	76730331	76758906	25	-0.6245
0bf74883-1088-4aeb-86d8-d4be74eaceed	6	76758921	78253172	969	0.088
0bf74883-1088-4aeb-86d8-d4be74eaceed	6	78259348	78332056	116	-0.5263
0bf74883-1088-4aeb-86d8-d4be74eaceed	6	78332092	103290101	15407	0.0879
0bf74883-1088-4aeb-86d8-d4be74eaceed	6	103290164	103314186	44	0.6589
0bf74883-1088-4aeb-86d8-d4be74eaceed	6	103317795	121457571	11002	0.0921
0bf74883-1088-4aeb-86d8-d4be74eaceed	6	121457980	121472189	11	-0.518
0bf74883-1088-4aeb-86d8-d4be74eaceed	6	121472405	162295304	27120	0.0897
0bf74883-1088-4aeb-86d8-d4be74eaceed	6	162300775	162493245	176	0.6319
0bf74883-1088-4aeb-86d8-d4be74eaceed	6	162496645	170741917	5692	0.0904
0bf74883-1088-4aeb-86d8-d4be74eaceed	7	43355	155066	89	0.1479
0bf74883-1088-4aeb-86d8-d4be74eaceed	7	155090	158626	9	-0.8474
0bf74883-1088-4aeb-86d8-d4be74eaceed	7	161442	54318812	38238	0.0823
0bf74883-1088-4aeb-86d8-d4be74eaceed	7	54318816	54318824	5	3.1212
0bf74883-1088-4aeb-86d8-d4be74eaceed	7	54325795	57061965	1620	0.0876
0bf74883-1088-4aeb-86d8-d4be74eaceed	7	57074459	57086717	2	-1.7803
0bf74883-1088-4aeb-86d8-d4be74eaceed	7	57088013	70955452	4485	0.0527
0bf74883-1088-4aeb-86d8-d4be74eaceed	7	70958264	70961155	2	-2.7586
0bf74883-1088-4aeb-86d8-d4be74eaceed	7	70963257	91578827	11795	0.0776
0bf74883-1088-4aeb-86d8-d4be74eaceed	7	91589569	91589817	3	-1.3401
0bf74883-1088-4aeb-86d8-d4be74eaceed	7	91595717	109793741	10425	0.0878
0bf74883-1088-4aeb-86d8-d4be74eaceed	7	109797035	109797700	14	0.9836
0bf74883-1088-4aeb-86d8-d4be74eaceed	7	109797715	125904278	9674	0.0828
0bf74883-1088-4aeb-86d8-d4be74eaceed	7	125905089	126024840	83	-0.8817
0bf74883-1088-4aeb-86d8-d4be74eaceed	7	126025723	126406489	274	0.1023
0bf74883-1088-4aeb-86d8-d4be74eaceed	7	126406546	126406822	3	2.5391
0bf74883-1088-4aeb-86d8-d4be74eaceed	7	126406823	134100424	4681	0.084
0bf74883-1088-4aeb-86d8-d4be74eaceed	7	134100442	134105690	24	0.5682
0bf74883-1088-4aeb-86d8-d4be74eaceed	7	134110881	142244795	5330	0.0867
0bf74883-1088-4aeb-86d8-d4be74eaceed	7	142245541	142805092	338	0.202
0bf74883-1088-4aeb-86d8-d4be74eaceed	7	142805387	159334314	10372	0.0773
0bf74883-1088-4aeb-86d8-d4be74eaceed	8	81254	3929538	3338	0.0826
0bf74883-1088-4aeb-86d8-d4be74eaceed	8	3929561	3932584	23	-0.8339
0bf74883-1088-4aeb-86d8-d4be74eaceed	8	3933696	7873171	4388	0.0814
0bf74883-1088-4aeb-86d8-d4be74eaceed	8	7886542	7890177	5	-1.3215
0bf74883-1088-4aeb-86d8-d4be74eaceed	8	7919608	8196822	19	0.0936
0bf74883-1088-4aeb-86d8-d4be74eaceed	8	8197738	8234503	4	-1.1195
0bf74883-1088-4aeb-86d8-d4be74eaceed	8	8235660	12323772	3214	0.0856
0bf74883-1088-4aeb-86d8-d4be74eaceed	8	12358500	12376891	10	-1.2729
0bf74883-1088-4aeb-86d8-d4be74eaceed	8	12382326	18407644	5330	0.0751
0bf74883-1088-4aeb-86d8-d4be74eaceed	8	18408647	18413675	4	-2.0977
0bf74883-1088-4aeb-86d8-d4be74eaceed	8	18413877	25118687	5072	0.0659
0bf74883-1088-4aeb-86d8-d4be74eaceed	8	25119021	25122472	14	-1.291
0bf74883-1088-4aeb-86d8-d4be74eaceed	8	25126554	39373140	8982	0.073
0bf74883-1088-4aeb-86d8-d4be74eaceed	8	39378084	39529446	58	-2.7019
0bf74883-1088-4aeb-86d8-d4be74eaceed	8	39530780	40914477	1071	0.0696
0bf74883-1088-4aeb-86d8-d4be74eaceed	8	40920333	40920952	2	-2.0753
0bf74883-1088-4aeb-86d8-d4be74eaceed	8	40926161	111282065	40792	0.0762
0bf74883-1088-4aeb-86d8-d4be74eaceed	8	111282237	111283031	7	-1.9292
0bf74883-1088-4aeb-86d8-d4be74eaceed	8	111288052	116401593	2918	0.0876
0bf74883-1088-4aeb-86d8-d4be74eaceed	8	116403047	130835623	10121	0.5161
0bf74883-1088-4aeb-86d8-d4be74eaceed	8	130839453	130840369	2	-1.3937
0bf74883-1088-4aeb-86d8-d4be74eaceed	8	130842946	143217284	9156	0.5128
0bf74883-1088-4aeb-86d8-d4be74eaceed	8	143217495	143227828	7	-0.5997
0bf74883-1088-4aeb-86d8-d4be74eaceed	8	143227843	145072769	635	0.5358
0bf74883-1088-4aeb-86d8-d4be74eaceed	9	46587	602903	504	-0.1382
0bf74883-1088-4aeb-86d8-d4be74eaceed	9	606699	606961	4	-1.8199
0bf74883-1088-4aeb-86d8-d4be74eaceed	9	607307	5079156	4717	-0.1384
0bf74883-1088-4aeb-86d8-d4be74eaceed	9	5081416	5082995	11	-1.1581
0bf74883-1088-4aeb-86d8-d4be74eaceed	9	5083003	5084575	10	-0.023
0bf74883-1088-4aeb-86d8-d4be74eaceed	9	5084590	5228445	111	0.5135
0bf74883-1088-4aeb-86d8-d4be74eaceed	9	5233728	19389772	12055	-0.1479
0bf74883-1088-4aeb-86d8-d4be74eaceed	9	19399779	19424128	19	-1.6876
0bf74883-1088-4aeb-86d8-d4be74eaceed	9	19427756	24493556	3688	-0.1332
0bf74883-1088-4aeb-86d8-d4be74eaceed	9	24493616	24517684	26	-0.6491
0bf74883-1088-4aeb-86d8-d4be74eaceed	9	24519686	30419130	4431	-0.1365
0bf74883-1088-4aeb-86d8-d4be74eaceed	9	30419944	30563368	89	-1.9255
0bf74883-1088-4aeb-86d8-d4be74eaceed	9	30564599	39588611	5367	-0.135
0bf74883-1088-4aeb-86d8-d4be74eaceed	9	39747848	40189830	9	0.7144
0bf74883-1088-4aeb-86d8-d4be74eaceed	9	40228981	41666811	91	-0.1449
0bf74883-1088-4aeb-86d8-d4be74eaceed	9	41703463	42697878	44	-0.5402
0bf74883-1088-4aeb-86d8-d4be74eaceed	9	42698168	66189025	221	-0.1452
0bf74883-1088-4aeb-86d8-d4be74eaceed	9	66880844	66883464	3	1.4008
0bf74883-1088-4aeb-86d8-d4be74eaceed	9	66901326	77155482	6502	0.0712
0bf74883-1088-4aeb-86d8-d4be74eaceed	9	77155594	77162488	28	0.6804
0bf74883-1088-4aeb-86d8-d4be74eaceed	9	77171212	138116965	41181	0.0845
0bf74883-1088-4aeb-86d8-d4be74eaceed	9	138116981	138200944	35	-0.1075
0bf74883-1088-4aeb-86d8-d4be74eaceed	10	45792	17885034	14779	0.0811
0bf74883-1088-4aeb-86d8-d4be74eaceed	10	17896194	17907840	2	-2.8364
0bf74883-1088-4aeb-86d8-d4be74eaceed	10	17910884	30957581	9330	0.0698
0bf74883-1088-4aeb-86d8-d4be74eaceed	10	30962405	30962797	9	-2.4753
0bf74883-1088-4aeb-86d8-d4be74eaceed	10	30962809	32663409	1052	0.0829
0bf74883-1088-4aeb-86d8-d4be74eaceed	10	32663489	32663561	2	-1.854
0bf74883-1088-4aeb-86d8-d4be74eaceed	10	32663600	46532940	6378	0.0721
0bf74883-1088-4aeb-86d8-d4be74eaceed	10	46538819	46792335	32	-0.4773
0bf74883-1088-4aeb-86d8-d4be74eaceed	10	46792344	57336456	7021	0.0841
0bf74883-1088-4aeb-86d8-d4be74eaceed	10	57336471	57337889	4	1.4257
0bf74883-1088-4aeb-86d8-d4be74eaceed	10	57337904	59162142	1301	0.0844
0bf74883-1088-4aeb-86d8-d4be74eaceed	10	59167378	59169705	3	-1.0846
0bf74883-1088-4aeb-86d8-d4be74eaceed	10	59170158	59597863	293	0.0853
0bf74883-1088-4aeb-86d8-d4be74eaceed	10	59597932	59605153	10	-0.5874
0bf74883-1088-4aeb-86d8-d4be74eaceed	10	59605316	66022240	4437	0.0946
0bf74883-1088-4aeb-86d8-d4be74eaceed	10	66024671	66025419	3	-2.6332
0bf74883-1088-4aeb-86d8-d4be74eaceed	10	66030637	69435858	2076	0.0955
0bf74883-1088-4aeb-86d8-d4be74eaceed	10	69437219	69439138	2	1.9996
0bf74883-1088-4aeb-86d8-d4be74eaceed	10	69439238	81118403	7591	0.0782
0bf74883-1088-4aeb-86d8-d4be74eaceed	10	81121574	81128513	9	-1.1353
0bf74883-1088-4aeb-86d8-d4be74eaceed	10	81130027	87216840	4305	0.0848
0bf74883-1088-4aeb-86d8-d4be74eaceed	10	87269486	87310039	4	1.9127
0bf74883-1088-4aeb-86d8-d4be74eaceed	10	87310988	130450432	29641	0.0766
0bf74883-1088-4aeb-86d8-d4be74eaceed	10	130452402	131099166	599	0.1881
0bf74883-1088-4aeb-86d8-d4be74eaceed	10	131100181	133654968	1406	0.0805
0bf74883-1088-4aeb-86d8-d4be74eaceed	11	198510	4705210	2141	0.0922
0bf74883-1088-4aeb-86d8-d4be74eaceed	11	4705388	4705527	3	-1.3324
0bf74883-1088-4aeb-86d8-d4be74eaceed	11	4705567	5766175	1079	0.0743
0bf74883-1088-4aeb-86d8-d4be74eaceed	11	5766850	5787096	28	-0.4486
0bf74883-1088-4aeb-86d8-d4be74eaceed	11	5787110	18928100	9375	0.0713
0bf74883-1088-4aeb-86d8-d4be74eaceed	11	18928121	18939855	34	0.671
0bf74883-1088-4aeb-86d8-d4be74eaceed	11	18940050	49735950	20939	0.0788
0bf74883-1088-4aeb-86d8-d4be74eaceed	11	49736039	49744972	16	-0.4982
0bf74883-1088-4aeb-86d8-d4be74eaceed	11	49745040	55608547	721	0.0546
0bf74883-1088-4aeb-86d8-d4be74eaceed	11	55608760	55685533	54	-0.5073
0bf74883-1088-4aeb-86d8-d4be74eaceed	11	55686100	82044722	14704	0.0836
0bf74883-1088-4aeb-86d8-d4be74eaceed	11	82046594	82066026	12	-0.6737
0bf74883-1088-4aeb-86d8-d4be74eaceed	11	82073775	101723653	13727	0.085
0bf74883-1088-4aeb-86d8-d4be74eaceed	11	101727129	101727233	4	1.4462
0bf74883-1088-4aeb-86d8-d4be74eaceed	11	101727481	133944296	22784	0.0768
0bf74883-1088-4aeb-86d8-d4be74eaceed	11	133944818	135074876	839	0.1623
0bf74883-1088-4aeb-86d8-d4be74eaceed	12	51460	9477960	6146	0.0826
0bf74883-1088-4aeb-86d8-d4be74eaceed	12	9481274	9575696	24	1.56
0bf74883-1088-4aeb-86d8-d4be74eaceed	12	9582373	11351008	1168	0.0749
0bf74883-1088-4aeb-86d8-d4be74eaceed	12	11351041	11390472	33	0.4839
0bf74883-1088-4aeb-86d8-d4be74eaceed	12	11399258	30087223	13041	0.0822
0bf74883-1088-4aeb-86d8-d4be74eaceed	12	30087238	30090756	15	-0.765
0bf74883-1088-4aeb-86d8-d4be74eaceed	12	30090789	45510655	7838	0.0743
0bf74883-1088-4aeb-86d8-d4be74eaceed	12	45512057	45515754	3	-2.9256
0bf74883-1088-4aeb-86d8-d4be74eaceed	12	45519509	83462761	23314	0.0862
0bf74883-1088-4aeb-86d8-d4be74eaceed	12	83462773	83463815	5	1.4036
0bf74883-1088-4aeb-86d8-d4be74eaceed	12	83463995	130028387	30974	0.0847
0bf74883-1088-4aeb-86d8-d4be74eaceed	12	130034810	130035119	2	2.0076
0bf74883-1088-4aeb-86d8-d4be74eaceed	12	130035265	133201603	1901	0.1042
0bf74883-1088-4aeb-86d8-d4be74eaceed	13	18452809	66598647	31533	0.0809
0bf74883-1088-4aeb-86d8-d4be74eaceed	13	66602087	66603651	2	-2.618
0bf74883-1088-4aeb-86d8-d4be74eaceed	13	66604212	71902850	3365	0.0875
0bf74883-1088-4aeb-86d8-d4be74eaceed	13	71903417	71905409	2	-3.5794
0bf74883-1088-4aeb-86d8-d4be74eaceed	13	71906311	114342922	28970	0.0834
0bf74883-1088-4aeb-86d8-d4be74eaceed	14	18239283	19632043	58	-0.294
0bf74883-1088-4aeb-86d8-d4be74eaceed	14	19637253	22051594	1553	0.0949
0bf74883-1088-4aeb-86d8-d4be74eaceed	14	22053638	22499871	382	0.3035
0bf74883-1088-4aeb-86d8-d4be74eaceed	14	22499949	41141293	11706	0.0862
0bf74883-1088-4aeb-86d8-d4be74eaceed	14	41141487	41168612	11	-0.8858
0bf74883-1088-4aeb-86d8-d4be74eaceed	14	41184774	47227057	3521	0.0791
0bf74883-1088-4aeb-86d8-d4be74eaceed	14	47238133	47248244	9	-1.2348
0bf74883-1088-4aeb-86d8-d4be74eaceed	14	47252721	55460956	5232	0.0876
0bf74883-1088-4aeb-86d8-d4be74eaceed	14	55463414	55570448	72	-0.7115
0bf74883-1088-4aeb-86d8-d4be74eaceed	14	55577482	70473413	9530	0.0863
0bf74883-1088-4aeb-86d8-d4be74eaceed	14	70487432	71119931	382	-0.5392
0bf74883-1088-4aeb-86d8-d4be74eaceed	14	71121828	101536520	20562	-0.6087
0bf74883-1088-4aeb-86d8-d4be74eaceed	14	101536835	106294689	1818	-0.5397
0bf74883-1088-4aeb-86d8-d4be74eaceed	14	106297265	106297273	3	1.5154
0bf74883-1088-4aeb-86d8-d4be74eaceed	14	106297409	106362628	23	-0.7713
0bf74883-1088-4aeb-86d8-d4be74eaceed	14	106364815	106365807	2	-3.197
0bf74883-1088-4aeb-86d8-d4be74eaceed	14	106369985	106877229	269	-0.6636
0bf74883-1088-4aeb-86d8-d4be74eaceed	15	19811075	21975606	176	0.018
0bf74883-1088-4aeb-86d8-d4be74eaceed	15	21997003	22299523	30	-0.7731
0bf74883-1088-4aeb-86d8-d4be74eaceed	15	22385639	24435889	997	0.0478
0bf74883-1088-4aeb-86d8-d4be74eaceed	15	24441663	24473026	26	-0.5564
0bf74883-1088-4aeb-86d8-d4be74eaceed	15	24473449	35866461	7132	0.0855
0bf74883-1088-4aeb-86d8-d4be74eaceed	15	35868822	35869277	2	-2.866
0bf74883-1088-4aeb-86d8-d4be74eaceed	15	35871692	100463841	41905	0.0923
0bf74883-1088-4aeb-86d8-d4be74eaceed	15	100466195	100466389	2	2.1837
0bf74883-1088-4aeb-86d8-d4be74eaceed	15	100466408	101928837	1082	0.1077
0bf74883-1088-4aeb-86d8-d4be74eaceed	16	10777	14887120	11078	0.09
0bf74883-1088-4aeb-86d8-d4be74eaceed	16	14895982	15022400	53	-0.6421
0bf74883-1088-4aeb-86d8-d4be74eaceed	16	15031584	16563603	605	0.1133
0bf74883-1088-4aeb-86d8-d4be74eaceed	16	16569719	16761504	21	-0.7678
0bf74883-1088-4aeb-86d8-d4be74eaceed	16	16764451	18104860	967	0.1181
0bf74883-1088-4aeb-86d8-d4be74eaceed	16	18134261	18615979	19	-1.2798
0bf74883-1088-4aeb-86d8-d4be74eaceed	16	18618085	29268429	6256	0.0797
0bf74883-1088-4aeb-86d8-d4be74eaceed	16	29269203	29272383	5	-1.1058
0bf74883-1088-4aeb-86d8-d4be74eaceed	16	29276882	35237093	1108	0.0857
0bf74883-1088-4aeb-86d8-d4be74eaceed	16	35237121	35526596	165	0.4205
0bf74883-1088-4aeb-86d8-d4be74eaceed	16	35530722	53424105	4557	0.0733
0bf74883-1088-4aeb-86d8-d4be74eaceed	16	53435475	53435551	2	-2.0716
0bf74883-1088-4aeb-86d8-d4be74eaceed	16	53435895	55762598	2012	0.0678
0bf74883-1088-4aeb-86d8-d4be74eaceed	16	55762663	55782734	15	-0.7164
0bf74883-1088-4aeb-86d8-d4be74eaceed	16	55782793	90096867	24826	0.0888
0bf74883-1088-4aeb-86d8-d4be74eaceed	17	150733	18414080	11350	0.0919
0bf74883-1088-4aeb-86d8-d4be74eaceed	17	18452078	18561907	27	-1.6446
0bf74883-1088-4aeb-86d8-d4be74eaceed	17	18565883	36109139	6809	0.0919
0bf74883-1088-4aeb-86d8-d4be74eaceed	17	36109315	36208249	38	0.5396
0bf74883-1088-4aeb-86d8-d4be74eaceed	17	36460442	41265456	2513	0.0949
0bf74883-1088-4aeb-86d8-d4be74eaceed	17	41266762	41271807	15	1.9734
0bf74883-1088-4aeb-86d8-d4be74eaceed	17	41271838	46085732	2494	0.0972
0bf74883-1088-4aeb-86d8-d4be74eaceed	17	46088437	46276519	120	0.7315
0bf74883-1088-4aeb-86d8-d4be74eaceed	17	46284643	83091923	21491	0.0935
0bf74883-1088-4aeb-86d8-d4be74eaceed	18	48133	5012396	3529	-0.0433
0bf74883-1088-4aeb-86d8-d4be74eaceed	18	5012434	5012918	2	-3.6038
0bf74883-1088-4aeb-86d8-d4be74eaceed	18	5013859	44185756	21427	-0.0369
0bf74883-1088-4aeb-86d8-d4be74eaceed	18	44185874	44196001	7	-1.2835
0bf74883-1088-4aeb-86d8-d4be74eaceed	18	44196031	80257174	25571	-0.0356
0bf74883-1088-4aeb-86d8-d4be74eaceed	19	90910	5510228	1591	0.1205
0bf74883-1088-4aeb-86d8-d4be74eaceed	19	5510569	5510642	2	-2.2531
0bf74883-1088-4aeb-86d8-d4be74eaceed	19	5510689	14928127	4487	0.1091
0bf74883-1088-4aeb-86d8-d4be74eaceed	19	14934380	14938487	3	-1.8576
0bf74883-1088-4aeb-86d8-d4be74eaceed	19	14940475	24399775	5045	0.0767
0bf74883-1088-4aeb-86d8-d4be74eaceed	19	24400510	34243204	4797	-0.631
0bf74883-1088-4aeb-86d8-d4be74eaceed	19	34246231	51628560	8729	-0.5681
0bf74883-1088-4aeb-86d8-d4be74eaceed	19	51639099	51644944	11	-1.9098
0bf74883-1088-4aeb-86d8-d4be74eaceed	19	51651652	53545177	1346	-0.5939
0bf74883-1088-4aeb-86d8-d4be74eaceed	19	53545587	53545697	2	-3.1597
0bf74883-1088-4aeb-86d8-d4be74eaceed	19	53546050	58582097	2965	-0.5905
0bf74883-1088-4aeb-86d8-d4be74eaceed	19	58583759	58586487	4	0.1791
0bf74883-1088-4aeb-86d8-d4be74eaceed	20	80664	1601561	1230	0.1132
0bf74883-1088-4aeb-86d8-d4be74eaceed	20	1609611	1613247	5	-1.8988
0bf74883-1088-4aeb-86d8-d4be74eaceed	20	1617300	64324800	40980	0.0739
0bf74883-1088-4aeb-86d8-d4be74eaceed	21	10354168	13583316	268	0.0313
0bf74883-1088-4aeb-86d8-d4be74eaceed	21	13612103	13677975	4	1.4231
0bf74883-1088-4aeb-86d8-d4be74eaceed	21	13803967	46677045	23471	0.0823
0bf74883-1088-4aeb-86d8-d4be74eaceed	22	15294547	22398127	3441	0.096
0bf74883-1088-4aeb-86d8-d4be74eaceed	22	22398345	22402989	5	-1.6481
0bf74883-1088-4aeb-86d8-d4be74eaceed	22	22415587	50796027	19736	0.0974
0bf74883-1088-4aeb-86d8-d4be74eaceed	X	251810	155952689	82029	-0.0027
0bf74883-1088-4aeb-86d8-d4be74eaceed	Y	2782397	56872112	6603	-0.749
