Sample	Chromosome	Start	End	Num_Probes	Segment_Mean
BUBBY_p_TCGA_b89_105_SNP_N_GenomeWideSNP_6_C08_777490	1	3218610	6506126	2066	0.0045
BUBBY_p_TCGA_b89_105_SNP_N_GenomeWideSNP_6_C08_777490	1	6517503	6519604	2	-1.6924
BUBBY_p_TCGA_b89_105_SNP_N_GenomeWideSNP_6_C08_777490	1	6530189	247813706	127069	0.0015
BUBBY_p_TCGA_b89_105_SNP_N_GenomeWideSNP_6_C08_777490	2	484222	242476062	131299	-0.0038
BUBBY_p_TCGA_b89_105_SNP_N_GenomeWideSNP_6_C08_777490	3	2212571	197538677	106379	0.0033
BUBBY_p_TCGA_b89_105_SNP_N_GenomeWideSNP_6_C08_777490	4	1053934	188763651	102736	0.0019
BUBBY_p_TCGA_b89_105_SNP_N_GenomeWideSNP_6_C08_777490	5	914233	180360469	100512	0.0012
BUBBY_p_TCGA_b89_105_SNP_N_GenomeWideSNP_6_C08_777490	6	1014281	108592118	59660	0.0026
BUBBY_p_TCGA_b89_105_SNP_N_GenomeWideSNP_6_C08_777490	6	108597079	108611866	11	-1.2822
BUBBY_p_TCGA_b89_105_SNP_N_GenomeWideSNP_6_C08_777490	6	108612517	153640890	27273	0.0016
BUBBY_p_TCGA_b89_105_SNP_N_GenomeWideSNP_6_C08_777490	6	153647708	153656875	9	-0.9518
BUBBY_p_TCGA_b89_105_SNP_N_GenomeWideSNP_6_C08_777490	6	153662425	170903919	9547	0.0038
BUBBY_p_TCGA_b89_105_SNP_N_GenomeWideSNP_6_C08_777490	7	705284	55661503	32926	0.0018
BUBBY_p_TCGA_b89_105_SNP_N_GenomeWideSNP_6_C08_777490	7	55661506	55662187	3	-1.3512
BUBBY_p_TCGA_b89_105_SNP_N_GenomeWideSNP_6_C08_777490	7	55662486	158385118	48401	9e-04
BUBBY_p_TCGA_b89_105_SNP_N_GenomeWideSNP_6_C08_777490	8	617667	8644532	3422	0.0055
BUBBY_p_TCGA_b89_105_SNP_N_GenomeWideSNP_6_C08_777490	8	8646246	8649432	6	-1.2022
BUBBY_p_TCGA_b89_105_SNP_N_GenomeWideSNP_6_C08_777490	8	8650787	113759231	58542	0.0043
BUBBY_p_TCGA_b89_105_SNP_N_GenomeWideSNP_6_C08_777490	8	113762843	113767021	4	-1.2253
BUBBY_p_TCGA_b89_105_SNP_N_GenomeWideSNP_6_C08_777490	8	113768284	132268284	12010	0.0037
BUBBY_p_TCGA_b89_105_SNP_N_GenomeWideSNP_6_C08_777490	8	132268806	132273185	4	-0.9121
BUBBY_p_TCGA_b89_105_SNP_N_GenomeWideSNP_6_C08_777490	8	132281905	145232496	7551	0.0078
BUBBY_p_TCGA_b89_105_SNP_N_GenomeWideSNP_6_C08_777490	9	789932	108073670	47737	-5e-04
BUBBY_p_TCGA_b89_105_SNP_N_GenomeWideSNP_6_C08_777490	9	108077997	108078592	2	1.6735
BUBBY_p_TCGA_b89_105_SNP_N_GenomeWideSNP_6_C08_777490	9	108081147	140938752	20274	-0.002
BUBBY_p_TCGA_b89_105_SNP_N_GenomeWideSNP_6_C08_777490	10	415240	135225087	80866	-9e-04
BUBBY_p_TCGA_b89_105_SNP_N_GenomeWideSNP_6_C08_777490	11	456120	38228144	23885	4e-04
BUBBY_p_TCGA_b89_105_SNP_N_GenomeWideSNP_6_C08_777490	11	38233122	38272851	22	0.5753
BUBBY_p_TCGA_b89_105_SNP_N_GenomeWideSNP_6_C08_777490	11	38276137	134142530	53347	0.0016
BUBBY_p_TCGA_b89_105_SNP_N_GenomeWideSNP_6_C08_777490	12	889902	117218686	66030	0.0022
BUBBY_p_TCGA_b89_105_SNP_N_GenomeWideSNP_6_C08_777490	12	117218862	117221207	2	-2.2211
BUBBY_p_TCGA_b89_105_SNP_N_GenomeWideSNP_6_C08_777490	12	117225078	121607861	2686	0.0063
BUBBY_p_TCGA_b89_105_SNP_N_GenomeWideSNP_6_C08_777490	12	121607993	121610689	3	-1.6954
BUBBY_p_TCGA_b89_105_SNP_N_GenomeWideSNP_6_C08_777490	12	121613772	133161346	5211	0.0065
BUBBY_p_TCGA_b89_105_SNP_N_GenomeWideSNP_6_C08_777490	13	19450806	114987458	56657	0.0011
BUBBY_p_TCGA_b89_105_SNP_N_GenomeWideSNP_6_C08_777490	14	20501368	105988038	49437	0.0013
BUBBY_p_TCGA_b89_105_SNP_N_GenomeWideSNP_6_C08_777490	15	23687685	101884307	44530	0.0018
BUBBY_p_TCGA_b89_105_SNP_N_GenomeWideSNP_6_C08_777490	16	653459	59745634	22556	0.0021
BUBBY_p_TCGA_b89_105_SNP_N_GenomeWideSNP_6_C08_777490	16	59745718	59745776	2	-1.643
BUBBY_p_TCGA_b89_105_SNP_N_GenomeWideSNP_6_C08_777490	16	59748615	89379936	18245	-5e-04
BUBBY_p_TCGA_b89_105_SNP_N_GenomeWideSNP_6_C08_777490	17	987221	65310412	29151	0.0017
BUBBY_p_TCGA_b89_105_SNP_N_GenomeWideSNP_6_C08_777490	17	65316217	65322096	6	-0.881
BUBBY_p_TCGA_b89_105_SNP_N_GenomeWideSNP_6_C08_777490	17	65323093	80917016	7833	0.006
BUBBY_p_TCGA_b89_105_SNP_N_GenomeWideSNP_6_C08_777490	18	329586	77109240	42653	0.0051
BUBBY_p_TCGA_b89_105_SNP_N_GenomeWideSNP_6_C08_777490	19	284018	45748244	18638	0.0024
BUBBY_p_TCGA_b89_105_SNP_N_GenomeWideSNP_6_C08_777490	19	45748354	45749255	2	-1.4027
BUBBY_p_TCGA_b89_105_SNP_N_GenomeWideSNP_6_C08_777490	19	45756376	58878226	5313	0.0017
BUBBY_p_TCGA_b89_105_SNP_N_GenomeWideSNP_6_C08_777490	20	455764	62219837	37289	0.0011
BUBBY_p_TCGA_b89_105_SNP_N_GenomeWideSNP_6_C08_777490	21	15347621	22976112	4873	-0.004
BUBBY_p_TCGA_b89_105_SNP_N_GenomeWideSNP_6_C08_777490	21	22979873	22980217	2	-1.4544
BUBBY_p_TCGA_b89_105_SNP_N_GenomeWideSNP_6_C08_777490	21	22980876	47678774	15711	-0.0024
BUBBY_p_TCGA_b89_105_SNP_N_GenomeWideSNP_6_C08_777490	22	17423930	49331012	16923	0.0025
BUBBY_p_TCGA_b89_105_SNP_N_GenomeWideSNP_6_C08_777490	X	3157107	24256030	8906	-0.0027
BUBBY_p_TCGA_b89_105_SNP_N_GenomeWideSNP_6_C08_777490	X	24257336	24272647	16	0.5503
BUBBY_p_TCGA_b89_105_SNP_N_GenomeWideSNP_6_C08_777490	X	24275398	154905589	54873	0.0014
