Sample	Chromosome	Start	End	Num_Probes	Segment_Mean
MOHEL_p_TCGA_271_274_275_N_GenomeWideSNP_6_F10_1320484	1	3208470	60787174	31604	0.0012
MOHEL_p_TCGA_271_274_275_N_GenomeWideSNP_6_F10_1320484	1	60790880	60802957	11	-1.1278
MOHEL_p_TCGA_271_274_275_N_GenomeWideSNP_6_F10_1320484	1	60806759	245880329	97199	0.0011
MOHEL_p_TCGA_271_274_275_N_GenomeWideSNP_6_F10_1320484	2	474222	210865345	112069	0.0024
MOHEL_p_TCGA_271_274_275_N_GenomeWideSNP_6_F10_1320484	2	210868882	210870557	6	-1.1796
MOHEL_p_TCGA_271_274_275_N_GenomeWideSNP_6_F10_1320484	2	210873100	242124735	19004	0.0066
MOHEL_p_TCGA_271_274_275_N_GenomeWideSNP_6_F10_1320484	3	526235	199023074	106174	0.0015
MOHEL_p_TCGA_271_274_275_N_GenomeWideSNP_6_F10_1320484	4	1043934	173048953	94662	0.002
MOHEL_p_TCGA_271_274_275_N_GenomeWideSNP_6_F10_1320484	4	173049064	173049837	2	-1.956
MOHEL_p_TCGA_271_274_275_N_GenomeWideSNP_6_F10_1320484	4	173052154	189836143	7917	0.0083
MOHEL_p_TCGA_271_274_275_N_GenomeWideSNP_6_F10_1320484	5	967233	180293075	100302	0.0028
MOHEL_p_TCGA_271_274_275_N_GenomeWideSNP_6_F10_1320484	6	959281	170745844	96295	9e-04
MOHEL_p_TCGA_271_274_275_N_GenomeWideSNP_6_F10_1320484	7	671810	69670826	36224	0.0017
MOHEL_p_TCGA_271_274_275_N_GenomeWideSNP_6_F10_1320484	7	69671749	69673937	2	-2.0128
MOHEL_p_TCGA_271_274_275_N_GenomeWideSNP_6_F10_1320484	7	69675492	96722169	13094	0.0037
MOHEL_p_TCGA_271_274_275_N_GenomeWideSNP_6_F10_1320484	7	96758644	96761229	3	-1.559
MOHEL_p_TCGA_271_274_275_N_GenomeWideSNP_6_F10_1320484	7	96761897	158077879	31862	0.0045
MOHEL_p_TCGA_271_274_275_N_GenomeWideSNP_6_F10_1320484	8	607667	121304768	66408	0.0013
MOHEL_p_TCGA_271_274_275_N_GenomeWideSNP_6_F10_1320484	8	121305402	121308699	2	-3.0351
MOHEL_p_TCGA_271_274_275_N_GenomeWideSNP_6_F10_1320484	8	121309993	124722755	2170	-2e-04
MOHEL_p_TCGA_271_274_275_N_GenomeWideSNP_6_F10_1320484	8	124722773	124728302	4	-1.0135
MOHEL_p_TCGA_271_274_275_N_GenomeWideSNP_6_F10_1320484	8	124728510	145304484	12801	0.001
MOHEL_p_TCGA_271_274_275_N_GenomeWideSNP_6_F10_1320484	9	779932	35090990	20984	-0.002
MOHEL_p_TCGA_271_274_275_N_GenomeWideSNP_6_F10_1320484	9	35091870	35093722	3	-1.94
MOHEL_p_TCGA_271_274_275_N_GenomeWideSNP_6_F10_1320484	9	35094436	140058573	46869	-4e-04
MOHEL_p_TCGA_271_274_275_N_GenomeWideSNP_6_F10_1320484	10	405240	95395197	55617	0.0015
MOHEL_p_TCGA_271_274_275_N_GenomeWideSNP_6_F10_1320484	10	95395651	95396629	2	-1.7982
MOHEL_p_TCGA_271_274_275_N_GenomeWideSNP_6_F10_1320484	10	95397635	109419185	8380	-0.0011
MOHEL_p_TCGA_271_274_275_N_GenomeWideSNP_6_F10_1320484	10	109422606	109431543	2	-1.7124
MOHEL_p_TCGA_271_274_275_N_GenomeWideSNP_6_F10_1320484	10	109431610	135075077	16683	0.0027
MOHEL_p_TCGA_271_274_275_N_GenomeWideSNP_6_F10_1320484	11	446120	6177790	2671	0.0117
MOHEL_p_TCGA_271_274_275_N_GenomeWideSNP_6_F10_1320484	11	6177825	6177956	2	-1.3201
MOHEL_p_TCGA_271_274_275_N_GenomeWideSNP_6_F10_1320484	11	6178317	8354072	1527	-0.0043
MOHEL_p_TCGA_271_274_275_N_GenomeWideSNP_6_F10_1320484	11	8356721	8357142	2	-1.3631
MOHEL_p_TCGA_271_274_275_N_GenomeWideSNP_6_F10_1320484	11	8359766	57459364	27189	8e-04
MOHEL_p_TCGA_271_274_275_N_GenomeWideSNP_6_F10_1320484	11	57461900	57463963	3	-1.3206
MOHEL_p_TCGA_271_274_275_N_GenomeWideSNP_6_F10_1320484	11	57464186	133645362	45711	2e-04
MOHEL_p_TCGA_271_274_275_N_GenomeWideSNP_6_F10_1320484	12	760163	126053177	71713	-1e-04
MOHEL_p_TCGA_271_274_275_N_GenomeWideSNP_6_F10_1320484	12	126056885	126059632	5	-1.1901
MOHEL_p_TCGA_271_274_275_N_GenomeWideSNP_6_F10_1320484	12	126061315	131671419	2085	-0.0041
MOHEL_p_TCGA_271_274_275_N_GenomeWideSNP_6_F10_1320484	13	18348806	114005560	56532	0.0012
MOHEL_p_TCGA_271_274_275_N_GenomeWideSNP_6_F10_1320484	14	19571208	45214891	13062	2e-04
MOHEL_p_TCGA_271_274_275_N_GenomeWideSNP_6_F10_1320484	14	45315301	45343533	19	-1.0376
MOHEL_p_TCGA_271_274_275_N_GenomeWideSNP_6_F10_1320484	14	45346293	47764679	1279	-0.0011
MOHEL_p_TCGA_271_274_275_N_GenomeWideSNP_6_F10_1320484	14	47769663	47782799	11	-0.5461
MOHEL_p_TCGA_271_274_275_N_GenomeWideSNP_6_F10_1320484	14	47783260	105059083	34995	2e-04
MOHEL_p_TCGA_271_274_275_N_GenomeWideSNP_6_F10_1320484	15	21238778	89538769	38152	-0.0016
MOHEL_p_TCGA_271_274_275_N_GenomeWideSNP_6_F10_1320484	15	89539350	89543088	3	-1.9244
MOHEL_p_TCGA_271_274_275_N_GenomeWideSNP_6_F10_1320484	15	89543178	99701830	6290	0.0063
MOHEL_p_TCGA_271_274_275_N_GenomeWideSNP_6_F10_1320484	16	593460	87907437	40779	4e-04
MOHEL_p_TCGA_271_274_275_N_GenomeWideSNP_6_F10_1320484	17	933971	78510305	36927	2e-04
MOHEL_p_TCGA_271_274_275_N_GenomeWideSNP_6_F10_1320484	18	319586	46077024	26018	-0.0039
MOHEL_p_TCGA_271_274_275_N_GenomeWideSNP_6_F10_1320484	18	46080853	46081941	6	-1.0955
MOHEL_p_TCGA_271_274_275_N_GenomeWideSNP_6_F10_1320484	18	46083534	75210228	16555	-0.0046
MOHEL_p_TCGA_271_274_275_N_GenomeWideSNP_6_F10_1320484	19	235018	56234569	20798	0.0025
MOHEL_p_TCGA_271_274_275_N_GenomeWideSNP_6_F10_1320484	19	56234603	56237063	2	-1.4719
MOHEL_p_TCGA_271_274_275_N_GenomeWideSNP_6_F10_1320484	19	56238333	63570038	3107	-0.0019
MOHEL_p_TCGA_271_274_275_N_GenomeWideSNP_6_F10_1320484	20	403764	61690281	37204	0.0014
MOHEL_p_TCGA_271_274_275_N_GenomeWideSNP_6_F10_1320484	21	14269492	39350614	16221	7e-04
MOHEL_p_TCGA_271_274_275_N_GenomeWideSNP_6_F10_1320484	21	39352420	39355100	2	-1.7979
MOHEL_p_TCGA_271_274_275_N_GenomeWideSNP_6_F10_1320484	21	39355120	46503202	4306	0.0026
MOHEL_p_TCGA_271_274_275_N_GenomeWideSNP_6_F10_1320484	22	15803930	47435440	16688	-0.0024
MOHEL_p_TCGA_271_274_275_N_GenomeWideSNP_6_F10_1320484	22	47440999	47441030	2	-1.8381
MOHEL_p_TCGA_271_274_275_N_GenomeWideSNP_6_F10_1320484	22	47445518	47717016	203	0.0117
MOHEL_p_TCGA_271_274_275_N_GenomeWideSNP_6_F10_1320484	X	3167107	154558783	63674	0.0014
