Sample	Chromosome	Start	End	Num_Probes	Segment_Mean
JIHAD_p_TCGASNP_215_219_N_GenomeWideSNP_6_F01_1148412	1	61735	229619	23	-0.583
JIHAD_p_TCGASNP_215_219_N_GenomeWideSNP_6_F01_1148412	1	229677	1647890	210	0.0997
JIHAD_p_TCGASNP_215_219_N_GenomeWideSNP_6_F01_1148412	1	1650062	1662938	4	-1.2483
JIHAD_p_TCGASNP_215_219_N_GenomeWideSNP_6_F01_1148412	1	1663336	1672603	6	-0.3668
JIHAD_p_TCGASNP_215_219_N_GenomeWideSNP_6_F01_1148412	1	1687587	16149343	8175	0.0152
JIHAD_p_TCGASNP_215_219_N_GenomeWideSNP_6_F01_1148412	1	16149915	16155010	11	0.622
JIHAD_p_TCGASNP_215_219_N_GenomeWideSNP_6_F01_1148412	1	16165661	17182437	404	-0.0282
JIHAD_p_TCGASNP_215_219_N_GenomeWideSNP_6_F01_1148412	1	17190004	17257943	46	-0.4726
JIHAD_p_TCGASNP_215_219_N_GenomeWideSNP_6_F01_1148412	1	17258139	25583291	5289	0.002
JIHAD_p_TCGASNP_215_219_N_GenomeWideSNP_6_F01_1148412	1	25583341	25663344	34	0.6447
JIHAD_p_TCGASNP_215_219_N_GenomeWideSNP_6_F01_1148412	1	25673154	35091674	4966	0.0096
JIHAD_p_TCGASNP_215_219_N_GenomeWideSNP_6_F01_1148412	1	35102654	35104491	20	-0.6085
JIHAD_p_TCGASNP_215_219_N_GenomeWideSNP_6_F01_1148412	1	35114268	41021036	3189	5e-04
JIHAD_p_TCGASNP_215_219_N_GenomeWideSNP_6_F01_1148412	1	41022076	41028210	4	-0.9827
JIHAD_p_TCGASNP_215_219_N_GenomeWideSNP_6_F01_1148412	1	41028926	72750353	20673	-0.0039
JIHAD_p_TCGASNP_215_219_N_GenomeWideSNP_6_F01_1148412	1	72756113	72763370	9	-1.1316
JIHAD_p_TCGASNP_215_219_N_GenomeWideSNP_6_F01_1148412	1	72768418	104103230	20118	-3e-04
JIHAD_p_TCGASNP_215_219_N_GenomeWideSNP_6_F01_1148412	1	104109238	104132359	18	0.8821
JIHAD_p_TCGASNP_215_219_N_GenomeWideSNP_6_F01_1148412	1	104155643	106019370	960	-0.0205
JIHAD_p_TCGASNP_215_219_N_GenomeWideSNP_6_F01_1148412	1	106019483	106024055	14	0.5552
JIHAD_p_TCGASNP_215_219_N_GenomeWideSNP_6_F01_1148412	1	106024070	110224427	2657	-0.009
JIHAD_p_TCGASNP_215_219_N_GenomeWideSNP_6_F01_1148412	1	110225642	110225965	3	-1.0748
JIHAD_p_TCGASNP_215_219_N_GenomeWideSNP_6_F01_1148412	1	110226004	110227515	10	-0.0617
JIHAD_p_TCGASNP_215_219_N_GenomeWideSNP_6_F01_1148412	1	110232974	110244998	19	-1.1587
JIHAD_p_TCGASNP_215_219_N_GenomeWideSNP_6_F01_1148412	1	110246126	112690326	1957	-0.0015
JIHAD_p_TCGASNP_215_219_N_GenomeWideSNP_6_F01_1148412	1	112695965	112697012	18	-0.5494
JIHAD_p_TCGASNP_215_219_N_GenomeWideSNP_6_F01_1148412	1	112697174	152555706	8051	0.0109
JIHAD_p_TCGASNP_215_219_N_GenomeWideSNP_6_F01_1148412	1	152555767	152586238	30	-2.0137
JIHAD_p_TCGASNP_215_219_N_GenomeWideSNP_6_F01_1148412	1	152586278	152590494	5	-0.4986
JIHAD_p_TCGASNP_215_219_N_GenomeWideSNP_6_F01_1148412	1	152590565	152759678	170	0.0068
JIHAD_p_TCGASNP_215_219_N_GenomeWideSNP_6_F01_1148412	1	152761923	152768700	37	0.4598
JIHAD_p_TCGASNP_215_219_N_GenomeWideSNP_6_F01_1148412	1	152773905	159984431	4375	0.0012
JIHAD_p_TCGASNP_215_219_N_GenomeWideSNP_6_F01_1148412	1	159984454	159984551	2	-1.2248
JIHAD_p_TCGASNP_215_219_N_GenomeWideSNP_6_F01_1148412	1	159986339	166002656	4517	-0.0011
JIHAD_p_TCGASNP_215_219_N_GenomeWideSNP_6_F01_1148412	1	166002679	166002695	2	-1.1072
JIHAD_p_TCGASNP_215_219_N_GenomeWideSNP_6_F01_1148412	1	166002866	169216937	2453	0.0038
JIHAD_p_TCGASNP_215_219_N_GenomeWideSNP_6_F01_1148412	1	169233974	169241766	7	0.9502
JIHAD_p_TCGASNP_215_219_N_GenomeWideSNP_6_F01_1148412	1	169242401	194448234	16754	-0.0051
JIHAD_p_TCGASNP_215_219_N_GenomeWideSNP_6_F01_1148412	1	194451411	194455018	2	2.0961
JIHAD_p_TCGASNP_215_219_N_GenomeWideSNP_6_F01_1148412	1	194457016	249224388	37523	-0.0018
JIHAD_p_TCGASNP_215_219_N_GenomeWideSNP_6_F01_1148412	2	12784	34691069	24126	0.0031
JIHAD_p_TCGASNP_215_219_N_GenomeWideSNP_6_F01_1148412	2	34699315	34737163	47	0.7447
JIHAD_p_TCGASNP_215_219_N_GenomeWideSNP_6_F01_1148412	2	34737556	40397251	4132	-0.0113
JIHAD_p_TCGASNP_215_219_N_GenomeWideSNP_6_F01_1148412	2	40400127	40400312	3	-1.2129
JIHAD_p_TCGASNP_215_219_N_GenomeWideSNP_6_F01_1148412	2	40406518	52754881	8922	-0.0116
JIHAD_p_TCGASNP_215_219_N_GenomeWideSNP_6_F01_1148412	2	52758753	52781542	33	-0.694
JIHAD_p_TCGASNP_215_219_N_GenomeWideSNP_6_F01_1148412	2	52787949	129638911	43160	-0.0013
JIHAD_p_TCGASNP_215_219_N_GenomeWideSNP_6_F01_1148412	2	129638961	129640297	9	-1.0075
JIHAD_p_TCGASNP_215_219_N_GenomeWideSNP_6_F01_1148412	2	129640315	132221406	1331	0.0059
JIHAD_p_TCGASNP_215_219_N_GenomeWideSNP_6_F01_1148412	2	132222008	132226368	4	-0.9744
JIHAD_p_TCGASNP_215_219_N_GenomeWideSNP_6_F01_1148412	2	132226792	146861446	9150	-0.0035
JIHAD_p_TCGASNP_215_219_N_GenomeWideSNP_6_F01_1148412	2	146862085	146877806	26	-1.7835
JIHAD_p_TCGASNP_215_219_N_GenomeWideSNP_6_F01_1148412	2	146878395	184564544	23164	-0.0043
JIHAD_p_TCGASNP_215_219_N_GenomeWideSNP_6_F01_1148412	2	184566691	184577248	14	-0.4427
JIHAD_p_TCGASNP_215_219_N_GenomeWideSNP_6_F01_1148412	2	184577324	208350039	13832	-0.0085
JIHAD_p_TCGASNP_215_219_N_GenomeWideSNP_6_F01_1148412	2	208350191	208350262	3	-1.8879
JIHAD_p_TCGASNP_215_219_N_GenomeWideSNP_6_F01_1148412	2	208350319	243089456	22173	-8e-04
JIHAD_p_TCGASNP_215_219_N_GenomeWideSNP_6_F01_1148412	3	60345	37977417	27706	-0.0053
JIHAD_p_TCGASNP_215_219_N_GenomeWideSNP_6_F01_1148412	3	37982108	37986928	18	-0.8405
JIHAD_p_TCGASNP_215_219_N_GenomeWideSNP_6_F01_1148412	3	37987106	47981631	6059	0.0055
JIHAD_p_TCGASNP_215_219_N_GenomeWideSNP_6_F01_1148412	3	47985181	47986103	3	-1.3034
JIHAD_p_TCGASNP_215_219_N_GenomeWideSNP_6_F01_1148412	3	47988821	53022893	2020	5e-04
JIHAD_p_TCGASNP_215_219_N_GenomeWideSNP_6_F01_1148412	3	53022924	53039217	41	-0.643
JIHAD_p_TCGASNP_215_219_N_GenomeWideSNP_6_F01_1148412	3	53039263	65199422	9592	-0.0039
JIHAD_p_TCGASNP_215_219_N_GenomeWideSNP_6_F01_1148412	3	65199568	65207713	18	0.3798
JIHAD_p_TCGASNP_215_219_N_GenomeWideSNP_6_F01_1148412	3	65207730	74436670	6753	0.0044
JIHAD_p_TCGASNP_215_219_N_GenomeWideSNP_6_F01_1148412	3	74438119	74438314	2	-1.497
JIHAD_p_TCGASNP_215_219_N_GenomeWideSNP_6_F01_1148412	3	74440269	75568549	629	0.025
JIHAD_p_TCGASNP_215_219_N_GenomeWideSNP_6_F01_1148412	3	75572549	75586805	6	-1.9343
JIHAD_p_TCGASNP_215_219_N_GenomeWideSNP_6_F01_1148412	3	75595181	110024924	17672	0
JIHAD_p_TCGASNP_215_219_N_GenomeWideSNP_6_F01_1148412	3	110024947	110024964	2	-1.3076
JIHAD_p_TCGASNP_215_219_N_GenomeWideSNP_6_F01_1148412	3	110027465	129762859	12133	-0.0036
JIHAD_p_TCGASNP_215_219_N_GenomeWideSNP_6_F01_1148412	3	129763698	129806236	52	-1.1966
JIHAD_p_TCGASNP_215_219_N_GenomeWideSNP_6_F01_1148412	3	129806924	162512739	20296	-0.0053
JIHAD_p_TCGASNP_215_219_N_GenomeWideSNP_6_F01_1148412	3	162513092	162530870	13	-0.4209
JIHAD_p_TCGASNP_215_219_N_GenomeWideSNP_6_F01_1148412	3	162532950	162540490	7	-1.6796
JIHAD_p_TCGASNP_215_219_N_GenomeWideSNP_6_F01_1148412	3	162545716	162632020	58	-0.2388
JIHAD_p_TCGASNP_215_219_N_GenomeWideSNP_6_F01_1148412	3	162632090	192877962	19198	-0.0109
JIHAD_p_TCGASNP_215_219_N_GenomeWideSNP_6_F01_1148412	3	192878045	192882903	18	1.4769
JIHAD_p_TCGASNP_215_219_N_GenomeWideSNP_6_F01_1148412	3	192886435	194634588	1160	-0.0141
JIHAD_p_TCGASNP_215_219_N_GenomeWideSNP_6_F01_1148412	3	194641316	194641845	5	-0.9228
JIHAD_p_TCGASNP_215_219_N_GenomeWideSNP_6_F01_1148412	3	194642480	194657645	15	0.0985
JIHAD_p_TCGASNP_215_219_N_GenomeWideSNP_6_F01_1148412	3	194657678	194658514	3	-0.8072
JIHAD_p_TCGASNP_215_219_N_GenomeWideSNP_6_F01_1148412	3	194658946	195464094	343	0.0046
JIHAD_p_TCGASNP_215_219_N_GenomeWideSNP_6_F01_1148412	3	195464124	195474763	7	-0.6552
JIHAD_p_TCGASNP_215_219_N_GenomeWideSNP_6_F01_1148412	3	195478694	197896118	1174	0.008
JIHAD_p_TCGASNP_215_219_N_GenomeWideSNP_6_F01_1148412	4	12281	17518	4	-0.4948
JIHAD_p_TCGASNP_215_219_N_GenomeWideSNP_6_F01_1148412	4	19604	769906	316	0.0637
JIHAD_p_TCGASNP_215_219_N_GenomeWideSNP_6_F01_1148412	4	770161	773826	3	-0.462
JIHAD_p_TCGASNP_215_219_N_GenomeWideSNP_6_F01_1148412	4	773866	10223416	5483	0.0233
JIHAD_p_TCGASNP_215_219_N_GenomeWideSNP_6_F01_1148412	4	10223628	10234214	28	-1.7461
JIHAD_p_TCGASNP_215_219_N_GenomeWideSNP_6_F01_1148412	4	10234266	34779004	17002	-0.0048
JIHAD_p_TCGASNP_215_219_N_GenomeWideSNP_6_F01_1148412	4	34779025	34829872	42	0.4889
JIHAD_p_TCGASNP_215_219_N_GenomeWideSNP_6_F01_1148412	4	34829913	36014412	776	-0.0309
JIHAD_p_TCGASNP_215_219_N_GenomeWideSNP_6_F01_1148412	4	36014981	36015518	4	-1.2487
JIHAD_p_TCGASNP_215_219_N_GenomeWideSNP_6_F01_1148412	4	36017518	49115981	8198	-0.0074
JIHAD_p_TCGASNP_215_219_N_GenomeWideSNP_6_F01_1148412	4	49143263	49658612	38	0.2903
JIHAD_p_TCGASNP_215_219_N_GenomeWideSNP_6_F01_1148412	4	52685699	70030323	10844	-0.0047
JIHAD_p_TCGASNP_215_219_N_GenomeWideSNP_6_F01_1148412	4	70031620	70031658	2	-1.6114
JIHAD_p_TCGASNP_215_219_N_GenomeWideSNP_6_F01_1148412	4	70032371	70123510	44	-0.0034
JIHAD_p_TCGASNP_215_219_N_GenomeWideSNP_6_F01_1148412	4	70127644	70231799	54	-0.5916
JIHAD_p_TCGASNP_215_219_N_GenomeWideSNP_6_F01_1148412	4	70232022	70389716	112	0.0066
JIHAD_p_TCGASNP_215_219_N_GenomeWideSNP_6_F01_1148412	4	70389861	70390779	2	-2.9745
JIHAD_p_TCGASNP_215_219_N_GenomeWideSNP_6_F01_1148412	4	70391888	116166104	27903	-0.0016
JIHAD_p_TCGASNP_215_219_N_GenomeWideSNP_6_F01_1148412	4	116172611	116180370	26	-0.631
JIHAD_p_TCGASNP_215_219_N_GenomeWideSNP_6_F01_1148412	4	116180555	136821087	11889	-0.0083
JIHAD_p_TCGASNP_215_219_N_GenomeWideSNP_6_F01_1148412	4	136824561	137170281	157	0.5392
JIHAD_p_TCGASNP_215_219_N_GenomeWideSNP_6_F01_1148412	4	137177991	158561123	13300	0
JIHAD_p_TCGASNP_215_219_N_GenomeWideSNP_6_F01_1148412	4	158561140	158561723	5	-1.1091
JIHAD_p_TCGASNP_215_219_N_GenomeWideSNP_6_F01_1148412	4	158561859	172369346	8764	1e-04
JIHAD_p_TCGASNP_215_219_N_GenomeWideSNP_6_F01_1148412	4	172374884	172377710	10	-0.9126
JIHAD_p_TCGASNP_215_219_N_GenomeWideSNP_6_F01_1148412	4	172377724	172987928	397	-0.0162
JIHAD_p_TCGASNP_215_219_N_GenomeWideSNP_6_F01_1148412	4	172989148	172989533	12	0.7122
JIHAD_p_TCGASNP_215_219_N_GenomeWideSNP_6_F01_1148412	4	172995979	185050629	8066	0.0024
JIHAD_p_TCGASNP_215_219_N_GenomeWideSNP_6_F01_1148412	4	185057573	185060722	3	1.0582
JIHAD_p_TCGASNP_215_219_N_GenomeWideSNP_6_F01_1148412	4	185063454	189221258	2885	0.0119
JIHAD_p_TCGASNP_215_219_N_GenomeWideSNP_6_F01_1148412	4	189221360	189221375	2	1.701
JIHAD_p_TCGASNP_215_219_N_GenomeWideSNP_6_F01_1148412	4	189221424	191027923	1178	3e-04
JIHAD_p_TCGASNP_215_219_N_GenomeWideSNP_6_F01_1148412	5	15532	809806	350	0.1057
JIHAD_p_TCGASNP_215_219_N_GenomeWideSNP_6_F01_1148412	5	817850	823770	10	-0.9694
JIHAD_p_TCGASNP_215_219_N_GenomeWideSNP_6_F01_1148412	5	824066	8702240	6609	0.0153
JIHAD_p_TCGASNP_215_219_N_GenomeWideSNP_6_F01_1148412	5	8702522	8747142	47	-0.9774
JIHAD_p_TCGASNP_215_219_N_GenomeWideSNP_6_F01_1148412	5	8749731	12800889	3211	0.0012
JIHAD_p_TCGASNP_215_219_N_GenomeWideSNP_6_F01_1148412	5	12815780	12820076	9	0.7756
JIHAD_p_TCGASNP_215_219_N_GenomeWideSNP_6_F01_1148412	5	12824411	16124245	2233	-0.0171
JIHAD_p_TCGASNP_215_219_N_GenomeWideSNP_6_F01_1148412	5	16125128	16125214	3	-1.403
JIHAD_p_TCGASNP_215_219_N_GenomeWideSNP_6_F01_1148412	5	16127544	17814462	1106	0.0064
JIHAD_p_TCGASNP_215_219_N_GenomeWideSNP_6_F01_1148412	5	17815602	17828869	6	-0.6387
JIHAD_p_TCGASNP_215_219_N_GenomeWideSNP_6_F01_1148412	5	17829787	21449276	2200	-0.0124
JIHAD_p_TCGASNP_215_219_N_GenomeWideSNP_6_F01_1148412	5	21451200	21452438	5	-1.4396
JIHAD_p_TCGASNP_215_219_N_GenomeWideSNP_6_F01_1148412	5	21452496	57326163	20126	0.001
JIHAD_p_TCGASNP_215_219_N_GenomeWideSNP_6_F01_1148412	5	57326280	57332916	26	-0.468
JIHAD_p_TCGASNP_215_219_N_GenomeWideSNP_6_F01_1148412	5	57332955	60467492	2087	-0.0143
JIHAD_p_TCGASNP_215_219_N_GenomeWideSNP_6_F01_1148412	5	60468683	60473786	7	-0.9608
JIHAD_p_TCGASNP_215_219_N_GenomeWideSNP_6_F01_1148412	5	60474581	61573372	748	-0.0274
JIHAD_p_TCGASNP_215_219_N_GenomeWideSNP_6_F01_1148412	5	61574991	61576273	3	-1.3129
JIHAD_p_TCGASNP_215_219_N_GenomeWideSNP_6_F01_1148412	5	61582192	103851221	24044	-0.0059
JIHAD_p_TCGASNP_215_219_N_GenomeWideSNP_6_F01_1148412	5	103860373	103860604	4	-1.5594
JIHAD_p_TCGASNP_215_219_N_GenomeWideSNP_6_F01_1148412	5	103861049	106257671	1444	-0.0072
JIHAD_p_TCGASNP_215_219_N_GenomeWideSNP_6_F01_1148412	5	106258428	106258461	2	-1.392
JIHAD_p_TCGASNP_215_219_N_GenomeWideSNP_6_F01_1148412	5	106258533	150199238	28405	-0.0018
JIHAD_p_TCGASNP_215_219_N_GenomeWideSNP_6_F01_1148412	5	150202205	150218604	9	-0.7432
JIHAD_p_TCGASNP_215_219_N_GenomeWideSNP_6_F01_1148412	5	150223387	151514171	964	0.0068
JIHAD_p_TCGASNP_215_219_N_GenomeWideSNP_6_F01_1148412	5	151515386	151518088	11	-0.8538
JIHAD_p_TCGASNP_215_219_N_GenomeWideSNP_6_F01_1148412	5	151518223	177197955	17515	0.0076
JIHAD_p_TCGASNP_215_219_N_GenomeWideSNP_6_F01_1148412	5	177198449	177254965	5	1.3475
JIHAD_p_TCGASNP_215_219_N_GenomeWideSNP_6_F01_1148412	5	177259415	180790320	2003	0.0304
JIHAD_p_TCGASNP_215_219_N_GenomeWideSNP_6_F01_1148412	6	149661	294474	122	0.0361
JIHAD_p_TCGASNP_215_219_N_GenomeWideSNP_6_F01_1148412	6	294725	384521	84	0.3625
JIHAD_p_TCGASNP_215_219_N_GenomeWideSNP_6_F01_1148412	6	384546	26718131	20082	0.0087
JIHAD_p_TCGASNP_215_219_N_GenomeWideSNP_6_F01_1148412	6	26728640	26773063	29	-0.639
JIHAD_p_TCGASNP_215_219_N_GenomeWideSNP_6_F01_1148412	6	26773509	29843434	1447	0.014
JIHAD_p_TCGASNP_215_219_N_GenomeWideSNP_6_F01_1148412	6	29844034	29849267	7	-1.2812
JIHAD_p_TCGASNP_215_219_N_GenomeWideSNP_6_F01_1148412	6	29850196	31286276	674	0.0145
JIHAD_p_TCGASNP_215_219_N_GenomeWideSNP_6_F01_1148412	6	31286305	31296451	10	1.0535
JIHAD_p_TCGASNP_215_219_N_GenomeWideSNP_6_F01_1148412	6	31309924	32050544	277	0.0872
JIHAD_p_TCGASNP_215_219_N_GenomeWideSNP_6_F01_1148412	6	32057313	32059555	10	0.5143
JIHAD_p_TCGASNP_215_219_N_GenomeWideSNP_6_F01_1148412	6	32059618	53931084	14042	0.0043
JIHAD_p_TCGASNP_215_219_N_GenomeWideSNP_6_F01_1148412	6	53931151	53931855	7	-1.2745
JIHAD_p_TCGASNP_215_219_N_GenomeWideSNP_6_F01_1148412	6	53935348	67040913	5502	-0.0076
JIHAD_p_TCGASNP_215_219_N_GenomeWideSNP_6_F01_1148412	6	67041451	67042897	5	-0.9628
JIHAD_p_TCGASNP_215_219_N_GenomeWideSNP_6_F01_1148412	6	67043192	72862925	3931	-0.0087
JIHAD_p_TCGASNP_215_219_N_GenomeWideSNP_6_F01_1148412	6	72866524	72866872	2	-2.0219
JIHAD_p_TCGASNP_215_219_N_GenomeWideSNP_6_F01_1148412	6	72868563	77014948	2570	-3e-04
JIHAD_p_TCGASNP_215_219_N_GenomeWideSNP_6_F01_1148412	6	77016900	77016926	3	1.259
JIHAD_p_TCGASNP_215_219_N_GenomeWideSNP_6_F01_1148412	6	77016993	77436532	296	-0.0184
JIHAD_p_TCGASNP_215_219_N_GenomeWideSNP_6_F01_1148412	6	77439868	77452689	20	0.4089
JIHAD_p_TCGASNP_215_219_N_GenomeWideSNP_6_F01_1148412	6	77452757	103734829	16589	0.0012
JIHAD_p_TCGASNP_215_219_N_GenomeWideSNP_6_F01_1148412	6	103737976	103762061	46	-1.2685
JIHAD_p_TCGASNP_215_219_N_GenomeWideSNP_6_F01_1148412	6	103765470	126182763	13911	-0.0029
JIHAD_p_TCGASNP_215_219_N_GenomeWideSNP_6_F01_1148412	6	126183692	126186776	3	-2.6537
JIHAD_p_TCGASNP_215_219_N_GenomeWideSNP_6_F01_1148412	6	126188893	137148007	7171	-0.0026
JIHAD_p_TCGASNP_215_219_N_GenomeWideSNP_6_F01_1148412	6	137150543	137150626	2	-1.3366
JIHAD_p_TCGASNP_215_219_N_GenomeWideSNP_6_F01_1148412	6	137153768	148370061	7154	0.0026
JIHAD_p_TCGASNP_215_219_N_GenomeWideSNP_6_F01_1148412	6	148370099	148371874	2	-1.3938
JIHAD_p_TCGASNP_215_219_N_GenomeWideSNP_6_F01_1148412	6	148373852	154960882	4805	0.0039
JIHAD_p_TCGASNP_215_219_N_GenomeWideSNP_6_F01_1148412	6	154963666	154964514	2	-1.204
JIHAD_p_TCGASNP_215_219_N_GenomeWideSNP_6_F01_1148412	6	154965837	169313210	10075	0.0097
JIHAD_p_TCGASNP_215_219_N_GenomeWideSNP_6_F01_1148412	6	169315099	169315127	2	-1.6785
JIHAD_p_TCGASNP_215_219_N_GenomeWideSNP_6_F01_1148412	6	169316292	171051005	1147	0.0343
JIHAD_p_TCGASNP_215_219_N_GenomeWideSNP_6_F01_1148412	7	43355	4672272	2521	0.0353
JIHAD_p_TCGASNP_215_219_N_GenomeWideSNP_6_F01_1148412	7	4674458	4683837	3	-0.8741
JIHAD_p_TCGASNP_215_219_N_GenomeWideSNP_6_F01_1148412	7	4683874	5936900	551	0.0483
JIHAD_p_TCGASNP_215_219_N_GenomeWideSNP_6_F01_1148412	7	5940039	5950828	3	-1.107
JIHAD_p_TCGASNP_215_219_N_GenomeWideSNP_6_F01_1148412	7	5956259	6038901	15	0.3298
JIHAD_p_TCGASNP_215_219_N_GenomeWideSNP_6_F01_1148412	7	6039080	6829903	341	0.0089
JIHAD_p_TCGASNP_215_219_N_GenomeWideSNP_6_F01_1148412	7	6830698	6875386	16	0.4511
JIHAD_p_TCGASNP_215_219_N_GenomeWideSNP_6_F01_1148412	7	6875461	38303144	24012	-0.0017
JIHAD_p_TCGASNP_215_219_N_GenomeWideSNP_6_F01_1148412	7	38303434	38404387	123	0.2838
JIHAD_p_TCGASNP_215_219_N_GenomeWideSNP_6_F01_1148412	7	38404971	54386505	11014	-3e-04
JIHAD_p_TCGASNP_215_219_N_GenomeWideSNP_6_F01_1148412	7	54386509	54386517	5	-1.9067
JIHAD_p_TCGASNP_215_219_N_GenomeWideSNP_6_F01_1148412	7	54393488	68458587	5125	0.0158
JIHAD_p_TCGASNP_215_219_N_GenomeWideSNP_6_F01_1148412	7	68458764	68459077	2	-1.7501
JIHAD_p_TCGASNP_215_219_N_GenomeWideSNP_6_F01_1148412	7	68459734	102101306	19109	-0.0014
JIHAD_p_TCGASNP_215_219_N_GenomeWideSNP_6_F01_1148412	7	102102164	102317109	9	0.6595
JIHAD_p_TCGASNP_215_219_N_GenomeWideSNP_6_F01_1148412	7	102335787	109437675	4588	7e-04
JIHAD_p_TCGASNP_215_219_N_GenomeWideSNP_6_F01_1148412	7	109437677	109453910	24	0.5767
JIHAD_p_TCGASNP_215_219_N_GenomeWideSNP_6_F01_1148412	7	109453982	126044974	10042	-0.0071
JIHAD_p_TCGASNP_215_219_N_GenomeWideSNP_6_F01_1148412	7	126045482	126046880	17	0.4943
JIHAD_p_TCGASNP_215_219_N_GenomeWideSNP_6_F01_1148412	7	126046881	126247731	138	-0.0367
JIHAD_p_TCGASNP_215_219_N_GenomeWideSNP_6_F01_1148412	7	126260750	126261849	2	1.3924
JIHAD_p_TCGASNP_215_219_N_GenomeWideSNP_6_F01_1148412	7	126262856	138540126	7817	0.0013
JIHAD_p_TCGASNP_215_219_N_GenomeWideSNP_6_F01_1148412	7	138541212	140488256	1090	0.4754
JIHAD_p_TCGASNP_215_219_N_GenomeWideSNP_6_F01_1148412	7	140495446	141763124	894	0.0023
JIHAD_p_TCGASNP_215_219_N_GenomeWideSNP_6_F01_1148412	7	141769643	141799117	45	-1.9697
JIHAD_p_TCGASNP_215_219_N_GenomeWideSNP_6_F01_1148412	7	141799160	143218858	943	0.0322
JIHAD_p_TCGASNP_215_219_N_GenomeWideSNP_6_F01_1148412	7	143218968	143513817	83	0.3078
JIHAD_p_TCGASNP_215_219_N_GenomeWideSNP_6_F01_1148412	7	143522663	143909445	291	-0.0171
JIHAD_p_TCGASNP_215_219_N_GenomeWideSNP_6_F01_1148412	7	143911624	144066947	39	-0.5082
JIHAD_p_TCGASNP_215_219_N_GenomeWideSNP_6_F01_1148412	7	144074929	150285104	3856	0.0101
JIHAD_p_TCGASNP_215_219_N_GenomeWideSNP_6_F01_1148412	7	150285801	150301569	8	-1.3385
JIHAD_p_TCGASNP_215_219_N_GenomeWideSNP_6_F01_1148412	7	150307922	154965379	3163	0.0214
JIHAD_p_TCGASNP_215_219_N_GenomeWideSNP_6_F01_1148412	7	154965392	154967127	14	0.4482
JIHAD_p_TCGASNP_215_219_N_GenomeWideSNP_6_F01_1148412	7	154968530	159127004	2662	0.0292
JIHAD_p_TCGASNP_215_219_N_GenomeWideSNP_6_F01_1148412	8	31254	593041	326	0.0891
JIHAD_p_TCGASNP_215_219_N_GenomeWideSNP_6_F01_1148412	8	594944	595908	10	1.2984
JIHAD_p_TCGASNP_215_219_N_GenomeWideSNP_6_F01_1148412	8	601043	3784187	3102	0.0107
JIHAD_p_TCGASNP_215_219_N_GenomeWideSNP_6_F01_1148412	8	3787060	3790106	24	-0.7304
JIHAD_p_TCGASNP_215_219_N_GenomeWideSNP_6_F01_1148412	8	3791218	7024567	4361	-0.002
JIHAD_p_TCGASNP_215_219_N_GenomeWideSNP_6_F01_1148412	8	7029990	7254328	40	-0.3783
JIHAD_p_TCGASNP_215_219_N_GenomeWideSNP_6_F01_1148412	8	7254341	7633123	82	-0.0024
JIHAD_p_TCGASNP_215_219_N_GenomeWideSNP_6_F01_1148412	8	7633289	7783216	54	-0.2487
JIHAD_p_TCGASNP_215_219_N_GenomeWideSNP_6_F01_1148412	8	7787601	7935855	37	0.0546
JIHAD_p_TCGASNP_215_219_N_GenomeWideSNP_6_F01_1148412	8	7943182	7978056	18	0.4365
JIHAD_p_TCGASNP_215_219_N_GenomeWideSNP_6_F01_1148412	8	7978171	11949551	3249	0.0054
JIHAD_p_TCGASNP_215_219_N_GenomeWideSNP_6_F01_1148412	8	11987726	12001123	6	-2.1367
JIHAD_p_TCGASNP_215_219_N_GenomeWideSNP_6_F01_1148412	8	12034307	12247486	49	0.5448
JIHAD_p_TCGASNP_215_219_N_GenomeWideSNP_6_F01_1148412	8	12260927	24971952	10492	-0.0027
JIHAD_p_TCGASNP_215_219_N_GenomeWideSNP_6_F01_1148412	8	24972187	24979554	15	-0.4073
JIHAD_p_TCGASNP_215_219_N_GenomeWideSNP_6_F01_1148412	8	24979904	24979987	7	-1.3192
JIHAD_p_TCGASNP_215_219_N_GenomeWideSNP_6_F01_1148412	8	24984069	26879078	1492	0.0028
JIHAD_p_TCGASNP_215_219_N_GenomeWideSNP_6_F01_1148412	8	26879523	26880682	6	-0.8313
JIHAD_p_TCGASNP_215_219_N_GenomeWideSNP_6_F01_1148412	8	26886807	31937136	3322	-7e-04
JIHAD_p_TCGASNP_215_219_N_GenomeWideSNP_6_F01_1148412	8	31937903	31938175	3	-1.0794
JIHAD_p_TCGASNP_215_219_N_GenomeWideSNP_6_F01_1148412	8	31940627	34269865	1539	0.0107
JIHAD_p_TCGASNP_215_219_N_GenomeWideSNP_6_F01_1148412	8	34275401	34275425	2	-1.2149
JIHAD_p_TCGASNP_215_219_N_GenomeWideSNP_6_F01_1148412	8	34277594	39230659	2684	0.0084
JIHAD_p_TCGASNP_215_219_N_GenomeWideSNP_6_F01_1148412	8	39235603	39386965	58	-2.2897
JIHAD_p_TCGASNP_215_219_N_GenomeWideSNP_6_F01_1148412	8	39388299	112295081	42081	-0.0021
JIHAD_p_TCGASNP_215_219_N_GenomeWideSNP_6_F01_1148412	8	112295202	112295260	3	-2.3738
JIHAD_p_TCGASNP_215_219_N_GenomeWideSNP_6_F01_1148412	8	112300281	120152010	4971	-0.0014
JIHAD_p_TCGASNP_215_219_N_GenomeWideSNP_6_F01_1148412	8	120154784	120159446	4	-0.8772
JIHAD_p_TCGASNP_215_219_N_GenomeWideSNP_6_F01_1148412	8	120162854	146298155	17968	0.0098
JIHAD_p_TCGASNP_215_219_N_GenomeWideSNP_6_F01_1148412	9	46587	881891	862	0.0048
JIHAD_p_TCGASNP_215_219_N_GenomeWideSNP_6_F01_1148412	9	884614	890524	7	-1.3264
JIHAD_p_TCGASNP_215_219_N_GenomeWideSNP_6_F01_1148412	9	892719	11360225	9915	-0.0063
JIHAD_p_TCGASNP_215_219_N_GenomeWideSNP_6_F01_1148412	9	11360784	11366606	3	-1.2595
JIHAD_p_TCGASNP_215_219_N_GenomeWideSNP_6_F01_1148412	9	11366747	16841628	4493	-0.0196
JIHAD_p_TCGASNP_215_219_N_GenomeWideSNP_6_F01_1148412	9	16841763	16848442	4	0.7368
JIHAD_p_TCGASNP_215_219_N_GenomeWideSNP_6_F01_1148412	9	16848790	17400622	439	0.0014
JIHAD_p_TCGASNP_215_219_N_GenomeWideSNP_6_F01_1148412	9	17406022	17407202	4	-1.0807
JIHAD_p_TCGASNP_215_219_N_GenomeWideSNP_6_F01_1148412	9	17407324	21673608	3609	0.0022
JIHAD_p_TCGASNP_215_219_N_GenomeWideSNP_6_F01_1148412	9	21679152	21682759	13	-0.5329
JIHAD_p_TCGASNP_215_219_N_GenomeWideSNP_6_F01_1148412	9	21683289	23361805	1128	0.0021
JIHAD_p_TCGASNP_215_219_N_GenomeWideSNP_6_F01_1148412	9	23363115	23373484	8	0.9957
JIHAD_p_TCGASNP_215_219_N_GenomeWideSNP_6_F01_1148412	9	23378488	29091097	4346	-0.0092
JIHAD_p_TCGASNP_215_219_N_GenomeWideSNP_6_F01_1148412	9	29094549	29094997	2	-3.3789
JIHAD_p_TCGASNP_215_219_N_GenomeWideSNP_6_F01_1148412	9	29097680	44629223	6669	-0.0041
JIHAD_p_TCGASNP_215_219_N_GenomeWideSNP_6_F01_1148412	9	44727859	44855737	36	-0.9204
JIHAD_p_TCGASNP_215_219_N_GenomeWideSNP_6_F01_1148412	9	44866028	141091394	48441	0.0023
JIHAD_p_TCGASNP_215_219_N_GenomeWideSNP_6_F01_1148412	10	72759	17927554	14891	0.0086
JIHAD_p_TCGASNP_215_219_N_GenomeWideSNP_6_F01_1148412	10	17938208	17949857	2	-2.1603
JIHAD_p_TCGASNP_215_219_N_GenomeWideSNP_6_F01_1148412	10	17971816	47897394	17075	-0.0029
JIHAD_p_TCGASNP_215_219_N_GenomeWideSNP_6_F01_1148412	10	47912899	47913401	2	-1.9716
JIHAD_p_TCGASNP_215_219_N_GenomeWideSNP_6_F01_1148412	10	47948060	62999068	9986	-0.0123
JIHAD_p_TCGASNP_215_219_N_GenomeWideSNP_6_F01_1148412	10	62999199	63002122	2	-1.1348
JIHAD_p_TCGASNP_215_219_N_GenomeWideSNP_6_F01_1148412	10	63003403	66462669	2227	-0.0099
JIHAD_p_TCGASNP_215_219_N_GenomeWideSNP_6_F01_1148412	10	66466164	66466483	3	-0.9885
JIHAD_p_TCGASNP_215_219_N_GenomeWideSNP_6_F01_1148412	10	66469234	67306276	581	-0.0176
JIHAD_p_TCGASNP_215_219_N_GenomeWideSNP_6_F01_1148412	10	67307923	67314446	28	0.5704
JIHAD_p_TCGASNP_215_219_N_GenomeWideSNP_6_F01_1148412	10	67322795	90938673	15873	-0.0059
JIHAD_p_TCGASNP_215_219_N_GenomeWideSNP_6_F01_1148412	10	90942967	90947909	9	-1.1195
JIHAD_p_TCGASNP_215_219_N_GenomeWideSNP_6_F01_1148412	10	90947968	135506704	30456	0.0068
JIHAD_p_TCGASNP_215_219_N_GenomeWideSNP_6_F01_1148412	11	198510	18940870	12767	-7e-04
JIHAD_p_TCGASNP_215_219_N_GenomeWideSNP_6_F01_1148412	11	18949072	18961738	51	-0.8342
JIHAD_p_TCGASNP_215_219_N_GenomeWideSNP_6_F01_1148412	11	18961818	37226935	13577	-0.0075
JIHAD_p_TCGASNP_215_219_N_GenomeWideSNP_6_F01_1148412	11	37234840	37235006	2	-1.358
JIHAD_p_TCGASNP_215_219_N_GenomeWideSNP_6_F01_1148412	11	37235615	49758987	7523	0.0021
JIHAD_p_TCGASNP_215_219_N_GenomeWideSNP_6_F01_1148412	11	49759555	49760688	6	-1.1627
JIHAD_p_TCGASNP_215_219_N_GenomeWideSNP_6_F01_1148412	11	49766161	54969861	544	0.0408
JIHAD_p_TCGASNP_215_219_N_GenomeWideSNP_6_F01_1148412	11	54976204	55032020	11	-0.5901
JIHAD_p_TCGASNP_215_219_N_GenomeWideSNP_6_F01_1148412	11	55034275	55376682	211	0.0209
JIHAD_p_TCGASNP_215_219_N_GenomeWideSNP_6_F01_1148412	11	55377878	55453576	45	0.3048
JIHAD_p_TCGASNP_215_219_N_GenomeWideSNP_6_F01_1148412	11	55460683	56240320	536	-0.0519
JIHAD_p_TCGASNP_215_219_N_GenomeWideSNP_6_F01_1148412	11	56242160	56242261	3	0.8847
JIHAD_p_TCGASNP_215_219_N_GenomeWideSNP_6_F01_1148412	11	56242354	59011167	1647	0.0064
JIHAD_p_TCGASNP_215_219_N_GenomeWideSNP_6_F01_1148412	11	59014658	59014749	2	-1.0157
JIHAD_p_TCGASNP_215_219_N_GenomeWideSNP_6_F01_1148412	11	59014784	62514299	2006	0.0099
JIHAD_p_TCGASNP_215_219_N_GenomeWideSNP_6_F01_1148412	11	62514321	62514800	2	1.2229
JIHAD_p_TCGASNP_215_219_N_GenomeWideSNP_6_F01_1148412	11	62514881	65294105	1193	0.0286
JIHAD_p_TCGASNP_215_219_N_GenomeWideSNP_6_F01_1148412	11	65296399	65491958	68	0.2633
JIHAD_p_TCGASNP_215_219_N_GenomeWideSNP_6_F01_1148412	11	65504381	84104447	10886	-8e-04
JIHAD_p_TCGASNP_215_219_N_GenomeWideSNP_6_F01_1148412	11	84105873	84111209	2	1.6278
JIHAD_p_TCGASNP_215_219_N_GenomeWideSNP_6_F01_1148412	11	84111384	92934333	5908	-0.0057
JIHAD_p_TCGASNP_215_219_N_GenomeWideSNP_6_F01_1148412	11	92936162	92938484	3	-1.4371
JIHAD_p_TCGASNP_215_219_N_GenomeWideSNP_6_F01_1148412	11	92941753	134944770	30194	0.0012
JIHAD_p_TCGASNP_215_219_N_GenomeWideSNP_6_F01_1148412	12	150442	869198	420	0.0902
JIHAD_p_TCGASNP_215_219_N_GenomeWideSNP_6_F01_1148412	12	869263	874029	16	-1.0627
JIHAD_p_TCGASNP_215_219_N_GenomeWideSNP_6_F01_1148412	12	875354	27786499	18376	0.0026
JIHAD_p_TCGASNP_215_219_N_GenomeWideSNP_6_F01_1148412	12	27787619	27787635	2	-1.4217
JIHAD_p_TCGASNP_215_219_N_GenomeWideSNP_6_F01_1148412	12	27788021	33301520	4070	0.0017
JIHAD_p_TCGASNP_215_219_N_GenomeWideSNP_6_F01_1148412	12	33301534	33308459	26	-0.5109
JIHAD_p_TCGASNP_215_219_N_GenomeWideSNP_6_F01_1148412	12	33308497	56050820	11503	-0.0034
JIHAD_p_TCGASNP_215_219_N_GenomeWideSNP_6_F01_1148412	12	56052867	56054767	3	-1.0687
JIHAD_p_TCGASNP_215_219_N_GenomeWideSNP_6_F01_1148412	12	56054791	60872604	2831	-0.0014
JIHAD_p_TCGASNP_215_219_N_GenomeWideSNP_6_F01_1148412	12	60874599	60877348	6	-1.0057
JIHAD_p_TCGASNP_215_219_N_GenomeWideSNP_6_F01_1148412	12	60880558	99791814	25058	-0.0056
JIHAD_p_TCGASNP_215_219_N_GenomeWideSNP_6_F01_1148412	12	99795293	99803093	32	-0.3694
JIHAD_p_TCGASNP_215_219_N_GenomeWideSNP_6_F01_1148412	12	99803118	127586353	18203	0.0019
JIHAD_p_TCGASNP_215_219_N_GenomeWideSNP_6_F01_1148412	12	127588646	127589151	6	0.7188
JIHAD_p_TCGASNP_215_219_N_GenomeWideSNP_6_F01_1148412	12	127590550	127632381	67	0.0078
JIHAD_p_TCGASNP_215_219_N_GenomeWideSNP_6_F01_1148412	12	127634136	127634847	8	-0.7431
JIHAD_p_TCGASNP_215_219_N_GenomeWideSNP_6_F01_1148412	12	127634960	130077390	2200	0.0263
JIHAD_p_TCGASNP_215_219_N_GenomeWideSNP_6_F01_1148412	12	130078048	130078213	2	-1.1371
JIHAD_p_TCGASNP_215_219_N_GenomeWideSNP_6_F01_1148412	12	130078280	132120715	1703	0.0453
JIHAD_p_TCGASNP_215_219_N_GenomeWideSNP_6_F01_1148412	12	132132584	132142331	14	0.5972
JIHAD_p_TCGASNP_215_219_N_GenomeWideSNP_6_F01_1148412	12	132142369	133778189	571	0.0643
JIHAD_p_TCGASNP_215_219_N_GenomeWideSNP_6_F01_1148412	13	19026949	28174634	6358	0.0069
JIHAD_p_TCGASNP_215_219_N_GenomeWideSNP_6_F01_1148412	13	28176427	28176625	3	-1.9449
JIHAD_p_TCGASNP_215_219_N_GenomeWideSNP_6_F01_1148412	13	28177866	53094799	17147	-0.0017
JIHAD_p_TCGASNP_215_219_N_GenomeWideSNP_6_F01_1148412	13	53097984	53105785	3	-1.8357
JIHAD_p_TCGASNP_215_219_N_GenomeWideSNP_6_F01_1148412	13	53117879	58583350	3081	-0.0108
JIHAD_p_TCGASNP_215_219_N_GenomeWideSNP_6_F01_1148412	13	58584790	58597030	7	-0.9418
JIHAD_p_TCGASNP_215_219_N_GenomeWideSNP_6_F01_1148412	13	58602052	72476988	8580	-0.0133
JIHAD_p_TCGASNP_215_219_N_GenomeWideSNP_6_F01_1148412	13	72477555	72480556	4	-3.1772
JIHAD_p_TCGASNP_215_219_N_GenomeWideSNP_6_F01_1148412	13	72480605	106316207	22970	-0.0044
JIHAD_p_TCGASNP_215_219_N_GenomeWideSNP_6_F01_1148412	13	106316825	106316978	4	-1.0428
JIHAD_p_TCGASNP_215_219_N_GenomeWideSNP_6_F01_1148412	13	106319372	115108397	6196	0.008
JIHAD_p_TCGASNP_215_219_N_GenomeWideSNP_6_F01_1148412	14	19002124	19422533	29	0.263
JIHAD_p_TCGASNP_215_219_N_GenomeWideSNP_6_F01_1148412	14	19432799	19846877	35	-0.3155
JIHAD_p_TCGASNP_215_219_N_GenomeWideSNP_6_F01_1148412	14	19849591	20118883	13	0.323
JIHAD_p_TCGASNP_215_219_N_GenomeWideSNP_6_F01_1148412	14	20135224	20422583	112	-0.4443
JIHAD_p_TCGASNP_215_219_N_GenomeWideSNP_6_F01_1148412	14	20423372	21175274	572	-0.0114
JIHAD_p_TCGASNP_215_219_N_GenomeWideSNP_6_F01_1148412	14	21176089	21176092	2	-0.9995
JIHAD_p_TCGASNP_215_219_N_GenomeWideSNP_6_F01_1148412	14	21178398	21454415	194	0.0318
JIHAD_p_TCGASNP_215_219_N_GenomeWideSNP_6_F01_1148412	14	21454625	21456092	3	-0.8287
JIHAD_p_TCGASNP_215_219_N_GenomeWideSNP_6_F01_1148412	14	21460160	22793143	958	0.0946
JIHAD_p_TCGASNP_215_219_N_GenomeWideSNP_6_F01_1148412	14	22794295	22797742	7	-1.0472
JIHAD_p_TCGASNP_215_219_N_GenomeWideSNP_6_F01_1148412	14	22800933	41610496	11920	-0.0013
JIHAD_p_TCGASNP_215_219_N_GenomeWideSNP_6_F01_1148412	14	41610690	41653977	12	-0.9363
JIHAD_p_TCGASNP_215_219_N_GenomeWideSNP_6_F01_1148412	14	41657249	106879831	41492	7e-04
JIHAD_p_TCGASNP_215_219_N_GenomeWideSNP_6_F01_1148412	14	106881352	106918108	50	-0.6784
JIHAD_p_TCGASNP_215_219_N_GenomeWideSNP_6_F01_1148412	14	106918649	107285437	224	-0.0567
JIHAD_p_TCGASNP_215_219_N_GenomeWideSNP_6_F01_1148412	15	20016328	20264286	54	0.0247
JIHAD_p_TCGASNP_215_219_N_GenomeWideSNP_6_F01_1148412	15	20265978	20550686	28	-1.0011
JIHAD_p_TCGASNP_215_219_N_GenomeWideSNP_6_F01_1148412	15	20556430	20578052	11	-2.6438
JIHAD_p_TCGASNP_215_219_N_GenomeWideSNP_6_F01_1148412	15	20578064	20581564	12	-0.3769
JIHAD_p_TCGASNP_215_219_N_GenomeWideSNP_6_F01_1148412	15	20585988	22280477	203	-1.2003
JIHAD_p_TCGASNP_215_219_N_GenomeWideSNP_6_F01_1148412	15	22284954	22582902	110	-0.6348
JIHAD_p_TCGASNP_215_219_N_GenomeWideSNP_6_F01_1148412	15	22584431	24485828	936	0.007
JIHAD_p_TCGASNP_215_219_N_GenomeWideSNP_6_F01_1148412	15	24493016	24680737	78	0.5397
JIHAD_p_TCGASNP_215_219_N_GenomeWideSNP_6_F01_1148412	15	24681036	34727189	6394	0.0195
JIHAD_p_TCGASNP_215_219_N_GenomeWideSNP_6_F01_1148412	15	34727622	34855818	64	-0.88
JIHAD_p_TCGASNP_215_219_N_GenomeWideSNP_6_F01_1148412	15	34858010	53784888	11650	0.0012
JIHAD_p_TCGASNP_215_219_N_GenomeWideSNP_6_F01_1148412	15	53784991	53785279	6	-0.8515
JIHAD_p_TCGASNP_215_219_N_GenomeWideSNP_6_F01_1148412	15	53790247	84540738	19274	-0.001
JIHAD_p_TCGASNP_215_219_N_GenomeWideSNP_6_F01_1148412	15	84542885	84543550	5	-0.9196
JIHAD_p_TCGASNP_215_219_N_GenomeWideSNP_6_F01_1148412	15	84547277	97808409	9810	0.002
JIHAD_p_TCGASNP_215_219_N_GenomeWideSNP_6_F01_1148412	15	97817792	97832187	11	-0.8379
JIHAD_p_TCGASNP_215_219_N_GenomeWideSNP_6_F01_1148412	15	97833649	102469040	3432	0.0198
JIHAD_p_TCGASNP_215_219_N_GenomeWideSNP_6_F01_1148412	16	60777	22590878	14868	0.0231
JIHAD_p_TCGASNP_215_219_N_GenomeWideSNP_6_F01_1148412	16	22591245	22710742	63	-0.3183
JIHAD_p_TCGASNP_215_219_N_GenomeWideSNP_6_F01_1148412	16	22712979	27259555	3294	0.0039
JIHAD_p_TCGASNP_215_219_N_GenomeWideSNP_6_F01_1148412	16	27260633	27260685	2	-1.025
JIHAD_p_TCGASNP_215_219_N_GenomeWideSNP_6_F01_1148412	16	27260954	34459037	2327	0.0421
JIHAD_p_TCGASNP_215_219_N_GenomeWideSNP_6_F01_1148412	16	34459527	34765093	174	0.5179
JIHAD_p_TCGASNP_215_219_N_GenomeWideSNP_6_F01_1148412	16	34765216	63152191	11247	-9e-04
JIHAD_p_TCGASNP_215_219_N_GenomeWideSNP_6_F01_1148412	16	63160174	63180763	20	-1.047
JIHAD_p_TCGASNP_215_219_N_GenomeWideSNP_6_F01_1148412	16	63186744	70151527	4134	6e-04
JIHAD_p_TCGASNP_215_219_N_GenomeWideSNP_6_F01_1148412	16	70151560	70246333	20	0.4725
JIHAD_p_TCGASNP_215_219_N_GenomeWideSNP_6_F01_1148412	16	70246339	74359878	2418	0.0106
JIHAD_p_TCGASNP_215_219_N_GenomeWideSNP_6_F01_1148412	16	74364023	74471420	25	0.4359
JIHAD_p_TCGASNP_215_219_N_GenomeWideSNP_6_F01_1148412	16	74472460	77597841	2371	0.0046
JIHAD_p_TCGASNP_215_219_N_GenomeWideSNP_6_F01_1148412	16	77598625	77598830	3	-1.0353
JIHAD_p_TCGASNP_215_219_N_GenomeWideSNP_6_F01_1148412	16	77599729	78371608	825	0.0033
JIHAD_p_TCGASNP_215_219_N_GenomeWideSNP_6_F01_1148412	16	78372440	78384738	16	-2.5585
JIHAD_p_TCGASNP_215_219_N_GenomeWideSNP_6_F01_1148412	16	78384765	80157024	2193	0.0129
JIHAD_p_TCGASNP_215_219_N_GenomeWideSNP_6_F01_1148412	16	80159229	80159559	3	-0.9829
JIHAD_p_TCGASNP_215_219_N_GenomeWideSNP_6_F01_1148412	16	80159704	80976014	850	0.0063
JIHAD_p_TCGASNP_215_219_N_GenomeWideSNP_6_F01_1148412	16	80976203	80979433	4	0.6597
JIHAD_p_TCGASNP_215_219_N_GenomeWideSNP_6_F01_1148412	16	80980289	80987035	8	-0.2067
JIHAD_p_TCGASNP_215_219_N_GenomeWideSNP_6_F01_1148412	16	80988802	81000132	11	0.1949
JIHAD_p_TCGASNP_215_219_N_GenomeWideSNP_6_F01_1148412	16	81000571	81004307	4	-0.3004
JIHAD_p_TCGASNP_215_219_N_GenomeWideSNP_6_F01_1148412	16	81005379	81005402	2	-0.9893
JIHAD_p_TCGASNP_215_219_N_GenomeWideSNP_6_F01_1148412	16	81006758	90287535	7577	0.0361
JIHAD_p_TCGASNP_215_219_N_GenomeWideSNP_6_F01_1148412	17	526	44163098	23518	0.0101
JIHAD_p_TCGASNP_215_219_N_GenomeWideSNP_6_F01_1148412	17	44165803	44362009	123	-0.4266
JIHAD_p_TCGASNP_215_219_N_GenomeWideSNP_6_F01_1148412	17	44362363	44505241	15	0.1814
JIHAD_p_TCGASNP_215_219_N_GenomeWideSNP_6_F01_1148412	17	44523711	44523726	2	2.3867
JIHAD_p_TCGASNP_215_219_N_GenomeWideSNP_6_F01_1148412	17	44546329	44764994	34	0.2491
JIHAD_p_TCGASNP_215_219_N_GenomeWideSNP_6_F01_1148412	17	44784652	55687489	7015	-0.0012
JIHAD_p_TCGASNP_215_219_N_GenomeWideSNP_6_F01_1148412	17	55688333	55688993	2	-1.7893
JIHAD_p_TCGASNP_215_219_N_GenomeWideSNP_6_F01_1148412	17	55691993	81049726	14610	0.009
JIHAD_p_TCGASNP_215_219_N_GenomeWideSNP_6_F01_1148412	18	11543	4970506	3532	0.0025
JIHAD_p_TCGASNP_215_219_N_GenomeWideSNP_6_F01_1148412	18	4971659	4973589	2	-1.4837
JIHAD_p_TCGASNP_215_219_N_GenomeWideSNP_6_F01_1148412	18	4974006	51252436	28290	0.0014
JIHAD_p_TCGASNP_215_219_N_GenomeWideSNP_6_F01_1148412	18	51252537	51278503	38	-0.2641
JIHAD_p_TCGASNP_215_219_N_GenomeWideSNP_6_F01_1148412	18	51278605	51524201	156	-0.0178
JIHAD_p_TCGASNP_215_219_N_GenomeWideSNP_6_F01_1148412	18	51524842	51525152	3	-1.6541
JIHAD_p_TCGASNP_215_219_N_GenomeWideSNP_6_F01_1148412	18	51528368	63200357	7989	-0.0062
JIHAD_p_TCGASNP_215_219_N_GenomeWideSNP_6_F01_1148412	18	63200466	63207211	21	0.7349
JIHAD_p_TCGASNP_215_219_N_GenomeWideSNP_6_F01_1148412	18	63207257	66746106	2592	-0.0123
JIHAD_p_TCGASNP_215_219_N_GenomeWideSNP_6_F01_1148412	18	66746244	66757709	39	-1.0985
JIHAD_p_TCGASNP_215_219_N_GenomeWideSNP_6_F01_1148412	18	66757750	78015057	8179	-0.0016
JIHAD_p_TCGASNP_215_219_N_GenomeWideSNP_6_F01_1148412	19	90910	5506659	1598	0.0347
JIHAD_p_TCGASNP_215_219_N_GenomeWideSNP_6_F01_1148412	19	5510239	5510653	3	-2.1224
JIHAD_p_TCGASNP_215_219_N_GenomeWideSNP_6_F01_1148412	19	5510700	21814919	8084	0.0185
JIHAD_p_TCGASNP_215_219_N_GenomeWideSNP_6_F01_1148412	19	21815640	21819869	2	-1.343
JIHAD_p_TCGASNP_215_219_N_GenomeWideSNP_6_F01_1148412	19	21820111	36845875	7611	0.0091
JIHAD_p_TCGASNP_215_219_N_GenomeWideSNP_6_F01_1148412	19	36846150	36847498	10	-1.1651
JIHAD_p_TCGASNP_215_219_N_GenomeWideSNP_6_F01_1148412	19	36847637	52131813	7663	0.0189
JIHAD_p_TCGASNP_215_219_N_GenomeWideSNP_6_F01_1148412	19	52142352	52148197	11	-0.9267
JIHAD_p_TCGASNP_215_219_N_GenomeWideSNP_6_F01_1148412	19	52154905	59097854	4387	0.0335
JIHAD_p_TCGASNP_215_219_N_GenomeWideSNP_6_F01_1148412	20	61305	1552503	1185	0.0192
JIHAD_p_TCGASNP_215_219_N_GenomeWideSNP_6_F01_1148412	20	1557190	1560999	21	-0.7902
JIHAD_p_TCGASNP_215_219_N_GenomeWideSNP_6_F01_1148412	20	1561580	1582207	36	-0.2801
JIHAD_p_TCGASNP_215_219_N_GenomeWideSNP_6_F01_1148412	20	1590257	24415277	17829	-0.002
JIHAD_p_TCGASNP_215_219_N_GenomeWideSNP_6_F01_1148412	20	24418791	24424704	9	0.6267
JIHAD_p_TCGASNP_215_219_N_GenomeWideSNP_6_F01_1148412	20	24427410	62956153	23442	0.0099
JIHAD_p_TCGASNP_215_219_N_GenomeWideSNP_6_F01_1148412	21	10736871	11123936	102	0.14
JIHAD_p_TCGASNP_215_219_N_GenomeWideSNP_6_F01_1148412	21	11124074	11124090	3	1.097
JIHAD_p_TCGASNP_215_219_N_GenomeWideSNP_6_F01_1148412	21	11125850	19636020	3312	-0.0091
JIHAD_p_TCGASNP_215_219_N_GenomeWideSNP_6_F01_1148412	21	19636243	19636978	3	-1.3828
JIHAD_p_TCGASNP_215_219_N_GenomeWideSNP_6_F01_1148412	21	19638464	20055257	294	-0.0129
JIHAD_p_TCGASNP_215_219_N_GenomeWideSNP_6_F01_1148412	21	20056087	20080384	27	0.582
JIHAD_p_TCGASNP_215_219_N_GenomeWideSNP_6_F01_1148412	21	20080934	44968053	18918	0.0017
JIHAD_p_TCGASNP_215_219_N_GenomeWideSNP_6_F01_1148412	21	44970873	44972812	2	-2.5328
JIHAD_p_TCGASNP_215_219_N_GenomeWideSNP_6_F01_1148412	21	44973667	48096957	1766	0.0419
JIHAD_p_TCGASNP_215_219_N_GenomeWideSNP_6_F01_1148412	22	16052528	18655860	1214	0.0042
JIHAD_p_TCGASNP_215_219_N_GenomeWideSNP_6_F01_1148412	22	18672885	18805861	10	-0.8103
JIHAD_p_TCGASNP_215_219_N_GenomeWideSNP_6_F01_1148412	22	18810094	21572214	1633	0.0866
JIHAD_p_TCGASNP_215_219_N_GenomeWideSNP_6_F01_1148412	22	21595029	21708108	6	-0.9641
JIHAD_p_TCGASNP_215_219_N_GenomeWideSNP_6_F01_1148412	22	21721603	25664801	2606	0.0408
JIHAD_p_TCGASNP_215_219_N_GenomeWideSNP_6_F01_1148412	22	25664832	25849902	176	-0.7289
JIHAD_p_TCGASNP_215_219_N_GenomeWideSNP_6_F01_1148412	22	25851035	25906504	76	-1.1441
JIHAD_p_TCGASNP_215_219_N_GenomeWideSNP_6_F01_1148412	22	25906898	25918709	38	-0.8079
JIHAD_p_TCGASNP_215_219_N_GenomeWideSNP_6_F01_1148412	22	25922342	39290920	9719	0.0033
JIHAD_p_TCGASNP_215_219_N_GenomeWideSNP_6_F01_1148412	22	39295255	39296904	3	-2.9799
JIHAD_p_TCGASNP_215_219_N_GenomeWideSNP_6_F01_1148412	22	39299114	51234455	8093	0.031
JIHAD_p_TCGASNP_215_219_N_GenomeWideSNP_6_F01_1148412	X	168477	55701259	32338	-0.0014
JIHAD_p_TCGASNP_215_219_N_GenomeWideSNP_6_F01_1148412	X	55702659	55707556	3	-1.712
JIHAD_p_TCGASNP_215_219_N_GenomeWideSNP_6_F01_1148412	X	55707686	155182354	52285	0.0035
JIHAD_p_TCGASNP_215_219_N_GenomeWideSNP_6_F01_1148412	Y	2650438	6110498	874	-2.6229
JIHAD_p_TCGASNP_215_219_N_GenomeWideSNP_6_F01_1148412	Y	6112554	6424299	126	-3.9268
JIHAD_p_TCGASNP_215_219_N_GenomeWideSNP_6_F01_1148412	Y	6426233	19063565	4424	-3.2117
JIHAD_p_TCGASNP_215_219_N_GenomeWideSNP_6_F01_1148412	Y	19068122	19297985	97	-3.8251
JIHAD_p_TCGASNP_215_219_N_GenomeWideSNP_6_F01_1148412	Y	19300250	19570247	141	-3.1395
JIHAD_p_TCGASNP_215_219_N_GenomeWideSNP_6_F01_1148412	Y	19570632	21088297	706	-3.7739
JIHAD_p_TCGASNP_215_219_N_GenomeWideSNP_6_F01_1148412	Y	21088485	23653771	978	-3.2369
JIHAD_p_TCGASNP_215_219_N_GenomeWideSNP_6_F01_1148412	Y	23683731	23690350	2	-8.6439
JIHAD_p_TCGASNP_215_219_N_GenomeWideSNP_6_F01_1148412	Y	23715701	23859163	73	-3.0623
JIHAD_p_TCGASNP_215_219_N_GenomeWideSNP_6_F01_1148412	Y	23859468	26430674	567	-3.6491
JIHAD_p_TCGASNP_215_219_N_GenomeWideSNP_6_F01_1148412	Y	26430908	26482387	20	-2.0442
JIHAD_p_TCGASNP_215_219_N_GenomeWideSNP_6_F01_1148412	Y	26489997	27436702	102	-4.0797
JIHAD_p_TCGASNP_215_219_N_GenomeWideSNP_6_F01_1148412	Y	27444915	27695095	86	-2.7367
JIHAD_p_TCGASNP_215_219_N_GenomeWideSNP_6_F01_1148412	Y	27717799	28452016	263	-3.8244
JIHAD_p_TCGASNP_215_219_N_GenomeWideSNP_6_F01_1148412	Y	28457337	59018259	176	-2.7668
