GDC_Aliquot	Chromosome	Start	End	Num_Probes	Segment_Mean
d1bf3cc0-e1ad-4fa1-95af-0a64d76850b4	1	62920	814954	31	0.1928
d1bf3cc0-e1ad-4fa1-95af-0a64d76850b4	1	817186	16477281	8584	0.0024
d1bf3cc0-e1ad-4fa1-95af-0a64d76850b4	1	16477846	16679281	49	0.2582
d1bf3cc0-e1ad-4fa1-95af-0a64d76850b4	1	16679483	16721701	8	-0.2412
d1bf3cc0-e1ad-4fa1-95af-0a64d76850b4	1	16721910	16863509	17	0.2223
d1bf3cc0-e1ad-4fa1-95af-0a64d76850b4	1	16864367	16935752	54	-0.3743
d1bf3cc0-e1ad-4fa1-95af-0a64d76850b4	1	16949746	25256850	5255	0.0037
d1bf3cc0-e1ad-4fa1-95af-0a64d76850b4	1	25266637	25320455	24	0.3849
d1bf3cc0-e1ad-4fa1-95af-0a64d76850b4	1	25336819	40556404	8143	0.0049
d1bf3cc0-e1ad-4fa1-95af-0a64d76850b4	1	40562178	40562538	3	-1.1066
d1bf3cc0-e1ad-4fa1-95af-0a64d76850b4	1	40563254	72284670	20556	0.0008
d1bf3cc0-e1ad-4fa1-95af-0a64d76850b4	1	72290430	72297687	9	-0.826
d1bf3cc0-e1ad-4fa1-95af-0a64d76850b4	1	72302735	104460999	20468	0.0005
d1bf3cc0-e1ad-4fa1-95af-0a64d76850b4	1	104465938	104468075	6	-0.7182
d1bf3cc0-e1ad-4fa1-95af-0a64d76850b4	1	104472586	105470132	516	0.0002
d1bf3cc0-e1ad-4fa1-95af-0a64d76850b4	1	105470754	105481468	21	0.3047
d1bf3cc0-e1ad-4fa1-95af-0a64d76850b4	1	105481515	109684893	2627	0.0013
d1bf3cc0-e1ad-4fa1-95af-0a64d76850b4	1	109690352	109697556	13	-1.0953
d1bf3cc0-e1ad-4fa1-95af-0a64d76850b4	1	109702376	121510495	7097	0.0052
d1bf3cc0-e1ad-4fa1-95af-0a64d76850b4	1	121512704	145642990	184	0.1147
d1bf3cc0-e1ad-4fa1-95af-0a64d76850b4	1	145664420	152583051	2296	0.0118
d1bf3cc0-e1ad-4fa1-95af-0a64d76850b4	1	152583230	152613762	31	0.9699
d1bf3cc0-e1ad-4fa1-95af-0a64d76850b4	1	152613802	152787202	171	0.009
d1bf3cc0-e1ad-4fa1-95af-0a64d76850b4	1	152789447	152795883	35	0.3403
d1bf3cc0-e1ad-4fa1-95af-0a64d76850b4	1	152796094	158519811	3244	0.0015
d1bf3cc0-e1ad-4fa1-95af-0a64d76850b4	1	158519843	158519987	5	-0.7939
d1bf3cc0-e1ad-4fa1-95af-0a64d76850b4	1	158524903	158533560	7	0.017
d1bf3cc0-e1ad-4fa1-95af-0a64d76850b4	1	158536293	158537942	3	-0.7669
d1bf3cc0-e1ad-4fa1-95af-0a64d76850b4	1	158540437	158896783	352	-0.0237
d1bf3cc0-e1ad-4fa1-95af-0a64d76850b4	1	158898711	158899969	2	1.5288
d1bf3cc0-e1ad-4fa1-95af-0a64d76850b4	1	158905028	174827267	11186	0.0027
d1bf3cc0-e1ad-4fa1-95af-0a64d76850b4	1	174827418	174828195	7	-1.1321
d1bf3cc0-e1ad-4fa1-95af-0a64d76850b4	1	174828247	174832702	9	-0.319
d1bf3cc0-e1ad-4fa1-95af-0a64d76850b4	1	174832716	179361393	3074	0.004
d1bf3cc0-e1ad-4fa1-95af-0a64d76850b4	1	179362247	179364180	3	-1.2931
d1bf3cc0-e1ad-4fa1-95af-0a64d76850b4	1	179370071	196843377	11615	0.0049
d1bf3cc0-e1ad-4fa1-95af-0a64d76850b4	1	196843400	196846661	2	-2.1294
d1bf3cc0-e1ad-4fa1-95af-0a64d76850b4	1	196847600	199142235	1373	0.0042
d1bf3cc0-e1ad-4fa1-95af-0a64d76850b4	1	199142298	199144712	8	-0.7127
d1bf3cc0-e1ad-4fa1-95af-0a64d76850b4	1	199145110	209897717	7393	-0.0046
d1bf3cc0-e1ad-4fa1-95af-0a64d76850b4	1	209908268	209908720	2	-1.8828
d1bf3cc0-e1ad-4fa1-95af-0a64d76850b4	1	209910639	245473108	24807	0.0008
d1bf3cc0-e1ad-4fa1-95af-0a64d76850b4	1	245473737	245483602	11	-1.0097
d1bf3cc0-e1ad-4fa1-95af-0a64d76850b4	1	245486349	248930189	2187	0.0086
d1bf3cc0-e1ad-4fa1-95af-0a64d76850b4	2	12784	23537152	17485	0.0016
d1bf3cc0-e1ad-4fa1-95af-0a64d76850b4	2	23537173	23537267	2	-1.168
d1bf3cc0-e1ad-4fa1-95af-0a64d76850b4	2	23537726	34427804	6572	0.0027
d1bf3cc0-e1ad-4fa1-95af-0a64d76850b4	2	34434869	34511446	56	-0.3034
d1bf3cc0-e1ad-4fa1-95af-0a64d76850b4	2	34511990	35750907	872	0.0012
d1bf3cc0-e1ad-4fa1-95af-0a64d76850b4	2	35752724	35762850	6	-2.2872
d1bf3cc0-e1ad-4fa1-95af-0a64d76850b4	2	35762881	52527743	12126	0.0028
d1bf3cc0-e1ad-4fa1-95af-0a64d76850b4	2	52531615	52554404	33	-0.4489
d1bf3cc0-e1ad-4fa1-95af-0a64d76850b4	2	52560811	57271922	3446	0.0062
d1bf3cc0-e1ad-4fa1-95af-0a64d76850b4	2	57275484	57280699	3	-0.9086
d1bf3cc0-e1ad-4fa1-95af-0a64d76850b4	2	57286723	88903504	19183	0.0029
d1bf3cc0-e1ad-4fa1-95af-0a64d76850b4	2	88903597	96013758	726	0.0641
d1bf3cc0-e1ad-4fa1-95af-0a64d76850b4	2	96019128	97192190	449	0.0225
d1bf3cc0-e1ad-4fa1-95af-0a64d76850b4	2	97199600	97211436	14	-0.3665
d1bf3cc0-e1ad-4fa1-95af-0a64d76850b4	2	97310327	97359885	13	0.0462
d1bf3cc0-e1ad-4fa1-95af-0a64d76850b4	2	97524284	97545726	9	1.0069
d1bf3cc0-e1ad-4fa1-95af-0a64d76850b4	2	97550415	106257550	5560	0.0006
d1bf3cc0-e1ad-4fa1-95af-0a64d76850b4	2	106258041	106268901	15	-0.4067
d1bf3cc0-e1ad-4fa1-95af-0a64d76850b4	2	106270799	128880504	13380	0.0022
d1bf3cc0-e1ad-4fa1-95af-0a64d76850b4	2	128880904	128882723	14	-0.6376
d1bf3cc0-e1ad-4fa1-95af-0a64d76850b4	2	128882741	242147305	69474	0.0018
d1bf3cc0-e1ad-4fa1-95af-0a64d76850b4	3	20930	37935926	27621	0.0069
d1bf3cc0-e1ad-4fa1-95af-0a64d76850b4	3	37940617	37945437	18	-0.814
d1bf3cc0-e1ad-4fa1-95af-0a64d76850b4	3	37945615	52989195	8071	0.0074
d1bf3cc0-e1ad-4fa1-95af-0a64d76850b4	3	52994359	53005100	37	-0.7208
d1bf3cc0-e1ad-4fa1-95af-0a64d76850b4	3	53005201	60834427	5816	0.0143
d1bf3cc0-e1ad-4fa1-95af-0a64d76850b4	3	60838058	60838831	5	-1.0018
d1bf3cc0-e1ad-4fa1-95af-0a64d76850b4	3	60839149	68697013	6207	0.013
d1bf3cc0-e1ad-4fa1-95af-0a64d76850b4	3	68697108	68698262	14	0.9404
d1bf3cc0-e1ad-4fa1-95af-0a64d76850b4	3	68699607	75345284	4859	0.0045
d1bf3cc0-e1ad-4fa1-95af-0a64d76850b4	3	75348062	75702172	101	0.2187
d1bf3cc0-e1ad-4fa1-95af-0a64d76850b4	3	75705264	99218119	10939	0.0063
d1bf3cc0-e1ad-4fa1-95af-0a64d76850b4	3	99218940	99230264	31	-0.6167
d1bf3cc0-e1ad-4fa1-95af-0a64d76850b4	3	99230312	162869490	39045	0.0068
d1bf3cc0-e1ad-4fa1-95af-0a64d76850b4	3	162869779	162908207	27	-0.282
d1bf3cc0-e1ad-4fa1-95af-0a64d76850b4	3	162908784	193160113	19153	0.0069
d1bf3cc0-e1ad-4fa1-95af-0a64d76850b4	3	193160173	193165114	19	-0.9438
d1bf3cc0-e1ad-4fa1-95af-0a64d76850b4	3	193168646	198169247	2688	0.0113
d1bf3cc0-e1ad-4fa1-95af-0a64d76850b4	4	68929	10208766	5698	0.005
d1bf3cc0-e1ad-4fa1-95af-0a64d76850b4	4	10212536	10229874	29	-2.1649
d1bf3cc0-e1ad-4fa1-95af-0a64d76850b4	4	10232590	34777432	16975	-0.001
d1bf3cc0-e1ad-4fa1-95af-0a64d76850b4	4	34784878	34823103	38	-0.7787
d1bf3cc0-e1ad-4fa1-95af-0a64d76850b4	4	34828250	44996767	6629	-0.0027
d1bf3cc0-e1ad-4fa1-95af-0a64d76850b4	4	44996872	45004318	10	-0.6369
d1bf3cc0-e1ad-4fa1-95af-0a64d76850b4	4	45008952	49152752	2326	-0.0007
d1bf3cc0-e1ad-4fa1-95af-0a64d76850b4	4	49159741	49656206	24	0.3822
d1bf3cc0-e1ad-4fa1-95af-0a64d76850b4	4	49656595	59107300	4807	-0.0039
d1bf3cc0-e1ad-4fa1-95af-0a64d76850b4	4	59108353	59122391	9	0.5774
d1bf3cc0-e1ad-4fa1-95af-0a64d76850b4	4	59123359	59454315	226	-0.0124
d1bf3cc0-e1ad-4fa1-95af-0a64d76850b4	4	59459231	59464727	5	0.7009
d1bf3cc0-e1ad-4fa1-95af-0a64d76850b4	4	59465817	65700083	3724	-0.0008
d1bf3cc0-e1ad-4fa1-95af-0a64d76850b4	4	65701338	65701480	3	-0.9253
d1bf3cc0-e1ad-4fa1-95af-0a64d76850b4	4	65703050	68354665	1665	0.0054
d1bf3cc0-e1ad-4fa1-95af-0a64d76850b4	4	68361130	68395346	7	1.8904
d1bf3cc0-e1ad-4fa1-95af-0a64d76850b4	4	68416487	68509237	19	0.0434
d1bf3cc0-e1ad-4fa1-95af-0a64d76850b4	4	68509442	68639397	64	-0.3583
d1bf3cc0-e1ad-4fa1-95af-0a64d76850b4	4	68640616	69177789	276	-0.0055
d1bf3cc0-e1ad-4fa1-95af-0a64d76850b4	4	69178840	69381203	99	0.1526
d1bf3cc0-e1ad-4fa1-95af-0a64d76850b4	4	69383212	86054070	10418	0
d1bf3cc0-e1ad-4fa1-95af-0a64d76850b4	4	86054941	86058611	19	-0.8718
d1bf3cc0-e1ad-4fa1-95af-0a64d76850b4	4	86058791	102849783	9988	0.0021
d1bf3cc0-e1ad-4fa1-95af-0a64d76850b4	4	102857314	102865842	4	-0.7501
d1bf3cc0-e1ad-4fa1-95af-0a64d76850b4	4	102865911	103294549	202	-0.0024
d1bf3cc0-e1ad-4fa1-95af-0a64d76850b4	4	103296943	103296945	3	0.7248
d1bf3cc0-e1ad-4fa1-95af-0a64d76850b4	4	103298947	103824414	366	0.0039
d1bf3cc0-e1ad-4fa1-95af-0a64d76850b4	4	103830473	103830480	5	0.9809
d1bf3cc0-e1ad-4fa1-95af-0a64d76850b4	4	103830487	114252544	6296	0.0045
d1bf3cc0-e1ad-4fa1-95af-0a64d76850b4	4	114254167	114261019	23	-1.9147
d1bf3cc0-e1ad-4fa1-95af-0a64d76850b4	4	114263073	115251820	614	0.0012
d1bf3cc0-e1ad-4fa1-95af-0a64d76850b4	4	115251886	115252079	5	0.6495
d1bf3cc0-e1ad-4fa1-95af-0a64d76850b4	4	115252113	121360818	3719	0.003
d1bf3cc0-e1ad-4fa1-95af-0a64d76850b4	4	121361313	121369976	29	-0.9281
d1bf3cc0-e1ad-4fa1-95af-0a64d76850b4	4	121370367	129254594	4415	0.0046
d1bf3cc0-e1ad-4fa1-95af-0a64d76850b4	4	129255330	129257175	2	-1.3233
d1bf3cc0-e1ad-4fa1-95af-0a64d76850b4	4	129258419	154881396	15254	-0.0002
d1bf3cc0-e1ad-4fa1-95af-0a64d76850b4	4	154881853	154881926	3	1.1179
d1bf3cc0-e1ad-4fa1-95af-0a64d76850b4	4	154882047	160952848	3919	0.0017
d1bf3cc0-e1ad-4fa1-95af-0a64d76850b4	4	160958866	160963756	21	-0.5404
d1bf3cc0-e1ad-4fa1-95af-0a64d76850b4	4	160963767	171448195	6667	0.0046
d1bf3cc0-e1ad-4fa1-95af-0a64d76850b4	4	171453733	171456293	8	0.6761
d1bf3cc0-e1ad-4fa1-95af-0a64d76850b4	4	171456307	172066676	398	0.0164
d1bf3cc0-e1ad-4fa1-95af-0a64d76850b4	4	172066706	172074828	15	0.5497
d1bf3cc0-e1ad-4fa1-95af-0a64d76850b4	4	172075742	184907164	8628	0.0042
d1bf3cc0-e1ad-4fa1-95af-0a64d76850b4	4	184907523	184912855	2	-1.2096
d1bf3cc0-e1ad-4fa1-95af-0a64d76850b4	4	184914068	189267889	3093	0.0025
d1bf3cc0-e1ad-4fa1-95af-0a64d76850b4	4	189273964	189278110	4	-2.6591
d1bf3cc0-e1ad-4fa1-95af-0a64d76850b4	4	189278617	190106768	350	0.0232
d1bf3cc0-e1ad-4fa1-95af-0a64d76850b4	5	15532	12815668	10184	0.0036
d1bf3cc0-e1ad-4fa1-95af-0a64d76850b4	5	12815753	12819964	8	-1.6449
d1bf3cc0-e1ad-4fa1-95af-0a64d76850b4	5	12824299	50589998	20655	0.0033
d1bf3cc0-e1ad-4fa1-95af-0a64d76850b4	5	50593888	50684769	35	0.2569
d1bf3cc0-e1ad-4fa1-95af-0a64d76850b4	5	50684968	58025759	4856	-0.0046
d1bf3cc0-e1ad-4fa1-95af-0a64d76850b4	5	58025819	58037706	33	-0.6053
d1bf3cc0-e1ad-4fa1-95af-0a64d76850b4	5	58042530	73293314	8482	0.0033
d1bf3cc0-e1ad-4fa1-95af-0a64d76850b4	5	73297011	73297775	2	-1.299
d1bf3cc0-e1ad-4fa1-95af-0a64d76850b4	5	73300607	104515520	18337	0.0004
d1bf3cc0-e1ad-4fa1-95af-0a64d76850b4	5	104524672	104524903	4	1.6566
d1bf3cc0-e1ad-4fa1-95af-0a64d76850b4	5	104525348	129543464	16781	0.0012
d1bf3cc0-e1ad-4fa1-95af-0a64d76850b4	5	129545317	129549409	5	-0.8221
d1bf3cc0-e1ad-4fa1-95af-0a64d76850b4	5	129551015	140839137	6426	0.003
d1bf3cc0-e1ad-4fa1-95af-0a64d76850b4	5	140844251	140852254	10	-1.096
d1bf3cc0-e1ad-4fa1-95af-0a64d76850b4	5	140862894	175946505	24272	0.0034
d1bf3cc0-e1ad-4fa1-95af-0a64d76850b4	5	175960543	176033084	13	0.355
d1bf3cc0-e1ad-4fa1-95af-0a64d76850b4	5	176038686	176042504	2	-1.8498
d1bf3cc0-e1ad-4fa1-95af-0a64d76850b4	5	176043321	180947484	2516	-0.005
d1bf3cc0-e1ad-4fa1-95af-0a64d76850b4	5	180947523	181006225	21	-0.5181
d1bf3cc0-e1ad-4fa1-95af-0a64d76850b4	5	181006264	181363319	169	0.024
d1bf3cc0-e1ad-4fa1-95af-0a64d76850b4	6	149661	251566	93	0.0453
d1bf3cc0-e1ad-4fa1-95af-0a64d76850b4	6	251648	257353	9	0.1857
d1bf3cc0-e1ad-4fa1-95af-0a64d76850b4	6	258265	294725	21	0.5041
d1bf3cc0-e1ad-4fa1-95af-0a64d76850b4	6	294837	378703	76	0.19
d1bf3cc0-e1ad-4fa1-95af-0a64d76850b4	6	379015	29869295	21437	0.0046
d1bf3cc0-e1ad-4fa1-95af-0a64d76850b4	6	29869410	29881111	12	0.6495
d1bf3cc0-e1ad-4fa1-95af-0a64d76850b4	6	29881260	32463515	1174	0.0354
d1bf3cc0-e1ad-4fa1-95af-0a64d76850b4	6	32463775	32634330	54	-0.5456
d1bf3cc0-e1ad-4fa1-95af-0a64d76850b4	6	32634492	32718419	48	0.0903
d1bf3cc0-e1ad-4fa1-95af-0a64d76850b4	6	32720838	32722250	8	-0.1738
d1bf3cc0-e1ad-4fa1-95af-0a64d76850b4	6	32723020	32723053	3	-0.9635
d1bf3cc0-e1ad-4fa1-95af-0a64d76850b4	6	32732907	52759800	12660	0.0043
d1bf3cc0-e1ad-4fa1-95af-0a64d76850b4	6	52760252	52762393	7	0.5507
d1bf3cc0-e1ad-4fa1-95af-0a64d76850b4	6	52764971	54066353	975	-0.0016
d1bf3cc0-e1ad-4fa1-95af-0a64d76850b4	6	54066432	54067057	6	-1.5816
d1bf3cc0-e1ad-4fa1-95af-0a64d76850b4	6	54070550	54980887	603	-0.0084
d1bf3cc0-e1ad-4fa1-95af-0a64d76850b4	6	54983657	54985341	4	-0.9178
d1bf3cc0-e1ad-4fa1-95af-0a64d76850b4	6	54987314	66328153	4755	0.0013
d1bf3cc0-e1ad-4fa1-95af-0a64d76850b4	6	66331020	66333299	7	-0.8681
d1bf3cc0-e1ad-4fa1-95af-0a64d76850b4	6	66333342	73882142	5015	0.0026
d1bf3cc0-e1ad-4fa1-95af-0a64d76850b4	6	73882509	73891694	10	0.6657
d1bf3cc0-e1ad-4fa1-95af-0a64d76850b4	6	73893839	76072971	1336	0.0008
d1bf3cc0-e1ad-4fa1-95af-0a64d76850b4	6	76073214	76076837	3	-0.9176
d1bf3cc0-e1ad-4fa1-95af-0a64d76850b4	6	76079147	76726815	429	0.0008
d1bf3cc0-e1ad-4fa1-95af-0a64d76850b4	6	76730151	76743040	21	-0.6928
d1bf3cc0-e1ad-4fa1-95af-0a64d76850b4	6	76751356	78225040	953	-0.007
d1bf3cc0-e1ad-4fa1-95af-0a64d76850b4	6	78225092	78322875	133	0.1954
d1bf3cc0-e1ad-4fa1-95af-0a64d76850b4	6	78325223	124110629	28209	0.0019
d1bf3cc0-e1ad-4fa1-95af-0a64d76850b4	6	124114796	124149220	20	0.6108
d1bf3cc0-e1ad-4fa1-95af-0a64d76850b4	6	124149616	133945130	6359	0.0037
d1bf3cc0-e1ad-4fa1-95af-0a64d76850b4	6	133947933	133948494	2	-2.2083
d1bf3cc0-e1ad-4fa1-95af-0a64d76850b4	6	133950934	170741917	25074	0.0021
d1bf3cc0-e1ad-4fa1-95af-0a64d76850b4	7	43355	15392007	10373	0.0038
d1bf3cc0-e1ad-4fa1-95af-0a64d76850b4	7	15392045	15393664	2	-1.9818
d1bf3cc0-e1ad-4fa1-95af-0a64d76850b4	7	15394440	16556132	940	-0.006
d1bf3cc0-e1ad-4fa1-95af-0a64d76850b4	7	16557026	16557233	3	-0.9381
d1bf3cc0-e1ad-4fa1-95af-0a64d76850b4	7	16557815	16764365	171	0.0158
d1bf3cc0-e1ad-4fa1-95af-0a64d76850b4	7	16766676	16768847	2	-1.445
d1bf3cc0-e1ad-4fa1-95af-0a64d76850b4	7	16771928	26092670	7321	0.0022
d1bf3cc0-e1ad-4fa1-95af-0a64d76850b4	7	26102772	26105793	4	-0.8042
d1bf3cc0-e1ad-4fa1-95af-0a64d76850b4	7	26107599	32105003	4318	0.0035
d1bf3cc0-e1ad-4fa1-95af-0a64d76850b4	7	32109568	32123476	3	-0.9675
d1bf3cc0-e1ad-4fa1-95af-0a64d76850b4	7	32125901	38279738	4223	-0.0001
d1bf3cc0-e1ad-4fa1-95af-0a64d76850b4	7	38279777	38365370	116	0.1983
d1bf3cc0-e1ad-4fa1-95af-0a64d76850b4	7	38365496	45344142	4445	0.0023
d1bf3cc0-e1ad-4fa1-95af-0a64d76850b4	7	45344914	45344980	3	-2.4245
d1bf3cc0-e1ad-4fa1-95af-0a64d76850b4	7	45347964	54318812	6532	0.0012
d1bf3cc0-e1ad-4fa1-95af-0a64d76850b4	7	54318816	54318824	5	-1.772
d1bf3cc0-e1ad-4fa1-95af-0a64d76850b4	7	54325795	68934786	4907	0.0186
d1bf3cc0-e1ad-4fa1-95af-0a64d76850b4	7	68941073	68942063	2	-2.1051
d1bf3cc0-e1ad-4fa1-95af-0a64d76850b4	7	68942209	120662233	30030	0.0029
d1bf3cc0-e1ad-4fa1-95af-0a64d76850b4	7	120664313	120672705	7	-1.0068
d1bf3cc0-e1ad-4fa1-95af-0a64d76850b4	7	120675165	126405632	3546	-0.0006
d1bf3cc0-e1ad-4fa1-95af-0a64d76850b4	7	126405690	126406561	8	-1.4543
d1bf3cc0-e1ad-4fa1-95af-0a64d76850b4	7	126406822	134100424	4697	-0.0027
d1bf3cc0-e1ad-4fa1-95af-0a64d76850b4	7	134100442	134110881	23	-1.718
d1bf3cc0-e1ad-4fa1-95af-0a64d76850b4	7	134110912	134114444	11	-0.6098
d1bf3cc0-e1ad-4fa1-95af-0a64d76850b4	7	134121491	141312927	4719	-0.0014
d1bf3cc0-e1ad-4fa1-95af-0a64d76850b4	7	141313205	141316789	4	-1.1053
d1bf3cc0-e1ad-4fa1-95af-0a64d76850b4	7	141317255	142434344	771	0.0062
d1bf3cc0-e1ad-4fa1-95af-0a64d76850b4	7	142434838	142804120	176	0.134
d1bf3cc0-e1ad-4fa1-95af-0a64d76850b4	7	142804157	144012606	606	-0.0036
d1bf3cc0-e1ad-4fa1-95af-0a64d76850b4	7	144013003	144014058	7	-0.8525
d1bf3cc0-e1ad-4fa1-95af-0a64d76850b4	7	144014076	150575278	3976	0.0035
d1bf3cc0-e1ad-4fa1-95af-0a64d76850b4	7	150581287	150581426	2	-1.2411
d1bf3cc0-e1ad-4fa1-95af-0a64d76850b4	7	150583184	153449694	1715	0.0069
d1bf3cc0-e1ad-4fa1-95af-0a64d76850b4	7	153449796	153450627	10	0.4792
d1bf3cc0-e1ad-4fa1-95af-0a64d76850b4	7	153450630	153458437	18	0.0455
d1bf3cc0-e1ad-4fa1-95af-0a64d76850b4	7	153459721	153461832	4	0.706
d1bf3cc0-e1ad-4fa1-95af-0a64d76850b4	7	153466025	154598185	829	0.019
d1bf3cc0-e1ad-4fa1-95af-0a64d76850b4	7	154601461	154607903	4	0.9529
d1bf3cc0-e1ad-4fa1-95af-0a64d76850b4	7	154609120	155172850	568	-0.0192
d1bf3cc0-e1ad-4fa1-95af-0a64d76850b4	7	155173669	155173682	2	-0.9556
d1bf3cc0-e1ad-4fa1-95af-0a64d76850b4	7	155174804	155671335	344	0.0092
d1bf3cc0-e1ad-4fa1-95af-0a64d76850b4	7	155673169	155676942	3	-1.0479
d1bf3cc0-e1ad-4fa1-95af-0a64d76850b4	7	155683042	156472592	594	0.0128
d1bf3cc0-e1ad-4fa1-95af-0a64d76850b4	7	156472643	156472881	2	-1.7972
d1bf3cc0-e1ad-4fa1-95af-0a64d76850b4	7	156474771	159334314	1717	0.0039
d1bf3cc0-e1ad-4fa1-95af-0a64d76850b4	8	81254	3926665	3349	-0.0005
d1bf3cc0-e1ad-4fa1-95af-0a64d76850b4	8	3929538	3932515	23	-0.7284
d1bf3cc0-e1ad-4fa1-95af-0a64d76850b4	8	3932584	4218149	494	-0.0169
d1bf3cc0-e1ad-4fa1-95af-0a64d76850b4	8	4218274	4218866	3	-1.2207
d1bf3cc0-e1ad-4fa1-95af-0a64d76850b4	8	4219153	7137595	3838	-0.001
d1bf3cc0-e1ad-4fa1-95af-0a64d76850b4	8	7141698	7329124	15	0.3449
d1bf3cc0-e1ad-4fa1-95af-0a64d76850b4	8	7336299	7380497	20	0.9338
d1bf3cc0-e1ad-4fa1-95af-0a64d76850b4	8	7396819	7890177	26	0.4144
d1bf3cc0-e1ad-4fa1-95af-0a64d76850b4	8	7919608	8102048	12	0.042
d1bf3cc0-e1ad-4fa1-95af-0a64d76850b4	8	8104937	8120447	3	-1.0807
d1bf3cc0-e1ad-4fa1-95af-0a64d76850b4	8	8120649	12092042	3223	0.01
d1bf3cc0-e1ad-4fa1-95af-0a64d76850b4	8	12130217	12143614	6	1.184
d1bf3cc0-e1ad-4fa1-95af-0a64d76850b4	8	12176798	12470324	35	-0.0395
d1bf3cc0-e1ad-4fa1-95af-0a64d76850b4	8	12496221	12695279	37	0.3363
d1bf3cc0-e1ad-4fa1-95af-0a64d76850b4	8	12695325	25114672	10371	0.0062
d1bf3cc0-e1ad-4fa1-95af-0a64d76850b4	8	25116928	25126708	25	-0.4826
d1bf3cc0-e1ad-4fa1-95af-0a64d76850b4	8	25126735	39373140	9015	-0.0005
d1bf3cc0-e1ad-4fa1-95af-0a64d76850b4	8	39378084	39529446	59	0.6968
d1bf3cc0-e1ad-4fa1-95af-0a64d76850b4	8	39530780	54296370	7255	0.0007
d1bf3cc0-e1ad-4fa1-95af-0a64d76850b4	8	54296561	54298558	6	-0.746
d1bf3cc0-e1ad-4fa1-95af-0a64d76850b4	8	54298653	111279265	34728	-0.001
d1bf3cc0-e1ad-4fa1-95af-0a64d76850b4	8	111282050	111283016	9	-1.6587
d1bf3cc0-e1ad-4fa1-95af-0a64d76850b4	8	111283031	114619814	1821	0.0047
d1bf3cc0-e1ad-4fa1-95af-0a64d76850b4	8	114622258	114626166	15	-0.9063
d1bf3cc0-e1ad-4fa1-95af-0a64d76850b4	8	114626238	114628679	8	-0.0298
d1bf3cc0-e1ad-4fa1-95af-0a64d76850b4	8	114628759	114629340	9	-0.7485
d1bf3cc0-e1ad-4fa1-95af-0a64d76850b4	8	114629356	145072769	21042	-0.0013
d1bf3cc0-e1ad-4fa1-95af-0a64d76850b4	9	46587	602903	508	0.0225
d1bf3cc0-e1ad-4fa1-95af-0a64d76850b4	9	606699	606961	4	-2.0725
d1bf3cc0-e1ad-4fa1-95af-0a64d76850b4	9	607307	4499697	4119	0.0085
d1bf3cc0-e1ad-4fa1-95af-0a64d76850b4	9	4500231	4501338	2	-1.1944
d1bf3cc0-e1ad-4fa1-95af-0a64d76850b4	9	4504448	10403105	5330	0.0022
d1bf3cc0-e1ad-4fa1-95af-0a64d76850b4	9	10404138	10404986	2	1.7616
d1bf3cc0-e1ad-4fa1-95af-0a64d76850b4	9	10407943	22492890	9860	0.0008
d1bf3cc0-e1ad-4fa1-95af-0a64d76850b4	9	22501914	22502700	2	-3.4865
d1bf3cc0-e1ad-4fa1-95af-0a64d76850b4	9	22509341	23361807	580	0.0073
d1bf3cc0-e1ad-4fa1-95af-0a64d76850b4	9	23363117	23373486	8	0.6057
d1bf3cc0-e1ad-4fa1-95af-0a64d76850b4	9	23378490	24514405	809	0.0126
d1bf3cc0-e1ad-4fa1-95af-0a64d76850b4	9	24514688	24514900	2	-1.2558
d1bf3cc0-e1ad-4fa1-95af-0a64d76850b4	9	24515113	39588611	9927	0.0006
d1bf3cc0-e1ad-4fa1-95af-0a64d76850b4	9	39747848	68375055	404	0.1508
d1bf3cc0-e1ad-4fa1-95af-0a64d76850b4	9	68381085	138200944	47875	0.0044
d1bf3cc0-e1ad-4fa1-95af-0a64d76850b4	10	45792	13007585	10897	0.0088
d1bf3cc0-e1ad-4fa1-95af-0a64d76850b4	10	13007600	13008170	8	-0.88
d1bf3cc0-e1ad-4fa1-95af-0a64d76850b4	10	13008428	24086334	8275	0.0018
d1bf3cc0-e1ad-4fa1-95af-0a64d76850b4	10	24088745	24089125	11	0.7558
d1bf3cc0-e1ad-4fa1-95af-0a64d76850b4	10	24089979	38781690	9846	0.0062
d1bf3cc0-e1ad-4fa1-95af-0a64d76850b4	10	38783075	42288046	53	0.2185
d1bf3cc0-e1ad-4fa1-95af-0a64d76850b4	10	42292394	45574604	2264	0.0057
d1bf3cc0-e1ad-4fa1-95af-0a64d76850b4	10	45577424	45585913	8	-0.5145
d1bf3cc0-e1ad-4fa1-95af-0a64d76850b4	10	45587723	46442116	283	0.0316
d1bf3cc0-e1ad-4fa1-95af-0a64d76850b4	10	46446814	46657149	50	0.4341
d1bf3cc0-e1ad-4fa1-95af-0a64d76850b4	10	46693480	47559596	299	0.0038
d1bf3cc0-e1ad-4fa1-95af-0a64d76850b4	10	47622159	48173568	20	0.5434
d1bf3cc0-e1ad-4fa1-95af-0a64d76850b4	10	48179571	50070600	1373	-0.0004
d1bf3cc0-e1ad-4fa1-95af-0a64d76850b4	10	50081224	50132160	4	-1.9894
d1bf3cc0-e1ad-4fa1-95af-0a64d76850b4	10	50144008	81118403	21124	0.0043
d1bf3cc0-e1ad-4fa1-95af-0a64d76850b4	10	81121574	81130027	10	-0.9484
d1bf3cc0-e1ad-4fa1-95af-0a64d76850b4	10	81134713	118211184	24703	0.0051
d1bf3cc0-e1ad-4fa1-95af-0a64d76850b4	10	118214462	118214730	2	-1.1016
d1bf3cc0-e1ad-4fa1-95af-0a64d76850b4	10	118215315	128954728	8173	0.0046
d1bf3cc0-e1ad-4fa1-95af-0a64d76850b4	10	128957435	128958357	2	-3.5442
d1bf3cc0-e1ad-4fa1-95af-0a64d76850b4	10	128958528	133654968	3190	0.0092
d1bf3cc0-e1ad-4fa1-95af-0a64d76850b4	11	198510	4705210	2141	-0.0023
d1bf3cc0-e1ad-4fa1-95af-0a64d76850b4	11	4705388	4705661	5	-0.9162
d1bf3cc0-e1ad-4fa1-95af-0a64d76850b4	11	4707904	50322626	31845	0.002
d1bf3cc0-e1ad-4fa1-95af-0a64d76850b4	11	50322719	54743970	175	0.1248
d1bf3cc0-e1ad-4fa1-95af-0a64d76850b4	11	54762035	54766290	3	-1.3072
d1bf3cc0-e1ad-4fa1-95af-0a64d76850b4	11	54782119	55609022	294	0.0497
d1bf3cc0-e1ad-4fa1-95af-0a64d76850b4	11	55609035	55674842	39	-0.7134
d1bf3cc0-e1ad-4fa1-95af-0a64d76850b4	11	55676735	55677818	4	0.2458
d1bf3cc0-e1ad-4fa1-95af-0a64d76850b4	11	55678469	55686100	8	-0.9341
d1bf3cc0-e1ad-4fa1-95af-0a64d76850b4	11	55693207	67705434	6215	0.0002
d1bf3cc0-e1ad-4fa1-95af-0a64d76850b4	11	67708130	67964843	68	0.1812
d1bf3cc0-e1ad-4fa1-95af-0a64d76850b4	11	67968943	92097323	14999	-0.0003
d1bf3cc0-e1ad-4fa1-95af-0a64d76850b4	11	92097492	92097877	2	1.1076
d1bf3cc0-e1ad-4fa1-95af-0a64d76850b4	11	92099538	106438145	10423	-0.0015
d1bf3cc0-e1ad-4fa1-95af-0a64d76850b4	11	106438994	106442640	6	-0.8529
d1bf3cc0-e1ad-4fa1-95af-0a64d76850b4	11	106444969	135074876	20538	0.0037
d1bf3cc0-e1ad-4fa1-95af-0a64d76850b4	12	51460	8268228	5551	0.0063
d1bf3cc0-e1ad-4fa1-95af-0a64d76850b4	12	8275839	8409838	50	0.2103
d1bf3cc0-e1ad-4fa1-95af-0a64d76850b4	12	8410039	11061546	1622	-0.0004
d1bf3cc0-e1ad-4fa1-95af-0a64d76850b4	12	11062773	11088933	13	0.5502
d1bf3cc0-e1ad-4fa1-95af-0a64d76850b4	12	11099275	18773098	5237	0.0021
d1bf3cc0-e1ad-4fa1-95af-0a64d76850b4	12	18782255	18782560	2	-1.093
d1bf3cc0-e1ad-4fa1-95af-0a64d76850b4	12	18782999	22203247	2288	0.0022
d1bf3cc0-e1ad-4fa1-95af-0a64d76850b4	12	22207289	22207315	2	-2.0215
d1bf3cc0-e1ad-4fa1-95af-0a64d76850b4	12	22209411	60478823	22285	0.0013
d1bf3cc0-e1ad-4fa1-95af-0a64d76850b4	12	60480818	60483567	6	-1.0217
d1bf3cc0-e1ad-4fa1-95af-0a64d76850b4	12	60486777	104987330	28647	-0.0002
d1bf3cc0-e1ad-4fa1-95af-0a64d76850b4	12	104990198	104990226	2	1.7661
d1bf3cc0-e1ad-4fa1-95af-0a64d76850b4	12	104991121	131613371	18489	0.006
d1bf3cc0-e1ad-4fa1-95af-0a64d76850b4	12	131613387	131614448	3	-1.0178
d1bf3cc0-e1ad-4fa1-95af-0a64d76850b4	12	131615979	131636170	16	-0.0895
d1bf3cc0-e1ad-4fa1-95af-0a64d76850b4	12	131648039	131648790	13	-1.8393
d1bf3cc0-e1ad-4fa1-95af-0a64d76850b4	12	131657925	132902365	415	-0.0037
d1bf3cc0-e1ad-4fa1-95af-0a64d76850b4	12	132903614	132907697	3	-0.9632
d1bf3cc0-e1ad-4fa1-95af-0a64d76850b4	12	132908136	133201603	139	-0.0286
d1bf3cc0-e1ad-4fa1-95af-0a64d76850b4	13	18452809	20318259	916	0.0081
d1bf3cc0-e1ad-4fa1-95af-0a64d76850b4	13	20318465	20318550	2	-1.1144
d1bf3cc0-e1ad-4fa1-95af-0a64d76850b4	13	20319292	22518745	1569	0.0101
d1bf3cc0-e1ad-4fa1-95af-0a64d76850b4	13	22522688	22532716	7	0.5248
d1bf3cc0-e1ad-4fa1-95af-0a64d76850b4	13	22540474	23055071	360	-0.0038
d1bf3cc0-e1ad-4fa1-95af-0a64d76850b4	13	23058539	23059376	12	-0.4707
d1bf3cc0-e1ad-4fa1-95af-0a64d76850b4	13	23064056	113663924	61033	0.0005
d1bf3cc0-e1ad-4fa1-95af-0a64d76850b4	13	113664174	113867884	34	0.513
d1bf3cc0-e1ad-4fa1-95af-0a64d76850b4	13	113877048	114342922	181	-0.0206
d1bf3cc0-e1ad-4fa1-95af-0a64d76850b4	14	18239283	18640726	15	0.1127
d1bf3cc0-e1ad-4fa1-95af-0a64d76850b4	14	18646056	19049265	16	-0.5419
d1bf3cc0-e1ad-4fa1-95af-0a64d76850b4	14	19078442	19921562	115	0.1698
d1bf3cc0-e1ad-4fa1-95af-0a64d76850b4	14	19922395	21775218	1218	0.0123
d1bf3cc0-e1ad-4fa1-95af-0a64d76850b4	14	21776773	22519044	674	0.125
d1bf3cc0-e1ad-4fa1-95af-0a64d76850b4	14	22519593	73534419	32173	0.002
d1bf3cc0-e1ad-4fa1-95af-0a64d76850b4	14	73540003	73554275	8	-1.8029
d1bf3cc0-e1ad-4fa1-95af-0a64d76850b4	14	73563196	85098551	7592	0.0038
d1bf3cc0-e1ad-4fa1-95af-0a64d76850b4	14	85098682	85098951	6	-0.6472
d1bf3cc0-e1ad-4fa1-95af-0a64d76850b4	14	85099082	105613310	13043	-0.0004
d1bf3cc0-e1ad-4fa1-95af-0a64d76850b4	14	105616252	105650524	6	0.992
d1bf3cc0-e1ad-4fa1-95af-0a64d76850b4	14	105653302	106290506	198	0.0384
d1bf3cc0-e1ad-4fa1-95af-0a64d76850b4	14	106294285	106365807	30	0.3788
d1bf3cc0-e1ad-4fa1-95af-0a64d76850b4	14	106369985	106877229	270	0.0148
d1bf3cc0-e1ad-4fa1-95af-0a64d76850b4	15	19811075	19936704	24	0.2832
d1bf3cc0-e1ad-4fa1-95af-0a64d76850b4	15	19938156	20372908	63	-0.0059
d1bf3cc0-e1ad-4fa1-95af-0a64d76850b4	15	20373168	20376311	8	0.4685
d1bf3cc0-e1ad-4fa1-95af-0a64d76850b4	15	20380735	20396799	20	-0.5701
d1bf3cc0-e1ad-4fa1-95af-0a64d76850b4	15	20397118	20670989	36	-0.0779
d1bf3cc0-e1ad-4fa1-95af-0a64d76850b4	15	20981071	20982677	2	-1.3673
d1bf3cc0-e1ad-4fa1-95af-0a64d76850b4	15	20986779	30077828	4674	0.0064
d1bf3cc0-e1ad-4fa1-95af-0a64d76850b4	15	30094208	30231102	12	0.47
d1bf3cc0-e1ad-4fa1-95af-0a64d76850b4	15	30252720	53902792	14579	0.0049
d1bf3cc0-e1ad-4fa1-95af-0a64d76850b4	15	53908153	53910302	3	-2.5633
d1bf3cc0-e1ad-4fa1-95af-0a64d76850b4	15	53912031	76586021	14474	-0.0026
d1bf3cc0-e1ad-4fa1-95af-0a64d76850b4	15	76598900	76603434	22	0.8261
d1bf3cc0-e1ad-4fa1-95af-0a64d76850b4	15	76609838	101928837	17604	0.0046
d1bf3cc0-e1ad-4fa1-95af-0a64d76850b4	16	10777	35225338	20157	0.0082
d1bf3cc0-e1ad-4fa1-95af-0a64d76850b4	16	35232200	35522700	168	0.5153
d1bf3cc0-e1ad-4fa1-95af-0a64d76850b4	16	35526596	55762598	6596	0.0022
d1bf3cc0-e1ad-4fa1-95af-0a64d76850b4	16	55762663	55788532	20	-0.6809
d1bf3cc0-e1ad-4fa1-95af-0a64d76850b4	16	55808442	55834527	14	0.3702
d1bf3cc0-e1ad-4fa1-95af-0a64d76850b4	16	55836505	70105639	8737	0
d1bf3cc0-e1ad-4fa1-95af-0a64d76850b4	16	70117657	70212022	19	0.6089
d1bf3cc0-e1ad-4fa1-95af-0a64d76850b4	16	70212430	73698704	1809	-0.0053
d1bf3cc0-e1ad-4fa1-95af-0a64d76850b4	16	73701243	73714113	12	-0.4638
d1bf3cc0-e1ad-4fa1-95af-0a64d76850b4	16	73714871	78338714	3684	0.0032
d1bf3cc0-e1ad-4fa1-95af-0a64d76850b4	16	78338949	78342480	5	-1.5527
d1bf3cc0-e1ad-4fa1-95af-0a64d76850b4	16	78342814	78351540	12	-0.4043
d1bf3cc0-e1ad-4fa1-95af-0a64d76850b4	16	78351585	81469521	3512	0.0099
d1bf3cc0-e1ad-4fa1-95af-0a64d76850b4	16	81469798	81475371	10	-0.2486
d1bf3cc0-e1ad-4fa1-95af-0a64d76850b4	16	81476550	81479031	6	-0.7519
d1bf3cc0-e1ad-4fa1-95af-0a64d76850b4	16	81479216	83760390	2585	0.006
d1bf3cc0-e1ad-4fa1-95af-0a64d76850b4	16	83760392	83760401	2	-1.3964
d1bf3cc0-e1ad-4fa1-95af-0a64d76850b4	16	83760419	84357052	535	0.0058
d1bf3cc0-e1ad-4fa1-95af-0a64d76850b4	16	84357821	84366067	6	-0.7213
d1bf3cc0-e1ad-4fa1-95af-0a64d76850b4	16	84367244	90096867	3946	-0.0059
d1bf3cc0-e1ad-4fa1-95af-0a64d76850b4	17	150733	8339592	4530	-0.0002
d1bf3cc0-e1ad-4fa1-95af-0a64d76850b4	17	8344229	8344415	2	-2.6979
d1bf3cc0-e1ad-4fa1-95af-0a64d76850b4	17	8346140	41266838	16268	0.0063
d1bf3cc0-e1ad-4fa1-95af-0a64d76850b4	17	41266851	41274198	18	-1.3663
d1bf3cc0-e1ad-4fa1-95af-0a64d76850b4	17	41274279	43083782	992	-0.0041
d1bf3cc0-e1ad-4fa1-95af-0a64d76850b4	17	43087220	43090976	12	-0.4595
d1bf3cc0-e1ad-4fa1-95af-0a64d76850b4	17	43091014	46085732	1491	0.0071
d1bf3cc0-e1ad-4fa1-95af-0a64d76850b4	17	46088437	46571001	129	0.3343
d1bf3cc0-e1ad-4fa1-95af-0a64d76850b4	17	46664059	83091923	21535	0.004
d1bf3cc0-e1ad-4fa1-95af-0a64d76850b4	18	48133	1914399	1322	-0.0015
d1bf3cc0-e1ad-4fa1-95af-0a64d76850b4	18	1916607	1921010	11	0.4456
d1bf3cc0-e1ad-4fa1-95af-0a64d76850b4	18	1921137	4971660	2189	-0.006
d1bf3cc0-e1ad-4fa1-95af-0a64d76850b4	18	4973590	4974686	3	-1.1439
d1bf3cc0-e1ad-4fa1-95af-0a64d76850b4	18	4975986	14100458	6511	-0.0061
d1bf3cc0-e1ad-4fa1-95af-0a64d76850b4	18	14101338	20966787	368	0.0743
d1bf3cc0-e1ad-4fa1-95af-0a64d76850b4	18	20968244	40678763	12375	-0.0001
d1bf3cc0-e1ad-4fa1-95af-0a64d76850b4	18	40680456	40685425	19	-0.7803
d1bf3cc0-e1ad-4fa1-95af-0a64d76850b4	18	40688060	41281985	408	0.0091
d1bf3cc0-e1ad-4fa1-95af-0a64d76850b4	18	41285561	41286136	2	1.553
d1bf3cc0-e1ad-4fa1-95af-0a64d76850b4	18	41289570	44394853	1957	-0.0033
d1bf3cc0-e1ad-4fa1-95af-0a64d76850b4	18	44396921	44398660	6	-1.1019
d1bf3cc0-e1ad-4fa1-95af-0a64d76850b4	18	44402706	53677765	6536	-0.0009
d1bf3cc0-e1ad-4fa1-95af-0a64d76850b4	18	53680839	53684270	5	-0.8906
d1bf3cc0-e1ad-4fa1-95af-0a64d76850b4	18	53685778	66095064	8628	-0.001
d1bf3cc0-e1ad-4fa1-95af-0a64d76850b4	18	66099904	66100686	3	-2.7346
d1bf3cc0-e1ad-4fa1-95af-0a64d76850b4	18	66108359	70285714	3058	0.0006
d1bf3cc0-e1ad-4fa1-95af-0a64d76850b4	18	70286439	70286792	2	-1.2938
d1bf3cc0-e1ad-4fa1-95af-0a64d76850b4	18	70291746	73008305	2010	-0.0055
d1bf3cc0-e1ad-4fa1-95af-0a64d76850b4	18	73012857	73022489	3	0.9401
d1bf3cc0-e1ad-4fa1-95af-0a64d76850b4	18	73028590	80257174	5292	-0.0049
d1bf3cc0-e1ad-4fa1-95af-0a64d76850b4	19	90910	53013829	25686	0.0036
d1bf3cc0-e1ad-4fa1-95af-0a64d76850b4	19	53015494	53048976	22	0.9384
d1bf3cc0-e1ad-4fa1-95af-0a64d76850b4	19	53050987	58586487	3369	-0.0014
d1bf3cc0-e1ad-4fa1-95af-0a64d76850b4	20	80664	1580353	1202	-0.0029
d1bf3cc0-e1ad-4fa1-95af-0a64d76850b4	20	1580934	1609611	37	1.1016
d1bf3cc0-e1ad-4fa1-95af-0a64d76850b4	20	1609809	15320728	10384	-0.0011
d1bf3cc0-e1ad-4fa1-95af-0a64d76850b4	20	15321256	15321403	2	-2.1631
d1bf3cc0-e1ad-4fa1-95af-0a64d76850b4	20	15321728	26217295	8335	-0.0037
d1bf3cc0-e1ad-4fa1-95af-0a64d76850b4	20	26229118	30417073	88	0.171
d1bf3cc0-e1ad-4fa1-95af-0a64d76850b4	20	31247246	38376710	3674	0.0036
d1bf3cc0-e1ad-4fa1-95af-0a64d76850b4	20	38382143	38383652	5	-1.189
d1bf3cc0-e1ad-4fa1-95af-0a64d76850b4	20	38390010	64324800	18607	-0.0002
d1bf3cc0-e1ad-4fa1-95af-0a64d76850b4	21	10354168	10579237	58	0.1285
d1bf3cc0-e1ad-4fa1-95af-0a64d76850b4	21	10582026	10756733	28	-0.273
d1bf3cc0-e1ad-4fa1-95af-0a64d76850b4	21	10775586	13160062	22	0.0121
d1bf3cc0-e1ad-4fa1-95af-0a64d76850b4	21	13160229	13974127	215	0.1108
d1bf3cc0-e1ad-4fa1-95af-0a64d76850b4	21	13975300	16738711	1895	-0.0052
d1bf3cc0-e1ad-4fa1-95af-0a64d76850b4	21	16740643	16741468	4	-0.8582
d1bf3cc0-e1ad-4fa1-95af-0a64d76850b4	21	16742039	28388854	8759	-0.019
d1bf3cc0-e1ad-4fa1-95af-0a64d76850b4	21	28389659	28394035	8	-0.7288
d1bf3cc0-e1ad-4fa1-95af-0a64d76850b4	21	28394475	44602612	11631	-0.0206
d1bf3cc0-e1ad-4fa1-95af-0a64d76850b4	21	44603656	44603796	4	-0.8196
d1bf3cc0-e1ad-4fa1-95af-0a64d76850b4	21	44603809	46677045	1218	-0.0156
d1bf3cc0-e1ad-4fa1-95af-0a64d76850b4	22	15294547	50796027	23243	0.0057
d1bf3cc0-e1ad-4fa1-95af-0a64d76850b4	X	251810	155952689	82599	0.0003
d1bf3cc0-e1ad-4fa1-95af-0a64d76850b4	Y	2782397	9334951	2232	-0.747
d1bf3cc0-e1ad-4fa1-95af-0a64d76850b4	Y	9354290	9550385	17	-0.3043
d1bf3cc0-e1ad-4fa1-95af-0a64d76850b4	Y	9550653	21924037	4091	-0.7497
d1bf3cc0-e1ad-4fa1-95af-0a64d76850b4	Y	21961640	22197200	6	0.2608
d1bf3cc0-e1ad-4fa1-95af-0a64d76850b4	Y	22213784	56872112	294	-0.6987
