Sample	Chromosome	Start	End	Num_Probes	Segment_Mean
SITUS_p_TCGAb50_SNP_N_GenomeWideSNP_6_F11_680210	1	3218610	101644210	56861	0.0174
SITUS_p_TCGAb50_SNP_N_GenomeWideSNP_6_F11_680210	1	101648328	101655292	2	-1.9452
SITUS_p_TCGAb50_SNP_N_GenomeWideSNP_6_F11_680210	1	101655670	247813706	72286	0.0138
SITUS_p_TCGAb50_SNP_N_GenomeWideSNP_6_F11_680210	2	484222	242476062	131324	0.0192
SITUS_p_TCGAb50_SNP_N_GenomeWideSNP_6_F11_680210	3	2212571	59705135	33403	-0.3872
SITUS_p_TCGAb50_SNP_N_GenomeWideSNP_6_F11_680210	3	61026351	61416962	315	0.0329
SITUS_p_TCGAb50_SNP_N_GenomeWideSNP_6_F11_680210	3	61422276	61594769	121	-0.4058
SITUS_p_TCGAb50_SNP_N_GenomeWideSNP_6_F11_680210	3	61595751	197538677	72558	0.0124
SITUS_p_TCGAb50_SNP_N_GenomeWideSNP_6_F11_680210	4	1053934	141971172	77741	0.0085
SITUS_p_TCGAb50_SNP_N_GenomeWideSNP_6_F11_680210	4	141973830	141974307	3	-1.6686
SITUS_p_TCGAb50_SNP_N_GenomeWideSNP_6_F11_680210	4	141977311	149371266	4101	0.0042
SITUS_p_TCGAb50_SNP_N_GenomeWideSNP_6_F11_680210	4	149373358	149373388	2	-1.3184
SITUS_p_TCGAb50_SNP_N_GenomeWideSNP_6_F11_680210	4	149375177	153684358	2133	0.0024
SITUS_p_TCGAb50_SNP_N_GenomeWideSNP_6_F11_680210	4	153684516	153684617	2	0.9133
SITUS_p_TCGAb50_SNP_N_GenomeWideSNP_6_F11_680210	4	153686275	156066559	1483	0.0125
SITUS_p_TCGAb50_SNP_N_GenomeWideSNP_6_F11_680210	4	156068534	156069689	3	-2.3935
SITUS_p_TCGAb50_SNP_N_GenomeWideSNP_6_F11_680210	4	156069879	167364945	6363	0.0031
SITUS_p_TCGAb50_SNP_N_GenomeWideSNP_6_F11_680210	4	167367597	167368812	3	-1.1451
SITUS_p_TCGAb50_SNP_N_GenomeWideSNP_6_F11_680210	4	167369019	180284127	6870	0.0096
SITUS_p_TCGAb50_SNP_N_GenomeWideSNP_6_F11_680210	4	180284170	180286262	10	-0.4455
SITUS_p_TCGAb50_SNP_N_GenomeWideSNP_6_F11_680210	4	180289086	188763651	4042	0.0033
SITUS_p_TCGAb50_SNP_N_GenomeWideSNP_6_F11_680210	5	914233	21304545	12569	0.0043
SITUS_p_TCGAb50_SNP_N_GenomeWideSNP_6_F11_680210	5	21304688	21308232	5	-0.7659
SITUS_p_TCGAb50_SNP_N_GenomeWideSNP_6_F11_680210	5	21311214	86932357	33932	0.0081
SITUS_p_TCGAb50_SNP_N_GenomeWideSNP_6_F11_680210	5	86932966	110656017	11718	0.3032
SITUS_p_TCGAb50_SNP_N_GenomeWideSNP_6_F11_680210	5	110684487	110752207	41	0.5318
SITUS_p_TCGAb50_SNP_N_GenomeWideSNP_6_F11_680210	5	110752310	110777648	31	0.2632
SITUS_p_TCGAb50_SNP_N_GenomeWideSNP_6_F11_680210	5	110779829	111748635	703	0.539
SITUS_p_TCGAb50_SNP_N_GenomeWideSNP_6_F11_680210	5	111748999	114756455	2057	0.3021
SITUS_p_TCGAb50_SNP_N_GenomeWideSNP_6_F11_680210	5	114756637	114756862	5	-0.3264
SITUS_p_TCGAb50_SNP_N_GenomeWideSNP_6_F11_680210	5	114759078	114854685	82	0.3016
SITUS_p_TCGAb50_SNP_N_GenomeWideSNP_6_F11_680210	5	114862806	114998730	74	0.0347
SITUS_p_TCGAb50_SNP_N_GenomeWideSNP_6_F11_680210	5	115007424	117088421	1182	0.2921
SITUS_p_TCGAb50_SNP_N_GenomeWideSNP_6_F11_680210	5	117089354	117344724	165	0.5464
SITUS_p_TCGAb50_SNP_N_GenomeWideSNP_6_F11_680210	5	117348507	117379328	22	0.2953
SITUS_p_TCGAb50_SNP_N_GenomeWideSNP_6_F11_680210	5	117379681	117382324	2	-0.793
SITUS_p_TCGAb50_SNP_N_GenomeWideSNP_6_F11_680210	5	117386089	119437458	1223	0.2938
SITUS_p_TCGAb50_SNP_N_GenomeWideSNP_6_F11_680210	5	119438763	120473771	458	0.5625
SITUS_p_TCGAb50_SNP_N_GenomeWideSNP_6_F11_680210	5	120474258	122951996	1453	0.305
SITUS_p_TCGAb50_SNP_N_GenomeWideSNP_6_F11_680210	5	122957164	123316577	186	0.5057
SITUS_p_TCGAb50_SNP_N_GenomeWideSNP_6_F11_680210	5	123316710	180360469	34613	0.3052
SITUS_p_TCGAb50_SNP_N_GenomeWideSNP_6_F11_680210	6	1014281	23833447	16128	0.0175
SITUS_p_TCGAb50_SNP_N_GenomeWideSNP_6_F11_680210	6	23833992	23835343	2	-1.6733
SITUS_p_TCGAb50_SNP_N_GenomeWideSNP_6_F11_680210	6	23835993	53507627	15549	0.0194
SITUS_p_TCGAb50_SNP_N_GenomeWideSNP_6_F11_680210	6	53507774	53508327	3	-1.4173
SITUS_p_TCGAb50_SNP_N_GenomeWideSNP_6_F11_680210	6	53508672	55048340	1021	-0.0034
SITUS_p_TCGAb50_SNP_N_GenomeWideSNP_6_F11_680210	6	55049033	55050023	2	-1.0144
SITUS_p_TCGAb50_SNP_N_GenomeWideSNP_6_F11_680210	6	55053890	64885338	2417	0.0065
SITUS_p_TCGAb50_SNP_N_GenomeWideSNP_6_F11_680210	6	64885858	64887700	2	-1.287
SITUS_p_TCGAb50_SNP_N_GenomeWideSNP_6_F11_680210	6	64887924	72808603	4499	0.0016
SITUS_p_TCGAb50_SNP_N_GenomeWideSNP_6_F11_680210	6	72808956	72808971	2	-1.1537
SITUS_p_TCGAb50_SNP_N_GenomeWideSNP_6_F11_680210	6	72808983	73573771	477	0.0105
SITUS_p_TCGAb50_SNP_N_GenomeWideSNP_6_F11_680210	6	73574224	73575168	2	-1.29
SITUS_p_TCGAb50_SNP_N_GenomeWideSNP_6_F11_680210	6	73575268	119956197	25840	0.008
SITUS_p_TCGAb50_SNP_N_GenomeWideSNP_6_F11_680210	6	119956740	119962782	2	-1.235
SITUS_p_TCGAb50_SNP_N_GenomeWideSNP_6_F11_680210	6	119969118	135335429	9432	0.0059
SITUS_p_TCGAb50_SNP_N_GenomeWideSNP_6_F11_680210	6	135342254	135343238	2	-1.7175
SITUS_p_TCGAb50_SNP_N_GenomeWideSNP_6_F11_680210	6	135349570	170903919	21132	0.0115
SITUS_p_TCGAb50_SNP_N_GenomeWideSNP_6_F11_680210	7	705284	125945936	64208	0.005
SITUS_p_TCGAb50_SNP_N_GenomeWideSNP_6_F11_680210	7	125946226	125946487	3	-1.1432
SITUS_p_TCGAb50_SNP_N_GenomeWideSNP_6_F11_680210	7	125946683	158385118	17122	0.008
SITUS_p_TCGAb50_SNP_N_GenomeWideSNP_6_F11_680210	8	617667	11159889	4793	-0.0074
SITUS_p_TCGAb50_SNP_N_GenomeWideSNP_6_F11_680210	8	11164128	11164176	2	-1.7435
SITUS_p_TCGAb50_SNP_N_GenomeWideSNP_6_F11_680210	8	11167233	119107767	60224	0.0075
SITUS_p_TCGAb50_SNP_N_GenomeWideSNP_6_F11_680210	8	119109895	119113078	3	1.2427
SITUS_p_TCGAb50_SNP_N_GenomeWideSNP_6_F11_680210	8	119113236	145232496	16534	0.007
SITUS_p_TCGAb50_SNP_N_GenomeWideSNP_6_F11_680210	9	789932	140938752	68039	0.0142
SITUS_p_TCGAb50_SNP_N_GenomeWideSNP_6_F11_680210	10	415240	24562990	16913	0.0135
SITUS_p_TCGAb50_SNP_N_GenomeWideSNP_6_F11_680210	10	24563776	24565347	4	-1.0938
SITUS_p_TCGAb50_SNP_N_GenomeWideSNP_6_F11_680210	10	24566092	43197113	9368	0.01
SITUS_p_TCGAb50_SNP_N_GenomeWideSNP_6_F11_680210	10	43262261	43262391	2	-1.3393
SITUS_p_TCGAb50_SNP_N_GenomeWideSNP_6_F11_680210	10	43264878	58560672	6770	0.0066
SITUS_p_TCGAb50_SNP_N_GenomeWideSNP_6_F11_680210	10	58562422	58562713	2	-1.546
SITUS_p_TCGAb50_SNP_N_GenomeWideSNP_6_F11_680210	10	58566511	99857588	25419	0.0116
SITUS_p_TCGAb50_SNP_N_GenomeWideSNP_6_F11_680210	10	99858997	99859206	2	-1.2721
SITUS_p_TCGAb50_SNP_N_GenomeWideSNP_6_F11_680210	10	99859812	126580528	17549	0.0101
SITUS_p_TCGAb50_SNP_N_GenomeWideSNP_6_F11_680210	10	126581891	126581984	3	-1.0041
SITUS_p_TCGAb50_SNP_N_GenomeWideSNP_6_F11_680210	10	126583021	135225087	4845	0.0137
SITUS_p_TCGAb50_SNP_N_GenomeWideSNP_6_F11_680210	11	456120	134142530	77263	0.0107
SITUS_p_TCGAb50_SNP_N_GenomeWideSNP_6_F11_680210	12	889902	133161346	73961	0.0115
SITUS_p_TCGAb50_SNP_N_GenomeWideSNP_6_F11_680210	13	19450806	114987458	56659	0.0101
SITUS_p_TCGAb50_SNP_N_GenomeWideSNP_6_F11_680210	14	20501368	24403717	1471	-0.371
SITUS_p_TCGAb50_SNP_N_GenomeWideSNP_6_F11_680210	14	24404004	24500645	39	-0.1132
SITUS_p_TCGAb50_SNP_N_GenomeWideSNP_6_F11_680210	14	24500839	54757497	16598	-0.3872
SITUS_p_TCGAb50_SNP_N_GenomeWideSNP_6_F11_680210	14	54766472	54767127	2	-1.8859
SITUS_p_TCGAb50_SNP_N_GenomeWideSNP_6_F11_680210	14	54767649	105988038	31322	-0.3813
SITUS_p_TCGAb50_SNP_N_GenomeWideSNP_6_F11_680210	15	23687685	89604182	37078	0.0199
SITUS_p_TCGAb50_SNP_N_GenomeWideSNP_6_F11_680210	15	89604290	89608619	3	-1.3118
SITUS_p_TCGAb50_SNP_N_GenomeWideSNP_6_F11_680210	15	89610697	101884307	7457	0.0188
SITUS_p_TCGAb50_SNP_N_GenomeWideSNP_6_F11_680210	16	653459	83793995	38156	0.0192
SITUS_p_TCGAb50_SNP_N_GenomeWideSNP_6_F11_680210	16	83793997	83794006	2	-2.0681
SITUS_p_TCGAb50_SNP_N_GenomeWideSNP_6_F11_680210	16	83794024	89379936	2643	0.0189
SITUS_p_TCGAb50_SNP_N_GenomeWideSNP_6_F11_680210	17	987221	77851318	35847	0.0233
SITUS_p_TCGAb50_SNP_N_GenomeWideSNP_6_F11_680210	17	77852795	77852949	4	-0.8623
SITUS_p_TCGAb50_SNP_N_GenomeWideSNP_6_F11_680210	17	77856615	80917016	1145	0.0184
SITUS_p_TCGAb50_SNP_N_GenomeWideSNP_6_F11_680210	18	329586	77109240	42679	0.0233
SITUS_p_TCGAb50_SNP_N_GenomeWideSNP_6_F11_680210	19	284018	58878226	23957	0.0226
SITUS_p_TCGAb50_SNP_N_GenomeWideSNP_6_F11_680210	20	455764	62219837	37289	0.0164
SITUS_p_TCGAb50_SNP_N_GenomeWideSNP_6_F11_680210	21	15347621	28659870	8421	0.0098
SITUS_p_TCGAb50_SNP_N_GenomeWideSNP_6_F11_680210	21	28663723	28665594	5	-0.7411
SITUS_p_TCGAb50_SNP_N_GenomeWideSNP_6_F11_680210	21	28665857	37349976	5694	0.0157
SITUS_p_TCGAb50_SNP_N_GenomeWideSNP_6_F11_680210	21	37351059	37351306	4	1.1959
SITUS_p_TCGAb50_SNP_N_GenomeWideSNP_6_F11_680210	21	37353120	47678774	6464	0.0181
SITUS_p_TCGAb50_SNP_N_GenomeWideSNP_6_F11_680210	22	17423930	49331012	16935	0.0234
SITUS_p_TCGAb50_SNP_N_GenomeWideSNP_6_F11_680210	X	3157107	154905589	63692	0.0047
