GDC_Aliquot	Chromosome	Start	End	Num_Probes	Segment_Mean
3b69cde2-c5d6-4d68-ae73-ae3f19e2936d	1	62920	599171	20	-0.3809
3b69cde2-c5d6-4d68-ae73-ae3f19e2936d	1	668210	1575421	189	0.0576
3b69cde2-c5d6-4d68-ae73-ae3f19e2936d	1	1696479	1741164	16	-0.6136
3b69cde2-c5d6-4d68-ae73-ae3f19e2936d	1	1756148	25256800	13771	0.0629
3b69cde2-c5d6-4d68-ae73-ae3f19e2936d	1	25256850	25318693	20	0.6511
3b69cde2-c5d6-4d68-ae73-ae3f19e2936d	1	25319167	34626073	4948	0.0609
3b69cde2-c5d6-4d68-ae73-ae3f19e2936d	1	34637053	34638890	20	-0.6222
3b69cde2-c5d6-4d68-ae73-ae3f19e2936d	1	34648667	54839784	11199	0.0642
3b69cde2-c5d6-4d68-ae73-ae3f19e2936d	1	54841907	54842222	3	-1.5209
3b69cde2-c5d6-4d68-ae73-ae3f19e2936d	1	54842366	72297687	12537	0.085
3b69cde2-c5d6-4d68-ae73-ae3f19e2936d	1	72302735	72345465	48	-1.4305
3b69cde2-c5d6-4d68-ae73-ae3f19e2936d	1	72346221	94285372	14110	0.0845
3b69cde2-c5d6-4d68-ae73-ae3f19e2936d	1	94294022	94333807	23	0.5363
3b69cde2-c5d6-4d68-ae73-ae3f19e2936d	1	94336950	105478582	6804	0.0727
3b69cde2-c5d6-4d68-ae73-ae3f19e2936d	1	105478597	105479753	11	0.7031
3b69cde2-c5d6-4d68-ae73-ae3f19e2936d	1	105481433	108223733	1957	0.0781
3b69cde2-c5d6-4d68-ae73-ae3f19e2936d	1	108226680	108274557	2	1.5034
3b69cde2-c5d6-4d68-ae73-ae3f19e2936d	1	108310648	109690352	673	0.0804
3b69cde2-c5d6-4d68-ae73-ae3f19e2936d	1	109690415	109697556	12	1.1042
3b69cde2-c5d6-4d68-ae73-ae3f19e2936d	1	109702376	121705338	7128	0.087
3b69cde2-c5d6-4d68-ae73-ae3f19e2936d	1	143459641	144432313	130	-0.6463
3b69cde2-c5d6-4d68-ae73-ae3f19e2936d	1	144442092	152582700	2308	0.06
3b69cde2-c5d6-4d68-ae73-ae3f19e2936d	1	152583051	152614118	36	1.2687
3b69cde2-c5d6-4d68-ae73-ae3f19e2936d	1	152618018	152653585	58	0.0992
3b69cde2-c5d6-4d68-ae73-ae3f19e2936d	1	152653694	152667725	7	-0.4018
3b69cde2-c5d6-4d68-ae73-ae3f19e2936d	1	152668473	152784062	97	0.091
3b69cde2-c5d6-4d68-ae73-ae3f19e2936d	1	152784298	152796224	41	0.5474
3b69cde2-c5d6-4d68-ae73-ae3f19e2936d	1	152801429	158883163	3609	0.0602
3b69cde2-c5d6-4d68-ae73-ae3f19e2936d	1	158884978	158899969	5	-0.794
3b69cde2-c5d6-4d68-ae73-ae3f19e2936d	1	158905028	169247699	7655	0.0783
3b69cde2-c5d6-4d68-ae73-ae3f19e2936d	1	169264736	169272528	7	1.3839
3b69cde2-c5d6-4d68-ae73-ae3f19e2936d	1	169273163	169673777	276	0.0816
3b69cde2-c5d6-4d68-ae73-ae3f19e2936d	1	169677551	169694797	12	-0.4122
3b69cde2-c5d6-4d68-ae73-ae3f19e2936d	1	169696410	187746723	11899	0.0749
3b69cde2-c5d6-4d68-ae73-ae3f19e2936d	1	187748429	187752238	2	-2.0594
3b69cde2-c5d6-4d68-ae73-ae3f19e2936d	1	187755479	189342115	1001	0.0433
3b69cde2-c5d6-4d68-ae73-ae3f19e2936d	1	189344115	189546912	127	0.1878
3b69cde2-c5d6-4d68-ae73-ae3f19e2936d	1	189550116	189679027	101	0.043
3b69cde2-c5d6-4d68-ae73-ae3f19e2936d	1	189679353	189679397	2	-1.2992
3b69cde2-c5d6-4d68-ae73-ae3f19e2936d	1	189682917	194681301	3383	0.0754
3b69cde2-c5d6-4d68-ae73-ae3f19e2936d	1	194681316	194686224	3	-1.3911
3b69cde2-c5d6-4d68-ae73-ae3f19e2936d	1	194686264	209897717	10180	0.0848
3b69cde2-c5d6-4d68-ae73-ae3f19e2936d	1	209908268	209913207	4	-1.3636
3b69cde2-c5d6-4d68-ae73-ae3f19e2936d	1	209920149	223471064	9338	0.0848
3b69cde2-c5d6-4d68-ae73-ae3f19e2936d	1	223471097	223471914	3	-1.2097
3b69cde2-c5d6-4d68-ae73-ae3f19e2936d	1	223472019	225195330	1044	0.0686
3b69cde2-c5d6-4d68-ae73-ae3f19e2936d	1	225201788	225275185	48	0.6746
3b69cde2-c5d6-4d68-ae73-ae3f19e2936d	1	225276070	245473108	14349	0.075
3b69cde2-c5d6-4d68-ae73-ae3f19e2936d	1	245473737	245483602	11	-0.8751
3b69cde2-c5d6-4d68-ae73-ae3f19e2936d	1	245486349	248930189	2187	0.0958
3b69cde2-c5d6-4d68-ae73-ae3f19e2936d	2	12784	34427804	24049	0.0777
3b69cde2-c5d6-4d68-ae73-ae3f19e2936d	2	34434869	34512489	59	-0.2268
3b69cde2-c5d6-4d68-ae73-ae3f19e2936d	2	34512965	52527330	12981	0.079
3b69cde2-c5d6-4d68-ae73-ae3f19e2936d	2	52527342	52527743	6	-1.3279
3b69cde2-c5d6-4d68-ae73-ae3f19e2936d	2	52531615	97534580	23858	0.0691
3b69cde2-c5d6-4d68-ae73-ae3f19e2936d	2	97535071	97545726	6	-1.1341
3b69cde2-c5d6-4d68-ae73-ae3f19e2936d	2	97550415	111381388	8164	0.0747
3b69cde2-c5d6-4d68-ae73-ae3f19e2936d	2	111385836	111391957	2	-1.7833
3b69cde2-c5d6-4d68-ae73-ae3f19e2936d	2	111392018	113604438	1180	0.0845
3b69cde2-c5d6-4d68-ae73-ae3f19e2936d	2	113604837	113604839	2	-1.7713
3b69cde2-c5d6-4d68-ae73-ae3f19e2936d	2	113623244	116828073	1943	0.0641
3b69cde2-c5d6-4d68-ae73-ae3f19e2936d	2	116831010	116833669	4	-1.1168
3b69cde2-c5d6-4d68-ae73-ae3f19e2936d	2	116834128	146107526	18078	0.0793
3b69cde2-c5d6-4d68-ae73-ae3f19e2936d	2	146107615	146122856	30	0.5808
3b69cde2-c5d6-4d68-ae73-ae3f19e2936d	2	146123485	159102108	7767	0.0673
3b69cde2-c5d6-4d68-ae73-ae3f19e2936d	2	159103831	159104461	2	-1.4315
3b69cde2-c5d6-4d68-ae73-ae3f19e2936d	2	159106775	179196928	12470	0.0781
3b69cde2-c5d6-4d68-ae73-ae3f19e2936d	2	179202465	179214417	3	-2.3255
3b69cde2-c5d6-4d68-ae73-ae3f19e2936d	2	179218864	183220725	2566	0.0701
3b69cde2-c5d6-4d68-ae73-ae3f19e2936d	2	183221060	183224996	9	-0.9167
3b69cde2-c5d6-4d68-ae73-ae3f19e2936d	2	183229270	208807676	14955	0.0755
3b69cde2-c5d6-4d68-ae73-ae3f19e2936d	2	208807888	208810308	5	1.1215
3b69cde2-c5d6-4d68-ae73-ae3f19e2936d	2	208817881	212321824	2196	0.0723
3b69cde2-c5d6-4d68-ae73-ae3f19e2936d	2	212322478	212327101	24	-0.6693
3b69cde2-c5d6-4d68-ae73-ae3f19e2936d	2	212327402	241558352	18824	0.0726
3b69cde2-c5d6-4d68-ae73-ae3f19e2936d	2	241558371	241568992	4	-1.5746
3b69cde2-c5d6-4d68-ae73-ae3f19e2936d	2	241573649	242147305	169	0.0597
3b69cde2-c5d6-4d68-ae73-ae3f19e2936d	3	20930	37935926	27477	-0.5389
3b69cde2-c5d6-4d68-ae73-ae3f19e2936d	3	37940617	37945437	18	-2.2049
3b69cde2-c5d6-4d68-ae73-ae3f19e2936d	3	37945615	60892320	13907	-0.5433
3b69cde2-c5d6-4d68-ae73-ae3f19e2936d	3	60892417	60898822	2	-3.3814
3b69cde2-c5d6-4d68-ae73-ae3f19e2936d	3	60898987	68697013	6119	-0.5346
3b69cde2-c5d6-4d68-ae73-ae3f19e2936d	3	68697108	68698262	14	0.5264
3b69cde2-c5d6-4d68-ae73-ae3f19e2936d	3	68699607	84053071	9547	-0.5341
3b69cde2-c5d6-4d68-ae73-ae3f19e2936d	3	84056282	84057015	2	-3.2226
3b69cde2-c5d6-4d68-ae73-ae3f19e2936d	3	84061816	97476935	5284	-0.5151
3b69cde2-c5d6-4d68-ae73-ae3f19e2936d	3	97478235	97481264	3	-2.473
3b69cde2-c5d6-4d68-ae73-ae3f19e2936d	3	97482906	97666927	100	-0.5129
3b69cde2-c5d6-4d68-ae73-ae3f19e2936d	3	97667954	97674560	2	-2.4944
3b69cde2-c5d6-4d68-ae73-ae3f19e2936d	3	97674732	99225667	893	-0.5369
3b69cde2-c5d6-4d68-ae73-ae3f19e2936d	3	99225703	99226551	12	-1.7545
3b69cde2-c5d6-4d68-ae73-ae3f19e2936d	3	99226566	99230212	12	-3.3442
3b69cde2-c5d6-4d68-ae73-ae3f19e2936d	3	99230225	99230577	11	-1.7657
3b69cde2-c5d6-4d68-ae73-ae3f19e2936d	3	99232120	103248705	2225	-0.5191
3b69cde2-c5d6-4d68-ae73-ae3f19e2936d	3	103248960	103250477	2	-2.99
3b69cde2-c5d6-4d68-ae73-ae3f19e2936d	3	103253860	130067097	16399	-0.5332
3b69cde2-c5d6-4d68-ae73-ae3f19e2936d	3	130067366	130087393	32	-1.6655
3b69cde2-c5d6-4d68-ae73-ae3f19e2936d	3	130088081	140879240	6718	-0.5357
3b69cde2-c5d6-4d68-ae73-ae3f19e2936d	3	140883423	162795361	13503	0.0921
3b69cde2-c5d6-4d68-ae73-ae3f19e2936d	3	162795671	162807070	8	0.6866
3b69cde2-c5d6-4d68-ae73-ae3f19e2936d	3	162810842	162822702	10	-0.8885
3b69cde2-c5d6-4d68-ae73-ae3f19e2936d	3	162827928	162996729	120	0.2122
3b69cde2-c5d6-4d68-ae73-ae3f19e2936d	3	162999939	163001774	2	-2.3671
3b69cde2-c5d6-4d68-ae73-ae3f19e2936d	3	163008371	175360729	7575	0.0926
3b69cde2-c5d6-4d68-ae73-ae3f19e2936d	3	175362803	175363536	7	-0.7083
3b69cde2-c5d6-4d68-ae73-ae3f19e2936d	3	175368999	195683075	13002	0.0917
3b69cde2-c5d6-4d68-ae73-ae3f19e2936d	3	195685341	195751990	42	-0.281
3b69cde2-c5d6-4d68-ae73-ae3f19e2936d	3	195752877	198142659	1157	0.1116
3b69cde2-c5d6-4d68-ae73-ae3f19e2936d	3	198169114	198169247	4	-0.6316
3b69cde2-c5d6-4d68-ae73-ae3f19e2936d	4	68929	4073300	1611	0.0845
3b69cde2-c5d6-4d68-ae73-ae3f19e2936d	4	4073760	4151033	19	-0.366
3b69cde2-c5d6-4d68-ae73-ae3f19e2936d	4	4158336	5751039	1308	0.1111
3b69cde2-c5d6-4d68-ae73-ae3f19e2936d	4	5751075	5751326	3	-1.9683
3b69cde2-c5d6-4d68-ae73-ae3f19e2936d	4	5752388	10208766	2755	0.0996
3b69cde2-c5d6-4d68-ae73-ae3f19e2936d	4	10221792	10229173	22	1.9875
3b69cde2-c5d6-4d68-ae73-ae3f19e2936d	4	10229188	10229625	5	0.8066
3b69cde2-c5d6-4d68-ae73-ae3f19e2936d	4	10229874	10389091	179	0.1403
3b69cde2-c5d6-4d68-ae73-ae3f19e2936d	4	10390730	10399044	16	-0.6121
3b69cde2-c5d6-4d68-ae73-ae3f19e2936d	4	10401094	34777432	16773	0.0808
3b69cde2-c5d6-4d68-ae73-ae3f19e2936d	4	34784878	34837370	47	0.4528
3b69cde2-c5d6-4d68-ae73-ae3f19e2936d	4	34839673	43162259	5530	0.0881
3b69cde2-c5d6-4d68-ae73-ae3f19e2936d	4	43163242	43163457	2	-2.3503
3b69cde2-c5d6-4d68-ae73-ae3f19e2936d	4	43164257	49214614	3424	0.0856
3b69cde2-c5d6-4d68-ae73-ae3f19e2936d	4	49289175	49289338	2	-2.7093
3b69cde2-c5d6-4d68-ae73-ae3f19e2936d	4	49295203	56084772	2850	0.0816
3b69cde2-c5d6-4d68-ae73-ae3f19e2936d	4	56087480	56087692	2	1.8155
3b69cde2-c5d6-4d68-ae73-ae3f19e2936d	4	56092199	63828222	4719	0.0798
3b69cde2-c5d6-4d68-ae73-ae3f19e2936d	4	63831751	63842540	28	-0.4048
3b69cde2-c5d6-4d68-ae73-ae3f19e2936d	4	63850713	68354665	2845	0.0831
3b69cde2-c5d6-4d68-ae73-ae3f19e2936d	4	68361130	68395346	7	1.4741
3b69cde2-c5d6-4d68-ae73-ae3f19e2936d	4	68416487	68422424	5	-1.1999
3b69cde2-c5d6-4d68-ae73-ae3f19e2936d	4	68429081	68655691	81	-0.1845
3b69cde2-c5d6-4d68-ae73-ae3f19e2936d	4	68663241	86055238	10798	0.0939
3b69cde2-c5d6-4d68-ae73-ae3f19e2936d	4	86055291	86058791	18	-0.5943
3b69cde2-c5d6-4d68-ae73-ae3f19e2936d	4	86058936	115244948	17482	0.083
3b69cde2-c5d6-4d68-ae73-ae3f19e2936d	4	115251455	115254969	22	-0.4725
3b69cde2-c5d6-4d68-ae73-ae3f19e2936d	4	115259026	171448195	33974	0.0867
3b69cde2-c5d6-4d68-ae73-ae3f19e2936d	4	171453733	171456559	10	1.661
3b69cde2-c5d6-4d68-ae73-ae3f19e2936d	4	171456573	190106768	12469	0.0955
3b69cde2-c5d6-4d68-ae73-ae3f19e2936d	5	15532	698390	309	0.1204
3b69cde2-c5d6-4d68-ae73-ae3f19e2936d	5	717264	819921	36	-0.2431
3b69cde2-c5d6-4d68-ae73-ae3f19e2936d	5	822008	12819201	9832	0.0931
3b69cde2-c5d6-4d68-ae73-ae3f19e2936d	5	12819263	12838421	11	0.6312
3b69cde2-c5d6-4d68-ae73-ae3f19e2936d	5	12849089	46191782	20424	0.081
3b69cde2-c5d6-4d68-ae73-ae3f19e2936d	5	46195781	46199333	4	-1.5827
3b69cde2-c5d6-4d68-ae73-ae3f19e2936d	5	46209197	46246558	12	0.1244
3b69cde2-c5d6-4d68-ae73-ae3f19e2936d	5	46251204	46273400	9	0.892
3b69cde2-c5d6-4d68-ae73-ae3f19e2936d	5	46278110	58030200	5068	0.0805
3b69cde2-c5d6-4d68-ae73-ae3f19e2936d	5	58030336	58037688	30	-0.5445
3b69cde2-c5d6-4d68-ae73-ae3f19e2936d	5	58037706	121072348	38146	0.0873
3b69cde2-c5d6-4d68-ae73-ae3f19e2936d	5	121072778	121131957	29	-0.7524
3b69cde2-c5d6-4d68-ae73-ae3f19e2936d	5	121132933	181363319	38814	0.0869
3b69cde2-c5d6-4d68-ae73-ae3f19e2936d	6	149661	315197	129	0.1007
3b69cde2-c5d6-4d68-ae73-ae3f19e2936d	6	318804	384546	78	-0.1594
3b69cde2-c5d6-4d68-ae73-ae3f19e2936d	6	385056	29869295	21409	0.0887
3b69cde2-c5d6-4d68-ae73-ae3f19e2936d	6	29869410	29881490	16	-0.8752
3b69cde2-c5d6-4d68-ae73-ae3f19e2936d	6	29882419	32486746	1174	0.0763
3b69cde2-c5d6-4d68-ae73-ae3f19e2936d	6	32488906	32658841	60	-0.4397
3b69cde2-c5d6-4d68-ae73-ae3f19e2936d	6	32682835	33970029	797	0.0694
3b69cde2-c5d6-4d68-ae73-ae3f19e2936d	6	33970222	33974928	8	-1.1722
3b69cde2-c5d6-4d68-ae73-ae3f19e2936d	6	33976809	54066269	12878	0.0782
3b69cde2-c5d6-4d68-ae73-ae3f19e2936d	6	54066286	54067057	8	-1.0419
3b69cde2-c5d6-4d68-ae73-ae3f19e2936d	6	54070550	72795075	9688	0.0798
3b69cde2-c5d6-4d68-ae73-ae3f19e2936d	6	72798133	78253172	3457	-0.5181
3b69cde2-c5d6-4d68-ae73-ae3f19e2936d	6	78259348	78341897	122	-0.2213
3b69cde2-c5d6-4d68-ae73-ae3f19e2936d	6	78342127	85992372	4787	-0.5303
3b69cde2-c5d6-4d68-ae73-ae3f19e2936d	6	85995537	85996191	2	-4.7155
3b69cde2-c5d6-4d68-ae73-ae3f19e2936d	6	85996204	103299721	10624	-0.5212
3b69cde2-c5d6-4d68-ae73-ae3f19e2936d	6	103299735	103314186	32	-0.9854
3b69cde2-c5d6-4d68-ae73-ae3f19e2936d	6	103317795	119132173	9582	-0.5357
3b69cde2-c5d6-4d68-ae73-ae3f19e2936d	6	119134389	120839520	1060	0.0847
3b69cde2-c5d6-4d68-ae73-ae3f19e2936d	6	120844468	135256105	9276	-0.5335
3b69cde2-c5d6-4d68-ae73-ae3f19e2936d	6	135258627	135262925	3	-3.9266
3b69cde2-c5d6-4d68-ae73-ae3f19e2936d	6	135263160	170741917	24006	-0.547
3b69cde2-c5d6-4d68-ae73-ae3f19e2936d	7	43355	858016	201	0.5418
3b69cde2-c5d6-4d68-ae73-ae3f19e2936d	7	858610	859643	2	1.9208
3b69cde2-c5d6-4d68-ae73-ae3f19e2936d	7	860398	5871660	2845	0.5216
3b69cde2-c5d6-4d68-ae73-ae3f19e2936d	7	5873254	5879479	5	-0.5119
3b69cde2-c5d6-4d68-ae73-ae3f19e2936d	7	5888325	5911197	8	0.6511
3b69cde2-c5d6-4d68-ae73-ae3f19e2936d	7	5916628	5964274	8	-0.3166
3b69cde2-c5d6-4d68-ae73-ae3f19e2936d	7	5986976	16763365	8413	0.5091
3b69cde2-c5d6-4d68-ae73-ae3f19e2936d	7	16763475	17535947	612	0.5909
3b69cde2-c5d6-4d68-ae73-ae3f19e2936d	7	17536037	22395161	3948	0.5137
3b69cde2-c5d6-4d68-ae73-ae3f19e2936d	7	22395853	22396868	2	-2.5625
3b69cde2-c5d6-4d68-ae73-ae3f19e2936d	7	22399135	26092670	2763	0.4958
3b69cde2-c5d6-4d68-ae73-ae3f19e2936d	7	26102772	26105793	4	-0.5077
3b69cde2-c5d6-4d68-ae73-ae3f19e2936d	7	26107599	56908389	21265	0.5119
3b69cde2-c5d6-4d68-ae73-ae3f19e2936d	7	56997653	57016425	4	-0.5017
3b69cde2-c5d6-4d68-ae73-ae3f19e2936d	7	57048761	57453339	229	0.5035
3b69cde2-c5d6-4d68-ae73-ae3f19e2936d	7	57457932	62616927	241	0.3376
3b69cde2-c5d6-4d68-ae73-ae3f19e2936d	7	62617259	62663369	26	0.6099
3b69cde2-c5d6-4d68-ae73-ae3f19e2936d	7	62663696	62701896	18	-0.2129
3b69cde2-c5d6-4d68-ae73-ae3f19e2936d	7	62720732	67164253	1598	0.4704
3b69cde2-c5d6-4d68-ae73-ae3f19e2936d	7	67164342	67204078	15	-0.1001
3b69cde2-c5d6-4d68-ae73-ae3f19e2936d	7	67207129	70955452	2380	0.5127
3b69cde2-c5d6-4d68-ae73-ae3f19e2936d	7	70958264	70961155	2	-1.6531
3b69cde2-c5d6-4d68-ae73-ae3f19e2936d	7	70963257	88867480	9993	0.5015
3b69cde2-c5d6-4d68-ae73-ae3f19e2936d	7	88868297	90184663	846	0.5723
3b69cde2-c5d6-4d68-ae73-ae3f19e2936d	7	90184679	97980107	4961	0.5009
3b69cde2-c5d6-4d68-ae73-ae3f19e2936d	7	97982029	97982736	3	-1.4543
3b69cde2-c5d6-4d68-ae73-ae3f19e2936d	7	97984459	100727566	1172	0.4916
3b69cde2-c5d6-4d68-ae73-ae3f19e2936d	7	100731621	100735219	3	-1.5313
3b69cde2-c5d6-4d68-ae73-ae3f19e2936d	7	100753382	105517609	2494	0.4999
3b69cde2-c5d6-4d68-ae73-ae3f19e2936d	7	105519977	105526073	3	-1.214
3b69cde2-c5d6-4d68-ae73-ae3f19e2936d	7	105526329	116289971	6748	0.5116
3b69cde2-c5d6-4d68-ae73-ae3f19e2936d	7	116294646	116301003	4	-0.8554
3b69cde2-c5d6-4d68-ae73-ae3f19e2936d	7	116301498	126404920	6123	0.4978
3b69cde2-c5d6-4d68-ae73-ae3f19e2936d	7	126405428	126406822	13	1.2371
3b69cde2-c5d6-4d68-ae73-ae3f19e2936d	7	126406823	134100424	4696	0.515
3b69cde2-c5d6-4d68-ae73-ae3f19e2936d	7	134100442	134102334	14	1.0577
3b69cde2-c5d6-4d68-ae73-ae3f19e2936d	7	134104128	154598185	12869	0.5089
3b69cde2-c5d6-4d68-ae73-ae3f19e2936d	7	154601461	154607903	4	-2.114
3b69cde2-c5d6-4d68-ae73-ae3f19e2936d	7	154609120	159334314	3230	0.5189
3b69cde2-c5d6-4d68-ae73-ae3f19e2936d	8	81254	213414	7	-0.1446
3b69cde2-c5d6-4d68-ae73-ae3f19e2936d	8	214984	6843611	7397	-0.5401
3b69cde2-c5d6-4d68-ae73-ae3f19e2936d	8	6852226	6856432	12	-5.3354
3b69cde2-c5d6-4d68-ae73-ae3f19e2936d	8	6865098	27924081	16108	-0.5609
3b69cde2-c5d6-4d68-ae73-ae3f19e2936d	8	27929514	27929707	2	-3.7532
3b69cde2-c5d6-4d68-ae73-ae3f19e2936d	8	27929792	39092465	6665	-0.5619
3b69cde2-c5d6-4d68-ae73-ae3f19e2936d	8	39095476	39373140	138	0.0796
3b69cde2-c5d6-4d68-ae73-ae3f19e2936d	8	39378084	39529446	59	1.0142
3b69cde2-c5d6-4d68-ae73-ae3f19e2936d	8	39530780	111279265	41948	0.0992
3b69cde2-c5d6-4d68-ae73-ae3f19e2936d	8	111282050	111283031	10	-1.2771
3b69cde2-c5d6-4d68-ae73-ae3f19e2936d	8	111288052	122559641	7218	0.1051
3b69cde2-c5d6-4d68-ae73-ae3f19e2936d	8	122561831	122562003	2	-1.8934
3b69cde2-c5d6-4d68-ae73-ae3f19e2936d	8	122562554	145072769	15663	0.1012
3b69cde2-c5d6-4d68-ae73-ae3f19e2936d	9	46587	5078443	5226	0.0941
3b69cde2-c5d6-4d68-ae73-ae3f19e2936d	9	5079156	5081766	9	-0.6654
3b69cde2-c5d6-4d68-ae73-ae3f19e2936d	9	5081852	9328077	3643	0.0938
3b69cde2-c5d6-4d68-ae73-ae3f19e2936d	9	9329715	9394635	78	0.3208
3b69cde2-c5d6-4d68-ae73-ae3f19e2936d	9	9394684	11084015	1580	0.0817
3b69cde2-c5d6-4d68-ae73-ae3f19e2936d	9	11085099	12624629	1191	0.1417
3b69cde2-c5d6-4d68-ae73-ae3f19e2936d	9	12624943	39547299	19397	0.0807
3b69cde2-c5d6-4d68-ae73-ae3f19e2936d	9	39547492	41741113	107	-0.3517
3b69cde2-c5d6-4d68-ae73-ae3f19e2936d	9	42014203	63580418	161	0.0573
3b69cde2-c5d6-4d68-ae73-ae3f19e2936d	9	63590317	63592813	7	1.7674
3b69cde2-c5d6-4d68-ae73-ae3f19e2936d	9	63614182	64510407	58	-0.0258
3b69cde2-c5d6-4d68-ae73-ae3f19e2936d	9	64520620	67073081	43	-0.4558
3b69cde2-c5d6-4d68-ae73-ae3f19e2936d	9	67073620	110262162	29889	0.0813
3b69cde2-c5d6-4d68-ae73-ae3f19e2936d	9	110262509	110265889	2	-2.6127
3b69cde2-c5d6-4d68-ae73-ae3f19e2936d	9	110270151	138200944	17978	0.0695
3b69cde2-c5d6-4d68-ae73-ae3f19e2936d	10	45792	17885034	14830	0.0838
3b69cde2-c5d6-4d68-ae73-ae3f19e2936d	10	17896194	17910884	3	-2.0803
3b69cde2-c5d6-4d68-ae73-ae3f19e2936d	10	17929793	24088745	4334	0.082
3b69cde2-c5d6-4d68-ae73-ae3f19e2936d	10	24088746	24089125	10	-1.9486
3b69cde2-c5d6-4d68-ae73-ae3f19e2936d	10	24089979	26934974	1981	0.0706
3b69cde2-c5d6-4d68-ae73-ae3f19e2936d	10	26936975	26941064	14	0.6082
3b69cde2-c5d6-4d68-ae73-ae3f19e2936d	10	26941746	30962405	3016	0.0849
3b69cde2-c5d6-4d68-ae73-ae3f19e2936d	10	30962419	30962797	8	-0.701
3b69cde2-c5d6-4d68-ae73-ae3f19e2936d	10	30962809	38783075	4826	0.0763
3b69cde2-c5d6-4d68-ae73-ae3f19e2936d	10	38783090	46130381	2420	-0.5291
3b69cde2-c5d6-4d68-ae73-ae3f19e2936d	10	46146395	46522514	178	0.1938
3b69cde2-c5d6-4d68-ae73-ae3f19e2936d	10	46522571	50070600	1715	-0.5498
3b69cde2-c5d6-4d68-ae73-ae3f19e2936d	10	50081224	50132160	4	-2.391
3b69cde2-c5d6-4d68-ae73-ae3f19e2936d	10	50144008	54920517	3623	-0.534
3b69cde2-c5d6-4d68-ae73-ae3f19e2936d	10	54923330	54924277	2	-2.6742
3b69cde2-c5d6-4d68-ae73-ae3f19e2936d	10	54927534	65549249	7344	-0.5399
3b69cde2-c5d6-4d68-ae73-ae3f19e2936d	10	65549252	65554672	13	-1.5823
3b69cde2-c5d6-4d68-ae73-ae3f19e2936d	10	65554688	133420671	45798	-0.5545
3b69cde2-c5d6-4d68-ae73-ae3f19e2936d	10	133420688	133563774	110	0.2916
3b69cde2-c5d6-4d68-ae73-ae3f19e2936d	10	133573736	133654968	35	-0.4691
3b69cde2-c5d6-4d68-ae73-ae3f19e2936d	11	198510	4952170	2423	0.0727
3b69cde2-c5d6-4d68-ae73-ae3f19e2936d	11	4952240	4954445	16	0.5891
3b69cde2-c5d6-4d68-ae73-ae3f19e2936d	11	4954475	5500921	543	0.085
3b69cde2-c5d6-4d68-ae73-ae3f19e2936d	11	5500945	5501334	5	-0.8799
3b69cde2-c5d6-4d68-ae73-ae3f19e2936d	11	5502363	48576870	30265	0.0763
3b69cde2-c5d6-4d68-ae73-ae3f19e2936d	11	48579882	48581124	2	-1.4776
3b69cde2-c5d6-4d68-ae73-ae3f19e2936d	11	48584766	50521697	774	0.0616
3b69cde2-c5d6-4d68-ae73-ae3f19e2936d	11	50542675	50564838	6	-0.9036
3b69cde2-c5d6-4d68-ae73-ae3f19e2936d	11	50614055	54743970	108	0.1194
3b69cde2-c5d6-4d68-ae73-ae3f19e2936d	11	54762035	54766290	3	-1.0466
3b69cde2-c5d6-4d68-ae73-ae3f19e2936d	11	54782119	55595864	285	0.0901
3b69cde2-c5d6-4d68-ae73-ae3f19e2936d	11	55606556	55674842	48	-1.8816
3b69cde2-c5d6-4d68-ae73-ae3f19e2936d	11	55676735	55677818	4	0.0828
3b69cde2-c5d6-4d68-ae73-ae3f19e2936d	11	55678469	55685533	7	-1.7113
3b69cde2-c5d6-4d68-ae73-ae3f19e2936d	11	55686100	59042524	2069	0.0698
3b69cde2-c5d6-4d68-ae73-ae3f19e2936d	11	59043768	59086292	22	-0.7617
3b69cde2-c5d6-4d68-ae73-ae3f19e2936d	11	59087546	80256469	11146	0.0659
3b69cde2-c5d6-4d68-ae73-ae3f19e2936d	11	80256504	80256520	2	-2.797
3b69cde2-c5d6-4d68-ae73-ae3f19e2936d	11	80256642	135074876	38960	0.0788
3b69cde2-c5d6-4d68-ae73-ae3f19e2936d	12	51460	7853910	5350	0.078
3b69cde2-c5d6-4d68-ae73-ae3f19e2936d	12	7855203	7970641	55	0.7133
3b69cde2-c5d6-4d68-ae73-ae3f19e2936d	12	7971304	9481274	755	0.0378
3b69cde2-c5d6-4d68-ae73-ae3f19e2936d	12	9485313	9582373	24	-1.2833
3b69cde2-c5d6-4d68-ae73-ae3f19e2936d	12	9582374	11062773	1033	0.0791
3b69cde2-c5d6-4d68-ae73-ae3f19e2936d	12	11064250	11088933	12	-0.99
3b69cde2-c5d6-4d68-ae73-ae3f19e2936d	12	11099275	12377763	983	0.0802
3b69cde2-c5d6-4d68-ae73-ae3f19e2936d	12	12383285	12388935	17	-0.7963
3b69cde2-c5d6-4d68-ae73-ae3f19e2936d	12	12389946	33148586	14518	0.0718
3b69cde2-c5d6-4d68-ae73-ae3f19e2936d	12	33148600	33154440	24	-0.6166
3b69cde2-c5d6-4d68-ae73-ae3f19e2936d	12	33155426	133201603	61946	0.0818
3b69cde2-c5d6-4d68-ae73-ae3f19e2936d	13	18452809	19547319	532	0.0477
3b69cde2-c5d6-4d68-ae73-ae3f19e2936d	13	19549755	19549770	2	-2.0027
3b69cde2-c5d6-4d68-ae73-ae3f19e2936d	13	19550361	49946012	21409	0.0798
3b69cde2-c5d6-4d68-ae73-ae3f19e2936d	13	49946720	51050074	683	0.1564
3b69cde2-c5d6-4d68-ae73-ae3f19e2936d	13	51050146	71902850	12379	0.0798
3b69cde2-c5d6-4d68-ae73-ae3f19e2936d	13	71903417	71906418	4	1.4898
3b69cde2-c5d6-4d68-ae73-ae3f19e2936d	13	71906467	111024573	27252	0.0785
3b69cde2-c5d6-4d68-ae73-ae3f19e2936d	13	111027571	111099223	66	0.7417
3b69cde2-c5d6-4d68-ae73-ae3f19e2936d	13	111099567	114342922	1724	0.0883
3b69cde2-c5d6-4d68-ae73-ae3f19e2936d	14	18239283	19689684	64	0.0864
3b69cde2-c5d6-4d68-ae73-ae3f19e2936d	14	19732024	19952080	101	0.2907
3b69cde2-c5d6-4d68-ae73-ae3f19e2936d	14	19954424	22031679	1441	0.0862
3b69cde2-c5d6-4d68-ae73-ae3f19e2936d	14	22032231	22490949	381	0.2074
3b69cde2-c5d6-4d68-ae73-ae3f19e2936d	14	22490986	23975620	884	0.0522
3b69cde2-c5d6-4d68-ae73-ae3f19e2936d	14	23975769	24015250	22	-0.7404
3b69cde2-c5d6-4d68-ae73-ae3f19e2936d	14	24018934	41139155	10849	0.0708
3b69cde2-c5d6-4d68-ae73-ae3f19e2936d	14	41141293	41188146	15	-0.3899
3b69cde2-c5d6-4d68-ae73-ae3f19e2936d	14	41200899	73540003	20436	0.0743
3b69cde2-c5d6-4d68-ae73-ae3f19e2936d	14	73540147	73563211	9	0.8897
3b69cde2-c5d6-4d68-ae73-ae3f19e2936d	14	73564027	105588560	20619	0.0687
3b69cde2-c5d6-4d68-ae73-ae3f19e2936d	14	105612353	105691429	14	-1.0142
3b69cde2-c5d6-4d68-ae73-ae3f19e2936d	14	105700900	106877229	493	0.1086
3b69cde2-c5d6-4d68-ae73-ae3f19e2936d	15	19811075	20187568	55	-0.1311
3b69cde2-c5d6-4d68-ae73-ae3f19e2936d	15	20190276	22395047	153	0.7257
3b69cde2-c5d6-4d68-ae73-ae3f19e2936d	15	22413894	30215235	4625	0.0867
3b69cde2-c5d6-4d68-ae73-ae3f19e2936d	15	30230885	30269364	7	-0.9092
3b69cde2-c5d6-4d68-ae73-ae3f19e2936d	15	30281107	62552379	20819	0.0692
3b69cde2-c5d6-4d68-ae73-ae3f19e2936d	15	62558440	63267661	568	0.5042
3b69cde2-c5d6-4d68-ae73-ae3f19e2936d	15	63267938	76599170	7649	0.0646
3b69cde2-c5d6-4d68-ae73-ae3f19e2936d	15	76599286	76609838	21	1.1123
3b69cde2-c5d6-4d68-ae73-ae3f19e2936d	15	76609853	83871965	4408	0.0726
3b69cde2-c5d6-4d68-ae73-ae3f19e2936d	15	83871986	83874673	5	-2.5525
3b69cde2-c5d6-4d68-ae73-ae3f19e2936d	15	83874798	83878795	3	-0.9363
3b69cde2-c5d6-4d68-ae73-ae3f19e2936d	15	83879115	85272622	573	0.0504
3b69cde2-c5d6-4d68-ae73-ae3f19e2936d	15	85274016	85288121	11	-0.2988
3b69cde2-c5d6-4d68-ae73-ae3f19e2936d	15	85294729	89422531	3181	0.0852
3b69cde2-c5d6-4d68-ae73-ae3f19e2936d	15	89422790	101928837	9407	0.0349
3b69cde2-c5d6-4d68-ae73-ae3f19e2936d	16	10777	14802340	11082	0.0686
3b69cde2-c5d6-4d68-ae73-ae3f19e2936d	16	14803944	14993317	60	-0.4694
3b69cde2-c5d6-4d68-ae73-ae3f19e2936d	16	14993318	33045427	8843	0.0627
3b69cde2-c5d6-4d68-ae73-ae3f19e2936d	16	33340712	33964702	23	-0.5819
3b69cde2-c5d6-4d68-ae73-ae3f19e2936d	16	33973618	35225338	133	0.0641
3b69cde2-c5d6-4d68-ae73-ae3f19e2936d	16	35232200	35526596	169	0.5348
3b69cde2-c5d6-4d68-ae73-ae3f19e2936d	16	35530722	90096867	31473	0.0764
3b69cde2-c5d6-4d68-ae73-ae3f19e2936d	17	150733	8425125	4542	-0.5786
3b69cde2-c5d6-4d68-ae73-ae3f19e2936d	17	8426647	8426726	2	-4.7221
3b69cde2-c5d6-4d68-ae73-ae3f19e2936d	17	8428216	15639847	5402	-0.5721
3b69cde2-c5d6-4d68-ae73-ae3f19e2936d	17	15642600	15643476	2	-3.0499
3b69cde2-c5d6-4d68-ae73-ae3f19e2936d	17	15650964	18414080	1378	-0.5732
3b69cde2-c5d6-4d68-ae73-ae3f19e2936d	17	18452078	18550123	25	-1.5608
3b69cde2-c5d6-4d68-ae73-ae3f19e2936d	17	18561272	20630942	825	-0.5551
3b69cde2-c5d6-4d68-ae73-ae3f19e2936d	17	20636913	33355451	3881	0.0725
3b69cde2-c5d6-4d68-ae73-ae3f19e2936d	17	33355642	34662970	1246	0.1309
3b69cde2-c5d6-4d68-ae73-ae3f19e2936d	17	34666590	41266838	3433	0.0675
3b69cde2-c5d6-4d68-ae73-ae3f19e2936d	17	41266851	41276830	24	-0.5781
3b69cde2-c5d6-4d68-ae73-ae3f19e2936d	17	41276864	46085732	2489	0.0763
3b69cde2-c5d6-4d68-ae73-ae3f19e2936d	17	46088437	46284997	123	0.6505
3b69cde2-c5d6-4d68-ae73-ae3f19e2936d	17	46286804	57610128	6999	0.0852
3b69cde2-c5d6-4d68-ae73-ae3f19e2936d	17	57610972	57611632	2	-1.2684
3b69cde2-c5d6-4d68-ae73-ae3f19e2936d	17	57614632	65705035	4050	0.0755
3b69cde2-c5d6-4d68-ae73-ae3f19e2936d	17	65705384	65711806	9	-1.1161
3b69cde2-c5d6-4d68-ae73-ae3f19e2936d	17	65719233	83091923	10483	0.0826
3b69cde2-c5d6-4d68-ae73-ae3f19e2936d	18	48133	6086759	4331	0.0807
3b69cde2-c5d6-4d68-ae73-ae3f19e2936d	18	6086901	6088452	3	-1.5003
3b69cde2-c5d6-4d68-ae73-ae3f19e2936d	18	6088791	28725605	10787	0.0781
3b69cde2-c5d6-4d68-ae73-ae3f19e2936d	18	28725722	28810356	48	-0.7292
3b69cde2-c5d6-4d68-ae73-ae3f19e2936d	18	28813777	71380423	28893	0.0824
3b69cde2-c5d6-4d68-ae73-ae3f19e2936d	18	71381576	73641654	1785	0.1516
3b69cde2-c5d6-4d68-ae73-ae3f19e2936d	18	73644020	80257174	4804	0.0911
3b69cde2-c5d6-4d68-ae73-ae3f19e2936d	19	90910	20411869	8903	0.0377
3b69cde2-c5d6-4d68-ae73-ae3f19e2936d	19	20413400	20538428	70	-0.6604
3b69cde2-c5d6-4d68-ae73-ae3f19e2936d	19	20538656	35358420	7699	0.0683
3b69cde2-c5d6-4d68-ae73-ae3f19e2936d	19	35364451	35370747	18	-0.5498
3b69cde2-c5d6-4d68-ae73-ae3f19e2936d	19	35370767	54203996	9753	0.0458
3b69cde2-c5d6-4d68-ae73-ae3f19e2936d	19	54204071	54338128	68	0.2978
3b69cde2-c5d6-4d68-ae73-ae3f19e2936d	19	54338192	54815158	256	0.0116
3b69cde2-c5d6-4d68-ae73-ae3f19e2936d	19	54819199	54852069	14	-1.4041
3b69cde2-c5d6-4d68-ae73-ae3f19e2936d	19	54852441	55058229	132	0.0036
3b69cde2-c5d6-4d68-ae73-ae3f19e2936d	19	55060872	55060891	2	-2.4511
3b69cde2-c5d6-4d68-ae73-ae3f19e2936d	19	55060916	55766684	306	0.0278
3b69cde2-c5d6-4d68-ae73-ae3f19e2936d	19	55770704	55771701	5	1.1159
3b69cde2-c5d6-4d68-ae73-ae3f19e2936d	19	55774927	58586487	1839	0.0511
3b69cde2-c5d6-4d68-ae73-ae3f19e2936d	20	80664	1587007	1205	0.0541
3b69cde2-c5d6-4d68-ae73-ae3f19e2936d	20	1587075	1601446	31	1.0576
3b69cde2-c5d6-4d68-ae73-ae3f19e2936d	20	1601561	3893361	1606	0.0408
3b69cde2-c5d6-4d68-ae73-ae3f19e2936d	20	3894232	25627668	16906	0.081
3b69cde2-c5d6-4d68-ae73-ae3f19e2936d	20	25630278	26324855	233	0.0562
3b69cde2-c5d6-4d68-ae73-ae3f19e2936d	20	26324943	30295149	19	-0.3678
3b69cde2-c5d6-4d68-ae73-ae3f19e2936d	20	30295239	49031160	11337	0.0587
3b69cde2-c5d6-4d68-ae73-ae3f19e2936d	20	49033078	49059382	12	0.6245
3b69cde2-c5d6-4d68-ae73-ae3f19e2936d	20	49060834	64324800	10966	0.0628
3b69cde2-c5d6-4d68-ae73-ae3f19e2936d	21	10354168	46677045	23825	0.0733
3b69cde2-c5d6-4d68-ae73-ae3f19e2936d	22	15294547	50796027	23241	0.0658
3b69cde2-c5d6-4d68-ae73-ae3f19e2936d	X	251810	605231	49	0.4487
3b69cde2-c5d6-4d68-ae73-ae3f19e2936d	X	605460	642009	9	-0.0601
3b69cde2-c5d6-4d68-ae73-ae3f19e2936d	X	654010	2748312	36	0.4428
3b69cde2-c5d6-4d68-ae73-ae3f19e2936d	X	2785350	4124383	810	-0.0292
3b69cde2-c5d6-4d68-ae73-ae3f19e2936d	X	4124651	4125980	5	-1.543
3b69cde2-c5d6-4d68-ae73-ae3f19e2936d	X	4128902	7157273	2467	0.0008
3b69cde2-c5d6-4d68-ae73-ae3f19e2936d	X	7157438	7157752	2	-3.3379
3b69cde2-c5d6-4d68-ae73-ae3f19e2936d	X	7160208	66546694	31319	-0.0017
3b69cde2-c5d6-4d68-ae73-ae3f19e2936d	X	66550648	66713482	83	0.9512
3b69cde2-c5d6-4d68-ae73-ae3f19e2936d	X	66716590	155952689	48151	0.0071
3b69cde2-c5d6-4d68-ae73-ae3f19e2936d	Y	2782397	19814028	5648	-2.0167
3b69cde2-c5d6-4d68-ae73-ae3f19e2936d	Y	19821941	19841884	12	-3.5218
3b69cde2-c5d6-4d68-ae73-ae3f19e2936d	Y	19852959	56872112	975	-2.0104
