Sample	Chromosome	Start	End	Num_Probes	Segment_Mean
OWNED_p_TCGA_b102_105_SNP_N_GenomeWideSNP_6_D09_777072	1	51598	740197	44	0.4937
OWNED_p_TCGA_b102_105_SNP_N_GenomeWideSNP_6_D09_777072	1	742429	5280462	2257	0.021
OWNED_p_TCGA_b102_105_SNP_N_GenomeWideSNP_6_D09_777072	1	5283180	5286457	5	-0.8358
OWNED_p_TCGA_b102_105_SNP_N_GenomeWideSNP_6_D09_777072	1	5287121	12761331	4203	-0.003
OWNED_p_TCGA_b102_105_SNP_N_GenomeWideSNP_6_D09_777072	1	12762163	13590411	90	0.353
OWNED_p_TCGA_b102_105_SNP_N_GenomeWideSNP_6_D09_777072	1	13596688	16687581	2097	-0.0026
OWNED_p_TCGA_b102_105_SNP_N_GenomeWideSNP_6_D09_777072	1	16688117	17134819	177	0.3064
OWNED_p_TCGA_b102_105_SNP_N_GenomeWideSNP_6_D09_777072	1	17134834	21577898	2992	9e-04
OWNED_p_TCGA_b102_105_SNP_N_GenomeWideSNP_6_D09_777072	1	21577965	21602734	14	0.4822
OWNED_p_TCGA_b102_105_SNP_N_GenomeWideSNP_6_D09_777072	1	21605863	25455928	2255	0.0191
OWNED_p_TCGA_b102_105_SNP_N_GenomeWideSNP_6_D09_777072	1	25465715	25519573	28	-1.0977
OWNED_p_TCGA_b102_105_SNP_N_GenomeWideSNP_6_D09_777072	1	25534088	62048508	21569	0.0045
OWNED_p_TCGA_b102_105_SNP_N_GenomeWideSNP_6_D09_777072	1	62052182	62056938	4	-1.0646
OWNED_p_TCGA_b102_105_SNP_N_GenomeWideSNP_6_D09_777072	1	62057079	72541504	7183	-0.0018
OWNED_p_TCGA_b102_105_SNP_N_GenomeWideSNP_6_D09_777072	1	72541524	72583736	45	-0.8622
OWNED_p_TCGA_b102_105_SNP_N_GenomeWideSNP_6_D09_777072	1	72584492	75823432	1929	0.0046
OWNED_p_TCGA_b102_105_SNP_N_GenomeWideSNP_6_D09_777072	1	75827351	75827442	2	-2.1807
OWNED_p_TCGA_b102_105_SNP_N_GenomeWideSNP_6_D09_777072	1	75832097	79987067	2711	0.01
OWNED_p_TCGA_b102_105_SNP_N_GenomeWideSNP_6_D09_777072	1	79991162	79995341	6	-1.23
OWNED_p_TCGA_b102_105_SNP_N_GenomeWideSNP_6_D09_777072	1	79999498	103965022	15430	0.0051
OWNED_p_TCGA_b102_105_SNP_N_GenomeWideSNP_6_D09_777072	1	103965310	104104926	27	0.7185
OWNED_p_TCGA_b102_105_SNP_N_GenomeWideSNP_6_D09_777072	1	104105024	105820728	919	-0.0164
OWNED_p_TCGA_b102_105_SNP_N_GenomeWideSNP_6_D09_777072	1	105820759	105825593	18	0.4883
OWNED_p_TCGA_b102_105_SNP_N_GenomeWideSNP_6_D09_777072	1	105825613	106342933	329	-0.0117
OWNED_p_TCGA_b102_105_SNP_N_GenomeWideSNP_6_D09_777072	1	106347636	106352893	3	-1.2051
OWNED_p_TCGA_b102_105_SNP_N_GenomeWideSNP_6_D09_777072	1	106354188	108567878	1624	4e-04
OWNED_p_TCGA_b102_105_SNP_N_GenomeWideSNP_6_D09_777072	1	108570825	108618702	2	-1.8216
OWNED_p_TCGA_b102_105_SNP_N_GenomeWideSNP_6_D09_777072	1	108630480	110025907	691	0.0151
OWNED_p_TCGA_b102_105_SNP_N_GenomeWideSNP_6_D09_777072	1	110025950	110044476	32	0.9939
OWNED_p_TCGA_b102_105_SNP_N_GenomeWideSNP_6_D09_777072	1	110046521	110054653	19	0.319
OWNED_p_TCGA_b102_105_SNP_N_GenomeWideSNP_6_D09_777072	1	110058147	111177604	819	-0.009
OWNED_p_TCGA_b102_105_SNP_N_GenomeWideSNP_6_D09_777072	1	111177743	111178891	2	0.5491
OWNED_p_TCGA_b102_105_SNP_N_GenomeWideSNP_6_D09_777072	1	111179088	111189749	38	-0.6705
OWNED_p_TCGA_b102_105_SNP_N_GenomeWideSNP_6_D09_777072	1	111193590	112491849	1075	0.0153
OWNED_p_TCGA_b102_105_SNP_N_GenomeWideSNP_6_D09_777072	1	112497488	112507736	37	-0.297
OWNED_p_TCGA_b102_105_SNP_N_GenomeWideSNP_6_D09_777072	1	112507741	146191886	6252	0.0217
OWNED_p_TCGA_b102_105_SNP_N_GenomeWideSNP_6_D09_777072	1	146197966	148137787	367	0.259
OWNED_p_TCGA_b102_105_SNP_N_GenomeWideSNP_6_D09_777072	1	148140039	150822330	1401	0.0031
OWNED_p_TCGA_b102_105_SNP_N_GenomeWideSNP_6_D09_777072	1	150822391	150853218	34	1.1022
OWNED_p_TCGA_b102_105_SNP_N_GenomeWideSNP_6_D09_777072	1	150857118	159775415	5481	0.0012
OWNED_p_TCGA_b102_105_SNP_N_GenomeWideSNP_6_D09_777072	1	159775499	159914861	50	0.33
OWNED_p_TCGA_b102_105_SNP_N_GenomeWideSNP_6_D09_777072	1	159915245	163303619	2693	-1e-04
OWNED_p_TCGA_b102_105_SNP_N_GenomeWideSNP_6_D09_777072	1	163312089	163312158	2	-1.3097
OWNED_p_TCGA_b102_105_SNP_N_GenomeWideSNP_6_D09_777072	1	163312178	167483561	3318	-0.0069
OWNED_p_TCGA_b102_105_SNP_N_GenomeWideSNP_6_D09_777072	1	167500598	167505355	5	-2.0638
OWNED_p_TCGA_b102_105_SNP_N_GenomeWideSNP_6_D09_777072	1	167505369	241114179	50333	0.0027
OWNED_p_TCGA_b102_105_SNP_N_GenomeWideSNP_6_D09_777072	1	241115363	241126377	35	0.3977
OWNED_p_TCGA_b102_105_SNP_N_GenomeWideSNP_6_D09_777072	1	241126383	241190560	37	0.0996
OWNED_p_TCGA_b102_105_SNP_N_GenomeWideSNP_6_D09_777072	1	241191134	241347508	31	0.5305
OWNED_p_TCGA_b102_105_SNP_N_GenomeWideSNP_6_D09_777072	1	241349107	247191011	3752	0.0325
OWNED_p_TCGA_b102_105_SNP_N_GenomeWideSNP_6_D09_777072	2	2784	4181455	2987	0.0299
OWNED_p_TCGA_b102_105_SNP_N_GenomeWideSNP_6_D09_777072	2	4183562	4201442	39	0.4146
OWNED_p_TCGA_b102_105_SNP_N_GenomeWideSNP_6_D09_777072	2	4201570	29497389	17627	0.0075
OWNED_p_TCGA_b102_105_SNP_N_GenomeWideSNP_6_D09_777072	2	29497519	29497726	4	-1.0783
OWNED_p_TCGA_b102_105_SNP_N_GenomeWideSNP_6_D09_777072	2	29498099	52607972	16491	0.001
OWNED_p_TCGA_b102_105_SNP_N_GenomeWideSNP_6_D09_777072	2	52607984	52635046	39	-1.7515
OWNED_p_TCGA_b102_105_SNP_N_GenomeWideSNP_6_D09_777072	2	52641453	89885829	23022	0.0104
OWNED_p_TCGA_b102_105_SNP_N_GenomeWideSNP_6_D09_777072	2	89886089	94698533	145	0.3742
OWNED_p_TCGA_b102_105_SNP_N_GenomeWideSNP_6_D09_777072	2	94705115	97078881	812	0.0242
OWNED_p_TCGA_b102_105_SNP_N_GenomeWideSNP_6_D09_777072	2	97080999	97591869	114	0.331
OWNED_p_TCGA_b102_105_SNP_N_GenomeWideSNP_6_D09_777072	2	97592046	114040908	9405	0.0106
OWNED_p_TCGA_b102_105_SNP_N_GenomeWideSNP_6_D09_777072	2	114040933	114100823	10	0.6657
OWNED_p_TCGA_b102_105_SNP_N_GenomeWideSNP_6_D09_777072	2	114105933	130510326	10490	0.0111
OWNED_p_TCGA_b102_105_SNP_N_GenomeWideSNP_6_D09_777072	2	130510353	130590958	16	0.9739
OWNED_p_TCGA_b102_105_SNP_N_GenomeWideSNP_6_D09_777072	2	130591346	131024848	104	0.1744
OWNED_p_TCGA_b102_105_SNP_N_GenomeWideSNP_6_D09_777072	2	131034319	131034521	2	-1.3985
OWNED_p_TCGA_b102_105_SNP_N_GenomeWideSNP_6_D09_777072	2	131055122	131687265	236	-0.0207
OWNED_p_TCGA_b102_105_SNP_N_GenomeWideSNP_6_D09_777072	2	131701010	131874917	40	0.3464
OWNED_p_TCGA_b102_105_SNP_N_GenomeWideSNP_6_D09_777072	2	131876404	242738129	68314	0.004
OWNED_p_TCGA_b102_105_SNP_N_GenomeWideSNP_6_D09_777072	3	35345	4068739	3650	0.019
OWNED_p_TCGA_b102_105_SNP_N_GenomeWideSNP_6_D09_777072	3	4068840	4081204	38	0.4046
OWNED_p_TCGA_b102_105_SNP_N_GenomeWideSNP_6_D09_777072	3	4081270	26588205	16357	0.0125
OWNED_p_TCGA_b102_105_SNP_N_GenomeWideSNP_6_D09_777072	3	26589978	26590953	9	0.7579
OWNED_p_TCGA_b102_105_SNP_N_GenomeWideSNP_6_D09_777072	3	26590974	60200514	20915	0.0069
OWNED_p_TCGA_b102_105_SNP_N_GenomeWideSNP_6_D09_777072	3	60200552	60201294	2	-1.4202
OWNED_p_TCGA_b102_105_SNP_N_GenomeWideSNP_6_D09_777072	3	60202095	65174462	4391	0.0119
OWNED_p_TCGA_b102_105_SNP_N_GenomeWideSNP_6_D09_777072	3	65174608	65178752	13	0.5503
OWNED_p_TCGA_b102_105_SNP_N_GenomeWideSNP_6_D09_777072	3	65181944	68807382	2427	0.0157
OWNED_p_TCGA_b102_105_SNP_N_GenomeWideSNP_6_D09_777072	3	68808441	68829435	9	0.7502
OWNED_p_TCGA_b102_105_SNP_N_GenomeWideSNP_6_D09_777072	3	68829513	70119451	1101	-0.0031
OWNED_p_TCGA_b102_105_SNP_N_GenomeWideSNP_6_D09_777072	3	70119807	70122535	5	0.9
OWNED_p_TCGA_b102_105_SNP_N_GenomeWideSNP_6_D09_777072	3	70123234	75477125	3768	0.0079
OWNED_p_TCGA_b102_105_SNP_N_GenomeWideSNP_6_D09_777072	3	75479508	75985599	155	0.4271
OWNED_p_TCGA_b102_105_SNP_N_GenomeWideSNP_6_D09_777072	3	75995041	84184912	4615	-0.0027
OWNED_p_TCGA_b102_105_SNP_N_GenomeWideSNP_6_D09_777072	3	84188123	84188856	2	-2.9125
OWNED_p_TCGA_b102_105_SNP_N_GenomeWideSNP_6_D09_777072	3	84193657	99391815	5715	0.0031
OWNED_p_TCGA_b102_105_SNP_N_GenomeWideSNP_6_D09_777072	3	99396115	99397507	2	1.5799
OWNED_p_TCGA_b102_105_SNP_N_GenomeWideSNP_6_D09_777072	3	99398638	100427148	595	-5e-04
OWNED_p_TCGA_b102_105_SNP_N_GenomeWideSNP_6_D09_777072	3	100427166	100433654	38	0.335
OWNED_p_TCGA_b102_105_SNP_N_GenomeWideSNP_6_D09_777072	3	100434073	108516154	4772	0.005
OWNED_p_TCGA_b102_105_SNP_N_GenomeWideSNP_6_D09_777072	3	108518488	108518874	2	1.7116
OWNED_p_TCGA_b102_105_SNP_N_GenomeWideSNP_6_D09_777072	3	108522151	126890379	11473	0.0018
OWNED_p_TCGA_b102_105_SNP_N_GenomeWideSNP_6_D09_777072	3	126907162	126952111	19	0.4909
OWNED_p_TCGA_b102_105_SNP_N_GenomeWideSNP_6_D09_777072	3	126958024	127151738	72	0.0358
OWNED_p_TCGA_b102_105_SNP_N_GenomeWideSNP_6_D09_777072	3	127156073	127158653	3	-1.3642
OWNED_p_TCGA_b102_105_SNP_N_GenomeWideSNP_6_D09_777072	3	127163190	129877195	1756	-4e-04
OWNED_p_TCGA_b102_105_SNP_N_GenomeWideSNP_6_D09_777072	3	129878180	129895021	10	0.6544
OWNED_p_TCGA_b102_105_SNP_N_GenomeWideSNP_6_D09_777072	3	129896851	150445653	12589	0.011
OWNED_p_TCGA_b102_105_SNP_N_GenomeWideSNP_6_D09_777072	3	150445666	150450811	26	-0.7501
OWNED_p_TCGA_b102_105_SNP_N_GenomeWideSNP_6_D09_777072	3	150453770	159827521	5725	0.0029
OWNED_p_TCGA_b102_105_SNP_N_GenomeWideSNP_6_D09_777072	3	159830259	159851796	9	0.6532
OWNED_p_TCGA_b102_105_SNP_N_GenomeWideSNP_6_D09_777072	3	159860322	164013564	2620	0.0116
OWNED_p_TCGA_b102_105_SNP_N_GenomeWideSNP_6_D09_777072	3	164015644	164028923	9	-0.5507
OWNED_p_TCGA_b102_105_SNP_N_GenomeWideSNP_6_D09_777072	3	164030203	164109297	48	0.4013
OWNED_p_TCGA_b102_105_SNP_N_GenomeWideSNP_6_D09_777072	3	164111308	164197211	70	0.044
OWNED_p_TCGA_b102_105_SNP_N_GenomeWideSNP_6_D09_777072	3	164200421	164202256	2	1.3426
OWNED_p_TCGA_b102_105_SNP_N_GenomeWideSNP_6_D09_777072	3	164208853	170212874	3368	0.0011
OWNED_p_TCGA_b102_105_SNP_N_GenomeWideSNP_6_D09_777072	3	170216096	170222521	3	-1.3762
OWNED_p_TCGA_b102_105_SNP_N_GenomeWideSNP_6_D09_777072	3	170222544	194360596	15730	0.0014
OWNED_p_TCGA_b102_105_SNP_N_GenomeWideSNP_6_D09_777072	3	194360656	194363536	11	1.123
OWNED_p_TCGA_b102_105_SNP_N_GenomeWideSNP_6_D09_777072	3	194365098	196744450	1485	0.0152
OWNED_p_TCGA_b102_105_SNP_N_GenomeWideSNP_6_D09_777072	3	196756684	196941611	40	0.3758
OWNED_p_TCGA_b102_105_SNP_N_GenomeWideSNP_6_D09_777072	3	196941627	196960434	13	-0.4991
OWNED_p_TCGA_b102_105_SNP_N_GenomeWideSNP_6_D09_777072	3	196964365	199380515	1173	0.0387
OWNED_p_TCGA_b102_105_SNP_N_GenomeWideSNP_6_D09_777072	4	2281	26331	27	0.4568
OWNED_p_TCGA_b102_105_SNP_N_GenomeWideSNP_6_D09_777072	4	26768	3847588	1613	0.0126
OWNED_p_TCGA_b102_105_SNP_N_GenomeWideSNP_6_D09_777072	4	3849416	4228074	82	0.4431
OWNED_p_TCGA_b102_105_SNP_N_GenomeWideSNP_6_D09_777072	4	4228710	5371835	892	0.008
OWNED_p_TCGA_b102_105_SNP_N_GenomeWideSNP_6_D09_777072	4	5374196	5381216	7	0.6488
OWNED_p_TCGA_b102_105_SNP_N_GenomeWideSNP_6_D09_777072	4	5381467	8985664	2567	0.0018
OWNED_p_TCGA_b102_105_SNP_N_GenomeWideSNP_6_D09_777072	4	8990042	9259696	115	0.3875
OWNED_p_TCGA_b102_105_SNP_N_GenomeWideSNP_6_D09_777072	4	9263088	9807726	464	0.0195
OWNED_p_TCGA_b102_105_SNP_N_GenomeWideSNP_6_D09_777072	4	9807922	9808897	7	0.6096
OWNED_p_TCGA_b102_105_SNP_N_GenomeWideSNP_6_D09_777072	4	9808912	9819488	27	-0.0326
OWNED_p_TCGA_b102_105_SNP_N_GenomeWideSNP_6_D09_777072	4	9832514	9840596	28	-1.5474
OWNED_p_TCGA_b102_105_SNP_N_GenomeWideSNP_6_D09_777072	4	9843312	48838020	25987	0.0016
OWNED_p_TCGA_b102_105_SNP_N_GenomeWideSNP_6_D09_777072	4	48843591	49351270	34	0.6782
OWNED_p_TCGA_b102_105_SNP_N_GenomeWideSNP_6_D09_777072	4	49351352	63654063	7175	0.0049
OWNED_p_TCGA_b102_105_SNP_N_GenomeWideSNP_6_D09_777072	4	63658987	63663804	6	0.8128
OWNED_p_TCGA_b102_105_SNP_N_GenomeWideSNP_6_D09_777072	4	63666781	64388221	409	0.0029
OWNED_p_TCGA_b102_105_SNP_N_GenomeWideSNP_6_D09_777072	4	64388249	64388380	3	1.1616
OWNED_p_TCGA_b102_105_SNP_N_GenomeWideSNP_6_D09_777072	4	64390176	69049737	2880	-0.0115
OWNED_p_TCGA_b102_105_SNP_N_GenomeWideSNP_6_D09_777072	4	69054598	69204004	69	0.5339
OWNED_p_TCGA_b102_105_SNP_N_GenomeWideSNP_6_D09_777072	4	69211554	70473658	548	0.0819
OWNED_p_TCGA_b102_105_SNP_N_GenomeWideSNP_6_D09_777072	4	70473794	70474275	4	-0.8145
OWNED_p_TCGA_b102_105_SNP_N_GenomeWideSNP_6_D09_777072	4	70481520	72560063	1080	-0.0013
OWNED_p_TCGA_b102_105_SNP_N_GenomeWideSNP_6_D09_777072	4	72560254	72563235	2	1.1955
OWNED_p_TCGA_b102_105_SNP_N_GenomeWideSNP_6_D09_777072	4	72563524	77511100	3015	6e-04
OWNED_p_TCGA_b102_105_SNP_N_GenomeWideSNP_6_D09_777072	4	77511300	77511390	3	-1.3827
OWNED_p_TCGA_b102_105_SNP_N_GenomeWideSNP_6_D09_777072	4	77511825	96464771	11656	-0.0026
OWNED_p_TCGA_b102_105_SNP_N_GenomeWideSNP_6_D09_777072	4	96465529	96466578	14	-0.7598
OWNED_p_TCGA_b102_105_SNP_N_GenomeWideSNP_6_D09_777072	4	96467639	115393149	11389	-0.004
OWNED_p_TCGA_b102_105_SNP_N_GenomeWideSNP_6_D09_777072	4	115394772	115401624	23	-1.2236
OWNED_p_TCGA_b102_105_SNP_N_GenomeWideSNP_6_D09_777072	4	115403678	138311689	13243	-0.0019
OWNED_p_TCGA_b102_105_SNP_N_GenomeWideSNP_6_D09_777072	4	138311870	138312864	14	-0.6883
OWNED_p_TCGA_b102_105_SNP_N_GenomeWideSNP_6_D09_777072	4	138314408	138401943	85	0.0052
OWNED_p_TCGA_b102_105_SNP_N_GenomeWideSNP_6_D09_777072	4	138401993	138410334	47	-0.7341
OWNED_p_TCGA_b102_105_SNP_N_GenomeWideSNP_6_D09_777072	4	138411420	191022559	33784	0.004
OWNED_p_TCGA_b102_105_SNP_N_GenomeWideSNP_6_D09_777072	4	191028537	191261904	62	0.4936
OWNED_p_TCGA_b102_105_SNP_N_GenomeWideSNP_6_D09_777072	5	68532	12872375	10219	0.0148
OWNED_p_TCGA_b102_105_SNP_N_GenomeWideSNP_6_D09_777072	5	12872666	12891533	10	-0.9217
OWNED_p_TCGA_b102_105_SNP_N_GenomeWideSNP_6_D09_777072	5	12902201	17544212	3164	0.0125
OWNED_p_TCGA_b102_105_SNP_N_GenomeWideSNP_6_D09_777072	5	17544269	17645563	22	0.4138
OWNED_p_TCGA_b102_105_SNP_N_GenomeWideSNP_6_D09_777072	5	17645906	27560209	5911	0.008
OWNED_p_TCGA_b102_105_SNP_N_GenomeWideSNP_6_D09_777072	5	27561147	27561777	10	-0.6969
OWNED_p_TCGA_b102_105_SNP_N_GenomeWideSNP_6_D09_777072	5	27563236	44300835	10647	0.0127
OWNED_p_TCGA_b102_105_SNP_N_GenomeWideSNP_6_D09_777072	5	44300846	44302748	2	-1.7383
OWNED_p_TCGA_b102_105_SNP_N_GenomeWideSNP_6_D09_777072	5	44304744	46306865	796	0.0232
OWNED_p_TCGA_b102_105_SNP_N_GenomeWideSNP_6_D09_777072	5	46307687	46309259	6	-1.7189
OWNED_p_TCGA_b102_105_SNP_N_GenomeWideSNP_6_D09_777072	5	46313969	46349292	5	-0.2473
OWNED_p_TCGA_b102_105_SNP_N_GenomeWideSNP_6_D09_777072	5	46349398	49555769	27	0.3961
OWNED_p_TCGA_b102_105_SNP_N_GenomeWideSNP_6_D09_777072	5	49556670	57357403	5051	0.0069
OWNED_p_TCGA_b102_105_SNP_N_GenomeWideSNP_6_D09_777072	5	57361784	57374114	33	1.146
OWNED_p_TCGA_b102_105_SNP_N_GenomeWideSNP_6_D09_777072	5	57375830	106141883	28170	0.005
OWNED_p_TCGA_b102_105_SNP_N_GenomeWideSNP_6_D09_777072	5	106144009	106144175	2	1.5907
OWNED_p_TCGA_b102_105_SNP_N_GenomeWideSNP_6_D09_777072	5	106145355	140198906	21901	0.0126
OWNED_p_TCGA_b102_105_SNP_N_GenomeWideSNP_6_D09_777072	5	140204020	140223940	12	-1.335
OWNED_p_TCGA_b102_105_SNP_N_GenomeWideSNP_6_D09_777072	5	140232347	150182398	6565	0.0084
OWNED_p_TCGA_b102_105_SNP_N_GenomeWideSNP_6_D09_777072	5	150185693	150198797	8	-0.7259
OWNED_p_TCGA_b102_105_SNP_N_GenomeWideSNP_6_D09_777072	5	150203580	151494364	963	0.0099
OWNED_p_TCGA_b102_105_SNP_N_GenomeWideSNP_6_D09_777072	5	151495579	151498544	14	-0.6922
OWNED_p_TCGA_b102_105_SNP_N_GenomeWideSNP_6_D09_777072	5	151500464	152551736	676	0.0103
OWNED_p_TCGA_b102_105_SNP_N_GenomeWideSNP_6_D09_777072	5	152552163	152563019	7	0.7376
OWNED_p_TCGA_b102_105_SNP_N_GenomeWideSNP_6_D09_777072	5	152563042	155404711	1967	7e-04
OWNED_p_TCGA_b102_105_SNP_N_GenomeWideSNP_6_D09_777072	5	155407677	155414774	12	0.5593
OWNED_p_TCGA_b102_105_SNP_N_GenomeWideSNP_6_D09_777072	5	155415015	157073671	1114	0.0023
OWNED_p_TCGA_b102_105_SNP_N_GenomeWideSNP_6_D09_777072	5	157074864	157075829	2	-2.0979
OWNED_p_TCGA_b102_105_SNP_N_GenomeWideSNP_6_D09_777072	5	157076099	175320465	12962	0.0084
OWNED_p_TCGA_b102_105_SNP_N_GenomeWideSNP_6_D09_777072	5	175326218	175392693	11	0.51
OWNED_p_TCGA_b102_105_SNP_N_GenomeWideSNP_6_D09_777072	5	175398295	175402113	2	-1.4093
OWNED_p_TCGA_b102_105_SNP_N_GenomeWideSNP_6_D09_777072	5	175402930	177131055	726	0.0338
OWNED_p_TCGA_b102_105_SNP_N_GenomeWideSNP_6_D09_777072	5	177160157	177165211	3	1.7305
OWNED_p_TCGA_b102_105_SNP_N_GenomeWideSNP_6_D09_777072	5	177187571	180722926	1998	0.0251
OWNED_p_TCGA_b102_105_SNP_N_GenomeWideSNP_6_D09_777072	6	94661	26840385	20258	0.004
OWNED_p_TCGA_b102_105_SNP_N_GenomeWideSNP_6_D09_777072	6	26845011	26876548	25	-0.455
OWNED_p_TCGA_b102_105_SNP_N_GenomeWideSNP_6_D09_777072	6	26881042	31394255	2129	0.029
OWNED_p_TCGA_b102_105_SNP_N_GenomeWideSNP_6_D09_777072	6	31394284	31425676	13	1.0714
OWNED_p_TCGA_b102_105_SNP_N_GenomeWideSNP_6_D09_777072	6	31426143	32562501	507	0.0858
OWNED_p_TCGA_b102_105_SNP_N_GenomeWideSNP_6_D09_777072	6	32564661	32669273	28	0.8783
OWNED_p_TCGA_b102_105_SNP_N_GenomeWideSNP_6_D09_777072	6	32678024	32695435	16	0.0487
OWNED_p_TCGA_b102_105_SNP_N_GenomeWideSNP_6_D09_777072	6	32700999	32710085	7	0.8726
OWNED_p_TCGA_b102_105_SNP_N_GenomeWideSNP_6_D09_777072	6	32710247	52719343	12744	-2e-04
OWNED_p_TCGA_b102_105_SNP_N_GenomeWideSNP_6_D09_777072	6	52720863	52772441	52	0.3451
OWNED_p_TCGA_b102_105_SNP_N_GenomeWideSNP_6_D09_777072	6	52772531	62536506	3792	0.0225
OWNED_p_TCGA_b102_105_SNP_N_GenomeWideSNP_6_D09_777072	6	62540592	62540594	2	1.0941
OWNED_p_TCGA_b102_105_SNP_N_GenomeWideSNP_6_D09_777072	6	62544870	63419154	491	-0.0027
OWNED_p_TCGA_b102_105_SNP_N_GenomeWideSNP_6_D09_777072	6	63419930	63421826	3	0.7542
OWNED_p_TCGA_b102_105_SNP_N_GenomeWideSNP_6_D09_777072	6	63422069	65393663	1012	0.0014
OWNED_p_TCGA_b102_105_SNP_N_GenomeWideSNP_6_D09_777072	6	65404265	65405713	2	-1.9952
OWNED_p_TCGA_b102_105_SNP_N_GenomeWideSNP_6_D09_777072	6	65407497	74648953	6165	7e-04
OWNED_p_TCGA_b102_105_SNP_N_GenomeWideSNP_6_D09_777072	6	74649185	74654069	8	-2.1903
OWNED_p_TCGA_b102_105_SNP_N_GenomeWideSNP_6_D09_777072	6	74658138	77493251	1769	0.009
OWNED_p_TCGA_b102_105_SNP_N_GenomeWideSNP_6_D09_777072	6	77496587	77499938	10	-0.6817
OWNED_p_TCGA_b102_105_SNP_N_GenomeWideSNP_6_D09_777072	6	77499966	103854125	16590	0.0029
OWNED_p_TCGA_b102_105_SNP_N_GenomeWideSNP_6_D09_777072	6	103854146	103872363	37	0.8256
OWNED_p_TCGA_b102_105_SNP_N_GenomeWideSNP_6_D09_777072	6	103872404	115453039	7300	-0.0021
OWNED_p_TCGA_b102_105_SNP_N_GenomeWideSNP_6_D09_777072	6	115456142	115456553	2	-1.5369
OWNED_p_TCGA_b102_105_SNP_N_GenomeWideSNP_6_D09_777072	6	115475490	117655867	1198	-0.0123
OWNED_p_TCGA_b102_105_SNP_N_GenomeWideSNP_6_D09_777072	6	117657040	117663106	9	0.555
OWNED_p_TCGA_b102_105_SNP_N_GenomeWideSNP_6_D09_777072	6	117663193	117888191	175	-0.0328
OWNED_p_TCGA_b102_105_SNP_N_GenomeWideSNP_6_D09_777072	6	117890463	117891260	2	-1.78
OWNED_p_TCGA_b102_105_SNP_N_GenomeWideSNP_6_D09_777072	6	117891963	160952079	28234	-0.0022
OWNED_p_TCGA_b102_105_SNP_N_GenomeWideSNP_6_D09_777072	6	160952093	160988467	12	0.6879
OWNED_p_TCGA_b102_105_SNP_N_GenomeWideSNP_6_D09_777072	6	160988494	167512519	5122	-4e-04
OWNED_p_TCGA_b102_105_SNP_N_GenomeWideSNP_6_D09_777072	6	167514174	167533253	11	0.6128
OWNED_p_TCGA_b102_105_SNP_N_GenomeWideSNP_6_D09_777072	6	167534094	170892930	2119	0.0271
OWNED_p_TCGA_b102_105_SNP_N_GenomeWideSNP_6_D09_777072	7	52911	6797461	3428	0.0118
OWNED_p_TCGA_b102_105_SNP_N_GenomeWideSNP_6_D09_777072	7	6800402	7023779	76	0.2988
OWNED_p_TCGA_b102_105_SNP_N_GenomeWideSNP_6_D09_777072	7	7024355	38291966	23924	-9e-04
OWNED_p_TCGA_b102_105_SNP_N_GenomeWideSNP_6_D09_777072	7	38292303	38371496	108	0.2793
OWNED_p_TCGA_b102_105_SNP_N_GenomeWideSNP_6_D09_777072	7	38371622	54347867	10995	0.0019
OWNED_p_TCGA_b102_105_SNP_N_GenomeWideSNP_6_D09_777072	7	54353999	54354006	4	1.0317
OWNED_p_TCGA_b102_105_SNP_N_GenomeWideSNP_6_D09_777072	7	54354008	57069302	1630	0.0029
OWNED_p_TCGA_b102_105_SNP_N_GenomeWideSNP_6_D09_777072	7	57071534	57196915	15	0.6028
OWNED_p_TCGA_b102_105_SNP_N_GenomeWideSNP_6_D09_777072	7	57199053	64579322	1666	0.1274
OWNED_p_TCGA_b102_105_SNP_N_GenomeWideSNP_6_D09_777072	7	64580284	64704137	30	0.5633
OWNED_p_TCGA_b102_105_SNP_N_GenomeWideSNP_6_D09_777072	7	64704389	66256186	541	0.0037
OWNED_p_TCGA_b102_105_SNP_N_GenomeWideSNP_6_D09_777072	7	66258681	66410127	45	0.3055
OWNED_p_TCGA_b102_105_SNP_N_GenomeWideSNP_6_D09_777072	7	66415762	90397572	13843	0.0036
OWNED_p_TCGA_b102_105_SNP_N_GenomeWideSNP_6_D09_777072	7	90399768	90401255	2	-1.3871
OWNED_p_TCGA_b102_105_SNP_N_GenomeWideSNP_6_D09_777072	7	90401470	97233445	4364	-0.0018
OWNED_p_TCGA_b102_105_SNP_N_GenomeWideSNP_6_D09_777072	7	97239868	97240411	8	-0.9198
OWNED_p_TCGA_b102_105_SNP_N_GenomeWideSNP_6_D09_777072	7	97242176	109221034	6627	0.0012
OWNED_p_TCGA_b102_105_SNP_N_GenomeWideSNP_6_D09_777072	7	109224328	109224993	14	-0.7771
OWNED_p_TCGA_b102_105_SNP_N_GenomeWideSNP_6_D09_777072	7	109225008	109228448	10	0.4384
OWNED_p_TCGA_b102_105_SNP_N_GenomeWideSNP_6_D09_777072	7	109228480	109241146	11	-1.679
OWNED_p_TCGA_b102_105_SNP_N_GenomeWideSNP_6_D09_777072	7	109241218	125833779	10038	0.0014
OWNED_p_TCGA_b102_105_SNP_N_GenomeWideSNP_6_D09_777072	7	125833836	125840002	9	0.7896
OWNED_p_TCGA_b102_105_SNP_N_GenomeWideSNP_6_D09_777072	7	125841634	133429192	4694	0.0052
OWNED_p_TCGA_b102_105_SNP_N_GenomeWideSNP_6_D09_777072	7	133435717	133449737	36	0.6499
OWNED_p_TCGA_b102_105_SNP_N_GenomeWideSNP_6_D09_777072	7	133456784	135218165	1254	5e-04
OWNED_p_TCGA_b102_105_SNP_N_GenomeWideSNP_6_D09_777072	7	135218620	135223322	6	0.9252
OWNED_p_TCGA_b102_105_SNP_N_GenomeWideSNP_6_D09_777072	7	135224054	141427967	3943	0.0032
OWNED_p_TCGA_b102_105_SNP_N_GenomeWideSNP_6_D09_777072	7	141427982	141438377	28	0.4233
OWNED_p_TCGA_b102_105_SNP_N_GenomeWideSNP_6_D09_777072	7	141438576	142957130	961	0.0777
OWNED_p_TCGA_b102_105_SNP_N_GenomeWideSNP_6_D09_777072	7	142960075	143010522	14	0.4932
OWNED_p_TCGA_b102_105_SNP_N_GenomeWideSNP_6_D09_777072	7	143017850	154017613	6826	0.0133
OWNED_p_TCGA_b102_105_SNP_N_GenomeWideSNP_6_D09_777072	7	154018058	154034945	11	0.5829
OWNED_p_TCGA_b102_105_SNP_N_GenomeWideSNP_6_D09_777072	7	154035092	155572612	1214	0.0072
OWNED_p_TCGA_b102_105_SNP_N_GenomeWideSNP_6_D09_777072	7	155575078	155579807	8	-1.1289
OWNED_p_TCGA_b102_105_SNP_N_GenomeWideSNP_6_D09_777072	7	155580829	158819765	2017	0.0207
OWNED_p_TCGA_b102_105_SNP_N_GenomeWideSNP_6_D09_777072	8	21254	2689341	2121	0.0341
OWNED_p_TCGA_b102_105_SNP_N_GenomeWideSNP_6_D09_777072	8	2690940	2691306	7	-0.9219
OWNED_p_TCGA_b102_105_SNP_N_GenomeWideSNP_6_D09_777072	8	2694578	6901260	5646	0.0099
OWNED_p_TCGA_b102_105_SNP_N_GenomeWideSNP_6_D09_777072	8	6901498	7903572	248	0.326
OWNED_p_TCGA_b102_105_SNP_N_GenomeWideSNP_6_D09_777072	8	7973265	8015420	18	1.0813
OWNED_p_TCGA_b102_105_SNP_N_GenomeWideSNP_6_D09_777072	8	8015466	8129435	26	0.4317
OWNED_p_TCGA_b102_105_SNP_N_GenomeWideSNP_6_D09_777072	8	8130592	11805327	3147	0.0164
OWNED_p_TCGA_b102_105_SNP_N_GenomeWideSNP_6_D09_777072	8	11806013	11837063	13	0.5713
OWNED_p_TCGA_b102_105_SNP_N_GenomeWideSNP_6_D09_777072	8	11838589	11919268	53	0.045
OWNED_p_TCGA_b102_105_SNP_N_GenomeWideSNP_6_D09_777072	8	11919806	12606321	158	0.5234
OWNED_p_TCGA_b102_105_SNP_N_GenomeWideSNP_6_D09_777072	8	12606826	18306826	5286	0.0057
OWNED_p_TCGA_b102_105_SNP_N_GenomeWideSNP_6_D09_777072	8	18308771	18310437	3	-1.2616
OWNED_p_TCGA_b102_105_SNP_N_GenomeWideSNP_6_D09_777072	8	18310587	54142456	20690	0.0037
OWNED_p_TCGA_b102_105_SNP_N_GenomeWideSNP_6_D09_777072	8	54142874	54151206	11	0.6858
OWNED_p_TCGA_b102_105_SNP_N_GenomeWideSNP_6_D09_777072	8	54153371	58280040	2671	0.0013
OWNED_p_TCGA_b102_105_SNP_N_GenomeWideSNP_6_D09_777072	8	58280606	58292579	3	-1.0487
OWNED_p_TCGA_b102_105_SNP_N_GenomeWideSNP_6_D09_777072	8	58295352	58536829	202	0.0573
OWNED_p_TCGA_b102_105_SNP_N_GenomeWideSNP_6_D09_777072	8	58536851	58549967	12	0.641
OWNED_p_TCGA_b102_105_SNP_N_GenomeWideSNP_6_D09_777072	8	58553476	112363822	32600	0.0023
OWNED_p_TCGA_b102_105_SNP_N_GenomeWideSNP_6_D09_777072	8	112363846	112364436	6	1.1024
OWNED_p_TCGA_b102_105_SNP_N_GenomeWideSNP_6_D09_777072	8	112369457	115701219	1819	-0.001
OWNED_p_TCGA_b102_105_SNP_N_GenomeWideSNP_6_D09_777072	8	115703663	115704877	13	-0.927
OWNED_p_TCGA_b102_105_SNP_N_GenomeWideSNP_6_D09_777072	8	115707526	146268959	21078	0.0116
OWNED_p_TCGA_b102_105_SNP_N_GenomeWideSNP_6_D09_777072	9	36587	1837505	2030	0.0417
OWNED_p_TCGA_b102_105_SNP_N_GenomeWideSNP_6_D09_777072	9	1842281	1842363	2	-2.1463
OWNED_p_TCGA_b102_105_SNP_N_GenomeWideSNP_6_D09_777072	9	1843225	6691145	4350	0.0069
OWNED_p_TCGA_b102_105_SNP_N_GenomeWideSNP_6_D09_777072	9	6691385	6698357	6	-1.8019
OWNED_p_TCGA_b102_105_SNP_N_GenomeWideSNP_6_D09_777072	9	6702314	29081097	18395	-0.0047
OWNED_p_TCGA_b102_105_SNP_N_GenomeWideSNP_6_D09_777072	9	29084549	29087680	3	-1.9719
OWNED_p_TCGA_b102_105_SNP_N_GenomeWideSNP_6_D09_777072	9	29090799	41942516	6532	0
OWNED_p_TCGA_b102_105_SNP_N_GenomeWideSNP_6_D09_777072	9	41962506	41968375	2	-1.0655
OWNED_p_TCGA_b102_105_SNP_N_GenomeWideSNP_6_D09_777072	9	41975187	44569219	115	0.4212
OWNED_p_TCGA_b102_105_SNP_N_GenomeWideSNP_6_D09_777072	9	44667855	44795733	36	0.9456
OWNED_p_TCGA_b102_105_SNP_N_GenomeWideSNP_6_D09_777072	9	44806024	70211849	393	0.427
OWNED_p_TCGA_b102_105_SNP_N_GenomeWideSNP_6_D09_777072	9	70217315	140211215	47960	-0.0052
OWNED_p_TCGA_b102_105_SNP_N_GenomeWideSNP_6_D09_777072	10	62759	39110676	29144	-0.0029
OWNED_p_TCGA_b102_105_SNP_N_GenomeWideSNP_6_D09_777072	10	39110814	42002139	41	0.3429
OWNED_p_TCGA_b102_105_SNP_N_GenomeWideSNP_6_D09_777072	10	42005267	42070878	12	0.9885
OWNED_p_TCGA_b102_105_SNP_N_GenomeWideSNP_6_D09_777072	10	42080059	45573051	2342	0.0039
OWNED_p_TCGA_b102_105_SNP_N_GenomeWideSNP_6_D09_777072	10	45576787	46475717	94	0.49
OWNED_p_TCGA_b102_105_SNP_N_GenomeWideSNP_6_D09_777072	10	46478798	46479827	22	-0.1434
OWNED_p_TCGA_b102_105_SNP_N_GenomeWideSNP_6_D09_777072	10	46482317	46533096	44	0.5741
OWNED_p_TCGA_b102_105_SNP_N_GenomeWideSNP_6_D09_777072	10	46533268	46839717	29	0.2207
OWNED_p_TCGA_b102_105_SNP_N_GenomeWideSNP_6_D09_777072	10	47011195	47213507	190	0.7161
OWNED_p_TCGA_b102_105_SNP_N_GenomeWideSNP_6_D09_777072	10	47213522	52063405	2121	0.0151
OWNED_p_TCGA_b102_105_SNP_N_GenomeWideSNP_6_D09_777072	10	52063834	52133627	32	0.3141
OWNED_p_TCGA_b102_105_SNP_N_GenomeWideSNP_6_D09_777072	10	52135500	66978715	10636	-0.004
OWNED_p_TCGA_b102_105_SNP_N_GenomeWideSNP_6_D09_777072	10	66978743	66984452	21	-0.5083
OWNED_p_TCGA_b102_105_SNP_N_GenomeWideSNP_6_D09_777072	10	66992801	84413144	11253	-0.0025
OWNED_p_TCGA_b102_105_SNP_N_GenomeWideSNP_6_D09_777072	10	84413247	84419822	9	0.5944
OWNED_p_TCGA_b102_105_SNP_N_GenomeWideSNP_6_D09_777072	10	84419826	88858651	3162	-0.0125
OWNED_p_TCGA_b102_105_SNP_N_GenomeWideSNP_6_D09_777072	10	88865832	89019223	30	0.409
OWNED_p_TCGA_b102_105_SNP_N_GenomeWideSNP_6_D09_777072	10	89028321	121394536	21376	-0.0059
OWNED_p_TCGA_b102_105_SNP_N_GenomeWideSNP_6_D09_777072	10	121397971	121398061	2	-1.4269
OWNED_p_TCGA_b102_105_SNP_N_GenomeWideSNP_6_D09_777072	10	121399114	122766583	1096	-0.0064
OWNED_p_TCGA_b102_105_SNP_N_GenomeWideSNP_6_D09_777072	10	122766829	122767060	4	0.8451
OWNED_p_TCGA_b102_105_SNP_N_GenomeWideSNP_6_D09_777072	10	122767452	135356694	9321	0.0034
OWNED_p_TCGA_b102_105_SNP_N_GenomeWideSNP_6_D09_777072	11	188510	231489	22	-0.0279
OWNED_p_TCGA_b102_105_SNP_N_GenomeWideSNP_6_D09_777072	11	232112	373554	67	0.2876
OWNED_p_TCGA_b102_105_SNP_N_GenomeWideSNP_6_D09_777072	11	373855	2729947	895	0.0036
OWNED_p_TCGA_b102_105_SNP_N_GenomeWideSNP_6_D09_777072	11	2730047	2730520	2	-1.6374
OWNED_p_TCGA_b102_105_SNP_N_GenomeWideSNP_6_D09_777072	11	2730826	50480585	33224	0.0063
OWNED_p_TCGA_b102_105_SNP_N_GenomeWideSNP_6_D09_777072	11	50529802	51084722	51	0.5161
OWNED_p_TCGA_b102_105_SNP_N_GenomeWideSNP_6_D09_777072	11	51084757	55132856	368	0.1502
OWNED_p_TCGA_b102_105_SNP_N_GenomeWideSNP_6_D09_777072	11	55133074	55225129	58	-0.3843
OWNED_p_TCGA_b102_105_SNP_N_GenomeWideSNP_6_D09_777072	11	55225258	67221206	6222	0.01
OWNED_p_TCGA_b102_105_SNP_N_GenomeWideSNP_6_D09_777072	11	67221504	67505898	86	0.4816
OWNED_p_TCGA_b102_105_SNP_N_GenomeWideSNP_6_D09_777072	11	67520656	90611826	14450	-9e-04
OWNED_p_TCGA_b102_105_SNP_N_GenomeWideSNP_6_D09_777072	11	90613421	90613497	2	-1.8596
OWNED_p_TCGA_b102_105_SNP_N_GenomeWideSNP_6_D09_777072	11	90614434	123026420	22914	-3e-04
OWNED_p_TCGA_b102_105_SNP_N_GenomeWideSNP_6_D09_777072	11	123026650	123028317	5	-1.1237
OWNED_p_TCGA_b102_105_SNP_N_GenomeWideSNP_6_D09_777072	11	123028568	134449982	8685	0.0086
OWNED_p_TCGA_b102_105_SNP_N_GenomeWideSNP_6_D09_777072	12	20703	736231	418	0.1147
OWNED_p_TCGA_b102_105_SNP_N_GenomeWideSNP_6_D09_777072	12	739370	744290	17	-0.6772
OWNED_p_TCGA_b102_105_SNP_N_GenomeWideSNP_6_D09_777072	12	745615	7686339	4840	0.0039
OWNED_p_TCGA_b102_105_SNP_N_GenomeWideSNP_6_D09_777072	12	7688505	7690406	7	0.756
OWNED_p_TCGA_b102_105_SNP_N_GenomeWideSNP_6_D09_777072	12	7690422	8200974	251	0.0288
OWNED_p_TCGA_b102_105_SNP_N_GenomeWideSNP_6_D09_777072	12	8201335	8486798	104	0.483
OWNED_p_TCGA_b102_105_SNP_N_GenomeWideSNP_6_D09_777072	12	8487620	9327411	473	-0.0071
OWNED_p_TCGA_b102_105_SNP_N_GenomeWideSNP_6_D09_777072	12	9327902	9521823	88	0.2672
OWNED_p_TCGA_b102_105_SNP_N_GenomeWideSNP_6_D09_777072	12	9525137	9604941	22	-1.0719
OWNED_p_TCGA_b102_105_SNP_N_GenomeWideSNP_6_D09_777072	12	9606832	11395209	1188	0.0269
OWNED_p_TCGA_b102_105_SNP_N_GenomeWideSNP_6_D09_777072	12	11395242	11432213	31	0.3473
OWNED_p_TCGA_b102_105_SNP_N_GenomeWideSNP_6_D09_777072	12	11432296	39102742	17748	0.006
OWNED_p_TCGA_b102_105_SNP_N_GenomeWideSNP_6_D09_777072	12	39102779	39104134	14	0.5026
OWNED_p_TCGA_b102_105_SNP_N_GenomeWideSNP_6_D09_777072	12	39104185	44186092	3289	-0.0038
OWNED_p_TCGA_b102_105_SNP_N_GenomeWideSNP_6_D09_777072	12	44190705	44195804	4	-1.4245
OWNED_p_TCGA_b102_105_SNP_N_GenomeWideSNP_6_D09_777072	12	44199559	132288262	56495	0.0059
OWNED_p_TCGA_b102_105_SNP_N_GenomeWideSNP_6_D09_777072	13	17924949	18033291	10	0.843
OWNED_p_TCGA_b102_105_SNP_N_GenomeWideSNP_6_D09_777072	13	18033703	18305911	91	0.3288
OWNED_p_TCGA_b102_105_SNP_N_GenomeWideSNP_6_D09_777072	13	18306095	56656627	25991	0.0018
OWNED_p_TCGA_b102_105_SNP_N_GenomeWideSNP_6_D09_777072	13	56661148	56676381	29	-0.6054
OWNED_p_TCGA_b102_105_SNP_N_GenomeWideSNP_6_D09_777072	13	56687715	63125181	3804	-0.0042
OWNED_p_TCGA_b102_105_SNP_N_GenomeWideSNP_6_D09_777072	13	63130342	63134693	5	-1.0109
OWNED_p_TCGA_b102_105_SNP_N_GenomeWideSNP_6_D09_777072	13	63137564	66764031	2310	-0.0053
OWNED_p_TCGA_b102_105_SNP_N_GenomeWideSNP_6_D09_777072	13	66766363	66767856	2	-1.3816
OWNED_p_TCGA_b102_105_SNP_N_GenomeWideSNP_6_D09_777072	13	66768209	68158036	793	0.0063
OWNED_p_TCGA_b102_105_SNP_N_GenomeWideSNP_6_D09_777072	13	68158497	68158735	2	1.2826
OWNED_p_TCGA_b102_105_SNP_N_GenomeWideSNP_6_D09_777072	13	68159154	71374989	2075	-0.0087
OWNED_p_TCGA_b102_105_SNP_N_GenomeWideSNP_6_D09_777072	13	71375556	71378557	4	-1.3793
OWNED_p_TCGA_b102_105_SNP_N_GenomeWideSNP_6_D09_777072	13	71378606	76530471	3811	-5e-04
OWNED_p_TCGA_b102_105_SNP_N_GenomeWideSNP_6_D09_777072	13	76530833	76532192	2	-1.6005
OWNED_p_TCGA_b102_105_SNP_N_GenomeWideSNP_6_D09_777072	13	76536100	81620640	3215	-0.0075
OWNED_p_TCGA_b102_105_SNP_N_GenomeWideSNP_6_D09_777072	13	81623061	81627935	5	-1.3034
OWNED_p_TCGA_b102_105_SNP_N_GenomeWideSNP_6_D09_777072	13	81628142	114109987	22072	0.0025
OWNED_p_TCGA_b102_105_SNP_N_GenomeWideSNP_6_D09_777072	13	114113182	114126499	7	0.4182
OWNED_p_TCGA_b102_105_SNP_N_GenomeWideSNP_6_D09_777072	14	18072124	18492533	29	0.5436
OWNED_p_TCGA_b102_105_SNP_N_GenomeWideSNP_6_D09_777072	14	18502799	18508611	4	-1.5235
OWNED_p_TCGA_b102_105_SNP_N_GenomeWideSNP_6_D09_777072	14	18521076	19207186	46	0.2186
OWNED_p_TCGA_b102_105_SNP_N_GenomeWideSNP_6_D09_777072	14	19213349	19492423	109	-0.2745
OWNED_p_TCGA_b102_105_SNP_N_GenomeWideSNP_6_D09_777072	14	19493212	40678108	13629	0.0128
OWNED_p_TCGA_b102_105_SNP_N_GenomeWideSNP_6_D09_777072	14	40680246	40698992	7	-1.5308
OWNED_p_TCGA_b102_105_SNP_N_GenomeWideSNP_6_D09_777072	14	40703135	40723727	6	-4.4465
OWNED_p_TCGA_b102_105_SNP_N_GenomeWideSNP_6_D09_777072	14	40726999	70755312	18902	-1e-04
OWNED_p_TCGA_b102_105_SNP_N_GenomeWideSNP_6_D09_777072	14	70756537	71184311	187	0.5978
OWNED_p_TCGA_b102_105_SNP_N_GenomeWideSNP_6_D09_777072	14	71187962	73076460	1371	0.004
OWNED_p_TCGA_b102_105_SNP_N_GenomeWideSNP_6_D09_777072	14	73076604	73090732	7	-1.2371
OWNED_p_TCGA_b102_105_SNP_N_GenomeWideSNP_6_D09_777072	14	73099653	105501013	20754	1e-04
OWNED_p_TCGA_b102_105_SNP_N_GenomeWideSNP_6_D09_777072	14	105502697	105697015	86	0.3976
OWNED_p_TCGA_b102_105_SNP_N_GenomeWideSNP_6_D09_777072	14	105700175	105786375	35	0.1402
OWNED_p_TCGA_b102_105_SNP_N_GenomeWideSNP_6_D09_777072	14	105786534	105818003	16	-0.5689
OWNED_p_TCGA_b102_105_SNP_N_GenomeWideSNP_6_D09_777072	14	105818144	105930103	52	0.1772
OWNED_p_TCGA_b102_105_SNP_N_GenomeWideSNP_6_D09_777072	14	105934561	105989153	60	-0.3456
OWNED_p_TCGA_b102_105_SNP_N_GenomeWideSNP_6_D09_777072	14	105989694	106356482	224	0.0676
OWNED_p_TCGA_b102_105_SNP_N_GenomeWideSNP_6_D09_777072	15	18276341	18355535	16	0.3129
OWNED_p_TCGA_b102_105_SNP_N_GenomeWideSNP_6_D09_777072	15	18361667	18422759	15	0.8614
OWNED_p_TCGA_b102_105_SNP_N_GenomeWideSNP_6_D09_777072	15	18423685	18452025	13	0.0566
OWNED_p_TCGA_b102_105_SNP_N_GenomeWideSNP_6_D09_777072	15	18452183	18522250	9	0.5377
OWNED_p_TCGA_b102_105_SNP_N_GenomeWideSNP_6_D09_777072	15	18524300	18700552	15	-0.1314
OWNED_p_TCGA_b102_105_SNP_N_GenomeWideSNP_6_D09_777072	15	18706152	18838435	30	-0.455
OWNED_p_TCGA_b102_105_SNP_N_GenomeWideSNP_6_D09_777072	15	18841465	18841469	5	1.0475
OWNED_p_TCGA_b102_105_SNP_N_GenomeWideSNP_6_D09_777072	15	18841576	18906589	42	-0.7584
OWNED_p_TCGA_b102_105_SNP_N_GenomeWideSNP_6_D09_777072	15	18906699	19003961	6	0.561
OWNED_p_TCGA_b102_105_SNP_N_GenomeWideSNP_6_D09_777072	15	19055354	20088838	269	-0.4251
OWNED_p_TCGA_b102_105_SNP_N_GenomeWideSNP_6_D09_777072	15	20224763	20304073	11	0.5108
OWNED_p_TCGA_b102_105_SNP_N_GenomeWideSNP_6_D09_777072	15	20306536	20341682	27	-0.011
OWNED_p_TCGA_b102_105_SNP_N_GenomeWideSNP_6_D09_777072	15	20342765	20342808	3	0.9838
OWNED_p_TCGA_b102_105_SNP_N_GenomeWideSNP_6_D09_777072	15	20344915	21959069	849	0.0184
OWNED_p_TCGA_b102_105_SNP_N_GenomeWideSNP_6_D09_777072	15	21959294	22347795	189	0.3051
OWNED_p_TCGA_b102_105_SNP_N_GenomeWideSNP_6_D09_777072	15	22352815	27199339	2941	0.022
OWNED_p_TCGA_b102_105_SNP_N_GenomeWideSNP_6_D09_777072	15	27202852	27204349	2	-1.5222
OWNED_p_TCGA_b102_105_SNP_N_GenomeWideSNP_6_D09_777072	15	27204828	32501415	3366	0.0324
OWNED_p_TCGA_b102_105_SNP_N_GenomeWideSNP_6_D09_777072	15	32507087	32650015	76	0.6654
OWNED_p_TCGA_b102_105_SNP_N_GenomeWideSNP_6_D09_777072	15	32656188	42910906	6191	9e-04
OWNED_p_TCGA_b102_105_SNP_N_GenomeWideSNP_6_D09_777072	15	42911956	42966077	33	0.2796
OWNED_p_TCGA_b102_105_SNP_N_GenomeWideSNP_6_D09_777072	15	42970493	50053027	4335	-0.009
OWNED_p_TCGA_b102_105_SNP_N_GenomeWideSNP_6_D09_777072	15	50055305	50060576	4	-1.0071
OWNED_p_TCGA_b102_105_SNP_N_GenomeWideSNP_6_D09_777072	15	50062547	55528759	3630	-0.0024
OWNED_p_TCGA_b102_105_SNP_N_GenomeWideSNP_6_D09_777072	15	55529286	55536271	7	-0.7936
OWNED_p_TCGA_b102_105_SNP_N_GenomeWideSNP_6_D09_777072	15	55536592	68307131	8805	-0.0046
OWNED_p_TCGA_b102_105_SNP_N_GenomeWideSNP_6_D09_777072	15	68311561	68312433	3	-1.241
OWNED_p_TCGA_b102_105_SNP_N_GenomeWideSNP_6_D09_777072	15	68316251	80467154	7098	8e-04
OWNED_p_TCGA_b102_105_SNP_N_GenomeWideSNP_6_D09_777072	15	80471990	80966604	16	0.7337
OWNED_p_TCGA_b102_105_SNP_N_GenomeWideSNP_6_D09_777072	15	80966626	82619355	950	-0.0169
OWNED_p_TCGA_b102_105_SNP_N_GenomeWideSNP_6_D09_777072	15	82652350	82886838	27	0.5635
OWNED_p_TCGA_b102_105_SNP_N_GenomeWideSNP_6_D09_777072	15	82890625	100286563	13019	0.015
OWNED_p_TCGA_b102_105_SNP_N_GenomeWideSNP_6_D09_777072	16	777	5112239	2205	0.0099
OWNED_p_TCGA_b102_105_SNP_N_GenomeWideSNP_6_D09_777072	16	5114276	5160095	25	0.438
OWNED_p_TCGA_b102_105_SNP_N_GenomeWideSNP_6_D09_777072	16	5160839	19314423	10985	0.0258
OWNED_p_TCGA_b102_105_SNP_N_GenomeWideSNP_6_D09_777072	16	19317680	19319304	3	1.0788
OWNED_p_TCGA_b102_105_SNP_N_GenomeWideSNP_6_D09_777072	16	19321487	20361122	706	0.0167
OWNED_p_TCGA_b102_105_SNP_N_GenomeWideSNP_6_D09_777072	16	20361422	20424467	34	0.4068
OWNED_p_TCGA_b102_105_SNP_N_GenomeWideSNP_6_D09_777072	16	20424611	33495172	6337	0.0285
OWNED_p_TCGA_b102_105_SNP_N_GenomeWideSNP_6_D09_777072	16	33495525	33550900	24	-0.3251
OWNED_p_TCGA_b102_105_SNP_N_GenomeWideSNP_6_D09_777072	16	33551523	46078672	942	0.0667
OWNED_p_TCGA_b102_105_SNP_N_GenomeWideSNP_6_D09_777072	16	46079284	46084320	3	0.9499
OWNED_p_TCGA_b102_105_SNP_N_GenomeWideSNP_6_D09_777072	16	46091322	52964753	4812	-0.0076
OWNED_p_TCGA_b102_105_SNP_N_GenomeWideSNP_6_D09_777072	16	52965305	52973922	17	0.4544
OWNED_p_TCGA_b102_105_SNP_N_GenomeWideSNP_6_D09_777072	16	52973940	68534936	9951	0
OWNED_p_TCGA_b102_105_SNP_N_GenomeWideSNP_6_D09_777072	16	68545887	68597885	5	0.9012
OWNED_p_TCGA_b102_105_SNP_N_GenomeWideSNP_6_D09_777072	16	68607297	68768945	47	0.1992
OWNED_p_TCGA_b102_105_SNP_N_GenomeWideSNP_6_D09_777072	16	68770545	68803840	5	0.8964
OWNED_p_TCGA_b102_105_SNP_N_GenomeWideSNP_6_D09_777072	16	68803908	79533148	8765	0.0166
OWNED_p_TCGA_b102_105_SNP_N_GenomeWideSNP_6_D09_777072	16	79533432	79533862	5	1.0288
OWNED_p_TCGA_b102_105_SNP_N_GenomeWideSNP_6_D09_777072	16	79536934	88036502	7263	0.0189
OWNED_p_TCGA_b102_105_SNP_N_GenomeWideSNP_6_D09_777072	16	88037367	88092670	32	-0.3504
OWNED_p_TCGA_b102_105_SNP_N_GenomeWideSNP_6_D09_777072	16	88095893	88815036	286	0.1122
OWNED_p_TCGA_b102_105_SNP_N_GenomeWideSNP_6_D09_777072	17	526	21641384	12790	0.0135
OWNED_p_TCGA_b102_105_SNP_N_GenomeWideSNP_6_D09_777072	17	21641572	21641834	3	-1.1428
OWNED_p_TCGA_b102_105_SNP_N_GenomeWideSNP_6_D09_777072	17	21641854	25976155	1943	0.0195
OWNED_p_TCGA_b102_105_SNP_N_GenomeWideSNP_6_D09_777072	17	25976412	26118854	33	0.374
OWNED_p_TCGA_b102_105_SNP_N_GenomeWideSNP_6_D09_777072	17	26124586	41521621	8721	0.0138
OWNED_p_TCGA_b102_105_SNP_N_GenomeWideSNP_6_D09_777072	17	41522088	41750195	126	0.2548
OWNED_p_TCGA_b102_105_SNP_N_GenomeWideSNP_6_D09_777072	17	41756832	42120174	46	-0.3021
OWNED_p_TCGA_b102_105_SNP_N_GenomeWideSNP_6_D09_777072	17	42139835	49934851	4566	0.003
OWNED_p_TCGA_b102_105_SNP_N_GenomeWideSNP_6_D09_777072	17	49934873	49935111	2	1.3519
OWNED_p_TCGA_b102_105_SNP_N_GenomeWideSNP_6_D09_777072	17	49935310	74155556	14917	0.0066
OWNED_p_TCGA_b102_105_SNP_N_GenomeWideSNP_6_D09_777072	17	74156162	74160121	2	-1.4348
OWNED_p_TCGA_b102_105_SNP_N_GenomeWideSNP_6_D09_777072	17	74160306	78643088	2098	0.0098
OWNED_p_TCGA_b102_105_SNP_N_GenomeWideSNP_6_D09_777072	18	1543	76116029	50744	-0.0235
OWNED_p_TCGA_b102_105_SNP_N_GenomeWideSNP_6_D09_777072	19	41910	5457659	1592	0.0186
OWNED_p_TCGA_b102_105_SNP_N_GenomeWideSNP_6_D09_777072	19	5461239	5461653	3	-2.1032
OWNED_p_TCGA_b102_105_SNP_N_GenomeWideSNP_6_D09_777072	19	5461700	6952405	742	-0.0017
OWNED_p_TCGA_b102_105_SNP_N_GenomeWideSNP_6_D09_777072	19	6957595	7024089	13	0.5608
OWNED_p_TCGA_b102_105_SNP_N_GenomeWideSNP_6_D09_777072	19	7029321	8257473	579	-0.0242
OWNED_p_TCGA_b102_105_SNP_N_GenomeWideSNP_6_D09_777072	19	8257848	8257971	3	1.1677
OWNED_p_TCGA_b102_105_SNP_N_GenomeWideSNP_6_D09_777072	19	8257988	8317656	22	-0.0948
OWNED_p_TCGA_b102_105_SNP_N_GenomeWideSNP_6_D09_777072	19	8318172	8320301	2	-2.3365
OWNED_p_TCGA_b102_105_SNP_N_GenomeWideSNP_6_D09_777072	19	8327007	20515739	6088	0.0145
OWNED_p_TCGA_b102_105_SNP_N_GenomeWideSNP_6_D09_777072	19	20516819	20517362	2	-0.7576
OWNED_p_TCGA_b102_105_SNP_N_GenomeWideSNP_6_D09_777072	19	20517449	21606759	619	0.0445
OWNED_p_TCGA_b102_105_SNP_N_GenomeWideSNP_6_D09_777072	19	21607480	21627573	10	0.6231
OWNED_p_TCGA_b102_105_SNP_N_GenomeWideSNP_6_D09_777072	19	21628684	24026302	1416	0.043
OWNED_p_TCGA_b102_105_SNP_N_GenomeWideSNP_6_D09_777072	19	24027043	24030593	4	-0.7083
OWNED_p_TCGA_b102_105_SNP_N_GenomeWideSNP_6_D09_777072	19	24031628	40541027	5700	0.0118
OWNED_p_TCGA_b102_105_SNP_N_GenomeWideSNP_6_D09_777072	19	40541061	40548543	14	-0.6198
OWNED_p_TCGA_b102_105_SNP_N_GenomeWideSNP_6_D09_777072	19	40548947	59026191	9688	0.0266
OWNED_p_TCGA_b102_105_SNP_N_GenomeWideSNP_6_D09_777072	19	59029854	59042997	8	0.806
OWNED_p_TCGA_b102_105_SNP_N_GenomeWideSNP_6_D09_777072	19	59044408	59929127	478	-0.0138
OWNED_p_TCGA_b102_105_SNP_N_GenomeWideSNP_6_D09_777072	19	59930205	60070476	54	0.4183
OWNED_p_TCGA_b102_105_SNP_N_GenomeWideSNP_6_D09_777072	19	60070511	63789666	2284	0.022
OWNED_p_TCGA_b102_105_SNP_N_GenomeWideSNP_6_D09_777072	20	9305	9311	6	-0.0689
OWNED_p_TCGA_b102_105_SNP_N_GenomeWideSNP_6_D09_777072	20	9312	10920	10	0.7262
OWNED_p_TCGA_b102_105_SNP_N_GenomeWideSNP_6_D09_777072	20	13300	1500503	1169	0.0397
OWNED_p_TCGA_b102_105_SNP_N_GenomeWideSNP_6_D09_777072	20	1505190	1508999	21	-1.8187
OWNED_p_TCGA_b102_105_SNP_N_GenomeWideSNP_6_D09_777072	20	1509580	1520412	28	-0.5021
OWNED_p_TCGA_b102_105_SNP_N_GenomeWideSNP_6_D09_777072	20	1520451	1530207	8	-0.2291
OWNED_p_TCGA_b102_105_SNP_N_GenomeWideSNP_6_D09_777072	20	1538257	1545946	6	0.9094
OWNED_p_TCGA_b102_105_SNP_N_GenomeWideSNP_6_D09_777072	20	1546106	15183424	10334	0.0083
OWNED_p_TCGA_b102_105_SNP_N_GenomeWideSNP_6_D09_777072	20	15185052	15185872	3	-1.2683
OWNED_p_TCGA_b102_105_SNP_N_GenomeWideSNP_6_D09_777072	20	15187469	16533586	1308	0.0014
OWNED_p_TCGA_b102_105_SNP_N_GenomeWideSNP_6_D09_777072	20	16533665	16533742	2	1.2586
OWNED_p_TCGA_b102_105_SNP_N_GenomeWideSNP_6_D09_777072	20	16533865	22953819	4981	0.0049
OWNED_p_TCGA_b102_105_SNP_N_GenomeWideSNP_6_D09_777072	20	22954327	22954347	2	1.4668
OWNED_p_TCGA_b102_105_SNP_N_GenomeWideSNP_6_D09_777072	20	22954560	25938441	2034	0.0232
OWNED_p_TCGA_b102_105_SNP_N_GenomeWideSNP_6_D09_777072	20	25939296	26031631	12	0.4435
OWNED_p_TCGA_b102_105_SNP_N_GenomeWideSNP_6_D09_777072	20	26033950	26158619	63	0.028
OWNED_p_TCGA_b102_105_SNP_N_GenomeWideSNP_6_D09_777072	20	26168136	28265410	103	0.3279
OWNED_p_TCGA_b102_105_SNP_N_GenomeWideSNP_6_D09_777072	20	29298710	36438766	3691	0.0081
OWNED_p_TCGA_b102_105_SNP_N_GenomeWideSNP_6_D09_777072	20	36444199	36444643	3	-1.3679
OWNED_p_TCGA_b102_105_SNP_N_GenomeWideSNP_6_D09_777072	20	36445424	62426597	18654	0.0098
OWNED_p_TCGA_b102_105_SNP_N_GenomeWideSNP_6_D09_777072	21	9758742	9955957	31	0.5947
OWNED_p_TCGA_b102_105_SNP_N_GenomeWideSNP_6_D09_777072	21	9957781	10145961	74	0.144
OWNED_p_TCGA_b102_105_SNP_N_GenomeWideSNP_6_D09_777072	21	10147721	13378287	28	0.4724
OWNED_p_TCGA_b102_105_SNP_N_GenomeWideSNP_6_D09_777072	21	13386250	13463240	14	-0.3009
OWNED_p_TCGA_b102_105_SNP_N_GenomeWideSNP_6_D09_777072	21	13471836	14260344	335	0.2118
OWNED_p_TCGA_b102_105_SNP_N_GenomeWideSNP_6_D09_777072	21	14262410	34644865	14829	-0.0013
OWNED_p_TCGA_b102_105_SNP_N_GenomeWideSNP_6_D09_777072	21	34646609	34647599	3	-1.6551
OWNED_p_TCGA_b102_105_SNP_N_GenomeWideSNP_6_D09_777072	21	34647953	46907120	9059	0.0136
OWNED_p_TCGA_b102_105_SNP_N_GenomeWideSNP_6_D09_777072	21	46909056	46921385	11	0.2283
OWNED_p_TCGA_b102_105_SNP_N_GenomeWideSNP_6_D09_777072	22	14432528	22674422	4612	0.077
OWNED_p_TCGA_b102_105_SNP_N_GenomeWideSNP_6_D09_777072	22	22680529	22726814	19	1.0597
OWNED_p_TCGA_b102_105_SNP_N_GenomeWideSNP_6_D09_777072	22	22731529	23419628	372	0.0182
OWNED_p_TCGA_b102_105_SNP_N_GenomeWideSNP_6_D09_777072	22	23420006	23420370	2	-1.1905
OWNED_p_TCGA_b102_105_SNP_N_GenomeWideSNP_6_D09_777072	22	23420768	23951863	417	-0.017
OWNED_p_TCGA_b102_105_SNP_N_GenomeWideSNP_6_D09_777072	22	23952442	23958123	5	0.6789
OWNED_p_TCGA_b102_105_SNP_N_GenomeWideSNP_6_D09_777072	22	23959822	23986233	20	0.1209
OWNED_p_TCGA_b102_105_SNP_N_GenomeWideSNP_6_D09_777072	22	23986250	24260506	310	0.6071
OWNED_p_TCGA_b102_105_SNP_N_GenomeWideSNP_6_D09_777072	22	24260784	37672545	9727	0.0011
OWNED_p_TCGA_b102_105_SNP_N_GenomeWideSNP_6_D09_777072	22	37673238	37742614	51	0.2788
OWNED_p_TCGA_b102_105_SNP_N_GenomeWideSNP_6_D09_777072	22	37743274	49581321	8005	0.0081
OWNED_p_TCGA_b102_105_SNP_N_GenomeWideSNP_6_D09_777072	X	108477	148789418	80868	0.005
OWNED_p_TCGA_b102_105_SNP_N_GenomeWideSNP_6_D09_777072	X	148850985	148941860	56	0.9128
OWNED_p_TCGA_b102_105_SNP_N_GenomeWideSNP_6_D09_777072	X	148952855	154835548	3127	0.028
OWNED_p_TCGA_b102_105_SNP_N_GenomeWideSNP_6_D09_777072	Y	2710438	9230545	2408	-0.9417
OWNED_p_TCGA_b102_105_SNP_N_GenomeWideSNP_6_D09_777072	Y	9231678	9997994	20	-0.079
OWNED_p_TCGA_b102_105_SNP_N_GenomeWideSNP_6_D09_777072	Y	9998262	20721953	4360	-0.9756
OWNED_p_TCGA_b102_105_SNP_N_GenomeWideSNP_6_D09_777072	Y	20725977	20772121	6	0.4327
OWNED_p_TCGA_b102_105_SNP_N_GenomeWideSNP_6_D09_777072	Y	20875471	24650701	1094	-0.9176
OWNED_p_TCGA_b102_105_SNP_N_GenomeWideSNP_6_D09_777072	Y	24651237	24919963	75	-0.5924
OWNED_p_TCGA_b102_105_SNP_N_GenomeWideSNP_6_D09_777072	Y	24920187	25867363	106	-0.8562
OWNED_p_TCGA_b102_105_SNP_N_GenomeWideSNP_6_D09_777072	Y	25870216	26104483	76	-0.5637
OWNED_p_TCGA_b102_105_SNP_N_GenomeWideSNP_6_D09_777072	Y	26127187	57427647	439	-0.8779
