GDC_Aliquot	Chromosome	Start	End	Num_Probes	Segment_Mean
2a77d937-8a1a-4174-b04a-61d74eabcafe	1	62920	98602	13	-0.5628
2a77d937-8a1a-4174-b04a-61d74eabcafe	1	259407	1696979	199	0.0541
2a77d937-8a1a-4174-b04a-61d74eabcafe	1	1710664	1741164	14	0.739
2a77d937-8a1a-4174-b04a-61d74eabcafe	1	1756148	16604834	8418	0.0458
2a77d937-8a1a-4174-b04a-61d74eabcafe	1	16605031	16864367	53	-0.2657
2a77d937-8a1a-4174-b04a-61d74eabcafe	1	16868660	21825701	3306	0.0523
2a77d937-8a1a-4174-b04a-61d74eabcafe	1	21833618	21833764	2	-1.3296
2a77d937-8a1a-4174-b04a-61d74eabcafe	1	21837671	25219106	1988	0.0336
2a77d937-8a1a-4174-b04a-61d74eabcafe	1	25223246	25360708	52	0.3606
2a77d937-8a1a-4174-b04a-61d74eabcafe	1	25360774	30934781	2899	0.04
2a77d937-8a1a-4174-b04a-61d74eabcafe	1	30935209	30935262	2	-2.3825
2a77d937-8a1a-4174-b04a-61d74eabcafe	1	30938231	54785779	13204	0.0487
2a77d937-8a1a-4174-b04a-61d74eabcafe	1	54789803	105476861	33578	0.0934
2a77d937-8a1a-4174-b04a-61d74eabcafe	1	105478582	105479722	10	-0.511
2a77d937-8a1a-4174-b04a-61d74eabcafe	1	105479738	108961034	2301	0.0915
2a77d937-8a1a-4174-b04a-61d74eabcafe	1	108962041	108962290	2	-1.5579
2a77d937-8a1a-4174-b04a-61d74eabcafe	1	108966266	109678117	327	0.0657
2a77d937-8a1a-4174-b04a-61d74eabcafe	1	109679105	109697556	15	0.6915
2a77d937-8a1a-4174-b04a-61d74eabcafe	1	109702376	109991324	194	0.073
2a77d937-8a1a-4174-b04a-61d74eabcafe	1	109993581	110834746	641	0.0609
2a77d937-8a1a-4174-b04a-61d74eabcafe	1	110834943	110845604	38	-0.5776
2a77d937-8a1a-4174-b04a-61d74eabcafe	1	110849445	111551367	571	0.0604
2a77d937-8a1a-4174-b04a-61d74eabcafe	1	111552417	111552547	2	-1.5667
2a77d937-8a1a-4174-b04a-61d74eabcafe	1	111553024	112147704	498	0.1035
2a77d937-8a1a-4174-b04a-61d74eabcafe	1	112153343	112154619	23	-1.6707
2a77d937-8a1a-4174-b04a-61d74eabcafe	1	112154754	152711822	7721	0.069
2a77d937-8a1a-4174-b04a-61d74eabcafe	1	152711830	157228642	2422	0.0378
2a77d937-8a1a-4174-b04a-61d74eabcafe	1	157232111	184774531	19270	0.0826
2a77d937-8a1a-4174-b04a-61d74eabcafe	1	184777953	189679027	3116	-0.189
2a77d937-8a1a-4174-b04a-61d74eabcafe	1	189679353	189679397	2	-1.7201
2a77d937-8a1a-4174-b04a-61d74eabcafe	1	189682917	196762956	4733	-0.1835
2a77d937-8a1a-4174-b04a-61d74eabcafe	1	196769493	196854586	61	0.2666
2a77d937-8a1a-4174-b04a-61d74eabcafe	1	196854706	248714098	35647	-0.2201
2a77d937-8a1a-4174-b04a-61d74eabcafe	1	248715146	248897422	81	-0.6954
2a77d937-8a1a-4174-b04a-61d74eabcafe	1	248897533	248930189	17	-0.3425
2a77d937-8a1a-4174-b04a-61d74eabcafe	2	12784	4155990	2984	0.0508
2a77d937-8a1a-4174-b04a-61d74eabcafe	2	4158097	4175922	38	-0.4403
2a77d937-8a1a-4174-b04a-61d74eabcafe	2	4175977	13566954	7285	0.0728
2a77d937-8a1a-4174-b04a-61d74eabcafe	2	13568695	13579923	8	-0.8822
2a77d937-8a1a-4174-b04a-61d74eabcafe	2	13581586	14803209	865	0.0808
2a77d937-8a1a-4174-b04a-61d74eabcafe	2	14803260	14805039	3	-0.9714
2a77d937-8a1a-4174-b04a-61d74eabcafe	2	14805698	16253968	1037	0.0683
2a77d937-8a1a-4174-b04a-61d74eabcafe	2	16254117	22829928	4708	0.0977
2a77d937-8a1a-4174-b04a-61d74eabcafe	2	22832414	26010616	1797	0.0525
2a77d937-8a1a-4174-b04a-61d74eabcafe	2	26015352	26016711	3	-1.0093
2a77d937-8a1a-4174-b04a-61d74eabcafe	2	26018105	34295406	5235	0.0616
2a77d937-8a1a-4174-b04a-61d74eabcafe	2	34298911	34300513	2	-2.3836
2a77d937-8a1a-4174-b04a-61d74eabcafe	2	34300900	34427512	83	0.0942
2a77d937-8a1a-4174-b04a-61d74eabcafe	2	34427804	34438376	5	1.2233
2a77d937-8a1a-4174-b04a-61d74eabcafe	2	34438862	34492841	36	0.4945
2a77d937-8a1a-4174-b04a-61d74eabcafe	2	34492907	34511990	17	1.0688
2a77d937-8a1a-4174-b04a-61d74eabcafe	2	34512096	35486795	660	0.0745
2a77d937-8a1a-4174-b04a-61d74eabcafe	2	35487152	35487156	2	-1.4228
2a77d937-8a1a-4174-b04a-61d74eabcafe	2	35487357	38728724	2513	0.0717
2a77d937-8a1a-4174-b04a-61d74eabcafe	2	38729805	38745139	7	0.8009
2a77d937-8a1a-4174-b04a-61d74eabcafe	2	38745684	52527743	9815	0.082
2a77d937-8a1a-4174-b04a-61d74eabcafe	2	52531615	52554188	26	-0.3737
2a77d937-8a1a-4174-b04a-61d74eabcafe	2	52554236	57650031	3684	0.0914
2a77d937-8a1a-4174-b04a-61d74eabcafe	2	57650539	75704504	11249	0.0629
2a77d937-8a1a-4174-b04a-61d74eabcafe	2	75707829	86209391	6675	0.0978
2a77d937-8a1a-4174-b04a-61d74eabcafe	2	86210061	86210934	2	-1.9736
2a77d937-8a1a-4174-b04a-61d74eabcafe	2	86211477	86710564	287	0.0674
2a77d937-8a1a-4174-b04a-61d74eabcafe	2	86725947	86726731	2	-1.8744
2a77d937-8a1a-4174-b04a-61d74eabcafe	2	86743283	97359885	1927	0.0749
2a77d937-8a1a-4174-b04a-61d74eabcafe	2	97524284	97545247	8	-0.9513
2a77d937-8a1a-4174-b04a-61d74eabcafe	2	97545726	137224578	23901	0.0759
2a77d937-8a1a-4174-b04a-61d74eabcafe	2	137226077	137226691	5	-0.9904
2a77d937-8a1a-4174-b04a-61d74eabcafe	2	137227715	139951573	1659	0.0909
2a77d937-8a1a-4174-b04a-61d74eabcafe	2	139954430	140020056	50	-0.8746
2a77d937-8a1a-4174-b04a-61d74eabcafe	2	140022375	146106875	3753	0.0986
2a77d937-8a1a-4174-b04a-61d74eabcafe	2	146106889	146109230	19	0.7445
2a77d937-8a1a-4174-b04a-61d74eabcafe	2	146109341	183220725	22810	0.0907
2a77d937-8a1a-4174-b04a-61d74eabcafe	2	183221060	183224996	9	-5.9302
2a77d937-8a1a-4174-b04a-61d74eabcafe	2	183229270	193692585	5949	0.1132
2a77d937-8a1a-4174-b04a-61d74eabcafe	2	193693546	193956470	107	-0.1418
2a77d937-8a1a-4174-b04a-61d74eabcafe	2	193958836	230507333	22964	0.0903
2a77d937-8a1a-4174-b04a-61d74eabcafe	2	230509746	242147305	7150	0.0609
2a77d937-8a1a-4174-b04a-61d74eabcafe	3	20930	6604856	5811	-0.0977
2a77d937-8a1a-4174-b04a-61d74eabcafe	3	6609441	6611645	23	-0.863
2a77d937-8a1a-4174-b04a-61d74eabcafe	3	6613391	8638430	1761	-0.058
2a77d937-8a1a-4174-b04a-61d74eabcafe	3	8638470	17757157	6230	-0.0967
2a77d937-8a1a-4174-b04a-61d74eabcafe	3	17758329	30486557	8899	-0.0659
2a77d937-8a1a-4174-b04a-61d74eabcafe	3	30488320	30493350	5	-1.1158
2a77d937-8a1a-4174-b04a-61d74eabcafe	3	30494988	31461468	780	-0.1163
2a77d937-8a1a-4174-b04a-61d74eabcafe	3	31461540	31468504	7	-0.8838
2a77d937-8a1a-4174-b04a-61d74eabcafe	3	31469182	33005364	928	-0.1005
2a77d937-8a1a-4174-b04a-61d74eabcafe	3	33005858	33007329	2	-1.4552
2a77d937-8a1a-4174-b04a-61d74eabcafe	3	33009209	36556409	2259	-0.0602
2a77d937-8a1a-4174-b04a-61d74eabcafe	3	36556491	54089219	9705	-0.1071
2a77d937-8a1a-4174-b04a-61d74eabcafe	3	54093848	75348062	16187	-0.0814
2a77d937-8a1a-4174-b04a-61d74eabcafe	3	75355012	75496021	54	-0.6975
2a77d937-8a1a-4174-b04a-61d74eabcafe	3	75496671	89337951	7700	-0.0443
2a77d937-8a1a-4174-b04a-61d74eabcafe	3	89345442	89370231	51	-0.594
2a77d937-8a1a-4174-b04a-61d74eabcafe	3	89370771	93800634	386	-0.0605
2a77d937-8a1a-4174-b04a-61d74eabcafe	3	93801172	94525660	324	-0.201
2a77d937-8a1a-4174-b04a-61d74eabcafe	3	94526319	94529252	3	-1.2919
2a77d937-8a1a-4174-b04a-61d74eabcafe	3	94529270	99218940	2511	-0.1783
2a77d937-8a1a-4174-b04a-61d74eabcafe	3	99225614	99230225	27	-1.0489
2a77d937-8a1a-4174-b04a-61d74eabcafe	3	99230232	136300257	22751	-0.2036
2a77d937-8a1a-4174-b04a-61d74eabcafe	3	136304109	136306584	2	-2.1584
2a77d937-8a1a-4174-b04a-61d74eabcafe	3	136319699	137309118	454	-0.2121
2a77d937-8a1a-4174-b04a-61d74eabcafe	3	137309120	137309121	2	1.4849
2a77d937-8a1a-4174-b04a-61d74eabcafe	3	137311987	158632329	13156	-0.2037
2a77d937-8a1a-4174-b04a-61d74eabcafe	3	158633095	158633756	2	-2.348
2a77d937-8a1a-4174-b04a-61d74eabcafe	3	158641083	162815162	2617	-0.1956
2a77d937-8a1a-4174-b04a-61d74eabcafe	3	162816942	162822702	6	-1.9236
2a77d937-8a1a-4174-b04a-61d74eabcafe	3	162827928	162906093	45	0.2464
2a77d937-8a1a-4174-b04a-61d74eabcafe	3	162906109	193156018	19131	-0.1936
2a77d937-8a1a-4174-b04a-61d74eabcafe	3	193156958	193165114	21	-1.0445
2a77d937-8a1a-4174-b04a-61d74eabcafe	3	193168646	198063321	2623	-0.2323
2a77d937-8a1a-4174-b04a-61d74eabcafe	3	198065918	198169247	66	-0.0344
2a77d937-8a1a-4174-b04a-61d74eabcafe	4	68929	4164791	1635	0.082
2a77d937-8a1a-4174-b04a-61d74eabcafe	4	4165256	4169608	4	-1.1219
2a77d937-8a1a-4174-b04a-61d74eabcafe	4	4173850	10388498	4260	0.0966
2a77d937-8a1a-4174-b04a-61d74eabcafe	4	10389091	10399044	17	-0.5308
2a77d937-8a1a-4174-b04a-61d74eabcafe	4	10401094	32398943	15422	0.1202
2a77d937-8a1a-4174-b04a-61d74eabcafe	4	32398961	32398977	2	-1.4167
2a77d937-8a1a-4174-b04a-61d74eabcafe	4	32399891	34777432	1343	0.1488
2a77d937-8a1a-4174-b04a-61d74eabcafe	4	34784878	34823103	38	-0.2479
2a77d937-8a1a-4174-b04a-61d74eabcafe	4	34828250	37318376	1689	0.1393
2a77d937-8a1a-4174-b04a-61d74eabcafe	4	37323684	40661963	2167	0.0813
2a77d937-8a1a-4174-b04a-61d74eabcafe	4	40662104	40701994	21	0.2614
2a77d937-8a1a-4174-b04a-61d74eabcafe	4	40702128	40702175	2	-1.6067
2a77d937-8a1a-4174-b04a-61d74eabcafe	4	40702670	60115737	10545	0.1074
2a77d937-8a1a-4174-b04a-61d74eabcafe	4	60116329	60461594	215	-0.1708
2a77d937-8a1a-4174-b04a-61d74eabcafe	4	60464276	60465899	2	1.3874
2a77d937-8a1a-4174-b04a-61d74eabcafe	4	60469846	63828222	1899	-0.1717
2a77d937-8a1a-4174-b04a-61d74eabcafe	4	63831751	63842490	26	0.2379
2a77d937-8a1a-4174-b04a-61d74eabcafe	4	63842505	68506285	2874	-0.1902
2a77d937-8a1a-4174-b04a-61d74eabcafe	4	68509223	68524574	5	-1.28
2a77d937-8a1a-4174-b04a-61d74eabcafe	4	68524748	114252544	27709	-0.2001
2a77d937-8a1a-4174-b04a-61d74eabcafe	4	114254167	114263073	24	0.7086
2a77d937-8a1a-4174-b04a-61d74eabcafe	4	114263096	143999664	17696	-0.1923
2a77d937-8a1a-4174-b04a-61d74eabcafe	4	143999755	144126461	56	0.4108
2a77d937-8a1a-4174-b04a-61d74eabcafe	4	144129470	181789098	23673	-0.1942
2a77d937-8a1a-4174-b04a-61d74eabcafe	4	181789649	183998317	1502	-0.2532
2a77d937-8a1a-4174-b04a-61d74eabcafe	4	183998346	183999741	2	-2.0626
2a77d937-8a1a-4174-b04a-61d74eabcafe	4	184000254	188278056	2957	-0.2584
2a77d937-8a1a-4174-b04a-61d74eabcafe	4	188279698	188301659	25	0.1274
2a77d937-8a1a-4174-b04a-61d74eabcafe	4	188301899	188590854	290	0.4515
2a77d937-8a1a-4174-b04a-61d74eabcafe	4	188592895	189117632	370	-0.2647
2a77d937-8a1a-4174-b04a-61d74eabcafe	4	189123697	189267889	125	0.4544
2a77d937-8a1a-4174-b04a-61d74eabcafe	4	189273964	189278110	4	1.4782
2a77d937-8a1a-4174-b04a-61d74eabcafe	4	189278617	189299230	5	0.6021
2a77d937-8a1a-4174-b04a-61d74eabcafe	4	189304419	190106768	344	-0.2912
2a77d937-8a1a-4174-b04a-61d74eabcafe	5	15532	46699	16	-0.193
2a77d937-8a1a-4174-b04a-61d74eabcafe	5	48691	481184	199	-0.6049
2a77d937-8a1a-4174-b04a-61d74eabcafe	5	509576	725091	101	0.1952
2a77d937-8a1a-4174-b04a-61d74eabcafe	5	728864	2276196	901	-0.6541
2a77d937-8a1a-4174-b04a-61d74eabcafe	5	2276209	11959182	8478	-0.733
2a77d937-8a1a-4174-b04a-61d74eabcafe	5	11961395	12838421	463	-0.6081
2a77d937-8a1a-4174-b04a-61d74eabcafe	5	12849089	13760959	527	-0.7159
2a77d937-8a1a-4174-b04a-61d74eabcafe	5	13762616	15613548	1357	-0.5796
2a77d937-8a1a-4174-b04a-61d74eabcafe	5	15614171	15718383	80	-0.1823
2a77d937-8a1a-4174-b04a-61d74eabcafe	5	15719113	15720488	11	-1.411
2a77d937-8a1a-4174-b04a-61d74eabcafe	5	15723237	17601444	1193	-0.2133
2a77d937-8a1a-4174-b04a-61d74eabcafe	5	17601619	17629411	11	-1.0294
2a77d937-8a1a-4174-b04a-61d74eabcafe	5	17630366	18818486	772	-0.1744
2a77d937-8a1a-4174-b04a-61d74eabcafe	5	18824090	18905076	51	0.4663
2a77d937-8a1a-4174-b04a-61d74eabcafe	5	18905218	19626571	474	-0.1678
2a77d937-8a1a-4174-b04a-61d74eabcafe	5	19627872	27917692	4758	-0.5497
2a77d937-8a1a-4174-b04a-61d74eabcafe	5	27920224	29969759	1247	-0.1623
2a77d937-8a1a-4174-b04a-61d74eabcafe	5	29970182	31396745	1006	0.1382
2a77d937-8a1a-4174-b04a-61d74eabcafe	5	31401521	32135309	579	0.3605
2a77d937-8a1a-4174-b04a-61d74eabcafe	5	32137755	32319059	89	-0.1726
2a77d937-8a1a-4174-b04a-61d74eabcafe	5	32319895	32998825	474	0.0946
2a77d937-8a1a-4174-b04a-61d74eabcafe	5	33006590	35024513	1259	-0.5896
2a77d937-8a1a-4174-b04a-61d74eabcafe	5	35025419	35580784	385	-0.2103
2a77d937-8a1a-4174-b04a-61d74eabcafe	5	35580997	37123911	1039	0.1081
2a77d937-8a1a-4174-b04a-61d74eabcafe	5	37126444	39005319	1249	-0.6047
2a77d937-8a1a-4174-b04a-61d74eabcafe	5	39010715	39593707	404	-0.2224
2a77d937-8a1a-4174-b04a-61d74eabcafe	5	39602041	39604906	2	-0.856
2a77d937-8a1a-4174-b04a-61d74eabcafe	5	39605669	39647429	38	-0.0849
2a77d937-8a1a-4174-b04a-61d74eabcafe	5	39648362	58025819	8493	0.0855
2a77d937-8a1a-4174-b04a-61d74eabcafe	5	58030200	58037706	32	1.7971
2a77d937-8a1a-4174-b04a-61d74eabcafe	5	58042530	82587651	14486	0.0891
2a77d937-8a1a-4174-b04a-61d74eabcafe	5	82588719	93535876	6006	0.1199
2a77d937-8a1a-4174-b04a-61d74eabcafe	5	93543511	120838054	17487	0.0974
2a77d937-8a1a-4174-b04a-61d74eabcafe	5	120838981	120841794	5	-0.8656
2a77d937-8a1a-4174-b04a-61d74eabcafe	5	120842680	122585932	1157	0.1254
2a77d937-8a1a-4174-b04a-61d74eabcafe	5	122588886	122591623	5	-1.0599
2a77d937-8a1a-4174-b04a-61d74eabcafe	5	122600492	127466067	3179	0.1126
2a77d937-8a1a-4174-b04a-61d74eabcafe	5	127466514	128155873	406	0.3462
2a77d937-8a1a-4174-b04a-61d74eabcafe	5	128157514	152135825	14822	0.0739
2a77d937-8a1a-4174-b04a-61d74eabcafe	5	152135909	152138790	13	-0.709
2a77d937-8a1a-4174-b04a-61d74eabcafe	5	152140710	155563231	2279	0.0856
2a77d937-8a1a-4174-b04a-61d74eabcafe	5	155563469	157193755	1142	0.001
2a77d937-8a1a-4174-b04a-61d74eabcafe	5	157193849	162965459	3850	0.0487
2a77d937-8a1a-4174-b04a-61d74eabcafe	5	162966852	166690792	2489	0.0092
2a77d937-8a1a-4174-b04a-61d74eabcafe	5	166691116	179631680	8739	-0.0335
2a77d937-8a1a-4174-b04a-61d74eabcafe	5	179637444	179659493	13	0.4545
2a77d937-8a1a-4174-b04a-61d74eabcafe	5	179668592	180825562	677	-0.0443
2a77d937-8a1a-4174-b04a-61d74eabcafe	5	180826455	181015920	86	0.1716
2a77d937-8a1a-4174-b04a-61d74eabcafe	5	181018221	181363319	165	-0.0447
2a77d937-8a1a-4174-b04a-61d74eabcafe	6	149661	7143388	5854	0.2626
2a77d937-8a1a-4174-b04a-61d74eabcafe	6	7144822	12070039	3680	0.0039
2a77d937-8a1a-4174-b04a-61d74eabcafe	6	12075446	16874769	3671	0.3223
2a77d937-8a1a-4174-b04a-61d74eabcafe	6	16875135	16875151	2	-0.813
2a77d937-8a1a-4174-b04a-61d74eabcafe	6	16875295	17984421	691	0.326
2a77d937-8a1a-4174-b04a-61d74eabcafe	6	17990047	23368549	4006	0.0919
2a77d937-8a1a-4174-b04a-61d74eabcafe	6	23368749	23487339	99	0.2804
2a77d937-8a1a-4174-b04a-61d74eabcafe	6	23487350	23976048	369	0.1147
2a77d937-8a1a-4174-b04a-61d74eabcafe	6	23980298	25468497	1065	0.3074
2a77d937-8a1a-4174-b04a-61d74eabcafe	6	25468597	25518928	31	0.0837
2a77d937-8a1a-4174-b04a-61d74eabcafe	6	25519044	25519866	4	-0.9201
2a77d937-8a1a-4174-b04a-61d74eabcafe	6	25519897	27626708	1093	0.049
2a77d937-8a1a-4174-b04a-61d74eabcafe	6	27628125	27701157	36	-0.2092
2a77d937-8a1a-4174-b04a-61d74eabcafe	6	27701249	27784749	72	-0.0469
2a77d937-8a1a-4174-b04a-61d74eabcafe	6	27790181	29239793	586	-0.265
2a77d937-8a1a-4174-b04a-61d74eabcafe	6	29257381	29769900	294	0.0456
2a77d937-8a1a-4174-b04a-61d74eabcafe	6	29770069	29772129	5	-0.637
2a77d937-8a1a-4174-b04a-61d74eabcafe	6	29776636	29869411	79	0.0207
2a77d937-8a1a-4174-b04a-61d74eabcafe	6	29869537	29869681	2	-2.3331
2a77d937-8a1a-4174-b04a-61d74eabcafe	6	29869700	29875657	5	0.2533
2a77d937-8a1a-4174-b04a-61d74eabcafe	6	29876257	29881490	7	-1.1399
2a77d937-8a1a-4174-b04a-61d74eabcafe	6	29882419	32463515	1170	0.0465
2a77d937-8a1a-4174-b04a-61d74eabcafe	6	32463775	32602588	33	1.17
2a77d937-8a1a-4174-b04a-61d74eabcafe	6	32605994	32656527	27	0.4355
2a77d937-8a1a-4174-b04a-61d74eabcafe	6	32656814	44576168	7530	0.0513
2a77d937-8a1a-4174-b04a-61d74eabcafe	6	44576188	53230063	5520	-0.2125
2a77d937-8a1a-4174-b04a-61d74eabcafe	6	53230642	53231008	3	-1.4144
2a77d937-8a1a-4174-b04a-61d74eabcafe	6	53231884	54066353	638	-0.2243
2a77d937-8a1a-4174-b04a-61d74eabcafe	6	54066432	54067057	6	1.7547
2a77d937-8a1a-4174-b04a-61d74eabcafe	6	54070550	56204814	1345	-0.2022
2a77d937-8a1a-4174-b04a-61d74eabcafe	6	56210405	62690390	1877	0.1001
2a77d937-8a1a-4174-b04a-61d74eabcafe	6	62690648	73882085	7149	-0.189
2a77d937-8a1a-4174-b04a-61d74eabcafe	6	73882142	73891694	11	-0.8486
2a77d937-8a1a-4174-b04a-61d74eabcafe	6	73893839	78253172	2762	-0.2
2a77d937-8a1a-4174-b04a-61d74eabcafe	6	78259348	78325468	112	0.565
2a77d937-8a1a-4174-b04a-61d74eabcafe	6	78329517	103299735	15466	-0.1916
2a77d937-8a1a-4174-b04a-61d74eabcafe	6	103299855	103311638	23	0.2214
2a77d937-8a1a-4174-b04a-61d74eabcafe	6	103311783	105257835	1192	-0.1816
2a77d937-8a1a-4174-b04a-61d74eabcafe	6	105257987	112559905	4534	-0.2262
2a77d937-8a1a-4174-b04a-61d74eabcafe	6	112560816	119882643	4347	-0.1905
2a77d937-8a1a-4174-b04a-61d74eabcafe	6	119883031	120706657	529	-0.5885
2a77d937-8a1a-4174-b04a-61d74eabcafe	6	120706815	121104241	231	-0.1797
2a77d937-8a1a-4174-b04a-61d74eabcafe	6	121104281	121104397	2	-1.541
2a77d937-8a1a-4174-b04a-61d74eabcafe	6	121104743	122576135	810	-0.2057
2a77d937-8a1a-4174-b04a-61d74eabcafe	6	122580770	122993555	256	-0.567
2a77d937-8a1a-4174-b04a-61d74eabcafe	6	122994363	123709606	436	-0.1781
2a77d937-8a1a-4174-b04a-61d74eabcafe	6	123710798	125053320	955	-0.6089
2a77d937-8a1a-4174-b04a-61d74eabcafe	6	125053883	125213689	132	-0.1968
2a77d937-8a1a-4174-b04a-61d74eabcafe	6	125215896	125661702	302	-0.6045
2a77d937-8a1a-4174-b04a-61d74eabcafe	6	125662219	128917459	1802	-0.199
2a77d937-8a1a-4174-b04a-61d74eabcafe	6	128921065	129859672	732	-0.5982
2a77d937-8a1a-4174-b04a-61d74eabcafe	6	129860635	170225480	27580	-0.2163
2a77d937-8a1a-4174-b04a-61d74eabcafe	6	170226124	170741917	248	-0.604
2a77d937-8a1a-4174-b04a-61d74eabcafe	7	43355	8873176	5149	-0.0871
2a77d937-8a1a-4174-b04a-61d74eabcafe	7	8873417	13337232	3524	0.0934
2a77d937-8a1a-4174-b04a-61d74eabcafe	7	13337826	14382315	959	-0.0608
2a77d937-8a1a-4174-b04a-61d74eabcafe	7	14384027	14639808	166	0.4848
2a77d937-8a1a-4174-b04a-61d74eabcafe	7	14645101	38251092	17532	0.0748
2a77d937-8a1a-4174-b04a-61d74eabcafe	7	38251113	38293434	65	0.3596
2a77d937-8a1a-4174-b04a-61d74eabcafe	7	38295217	38347842	57	0.1461
2a77d937-8a1a-4174-b04a-61d74eabcafe	7	38351764	38356875	4	-1.6695
2a77d937-8a1a-4174-b04a-61d74eabcafe	7	38361356	62905324	13146	0.0872
2a77d937-8a1a-4174-b04a-61d74eabcafe	7	62909455	62909456	2	-1.6398
2a77d937-8a1a-4174-b04a-61d74eabcafe	7	62924899	76531991	6102	0.0572
2a77d937-8a1a-4174-b04a-61d74eabcafe	7	76532105	96701164	12840	0.1101
2a77d937-8a1a-4174-b04a-61d74eabcafe	7	96702441	97766148	691	0.0628
2a77d937-8a1a-4174-b04a-61d74eabcafe	7	97766150	97773163	15	-0.6529
2a77d937-8a1a-4174-b04a-61d74eabcafe	7	97774928	103037482	2208	0.0428
2a77d937-8a1a-4174-b04a-61d74eabcafe	7	103038469	128233037	15662	0.1107
2a77d937-8a1a-4174-b04a-61d74eabcafe	7	128234058	131742748	1856	0.0558
2a77d937-8a1a-4174-b04a-61d74eabcafe	7	131746966	134100424	1628	0.1026
2a77d937-8a1a-4174-b04a-61d74eabcafe	7	134100442	134110912	26	0.6168
2a77d937-8a1a-4174-b04a-61d74eabcafe	7	134110951	142345098	5417	0.091
2a77d937-8a1a-4174-b04a-61d74eabcafe	7	142347278	142347484	4	1.0441
2a77d937-8a1a-4174-b04a-61d74eabcafe	7	142347565	148442445	3766	0.1
2a77d937-8a1a-4174-b04a-61d74eabcafe	7	148453207	159334314	6894	0.0778
2a77d937-8a1a-4174-b04a-61d74eabcafe	8	81254	1414312	881	0.0309
2a77d937-8a1a-4174-b04a-61d74eabcafe	8	1414637	1414696	3	-1.4547
2a77d937-8a1a-4174-b04a-61d74eabcafe	8	1415048	18407644	15492	0.0767
2a77d937-8a1a-4174-b04a-61d74eabcafe	8	18408647	18413675	4	-1.8994
2a77d937-8a1a-4174-b04a-61d74eabcafe	8	18413877	25117062	5080	0.071
2a77d937-8a1a-4174-b04a-61d74eabcafe	8	25117985	25126818	23	0.9926
2a77d937-8a1a-4174-b04a-61d74eabcafe	8	25133589	39373140	9007	0.0727
2a77d937-8a1a-4174-b04a-61d74eabcafe	8	39378084	39529446	59	-2.3482
2a77d937-8a1a-4174-b04a-61d74eabcafe	8	39530780	40327031	599	0.0796
2a77d937-8a1a-4174-b04a-61d74eabcafe	8	40327223	40327331	2	-0.9924
2a77d937-8a1a-4174-b04a-61d74eabcafe	8	40327353	40676390	306	0.1134
2a77d937-8a1a-4174-b04a-61d74eabcafe	8	40680024	49274941	3170	0.0549
2a77d937-8a1a-4174-b04a-61d74eabcafe	8	49275832	60656877	7437	0.102
2a77d937-8a1a-4174-b04a-61d74eabcafe	8	60662433	60663969	2	-1.4318
2a77d937-8a1a-4174-b04a-61d74eabcafe	8	60664239	74512893	8614	0.0912
2a77d937-8a1a-4174-b04a-61d74eabcafe	8	74522581	93255608	10770	0.1166
2a77d937-8a1a-4174-b04a-61d74eabcafe	8	93257235	103559893	6466	0.0777
2a77d937-8a1a-4174-b04a-61d74eabcafe	8	103560412	103566381	3	-1.173
2a77d937-8a1a-4174-b04a-61d74eabcafe	8	103566962	111279265	4605	0.1099
2a77d937-8a1a-4174-b04a-61d74eabcafe	8	111282050	111283031	9	1.5316
2a77d937-8a1a-4174-b04a-61d74eabcafe	8	111288052	119017455	4846	0.1105
2a77d937-8a1a-4174-b04a-61d74eabcafe	8	119017470	119019477	3	-0.9814
2a77d937-8a1a-4174-b04a-61d74eabcafe	8	119020020	122900648	2632	0.1083
2a77d937-8a1a-4174-b04a-61d74eabcafe	8	122910041	128735944	4170	0.0719
2a77d937-8a1a-4174-b04a-61d74eabcafe	8	128739928	128751839	6	-1.6271
2a77d937-8a1a-4174-b04a-61d74eabcafe	8	128765208	140995196	9446	0.0924
2a77d937-8a1a-4174-b04a-61d74eabcafe	8	140995454	142423653	844	0.0003
2a77d937-8a1a-4174-b04a-61d74eabcafe	8	142423765	145072769	943	0.0734
2a77d937-8a1a-4174-b04a-61d74eabcafe	9	46587	149481	13	-0.191
2a77d937-8a1a-4174-b04a-61d74eabcafe	9	149727	317240	151	-0.5439
2a77d937-8a1a-4174-b04a-61d74eabcafe	9	317370	502120	220	-0.2666
2a77d937-8a1a-4174-b04a-61d74eabcafe	9	503337	20941776	18245	-0.6165
2a77d937-8a1a-4174-b04a-61d74eabcafe	9	20943517	22113908	892	-1.0874
2a77d937-8a1a-4174-b04a-61d74eabcafe	9	22118059	22622981	315	-0.5973
2a77d937-8a1a-4174-b04a-61d74eabcafe	9	22628636	23361807	496	-0.2253
2a77d937-8a1a-4174-b04a-61d74eabcafe	9	23363117	23373486	8	-2.4215
2a77d937-8a1a-4174-b04a-61d74eabcafe	9	23378490	25953112	1839	-0.2151
2a77d937-8a1a-4174-b04a-61d74eabcafe	9	25953801	25953817	2	-2.132
2a77d937-8a1a-4174-b04a-61d74eabcafe	9	25954055	34277810	6033	-0.2286
2a77d937-8a1a-4174-b04a-61d74eabcafe	9	34281392	34295052	9	-1.6416
2a77d937-8a1a-4174-b04a-61d74eabcafe	9	34298012	38771834	2775	-0.2524
2a77d937-8a1a-4174-b04a-61d74eabcafe	9	38787496	39547492	69	0.009
2a77d937-8a1a-4174-b04a-61d74eabcafe	9	39588611	40229601	12	-0.522
2a77d937-8a1a-4174-b04a-61d74eabcafe	9	40712794	41659472	88	0.2725
2a77d937-8a1a-4174-b04a-61d74eabcafe	9	41666811	42014203	7	-0.2146
2a77d937-8a1a-4174-b04a-61d74eabcafe	9	42037471	42585140	38	-1.467
2a77d937-8a1a-4174-b04a-61d74eabcafe	9	42697878	61952740	97	-0.0181
2a77d937-8a1a-4174-b04a-61d74eabcafe	9	61977370	124039258	40244	0.0735
2a77d937-8a1a-4174-b04a-61d74eabcafe	9	124039317	137361190	7374	0.0335
2a77d937-8a1a-4174-b04a-61d74eabcafe	9	137361266	137361381	2	-1.6531
2a77d937-8a1a-4174-b04a-61d74eabcafe	9	137378551	138200944	407	0.0477
2a77d937-8a1a-4174-b04a-61d74eabcafe	10	45792	1253424	709	0.8095
2a77d937-8a1a-4174-b04a-61d74eabcafe	10	1253654	4244878	2867	0.91
2a77d937-8a1a-4174-b04a-61d74eabcafe	10	4248622	4248824	4	-0.5937
2a77d937-8a1a-4174-b04a-61d74eabcafe	10	4251879	6369412	1818	0.9106
2a77d937-8a1a-4174-b04a-61d74eabcafe	10	6369488	6369519	3	2.1064
2a77d937-8a1a-4174-b04a-61d74eabcafe	10	6376792	7761493	1331	0.8984
2a77d937-8a1a-4174-b04a-61d74eabcafe	10	7761574	16445149	7041	1.0024
2a77d937-8a1a-4174-b04a-61d74eabcafe	10	16445480	16962056	457	0.8887
2a77d937-8a1a-4174-b04a-61d74eabcafe	10	16964665	19054030	1504	0.8041
2a77d937-8a1a-4174-b04a-61d74eabcafe	10	19054380	19917402	663	0.6371
2a77d937-8a1a-4174-b04a-61d74eabcafe	10	19917723	19918745	6	-0.1891
2a77d937-8a1a-4174-b04a-61d74eabcafe	10	19919597	20551945	579	0.6325
2a77d937-8a1a-4174-b04a-61d74eabcafe	10	20561183	20564605	6	-0.6358
2a77d937-8a1a-4174-b04a-61d74eabcafe	10	20573498	22700231	1274	0.6198
2a77d937-8a1a-4174-b04a-61d74eabcafe	10	22700489	22702661	2	-1.1756
2a77d937-8a1a-4174-b04a-61d74eabcafe	10	22703547	24086334	918	0.6367
2a77d937-8a1a-4174-b04a-61d74eabcafe	10	24088745	24089125	11	-0.4159
2a77d937-8a1a-4174-b04a-61d74eabcafe	10	24089979	25288757	801	0.6188
2a77d937-8a1a-4174-b04a-61d74eabcafe	10	25289175	26342827	771	0.7124
2a77d937-8a1a-4174-b04a-61d74eabcafe	10	26343575	26344164	4	-1.3349
2a77d937-8a1a-4174-b04a-61d74eabcafe	10	26347972	27288639	612	0.6496
2a77d937-8a1a-4174-b04a-61d74eabcafe	10	27290867	30957581	2824	0.7721
2a77d937-8a1a-4174-b04a-61d74eabcafe	10	30962405	30962809	10	-2.5079
2a77d937-8a1a-4174-b04a-61d74eabcafe	10	30962850	38444579	4766	0.7791
2a77d937-8a1a-4174-b04a-61d74eabcafe	10	38462431	38625862	11	0.0734
2a77d937-8a1a-4174-b04a-61d74eabcafe	10	38627675	38770921	43	0.6145
2a77d937-8a1a-4174-b04a-61d74eabcafe	10	38777539	45504768	2285	-0.3181
2a77d937-8a1a-4174-b04a-61d74eabcafe	10	45506989	45798061	93	-0.157
2a77d937-8a1a-4174-b04a-61d74eabcafe	10	45798171	47954600	589	-0.2476
2a77d937-8a1a-4174-b04a-61d74eabcafe	10	48079548	48114825	5	0.6076
2a77d937-8a1a-4174-b04a-61d74eabcafe	10	48114838	49031116	741	-0.24
2a77d937-8a1a-4174-b04a-61d74eabcafe	10	49032120	52909296	2717	-0.1484
2a77d937-8a1a-4174-b04a-61d74eabcafe	10	52909324	52966090	44	-0.0676
2a77d937-8a1a-4174-b04a-61d74eabcafe	10	52967129	54313321	1053	0.0449
2a77d937-8a1a-4174-b04a-61d74eabcafe	10	54313343	65440789	7737	-0.0706
2a77d937-8a1a-4174-b04a-61d74eabcafe	10	65441598	67329936	1426	-0.1516
2a77d937-8a1a-4174-b04a-61d74eabcafe	10	67330246	68568991	624	-0.2626
2a77d937-8a1a-4174-b04a-61d74eabcafe	10	68569865	72619584	2833	-0.1302
2a77d937-8a1a-4174-b04a-61d74eabcafe	10	72623165	78303693	3375	-0.3648
2a77d937-8a1a-4174-b04a-61d74eabcafe	10	78305912	79595316	1042	-0.2657
2a77d937-8a1a-4174-b04a-61d74eabcafe	10	79624118	79737848	14	0.2947
2a77d937-8a1a-4174-b04a-61d74eabcafe	10	79747269	80070197	131	-0.2851
2a77d937-8a1a-4174-b04a-61d74eabcafe	10	80071948	122574497	28861	-0.4153
2a77d937-8a1a-4174-b04a-61d74eabcafe	10	122584593	129473213	5122	-0.3427
2a77d937-8a1a-4174-b04a-61d74eabcafe	10	129473574	129473606	2	-2.5404
2a77d937-8a1a-4174-b04a-61d74eabcafe	10	129473672	133654968	2761	-0.3596
2a77d937-8a1a-4174-b04a-61d74eabcafe	11	198510	4949013	2417	-0.115
2a77d937-8a1a-4174-b04a-61d74eabcafe	11	4949047	4955042	28	-1.926
2a77d937-8a1a-4174-b04a-61d74eabcafe	11	4955781	5761746	776	-0.1025
2a77d937-8a1a-4174-b04a-61d74eabcafe	11	5761822	6096746	284	0.0443
2a77d937-8a1a-4174-b04a-61d74eabcafe	11	6099417	6100864	2	1.674
2a77d937-8a1a-4174-b04a-61d74eabcafe	11	6101273	9093452	2146	0.066
2a77d937-8a1a-4174-b04a-61d74eabcafe	11	9093569	10414204	801	-0.0934
2a77d937-8a1a-4174-b04a-61d74eabcafe	11	10414438	44816945	24875	0.0867
2a77d937-8a1a-4174-b04a-61d74eabcafe	11	44817560	48576870	1936	0.0347
2a77d937-8a1a-4174-b04a-61d74eabcafe	11	48579882	48581124	2	-1.7474
2a77d937-8a1a-4174-b04a-61d74eabcafe	11	48584766	55606572	1179	0.0873
2a77d937-8a1a-4174-b04a-61d74eabcafe	11	55606712	55674842	46	-0.3378
2a77d937-8a1a-4174-b04a-61d74eabcafe	11	55676735	78230030	11705	0.0509
2a77d937-8a1a-4174-b04a-61d74eabcafe	11	78230367	79373801	876	0.0945
2a77d937-8a1a-4174-b04a-61d74eabcafe	11	79374265	79544166	150	-0.2713
2a77d937-8a1a-4174-b04a-61d74eabcafe	11	79546632	92089777	8541	0.0987
2a77d937-8a1a-4174-b04a-61d74eabcafe	11	92090484	92090489	6	-0.7666
2a77d937-8a1a-4174-b04a-61d74eabcafe	11	92090831	116320662	17088	0.0916
2a77d937-8a1a-4174-b04a-61d74eabcafe	11	116320925	119268793	2014	0.046
2a77d937-8a1a-4174-b04a-61d74eabcafe	11	119271783	133929513	11013	0.0802
2a77d937-8a1a-4174-b04a-61d74eabcafe	11	133929673	135064078	845	0.0137
2a77d937-8a1a-4174-b04a-61d74eabcafe	11	135064169	135074876	5	-0.3671
2a77d937-8a1a-4174-b04a-61d74eabcafe	12	51460	9477960	6170	0.07
2a77d937-8a1a-4174-b04a-61d74eabcafe	12	9481274	9575696	24	-1.7934
2a77d937-8a1a-4174-b04a-61d74eabcafe	12	9582373	37593924	17421	0.0897
2a77d937-8a1a-4174-b04a-61d74eabcafe	12	37618765	37620216	2	-2.3114
2a77d937-8a1a-4174-b04a-61d74eabcafe	12	37640556	42622162	2983	0.1035
2a77d937-8a1a-4174-b04a-61d74eabcafe	12	42623447	42631037	2	-1.7745
2a77d937-8a1a-4174-b04a-61d74eabcafe	12	42636698	58595268	9222	0.06
2a77d937-8a1a-4174-b04a-61d74eabcafe	12	58595286	63684542	3209	0.106
2a77d937-8a1a-4174-b04a-61d74eabcafe	12	63684905	63742874	28	-0.2445
2a77d937-8a1a-4174-b04a-61d74eabcafe	12	63749408	70783445	4718	0.0681
2a77d937-8a1a-4174-b04a-61d74eabcafe	12	70786698	99402794	18265	0.1076
2a77d937-8a1a-4174-b04a-61d74eabcafe	12	99402929	99404811	12	0.7874
2a77d937-8a1a-4174-b04a-61d74eabcafe	12	99404942	106158936	4575	0.1031
2a77d937-8a1a-4174-b04a-61d74eabcafe	12	106160061	129928031	16127	0.0685
2a77d937-8a1a-4174-b04a-61d74eabcafe	12	129928890	130521354	519	-0.0533
2a77d937-8a1a-4174-b04a-61d74eabcafe	12	130521404	133201603	1468	0.0887
2a77d937-8a1a-4174-b04a-61d74eabcafe	13	18452809	23055048	2851	0.0582
2a77d937-8a1a-4174-b04a-61d74eabcafe	13	23055071	23059376	13	-2.101
2a77d937-8a1a-4174-b04a-61d74eabcafe	13	23064056	24461469	1127	0.0838
2a77d937-8a1a-4174-b04a-61d74eabcafe	13	24465452	24465460	3	1.4239
2a77d937-8a1a-4174-b04a-61d74eabcafe	13	24465540	33854556	7016	0.0691
2a77d937-8a1a-4174-b04a-61d74eabcafe	13	33857257	40512500	4756	0.104
2a77d937-8a1a-4174-b04a-61d74eabcafe	13	40513375	50036180	6216	0.0743
2a77d937-8a1a-4174-b04a-61d74eabcafe	13	50036227	58010656	4462	0.1124
2a77d937-8a1a-4174-b04a-61d74eabcafe	13	58016147	58022896	6	-0.893
2a77d937-8a1a-4174-b04a-61d74eabcafe	13	58027918	83526795	16455	0.1088
2a77d937-8a1a-4174-b04a-61d74eabcafe	13	83527056	83581877	45	-1.0405
2a77d937-8a1a-4174-b04a-61d74eabcafe	13	83586994	112839324	20439	0.1029
2a77d937-8a1a-4174-b04a-61d74eabcafe	13	112839399	114124520	566	0.0173
2a77d937-8a1a-4174-b04a-61d74eabcafe	13	114124757	114342922	106	0.1047
2a77d937-8a1a-4174-b04a-61d74eabcafe	14	18239283	18686006	23	-0.1509
2a77d937-8a1a-4174-b04a-61d74eabcafe	14	18687716	19689684	41	-0.0156
2a77d937-8a1a-4174-b04a-61d74eabcafe	14	19732024	20110129	208	0.2494
2a77d937-8a1a-4174-b04a-61d74eabcafe	14	20111953	20881358	605	0.0712
2a77d937-8a1a-4174-b04a-61d74eabcafe	14	20884940	20941822	23	0.6226
2a77d937-8a1a-4174-b04a-61d74eabcafe	14	20945196	21882826	560	0.0665
2a77d937-8a1a-4174-b04a-61d74eabcafe	14	21882891	22509405	569	0.2545
2a77d937-8a1a-4174-b04a-61d74eabcafe	14	22509533	23986216	851	0.0702
2a77d937-8a1a-4174-b04a-61d74eabcafe	14	23989435	23989734	3	-1.7244
2a77d937-8a1a-4174-b04a-61d74eabcafe	14	23992645	25665627	1148	0.0691
2a77d937-8a1a-4174-b04a-61d74eabcafe	14	25666100	49738753	14732	0.1043
2a77d937-8a1a-4174-b04a-61d74eabcafe	14	49739055	73529070	15422	0.0765
2a77d937-8a1a-4174-b04a-61d74eabcafe	14	73534419	73563196	10	-1.5596
2a77d937-8a1a-4174-b04a-61d74eabcafe	14	73563211	77884080	2702	0.0523
2a77d937-8a1a-4174-b04a-61d74eabcafe	14	77884245	88953182	7441	0.1029
2a77d937-8a1a-4174-b04a-61d74eabcafe	14	88954918	106154876	10646	0.0586
2a77d937-8a1a-4174-b04a-61d74eabcafe	14	106156472	106877229	354	-0.2858
2a77d937-8a1a-4174-b04a-61d74eabcafe	15	19811075	20026653	47	0.0092
2a77d937-8a1a-4174-b04a-61d74eabcafe	15	20041119	22299523	159	0.5219
2a77d937-8a1a-4174-b04a-61d74eabcafe	15	22385639	22828959	89	0.171
2a77d937-8a1a-4174-b04a-61d74eabcafe	15	22829172	24429604	904	0.0827
2a77d937-8a1a-4174-b04a-61d74eabcafe	15	24429740	24469692	29	0.4488
2a77d937-8a1a-4174-b04a-61d74eabcafe	15	24469711	26315045	1333	0.0549
2a77d937-8a1a-4174-b04a-61d74eabcafe	15	26317005	26318009	2	-1.4055
2a77d937-8a1a-4174-b04a-61d74eabcafe	15	26318441	32520328	3372	0.0851
2a77d937-8a1a-4174-b04a-61d74eabcafe	15	32565281	32584783	4	-1.0983
2a77d937-8a1a-4174-b04a-61d74eabcafe	15	32610782	34434988	1487	0.0767
2a77d937-8a1a-4174-b04a-61d74eabcafe	15	34435421	34526116	60	-0.7043
2a77d937-8a1a-4174-b04a-61d74eabcafe	15	34570058	43602521	5673	0.0868
2a77d937-8a1a-4174-b04a-61d74eabcafe	15	43602552	43721953	25	0.4778
2a77d937-8a1a-4174-b04a-61d74eabcafe	15	43722057	51405203	4530	0.232
2a77d937-8a1a-4174-b04a-61d74eabcafe	15	51405355	55505650	2809	0.2958
2a77d937-8a1a-4174-b04a-61d74eabcafe	15	55510735	63630553	5933	0.4089
2a77d937-8a1a-4174-b04a-61d74eabcafe	15	63632869	63639415	4	-1.2429
2a77d937-8a1a-4174-b04a-61d74eabcafe	15	63642657	76586021	7423	0.391
2a77d937-8a1a-4174-b04a-61d74eabcafe	15	76598900	76603434	22	1.253
2a77d937-8a1a-4174-b04a-61d74eabcafe	15	76609838	77093758	215	0.4061
2a77d937-8a1a-4174-b04a-61d74eabcafe	15	77097924	82882631	3681	0.6056
2a77d937-8a1a-4174-b04a-61d74eabcafe	15	82889131	82889319	3	-0.6301
2a77d937-8a1a-4174-b04a-61d74eabcafe	15	82890669	101928837	13708	0.6059
2a77d937-8a1a-4174-b04a-61d74eabcafe	16	10777	14625123	11070	0.0401
2a77d937-8a1a-4174-b04a-61d74eabcafe	16	14651129	16840200	756	0.1268
2a77d937-8a1a-4174-b04a-61d74eabcafe	16	16840360	55762598	15077	0.0429
2a77d937-8a1a-4174-b04a-61d74eabcafe	16	55762663	55788485	19	-0.7132
2a77d937-8a1a-4174-b04a-61d74eabcafe	16	55788532	65319455	6179	0.025
2a77d937-8a1a-4174-b04a-61d74eabcafe	16	65327048	70026063	2539	-0.1841
2a77d937-8a1a-4174-b04a-61d74eabcafe	16	70028659	70200633	43	0.1292
2a77d937-8a1a-4174-b04a-61d74eabcafe	16	70212022	78337711	5500	-0.1764
2a77d937-8a1a-4174-b04a-61d74eabcafe	16	78338543	78350841	15	-2.3225
2a77d937-8a1a-4174-b04a-61d74eabcafe	16	78350868	85801475	7716	-0.2028
2a77d937-8a1a-4174-b04a-61d74eabcafe	16	85802225	89984569	2803	-0.121
2a77d937-8a1a-4174-b04a-61d74eabcafe	16	89988656	90096867	79	-0.0576
2a77d937-8a1a-4174-b04a-61d74eabcafe	17	150733	3232483	1603	0.0387
2a77d937-8a1a-4174-b04a-61d74eabcafe	17	3232541	3232997	2	-1.4263
2a77d937-8a1a-4174-b04a-61d74eabcafe	17	3254610	16749820	8843	0.0323
2a77d937-8a1a-4174-b04a-61d74eabcafe	17	16749938	16838214	15	0.6107
2a77d937-8a1a-4174-b04a-61d74eabcafe	17	16838470	17288811	254	0.0484
2a77d937-8a1a-4174-b04a-61d74eabcafe	17	17297113	17297457	3	-1.399
2a77d937-8a1a-4174-b04a-61d74eabcafe	17	17298262	18455632	650	0.008
2a77d937-8a1a-4174-b04a-61d74eabcafe	17	18455635	18561907	25	-0.9183
2a77d937-8a1a-4174-b04a-61d74eabcafe	17	18565883	32059530	3832	0.0452
2a77d937-8a1a-4174-b04a-61d74eabcafe	17	32068619	32071714	3	-1.7938
2a77d937-8a1a-4174-b04a-61d74eabcafe	17	32073864	36109139	2999	0.0446
2a77d937-8a1a-4174-b04a-61d74eabcafe	17	36109315	36208249	37	0.591
2a77d937-8a1a-4174-b04a-61d74eabcafe	17	36460442	46080231	5034	0.0337
2a77d937-8a1a-4174-b04a-61d74eabcafe	17	46084501	46351954	130	-0.1557
2a77d937-8a1a-4174-b04a-61d74eabcafe	17	46446345	46446360	2	2.5356
2a77d937-8a1a-4174-b04a-61d74eabcafe	17	46569894	51387136	2432	0.0321
2a77d937-8a1a-4174-b04a-61d74eabcafe	17	51389544	57689053	4626	0.0757
2a77d937-8a1a-4174-b04a-61d74eabcafe	17	57689628	58134739	293	0.0108
2a77d937-8a1a-4174-b04a-61d74eabcafe	17	58135153	58136733	4	-1.0408
2a77d937-8a1a-4174-b04a-61d74eabcafe	17	58140037	68687513	5553	0.0365
2a77d937-8a1a-4174-b04a-61d74eabcafe	17	68688044	72315907	2729	0.0925
2a77d937-8a1a-4174-b04a-61d74eabcafe	17	72316078	83091923	5910	0.03
2a77d937-8a1a-4174-b04a-61d74eabcafe	18	48133	122470	13	-0.1778
2a77d937-8a1a-4174-b04a-61d74eabcafe	18	136240	20971897	10384	-0.2279
2a77d937-8a1a-4174-b04a-61d74eabcafe	18	20973647	21445540	196	-0.5943
2a77d937-8a1a-4174-b04a-61d74eabcafe	18	21447867	26785899	3254	-0.2316
2a77d937-8a1a-4174-b04a-61d74eabcafe	18	26785951	26786181	3	-3.1852
2a77d937-8a1a-4174-b04a-61d74eabcafe	18	26786415	40680516	8901	-0.2014
2a77d937-8a1a-4174-b04a-61d74eabcafe	18	40680526	40685425	14	0.3743
2a77d937-8a1a-4174-b04a-61d74eabcafe	18	40688060	41185695	343	-0.1814
2a77d937-8a1a-4174-b04a-61d74eabcafe	18	41188245	41500669	199	-0.5712
2a77d937-8a1a-4174-b04a-61d74eabcafe	18	41501325	41812209	230	-0.2319
2a77d937-8a1a-4174-b04a-61d74eabcafe	18	41812290	43857758	1300	-0.5822
2a77d937-8a1a-4174-b04a-61d74eabcafe	18	43859346	44394853	284	-0.2044
2a77d937-8a1a-4174-b04a-61d74eabcafe	18	44396921	44398660	6	-1.8552
2a77d937-8a1a-4174-b04a-61d74eabcafe	18	44402706	46645009	1546	-0.2274
2a77d937-8a1a-4174-b04a-61d74eabcafe	18	46649522	46649618	2	-1.465
2a77d937-8a1a-4174-b04a-61d74eabcafe	18	46650255	47748637	664	-0.2365
2a77d937-8a1a-4174-b04a-61d74eabcafe	18	47749737	53740491	4381	0.0952
2a77d937-8a1a-4174-b04a-61d74eabcafe	18	53740727	53741022	6	-0.8288
2a77d937-8a1a-4174-b04a-61d74eabcafe	18	53741814	57369371	2277	0.0974
2a77d937-8a1a-4174-b04a-61d74eabcafe	18	57373408	73182022	11463	-0.2061
2a77d937-8a1a-4174-b04a-61d74eabcafe	18	73186334	78900693	4476	0.0948
2a77d937-8a1a-4174-b04a-61d74eabcafe	18	78902714	78910843	6	-1.121
2a77d937-8a1a-4174-b04a-61d74eabcafe	18	78910898	80257174	700	0.0505
2a77d937-8a1a-4174-b04a-61d74eabcafe	19	90910	367089	73	0.0411
2a77d937-8a1a-4174-b04a-61d74eabcafe	19	376382	422238	16	-0.4919
2a77d937-8a1a-4174-b04a-61d74eabcafe	19	437821	15673342	6501	0.0171
2a77d937-8a1a-4174-b04a-61d74eabcafe	19	15679275	15680807	2	-5.1457
2a77d937-8a1a-4174-b04a-61d74eabcafe	19	15680854	19851442	1979	0.0249
2a77d937-8a1a-4174-b04a-61d74eabcafe	19	19852155	21040500	696	0.1317
2a77d937-8a1a-4174-b04a-61d74eabcafe	19	21041272	24274155	1861	0.0511
2a77d937-8a1a-4174-b04a-61d74eabcafe	19	24278016	24282155	10	-0.6721
2a77d937-8a1a-4174-b04a-61d74eabcafe	19	24304880	27469098	37	-0.1654
2a77d937-8a1a-4174-b04a-61d74eabcafe	19	27474607	35358269	5502	-0.6495
2a77d937-8a1a-4174-b04a-61d74eabcafe	19	35358285	35376052	29	-0.0787
2a77d937-8a1a-4174-b04a-61d74eabcafe	19	35379446	35760425	205	-0.635
2a77d937-8a1a-4174-b04a-61d74eabcafe	19	35764181	41954381	3155	0.0357
2a77d937-8a1a-4174-b04a-61d74eabcafe	19	41965182	44111178	1069	-0.6007
2a77d937-8a1a-4174-b04a-61d74eabcafe	19	44117159	50713594	2982	0.0202
2a77d937-8a1a-4174-b04a-61d74eabcafe	19	50716079	51905017	806	-0.6911
2a77d937-8a1a-4174-b04a-61d74eabcafe	19	51905389	54303457	1563	-0.5748
2a77d937-8a1a-4174-b04a-61d74eabcafe	19	54303818	58297343	2427	-0.6593
2a77d937-8a1a-4174-b04a-61d74eabcafe	19	58297466	58586487	135	-0.3036
2a77d937-8a1a-4174-b04a-61d74eabcafe	20	80664	1580305	1202	0.0495
2a77d937-8a1a-4174-b04a-61d74eabcafe	20	1580353	1601446	36	1.6565
2a77d937-8a1a-4174-b04a-61d74eabcafe	20	1601561	5446133	2808	0.0415
2a77d937-8a1a-4174-b04a-61d74eabcafe	20	5447654	31783089	16254	0.0764
2a77d937-8a1a-4174-b04a-61d74eabcafe	20	31785439	60535987	19839	0.0298
2a77d937-8a1a-4174-b04a-61d74eabcafe	20	60538651	60542464	5	-1.0736
2a77d937-8a1a-4174-b04a-61d74eabcafe	20	60543786	64324800	2189	0.0382
2a77d937-8a1a-4174-b04a-61d74eabcafe	21	10354168	10544664	35	-0.1316
2a77d937-8a1a-4174-b04a-61d74eabcafe	21	10544798	10775586	52	-0.5816
2a77d937-8a1a-4174-b04a-61d74eabcafe	21	12973348	15229519	1075	0.0594
2a77d937-8a1a-4174-b04a-61d74eabcafe	21	15232782	31322962	11882	0.0864
2a77d937-8a1a-4174-b04a-61d74eabcafe	21	31326082	46677045	10797	0.0418
2a77d937-8a1a-4174-b04a-61d74eabcafe	22	15294547	15474116	8	0.5078
2a77d937-8a1a-4174-b04a-61d74eabcafe	22	15479574	18620743	1121	-0.2585
2a77d937-8a1a-4174-b04a-61d74eabcafe	22	18649244	18783014	4	-1.9263
2a77d937-8a1a-4174-b04a-61d74eabcafe	22	18818348	23832323	3158	-0.2187
2a77d937-8a1a-4174-b04a-61d74eabcafe	22	23832914	27407448	3094	-0.1122
2a77d937-8a1a-4174-b04a-61d74eabcafe	22	27408058	28092503	554	0.0169
2a77d937-8a1a-4174-b04a-61d74eabcafe	22	28093670	31255016	1764	0.0772
2a77d937-8a1a-4174-b04a-61d74eabcafe	22	31256352	31474414	111	-0.054
2a77d937-8a1a-4174-b04a-61d74eabcafe	22	31474658	31477905	4	0.6075
2a77d937-8a1a-4174-b04a-61d74eabcafe	22	31478220	32250832	452	0.0104
2a77d937-8a1a-4174-b04a-61d74eabcafe	22	32253444	50796027	12956	-0.2727
2a77d937-8a1a-4174-b04a-61d74eabcafe	X	251810	24801013	15052	-0.1583
2a77d937-8a1a-4174-b04a-61d74eabcafe	X	24803852	29608306	3029	-0.1132
2a77d937-8a1a-4174-b04a-61d74eabcafe	X	29612278	29613033	2	-1.7436
2a77d937-8a1a-4174-b04a-61d74eabcafe	X	29613088	38754571	5879	-0.1119
2a77d937-8a1a-4174-b04a-61d74eabcafe	X	38755862	42661491	2121	-0.1632
2a77d937-8a1a-4174-b04a-61d74eabcafe	X	42661570	42672232	13	-0.7541
2a77d937-8a1a-4174-b04a-61d74eabcafe	X	42672995	42735790	40	-0.1847
2a77d937-8a1a-4174-b04a-61d74eabcafe	X	42736016	42757310	20	0.4301
2a77d937-8a1a-4174-b04a-61d74eabcafe	X	42757685	53604544	5033	-0.1558
2a77d937-8a1a-4174-b04a-61d74eabcafe	X	53607033	65492507	3214	0.1325
2a77d937-8a1a-4174-b04a-61d74eabcafe	X	65497956	69491069	1985	-0.2048
2a77d937-8a1a-4174-b04a-61d74eabcafe	X	69496673	76380487	2973	0.1014
2a77d937-8a1a-4174-b04a-61d74eabcafe	X	76384627	78093101	545	-0.6027
2a77d937-8a1a-4174-b04a-61d74eabcafe	X	78105227	78209306	43	0.0696
2a77d937-8a1a-4174-b04a-61d74eabcafe	X	78213295	78987836	360	-0.1991
2a77d937-8a1a-4174-b04a-61d74eabcafe	X	78988098	79374190	244	-0.6195
2a77d937-8a1a-4174-b04a-61d74eabcafe	X	79379991	99059677	10673	0.1387
2a77d937-8a1a-4174-b04a-61d74eabcafe	X	99061845	140411160	22864	0.1049
2a77d937-8a1a-4174-b04a-61d74eabcafe	X	140414245	140419029	6	-0.8518
2a77d937-8a1a-4174-b04a-61d74eabcafe	X	140422569	147957692	5125	0.1184
2a77d937-8a1a-4174-b04a-61d74eabcafe	X	147958648	154718435	3919	0.0767
2a77d937-8a1a-4174-b04a-61d74eabcafe	X	154718896	155952689	430	0.1617
2a77d937-8a1a-4174-b04a-61d74eabcafe	Y	2782397	6071948	718	-2.7779
2a77d937-8a1a-4174-b04a-61d74eabcafe	Y	6075631	25169825	5741	-3.1992
2a77d937-8a1a-4174-b04a-61d74eabcafe	Y	25472063	56872112	179	-2.8713
