GDC_Aliquot	Chromosome	Start	End	Num_Probes	Segment_Mean
35eec3c2-ab24-48b6-a148-24df5b94a885	1	62920	259407	14	-0.5691
35eec3c2-ab24-48b6-a148-24df5b94a885	1	259422	9882620	4932	-0.0351
35eec3c2-ab24-48b6-a148-24df5b94a885	1	9885523	9885968	2	-0.6779
35eec3c2-ab24-48b6-a148-24df5b94a885	1	9889505	12792599	1524	-0.0001
35eec3c2-ab24-48b6-a148-24df5b94a885	1	12797714	12797904	2	-2.721
35eec3c2-ab24-48b6-a148-24df5b94a885	1	12799143	12802201	8	-0.0724
35eec3c2-ab24-48b6-a148-24df5b94a885	1	12806954	12853248	18	-0.6292
35eec3c2-ab24-48b6-a148-24df5b94a885	1	12855993	16679483	2152	-0.0288
35eec3c2-ab24-48b6-a148-24df5b94a885	1	16685961	16951445	80	0.3188
35eec3c2-ab24-48b6-a148-24df5b94a885	1	16955930	34626073	10210	-0.0154
35eec3c2-ab24-48b6-a148-24df5b94a885	1	34637053	34648667	21	-0.6527
35eec3c2-ab24-48b6-a148-24df5b94a885	1	34649941	48660375	7885	-0.0084
35eec3c2-ab24-48b6-a148-24df5b94a885	1	48660581	72302735	15778	-0.0426
35eec3c2-ab24-48b6-a148-24df5b94a885	1	72302815	72343748	42	0.3552
35eec3c2-ab24-48b6-a148-24df5b94a885	1	72344159	109690352	23472	-0.0527
35eec3c2-ab24-48b6-a148-24df5b94a885	1	109690415	109697556	12	-1.4861
35eec3c2-ab24-48b6-a148-24df5b94a885	1	109702376	143748421	7199	-0.0317
35eec3c2-ab24-48b6-a148-24df5b94a885	1	143748590	143796140	20	0.7189
35eec3c2-ab24-48b6-a148-24df5b94a885	1	143811517	152599870	2324	-0.0212
35eec3c2-ab24-48b6-a148-24df5b94a885	1	152600017	152613641	13	-0.9596
35eec3c2-ab24-48b6-a148-24df5b94a885	1	152613762	152789447	172	-0.0599
35eec3c2-ab24-48b6-a148-24df5b94a885	1	152789463	152795471	29	0.4077
35eec3c2-ab24-48b6-a148-24df5b94a885	1	152795487	174827418	14728	-0.0323
35eec3c2-ab24-48b6-a148-24df5b94a885	1	174827561	174832599	14	-0.6059
35eec3c2-ab24-48b6-a148-24df5b94a885	1	174832702	186779706	7946	-0.0331
35eec3c2-ab24-48b6-a148-24df5b94a885	1	186780101	196532761	6464	-0.0735
35eec3c2-ab24-48b6-a148-24df5b94a885	1	196533706	196843377	200	0.1014
35eec3c2-ab24-48b6-a148-24df5b94a885	1	196843400	196846661	2	4.7476
35eec3c2-ab24-48b6-a148-24df5b94a885	1	196847600	240228440	29787	-0.0429
35eec3c2-ab24-48b6-a148-24df5b94a885	1	240230715	240230839	6	-2.2938
35eec3c2-ab24-48b6-a148-24df5b94a885	1	240232805	245473108	3637	-0.0363
35eec3c2-ab24-48b6-a148-24df5b94a885	1	245473737	245483602	11	-0.8297
35eec3c2-ab24-48b6-a148-24df5b94a885	1	245486349	248930189	2180	-0.0539
35eec3c2-ab24-48b6-a148-24df5b94a885	2	12784	72515	32	-1.0081
35eec3c2-ab24-48b6-a148-24df5b94a885	2	73411	4158097	2950	-0.0531
35eec3c2-ab24-48b6-a148-24df5b94a885	2	4166274	4172309	23	-0.8633
35eec3c2-ab24-48b6-a148-24df5b94a885	2	4172313	4174418	6	-0.1033
35eec3c2-ab24-48b6-a148-24df5b94a885	2	4174569	4176105	10	-0.7321
35eec3c2-ab24-48b6-a148-24df5b94a885	2	4176135	17036583	9763	-0.0457
35eec3c2-ab24-48b6-a148-24df5b94a885	2	17039825	17061270	49	-0.7095
35eec3c2-ab24-48b6-a148-24df5b94a885	2	17065867	34466002	11145	-0.043
35eec3c2-ab24-48b6-a148-24df5b94a885	2	34476327	34511990	45	-1.5874
35eec3c2-ab24-48b6-a148-24df5b94a885	2	34512096	35750907	865	-0.0658
35eec3c2-ab24-48b6-a148-24df5b94a885	2	35752724	35762850	6	-1.5812
35eec3c2-ab24-48b6-a148-24df5b94a885	2	35762881	41011095	3901	-0.0516
35eec3c2-ab24-48b6-a148-24df5b94a885	2	41011303	41018747	22	-0.6651
35eec3c2-ab24-48b6-a148-24df5b94a885	2	41024093	52038525	7822	-0.0411
35eec3c2-ab24-48b6-a148-24df5b94a885	2	52039769	52046762	2	-1.7508
35eec3c2-ab24-48b6-a148-24df5b94a885	2	52047691	52527330	312	-0.0288
35eec3c2-ab24-48b6-a148-24df5b94a885	2	52527342	52527743	6	-1.3988
35eec3c2-ab24-48b6-a148-24df5b94a885	2	52531615	52554384	32	-0.5997
35eec3c2-ab24-48b6-a148-24df5b94a885	2	52554404	87134049	21898	-0.0417
35eec3c2-ab24-48b6-a148-24df5b94a885	2	87146770	87747102	116	-0.609
35eec3c2-ab24-48b6-a148-24df5b94a885	2	87835245	97359885	1723	-0.0169
35eec3c2-ab24-48b6-a148-24df5b94a885	2	97524284	97550415	10	-0.8958
35eec3c2-ab24-48b6-a148-24df5b94a885	2	97552143	113604438	9337	-0.034
35eec3c2-ab24-48b6-a148-24df5b94a885	2	113604837	113604839	2	-2.4004
35eec3c2-ab24-48b6-a148-24df5b94a885	2	113623244	146103878	19931	-0.0508
35eec3c2-ab24-48b6-a148-24df5b94a885	2	146104517	146109366	25	0.6412
35eec3c2-ab24-48b6-a148-24df5b94a885	2	146120238	209867630	38246	-0.0436
35eec3c2-ab24-48b6-a148-24df5b94a885	2	209868676	213031875	2074	-0.1461
35eec3c2-ab24-48b6-a148-24df5b94a885	2	213032584	227697502	9507	-0.0406
35eec3c2-ab24-48b6-a148-24df5b94a885	2	227699875	231028042	2106	-0.1483
35eec3c2-ab24-48b6-a148-24df5b94a885	2	231029200	231415342	180	-0.074
35eec3c2-ab24-48b6-a148-24df5b94a885	2	231418120	235949572	2978	-0.3908
35eec3c2-ab24-48b6-a148-24df5b94a885	2	235950057	235950274	2	-2.5345
35eec3c2-ab24-48b6-a148-24df5b94a885	2	235953182	242147305	3670	-0.3802
35eec3c2-ab24-48b6-a148-24df5b94a885	3	20930	68697013	47566	-0.0432
35eec3c2-ab24-48b6-a148-24df5b94a885	3	68697108	68698262	14	1.1122
35eec3c2-ab24-48b6-a148-24df5b94a885	3	68699607	130044016	34477	-0.0502
35eec3c2-ab24-48b6-a148-24df5b94a885	3	130044855	130087393	38	0.6679
35eec3c2-ab24-48b6-a148-24df5b94a885	3	130088081	140823697	6707	-0.0368
35eec3c2-ab24-48b6-a148-24df5b94a885	3	140826859	140828142	2	-2.8198
35eec3c2-ab24-48b6-a148-24df5b94a885	3	140841776	145673458	2953	-0.0439
35eec3c2-ab24-48b6-a148-24df5b94a885	3	145673667	145674076	2	-2.2939
35eec3c2-ab24-48b6-a148-24df5b94a885	3	145674202	162795361	10499	-0.0593
35eec3c2-ab24-48b6-a148-24df5b94a885	3	162795671	162908815	68	0.5113
35eec3c2-ab24-48b6-a148-24df5b94a885	3	162910826	176165961	8121	-0.0574
35eec3c2-ab24-48b6-a148-24df5b94a885	3	176170271	176196691	34	-0.9285
35eec3c2-ab24-48b6-a148-24df5b94a885	3	176198433	185350117	5268	-0.0363
35eec3c2-ab24-48b6-a148-24df5b94a885	3	185351609	185613462	124	-0.2834
35eec3c2-ab24-48b6-a148-24df5b94a885	3	185614903	193160113	5520	-0.0477
35eec3c2-ab24-48b6-a148-24df5b94a885	3	193160173	193168646	20	-1.3717
35eec3c2-ab24-48b6-a148-24df5b94a885	3	193168669	198169247	2685	-0.0243
35eec3c2-ab24-48b6-a148-24df5b94a885	4	68929	10208766	5693	-0.0229
35eec3c2-ab24-48b6-a148-24df5b94a885	4	10212536	10229874	29	-2.0904
35eec3c2-ab24-48b6-a148-24df5b94a885	4	10232590	34784878	16886	-0.0614
35eec3c2-ab24-48b6-a148-24df5b94a885	4	34785333	34823103	37	0.3897
35eec3c2-ab24-48b6-a148-24df5b94a885	4	34828250	68354665	19330	-0.0578
35eec3c2-ab24-48b6-a148-24df5b94a885	4	68361130	68395346	7	1.0968
35eec3c2-ab24-48b6-a148-24df5b94a885	4	68416487	71901955	1936	-0.0731
35eec3c2-ab24-48b6-a148-24df5b94a885	4	71913407	71913592	2	-3.6037
35eec3c2-ab24-48b6-a148-24df5b94a885	4	71913900	76872087	3108	-0.0566
35eec3c2-ab24-48b6-a148-24df5b94a885	4	76872183	76872219	2	-1.9321
35eec3c2-ab24-48b6-a148-24df5b94a885	4	76872222	114252544	22575	-0.0587
35eec3c2-ab24-48b6-a148-24df5b94a885	4	114254167	114261019	23	0.531
35eec3c2-ab24-48b6-a148-24df5b94a885	4	114263073	115251805	609	-0.0452
35eec3c2-ab24-48b6-a148-24df5b94a885	4	115251820	115251961	3	-1.3787
35eec3c2-ab24-48b6-a148-24df5b94a885	4	115252047	115254708	12	-0.4291
35eec3c2-ab24-48b6-a148-24df5b94a885	4	115254776	115254969	4	-1.0747
35eec3c2-ab24-48b6-a148-24df5b94a885	4	115259026	121353499	3687	-0.0661
35eec3c2-ab24-48b6-a148-24df5b94a885	4	121360818	121363827	28	-0.8078
35eec3c2-ab24-48b6-a148-24df5b94a885	4	121363980	171453798	30110	-0.058
35eec3c2-ab24-48b6-a148-24df5b94a885	4	171453876	171456625	10	-0.7511
35eec3c2-ab24-48b6-a148-24df5b94a885	4	171459220	188300104	11277	-0.0673
35eec3c2-ab24-48b6-a148-24df5b94a885	4	188300206	188300270	3	1.6135
35eec3c2-ab24-48b6-a148-24df5b94a885	4	188300285	190106768	1139	-0.0793
35eec3c2-ab24-48b6-a148-24df5b94a885	5	15532	2337079	1294	-0.0376
35eec3c2-ab24-48b6-a148-24df5b94a885	5	2337198	28920321	18642	-0.0793
35eec3c2-ab24-48b6-a148-24df5b94a885	5	28920465	124206431	55649	-0.0503
35eec3c2-ab24-48b6-a148-24df5b94a885	5	124206635	124207082	2	-1.9177
35eec3c2-ab24-48b6-a148-24df5b94a885	5	124209608	152120981	17309	-0.0382
35eec3c2-ab24-48b6-a148-24df5b94a885	5	152122148	169199152	11690	-0.0631
35eec3c2-ab24-48b6-a148-24df5b94a885	5	169199248	180947523	7538	-0.0268
35eec3c2-ab24-48b6-a148-24df5b94a885	5	180951710	181015400	22	0.4659
35eec3c2-ab24-48b6-a148-24df5b94a885	5	181015441	181363319	166	0.0107
35eec3c2-ab24-48b6-a148-24df5b94a885	6	149661	302306	125	-0.0422
35eec3c2-ab24-48b6-a148-24df5b94a885	6	303017	382559	77	-0.3827
35eec3c2-ab24-48b6-a148-24df5b94a885	6	382897	29869411	21356	-0.076
35eec3c2-ab24-48b6-a148-24df5b94a885	6	29869537	29906932	21	0.1813
35eec3c2-ab24-48b6-a148-24df5b94a885	6	29907031	29933799	13	-1.0785
35eec3c2-ab24-48b6-a148-24df5b94a885	6	29940692	31318499	640	0.013
35eec3c2-ab24-48b6-a148-24df5b94a885	6	31318528	31328674	10	-1.6611
35eec3c2-ab24-48b6-a148-24df5b94a885	6	31342147	31370073	23	0.05
35eec3c2-ab24-48b6-a148-24df5b94a885	6	31370095	31372656	6	-1.3571
35eec3c2-ab24-48b6-a148-24df5b94a885	6	31373030	32656527	525	-0.0621
35eec3c2-ab24-48b6-a148-24df5b94a885	6	32656814	32682835	6	-1.1851
35eec3c2-ab24-48b6-a148-24df5b94a885	6	32686863	32718088	34	-0.099
35eec3c2-ab24-48b6-a148-24df5b94a885	6	32718419	32723053	12	0.5981
35eec3c2-ab24-48b6-a148-24df5b94a885	6	32732907	54066286	13602	-0.037
35eec3c2-ab24-48b6-a148-24df5b94a885	6	54066353	54067057	7	-1.6318
35eec3c2-ab24-48b6-a148-24df5b94a885	6	54070550	64627049	4203	-0.0548
35eec3c2-ab24-48b6-a148-24df5b94a885	6	64637651	64639099	2	-2.1139
35eec3c2-ab24-48b6-a148-24df5b94a885	6	64640883	65072090	285	-0.0767
35eec3c2-ab24-48b6-a148-24df5b94a885	6	65075622	65105988	18	-0.9488
35eec3c2-ab24-48b6-a148-24df5b94a885	6	65106606	76726815	7585	-0.0497
35eec3c2-ab24-48b6-a148-24df5b94a885	6	76730151	76742956	19	-3.2196
35eec3c2-ab24-48b6-a148-24df5b94a885	6	76742972	78259388	974	-0.0723
35eec3c2-ab24-48b6-a148-24df5b94a885	6	78261980	78322600	104	0.4015
35eec3c2-ab24-48b6-a148-24df5b94a885	6	78322875	103286954	15396	-0.0586
35eec3c2-ab24-48b6-a148-24df5b94a885	6	103290101	103314186	46	-1.1559
35eec3c2-ab24-48b6-a148-24df5b94a885	6	103317795	170741917	43952	-0.0457
35eec3c2-ab24-48b6-a148-24df5b94a885	7	43355	29634124	21312	0.4053
35eec3c2-ab24-48b6-a148-24df5b94a885	7	29634172	29646732	5	-0.5213
35eec3c2-ab24-48b6-a148-24df5b94a885	7	29648549	38251092	5889	0.4154
35eec3c2-ab24-48b6-a148-24df5b94a885	7	38251113	38263833	8	1.4359
35eec3c2-ab24-48b6-a148-24df5b94a885	7	38271122	38356875	118	0.6911
35eec3c2-ab24-48b6-a148-24df5b94a885	7	38361356	54305455	10944	0.4058
35eec3c2-ab24-48b6-a148-24df5b94a885	7	54318812	54318824	6	-0.9748
35eec3c2-ab24-48b6-a148-24df5b94a885	7	54325795	97756423	21720	0.4031
35eec3c2-ab24-48b6-a148-24df5b94a885	7	97756621	97773163	18	-0.6127
35eec3c2-ab24-48b6-a148-24df5b94a885	7	97774928	100731621	1278	0.4232
35eec3c2-ab24-48b6-a148-24df5b94a885	7	100731642	100735219	2	-0.9177
35eec3c2-ab24-48b6-a148-24df5b94a885	7	100753382	105455127	2446	0.4246
35eec3c2-ab24-48b6-a148-24df5b94a885	7	105456214	105483561	11	1.0125
35eec3c2-ab24-48b6-a148-24df5b94a885	7	105485505	109793741	2828	0.4242
35eec3c2-ab24-48b6-a148-24df5b94a885	7	109797035	109801187	25	-0.2155
35eec3c2-ab24-48b6-a148-24df5b94a885	7	109801572	109813853	10	-2.0647
35eec3c2-ab24-48b6-a148-24df5b94a885	7	109813925	116294957	3888	0.41
35eec3c2-ab24-48b6-a148-24df5b94a885	7	116295011	116301003	2	-1.9688
35eec3c2-ab24-48b6-a148-24df5b94a885	7	116301498	126406113	6103	0.4069
35eec3c2-ab24-48b6-a148-24df5b94a885	7	126406435	126406561	4	1.521
35eec3c2-ab24-48b6-a148-24df5b94a885	7	126406822	126406827	6	-0.3976
35eec3c2-ab24-48b6-a148-24df5b94a885	7	126412712	134100458	4688	0.4306
35eec3c2-ab24-48b6-a148-24df5b94a885	7	134100556	134113805	30	-0.0917
35eec3c2-ab24-48b6-a148-24df5b94a885	7	134114093	159334314	16027	0.425
35eec3c2-ab24-48b6-a148-24df5b94a885	8	81254	643041	322	0.3618
35eec3c2-ab24-48b6-a148-24df5b94a885	8	644944	645908	10	-0.3427
35eec3c2-ab24-48b6-a148-24df5b94a885	8	656117	2844277	1699	0.3765
35eec3c2-ab24-48b6-a148-24df5b94a885	8	2844412	2846377	8	-0.4183
35eec3c2-ab24-48b6-a148-24df5b94a885	8	2849649	4137245	1635	0.3503
35eec3c2-ab24-48b6-a148-24df5b94a885	8	4140085	4144794	9	-1.0925
35eec3c2-ab24-48b6-a148-24df5b94a885	8	4145131	4145956	12	-0.1838
35eec3c2-ab24-48b6-a148-24df5b94a885	8	4146039	7312952	3992	0.3509
35eec3c2-ab24-48b6-a148-24df5b94a885	8	7329110	7941868	52	-0.2944
35eec3c2-ab24-48b6-a148-24df5b94a885	8	7974123	12092042	3227	0.3953
35eec3c2-ab24-48b6-a148-24df5b94a885	8	12130217	12143614	6	-1.9424
35eec3c2-ab24-48b6-a148-24df5b94a885	8	12176798	12389977	31	0.4445
35eec3c2-ab24-48b6-a148-24df5b94a885	8	12418301	12581382	18	-0.2523
35eec3c2-ab24-48b6-a148-24df5b94a885	8	12585546	25116961	10344	0.4191
35eec3c2-ab24-48b6-a148-24df5b94a885	8	25117007	25126735	24	-1.9471
35eec3c2-ab24-48b6-a148-24df5b94a885	8	25133589	39368524	8962	0.4118
35eec3c2-ab24-48b6-a148-24df5b94a885	8	39368830	39485430	42	0.7148
35eec3c2-ab24-48b6-a148-24df5b94a885	8	39495103	50119451	4592	0.4029
35eec3c2-ab24-48b6-a148-24df5b94a885	8	50119464	50120863	8	-2.1149
35eec3c2-ab24-48b6-a148-24df5b94a885	8	50126018	63936079	9012	0.4107
35eec3c2-ab24-48b6-a148-24df5b94a885	8	63936340	63936561	6	1.7284
35eec3c2-ab24-48b6-a148-24df5b94a885	8	63936953	108515595	26704	0.4033
35eec3c2-ab24-48b6-a148-24df5b94a885	8	108518557	108523243	5	-1.1881
35eec3c2-ab24-48b6-a148-24df5b94a885	8	108525147	119139771	6463	0.4059
35eec3c2-ab24-48b6-a148-24df5b94a885	8	119142545	119147207	4	-3.096
35eec3c2-ab24-48b6-a148-24df5b94a885	8	119150615	141005805	16119	0.42
35eec3c2-ab24-48b6-a148-24df5b94a885	8	141006686	145072769	1774	0.4692
35eec3c2-ab24-48b6-a148-24df5b94a885	9	46587	29091099	24587	-0.0515
35eec3c2-ab24-48b6-a148-24df5b94a885	9	29094551	29094999	2	-2.6291
35eec3c2-ab24-48b6-a148-24df5b94a885	9	29097682	61371448	6571	-0.0418
35eec3c2-ab24-48b6-a148-24df5b94a885	9	61372857	61647899	34	0.7391
35eec3c2-ab24-48b6-a148-24df5b94a885	9	61665362	76939544	6453	-0.0532
35eec3c2-ab24-48b6-a148-24df5b94a885	9	76941965	76951948	5	-1.1444
35eec3c2-ab24-48b6-a148-24df5b94a885	9	76951973	125968680	34709	-0.0424
35eec3c2-ab24-48b6-a148-24df5b94a885	9	125968725	137840838	6520	-0.01
35eec3c2-ab24-48b6-a148-24df5b94a885	9	137843396	138093200	142	-0.0798
35eec3c2-ab24-48b6-a148-24df5b94a885	9	138094111	138177075	65	-0.5276
35eec3c2-ab24-48b6-a148-24df5b94a885	9	138177488	138200944	6	-0.0008
35eec3c2-ab24-48b6-a148-24df5b94a885	10	45792	6767841	5790	0.0784
35eec3c2-ab24-48b6-a148-24df5b94a885	10	6769889	24086334	13308	0.0144
35eec3c2-ab24-48b6-a148-24df5b94a885	10	24088745	24089125	11	-2.0187
35eec3c2-ab24-48b6-a148-24df5b94a885	10	24089979	30957581	4991	0.0124
35eec3c2-ab24-48b6-a148-24df5b94a885	10	30962405	30962797	9	-0.6632
35eec3c2-ab24-48b6-a148-24df5b94a885	10	30962809	35747852	3098	0.0249
35eec3c2-ab24-48b6-a148-24df5b94a885	10	35748538	43029180	2183	-0.0248
35eec3c2-ab24-48b6-a148-24df5b94a885	10	43029253	43030294	2	-2.0925
35eec3c2-ab24-48b6-a148-24df5b94a885	10	43030575	57086662	8969	-0.0533
35eec3c2-ab24-48b6-a148-24df5b94a885	10	57086815	57090128	6	-1.5393
35eec3c2-ab24-48b6-a148-24df5b94a885	10	57094024	65536569	5817	-0.0398
35eec3c2-ab24-48b6-a148-24df5b94a885	10	65538843	65685952	129	-0.2369
35eec3c2-ab24-48b6-a148-24df5b94a885	10	65688448	133654968	45946	-0.0446
35eec3c2-ab24-48b6-a148-24df5b94a885	11	198510	15252183	10190	-0.3509
35eec3c2-ab24-48b6-a148-24df5b94a885	11	15257875	18919323	2423	-0.1161
35eec3c2-ab24-48b6-a148-24df5b94a885	11	18927525	18940441	45	0.5932
35eec3c2-ab24-48b6-a148-24df5b94a885	11	18940469	22447934	2966	-0.1213
35eec3c2-ab24-48b6-a148-24df5b94a885	11	22450055	22451212	4	-1.6905
35eec3c2-ab24-48b6-a148-24df5b94a885	11	22451596	33448224	7357	-0.1277
35eec3c2-ab24-48b6-a148-24df5b94a885	11	33448722	36848248	2833	-0.0747
35eec3c2-ab24-48b6-a148-24df5b94a885	11	36851541	47823420	6916	-0.1332
35eec3c2-ab24-48b6-a148-24df5b94a885	11	47823559	48576870	385	-0.0131
35eec3c2-ab24-48b6-a148-24df5b94a885	11	48579882	48581124	2	-1.5937
35eec3c2-ab24-48b6-a148-24df5b94a885	11	48584766	63611777	5876	-0.0328
35eec3c2-ab24-48b6-a148-24df5b94a885	11	63612378	63612454	2	-1.7773
35eec3c2-ab24-48b6-a148-24df5b94a885	11	63615453	79316596	7835	-0.0207
35eec3c2-ab24-48b6-a148-24df5b94a885	11	79316757	82629708	2641	-0.0943
35eec3c2-ab24-48b6-a148-24df5b94a885	11	82631261	104903608	15486	-0.0257
35eec3c2-ab24-48b6-a148-24df5b94a885	11	104905274	126573191	14847	0.0108
35eec3c2-ab24-48b6-a148-24df5b94a885	11	126574242	129267767	2234	-0.1773
35eec3c2-ab24-48b6-a148-24df5b94a885	11	129270397	129278264	7	-0.0935
35eec3c2-ab24-48b6-a148-24df5b94a885	11	129280172	130366367	645	0.1945
35eec3c2-ab24-48b6-a148-24df5b94a885	11	130368126	134882477	3575	0.028
35eec3c2-ab24-48b6-a148-24df5b94a885	11	134882509	135074876	138	-0.2326
35eec3c2-ab24-48b6-a148-24df5b94a885	12	51460	7842191	5345	0.0619
35eec3c2-ab24-48b6-a148-24df5b94a885	12	7851829	7971304	57	-0.906
35eec3c2-ab24-48b6-a148-24df5b94a885	12	7978362	9467109	746	0.0413
35eec3c2-ab24-48b6-a148-24df5b94a885	12	9467513	9575696	30	-1.4475
35eec3c2-ab24-48b6-a148-24df5b94a885	12	9582373	11066824	1026	0.0423
35eec3c2-ab24-48b6-a148-24df5b94a885	12	11068125	11104230	12	0.9071
35eec3c2-ab24-48b6-a148-24df5b94a885	12	11107676	30086978	13170	0.0193
35eec3c2-ab24-48b6-a148-24df5b94a885	12	30087113	30091017	21	-0.6852
35eec3c2-ab24-48b6-a148-24df5b94a885	12	30091052	32272276	1634	0.0198
35eec3c2-ab24-48b6-a148-24df5b94a885	12	32279759	33148472	610	-0.0563
35eec3c2-ab24-48b6-a148-24df5b94a885	12	33148492	33154440	26	-0.57
35eec3c2-ab24-48b6-a148-24df5b94a885	12	33155426	40373102	2225	-0.0373
35eec3c2-ab24-48b6-a148-24df5b94a885	12	40373920	40588810	180	0.0236
35eec3c2-ab24-48b6-a148-24df5b94a885	12	40588828	59021906	10905	-0.0974
35eec3c2-ab24-48b6-a148-24df5b94a885	12	59022669	98754063	25368	-0.1239
35eec3c2-ab24-48b6-a148-24df5b94a885	12	98754463	99906148	737	-0.0597
35eec3c2-ab24-48b6-a148-24df5b94a885	12	99906251	112150141	7731	-0.106
35eec3c2-ab24-48b6-a148-24df5b94a885	12	112156775	115807412	2927	-0.0596
35eec3c2-ab24-48b6-a148-24df5b94a885	12	115807427	132734468	11458	-0.0348
35eec3c2-ab24-48b6-a148-24df5b94a885	12	132735358	133201603	214	-0.2127
35eec3c2-ab24-48b6-a148-24df5b94a885	13	18452809	23058539	2841	-0.0538
35eec3c2-ab24-48b6-a148-24df5b94a885	13	23058721	23059376	11	-1.9561
35eec3c2-ab24-48b6-a148-24df5b94a885	13	23064056	68668123	29893	-0.0535
35eec3c2-ab24-48b6-a148-24df5b94a885	13	68674167	68694987	39	-0.6838
35eec3c2-ab24-48b6-a148-24df5b94a885	13	68695002	114342922	30954	-0.0538
35eec3c2-ab24-48b6-a148-24df5b94a885	14	18239283	19078442	32	-0.2323
35eec3c2-ab24-48b6-a148-24df5b94a885	14	19110634	19955213	135	0.3256
35eec3c2-ab24-48b6-a148-24df5b94a885	14	19956767	21922051	1336	-0.0364
35eec3c2-ab24-48b6-a148-24df5b94a885	14	21922443	22509533	523	0.2197
35eec3c2-ab24-48b6-a148-24df5b94a885	14	22509594	93759321	45139	-0.044
35eec3c2-ab24-48b6-a148-24df5b94a885	14	93761750	93766530	8	-1.0463
35eec3c2-ab24-48b6-a148-24df5b94a885	14	93767054	106423925	7768	-0.023
35eec3c2-ab24-48b6-a148-24df5b94a885	14	106425447	106462169	46	-0.5126
35eec3c2-ab24-48b6-a148-24df5b94a885	14	106462183	106877229	196	-0.0298
35eec3c2-ab24-48b6-a148-24df5b94a885	15	19811075	21417107	175	0.0223
35eec3c2-ab24-48b6-a148-24df5b94a885	15	21975606	22413894	33	-0.8092
35eec3c2-ab24-48b6-a148-24df5b94a885	15	22455811	24429740	987	-0.0296
35eec3c2-ab24-48b6-a148-24df5b94a885	15	24429986	24473449	32	-0.508
35eec3c2-ab24-48b6-a148-24df5b94a885	15	24480146	25792052	917	-0.0611
35eec3c2-ab24-48b6-a148-24df5b94a885	15	25792278	25792738	2	1.3134
35eec3c2-ab24-48b6-a148-24df5b94a885	15	25793397	26315045	411	-0.0623
35eec3c2-ab24-48b6-a148-24df5b94a885	15	26317005	26318009	2	-1.6596
35eec3c2-ab24-48b6-a148-24df5b94a885	15	26318441	26693192	279	-0.0553
35eec3c2-ab24-48b6-a148-24df5b94a885	15	26693341	26693475	3	-1.4039
35eec3c2-ab24-48b6-a148-24df5b94a885	15	26695318	76599286	30926	-0.0318
35eec3c2-ab24-48b6-a148-24df5b94a885	15	76599400	76603434	19	-1.9476
35eec3c2-ab24-48b6-a148-24df5b94a885	15	76609838	101894806	17547	-0.0332
35eec3c2-ab24-48b6-a148-24df5b94a885	15	101900719	101928837	4	1.0389
35eec3c2-ab24-48b6-a148-24df5b94a885	16	10777	920814	352	-0.5719
35eec3c2-ab24-48b6-a148-24df5b94a885	16	929236	16563118	11387	-0.0346
35eec3c2-ab24-48b6-a148-24df5b94a885	16	16563603	16606206	10	-0.9463
35eec3c2-ab24-48b6-a148-24df5b94a885	16	16614737	18104860	981	-0.0239
35eec3c2-ab24-48b6-a148-24df5b94a885	16	18134261	18714714	30	-0.7065
35eec3c2-ab24-48b6-a148-24df5b94a885	16	18730788	22430699	1973	-0.0253
35eec3c2-ab24-48b6-a148-24df5b94a885	16	22546611	22669412	56	0.3732
35eec3c2-ab24-48b6-a148-24df5b94a885	16	22669541	57787072	13308	-0.0323
35eec3c2-ab24-48b6-a148-24df5b94a885	16	57787314	80858961	15969	-0.0503
35eec3c2-ab24-48b6-a148-24df5b94a885	16	80860821	90096867	7636	-0.0207
35eec3c2-ab24-48b6-a148-24df5b94a885	17	150733	8862095	4872	-0.0094
35eec3c2-ab24-48b6-a148-24df5b94a885	17	8868150	16834846	5579	-0.0603
35eec3c2-ab24-48b6-a148-24df5b94a885	17	16838201	18414080	908	-0.0174
35eec3c2-ab24-48b6-a148-24df5b94a885	17	18452078	18561907	27	0.7676
35eec3c2-ab24-48b6-a148-24df5b94a885	17	18565883	21414459	1163	-0.0232
35eec3c2-ab24-48b6-a148-24df5b94a885	17	21425367	21624398	82	-0.7855
35eec3c2-ab24-48b6-a148-24df5b94a885	17	21661661	41265456	8127	-0.0182
35eec3c2-ab24-48b6-a148-24df5b94a885	17	41266762	41274279	24	1.8441
35eec3c2-ab24-48b6-a148-24df5b94a885	17	41276472	46085732	2497	0.0138
35eec3c2-ab24-48b6-a148-24df5b94a885	17	46088437	46571001	130	-0.3028
35eec3c2-ab24-48b6-a148-24df5b94a885	17	46664059	49859954	1617	0.0095
35eec3c2-ab24-48b6-a148-24df5b94a885	17	49861110	49864510	3	-1.379
35eec3c2-ab24-48b6-a148-24df5b94a885	17	49865012	83091923	19879	-0.0012
35eec3c2-ab24-48b6-a148-24df5b94a885	18	48133	13562178	9636	-0.033
35eec3c2-ab24-48b6-a148-24df5b94a885	18	13562984	13564168	2	-1.7716
35eec3c2-ab24-48b6-a148-24df5b94a885	18	13564387	40680506	13056	-0.0438
35eec3c2-ab24-48b6-a148-24df5b94a885	18	40680516	40685425	15	-0.7034
35eec3c2-ab24-48b6-a148-24df5b94a885	18	40688060	51039262	6987	-0.0383
35eec3c2-ab24-48b6-a148-24df5b94a885	18	51039401	51039656	4	2.2896
35eec3c2-ab24-48b6-a148-24df5b94a885	18	51039939	80257174	20778	-0.0532
35eec3c2-ab24-48b6-a148-24df5b94a885	19	90910	33423259	15342	-0.0275
35eec3c2-ab24-48b6-a148-24df5b94a885	19	33423379	41432158	4434	0.0085
35eec3c2-ab24-48b6-a148-24df5b94a885	19	41433049	56605877	8036	-0.0494
35eec3c2-ab24-48b6-a148-24df5b94a885	19	56605884	56607039	3	-1.7833
35eec3c2-ab24-48b6-a148-24df5b94a885	19	56607523	58586487	1214	-0.0556
35eec3c2-ab24-48b6-a148-24df5b94a885	20	80664	1580353	1200	-0.0089
35eec3c2-ab24-48b6-a148-24df5b94a885	20	1580934	1613247	40	1.801
35eec3c2-ab24-48b6-a148-24df5b94a885	20	1617300	54028329	33503	-0.0345
35eec3c2-ab24-48b6-a148-24df5b94a885	20	54031269	54042112	37	-0.6873
35eec3c2-ab24-48b6-a148-24df5b94a885	20	54046035	57001002	2435	-0.0486
35eec3c2-ab24-48b6-a148-24df5b94a885	20	57001251	64180714	4911	-0.0031
35eec3c2-ab24-48b6-a148-24df5b94a885	20	64180735	64265644	66	-0.1723
35eec3c2-ab24-48b6-a148-24df5b94a885	20	64269027	64324800	20	-0.7605
35eec3c2-ab24-48b6-a148-24df5b94a885	21	10354168	20275133	4693	-0.0599
35eec3c2-ab24-48b6-a148-24df5b94a885	21	20276862	20282869	3	-1.5907
35eec3c2-ab24-48b6-a148-24df5b94a885	21	20285360	31960499	8707	-0.0607
35eec3c2-ab24-48b6-a148-24df5b94a885	21	31960965	46677045	10327	-0.0254
35eec3c2-ab24-48b6-a148-24df5b94a885	22	15294547	15315221	2	1.5086
35eec3c2-ab24-48b6-a148-24df5b94a885	22	15324751	17014661	298	-0.0208
35eec3c2-ab24-48b6-a148-24df5b94a885	22	17018144	17018618	2	1.6062
35eec3c2-ab24-48b6-a148-24df5b94a885	22	17019000	18760941	833	-0.0327
35eec3c2-ab24-48b6-a148-24df5b94a885	22	18783014	18818348	2	-1.8027
35eec3c2-ab24-48b6-a148-24df5b94a885	22	18822581	20596277	1024	-0.018
35eec3c2-ab24-48b6-a148-24df5b94a885	22	20598622	20599032	2	-2.9403
35eec3c2-ab24-48b6-a148-24df5b94a885	22	20601876	24685371	2577	0
35eec3c2-ab24-48b6-a148-24df5b94a885	22	24686148	24686567	3	-1.6095
35eec3c2-ab24-48b6-a148-24df5b94a885	22	24691707	48408100	16876	-0.021
35eec3c2-ab24-48b6-a148-24df5b94a885	22	48408535	48408665	2	-1.5287
35eec3c2-ab24-48b6-a148-24df5b94a885	22	48409291	48872888	377	-0.0116
35eec3c2-ab24-48b6-a148-24df5b94a885	22	48874111	48874730	2	-2.2248
35eec3c2-ab24-48b6-a148-24df5b94a885	22	48877479	49432321	554	-0.0331
35eec3c2-ab24-48b6-a148-24df5b94a885	22	49433883	49434011	2	-1.8844
35eec3c2-ab24-48b6-a148-24df5b94a885	22	49434106	50796027	671	-0.0081
35eec3c2-ab24-48b6-a148-24df5b94a885	X	251810	554899	31	0.0287
35eec3c2-ab24-48b6-a148-24df5b94a885	X	555958	53746043	31068	-0.209
35eec3c2-ab24-48b6-a148-24df5b94a885	X	53755908	135122116	39527	0.1292
35eec3c2-ab24-48b6-a148-24df5b94a885	X	135162713	135198101	22	0.8659
35eec3c2-ab24-48b6-a148-24df5b94a885	X	135198448	155952689	12483	0.1147
35eec3c2-ab24-48b6-a148-24df5b94a885	Y	2782397	3117554	150	-2.9804
35eec3c2-ab24-48b6-a148-24df5b94a885	Y	3137227	6167430	599	-2.5993
35eec3c2-ab24-48b6-a148-24df5b94a885	Y	6171310	56872112	5886	-3.0482
