GDC_Aliquot	Chromosome	Start	End	Num_Probes	Segment_Mean
57eca95b-e798-416d-851f-d6b55d7deee9	1	62920	3186748	683	0.0971
57eca95b-e798-416d-851f-d6b55d7deee9	1	3191953	16480031	7943	0.0169
57eca95b-e798-416d-851f-d6b55d7deee9	1	16480430	16935752	126	0.3749
57eca95b-e798-416d-851f-d6b55d7deee9	1	16949746	21496658	3051	0.015
57eca95b-e798-416d-851f-d6b55d7deee9	1	21496799	21500073	6	-0.9474
57eca95b-e798-416d-851f-d6b55d7deee9	1	21501899	72297687	30951	0.0085
57eca95b-e798-416d-851f-d6b55d7deee9	1	72302735	72336821	33	-0.9025
57eca95b-e798-416d-851f-d6b55d7deee9	1	72338895	72340125	5	0.2996
57eca95b-e798-416d-851f-d6b55d7deee9	1	72343036	72345450	9	-0.6834
57eca95b-e798-416d-851f-d6b55d7deee9	1	72345465	75585159	1931	-0.0038
57eca95b-e798-416d-851f-d6b55d7deee9	1	75589078	75589169	2	-2.6762
57eca95b-e798-416d-851f-d6b55d7deee9	1	75593824	105476583	19011	-0.0011
57eca95b-e798-416d-851f-d6b55d7deee9	1	105476614	105479753	16	-2.5626
57eca95b-e798-416d-851f-d6b55d7deee9	1	105481433	112147704	4592	0.011
57eca95b-e798-416d-851f-d6b55d7deee9	1	112153343	112154619	23	-0.4076
57eca95b-e798-416d-851f-d6b55d7deee9	1	112154754	119478588	4647	-0.0043
57eca95b-e798-416d-851f-d6b55d7deee9	1	119478796	146062439	816	0.0744
57eca95b-e798-416d-851f-d6b55d7deee9	1	146150530	146250588	4	0.9219
57eca95b-e798-416d-851f-d6b55d7deee9	1	146716041	147620693	428	0.0818
57eca95b-e798-416d-851f-d6b55d7deee9	1	147623280	152583051	1701	0.0173
57eca95b-e798-416d-851f-d6b55d7deee9	1	152583230	152613762	31	-2.1608
57eca95b-e798-416d-851f-d6b55d7deee9	1	152613802	174827267	15001	0.0044
57eca95b-e798-416d-851f-d6b55d7deee9	1	174827418	174832702	16	-0.7074
57eca95b-e798-416d-851f-d6b55d7deee9	1	174832716	189117215	9528	0.0014
57eca95b-e798-416d-851f-d6b55d7deee9	1	189117724	189117804	2	-1.3526
57eca95b-e798-416d-851f-d6b55d7deee9	1	189117856	193186662	2703	-0.0074
57eca95b-e798-416d-851f-d6b55d7deee9	1	193187149	193187202	3	-1.6048
57eca95b-e798-416d-851f-d6b55d7deee9	1	193187218	196745743	2398	0.0002
57eca95b-e798-416d-851f-d6b55d7deee9	1	196758720	196843400	60	0.4226
57eca95b-e798-416d-851f-d6b55d7deee9	1	196846661	236496605	26858	-0.001
57eca95b-e798-416d-851f-d6b55d7deee9	1	236496641	248475325	8758	-0.0993
57eca95b-e798-416d-851f-d6b55d7deee9	1	248477891	248930189	189	0.0004
57eca95b-e798-416d-851f-d6b55d7deee9	2	12784	27216883	19345	-0.0008
57eca95b-e798-416d-851f-d6b55d7deee9	2	27218434	27218632	3	-1.1515
57eca95b-e798-416d-851f-d6b55d7deee9	2	27219036	34466002	4730	-0.0079
57eca95b-e798-416d-851f-d6b55d7deee9	2	34474248	34512096	47	-2.1149
57eca95b-e798-416d-851f-d6b55d7deee9	2	34512489	35742970	868	0.0018
57eca95b-e798-416d-851f-d6b55d7deee9	2	35750907	35762881	8	1.0683
57eca95b-e798-416d-851f-d6b55d7deee9	2	35772407	52514599	12114	0.005
57eca95b-e798-416d-851f-d6b55d7deee9	2	52516787	52554366	39	0.4206
57eca95b-e798-416d-851f-d6b55d7deee9	2	52554384	90208565	22873	-0.0015
57eca95b-e798-416d-851f-d6b55d7deee9	2	90208949	91672006	20	0.301
57eca95b-e798-416d-851f-d6b55d7deee9	2	91676545	92060082	54	0.6048
57eca95b-e798-416d-851f-d6b55d7deee9	2	92068872	97160480	839	0.0035
57eca95b-e798-416d-851f-d6b55d7deee9	2	97164651	97353860	36	0.301
57eca95b-e798-416d-851f-d6b55d7deee9	2	97354016	106258266	5581	-0.0054
57eca95b-e798-416d-851f-d6b55d7deee9	2	106263639	106268901	12	0.5108
57eca95b-e798-416d-851f-d6b55d7deee9	2	106270799	128880504	13387	-0.0002
57eca95b-e798-416d-851f-d6b55d7deee9	2	128880904	128882723	14	-0.6894
57eca95b-e798-416d-851f-d6b55d7deee9	2	128882741	130026710	869	0.0031
57eca95b-e798-416d-851f-d6b55d7deee9	2	130031187	130241393	42	0.2715
57eca95b-e798-416d-851f-d6b55d7deee9	2	130244595	146104517	9501	0.0026
57eca95b-e798-416d-851f-d6b55d7deee9	2	146106836	146109366	24	0.8742
57eca95b-e798-416d-851f-d6b55d7deee9	2	146120238	181528382	21831	-0.0043
57eca95b-e798-416d-851f-d6b55d7deee9	2	181532148	181538488	2	-1.7453
57eca95b-e798-416d-851f-d6b55d7deee9	2	181539412	194500751	7362	0.0031
57eca95b-e798-416d-851f-d6b55d7deee9	2	194500790	194501360	3	-1.2427
57eca95b-e798-416d-851f-d6b55d7deee9	2	194501795	234718443	25293	-0.0006
57eca95b-e798-416d-851f-d6b55d7deee9	2	234718915	240513539	3838	-0.0412
57eca95b-e798-416d-851f-d6b55d7deee9	2	240513891	242016073	606	-0.0048
57eca95b-e798-416d-851f-d6b55d7deee9	2	242016144	242106609	83	-0.9464
57eca95b-e798-416d-851f-d6b55d7deee9	2	242106874	242147305	8	-0.2829
57eca95b-e798-416d-851f-d6b55d7deee9	3	20930	160351	130	-0.0488
57eca95b-e798-416d-851f-d6b55d7deee9	3	163782	6762097	5827	0.0435
57eca95b-e798-416d-851f-d6b55d7deee9	3	6762114	6763152	2	-1.4414
57eca95b-e798-416d-851f-d6b55d7deee9	3	6763458	27045144	14387	0.0306
57eca95b-e798-416d-851f-d6b55d7deee9	3	27045905	29395914	1572	0.0167
57eca95b-e798-416d-851f-d6b55d7deee9	3	29396150	29397082	5	-1.0588
57eca95b-e798-416d-851f-d6b55d7deee9	3	29397969	37935926	5685	0.0075
57eca95b-e798-416d-851f-d6b55d7deee9	3	37940617	37945437	18	-0.6675
57eca95b-e798-416d-851f-d6b55d7deee9	3	37945615	68697013	20131	0.0067
57eca95b-e798-416d-851f-d6b55d7deee9	3	68697108	68698262	14	-1.8191
57eca95b-e798-416d-851f-d6b55d7deee9	3	68699607	75355012	4862	-0.0083
57eca95b-e798-416d-851f-d6b55d7deee9	3	75357247	75864822	140	0.2385
57eca95b-e798-416d-851f-d6b55d7deee9	3	75868353	84650533	4904	-0.0048
57eca95b-e798-416d-851f-d6b55d7deee9	3	84650607	84653010	14	-0.4858
57eca95b-e798-416d-851f-d6b55d7deee9	3	84653084	99218940	5975	-0.0052
57eca95b-e798-416d-851f-d6b55d7deee9	3	99225614	99232539	40	-0.4498
57eca95b-e798-416d-851f-d6b55d7deee9	3	99232990	100607461	744	-0.0123
57eca95b-e798-416d-851f-d6b55d7deee9	3	100621224	100704757	53	0.5102
57eca95b-e798-416d-851f-d6b55d7deee9	3	100709093	130044855	17899	-0.0013
57eca95b-e798-416d-851f-d6b55d7deee9	3	130047743	130089968	41	0.6236
57eca95b-e798-416d-851f-d6b55d7deee9	3	130092370	136300257	4021	-0.0032
57eca95b-e798-416d-851f-d6b55d7deee9	3	136304109	136306584	2	-3.0683
57eca95b-e798-416d-851f-d6b55d7deee9	3	136319699	145764299	5727	0.0124
57eca95b-e798-416d-851f-d6b55d7deee9	3	145767368	145767435	2	-1.4432
57eca95b-e798-416d-851f-d6b55d7deee9	3	145768292	148595285	1690	0.0045
57eca95b-e798-416d-851f-d6b55d7deee9	3	148595344	148596396	3	-1.0471
57eca95b-e798-416d-851f-d6b55d7deee9	3	148599152	162405578	8534	0.0012
57eca95b-e798-416d-851f-d6b55d7deee9	3	162419812	162424917	14	-0.9117
57eca95b-e798-416d-851f-d6b55d7deee9	3	162426460	162790480	258	0.0038
57eca95b-e798-416d-851f-d6b55d7deee9	3	162794869	162908207	70	0.4548
57eca95b-e798-416d-851f-d6b55d7deee9	3	162908784	189642965	16664	0.0058
57eca95b-e798-416d-851f-d6b55d7deee9	3	189645889	189653199	12	-0.9654
57eca95b-e798-416d-851f-d6b55d7deee9	3	189653225	190538297	654	-0.0151
57eca95b-e798-416d-851f-d6b55d7deee9	3	190542248	190542906	3	-2.0818
57eca95b-e798-416d-851f-d6b55d7deee9	3	190543126	195656271	3331	0.0006
57eca95b-e798-416d-851f-d6b55d7deee9	3	195663809	195747892	43	0.5692
57eca95b-e798-416d-851f-d6b55d7deee9	3	195751823	198169247	1164	0.0522
57eca95b-e798-416d-851f-d6b55d7deee9	4	68929	3612441	1441	0.0271
57eca95b-e798-416d-851f-d6b55d7deee9	4	3622609	3739533	74	0.4757
57eca95b-e798-416d-851f-d6b55d7deee9	4	3742284	3877891	51	-0.0138
57eca95b-e798-416d-851f-d6b55d7deee9	4	3884081	4176082	77	0.2498
57eca95b-e798-416d-851f-d6b55d7deee9	4	4180275	10208489	4051	0.0084
57eca95b-e798-416d-851f-d6b55d7deee9	4	10208518	10244274	47	0.3381
57eca95b-e798-416d-851f-d6b55d7deee9	4	10244648	10389091	162	0.0272
57eca95b-e798-416d-851f-d6b55d7deee9	4	10390730	10399044	16	-0.5665
57eca95b-e798-416d-851f-d6b55d7deee9	4	10401094	34784878	16781	0.0006
57eca95b-e798-416d-851f-d6b55d7deee9	4	34785333	34828250	38	0.6599
57eca95b-e798-416d-851f-d6b55d7deee9	4	34828291	49159741	8962	0.004
57eca95b-e798-416d-851f-d6b55d7deee9	4	49203901	49289338	5	-0.9049
57eca95b-e798-416d-851f-d6b55d7deee9	4	49295203	49654496	16	0.3445
57eca95b-e798-416d-851f-d6b55d7deee9	4	49654578	54631719	1823	-0.0013
57eca95b-e798-416d-851f-d6b55d7deee9	4	54635559	54635754	3	-1.2447
57eca95b-e798-416d-851f-d6b55d7deee9	4	54639193	62804218	5176	0.0048
57eca95b-e798-416d-851f-d6b55d7deee9	4	62804351	62805402	4	0.9282
57eca95b-e798-416d-851f-d6b55d7deee9	4	62805416	63831812	562	-0.0068
57eca95b-e798-416d-851f-d6b55d7deee9	4	63831891	63851308	27	-0.4768
57eca95b-e798-416d-851f-d6b55d7deee9	4	63852325	69254604	3246	-0.0054
57eca95b-e798-416d-851f-d6b55d7deee9	4	69254981	69366081	59	0.3632
57eca95b-e798-416d-851f-d6b55d7deee9	4	69366304	123937586	33090	-0.0124
57eca95b-e798-416d-851f-d6b55d7deee9	4	123937745	123937908	2	-1.681
57eca95b-e798-416d-851f-d6b55d7deee9	4	123938447	172501371	29526	-0.0064
57eca95b-e798-416d-851f-d6b55d7deee9	4	172503796	172507492	7	1.4609
57eca95b-e798-416d-851f-d6b55d7deee9	4	172519981	174153615	922	-0.0076
57eca95b-e798-416d-851f-d6b55d7deee9	4	174154143	174160598	2	-2.5363
57eca95b-e798-416d-851f-d6b55d7deee9	4	174161274	189267889	10558	-0.0023
57eca95b-e798-416d-851f-d6b55d7deee9	4	189273964	189278617	5	1.119
57eca95b-e798-416d-851f-d6b55d7deee9	4	189290117	190106768	349	0.031
57eca95b-e798-416d-851f-d6b55d7deee9	5	15532	731776	319	0.0552
57eca95b-e798-416d-851f-d6b55d7deee9	5	732788	852451	34	0.649
57eca95b-e798-416d-851f-d6b55d7deee9	5	863682	1800744	515	0.065
57eca95b-e798-416d-851f-d6b55d7deee9	5	1801070	8702128	6067	-0.015
57eca95b-e798-416d-851f-d6b55d7deee9	5	8702410	8747030	46	-0.8888
57eca95b-e798-416d-851f-d6b55d7deee9	5	8749619	46251204	23674	0.0003
57eca95b-e798-416d-851f-d6b55d7deee9	5	46270906	46273400	8	1.22
57eca95b-e798-416d-851f-d6b55d7deee9	5	46278110	58036689	5099	-0.0118
57eca95b-e798-416d-851f-d6b55d7deee9	5	58036727	58037688	6	-1.038
57eca95b-e798-416d-851f-d6b55d7deee9	5	58037706	101920213	25378	-0.0061
57eca95b-e798-416d-851f-d6b55d7deee9	5	101925069	101927270	5	-1.3081
57eca95b-e798-416d-851f-d6b55d7deee9	5	101928624	180951710	51480	-0.0032
57eca95b-e798-416d-851f-d6b55d7deee9	5	180951888	180990911	17	0.7394
57eca95b-e798-416d-851f-d6b55d7deee9	5	180991103	181363319	171	0.0155
57eca95b-e798-416d-851f-d6b55d7deee9	6	149661	253861	99	0.0334
57eca95b-e798-416d-851f-d6b55d7deee9	6	254267	254283	2	0.2061
57eca95b-e798-416d-851f-d6b55d7deee9	6	257353	294725	22	0.6708
57eca95b-e798-416d-851f-d6b55d7deee9	6	294837	381149	79	0.2315
57eca95b-e798-416d-851f-d6b55d7deee9	6	382559	23742789	17998	-0.0091
57eca95b-e798-416d-851f-d6b55d7deee9	6	23744444	23745202	2	-2.5204
57eca95b-e798-416d-851f-d6b55d7deee9	6	23747504	29869295	3443	-0.0023
57eca95b-e798-416d-851f-d6b55d7deee9	6	29869410	29881490	16	1.3032
57eca95b-e798-416d-851f-d6b55d7deee9	6	29882419	32486746	1173	0.0456
57eca95b-e798-416d-851f-d6b55d7deee9	6	32488906	32602588	28	1.0703
57eca95b-e798-416d-851f-d6b55d7deee9	6	32605994	32722250	76	0.1164
57eca95b-e798-416d-851f-d6b55d7deee9	6	32723020	32723035	2	-2.1206
57eca95b-e798-416d-851f-d6b55d7deee9	6	32723053	50148989	11013	-0.0002
57eca95b-e798-416d-851f-d6b55d7deee9	6	50149247	50149359	2	-1.6435
57eca95b-e798-416d-851f-d6b55d7deee9	6	50153871	52843972	1717	-0.0078
57eca95b-e798-416d-851f-d6b55d7deee9	6	52844319	52847985	2	-1.1204
57eca95b-e798-416d-851f-d6b55d7deee9	6	52849282	57262824	2850	-0.0013
57eca95b-e798-416d-851f-d6b55d7deee9	6	57263461	61541534	640	0.0967
57eca95b-e798-416d-851f-d6b55d7deee9	6	61542203	73882142	7805	0.0079
57eca95b-e798-416d-851f-d6b55d7deee9	6	73882509	73891694	10	-0.7672
57eca95b-e798-416d-851f-d6b55d7deee9	6	73893839	76305231	1469	-0.0027
57eca95b-e798-416d-851f-d6b55d7deee9	6	76307183	76312261	9	0.6761
57eca95b-e798-416d-851f-d6b55d7deee9	6	76313871	78253172	1286	-0.0083
57eca95b-e798-416d-851f-d6b55d7deee9	6	78259348	78325468	111	-2.463
57eca95b-e798-416d-851f-d6b55d7deee9	6	78329517	129773253	31720	0.0025
57eca95b-e798-416d-851f-d6b55d7deee9	6	129773477	133945130	2850	-0.023
57eca95b-e798-416d-851f-d6b55d7deee9	6	133947933	133948494	2	1.3014
57eca95b-e798-416d-851f-d6b55d7deee9	6	133950934	139968025	4132	-0.0318
57eca95b-e798-416d-851f-d6b55d7deee9	6	139975557	170741917	20942	0.0028
57eca95b-e798-416d-851f-d6b55d7deee9	7	43355	1119423	305	0.1808
57eca95b-e798-416d-851f-d6b55d7deee9	7	1119457	21926501	15354	0.1349
57eca95b-e798-416d-851f-d6b55d7deee9	7	21933589	21939899	3	-1.7935
57eca95b-e798-416d-851f-d6b55d7deee9	7	21941155	26092670	3160	0.1121
57eca95b-e798-416d-851f-d6b55d7deee9	7	26102772	26113274	6	-0.9354
57eca95b-e798-416d-851f-d6b55d7deee9	7	26114490	38239007	8525	0.1313
57eca95b-e798-416d-851f-d6b55d7deee9	7	38239282	38332110	119	0.3969
57eca95b-e798-416d-851f-d6b55d7deee9	7	38338324	53338661	10312	0.1213
57eca95b-e798-416d-851f-d6b55d7deee9	7	53338855	54305455	690	0.1678
57eca95b-e798-416d-851f-d6b55d7deee9	7	54318812	54318824	6	1.5219
57eca95b-e798-416d-851f-d6b55d7deee9	7	54325795	109793720	28433	0.1617
57eca95b-e798-416d-851f-d6b55d7deee9	7	109793728	109813853	37	0.5835
57eca95b-e798-416d-851f-d6b55d7deee9	7	109813925	126405632	10030	0.1636
57eca95b-e798-416d-851f-d6b55d7deee9	7	126405690	126406561	8	-1.6638
57eca95b-e798-416d-851f-d6b55d7deee9	7	126406822	142063324	9925	0.171
57eca95b-e798-416d-851f-d6b55d7deee9	7	142069843	142092307	34	-0.2848
57eca95b-e798-416d-851f-d6b55d7deee9	7	142099190	150603647	5053	0.1721
57eca95b-e798-416d-851f-d6b55d7deee9	7	150603779	150604481	3	-1.6063
57eca95b-e798-416d-851f-d6b55d7deee9	7	150610834	153263213	1558	0.1735
57eca95b-e798-416d-851f-d6b55d7deee9	7	153266600	154083159	593	0.2459
57eca95b-e798-416d-851f-d6b55d7deee9	7	154092910	154594970	412	0.1684
57eca95b-e798-416d-851f-d6b55d7deee9	7	154595415	154612302	11	0.7476
57eca95b-e798-416d-851f-d6b55d7deee9	7	154612449	155172850	563	0.1759
57eca95b-e798-416d-851f-d6b55d7deee9	7	155173669	155175417	15	-0.2366
57eca95b-e798-416d-851f-d6b55d7deee9	7	155176820	159334314	2650	0.1846
57eca95b-e798-416d-851f-d6b55d7deee9	8	81254	644973	323	0.03
57eca95b-e798-416d-851f-d6b55d7deee9	8	645220	645908	8	1.6078
57eca95b-e798-416d-851f-d6b55d7deee9	8	656117	7457163	7425	0.023
57eca95b-e798-416d-851f-d6b55d7deee9	8	7473830	7930163	18	-0.7581
57eca95b-e798-416d-851f-d6b55d7deee9	8	7930192	12092042	3235	0.0155
57eca95b-e798-416d-851f-d6b55d7deee9	8	12130217	12143614	6	-1.1493
57eca95b-e798-416d-851f-d6b55d7deee9	8	12176798	12709141	81	0.2184
57eca95b-e798-416d-851f-d6b55d7deee9	8	12712880	25116928	10368	0.0014
57eca95b-e798-416d-851f-d6b55d7deee9	8	25116961	25126735	25	-0.6533
57eca95b-e798-416d-851f-d6b55d7deee9	8	25126818	39373140	9011	-0.0019
57eca95b-e798-416d-851f-d6b55d7deee9	8	39378084	39529446	59	-2.5383
57eca95b-e798-416d-851f-d6b55d7deee9	8	39530780	40914477	1074	0.005
57eca95b-e798-416d-851f-d6b55d7deee9	8	40920333	40920952	2	-2.052
57eca95b-e798-416d-851f-d6b55d7deee9	8	40926161	140652001	61840	-0.0007
57eca95b-e798-416d-851f-d6b55d7deee9	8	140653786	145072769	1977	0.063
57eca95b-e798-416d-851f-d6b55d7deee9	9	46587	602903	508	0.0125
57eca95b-e798-416d-851f-d6b55d7deee9	9	606699	607307	5	1.1019
57eca95b-e798-416d-851f-d6b55d7deee9	9	607519	16599257	14502	0.0118
57eca95b-e798-416d-851f-d6b55d7deee9	9	16600005	16600336	2	-1.6551
57eca95b-e798-416d-851f-d6b55d7deee9	9	16603485	22492890	4807	-0.0077
57eca95b-e798-416d-851f-d6b55d7deee9	9	22501914	22502700	2	-3.7908
57eca95b-e798-416d-851f-d6b55d7deee9	9	22509341	23361807	581	-0.004
57eca95b-e798-416d-851f-d6b55d7deee9	9	23363117	23373486	8	-2.474
57eca95b-e798-416d-851f-d6b55d7deee9	9	23378490	27236646	2799	0.0049
57eca95b-e798-416d-851f-d6b55d7deee9	9	27248179	27248646	5	-0.9873
57eca95b-e798-416d-851f-d6b55d7deee9	9	27248729	39588611	7939	0.0081
57eca95b-e798-416d-851f-d6b55d7deee9	9	39747848	68421022	418	0.2102
57eca95b-e798-416d-851f-d6b55d7deee9	9	68423153	135319522	46774	0.0027
57eca95b-e798-416d-851f-d6b55d7deee9	9	135322259	135323776	2	-1.8392
57eca95b-e798-416d-851f-d6b55d7deee9	9	135324566	138200944	1110	0.0281
57eca95b-e798-416d-851f-d6b55d7deee9	10	45792	1292440	728	0.0449
57eca95b-e798-416d-851f-d6b55d7deee9	10	1295296	24942981	19059	-0.011
57eca95b-e798-416d-851f-d6b55d7deee9	10	24945310	25899217	694	0.0249
57eca95b-e798-416d-851f-d6b55d7deee9	10	25901593	25902310	4	-1.6007
57eca95b-e798-416d-851f-d6b55d7deee9	10	25904499	50062639	12911	-0.0037
57eca95b-e798-416d-851f-d6b55d7deee9	10	50070600	50132160	5	-1.9653
57eca95b-e798-416d-851f-d6b55d7deee9	10	50150838	65546518	10999	0.0075
57eca95b-e798-416d-851f-d6b55d7deee9	10	65548165	65554688	28	-2.0073
57eca95b-e798-416d-851f-d6b55d7deee9	10	65563037	76493093	6779	-0.0062
57eca95b-e798-416d-851f-d6b55d7deee9	10	76497303	76497852	2	-1.4054
57eca95b-e798-416d-851f-d6b55d7deee9	10	76501509	79624118	2442	0.0093
57eca95b-e798-416d-851f-d6b55d7deee9	10	79624128	79625643	3	-2.3828
57eca95b-e798-416d-851f-d6b55d7deee9	10	79625693	87269486	5208	0.0043
57eca95b-e798-416d-851f-d6b55d7deee9	10	87278584	87353136	14	-0.7563
57eca95b-e798-416d-851f-d6b55d7deee9	10	87357543	122574497	23840	-0.0114
57eca95b-e798-416d-851f-d6b55d7deee9	10	122584593	122591497	6	-1.1693
57eca95b-e798-416d-851f-d6b55d7deee9	10	122597296	133654968	7899	-0.0102
57eca95b-e798-416d-851f-d6b55d7deee9	11	198510	1623210	483	0.0909
57eca95b-e798-416d-851f-d6b55d7deee9	11	1623675	1627418	5	-0.8886
57eca95b-e798-416d-851f-d6b55d7deee9	11	1628657	4217176	1248	0.0996
57eca95b-e798-416d-851f-d6b55d7deee9	11	4217824	4286769	21	0.6114
57eca95b-e798-416d-851f-d6b55d7deee9	11	4298482	4705210	388	0.0672
57eca95b-e798-416d-851f-d6b55d7deee9	11	4705388	4705661	5	-2.5403
57eca95b-e798-416d-851f-d6b55d7deee9	11	4707904	4946166	267	0.0887
57eca95b-e798-416d-851f-d6b55d7deee9	11	4946420	4955042	31	0.8716
57eca95b-e798-416d-851f-d6b55d7deee9	11	4955781	5766175	785	0.0633
57eca95b-e798-416d-851f-d6b55d7deee9	11	5766850	5776398	15	-0.4291
57eca95b-e798-416d-851f-d6b55d7deee9	11	5776416	5787909	17	-0.8739
57eca95b-e798-416d-851f-d6b55d7deee9	11	5788108	16615776	7872	0.0783
57eca95b-e798-416d-851f-d6b55d7deee9	11	16615915	16616495	5	-1.4078
57eca95b-e798-416d-851f-d6b55d7deee9	11	16624541	24996536	6358	0.0702
57eca95b-e798-416d-851f-d6b55d7deee9	11	24996852	40415660	10699	0.0025
57eca95b-e798-416d-851f-d6b55d7deee9	11	40418104	40425977	3	-1.0585
57eca95b-e798-416d-851f-d6b55d7deee9	11	40426329	48608638	5099	0.0024
57eca95b-e798-416d-851f-d6b55d7deee9	11	48611427	48744363	47	0.2505
57eca95b-e798-416d-851f-d6b55d7deee9	11	48744434	50692396	732	0.0244
57eca95b-e798-416d-851f-d6b55d7deee9	11	50699618	50791553	9	0.6688
57eca95b-e798-416d-851f-d6b55d7deee9	11	50792187	54743970	87	0.0796
57eca95b-e798-416d-851f-d6b55d7deee9	11	54762035	54766290	3	-1.9873
57eca95b-e798-416d-851f-d6b55d7deee9	11	54782119	55608804	293	0.0984
57eca95b-e798-416d-851f-d6b55d7deee9	11	55609022	55685533	51	-0.4549
57eca95b-e798-416d-851f-d6b55d7deee9	11	55686100	62273047	3947	-0.0006
57eca95b-e798-416d-851f-d6b55d7deee9	11	62273321	62275702	2	1.3122
57eca95b-e798-416d-851f-d6b55d7deee9	11	62280495	62357273	44	0.0391
57eca95b-e798-416d-851f-d6b55d7deee9	11	62359224	62363545	3	0.8317
57eca95b-e798-416d-851f-d6b55d7deee9	11	62364604	67670386	2206	0.0225
57eca95b-e798-416d-851f-d6b55d7deee9	11	67673624	68001326	92	0.2164
57eca95b-e798-416d-851f-d6b55d7deee9	11	68002597	86174626	11136	0.0029
57eca95b-e798-416d-851f-d6b55d7deee9	11	86174642	86187779	20	-0.822
57eca95b-e798-416d-851f-d6b55d7deee9	11	86188770	87952696	1275	-0.0168
57eca95b-e798-416d-851f-d6b55d7deee9	11	87952896	87953230	2	1.462
57eca95b-e798-416d-851f-d6b55d7deee9	11	87954636	134445605	33028	0.0006
57eca95b-e798-416d-851f-d6b55d7deee9	11	134446189	135074876	512	0.0495
57eca95b-e798-416d-851f-d6b55d7deee9	12	51460	760032	419	0.0592
57eca95b-e798-416d-851f-d6b55d7deee9	12	760097	764863	16	-0.8814
57eca95b-e798-416d-851f-d6b55d7deee9	12	766188	6727376	4395	0.0103
57eca95b-e798-416d-851f-d6b55d7deee9	12	6727686	6728477	2	-1.3754
57eca95b-e798-416d-851f-d6b55d7deee9	12	6731522	8354585	748	0.0131
57eca95b-e798-416d-851f-d6b55d7deee9	12	8354649	8428347	33	0.3749
57eca95b-e798-416d-851f-d6b55d7deee9	12	8432076	11068125	1619	0.0003
57eca95b-e798-416d-851f-d6b55d7deee9	12	11070111	11078856	4	-0.6523
57eca95b-e798-416d-851f-d6b55d7deee9	12	11080319	11088933	5	-1.742
57eca95b-e798-416d-851f-d6b55d7deee9	12	11099275	24979654	9448	-0.0072
57eca95b-e798-416d-851f-d6b55d7deee9	12	24979804	24981058	2	-1.3961
57eca95b-e798-416d-851f-d6b55d7deee9	12	24982820	33141726	6083	-0.0117
57eca95b-e798-416d-851f-d6b55d7deee9	12	33148472	33155608	32	-0.5247
57eca95b-e798-416d-851f-d6b55d7deee9	12	33155655	34077549	563	0.0259
57eca95b-e798-416d-851f-d6b55d7deee9	12	34078005	34087056	5	-0.7083
57eca95b-e798-416d-851f-d6b55d7deee9	12	34089073	37687479	272	0.0669
57eca95b-e798-416d-851f-d6b55d7deee9	12	37687480	37825975	25	0.3674
57eca95b-e798-416d-851f-d6b55d7deee9	12	37875038	39835220	972	-0.0003
57eca95b-e798-416d-851f-d6b55d7deee9	12	39835680	45510655	3740	-0.1788
57eca95b-e798-416d-851f-d6b55d7deee9	12	45512057	45515754	3	-2.4106
57eca95b-e798-416d-851f-d6b55d7deee9	12	45519509	54214012	4971	-0.1652
57eca95b-e798-416d-851f-d6b55d7deee9	12	54218990	133201603	51444	-0.0169
57eca95b-e798-416d-851f-d6b55d7deee9	13	18452809	25005786	4355	0.0025
57eca95b-e798-416d-851f-d6b55d7deee9	13	25006494	25007627	2	-1.2304
57eca95b-e798-416d-851f-d6b55d7deee9	13	25014988	37497899	9122	-0.0089
57eca95b-e798-416d-851f-d6b55d7deee9	13	37498087	37504215	8	-0.697
57eca95b-e798-416d-851f-d6b55d7deee9	13	37504282	45298337	5438	-0.0056
57eca95b-e798-416d-851f-d6b55d7deee9	13	45303611	54896921	5955	-0.0836
57eca95b-e798-416d-851f-d6b55d7deee9	13	54899559	54899597	2	-2.5236
57eca95b-e798-416d-851f-d6b55d7deee9	13	54899667	63650072	4960	-0.0824
57eca95b-e798-416d-851f-d6b55d7deee9	13	63650659	63662559	9	-0.8041
57eca95b-e798-416d-851f-d6b55d7deee9	13	63665430	69720832	3773	-0.0759
57eca95b-e798-416d-851f-d6b55d7deee9	13	69723300	71902850	1407	-0.0143
57eca95b-e798-416d-851f-d6b55d7deee9	13	71903417	71906418	4	1.1417
57eca95b-e798-416d-851f-d6b55d7deee9	13	71906467	114342922	29076	0.0009
57eca95b-e798-416d-851f-d6b55d7deee9	14	18239283	19185951	39	0.1396
57eca95b-e798-416d-851f-d6b55d7deee9	14	19197351	19964942	142	-0.3294
57eca95b-e798-416d-851f-d6b55d7deee9	14	19966784	21911829	1304	0.0063
57eca95b-e798-416d-851f-d6b55d7deee9	14	21912366	22560975	595	0.1664
57eca95b-e798-416d-851f-d6b55d7deee9	14	22563170	41138326	11679	0.0061
57eca95b-e798-416d-851f-d6b55d7deee9	14	41138431	41207158	20	-0.5298
57eca95b-e798-416d-851f-d6b55d7deee9	14	41207293	63300268	14003	0.002
57eca95b-e798-416d-851f-d6b55d7deee9	14	63308331	63399207	75	0.5964
57eca95b-e798-416d-851f-d6b55d7deee9	14	63399772	106416146	27279	-0.0109
57eca95b-e798-416d-851f-d6b55d7deee9	14	106418444	106462183	49	-0.5086
57eca95b-e798-416d-851f-d6b55d7deee9	14	106462724	106877229	195	0.01
57eca95b-e798-416d-851f-d6b55d7deee9	15	19811075	20060725	52	0.0966
57eca95b-e798-416d-851f-d6b55d7deee9	15	20062609	22005276	128	0.4467
57eca95b-e798-416d-851f-d6b55d7deee9	15	22227530	24758867	1216	0.031
57eca95b-e798-416d-851f-d6b55d7deee9	15	24762257	27845741	2321	-0.0112
57eca95b-e798-416d-851f-d6b55d7deee9	15	27846144	30156392	1114	0.0546
57eca95b-e798-416d-851f-d6b55d7deee9	15	30157841	30621384	35	-0.37
57eca95b-e798-416d-851f-d6b55d7deee9	15	30628421	31049361	213	-0.8187
57eca95b-e798-416d-851f-d6b55d7deee9	15	31050541	31051683	4	-5.0834
57eca95b-e798-416d-851f-d6b55d7deee9	15	31051739	32220019	824	-0.8934
57eca95b-e798-416d-851f-d6b55d7deee9	15	32239115	32567657	22	0.0729
57eca95b-e798-416d-851f-d6b55d7deee9	15	32584630	32584783	2	-1.618
57eca95b-e798-416d-851f-d6b55d7deee9	15	32610782	76586021	27962	-0.0021
57eca95b-e798-416d-851f-d6b55d7deee9	15	76598900	76603434	22	1.0332
57eca95b-e798-416d-851f-d6b55d7deee9	15	76609838	81480027	3122	0.0079
57eca95b-e798-416d-851f-d6b55d7deee9	15	81482216	81487551	5	-1.1257
57eca95b-e798-416d-851f-d6b55d7deee9	15	81489579	101928837	14476	0.0035
57eca95b-e798-416d-851f-d6b55d7deee9	16	10777	14652868	11079	0.0125
57eca95b-e798-416d-851f-d6b55d7deee9	16	14653245	17489155	1243	0.0872
57eca95b-e798-416d-851f-d6b55d7deee9	16	17489736	21352501	2053	0.0219
57eca95b-e798-416d-851f-d6b55d7deee9	16	21356685	22766456	524	0.1014
57eca95b-e798-416d-851f-d6b55d7deee9	16	22768255	28879550	4013	-0.0091
57eca95b-e798-416d-851f-d6b55d7deee9	16	28884591	35910712	1538	0.0542
57eca95b-e798-416d-851f-d6b55d7deee9	16	35911977	78337711	20763	-0.0024
57eca95b-e798-416d-851f-d6b55d7deee9	16	78338543	78347366	14	-2.5159
57eca95b-e798-416d-851f-d6b55d7deee9	16	78349243	90096867	10618	0.0127
57eca95b-e798-416d-851f-d6b55d7deee9	17	150733	5536928	2840	0.0387
57eca95b-e798-416d-851f-d6b55d7deee9	17	5538605	14456921	6249	-0.009
57eca95b-e798-416d-851f-d6b55d7deee9	17	14458535	46114412	14255	0.0212
57eca95b-e798-416d-851f-d6b55d7deee9	17	46117997	46286804	105	-0.3129
57eca95b-e798-416d-851f-d6b55d7deee9	17	46323701	73837862	16813	0.0076
57eca95b-e798-416d-851f-d6b55d7deee9	17	73837982	83091923	4752	0.0389
57eca95b-e798-416d-851f-d6b55d7deee9	18	48133	78900693	50011	-0.0015
57eca95b-e798-416d-851f-d6b55d7deee9	18	78902714	78910843	8	-0.8312
57eca95b-e798-416d-851f-d6b55d7deee9	18	78910898	80257174	701	0.0213
57eca95b-e798-416d-851f-d6b55d7deee9	19	90910	8991804	3300	0.0143
57eca95b-e798-416d-851f-d6b55d7deee9	19	8994223	8997567	8	-1.2113
57eca95b-e798-416d-851f-d6b55d7deee9	19	8997889	9163124	76	-0.0001
57eca95b-e798-416d-851f-d6b55d7deee9	19	9163996	9167445	5	-1.0803
57eca95b-e798-416d-851f-d6b55d7deee9	19	9174084	19657507	5080	0.0081
57eca95b-e798-416d-851f-d6b55d7deee9	19	19657665	22450363	1601	0.0728
57eca95b-e798-416d-851f-d6b55d7deee9	19	22450959	24055951	936	0.0054
57eca95b-e798-416d-851f-d6b55d7deee9	19	24056986	27550922	184	0.1298
57eca95b-e798-416d-851f-d6b55d7deee9	19	27578093	35358420	5509	-0.0105
57eca95b-e798-416d-851f-d6b55d7deee9	19	35364451	35370946	21	-0.5016
57eca95b-e798-416d-851f-d6b55d7deee9	19	35375842	42709707	3659	0.0108
57eca95b-e798-416d-851f-d6b55d7deee9	19	42711176	43263109	228	0.1419
57eca95b-e798-416d-851f-d6b55d7deee9	19	43265681	44401739	742	0.0073
57eca95b-e798-416d-851f-d6b55d7deee9	19	44402359	44402382	2	-1.5684
57eca95b-e798-416d-851f-d6b55d7deee9	19	44402845	51414481	3217	0.0148
57eca95b-e798-416d-851f-d6b55d7deee9	19	51420109	54215136	1921	-0.1043
57eca95b-e798-416d-851f-d6b55d7deee9	19	54226329	54237443	16	-0.7855
57eca95b-e798-416d-851f-d6b55d7deee9	19	54249482	55766684	744	-0.1178
57eca95b-e798-416d-851f-d6b55d7deee9	19	55770704	55774927	6	0.9018
57eca95b-e798-416d-851f-d6b55d7deee9	19	55777575	58586487	1835	-0.1239
57eca95b-e798-416d-851f-d6b55d7deee9	20	80664	1571811	1182	0.0462
57eca95b-e798-416d-851f-d6b55d7deee9	20	1576544	1580353	21	-0.6259
57eca95b-e798-416d-851f-d6b55d7deee9	20	1580934	1617300	42	1.3494
57eca95b-e798-416d-851f-d6b55d7deee9	20	1617460	14812166	9925	0.0148
57eca95b-e798-416d-851f-d6b55d7deee9	20	14812188	14812192	2	-2.0228
57eca95b-e798-416d-851f-d6b55d7deee9	20	14812769	26229118	8803	-0.0003
57eca95b-e798-416d-851f-d6b55d7deee9	20	26229816	31256170	92	0.1952
57eca95b-e798-416d-851f-d6b55d7deee9	20	31258478	64324800	22301	0.0082
57eca95b-e798-416d-851f-d6b55d7deee9	21	10354168	36557014	16709	-0.0005
57eca95b-e798-416d-851f-d6b55d7deee9	21	36557831	36558060	2	-1.611
57eca95b-e798-416d-851f-d6b55d7deee9	21	36560880	46677045	7141	0.0173
57eca95b-e798-416d-851f-d6b55d7deee9	22	15294547	18620743	1132	0.0259
57eca95b-e798-416d-851f-d6b55d7deee9	22	18649244	18818348	5	1.8666
57eca95b-e798-416d-851f-d6b55d7deee9	22	18822581	24510916	3537	0.0866
57eca95b-e798-416d-851f-d6b55d7deee9	22	24511115	24685371	75	0.0207
57eca95b-e798-416d-851f-d6b55d7deee9	22	24686148	24686567	3	-1.2124
57eca95b-e798-416d-851f-d6b55d7deee9	22	24691707	38967614	10481	0.0149
57eca95b-e798-416d-851f-d6b55d7deee9	22	38967679	38979302	23	-0.5253
57eca95b-e798-416d-851f-d6b55d7deee9	22	38993700	44734586	3540	0.0079
57eca95b-e798-416d-851f-d6b55d7deee9	22	44737460	44740755	4	-0.9125
57eca95b-e798-416d-851f-d6b55d7deee9	22	44741026	49142172	3505	0.0115
57eca95b-e798-416d-851f-d6b55d7deee9	22	49142358	50796027	962	0.0811
57eca95b-e798-416d-851f-d6b55d7deee9	X	251810	32529949	20033	0.0172
57eca95b-e798-416d-851f-d6b55d7deee9	X	32530331	32530849	2	-5.1511
57eca95b-e798-416d-851f-d6b55d7deee9	X	32531232	124187874	44818	0.013
57eca95b-e798-416d-851f-d6b55d7deee9	X	124188856	124190200	4	-3.9264
57eca95b-e798-416d-851f-d6b55d7deee9	X	124190570	125348925	715	0.0096
57eca95b-e798-416d-851f-d6b55d7deee9	X	125355824	125356256	3	-3.3308
57eca95b-e798-416d-851f-d6b55d7deee9	X	125356308	140414245	8330	0.015
57eca95b-e798-416d-851f-d6b55d7deee9	X	140414852	140419029	5	-4.135
57eca95b-e798-416d-851f-d6b55d7deee9	X	140422569	155952689	9451	0.02
57eca95b-e798-416d-851f-d6b55d7deee9	Y	2782397	21853802	6330	-0.9692
57eca95b-e798-416d-851f-d6b55d7deee9	Y	21857414	22197200	10	-0.1236
57eca95b-e798-416d-851f-d6b55d7deee9	Y	22213784	56872112	294	-0.9546
