GDC_Aliquot	Chromosome	Start	End	Num_Probes	Segment_Mean
12382955-0968-4940-ada0-3c95f30552b3	1	62920	953279	64	-0.0492
12382955-0968-4940-ada0-3c95f30552b3	1	965731	3196415	625	0.1425
12382955-0968-4940-ada0-3c95f30552b3	1	3198388	10610834	4663	0.0048
12382955-0968-4940-ada0-3c95f30552b3	1	10611363	10619664	3	-1.3911
12382955-0968-4940-ada0-3c95f30552b3	1	10621749	16569132	3288	0.0022
12382955-0968-4940-ada0-3c95f30552b3	1	16570326	16949746	110	-0.2932
12382955-0968-4940-ada0-3c95f30552b3	1	16951445	25266637	5260	0.0072
12382955-0968-4940-ada0-3c95f30552b3	1	25269390	25320455	23	0.6553
12382955-0968-4940-ada0-3c95f30552b3	1	25336819	109690352	52375	0.0041
12382955-0968-4940-ada0-3c95f30552b3	1	109690415	109697556	12	1.1859
12382955-0968-4940-ada0-3c95f30552b3	1	109702376	112147704	1945	0.0041
12382955-0968-4940-ada0-3c95f30552b3	1	112153343	112154768	25	0.5822
12382955-0968-4940-ada0-3c95f30552b3	1	112163334	112163583	11	0.204
12382955-0968-4940-ada0-3c95f30552b3	1	112163591	145837994	5363	0.0021
12382955-0968-4940-ada0-3c95f30552b3	1	145845138	146150530	93	0.1493
12382955-0968-4940-ada0-3c95f30552b3	1	146161924	146174153	2	-1.2296
12382955-0968-4940-ada0-3c95f30552b3	1	146250588	152583230	2131	0.0267
12382955-0968-4940-ada0-3c95f30552b3	1	152583291	152613762	30	-1.3595
12382955-0968-4940-ada0-3c95f30552b3	1	152613802	152787202	170	-0.0259
12382955-0968-4940-ada0-3c95f30552b3	1	152789447	152796224	37	-1.2704
12382955-0968-4940-ada0-3c95f30552b3	1	152801429	174827267	14805	0.0066
12382955-0968-4940-ada0-3c95f30552b3	1	174827418	174832702	16	-0.6231
12382955-0968-4940-ada0-3c95f30552b3	1	174832716	179446397	3132	0.005
12382955-0968-4940-ada0-3c95f30552b3	1	179446866	179447508	2	-1.257
12382955-0968-4940-ada0-3c95f30552b3	1	179449855	189308416	6523	0.0048
12382955-0968-4940-ada0-3c95f30552b3	1	189309274	189661010	229	0.1189
12382955-0968-4940-ada0-3c95f30552b3	1	189661154	194479104	3300	0.0091
12382955-0968-4940-ada0-3c95f30552b3	1	194482281	194485888	2	1.7361
12382955-0968-4940-ada0-3c95f30552b3	1	194487886	196745743	1450	0.0061
12382955-0968-4940-ada0-3c95f30552b3	1	196758720	196832525	57	-0.3922
12382955-0968-4940-ada0-3c95f30552b3	1	196832720	248930189	35804	0.0074
12382955-0968-4940-ada0-3c95f30552b3	2	12784	34466002	24080	0.0037
12382955-0968-4940-ada0-3c95f30552b3	2	34474248	34511990	46	0.4063
12382955-0968-4940-ada0-3c95f30552b3	2	34512096	52531630	13006	0.0049
12382955-0968-4940-ada0-3c95f30552b3	2	52531652	52554366	29	0.3732
12382955-0968-4940-ada0-3c95f30552b3	2	52554384	57182700	3389	0.0019
12382955-0968-4940-ada0-3c95f30552b3	2	57186947	57187976	12	-0.5066
12382955-0968-4940-ada0-3c95f30552b3	2	57199415	64133299	3963	-0.0079
12382955-0968-4940-ada0-3c95f30552b3	2	64137038	64308147	130	0.1516
12382955-0968-4940-ada0-3c95f30552b3	2	64308925	87211079	14531	0.0028
12382955-0968-4940-ada0-3c95f30552b3	2	87218694	87218834	2	-1.3786
12382955-0968-4940-ada0-3c95f30552b3	2	87221597	87516129	59	-0.0275
12382955-0968-4940-ada0-3c95f30552b3	2	87516162	87528459	7	-0.8184
12382955-0968-4940-ada0-3c95f30552b3	2	87542032	97164886	1716	-0.0047
12382955-0968-4940-ada0-3c95f30552b3	2	97168345	97211436	25	-0.4185
12382955-0968-4940-ada0-3c95f30552b3	2	97310327	113604438	9376	0.0088
12382955-0968-4940-ada0-3c95f30552b3	2	113604837	113604839	2	-1.6148
12382955-0968-4940-ada0-3c95f30552b3	2	113623244	131315200	10854	0.0006
12382955-0968-4940-ada0-3c95f30552b3	2	131326276	131338866	8	-1.0984
12382955-0968-4940-ada0-3c95f30552b3	2	131339746	148257979	10288	-0.0026
12382955-0968-4940-ada0-3c95f30552b3	2	148258135	148258317	2	-1.2904
12382955-0968-4940-ada0-3c95f30552b3	2	148263941	194889133	28315	0.0009
12382955-0968-4940-ada0-3c95f30552b3	2	194890789	194891492	2	1.6335
12382955-0968-4940-ada0-3c95f30552b3	2	194892181	242147305	29621	-0.001
12382955-0968-4940-ada0-3c95f30552b3	3	20930	6604856	5817	0.0169
12382955-0968-4940-ada0-3c95f30552b3	3	6609441	6613684	26	-0.5067
12382955-0968-4940-ada0-3c95f30552b3	3	6613728	68697013	41932	0.0041
12382955-0968-4940-ada0-3c95f30552b3	3	68697108	68699607	15	0.8716
12382955-0968-4940-ada0-3c95f30552b3	3	68699635	75458243	4903	0.0057
12382955-0968-4940-ada0-3c95f30552b3	3	75458741	75770101	73	-0.2053
12382955-0968-4940-ada0-3c95f30552b3	3	75773308	84053071	4629	0.0112
12382955-0968-4940-ada0-3c95f30552b3	3	84056282	84057015	2	-2.4644
12382955-0968-4940-ada0-3c95f30552b3	3	84061816	89337896	3014	0.0058
12382955-0968-4940-ada0-3c95f30552b3	3	89337951	89345576	8	-0.5438
12382955-0968-4940-ada0-3c95f30552b3	3	89345592	89355967	5	0.1262
12382955-0968-4940-ada0-3c95f30552b3	3	89356604	89370231	39	-0.6522
12382955-0968-4940-ada0-3c95f30552b3	3	89370771	162807070	42293	0.0033
12382955-0968-4940-ada0-3c95f30552b3	3	162810842	162822702	10	-0.6235
12382955-0968-4940-ada0-3c95f30552b3	3	162827928	162908207	48	0.4973
12382955-0968-4940-ada0-3c95f30552b3	3	162908784	193162684	19170	0.0104
12382955-0968-4940-ada0-3c95f30552b3	3	193162798	193168646	13	-0.5057
12382955-0968-4940-ada0-3c95f30552b3	3	193168669	195691392	1489	0.0095
12382955-0968-4940-ada0-3c95f30552b3	3	195695418	195715711	15	-0.4121
12382955-0968-4940-ada0-3c95f30552b3	3	195719726	195795450	39	0.0025
12382955-0968-4940-ada0-3c95f30552b3	3	195799712	195926009	57	0.2413
12382955-0968-4940-ada0-3c95f30552b3	3	195926102	198169247	1093	0.0358
12382955-0968-4940-ada0-3c95f30552b3	4	68929	426875	151	0.0208
12382955-0968-4940-ada0-3c95f30552b3	4	427297	1058451	203	0.1659
12382955-0968-4940-ada0-3c95f30552b3	4	1058613	1157333	68	-0.0301
12382955-0968-4940-ada0-3c95f30552b3	4	1159440	1617184	127	0.1425
12382955-0968-4940-ada0-3c95f30552b3	4	1617307	9469529	4615	-0.0083
12382955-0968-4940-ada0-3c95f30552b3	4	9477560	9477699	2	2.1804
12382955-0968-4940-ada0-3c95f30552b3	4	9484440	10212536	540	0.0172
12382955-0968-4940-ada0-3c95f30552b3	4	10221792	10234518	36	0.3675
12382955-0968-4940-ada0-3c95f30552b3	4	10236812	10389091	170	0.0201
12382955-0968-4940-ada0-3c95f30552b3	4	10390730	10399044	16	-0.4727
12382955-0968-4940-ada0-3c95f30552b3	4	10401094	40701994	20700	0.0035
12382955-0968-4940-ada0-3c95f30552b3	4	40702128	40702175	2	-1.321
12382955-0968-4940-ada0-3c95f30552b3	4	40702670	49204422	5089	0.0095
12382955-0968-4940-ada0-3c95f30552b3	4	49214614	49654578	20	-0.7998
12382955-0968-4940-ada0-3c95f30552b3	4	49656206	63828222	7564	-0.0012
12382955-0968-4940-ada0-3c95f30552b3	4	63831751	63857475	34	0.2991
12382955-0968-4940-ada0-3c95f30552b3	4	63859786	68389352	2846	0.0171
12382955-0968-4940-ada0-3c95f30552b3	4	68391041	68472744	16	0.254
12382955-0968-4940-ada0-3c95f30552b3	4	68472846	68620261	70	-0.2377
12382955-0968-4940-ada0-3c95f30552b3	4	68623617	69523998	478	0.0268
12382955-0968-4940-ada0-3c95f30552b3	4	69524143	69525061	2	-1.6029
12382955-0968-4940-ada0-3c95f30552b3	4	69526170	72550201	1751	0.0023
12382955-0968-4940-ada0-3c95f30552b3	4	72553717	72555121	3	-1.175
12382955-0968-4940-ada0-3c95f30552b3	4	72555244	107583477	21339	0.002
12382955-0968-4940-ada0-3c95f30552b3	4	107587491	107588658	2	-1.3354
12382955-0968-4940-ada0-3c95f30552b3	4	107588998	114252456	4114	0.0056
12382955-0968-4940-ada0-3c95f30552b3	4	114252472	114261019	26	0.5259
12382955-0968-4940-ada0-3c95f30552b3	4	114263073	156046936	24878	0.0042
12382955-0968-4940-ada0-3c95f30552b3	4	156047028	156052053	14	-0.7084
12382955-0968-4940-ada0-3c95f30552b3	4	156053545	160958989	3064	-0.0009
12382955-0968-4940-ada0-3c95f30552b3	4	160959045	160963448	17	-2.0577
12382955-0968-4940-ada0-3c95f30552b3	4	160963756	171448195	6664	0.0063
12382955-0968-4940-ada0-3c95f30552b3	4	171453733	171456559	10	1.8787
12382955-0968-4940-ada0-3c95f30552b3	4	171456573	172068149	403	-0.0208
12382955-0968-4940-ada0-3c95f30552b3	4	172068222	172068382	8	0.8417
12382955-0968-4940-ada0-3c95f30552b3	4	172074828	188095961	10810	0.0154
12382955-0968-4940-ada0-3c95f30552b3	4	188096963	189543103	1078	0.0844
12382955-0968-4940-ada0-3c95f30552b3	4	189550263	190106768	186	-0.0881
12382955-0968-4940-ada0-3c95f30552b3	5	15532	17827436	13525	0.0122
12382955-0968-4940-ada0-3c95f30552b3	5	17828029	17829678	4	-1.6444
12382955-0968-4940-ada0-3c95f30552b3	5	17833550	45939938	17073	0.0102
12382955-0968-4940-ada0-3c95f30552b3	5	45953598	50224178	96	-0.2589
12382955-0968-4940-ada0-3c95f30552b3	5	50225079	176033084	79437	0.0031
12382955-0968-4940-ada0-3c95f30552b3	5	176038686	176042504	2	-2.5403
12382955-0968-4940-ada0-3c95f30552b3	5	176043321	176050177	3	-0.5222
12382955-0968-4940-ada0-3c95f30552b3	5	176097194	177724103	714	0.0396
12382955-0968-4940-ada0-3c95f30552b3	5	177730398	177771448	5	-0.6875
12382955-0968-4940-ada0-3c95f30552b3	5	177800550	177805604	3	1.9119
12382955-0968-4940-ada0-3c95f30552b3	5	177827964	180947523	1793	0.0069
12382955-0968-4940-ada0-3c95f30552b3	5	180951710	181006225	20	0.5621
12382955-0968-4940-ada0-3c95f30552b3	5	181006264	181363319	169	0.0582
12382955-0968-4940-ada0-3c95f30552b3	6	149661	303017	126	-0.0213
12382955-0968-4940-ada0-3c95f30552b3	6	303121	404632	97	0.2007
12382955-0968-4940-ada0-3c95f30552b3	6	404783	12718145	9824	0.005
12382955-0968-4940-ada0-3c95f30552b3	6	12718269	12718894	2	-1.4293
12382955-0968-4940-ada0-3c95f30552b3	6	12719160	29869295	11600	0.011
12382955-0968-4940-ada0-3c95f30552b3	6	29869410	29881490	16	-0.8955
12382955-0968-4940-ada0-3c95f30552b3	6	29882419	31318528	665	0.0375
12382955-0968-4940-ada0-3c95f30552b3	6	31318754	31328674	9	-1.3539
12382955-0968-4940-ada0-3c95f30552b3	6	31342147	32656527	558	0.0618
12382955-0968-4940-ada0-3c95f30552b3	6	32656814	32658160	4	-1.1555
12382955-0968-4940-ada0-3c95f30552b3	6	32658841	33970029	800	0.0167
12382955-0968-4940-ada0-3c95f30552b3	6	33970222	33974928	8	-0.9079
12382955-0968-4940-ada0-3c95f30552b3	6	33976809	34164831	122	0.0084
12382955-0968-4940-ada0-3c95f30552b3	6	34166743	34167087	2	-1.087
12382955-0968-4940-ada0-3c95f30552b3	6	34169875	53636960	12406	0.0015
12382955-0968-4940-ada0-3c95f30552b3	6	53637840	53638895	4	-0.8873
12382955-0968-4940-ada0-3c95f30552b3	6	53639263	54066269	355	0.0024
12382955-0968-4940-ada0-3c95f30552b3	6	54066286	54067057	8	0.8841
12382955-0968-4940-ada0-3c95f30552b3	6	54070550	76726815	12166	0.0038
12382955-0968-4940-ada0-3c95f30552b3	6	76730151	76758921	27	0.4019
12382955-0968-4940-ada0-3c95f30552b3	6	76759379	78253172	970	0.0067
12382955-0968-4940-ada0-3c95f30552b3	6	78259348	78329517	114	0.4256
12382955-0968-4940-ada0-3c95f30552b3	6	78331916	94232702	10186	0.0029
12382955-0968-4940-ada0-3c95f30552b3	6	94234511	94364027	96	0.156
12382955-0968-4940-ada0-3c95f30552b3	6	94364629	103286954	5185	0.0008
12382955-0968-4940-ada0-3c95f30552b3	6	103290101	103314186	46	0.5226
12382955-0968-4940-ada0-3c95f30552b3	6	103317795	106544717	2081	-0.0027
12382955-0968-4940-ada0-3c95f30552b3	6	106545583	106548497	3	0.8517
12382955-0968-4940-ada0-3c95f30552b3	6	106548636	106567930	19	0.0281
12382955-0968-4940-ada0-3c95f30552b3	6	106568283	106577909	11	-0.4984
12382955-0968-4940-ada0-3c95f30552b3	6	106578448	161428757	35359	-0.0007
12382955-0968-4940-ada0-3c95f30552b3	6	161432304	169049118	5679	0.0299
12382955-0968-4940-ada0-3c95f30552b3	6	169049540	170741917	1012	0.0051
12382955-0968-4940-ada0-3c95f30552b3	7	43355	927563	222	0.0315
12382955-0968-4940-ada0-3c95f30552b3	7	928825	1129983	95	0.1811
12382955-0968-4940-ada0-3c95f30552b3	7	1132094	3569863	1300	0.0116
12382955-0968-4940-ada0-3c95f30552b3	7	3570080	3575168	30	-0.8185
12382955-0968-4940-ada0-3c95f30552b3	7	3578378	19444431	12160	0.0173
12382955-0968-4940-ada0-3c95f30552b3	7	19445382	19475940	33	-0.2753
12382955-0968-4940-ada0-3c95f30552b3	7	19476794	38258721	13514	-0.0005
12382955-0968-4940-ada0-3c95f30552b3	7	38263519	38356875	121	0.1764
12382955-0968-4940-ada0-3c95f30552b3	7	38361356	45344142	4452	0.005
12382955-0968-4940-ada0-3c95f30552b3	7	45344914	45344980	3	-0.9289
12382955-0968-4940-ada0-3c95f30552b3	7	45347964	52661195	5342	0.0007
12382955-0968-4940-ada0-3c95f30552b3	7	52669031	52674701	3	0.917
12382955-0968-4940-ada0-3c95f30552b3	7	52675050	54305455	1187	0.0319
12382955-0968-4940-ada0-3c95f30552b3	7	54318812	54318824	6	-1.4235
12382955-0968-4940-ada0-3c95f30552b3	7	54325795	62316452	2058	0.0133
12382955-0968-4940-ada0-3c95f30552b3	7	62316913	63006030	139	-0.2184
12382955-0968-4940-ada0-3c95f30552b3	7	63006639	97756658	19616	0.0034
12382955-0968-4940-ada0-3c95f30552b3	7	97766148	97772915	14	-1.5759
12382955-0968-4940-ada0-3c95f30552b3	7	97772976	109800866	6627	0.0109
12382955-0968-4940-ada0-3c95f30552b3	7	109801155	109813853	12	0.7572
12382955-0968-4940-ada0-3c95f30552b3	7	109813925	112107140	1511	0.0208
12382955-0968-4940-ada0-3c95f30552b3	7	112107212	112107780	3	-1.0412
12382955-0968-4940-ada0-3c95f30552b3	7	112110551	112255626	111	0.0134
12382955-0968-4940-ada0-3c95f30552b3	7	112256823	112640362	240	0.099
12382955-0968-4940-ada0-3c95f30552b3	7	112645861	126405428	8161	-0.0018
12382955-0968-4940-ada0-3c95f30552b3	7	126405502	126406822	12	0.4231
12382955-0968-4940-ada0-3c95f30552b3	7	126406823	134100458	4697	-0.0032
12382955-0968-4940-ada0-3c95f30552b3	7	134100556	134113805	30	-0.278
12382955-0968-4940-ada0-3c95f30552b3	7	134114093	142293637	5372	0.0057
12382955-0968-4940-ada0-3c95f30552b3	7	142294701	142434344	127	0.1558
12382955-0968-4940-ada0-3c95f30552b3	7	142434838	144176859	928	0.0201
12382955-0968-4940-ada0-3c95f30552b3	7	144199159	144264193	9	-0.728
12382955-0968-4940-ada0-3c95f30552b3	7	144295437	144312471	3	1.1739
12382955-0968-4940-ada0-3c95f30552b3	7	144326306	159334314	9646	0.0139
12382955-0968-4940-ada0-3c95f30552b3	8	81254	644973	324	0.0015
12382955-0968-4940-ada0-3c95f30552b3	8	645220	645875	6	0.5145
12382955-0968-4940-ada0-3c95f30552b3	8	645892	645908	2	2.8907
12382955-0968-4940-ada0-3c95f30552b3	8	656117	8528287	7749	0.0411
12382955-0968-4940-ada0-3c95f30552b3	8	8528640	8528932	4	-1.3698
12382955-0968-4940-ada0-3c95f30552b3	8	8530797	12323772	2935	0.0105
12382955-0968-4940-ada0-3c95f30552b3	8	12358500	12382653	12	-1.2069
12382955-0968-4940-ada0-3c95f30552b3	8	12383605	12695342	59	-0.2013
12382955-0968-4940-ada0-3c95f30552b3	8	12697234	15543669	2700	0.008
12382955-0968-4940-ada0-3c95f30552b3	8	15545551	15554099	8	-0.8781
12382955-0968-4940-ada0-3c95f30552b3	8	15555938	18406981	2582	0.0064
12382955-0968-4940-ada0-3c95f30552b3	8	18407644	18413675	5	-1.3592
12382955-0968-4940-ada0-3c95f30552b3	8	18413877	25117007	5084	0.0087
12382955-0968-4940-ada0-3c95f30552b3	8	25117062	25126735	23	0.5417
12382955-0968-4940-ada0-3c95f30552b3	8	25126818	25726825	447	0.0225
12382955-0968-4940-ada0-3c95f30552b3	8	25730113	25736760	3	0.8448
12382955-0968-4940-ada0-3c95f30552b3	8	25737716	39495103	8606	0.0046
12382955-0968-4940-ada0-3c95f30552b3	8	39495168	39498870	2	-1.4077
12382955-0968-4940-ada0-3c95f30552b3	8	39499202	43749343	2567	0.0039
12382955-0968-4940-ada0-3c95f30552b3	8	43766749	43862525	19	-0.7869
12382955-0968-4940-ada0-3c95f30552b3	8	43869321	46486636	137	-0.0501
12382955-0968-4940-ada0-3c95f30552b3	8	46499689	46504606	9	-1.1827
12382955-0968-4940-ada0-3c95f30552b3	8	46517387	57459468	6661	0.0152
12382955-0968-4940-ada0-3c95f30552b3	8	57459550	57462888	13	-0.4038
12382955-0968-4940-ada0-3c95f30552b3	8	57463019	59534904	1447	0.0041
12382955-0968-4940-ada0-3c95f30552b3	8	59539354	59539472	2	-1.3431
12382955-0968-4940-ada0-3c95f30552b3	8	59544278	114622424	32987	0.0028
12382955-0968-4940-ada0-3c95f30552b3	8	114622438	114638468	33	-0.4199
12382955-0968-4940-ada0-3c95f30552b3	8	114638558	140390366	18960	0.0046
12382955-0968-4940-ada0-3c95f30552b3	8	140393268	145072769	2092	0.0563
12382955-0968-4940-ada0-3c95f30552b3	9	46587	61405110	31375	0.0046
12382955-0968-4940-ada0-3c95f30552b3	9	61520021	61647899	30	-0.9629
12382955-0968-4940-ada0-3c95f30552b3	9	61665362	138200944	48074	0.006
12382955-0968-4940-ada0-3c95f30552b3	10	45792	24086334	19188	0.0067
12382955-0968-4940-ada0-3c95f30552b3	10	24088745	24089125	11	0.5594
12382955-0968-4940-ada0-3c95f30552b3	10	24089979	38781690	9856	0.0026
12382955-0968-4940-ada0-3c95f30552b3	10	38783075	42264605	48	-0.3612
12382955-0968-4940-ada0-3c95f30552b3	10	42267782	45574604	2268	0.0011
12382955-0968-4940-ada0-3c95f30552b3	10	45577424	45580787	5	-0.9748
12382955-0968-4940-ada0-3c95f30552b3	10	45584888	45798061	53	0.0365
12382955-0968-4940-ada0-3c95f30552b3	10	45798171	45998155	4	-0.9832
12382955-0968-4940-ada0-3c95f30552b3	10	45999975	54602317	5390	0.0017
12382955-0968-4940-ada0-3c95f30552b3	10	54602525	54602905	2	-1.2856
12382955-0968-4940-ada0-3c95f30552b3	10	54602998	72105677	12193	0.0071
12382955-0968-4940-ada0-3c95f30552b3	10	72105973	72106147	3	-1.1077
12382955-0968-4940-ada0-3c95f30552b3	10	72106890	76493093	2199	0.0076
12382955-0968-4940-ada0-3c95f30552b3	10	76497303	76497852	2	1.5844
12382955-0968-4940-ada0-3c95f30552b3	10	76501509	87310039	7655	0.0024
12382955-0968-4940-ada0-3c95f30552b3	10	87310988	87353136	11	0.7486
12382955-0968-4940-ada0-3c95f30552b3	10	87357543	88608133	898	0.009
12382955-0968-4940-ada0-3c95f30552b3	10	88613353	88614881	4	-0.9032
12382955-0968-4940-ada0-3c95f30552b3	10	88617220	90702958	1565	0.0044
12382955-0968-4940-ada0-3c95f30552b3	10	90703067	90703534	3	-1.3235
12382955-0968-4940-ada0-3c95f30552b3	10	90711823	120908900	19879	-0.0002
12382955-0968-4940-ada0-3c95f30552b3	10	120917310	120918093	7	-0.878
12382955-0968-4940-ada0-3c95f30552b3	10	120922460	122574497	1497	-0.0076
12382955-0968-4940-ada0-3c95f30552b3	10	122584593	122587398	4	-0.9059
12382955-0968-4940-ada0-3c95f30552b3	10	122587462	133621047	7899	0.0065
12382955-0968-4940-ada0-3c95f30552b3	10	133635853	133654968	3	-0.8912
12382955-0968-4940-ada0-3c95f30552b3	11	198510	4274526	1752	0.0111
12382955-0968-4940-ada0-3c95f30552b3	11	4280126	4337579	15	0.6368
12382955-0968-4940-ada0-3c95f30552b3	11	4337826	4946420	651	-0.0019
12382955-0968-4940-ada0-3c95f30552b3	11	4947280	4955027	29	0.4221
12382955-0968-4940-ada0-3c95f30552b3	11	4955042	5762452	784	0.0182
12382955-0968-4940-ada0-3c95f30552b3	11	5762693	5787909	34	-0.4897
12382955-0968-4940-ada0-3c95f30552b3	11	5788108	18912365	9398	0.0005
12382955-0968-4940-ada0-3c95f30552b3	11	18913287	18939749	46	-0.303
12382955-0968-4940-ada0-3c95f30552b3	11	18939837	21396055	2265	-0.0026
12382955-0968-4940-ada0-3c95f30552b3	11	21396343	21400207	9	-0.5602
12382955-0968-4940-ada0-3c95f30552b3	11	21400391	48785719	18392	0.0014
12382955-0968-4940-ada0-3c95f30552b3	11	48785775	48871310	10	-0.6923
12382955-0968-4940-ada0-3c95f30552b3	11	48871638	49737304	356	0.0043
12382955-0968-4940-ada0-3c95f30552b3	11	49738003	49738504	5	-0.996
12382955-0968-4940-ada0-3c95f30552b3	11	49739136	50458433	299	0.0031
12382955-0968-4940-ada0-3c95f30552b3	11	50459802	54555109	53	-0.3039
12382955-0968-4940-ada0-3c95f30552b3	11	54555644	54852259	112	0.0066
12382955-0968-4940-ada0-3c95f30552b3	11	54880568	55202385	54	-0.342
12382955-0968-4940-ada0-3c95f30552b3	11	55208728	55214735	4	-1.2324
12382955-0968-4940-ada0-3c95f30552b3	11	55241999	64828200	5383	0.0078
12382955-0968-4940-ada0-3c95f30552b3	11	64855397	65139105	100	0.1281
12382955-0968-4940-ada0-3c95f30552b3	11	65143630	65168591	9	-0.3376
12382955-0968-4940-ada0-3c95f30552b3	11	65169248	65902628	295	0.1682
12382955-0968-4940-ada0-3c95f30552b3	11	65903039	89802498	14326	0.0007
12382955-0968-4940-ada0-3c95f30552b3	11	89810584	89817056	5	0.7384
12382955-0968-4940-ada0-3c95f30552b3	11	89834373	133384866	31156	0.0042
12382955-0968-4940-ada0-3c95f30552b3	11	133385134	133393701	10	0.6357
12382955-0968-4940-ada0-3c95f30552b3	11	133396436	134478027	751	0.0151
12382955-0968-4940-ada0-3c95f30552b3	11	134478080	134739499	211	0.5232
12382955-0968-4940-ada0-3c95f30552b3	11	134739663	134744086	5	-0.1661
12382955-0968-4940-ada0-3c95f30552b3	11	134744971	134849674	121	0.5117
12382955-0968-4940-ada0-3c95f30552b3	11	134856228	134970729	80	0.0458
12382955-0968-4940-ada0-3c95f30552b3	11	134972318	135074876	72	-0.1531
12382955-0968-4940-ada0-3c95f30552b3	12	51460	187079	74	-0.0575
12382955-0968-4940-ada0-3c95f30552b3	12	190307	1755698	930	0.0634
12382955-0968-4940-ada0-3c95f30552b3	12	1757038	9477960	5168	0.0077
12382955-0968-4940-ada0-3c95f30552b3	12	9481274	9575696	24	0.7255
12382955-0968-4940-ada0-3c95f30552b3	12	9582373	11078856	1042	0.0115
12382955-0968-4940-ada0-3c95f30552b3	12	11080319	11088933	5	0.8724
12382955-0968-4940-ada0-3c95f30552b3	12	11099275	11351157	131	0.0289
12382955-0968-4940-ada0-3c95f30552b3	12	11358643	11390472	31	-0.7383
12382955-0968-4940-ada0-3c95f30552b3	12	11399258	19314078	5407	0.0005
12382955-0968-4940-ada0-3c95f30552b3	12	19321836	19389946	37	0.2443
12382955-0968-4940-ada0-3c95f30552b3	12	19390011	21488759	1405	-0.0055
12382955-0968-4940-ada0-3c95f30552b3	12	21490289	21491733	2	-1.4156
12382955-0968-4940-ada0-3c95f30552b3	12	21495046	33141726	8524	0.0046
12382955-0968-4940-ada0-3c95f30552b3	12	33148472	33149267	9	-1.595
12382955-0968-4940-ada0-3c95f30552b3	12	33149504	33150359	3	-6.4079
12382955-0968-4940-ada0-3c95f30552b3	12	33150444	33154440	13	-1.5179
12382955-0968-4940-ada0-3c95f30552b3	12	33155426	34423775	732	-0.001
12382955-0968-4940-ada0-3c95f30552b3	12	34424876	34565986	31	-0.3656
12382955-0968-4940-ada0-3c95f30552b3	12	34577418	38038987	137	-0.1151
12382955-0968-4940-ada0-3c95f30552b3	12	38043162	43026154	3226	-0.001
12382955-0968-4940-ada0-3c95f30552b3	12	43026726	43026950	2	-1.2471
12382955-0968-4940-ada0-3c95f30552b3	12	43033505	44306665	754	0.0046
12382955-0968-4940-ada0-3c95f30552b3	12	44307358	44307836	3	-1.0749
12382955-0968-4940-ada0-3c95f30552b3	12	44312244	48331259	2419	0.0022
12382955-0968-4940-ada0-3c95f30552b3	12	48331456	48331632	3	-1.4542
12382955-0968-4940-ada0-3c95f30552b3	12	48336253	104987330	35625	-0.0006
12382955-0968-4940-ada0-3c95f30552b3	12	104990198	104990226	2	-1.3818
12382955-0968-4940-ada0-3c95f30552b3	12	104991121	132126981	18724	0.0103
12382955-0968-4940-ada0-3c95f30552b3	12	132127961	133201603	358	0.1103
12382955-0968-4940-ada0-3c95f30552b3	13	18452809	57184136	26011	0.0069
12382955-0968-4940-ada0-3c95f30552b3	13	57184155	57204246	33	-0.6637
12382955-0968-4940-ada0-3c95f30552b3	13	57215580	68668123	6885	0.014
12382955-0968-4940-ada0-3c95f30552b3	13	68674167	68675349	7	-0.8418
12382955-0968-4940-ada0-3c95f30552b3	13	68676647	68684883	10	-0.1555
12382955-0968-4940-ada0-3c95f30552b3	13	68685082	68694110	21	-0.7592
12382955-0968-4940-ada0-3c95f30552b3	13	68694987	71902850	2063	0.0097
12382955-0968-4940-ada0-3c95f30552b3	13	71903417	71906418	4	1.2481
12382955-0968-4940-ada0-3c95f30552b3	13	71906467	106189396	23396	0.0045
12382955-0968-4940-ada0-3c95f30552b3	13	106195858	106212798	16	-0.8598
12382955-0968-4940-ada0-3c95f30552b3	13	106213204	114342922	5666	0.0099
12382955-0968-4940-ada0-3c95f30552b3	14	18239283	21956321	1557	0.0037
12382955-0968-4940-ada0-3c95f30552b3	14	21959698	22583428	545	0.1324
12382955-0968-4940-ada0-3c95f30552b3	14	22584867	45298463	14064	0.0074
12382955-0968-4940-ada0-3c95f30552b3	14	45299836	45307076	4	-1.0697
12382955-0968-4940-ada0-3c95f30552b3	14	45307587	73534419	18055	0.0043
12382955-0968-4940-ada0-3c95f30552b3	14	73540003	73563211	10	0.8443
12382955-0968-4940-ada0-3c95f30552b3	14	73564027	106438088	20914	0.0029
12382955-0968-4940-ada0-3c95f30552b3	14	106440704	106475361	42	-0.4004
12382955-0968-4940-ada0-3c95f30552b3	14	106487515	106877229	193	-0.0045
12382955-0968-4940-ada0-3c95f30552b3	15	19811075	20001686	45	-0.0802
12382955-0968-4940-ada0-3c95f30552b3	15	20011702	20064520	9	0.5024
12382955-0968-4940-ada0-3c95f30552b3	15	20187568	20289044	17	-0.0247
12382955-0968-4940-ada0-3c95f30552b3	15	20305901	20376202	22	-0.3674
12382955-0968-4940-ada0-3c95f30552b3	15	20376309	28414778	3892	0.0141
12382955-0968-4940-ada0-3c95f30552b3	15	28460135	28769414	30	-0.3421
12382955-0968-4940-ada0-3c95f30552b3	15	28769892	30252720	823	0.0186
12382955-0968-4940-ada0-3c95f30552b3	15	30253290	30297594	9	-0.9193
12382955-0968-4940-ada0-3c95f30552b3	15	30300815	83871965	33497	0.0038
12382955-0968-4940-ada0-3c95f30552b3	15	83871986	83878795	8	-0.8551
12382955-0968-4940-ada0-3c95f30552b3	15	83879115	101928837	13189	0.0136
12382955-0968-4940-ada0-3c95f30552b3	16	10777	12016	3	-0.8738
12382955-0968-4940-ada0-3c95f30552b3	16	35827	11293688	8506	0.0188
12382955-0968-4940-ada0-3c95f30552b3	16	11295191	11295279	2	-4.6313
12382955-0968-4940-ada0-3c95f30552b3	16	11295771	14969833	2631	-0.0057
12382955-0968-4940-ada0-3c95f30552b3	16	14969860	16188450	594	0.0978
12382955-0968-4940-ada0-3c95f30552b3	16	16188463	19934486	1730	0.0183
12382955-0968-4940-ada0-3c95f30552b3	16	19934577	19954553	26	0.3575
12382955-0968-4940-ada0-3c95f30552b3	16	19956040	21349109	888	-0.0015
12382955-0968-4940-ada0-3c95f30552b3	16	21352084	22566282	394	0.0943
12382955-0968-4940-ada0-3c95f30552b3	16	22576144	22591547	6	-0.5419
12382955-0968-4940-ada0-3c95f30552b3	16	22591843	22719873	81	0.1904
12382955-0968-4940-ada0-3c95f30552b3	16	22720003	29830088	4312	0.0108
12382955-0968-4940-ada0-3c95f30552b3	16	29834364	30154404	117	0.2038
12382955-0968-4940-ada0-3c95f30552b3	16	30157020	55761136	7633	0.0038
12382955-0968-4940-ada0-3c95f30552b3	16	55762477	55782734	18	-0.5578
12382955-0968-4940-ada0-3c95f30552b3	16	55782793	55824881	17	0.4742
12382955-0968-4940-ada0-3c95f30552b3	16	55834527	76764575	12652	0.0016
12382955-0968-4940-ada0-3c95f30552b3	16	76764612	76772531	3	-1.405
12382955-0968-4940-ada0-3c95f30552b3	16	76774655	80217574	3922	0.0008
12382955-0968-4940-ada0-3c95f30552b3	16	80217656	80219179	8	-0.6059
12382955-0968-4940-ada0-3c95f30552b3	16	80219577	83858313	3934	0.0068
12382955-0968-4940-ada0-3c95f30552b3	16	83858402	84913508	920	0.0889
12382955-0968-4940-ada0-3c95f30552b3	16	84914704	88583347	2802	0.0127
12382955-0968-4940-ada0-3c95f30552b3	16	88583497	90036709	610	0.1415
12382955-0968-4940-ada0-3c95f30552b3	16	90036838	90096867	45	-0.0063
12382955-0968-4940-ada0-3c95f30552b3	17	150733	1176906	531	0.1115
12382955-0968-4940-ada0-3c95f30552b3	17	1189284	4406142	1792	0.0207
12382955-0968-4940-ada0-3c95f30552b3	17	4406248	4478453	44	0.6526
12382955-0968-4940-ada0-3c95f30552b3	17	4482208	36109139	15876	0.0124
12382955-0968-4940-ada0-3c95f30552b3	17	36109315	36157718	36	0.4979
12382955-0968-4940-ada0-3c95f30552b3	17	36200725	36567187	93	0.1725
12382955-0968-4940-ada0-3c95f30552b3	17	36567203	46135062	4990	0.008
12382955-0968-4940-ada0-3c95f30552b3	17	46135838	46351954	92	-0.237
12382955-0968-4940-ada0-3c95f30552b3	17	46446345	46446360	2	2.0221
12382955-0968-4940-ada0-3c95f30552b3	17	46569894	72776268	16028	0.0041
12382955-0968-4940-ada0-3c95f30552b3	17	72776654	72817531	38	-1.0239
12382955-0968-4940-ada0-3c95f30552b3	17	72830013	83091923	5499	0.024
12382955-0968-4940-ada0-3c95f30552b3	18	48133	42476989	24020	0.0031
12382955-0968-4940-ada0-3c95f30552b3	18	42477118	42477802	15	-0.6497
12382955-0968-4940-ada0-3c95f30552b3	18	42478430	65836030	16072	0.0035
12382955-0968-4940-ada0-3c95f30552b3	18	65838803	66060309	172	0.1063
12382955-0968-4940-ada0-3c95f30552b3	18	66060363	66061104	10	-0.4977
12382955-0968-4940-ada0-3c95f30552b3	18	66065502	71343961	3793	0.0139
12382955-0968-4940-ada0-3c95f30552b3	18	71349950	73611675	1795	0.0686
12382955-0968-4940-ada0-3c95f30552b3	18	73612790	78900693	4132	0.0063
12382955-0968-4940-ada0-3c95f30552b3	18	78902714	78904863	5	-0.8706
12382955-0968-4940-ada0-3c95f30552b3	18	78906449	79643088	387	0.0434
12382955-0968-4940-ada0-3c95f30552b3	18	79645731	79646203	3	-3.043
12382955-0968-4940-ada0-3c95f30552b3	18	79650607	80257174	314	0.0686
12382955-0968-4940-ada0-3c95f30552b3	19	90910	11053013	4260	0.0214
12382955-0968-4940-ada0-3c95f30552b3	19	11057986	11058376	2	-1.5403
12382955-0968-4940-ada0-3c95f30552b3	19	11066732	15671587	2322	0.0133
12382955-0968-4940-ada0-3c95f30552b3	19	15673306	15673342	2	-0.9554
12382955-0968-4940-ada0-3c95f30552b3	19	15679275	15713261	34	0.064
12382955-0968-4940-ada0-3c95f30552b3	19	15714132	15714788	3	1.0156
12382955-0968-4940-ada0-3c95f30552b3	19	15714929	27466131	4541	0.0201
12382955-0968-4940-ada0-3c95f30552b3	19	27469081	27589907	29	-0.4816
12382955-0968-4940-ada0-3c95f30552b3	19	27590132	51814374	13690	0.0044
12382955-0968-4940-ada0-3c95f30552b3	19	51816862	52104530	175	0.1436
12382955-0968-4940-ada0-3c95f30552b3	19	52106750	54201751	1400	0.0256
12382955-0968-4940-ada0-3c95f30552b3	19	54202554	54207881	13	0.4438
12382955-0968-4940-ada0-3c95f30552b3	19	54208113	54823536	320	0.0314
12382955-0968-4940-ada0-3c95f30552b3	19	54823756	54853949	12	-0.3625
12382955-0968-4940-ada0-3c95f30552b3	19	54854175	55771003	441	0.0168
12382955-0968-4940-ada0-3c95f30552b3	19	55771169	55771701	3	-0.8778
12382955-0968-4940-ada0-3c95f30552b3	19	55774927	58586487	1837	0.0265
12382955-0968-4940-ada0-3c95f30552b3	20	80664	1601561	1240	0.0334
12382955-0968-4940-ada0-3c95f30552b3	20	1609611	1617300	6	-0.8882
12382955-0968-4940-ada0-3c95f30552b3	20	1617460	1705001	109	0.0476
12382955-0968-4940-ada0-3c95f30552b3	20	1705464	1725815	14	0.3372
12382955-0968-4940-ada0-3c95f30552b3	20	1726335	3823017	1441	0.0062
12382955-0968-4940-ada0-3c95f30552b3	20	3827707	4031314	107	0.157
12382955-0968-4940-ada0-3c95f30552b3	20	4037813	5493650	1160	0.028
12382955-0968-4940-ada0-3c95f30552b3	20	5494019	5684353	120	0.1601
12382955-0968-4940-ada0-3c95f30552b3	20	5686193	7717225	1604	0.0114
12382955-0968-4940-ada0-3c95f30552b3	20	7719461	7720480	4	-1.117
12382955-0968-4940-ada0-3c95f30552b3	20	7720937	8180479	323	-0.0154
12382955-0968-4940-ada0-3c95f30552b3	20	8180870	8579094	308	0.1033
12382955-0968-4940-ada0-3c95f30552b3	20	8579689	26277456	13562	0.0008
12382955-0968-4940-ada0-3c95f30552b3	20	26285462	30305015	35	-0.5048
12382955-0968-4940-ada0-3c95f30552b3	20	30305953	63588295	22017	0.0077
12382955-0968-4940-ada0-3c95f30552b3	20	63588484	64274083	302	0.16
12382955-0968-4940-ada0-3c95f30552b3	20	64275161	64324800	12	-0.3509
12382955-0968-4940-ada0-3c95f30552b3	21	10354168	10753316	85	-0.0212
12382955-0968-4940-ada0-3c95f30552b3	21	10756733	12996886	6	-0.6573
12382955-0968-4940-ada0-3c95f30552b3	21	13004391	36557014	16618	0.0069
12382955-0968-4940-ada0-3c95f30552b3	21	36557831	36558060	2	-1.2467
12382955-0968-4940-ada0-3c95f30552b3	21	36560880	41727214	4386	0.0101
12382955-0968-4940-ada0-3c95f30552b3	21	41729736	41730428	4	-0.9756
12382955-0968-4940-ada0-3c95f30552b3	21	41730694	46677045	2750	0.0247
12382955-0968-4940-ada0-3c95f30552b3	22	15294547	16413470	45	-0.0114
12382955-0968-4940-ada0-3c95f30552b3	22	16413538	16415484	4	-0.9019
12382955-0968-4940-ada0-3c95f30552b3	22	16415616	18138194	1058	-0.0066
12382955-0968-4940-ada0-3c95f30552b3	22	18141598	18146386	10	-0.7481
12382955-0968-4940-ada0-3c95f30552b3	22	18147293	19071571	107	0.0277
12382955-0968-4940-ada0-3c95f30552b3	22	19073881	22398127	2233	0.0757
12382955-0968-4940-ada0-3c95f30552b3	22	22398345	22398545	4	-1.0822
12382955-0968-4940-ada0-3c95f30552b3	22	22402989	23306932	538	0.0863
12382955-0968-4940-ada0-3c95f30552b3	22	23308246	23929492	379	-0.01
12382955-0968-4940-ada0-3c95f30552b3	22	23929505	23990739	20	0.4577
12382955-0968-4940-ada0-3c95f30552b3	22	23995113	33176915	6686	0.0058
12382955-0968-4940-ada0-3c95f30552b3	22	33184592	33190952	7	-0.9036
12382955-0968-4940-ada0-3c95f30552b3	22	33198806	33777419	551	-0.0259
12382955-0968-4940-ada0-3c95f30552b3	22	33778960	33778975	2	-1.8879
12382955-0968-4940-ada0-3c95f30552b3	22	33778986	38891905	3545	0.0083
12382955-0968-4940-ada0-3c95f30552b3	22	38894915	38900899	4	-1.1299
12382955-0968-4940-ada0-3c95f30552b3	22	38903109	38947287	30	-0.0159
12382955-0968-4940-ada0-3c95f30552b3	22	38947468	39017323	50	0.2208
12382955-0968-4940-ada0-3c95f30552b3	22	39023848	48953654	6811	0.0026
12382955-0968-4940-ada0-3c95f30552b3	22	48954663	50796027	1182	0.0845
12382955-0968-4940-ada0-3c95f30552b3	X	251810	113512004	58785	0.0151
12382955-0968-4940-ada0-3c95f30552b3	X	113512475	113513970	8	-1.9749
12382955-0968-4940-ada0-3c95f30552b3	X	113516705	140842339	15559	0.0132
12382955-0968-4940-ada0-3c95f30552b3	X	140842361	140847473	8	-3.7839
12382955-0968-4940-ada0-3c95f30552b3	X	140850713	155952689	9171	0.0144
12382955-0968-4940-ada0-3c95f30552b3	Y	2782397	56872112	6639	-0.9186
