GDC_Aliquot	Chromosome	Start	End	Num_Probes	Segment_Mean
5c6a97ad-ce18-4735-89f2-f158430f4778	1	62920	15823420	8328	0.0324
5c6a97ad-ce18-4735-89f2-f158430f4778	1	15827002	15827430	6	-1.7025
5c6a97ad-ce18-4735-89f2-f158430f4778	1	15827706	21992508	3749	0.0357
5c6a97ad-ce18-4735-89f2-f158430f4778	1	21996664	22010750	5	-1.0924
5c6a97ad-ce18-4735-89f2-f158430f4778	1	22011632	61648334	23352	0.0298
5c6a97ad-ce18-4735-89f2-f158430f4778	1	61648509	61652515	3	-2.0637
5c6a97ad-ce18-4735-89f2-f158430f4778	1	61654137	72297687	7284	0.0258
5c6a97ad-ce18-4735-89f2-f158430f4778	1	72302735	72346221	49	0.5522
5c6a97ad-ce18-4735-89f2-f158430f4778	1	72346757	109684893	23589	0.0314
5c6a97ad-ce18-4735-89f2-f158430f4778	1	109690352	109697556	13	0.9669
5c6a97ad-ce18-4735-89f2-f158430f4778	1	109702376	152787202	9768	0.0333
5c6a97ad-ce18-4735-89f2-f158430f4778	1	152789447	152796224	37	-0.2927
5c6a97ad-ce18-4735-89f2-f158430f4778	1	152801429	158989785	3677	0.026
5c6a97ad-ce18-4735-89f2-f158430f4778	1	158992249	158993006	2	-1.1891
5c6a97ad-ce18-4735-89f2-f158430f4778	1	158997074	160176383	775	0.0309
5c6a97ad-ce18-4735-89f2-f158430f4778	1	160176704	160177153	4	1.0105
5c6a97ad-ce18-4735-89f2-f158430f4778	1	160178881	174827267	10337	0.0347
5c6a97ad-ce18-4735-89f2-f158430f4778	1	174827418	174832702	16	-1.9145
5c6a97ad-ce18-4735-89f2-f158430f4778	1	174832716	196745743	14629	0.0297
5c6a97ad-ce18-4735-89f2-f158430f4778	1	196758720	196790158	39	-0.3272
5c6a97ad-ce18-4735-89f2-f158430f4778	1	196792690	196843377	20	0.0416
5c6a97ad-ce18-4735-89f2-f158430f4778	1	196843400	196846661	2	1.8501
5c6a97ad-ce18-4735-89f2-f158430f4778	1	196847600	248930189	35754	0.0305
5c6a97ad-ce18-4735-89f2-f158430f4778	2	12784	37645728	26454	0.0294
5c6a97ad-ce18-4735-89f2-f158430f4778	2	37645764	37646788	2	1.8794
5c6a97ad-ce18-4735-89f2-f158430f4778	2	37648136	52527330	10634	0.0311
5c6a97ad-ce18-4735-89f2-f158430f4778	2	52527342	52554404	39	-0.433
5c6a97ad-ce18-4735-89f2-f158430f4778	2	52560811	53136368	479	0.0411
5c6a97ad-ce18-4735-89f2-f158430f4778	2	53137040	53143130	4	1.3228
5c6a97ad-ce18-4735-89f2-f158430f4778	2	53144622	97192190	23311	0.0277
5c6a97ad-ce18-4735-89f2-f158430f4778	2	97199600	97211436	14	-0.5767
5c6a97ad-ce18-4735-89f2-f158430f4778	2	97310327	97359885	13	0.2318
5c6a97ad-ce18-4735-89f2-f158430f4778	2	97524284	97545247	8	1.0955
5c6a97ad-ce18-4735-89f2-f158430f4778	2	97545726	127085066	17922	0.0317
5c6a97ad-ce18-4735-89f2-f158430f4778	2	127085617	127085913	2	-1.5002
5c6a97ad-ce18-4735-89f2-f158430f4778	2	127091296	128881408	1039	0.0287
5c6a97ad-ce18-4735-89f2-f158430f4778	2	128881423	128882741	8	-0.8598
5c6a97ad-ce18-4735-89f2-f158430f4778	2	128882755	146104517	10404	0.0274
5c6a97ad-ce18-4735-89f2-f158430f4778	2	146106836	146109366	24	-0.8928
5c6a97ad-ce18-4735-89f2-f158430f4778	2	146120238	242147305	58985	0.0283
5c6a97ad-ce18-4735-89f2-f158430f4778	3	20930	6604856	5802	-0.2293
5c6a97ad-ce18-4735-89f2-f158430f4778	3	6609441	6613743	28	-1.0311
5c6a97ad-ce18-4735-89f2-f158430f4778	3	6616577	9339771	2378	-0.2701
5c6a97ad-ce18-4735-89f2-f158430f4778	3	9341059	9341279	2	1.1411
5c6a97ad-ce18-4735-89f2-f158430f4778	3	9342446	10215865	439	-0.2374
5c6a97ad-ce18-4735-89f2-f158430f4778	3	10215936	10216895	3	-1.6799
5c6a97ad-ce18-4735-89f2-f158430f4778	3	10217213	12649204	1827	-0.2504
5c6a97ad-ce18-4735-89f2-f158430f4778	3	12649222	12678518	44	0.0463
5c6a97ad-ce18-4735-89f2-f158430f4778	3	12695970	19863532	4437	-0.2608
5c6a97ad-ce18-4735-89f2-f158430f4778	3	19866272	19866367	2	-1.9034
5c6a97ad-ce18-4735-89f2-f158430f4778	3	19871220	39298705	13531	-0.2526
5c6a97ad-ce18-4735-89f2-f158430f4778	3	39298855	39309966	2	-2.1911
5c6a97ad-ce18-4735-89f2-f158430f4778	3	39315583	84053071	28818	-0.2555
5c6a97ad-ce18-4735-89f2-f158430f4778	3	84056282	84057015	2	-2.3234
5c6a97ad-ce18-4735-89f2-f158430f4778	3	84061816	84649839	299	-0.2853
5c6a97ad-ce18-4735-89f2-f158430f4778	3	84650033	84662574	23	0.1696
5c6a97ad-ce18-4735-89f2-f158430f4778	3	84668772	90453712	3125	-0.2536
5c6a97ad-ce18-4735-89f2-f158430f4778	3	91390926	93937051	62	-0.004
5c6a97ad-ce18-4735-89f2-f158430f4778	3	93948926	93962645	5	0.9921
5c6a97ad-ce18-4735-89f2-f158430f4778	3	93968006	99218940	2778	0.0278
5c6a97ad-ce18-4735-89f2-f158430f4778	3	99225614	99230577	38	-0.9488
5c6a97ad-ce18-4735-89f2-f158430f4778	3	99232120	125950205	16294	0.0335
5c6a97ad-ce18-4735-89f2-f158430f4778	3	125954540	125957120	3	-1.6643
5c6a97ad-ce18-4735-89f2-f158430f4778	3	125961657	129332100	2052	0.0407
5c6a97ad-ce18-4735-89f2-f158430f4778	3	129335495	129338206	2	-1.4364
5c6a97ad-ce18-4735-89f2-f158430f4778	3	129347710	130067097	334	0.0714
5c6a97ad-ce18-4735-89f2-f158430f4778	3	130067366	130087393	32	0.3495
5c6a97ad-ce18-4735-89f2-f158430f4778	3	130088081	136300257	4021	0.0294
5c6a97ad-ce18-4735-89f2-f158430f4778	3	136304109	136306584	2	-1.6618
5c6a97ad-ce18-4735-89f2-f158430f4778	3	136319699	158711220	13666	0.0353
5c6a97ad-ce18-4735-89f2-f158430f4778	3	158712917	158715351	2	-1.6162
5c6a97ad-ce18-4735-89f2-f158430f4778	3	158718379	162790480	2554	0.0448
5c6a97ad-ce18-4735-89f2-f158430f4778	3	162794869	162812527	14	0.5983
5c6a97ad-ce18-4735-89f2-f158430f4778	3	162813082	162822702	8	-0.187
5c6a97ad-ce18-4735-89f2-f158430f4778	3	162827928	162908815	50	0.5354
5c6a97ad-ce18-4735-89f2-f158430f4778	3	162910826	186980310	14648	0.0335
5c6a97ad-ce18-4735-89f2-f158430f4778	3	186983049	186983135	2	-2.0456
5c6a97ad-ce18-4735-89f2-f158430f4778	3	186991016	193160804	4504	0.0349
5c6a97ad-ce18-4735-89f2-f158430f4778	3	193161032	193165114	15	-0.9279
5c6a97ad-ce18-4735-89f2-f158430f4778	3	193168646	195683075	1484	0.0248
5c6a97ad-ce18-4735-89f2-f158430f4778	3	195685341	195730018	30	0.4446
5c6a97ad-ce18-4735-89f2-f158430f4778	3	195733825	198169247	1174	0.0304
5c6a97ad-ce18-4735-89f2-f158430f4778	4	68929	3262549	1278	0.0405
5c6a97ad-ce18-4735-89f2-f158430f4778	4	3263654	3263983	3	-1.2686
5c6a97ad-ce18-4735-89f2-f158430f4778	4	3264518	10208766	4414	0.0433
5c6a97ad-ce18-4735-89f2-f158430f4778	4	10212536	10229874	29	-1.4167
5c6a97ad-ce18-4735-89f2-f158430f4778	4	10232590	34777432	16965	0.033
5c6a97ad-ce18-4735-89f2-f158430f4778	4	34784878	34823103	38	-1.5538
5c6a97ad-ce18-4735-89f2-f158430f4778	4	34828250	68478894	19437	0.032
5c6a97ad-ce18-4735-89f2-f158430f4778	4	68494770	68655691	72	0.4075
5c6a97ad-ce18-4735-89f2-f158430f4778	4	68663241	69241068	303	0.0576
5c6a97ad-ce18-4735-89f2-f158430f4778	4	69252259	69428887	94	0.2248
5c6a97ad-ce18-4735-89f2-f158430f4778	4	69432047	126850164	34855	0.0336
5c6a97ad-ce18-4735-89f2-f158430f4778	4	126853830	126873403	12	0.6528
5c6a97ad-ce18-4735-89f2-f158430f4778	4	126876170	154881396	16437	0.0352
5c6a97ad-ce18-4735-89f2-f158430f4778	4	154881853	154881926	3	-2.2246
5c6a97ad-ce18-4735-89f2-f158430f4778	4	154882047	164609286	6290	0.0389
5c6a97ad-ce18-4735-89f2-f158430f4778	4	164609433	164735048	119	0.2134
5c6a97ad-ce18-4735-89f2-f158430f4778	4	164736760	171448195	4187	0.0372
5c6a97ad-ce18-4735-89f2-f158430f4778	4	171453733	171456573	11	1.8185
5c6a97ad-ce18-4735-89f2-f158430f4778	4	171456625	190106768	12467	0.0341
5c6a97ad-ce18-4735-89f2-f158430f4778	5	15532	1268732	545	0.0432
5c6a97ad-ce18-4735-89f2-f158430f4778	5	1268745	1565453	182	-0.2549
5c6a97ad-ce18-4735-89f2-f158430f4778	5	1567231	17601444	12626	0.0285
5c6a97ad-ce18-4735-89f2-f158430f4778	5	17601619	17640105	15	-0.7089
5c6a97ad-ce18-4735-89f2-f158430f4778	5	17640454	36503363	11797	0.0267
5c6a97ad-ce18-4735-89f2-f158430f4778	5	36503674	36503828	2	-1.6561
5c6a97ad-ce18-4735-89f2-f158430f4778	5	36505589	46271006	5462	0.0316
5c6a97ad-ce18-4735-89f2-f158430f4778	5	46271828	46273400	6	-1.8148
5c6a97ad-ce18-4735-89f2-f158430f4778	5	46278110	173775504	77720	0.0301
5c6a97ad-ce18-4735-89f2-f158430f4778	5	173778055	173781997	13	0.6573
5c6a97ad-ce18-4735-89f2-f158430f4778	5	173782861	177771448	2387	0.0316
5c6a97ad-ce18-4735-89f2-f158430f4778	5	177800550	177827964	4	1.308
5c6a97ad-ce18-4735-89f2-f158430f4778	5	177832414	178225391	133	0.0668
5c6a97ad-ce18-4735-89f2-f158430f4778	5	178227416	178233238	5	-0.994
5c6a97ad-ce18-4735-89f2-f158430f4778	5	178234901	180953203	1656	0.0418
5c6a97ad-ce18-4735-89f2-f158430f4778	5	180960138	181006225	17	0.5715
5c6a97ad-ce18-4735-89f2-f158430f4778	5	181006264	181363319	169	0.0544
5c6a97ad-ce18-4735-89f2-f158430f4778	6	149661	31318528	22304	0.0325
5c6a97ad-ce18-4735-89f2-f158430f4778	6	31318754	31342147	10	-0.8849
5c6a97ad-ce18-4735-89f2-f158430f4778	6	31349570	31489856	149	0.0532
5c6a97ad-ce18-4735-89f2-f158430f4778	6	31497253	31513336	7	-0.8603
5c6a97ad-ce18-4735-89f2-f158430f4778	6	31513522	32606604	379	0.0854
5c6a97ad-ce18-4735-89f2-f158430f4778	6	32610305	32682835	28	0.3989
5c6a97ad-ce18-4735-89f2-f158430f4778	6	32686863	40635165	5181	0.031
5c6a97ad-ce18-4735-89f2-f158430f4778	6	40635267	40635281	2	-2.312
5c6a97ad-ce18-4735-89f2-f158430f4778	6	40635318	42678780	1295	0.0372
5c6a97ad-ce18-4735-89f2-f158430f4778	6	42681925	42682189	2	2.0127
5c6a97ad-ce18-4735-89f2-f158430f4778	6	42683565	78252909	20356	0.029
5c6a97ad-ce18-4735-89f2-f158430f4778	6	78253157	78332002	118	0.4769
5c6a97ad-ce18-4735-89f2-f158430f4778	6	78332056	103286954	15459	0.0364
5c6a97ad-ce18-4735-89f2-f158430f4778	6	103290101	103314186	46	-0.8404
5c6a97ad-ce18-4735-89f2-f158430f4778	6	103317795	170741917	44106	0.0326
5c6a97ad-ce18-4735-89f2-f158430f4778	7	43355	26092670	18801	0.0437
5c6a97ad-ce18-4735-89f2-f158430f4778	7	26102772	26105793	4	-2.7537
5c6a97ad-ce18-4735-89f2-f158430f4778	7	26107599	153450553	74815	0.0328
5c6a97ad-ce18-4735-89f2-f158430f4778	7	153450560	153450627	2	-2.2362
5c6a97ad-ce18-4735-89f2-f158430f4778	7	153450630	158319247	3444	0.0317
5c6a97ad-ce18-4735-89f2-f158430f4778	7	158320363	158323170	4	1.3588
5c6a97ad-ce18-4735-89f2-f158430f4778	7	158323699	159334314	636	0.0367
5c6a97ad-ce18-4735-89f2-f158430f4778	8	81254	5741242	5999	0.0586
5c6a97ad-ce18-4735-89f2-f158430f4778	8	5741248	5746805	23	-0.7585
5c6a97ad-ce18-4735-89f2-f158430f4778	8	5746973	7974123	1751	0.0738
5c6a97ad-ce18-4735-89f2-f158430f4778	8	7981252	8007744	3	1.4756
5c6a97ad-ce18-4735-89f2-f158430f4778	8	8078333	12177488	3236	0.0433
5c6a97ad-ce18-4735-89f2-f158430f4778	8	12323772	12389977	29	-0.5947
5c6a97ad-ce18-4735-89f2-f158430f4778	8	12418301	12788880	111	0.0454
5c6a97ad-ce18-4735-89f2-f158430f4778	8	12791219	12795017	4	-1.267
5c6a97ad-ce18-4735-89f2-f158430f4778	8	12796024	13497915	671	0.0522
5c6a97ad-ce18-4735-89f2-f158430f4778	8	13498748	14798596	1364	0.8925
5c6a97ad-ce18-4735-89f2-f158430f4778	8	14800583	18991998	3699	0.032
5c6a97ad-ce18-4735-89f2-f158430f4778	8	18994029	19001311	28	-0.877
5c6a97ad-ce18-4735-89f2-f158430f4778	8	19008638	23544795	3386	0.0282
5c6a97ad-ce18-4735-89f2-f158430f4778	8	23550227	23550358	5	-0.9503
5c6a97ad-ce18-4735-89f2-f158430f4778	8	23550392	39373140	10162	0.0249
5c6a97ad-ce18-4735-89f2-f158430f4778	8	39378084	39529446	58	-1.3498
5c6a97ad-ce18-4735-89f2-f158430f4778	8	39530780	67635434	15521	0.0337
5c6a97ad-ce18-4735-89f2-f158430f4778	8	67635897	67636165	6	-0.94
5c6a97ad-ce18-4735-89f2-f158430f4778	8	67636256	94545084	16180	0.0299
5c6a97ad-ce18-4735-89f2-f158430f4778	8	94545324	94545701	6	1.0113
5c6a97ad-ce18-4735-89f2-f158430f4778	8	94545764	111282417	10258	0.0418
5c6a97ad-ce18-4735-89f2-f158430f4778	8	111282441	111283031	6	-0.7715
5c6a97ad-ce18-4735-89f2-f158430f4778	8	111288052	119942604	5493	0.0214
5c6a97ad-ce18-4735-89f2-f158430f4778	8	119943279	119946030	2	-2.3516
5c6a97ad-ce18-4735-89f2-f158430f4778	8	119946132	136665653	12224	0.0349
5c6a97ad-ce18-4735-89f2-f158430f4778	8	136669376	136849952	174	-0.7434
5c6a97ad-ce18-4735-89f2-f158430f4778	8	136850173	145072769	4987	0.0227
5c6a97ad-ce18-4735-89f2-f158430f4778	9	46587	138200944	79363	-0.2479
5c6a97ad-ce18-4735-89f2-f158430f4778	10	45792	4248622	3566	0.0246
5c6a97ad-ce18-4735-89f2-f158430f4778	10	4248646	4248732	2	1.6145
5c6a97ad-ce18-4735-89f2-f158430f4778	10	4248824	24083376	15591	0.0253
5c6a97ad-ce18-4735-89f2-f158430f4778	10	24083828	24090022	15	0.5441
5c6a97ad-ce18-4735-89f2-f158430f4778	10	24090078	26939510	1993	0.0201
5c6a97ad-ce18-4735-89f2-f158430f4778	10	26939523	26941808	5	-0.9354
5c6a97ad-ce18-4735-89f2-f158430f4778	10	26942681	46526248	10474	0.029
5c6a97ad-ce18-4735-89f2-f158430f4778	10	46526265	46836986	42	-0.2864
5c6a97ad-ce18-4735-89f2-f158430f4778	10	46898735	48084439	303	0.037
5c6a97ad-ce18-4735-89f2-f158430f4778	10	48114825	48154966	5	-1.062
5c6a97ad-ce18-4735-89f2-f158430f4778	10	48173568	55691907	5525	0.0282
5c6a97ad-ce18-4735-89f2-f158430f4778	10	55697014	55697030	2	-1.7271
5c6a97ad-ce18-4735-89f2-f158430f4778	10	55697140	64221614	5936	0.0252
5c6a97ad-ce18-4735-89f2-f158430f4778	10	64224676	64226595	4	-0.9552
5c6a97ad-ce18-4735-89f2-f158430f4778	10	64234668	68465321	2839	0.024
5c6a97ad-ce18-4735-89f2-f158430f4778	10	68468142	76493093	4862	-0.2599
5c6a97ad-ce18-4735-89f2-f158430f4778	10	76497303	76497852	2	1.5337
5c6a97ad-ce18-4735-89f2-f158430f4778	10	76501509	79684125	2447	-0.2724
5c6a97ad-ce18-4735-89f2-f158430f4778	10	79689251	79737715	4	-1.3571
5c6a97ad-ce18-4735-89f2-f158430f4778	10	79737848	93562287	9354	-0.259
5c6a97ad-ce18-4735-89f2-f158430f4778	10	93564746	93567672	3	1.6223
5c6a97ad-ce18-4735-89f2-f158430f4778	10	93568000	121528213	18834	-0.2626
5c6a97ad-ce18-4735-89f2-f158430f4778	10	121532433	133416364	8578	0.0222
5c6a97ad-ce18-4735-89f2-f158430f4778	10	133419150	133574363	115	0.527
5c6a97ad-ce18-4735-89f2-f158430f4778	10	133574371	133654968	33	-0.0455
5c6a97ad-ce18-4735-89f2-f158430f4778	11	198510	18919323	12654	0.0292
5c6a97ad-ce18-4735-89f2-f158430f4778	11	18927525	18930146	14	0.515
5c6a97ad-ce18-4735-89f2-f158430f4778	11	18930384	18931264	7	1.3555
5c6a97ad-ce18-4735-89f2-f158430f4778	11	18931442	18940441	24	0.6604
5c6a97ad-ce18-4735-89f2-f158430f4778	11	18940469	24422703	4361	0.0262
5c6a97ad-ce18-4735-89f2-f158430f4778	11	24424822	24428711	5	-0.9157
5c6a97ad-ce18-4735-89f2-f158430f4778	11	24433630	49816812	16685	0.0297
5c6a97ad-ce18-4735-89f2-f158430f4778	11	49818589	49848775	29	-0.6262
5c6a97ad-ce18-4735-89f2-f158430f4778	11	49853105	89847184	20551	0.028
5c6a97ad-ce18-4735-89f2-f158430f4778	11	89878176	89903029	2	-1.7215
5c6a97ad-ce18-4735-89f2-f158430f4778	11	89923071	135074876	32365	0.023
5c6a97ad-ce18-4735-89f2-f158430f4778	12	51460	760032	419	0.0204
5c6a97ad-ce18-4735-89f2-f158430f4778	12	760097	764863	16	-0.8849
5c6a97ad-ce18-4735-89f2-f158430f4778	12	766188	9481274	5729	0.0253
5c6a97ad-ce18-4735-89f2-f158430f4778	12	9485313	9562969	22	-1.1467
5c6a97ad-ce18-4735-89f2-f158430f4778	12	9575696	30086777	14288	0.03
5c6a97ad-ce18-4735-89f2-f158430f4778	12	30086809	30090698	18	-1.3425
5c6a97ad-ce18-4735-89f2-f158430f4778	12	30090732	131636170	63668	0.0304
5c6a97ad-ce18-4735-89f2-f158430f4778	12	131648039	131648790	13	-2.0577
5c6a97ad-ce18-4735-89f2-f158430f4778	12	131657925	133201603	559	0.0531
5c6a97ad-ce18-4735-89f2-f158430f4778	13	18452809	37496233	13468	0.0311
5c6a97ad-ce18-4735-89f2-f158430f4778	13	37496998	37514193	18	0.7956
5c6a97ad-ce18-4735-89f2-f158430f4778	13	37514237	71902850	21523	0.0315
5c6a97ad-ce18-4735-89f2-f158430f4778	13	71903417	71906418	4	-1.565
5c6a97ad-ce18-4735-89f2-f158430f4778	13	71906467	114342922	29063	0.0293
5c6a97ad-ce18-4735-89f2-f158430f4778	14	18239283	19675350	63	0.0429
5c6a97ad-ce18-4735-89f2-f158430f4778	14	19689684	19952080	101	-0.2626
5c6a97ad-ce18-4735-89f2-f158430f4778	14	19954424	106877229	55161	0.0297
5c6a97ad-ce18-4735-89f2-f158430f4778	15	19811075	22576496	213	-0.0717
5c6a97ad-ce18-4735-89f2-f158430f4778	15	22582296	23191992	308	0.5344
5c6a97ad-ce18-4735-89f2-f158430f4778	15	23199669	23814160	316	-0.0001
5c6a97ad-ce18-4735-89f2-f158430f4778	15	23820546	23822448	2	1.8295
5c6a97ad-ce18-4735-89f2-f158430f4778	15	23826362	24329610	325	0.0136
5c6a97ad-ce18-4735-89f2-f158430f4778	15	24329790	24533744	93	-0.5311
5c6a97ad-ce18-4735-89f2-f158430f4778	15	24537120	30281121	3584	0.0365
5c6a97ad-ce18-4735-89f2-f158430f4778	15	30284526	30656433	27	0.4476
5c6a97ad-ce18-4735-89f2-f158430f4778	15	30658326	33884618	2222	0.0242
5c6a97ad-ce18-4735-89f2-f158430f4778	15	33884726	33884759	2	-1.5834
5c6a97ad-ce18-4735-89f2-f158430f4778	15	33884917	69037475	22539	0.0301
5c6a97ad-ce18-4735-89f2-f158430f4778	15	69038945	69039020	2	1.5861
5c6a97ad-ce18-4735-89f2-f158430f4778	15	69045335	76599170	4240	0.0165
5c6a97ad-ce18-4735-89f2-f158430f4778	15	76599286	76603433	19	-1.4999
5c6a97ad-ce18-4735-89f2-f158430f4778	15	76603434	101928837	17592	0.0295
5c6a97ad-ce18-4735-89f2-f158430f4778	16	10777	6608311	3881	0.0363
5c6a97ad-ce18-4735-89f2-f158430f4778	16	6608686	6991468	478	0.133
5c6a97ad-ce18-4735-89f2-f158430f4778	16	6995132	16534205	7384	0.0385
5c6a97ad-ce18-4735-89f2-f158430f4778	16	16539504	16606206	17	0.5994
5c6a97ad-ce18-4735-89f2-f158430f4778	16	16614737	18595356	999	0.0542
5c6a97ad-ce18-4735-89f2-f158430f4778	16	18615979	18730788	13	0.6569
5c6a97ad-ce18-4735-89f2-f158430f4778	16	18731740	19935622	679	0.0473
5c6a97ad-ce18-4735-89f2-f158430f4778	16	19935824	19954510	22	-0.5176
5c6a97ad-ce18-4735-89f2-f158430f4778	16	19954553	33700323	6511	0.0327
5c6a97ad-ce18-4735-89f2-f158430f4778	16	33701693	33735771	2	1.6493
5c6a97ad-ce18-4735-89f2-f158430f4778	16	33776048	53424105	4882	0.0215
5c6a97ad-ce18-4735-89f2-f158430f4778	16	53435475	53436017	4	1.2191
5c6a97ad-ce18-4735-89f2-f158430f4778	16	53436032	55761039	2017	0.0294
5c6a97ad-ce18-4735-89f2-f158430f4778	16	55761136	55788532	23	0.6879
5c6a97ad-ce18-4735-89f2-f158430f4778	16	55808442	78337711	14265	0.0318
5c6a97ad-ce18-4735-89f2-f158430f4778	16	78338543	78350868	16	-1.3596
5c6a97ad-ce18-4735-89f2-f158430f4778	16	78351104	82669218	4729	0.0325
5c6a97ad-ce18-4735-89f2-f158430f4778	16	82670477	82678427	18	0.5303
5c6a97ad-ce18-4735-89f2-f158430f4778	16	82678710	83760390	1367	0.0387
5c6a97ad-ce18-4735-89f2-f158430f4778	16	83760392	83760401	2	-1.9359
5c6a97ad-ce18-4735-89f2-f158430f4778	16	83760419	84346305	525	0.0282
5c6a97ad-ce18-4735-89f2-f158430f4778	16	84347035	84347947	2	-1.6879
5c6a97ad-ce18-4735-89f2-f158430f4778	16	84348937	85893473	1151	0.048
5c6a97ad-ce18-4735-89f2-f158430f4778	16	85898526	85899432	2	1.9839
5c6a97ad-ce18-4735-89f2-f158430f4778	16	85902191	90096867	2808	0.0366
5c6a97ad-ce18-4735-89f2-f158430f4778	17	150733	6830527	3880	0.0063
5c6a97ad-ce18-4735-89f2-f158430f4778	17	6833383	6837010	6	-0.9801
5c6a97ad-ce18-4735-89f2-f158430f4778	17	6845422	10053611	1859	0.019
5c6a97ad-ce18-4735-89f2-f158430f4778	17	10054276	10078598	21	0.4902
5c6a97ad-ce18-4735-89f2-f158430f4778	17	10080121	14346670	3206	0.0275
5c6a97ad-ce18-4735-89f2-f158430f4778	17	14349760	15774603	1057	0.0955
5c6a97ad-ce18-4735-89f2-f158430f4778	17	15778279	18455635	1351	0.0177
5c6a97ad-ce18-4735-89f2-f158430f4778	17	18458372	18561272	23	0.6132
5c6a97ad-ce18-4735-89f2-f158430f4778	17	18561907	46136800	11942	0.0282
5c6a97ad-ce18-4735-89f2-f158430f4778	17	46137998	46215389	69	0.3751
5c6a97ad-ce18-4735-89f2-f158430f4778	17	46218468	51355270	2419	0.0216
5c6a97ad-ce18-4735-89f2-f158430f4778	17	51356144	51487144	105	0.2057
5c6a97ad-ce18-4735-89f2-f158430f4778	17	51488186	59792385	5632	0.0296
5c6a97ad-ce18-4735-89f2-f158430f4778	17	59793574	59796567	3	1.3644
5c6a97ad-ce18-4735-89f2-f158430f4778	17	59798035	65758742	2942	0.0204
5c6a97ad-ce18-4735-89f2-f158430f4778	17	65763466	65867848	53	-0.2995
5c6a97ad-ce18-4735-89f2-f158430f4778	17	65867872	77081138	7362	0.025
5c6a97ad-ce18-4735-89f2-f158430f4778	17	77081221	77086400	2	-1.6077
5c6a97ad-ce18-4735-89f2-f158430f4778	17	77086722	83091923	3044	0.0233
5c6a97ad-ce18-4735-89f2-f158430f4778	18	48133	41281388	23178	0.0399
5c6a97ad-ce18-4735-89f2-f158430f4778	18	41281985	41289570	4	1.1251
5c6a97ad-ce18-4735-89f2-f158430f4778	18	41294903	72766893	21957	0.0423
5c6a97ad-ce18-4735-89f2-f158430f4778	18	72767166	72769751	3	1.4039
5c6a97ad-ce18-4735-89f2-f158430f4778	18	72769939	80257174	5531	0.0488
5c6a97ad-ce18-4735-89f2-f158430f4778	19	90910	4788415	1271	0.0376
5c6a97ad-ce18-4735-89f2-f158430f4778	19	4789472	4789513	2	-1.6979
5c6a97ad-ce18-4735-89f2-f158430f4778	19	4795330	5506648	315	0.0353
5c6a97ad-ce18-4735-89f2-f158430f4778	19	5510228	5510569	2	-2.0618
5c6a97ad-ce18-4735-89f2-f158430f4778	19	5510642	11817902	3046	0.0235
5c6a97ad-ce18-4735-89f2-f158430f4778	19	11821836	11840981	12	0.5672
5c6a97ad-ce18-4735-89f2-f158430f4778	19	11842746	35358420	12031	0.0262
5c6a97ad-ce18-4735-89f2-f158430f4778	19	35364451	35366964	16	0.4986
5c6a97ad-ce18-4735-89f2-f158430f4778	19	35370268	38935082	1789	0.021
5c6a97ad-ce18-4735-89f2-f158430f4778	19	38936201	39063560	52	0.3302
5c6a97ad-ce18-4735-89f2-f158430f4778	19	39063624	42634903	1780	0.0133
5c6a97ad-ce18-4735-89f2-f158430f4778	19	42635132	43320255	295	0.1359
5c6a97ad-ce18-4735-89f2-f158430f4778	19	43320619	49251802	2902	0.0136
5c6a97ad-ce18-4735-89f2-f158430f4778	19	49252233	49252403	2	-2.4053
5c6a97ad-ce18-4735-89f2-f158430f4778	19	49253778	54215136	2944	0.0374
5c6a97ad-ce18-4735-89f2-f158430f4778	19	54226329	54237443	16	0.6226
5c6a97ad-ce18-4735-89f2-f158430f4778	19	54249482	55766684	744	0.0321
5c6a97ad-ce18-4735-89f2-f158430f4778	19	55770704	55774927	6	0.7745
5c6a97ad-ce18-4735-89f2-f158430f4778	19	55777575	58586487	1835	0.0388
5c6a97ad-ce18-4735-89f2-f158430f4778	20	80664	64324800	42317	0.1037
5c6a97ad-ce18-4735-89f2-f158430f4778	21	10354168	22278814	6295	0.0217
5c6a97ad-ce18-4735-89f2-f158430f4778	21	22283580	22292338	9	-0.746
5c6a97ad-ce18-4735-89f2-f158430f4778	21	22294679	46677045	17519	0.0265
5c6a97ad-ce18-4735-89f2-f158430f4778	22	15294547	19990982	1823	0.036
5c6a97ad-ce18-4735-89f2-f158430f4778	22	19991035	20000742	7	-1.0173
5c6a97ad-ce18-4735-89f2-f158430f4778	22	20000761	33777419	9801	0.0368
5c6a97ad-ce18-4735-89f2-f158430f4778	22	33778960	33778975	2	-1.9701
5c6a97ad-ce18-4735-89f2-f158430f4778	22	33778986	42884053	5689	0.0251
5c6a97ad-ce18-4735-89f2-f158430f4778	22	42886254	42992874	90	0.5522
5c6a97ad-ce18-4735-89f2-f158430f4778	22	42996850	46771969	2667	0.0317
5c6a97ad-ce18-4735-89f2-f158430f4778	22	46773318	46773778	3	-1.9745
5c6a97ad-ce18-4735-89f2-f158430f4778	22	46777722	50796027	3162	0.0423
5c6a97ad-ce18-4735-89f2-f158430f4778	X	251810	151670307	81291	0.0046
5c6a97ad-ce18-4735-89f2-f158430f4778	X	151670578	151670726	2	-4.0058
5c6a97ad-ce18-4735-89f2-f158430f4778	X	151670752	155952689	1991	0.0033
5c6a97ad-ce18-4735-89f2-f158430f4778	Y	2782397	10236314	2443	-0.9228
5c6a97ad-ce18-4735-89f2-f158430f4778	Y	10624017	11680222	2	0.9467
5c6a97ad-ce18-4735-89f2-f158430f4778	Y	11750202	24856206	4010	-0.9194
5c6a97ad-ce18-4735-89f2-f158430f4778	Y	25078174	26527364	122	-0.2586
5c6a97ad-ce18-4735-89f2-f158430f4778	Y	26528288	56872112	61	-0.9295
