GDC_Aliquot	Chromosome	Start	End	Num_Probes	Segment_Mean
cd4826d1-f41f-4920-a939-cbe03bd19536	1	62920	86341	11	-0.1962
cd4826d1-f41f-4920-a939-cbe03bd19536	1	98588	16863509	8696	0.0118
cd4826d1-f41f-4920-a939-cbe03bd19536	1	16864367	16935752	54	-0.4061
cd4826d1-f41f-4920-a939-cbe03bd19536	1	16949746	25256800	5262	0.0201
cd4826d1-f41f-4920-a939-cbe03bd19536	1	25256850	25320455	25	0.7697
cd4826d1-f41f-4920-a939-cbe03bd19536	1	25336819	30049453	2198	0.0231
cd4826d1-f41f-4920-a939-cbe03bd19536	1	30050222	30050560	2	-1.5298
cd4826d1-f41f-4920-a939-cbe03bd19536	1	30051076	34626073	2751	0.0161
cd4826d1-f41f-4920-a939-cbe03bd19536	1	34637053	34638890	20	-0.6496
cd4826d1-f41f-4920-a939-cbe03bd19536	1	34648667	72284670	23763	0.0298
cd4826d1-f41f-4920-a939-cbe03bd19536	1	72290430	72297687	9	-0.9985
cd4826d1-f41f-4920-a939-cbe03bd19536	1	72302735	72345465	48	0.537
cd4826d1-f41f-4920-a939-cbe03bd19536	1	72346221	105470754	20961	0.0311
cd4826d1-f41f-4920-a939-cbe03bd19536	1	105476583	105479753	17	0.7182
cd4826d1-f41f-4920-a939-cbe03bd19536	1	105481433	109684893	2636	0.0288
cd4826d1-f41f-4920-a939-cbe03bd19536	1	109690352	109697556	13	-1.4507
cd4826d1-f41f-4920-a939-cbe03bd19536	1	109702376	112153851	1956	0.0399
cd4826d1-f41f-4920-a939-cbe03bd19536	1	112153880	112154768	19	-0.2999
cd4826d1-f41f-4920-a939-cbe03bd19536	1	112163334	143547139	5170	0.0275
cd4826d1-f41f-4920-a939-cbe03bd19536	1	143547196	152583051	2435	-0.1523
cd4826d1-f41f-4920-a939-cbe03bd19536	1	152583230	152614064	32	-0.9094
cd4826d1-f41f-4920-a939-cbe03bd19536	1	152614100	152789570	174	-0.12
cd4826d1-f41f-4920-a939-cbe03bd19536	1	152789781	152796224	32	0.3122
cd4826d1-f41f-4920-a939-cbe03bd19536	1	152801429	162865549	6234	-0.1618
cd4826d1-f41f-4920-a939-cbe03bd19536	1	162866801	162867060	2	-1.7739
cd4826d1-f41f-4920-a939-cbe03bd19536	1	162867191	169247699	5045	-0.1743
cd4826d1-f41f-4920-a939-cbe03bd19536	1	169264736	169273163	8	0.5322
cd4826d1-f41f-4920-a939-cbe03bd19536	1	169285639	193186662	15780	-0.1591
cd4826d1-f41f-4920-a939-cbe03bd19536	1	193187149	193187202	3	-1.7777
cd4826d1-f41f-4920-a939-cbe03bd19536	1	193187218	194479104	943	-0.1551
cd4826d1-f41f-4920-a939-cbe03bd19536	1	194482281	194485888	2	1.2614
cd4826d1-f41f-4920-a939-cbe03bd19536	1	194487886	196745743	1451	-0.1582
cd4826d1-f41f-4920-a939-cbe03bd19536	1	196758720	196832525	57	-0.9542
cd4826d1-f41f-4920-a939-cbe03bd19536	1	196832720	209897717	8791	-0.1648
cd4826d1-f41f-4920-a939-cbe03bd19536	1	209908268	209910639	3	-2.831
cd4826d1-f41f-4920-a939-cbe03bd19536	1	209913207	222843064	8943	-0.1716
cd4826d1-f41f-4920-a939-cbe03bd19536	1	222843983	222850427	6	-0.8666
cd4826d1-f41f-4920-a939-cbe03bd19536	1	222853375	229675422	4096	-0.1693
cd4826d1-f41f-4920-a939-cbe03bd19536	1	229681109	229684449	3	-3.2066
cd4826d1-f41f-4920-a939-cbe03bd19536	1	229684709	248890884	13960	-0.1722
cd4826d1-f41f-4920-a939-cbe03bd19536	1	248894456	248930189	20	-0.5629
cd4826d1-f41f-4920-a939-cbe03bd19536	2	12784	6327941	4889	-0.0039
cd4826d1-f41f-4920-a939-cbe03bd19536	2	6332125	34427804	19193	0.0135
cd4826d1-f41f-4920-a939-cbe03bd19536	2	34434869	34511446	56	0.27
cd4826d1-f41f-4920-a939-cbe03bd19536	2	34511990	35411923	608	0.038
cd4826d1-f41f-4920-a939-cbe03bd19536	2	35411936	35411951	2	-1.3873
cd4826d1-f41f-4920-a939-cbe03bd19536	2	35412101	35742319	260	0.0188
cd4826d1-f41f-4920-a939-cbe03bd19536	2	35742970	35762881	9	-0.5322
cd4826d1-f41f-4920-a939-cbe03bd19536	2	35772407	55101406	14162	0.0259
cd4826d1-f41f-4920-a939-cbe03bd19536	2	55101493	55101508	2	-1.5404
cd4826d1-f41f-4920-a939-cbe03bd19536	2	55102179	70791912	10075	0.0283
cd4826d1-f41f-4920-a939-cbe03bd19536	2	70792111	70793122	3	-1.0475
cd4826d1-f41f-4920-a939-cbe03bd19536	2	70794604	76618047	3479	0.0285
cd4826d1-f41f-4920-a939-cbe03bd19536	2	76618155	76618300	4	-0.9657
cd4826d1-f41f-4920-a939-cbe03bd19536	2	76620460	77765883	783	0.0326
cd4826d1-f41f-4920-a939-cbe03bd19536	2	77765921	77766106	3	-1.0132
cd4826d1-f41f-4920-a939-cbe03bd19536	2	77769252	78480641	435	0.0248
cd4826d1-f41f-4920-a939-cbe03bd19536	2	78480770	78494776	12	-1.1148
cd4826d1-f41f-4920-a939-cbe03bd19536	2	78498405	86710564	5138	0.0271
cd4826d1-f41f-4920-a939-cbe03bd19536	2	86725947	86726731	2	-1.446
cd4826d1-f41f-4920-a939-cbe03bd19536	2	86743283	97180592	1897	0.0255
cd4826d1-f41f-4920-a939-cbe03bd19536	2	97180963	97211436	20	0.4305
cd4826d1-f41f-4920-a939-cbe03bd19536	2	97310327	97359885	13	0.0369
cd4826d1-f41f-4920-a939-cbe03bd19536	2	97524284	97545247	8	-1.1769
cd4826d1-f41f-4920-a939-cbe03bd19536	2	97545726	137224578	23936	0.0228
cd4826d1-f41f-4920-a939-cbe03bd19536	2	137226077	137226691	5	-1.1374
cd4826d1-f41f-4920-a939-cbe03bd19536	2	137227715	179196928	25771	0.0355
cd4826d1-f41f-4920-a939-cbe03bd19536	2	179202465	179214417	3	-2.5877
cd4826d1-f41f-4920-a939-cbe03bd19536	2	179218864	227704286	29835	0.0312
cd4826d1-f41f-4920-a939-cbe03bd19536	2	227704474	242082269	8937	-0.025
cd4826d1-f41f-4920-a939-cbe03bd19536	2	242084107	242147305	31	-0.4239
cd4826d1-f41f-4920-a939-cbe03bd19536	3	20930	1073489	869	-0.5295
cd4826d1-f41f-4920-a939-cbe03bd19536	3	1076528	1730586	657	0.0177
cd4826d1-f41f-4920-a939-cbe03bd19536	3	1732253	1907325	185	-0.4911
cd4826d1-f41f-4920-a939-cbe03bd19536	3	1907433	2291095	279	0.0475
cd4826d1-f41f-4920-a939-cbe03bd19536	3	2291275	4344910	1894	-0.5094
cd4826d1-f41f-4920-a939-cbe03bd19536	3	4349362	4359122	11	0.0484
cd4826d1-f41f-4920-a939-cbe03bd19536	3	4359501	4825321	452	-0.5342
cd4826d1-f41f-4920-a939-cbe03bd19536	3	4825413	4829788	4	0.1078
cd4826d1-f41f-4920-a939-cbe03bd19536	3	4832814	5096514	194	-0.5504
cd4826d1-f41f-4920-a939-cbe03bd19536	3	5098584	6604856	1269	0.0181
cd4826d1-f41f-4920-a939-cbe03bd19536	3	6609441	6611645	23	-0.8275
cd4826d1-f41f-4920-a939-cbe03bd19536	3	6613391	16199049	7060	0.0223
cd4826d1-f41f-4920-a939-cbe03bd19536	3	16199122	16199672	5	-2.9982
cd4826d1-f41f-4920-a939-cbe03bd19536	3	16199818	61668515	29397	0.0246
cd4826d1-f41f-4920-a939-cbe03bd19536	3	61673241	61732911	44	-1.0272
cd4826d1-f41f-4920-a939-cbe03bd19536	3	61738508	68697013	5460	0.0245
cd4826d1-f41f-4920-a939-cbe03bd19536	3	68697108	68698262	14	-1.2472
cd4826d1-f41f-4920-a939-cbe03bd19536	3	68699607	75519398	4931	0.0199
cd4826d1-f41f-4920-a939-cbe03bd19536	3	75523398	75537654	6	0.9044
cd4826d1-f41f-4920-a939-cbe03bd19536	3	75546030	83768377	4537	0.0335
cd4826d1-f41f-4920-a939-cbe03bd19536	3	83773642	83988997	113	0.21
cd4826d1-f41f-4920-a939-cbe03bd19536	3	83993607	100607461	7109	0.0302
cd4826d1-f41f-4920-a939-cbe03bd19536	3	100621224	100723665	58	0.5494
cd4826d1-f41f-4920-a939-cbe03bd19536	3	100727772	106883365	3768	0.0294
cd4826d1-f41f-4920-a939-cbe03bd19536	3	106887239	106887507	2	-1.0873
cd4826d1-f41f-4920-a939-cbe03bd19536	3	106892748	125950205	11753	0.034
cd4826d1-f41f-4920-a939-cbe03bd19536	3	125954540	125957120	3	-0.8538
cd4826d1-f41f-4920-a939-cbe03bd19536	3	125961657	125993496	29	0.0112
cd4826d1-f41f-4920-a939-cbe03bd19536	3	125993720	125993872	4	0.6194
cd4826d1-f41f-4920-a939-cbe03bd19536	3	125993886	130044016	2351	0.0196
cd4826d1-f41f-4920-a939-cbe03bd19536	3	130044855	130067896	10	-0.5956
cd4826d1-f41f-4920-a939-cbe03bd19536	3	130067910	130079892	22	-1.9537
cd4826d1-f41f-4920-a939-cbe03bd19536	3	130079938	149245189	11917	0.0283
cd4826d1-f41f-4920-a939-cbe03bd19536	3	149245608	149250334	25	-0.85
cd4826d1-f41f-4920-a939-cbe03bd19536	3	149253293	156228494	4262	0.0386
cd4826d1-f41f-4920-a939-cbe03bd19536	3	156233490	156240031	6	-0.8886
cd4826d1-f41f-4920-a939-cbe03bd19536	3	156242822	162794951	4069	0.0262
cd4826d1-f41f-4920-a939-cbe03bd19536	3	162795304	162815162	14	-0.5365
cd4826d1-f41f-4920-a939-cbe03bd19536	3	162816942	162822702	6	-2.0392
cd4826d1-f41f-4920-a939-cbe03bd19536	3	162827928	162908784	49	-0.4296
cd4826d1-f41f-4920-a939-cbe03bd19536	3	162908815	162996729	71	-0.0011
cd4826d1-f41f-4920-a939-cbe03bd19536	3	162999939	163001774	2	-4.0177
cd4826d1-f41f-4920-a939-cbe03bd19536	3	163008371	169012392	3368	0.0339
cd4826d1-f41f-4920-a939-cbe03bd19536	3	169015614	169020840	2	-2.7313
cd4826d1-f41f-4920-a939-cbe03bd19536	3	169022039	169631156	466	0.0502
cd4826d1-f41f-4920-a939-cbe03bd19536	3	169632074	169632816	2	-1.016
cd4826d1-f41f-4920-a939-cbe03bd19536	3	169634670	185821115	9803	0.0381
cd4826d1-f41f-4920-a939-cbe03bd19536	3	185827529	188803752	2358	-0.6171
cd4826d1-f41f-4920-a939-cbe03bd19536	3	188804775	189191064	251	0.045
cd4826d1-f41f-4920-a939-cbe03bd19536	3	189196772	191983882	2011	-0.6082
cd4826d1-f41f-4920-a939-cbe03bd19536	3	191986469	193160113	838	0.0265
cd4826d1-f41f-4920-a939-cbe03bd19536	3	193160173	193165114	19	-1.5576
cd4826d1-f41f-4920-a939-cbe03bd19536	3	193168646	193436009	207	0.029
cd4826d1-f41f-4920-a939-cbe03bd19536	3	193436054	194939881	978	-0.6377
cd4826d1-f41f-4920-a939-cbe03bd19536	3	194941224	194948867	2	-1.9935
cd4826d1-f41f-4920-a939-cbe03bd19536	3	194952897	195559056	296	-0.6057
cd4826d1-f41f-4920-a939-cbe03bd19536	3	195656271	195728637	26	-1.1581
cd4826d1-f41f-4920-a939-cbe03bd19536	3	195728990	196938927	560	-0.5957
cd4826d1-f41f-4920-a939-cbe03bd19536	3	196939188	196947878	2	-2.2339
cd4826d1-f41f-4920-a939-cbe03bd19536	3	196948008	197516065	314	-0.5877
cd4826d1-f41f-4920-a939-cbe03bd19536	3	197527360	197580574	34	0.0369
cd4826d1-f41f-4920-a939-cbe03bd19536	3	197580854	197581418	4	-0.8875
cd4826d1-f41f-4920-a939-cbe03bd19536	3	197585554	197902020	128	0.0201
cd4826d1-f41f-4920-a939-cbe03bd19536	3	197909503	198169114	135	0.3842
cd4826d1-f41f-4920-a939-cbe03bd19536	3	198169131	198169247	3	-0.2549
cd4826d1-f41f-4920-a939-cbe03bd19536	4	68929	9455251	5159	0.0096
cd4826d1-f41f-4920-a939-cbe03bd19536	4	9459504	9463248	3	-1.3327
cd4826d1-f41f-4920-a939-cbe03bd19536	4	9469529	10208766	543	0.0047
cd4826d1-f41f-4920-a939-cbe03bd19536	4	10212536	10229874	29	2.5187
cd4826d1-f41f-4920-a939-cbe03bd19536	4	10232590	10233644	7	0.4907
cd4826d1-f41f-4920-a939-cbe03bd19536	4	10234518	10389091	171	0.0264
cd4826d1-f41f-4920-a939-cbe03bd19536	4	10390730	10399044	16	-0.7013
cd4826d1-f41f-4920-a939-cbe03bd19536	4	10401094	34785333	16791	0.0195
cd4826d1-f41f-4920-a939-cbe03bd19536	4	34785368	34828250	37	-0.5564
cd4826d1-f41f-4920-a939-cbe03bd19536	4	34828291	114252544	47233	0.0252
cd4826d1-f41f-4920-a939-cbe03bd19536	4	114254167	114263073	24	-1.7475
cd4826d1-f41f-4920-a939-cbe03bd19536	4	114263096	144389501	17937	0.0244
cd4826d1-f41f-4920-a939-cbe03bd19536	4	144389986	144398848	3	-1.0767
cd4826d1-f41f-4920-a939-cbe03bd19536	4	144405258	153429640	5128	0.0255
cd4826d1-f41f-4920-a939-cbe03bd19536	4	153430242	153430427	2	-1.0127
cd4826d1-f41f-4920-a939-cbe03bd19536	4	153432302	154881396	978	0.0182
cd4826d1-f41f-4920-a939-cbe03bd19536	4	154881853	154881926	3	1.3205
cd4826d1-f41f-4920-a939-cbe03bd19536	4	154882047	171448195	10609	0.0297
cd4826d1-f41f-4920-a939-cbe03bd19536	4	171453733	171456625	12	-0.8856
cd4826d1-f41f-4920-a939-cbe03bd19536	4	171459220	172066777	396	0.029
cd4826d1-f41f-4920-a939-cbe03bd19536	4	172067997	172068382	12	-2.0627
cd4826d1-f41f-4920-a939-cbe03bd19536	4	172074828	172501371	231	0.0115
cd4826d1-f41f-4920-a939-cbe03bd19536	4	172503796	172507492	7	1.0472
cd4826d1-f41f-4920-a939-cbe03bd19536	4	172519981	188300206	10701	0.0182
cd4826d1-f41f-4920-a939-cbe03bd19536	4	188300221	188300285	3	-1.1551
cd4826d1-f41f-4920-a939-cbe03bd19536	4	188301659	190106768	1141	0.0329
cd4826d1-f41f-4920-a939-cbe03bd19536	5	15532	773453	332	-0.4868
cd4826d1-f41f-4920-a939-cbe03bd19536	5	779766	833513	20	-1.4248
cd4826d1-f41f-4920-a939-cbe03bd19536	5	852451	2796335	1408	0.633
cd4826d1-f41f-4920-a939-cbe03bd19536	5	2796859	2797407	4	-0.2448
cd4826d1-f41f-4920-a939-cbe03bd19536	5	2800629	12791608	8428	0.6389
cd4826d1-f41f-4920-a939-cbe03bd19536	5	12800777	12838421	15	-1.5602
cd4826d1-f41f-4920-a939-cbe03bd19536	5	12849089	15331173	1741	0.6541
cd4826d1-f41f-4920-a939-cbe03bd19536	5	15331195	15332597	8	0.0494
cd4826d1-f41f-4920-a939-cbe03bd19536	5	15332903	15718383	222	0.6713
cd4826d1-f41f-4920-a939-cbe03bd19536	5	15719113	15720488	11	-0.7719
cd4826d1-f41f-4920-a939-cbe03bd19536	5	15723237	17515692	1192	0.654
cd4826d1-f41f-4920-a939-cbe03bd19536	5	17601444	18341204	489	1.2393
cd4826d1-f41f-4920-a939-cbe03bd19536	5	18345764	19458679	705	0.6768
cd4826d1-f41f-4920-a939-cbe03bd19536	5	19458912	19459154	2	-0.72
cd4826d1-f41f-4920-a939-cbe03bd19536	5	19459518	21376735	1094	0.6557
cd4826d1-f41f-4920-a939-cbe03bd19536	5	21377730	21377744	2	2.6599
cd4826d1-f41f-4920-a939-cbe03bd19536	5	21385957	21449167	44	0.6244
cd4826d1-f41f-4920-a939-cbe03bd19536	5	21451091	21452329	5	1.6708
cd4826d1-f41f-4920-a939-cbe03bd19536	5	21452387	23976456	1404	0.674
cd4826d1-f41f-4920-a939-cbe03bd19536	5	23978166	23979557	3	-0.6401
cd4826d1-f41f-4920-a939-cbe03bd19536	5	23989203	24138809	87	0.6893
cd4826d1-f41f-4920-a939-cbe03bd19536	5	24141520	27384700	1962	-0.5025
cd4826d1-f41f-4920-a939-cbe03bd19536	5	27392038	27474131	45	0.6758
cd4826d1-f41f-4920-a939-cbe03bd19536	5	27477075	27479645	3	-0.4041
cd4826d1-f41f-4920-a939-cbe03bd19536	5	27479867	27524345	27	0.6566
cd4826d1-f41f-4920-a939-cbe03bd19536	5	27525283	27525913	10	-3.5364
cd4826d1-f41f-4920-a939-cbe03bd19536	5	27527372	33531575	3930	0.666
cd4826d1-f41f-4920-a939-cbe03bd19536	5	33531690	33531706	2	-0.4119
cd4826d1-f41f-4920-a939-cbe03bd19536	5	33531770	33694604	143	0.6617
cd4826d1-f41f-4920-a939-cbe03bd19536	5	33702336	33741595	21	0.3827
cd4826d1-f41f-4920-a939-cbe03bd19536	5	33746682	54823005	10256	0.0253
cd4826d1-f41f-4920-a939-cbe03bd19536	5	54827265	58036464	2164	-0.1741
cd4826d1-f41f-4920-a939-cbe03bd19536	5	58036504	58036570	2	-1.5233
cd4826d1-f41f-4920-a939-cbe03bd19536	5	58036689	69550476	7306	-0.1689
cd4826d1-f41f-4920-a939-cbe03bd19536	5	69571467	70959077	15	0.3349
cd4826d1-f41f-4920-a939-cbe03bd19536	5	70959078	73756096	1481	-0.173
cd4826d1-f41f-4920-a939-cbe03bd19536	5	73756496	73756931	3	-1.303
cd4826d1-f41f-4920-a939-cbe03bd19536	5	73764951	84965653	7132	-0.1716
cd4826d1-f41f-4920-a939-cbe03bd19536	5	84965850	84966085	3	-1.0588
cd4826d1-f41f-4920-a939-cbe03bd19536	5	84968631	97575366	6903	-0.1662
cd4826d1-f41f-4920-a939-cbe03bd19536	5	97575825	97580979	2	-3.3783
cd4826d1-f41f-4920-a939-cbe03bd19536	5	97582130	104515520	4001	-0.1701
cd4826d1-f41f-4920-a939-cbe03bd19536	5	104524672	104524903	4	-1.7342
cd4826d1-f41f-4920-a939-cbe03bd19536	5	104525348	105251452	552	-0.1873
cd4826d1-f41f-4920-a939-cbe03bd19536	5	105252731	105252752	2	-1.4833
cd4826d1-f41f-4920-a939-cbe03bd19536	5	105253580	114644459	6311	-0.1708
cd4826d1-f41f-4920-a939-cbe03bd19536	5	114645562	114715739	51	-0.8358
cd4826d1-f41f-4920-a939-cbe03bd19536	5	114718508	156048095	26532	-0.1738
cd4826d1-f41f-4920-a939-cbe03bd19536	5	156049762	156055719	14	-1.0927
cd4826d1-f41f-4920-a939-cbe03bd19536	5	156068240	180947523	16603	-0.1842
cd4826d1-f41f-4920-a939-cbe03bd19536	5	180951710	181015441	23	0.3837
cd4826d1-f41f-4920-a939-cbe03bd19536	5	181015920	181363319	166	-0.2009
cd4826d1-f41f-4920-a939-cbe03bd19536	6	149661	323326	134	0.0319
cd4826d1-f41f-4920-a939-cbe03bd19536	6	323576	382897	70	-0.267
cd4826d1-f41f-4920-a939-cbe03bd19536	6	384109	29868964	21456	0.0275
cd4826d1-f41f-4920-a939-cbe03bd19536	6	29869295	29933799	37	0.4622
cd4826d1-f41f-4920-a939-cbe03bd19536	6	29940692	31318528	645	0.062
cd4826d1-f41f-4920-a939-cbe03bd19536	6	31318754	31328674	9	-1.8888
cd4826d1-f41f-4920-a939-cbe03bd19536	6	31342147	32105847	296	0.0526
cd4826d1-f41f-4920-a939-cbe03bd19536	6	32105916	32105929	2	-1.7946
cd4826d1-f41f-4920-a939-cbe03bd19536	6	32105973	32463775	200	0.0485
cd4826d1-f41f-4920-a939-cbe03bd19536	6	32481273	32658841	65	-0.5396
cd4826d1-f41f-4920-a939-cbe03bd19536	6	32682835	49960733	10948	0.03
cd4826d1-f41f-4920-a939-cbe03bd19536	6	49962216	49967644	5	-0.8107
cd4826d1-f41f-4920-a939-cbe03bd19536	6	49969792	58096364	4837	0.0308
cd4826d1-f41f-4920-a939-cbe03bd19536	6	58099774	58100791	4	-0.8806
cd4826d1-f41f-4920-a939-cbe03bd19536	6	58106296	66298393	3252	0.0256
cd4826d1-f41f-4920-a939-cbe03bd19536	6	66299130	66338736	55	-0.8746
cd4826d1-f41f-4920-a939-cbe03bd19536	6	66339513	72153222	3911	0.0326
cd4826d1-f41f-4920-a939-cbe03bd19536	6	72156821	72157169	2	-2.9973
cd4826d1-f41f-4920-a939-cbe03bd19536	6	72158860	73882142	1088	0.0094
cd4826d1-f41f-4920-a939-cbe03bd19536	6	73882509	73891694	10	-0.4584
cd4826d1-f41f-4920-a939-cbe03bd19536	6	73893839	76726442	1770	0.0192
cd4826d1-f41f-4920-a939-cbe03bd19536	6	76726815	76742729	18	0.421
cd4826d1-f41f-4920-a939-cbe03bd19536	6	76742924	78253172	981	0.0287
cd4826d1-f41f-4920-a939-cbe03bd19536	6	78259348	78325457	112	0.5566
cd4826d1-f41f-4920-a939-cbe03bd19536	6	78325468	78541947	155	0.0674
cd4826d1-f41f-4920-a939-cbe03bd19536	6	78542738	78546902	2	-1.0323
cd4826d1-f41f-4920-a939-cbe03bd19536	6	78547294	90416016	7395	0.03
cd4826d1-f41f-4920-a939-cbe03bd19536	6	90416570	90416954	6	-0.8042
cd4826d1-f41f-4920-a939-cbe03bd19536	6	90418960	103290164	7924	0.0314
cd4826d1-f41f-4920-a939-cbe03bd19536	6	103290209	103303689	18	-0.348
cd4826d1-f41f-4920-a939-cbe03bd19536	6	103304002	114874292	7276	0.0357
cd4826d1-f41f-4920-a939-cbe03bd19536	6	114881368	114881626	4	-0.9083
cd4826d1-f41f-4920-a939-cbe03bd19536	6	114885112	170741917	36928	0.0277
cd4826d1-f41f-4920-a939-cbe03bd19536	7	43355	3349458	1422	0.0127
cd4826d1-f41f-4920-a939-cbe03bd19536	7	3355447	3355694	5	-0.8797
cd4826d1-f41f-4920-a939-cbe03bd19536	7	3359128	38254500	25948	0.0323
cd4826d1-f41f-4920-a939-cbe03bd19536	7	38255395	38368878	131	0.2399
cd4826d1-f41f-4920-a939-cbe03bd19536	7	38370089	43580695	3537	0.022
cd4826d1-f41f-4920-a939-cbe03bd19536	7	43588569	43591529	3	-1.0773
cd4826d1-f41f-4920-a939-cbe03bd19536	7	43591769	45511363	989	0.0249
cd4826d1-f41f-4920-a939-cbe03bd19536	7	45512262	45513547	3	-1.1963
cd4826d1-f41f-4920-a939-cbe03bd19536	7	45514082	56908389	8071	0.0212
cd4826d1-f41f-4920-a939-cbe03bd19536	7	56997653	57125266	16	0.536
cd4826d1-f41f-4920-a939-cbe03bd19536	7	57127404	66362795	1845	0.0385
cd4826d1-f41f-4920-a939-cbe03bd19536	7	66365825	71788056	3233	-0.0058
cd4826d1-f41f-4920-a939-cbe03bd19536	7	71789760	79873362	3699	0.0311
cd4826d1-f41f-4920-a939-cbe03bd19536	7	79873848	79874982	4	-1.1753
cd4826d1-f41f-4920-a939-cbe03bd19536	7	79875127	83576986	2513	0.0329
cd4826d1-f41f-4920-a939-cbe03bd19536	7	83577257	134100442	30306	0.0474
cd4826d1-f41f-4920-a939-cbe03bd19536	7	134100458	134110881	24	0.7251
cd4826d1-f41f-4920-a939-cbe03bd19536	7	134110912	139239106	3443	0.05
cd4826d1-f41f-4920-a939-cbe03bd19536	7	139239915	139240030	4	-0.9765
cd4826d1-f41f-4920-a939-cbe03bd19536	7	139249635	142070827	1767	0.0431
cd4826d1-f41f-4920-a939-cbe03bd19536	7	142071122	142134029	46	0.2479
cd4826d1-f41f-4920-a939-cbe03bd19536	7	142135159	142458120	270	0.09
cd4826d1-f41f-4920-a939-cbe03bd19536	7	142458301	142784177	153	0.2
cd4826d1-f41f-4920-a939-cbe03bd19536	7	142784194	144199159	759	0.0453
cd4826d1-f41f-4920-a939-cbe03bd19536	7	144207186	144352208	15	0.6169
cd4826d1-f41f-4920-a939-cbe03bd19536	7	144377836	159334314	9650	0.0386
cd4826d1-f41f-4920-a939-cbe03bd19536	8	81254	645790	328	0.0248
cd4826d1-f41f-4920-a939-cbe03bd19536	8	645875	645908	3	-1.2094
cd4826d1-f41f-4920-a939-cbe03bd19536	8	656117	3926665	3022	0.0209
cd4826d1-f41f-4920-a939-cbe03bd19536	8	3929538	3932584	24	-3.4592
cd4826d1-f41f-4920-a939-cbe03bd19536	8	3933696	14652059	9646	0.0317
cd4826d1-f41f-4920-a939-cbe03bd19536	8	14652523	14652565	3	-1.4368
cd4826d1-f41f-4920-a939-cbe03bd19536	8	14652887	15676642	860	0.0192
cd4826d1-f41f-4920-a939-cbe03bd19536	8	15676740	15688235	13	-0.421
cd4826d1-f41f-4920-a939-cbe03bd19536	8	15689941	16349445	640	0.0373
cd4826d1-f41f-4920-a939-cbe03bd19536	8	16349505	16349614	7	-0.8728
cd4826d1-f41f-4920-a939-cbe03bd19536	8	16354575	16402103	47	0.0788
cd4826d1-f41f-4920-a939-cbe03bd19536	8	16404726	16421186	29	-0.9243
cd4826d1-f41f-4920-a939-cbe03bd19536	8	16425078	25116961	6862	0.0276
cd4826d1-f41f-4920-a939-cbe03bd19536	8	25117007	25126818	25	0.7665
cd4826d1-f41f-4920-a939-cbe03bd19536	8	25133589	27021561	1479	0.026
cd4826d1-f41f-4920-a939-cbe03bd19536	8	27022006	27023165	6	-0.7896
cd4826d1-f41f-4920-a939-cbe03bd19536	8	27029290	39429608	7551	0.0185
cd4826d1-f41f-4920-a939-cbe03bd19536	8	39430113	39526605	37	-0.2222
cd4826d1-f41f-4920-a939-cbe03bd19536	8	39527181	40146419	427	0.0369
cd4826d1-f41f-4920-a939-cbe03bd19536	8	40147212	40147287	2	-1.0893
cd4826d1-f41f-4920-a939-cbe03bd19536	8	40149950	46605390	2340	0.0169
cd4826d1-f41f-4920-a939-cbe03bd19536	8	46609495	46624924	11	0.5421
cd4826d1-f41f-4920-a939-cbe03bd19536	8	46634473	50119451	1807	0.0159
cd4826d1-f41f-4920-a939-cbe03bd19536	8	50119464	50120863	8	0.6465
cd4826d1-f41f-4920-a939-cbe03bd19536	8	50126018	57205493	4595	0.0154
cd4826d1-f41f-4920-a939-cbe03bd19536	8	57215241	57217466	2	-1.2466
cd4826d1-f41f-4920-a939-cbe03bd19536	8	57220239	76506497	12122	0.0227
cd4826d1-f41f-4920-a939-cbe03bd19536	8	76507071	106934492	18152	0.0413
cd4826d1-f41f-4920-a939-cbe03bd19536	8	106935382	106946663	17	-1.1225
cd4826d1-f41f-4920-a939-cbe03bd19536	8	106946740	106961507	13	-0.0838
cd4826d1-f41f-4920-a939-cbe03bd19536	8	106962042	109039681	1288	0.0364
cd4826d1-f41f-4920-a939-cbe03bd19536	8	109043458	109046330	2	-1.0285
cd4826d1-f41f-4920-a939-cbe03bd19536	8	109046822	111279265	1233	0.0289
cd4826d1-f41f-4920-a939-cbe03bd19536	8	111282050	111283016	8	-2.1961
cd4826d1-f41f-4920-a939-cbe03bd19536	8	111283031	136787928	17844	0.0431
cd4826d1-f41f-4920-a939-cbe03bd19536	8	136787943	136850192	85	0.2048
cd4826d1-f41f-4920-a939-cbe03bd19536	8	136851164	137297496	310	0.0393
cd4826d1-f41f-4920-a939-cbe03bd19536	8	137297673	137297713	2	-1.197
cd4826d1-f41f-4920-a939-cbe03bd19536	8	137298455	139591259	2025	0.0316
cd4826d1-f41f-4920-a939-cbe03bd19536	8	139592093	139592379	3	1.1641
cd4826d1-f41f-4920-a939-cbe03bd19536	8	139592400	142059329	1532	0.0459
cd4826d1-f41f-4920-a939-cbe03bd19536	8	142060608	142064388	4	0.8216
cd4826d1-f41f-4920-a939-cbe03bd19536	8	142067056	142140841	53	0.0117
cd4826d1-f41f-4920-a939-cbe03bd19536	8	142143283	142153456	4	-0.9174
cd4826d1-f41f-4920-a939-cbe03bd19536	8	142154517	145072769	1065	0.045
cd4826d1-f41f-4920-a939-cbe03bd19536	9	46587	606844	510	0.0319
cd4826d1-f41f-4920-a939-cbe03bd19536	9	606893	606961	2	-1.0957
cd4826d1-f41f-4920-a939-cbe03bd19536	9	607307	5079156	4734	0.0245
cd4826d1-f41f-4920-a939-cbe03bd19536	9	5081416	5081766	8	-1.0885
cd4826d1-f41f-4920-a939-cbe03bd19536	9	5081852	42046831	26041	0.0199
cd4826d1-f41f-4920-a939-cbe03bd19536	9	42073850	42585140	35	-0.4733
cd4826d1-f41f-4920-a939-cbe03bd19536	9	42697878	42786463	26	0.2484
cd4826d1-f41f-4920-a939-cbe03bd19536	9	42790177	61918848	69	-0.1178
cd4826d1-f41f-4920-a939-cbe03bd19536	9	61952716	63580418	27	0.1773
cd4826d1-f41f-4920-a939-cbe03bd19536	9	63590317	63592813	7	1.9205
cd4826d1-f41f-4920-a939-cbe03bd19536	9	63614182	138200944	48061	0.0172
cd4826d1-f41f-4920-a939-cbe03bd19536	10	45792	4244878	3577	0.0188
cd4826d1-f41f-4920-a939-cbe03bd19536	10	4248622	4248732	3	1.1411
cd4826d1-f41f-4920-a939-cbe03bd19536	10	4248824	17050428	10761	0.0346
cd4826d1-f41f-4920-a939-cbe03bd19536	10	17052998	17053774	3	-1.0849
cd4826d1-f41f-4920-a939-cbe03bd19536	10	17061460	32663409	10954	0.0365
cd4826d1-f41f-4920-a939-cbe03bd19536	10	32663489	32663561	2	1.2139
cd4826d1-f41f-4920-a939-cbe03bd19536	10	32663600	46525728	6387	0.0189
cd4826d1-f41f-4920-a939-cbe03bd19536	10	46525759	46525833	5	-1.0612
cd4826d1-f41f-4920-a939-cbe03bd19536	10	46525848	65546518	12740	0.0347
cd4826d1-f41f-4920-a939-cbe03bd19536	10	65548165	65551602	22	-0.3667
cd4826d1-f41f-4920-a939-cbe03bd19536	10	65554104	69017957	2212	0.0423
cd4826d1-f41f-4920-a939-cbe03bd19536	10	69018017	69018730	2	-1.4105
cd4826d1-f41f-4920-a939-cbe03bd19536	10	69021735	72561463	2569	0.0203
cd4826d1-f41f-4920-a939-cbe03bd19536	10	72562071	74908959	962	0.0728
cd4826d1-f41f-4920-a939-cbe03bd19536	10	74910553	89178916	10086	0.0252
cd4826d1-f41f-4920-a939-cbe03bd19536	10	89183210	89188152	9	-1.0168
cd4826d1-f41f-4920-a939-cbe03bd19536	10	89188211	110027753	13296	0.0296
cd4826d1-f41f-4920-a939-cbe03bd19536	10	110030390	110030804	2	-1.0804
cd4826d1-f41f-4920-a939-cbe03bd19536	10	110031677	127734175	12938	0.0184
cd4826d1-f41f-4920-a939-cbe03bd19536	10	127734603	130380684	2097	-0.0167
cd4826d1-f41f-4920-a939-cbe03bd19536	10	130380742	133654968	2072	0.0173
cd4826d1-f41f-4920-a939-cbe03bd19536	11	198510	4946000	2413	-0.6513
cd4826d1-f41f-4920-a939-cbe03bd19536	11	4946021	4955042	33	-0.0938
cd4826d1-f41f-4920-a939-cbe03bd19536	11	4955781	16604164	8681	-0.6316
cd4826d1-f41f-4920-a939-cbe03bd19536	11	16615776	16616495	6	-1.6797
cd4826d1-f41f-4920-a939-cbe03bd19536	11	16624541	48327685	22029	-0.6256
cd4826d1-f41f-4920-a939-cbe03bd19536	11	48327878	50810146	908	-0.5216
cd4826d1-f41f-4920-a939-cbe03bd19536	11	54554853	55595864	373	0.4236
cd4826d1-f41f-4920-a939-cbe03bd19536	11	55606556	55674842	48	-2.3535
cd4826d1-f41f-4920-a939-cbe03bd19536	11	55676735	55677818	4	1.0448
cd4826d1-f41f-4920-a939-cbe03bd19536	11	55678469	55685533	7	-2.4212
cd4826d1-f41f-4920-a939-cbe03bd19536	11	55686100	58079238	1487	0.4405
cd4826d1-f41f-4920-a939-cbe03bd19536	11	58081219	58082979	2	-1.0934
cd4826d1-f41f-4920-a939-cbe03bd19536	11	58084441	69772815	5784	0.4504
cd4826d1-f41f-4920-a939-cbe03bd19536	11	69778046	69778408	2	-0.8837
cd4826d1-f41f-4920-a939-cbe03bd19536	11	69779237	85432084	9721	0.4535
cd4826d1-f41f-4920-a939-cbe03bd19536	11	85439110	85461757	12	0.0324
cd4826d1-f41f-4920-a939-cbe03bd19536	11	85462955	89741663	2850	0.4364
cd4826d1-f41f-4920-a939-cbe03bd19536	11	89754781	89796439	5	-0.4454
cd4826d1-f41f-4920-a939-cbe03bd19536	11	89802300	101723653	8705	0.4531
cd4826d1-f41f-4920-a939-cbe03bd19536	11	101727129	101727233	4	2.089
cd4826d1-f41f-4920-a939-cbe03bd19536	11	101727481	135074876	23738	0.4449
cd4826d1-f41f-4920-a939-cbe03bd19536	12	51460	11062773	7233	0.0151
cd4826d1-f41f-4920-a939-cbe03bd19536	12	11064250	11088933	12	0.8575
cd4826d1-f41f-4920-a939-cbe03bd19536	12	11099275	12377763	984	0.0351
cd4826d1-f41f-4920-a939-cbe03bd19536	12	12383285	12388935	17	-0.78
cd4826d1-f41f-4920-a939-cbe03bd19536	12	12389946	22096001	6447	0.0193
cd4826d1-f41f-4920-a939-cbe03bd19536	12	22096055	22096272	5	0.7007
cd4826d1-f41f-4920-a939-cbe03bd19536	12	22096280	29181116	5161	0.0134
cd4826d1-f41f-4920-a939-cbe03bd19536	12	29181195	29181205	2	-1.2509
cd4826d1-f41f-4920-a939-cbe03bd19536	12	29181219	33141726	2929	0.0123
cd4826d1-f41f-4920-a939-cbe03bd19536	12	33148472	33154440	27	0.3822
cd4826d1-f41f-4920-a939-cbe03bd19536	12	33155426	45506042	5590	0.0077
cd4826d1-f41f-4920-a939-cbe03bd19536	12	45510655	45515754	4	1.2024
cd4826d1-f41f-4920-a939-cbe03bd19536	12	45519509	99398036	33707	0.0112
cd4826d1-f41f-4920-a939-cbe03bd19536	12	99401515	99404956	31	-0.459
cd4826d1-f41f-4920-a939-cbe03bd19536	12	99409315	126509681	17670	0.0033
cd4826d1-f41f-4920-a939-cbe03bd19536	12	126510400	126520044	7	-0.9509
cd4826d1-f41f-4920-a939-cbe03bd19536	12	126522929	129785032	2962	0.0011
cd4826d1-f41f-4920-a939-cbe03bd19536	12	129785457	129791193	3	-0.8873
cd4826d1-f41f-4920-a939-cbe03bd19536	12	129791325	131636170	1505	-0.0025
cd4826d1-f41f-4920-a939-cbe03bd19536	12	131648039	131659651	18	-0.4048
cd4826d1-f41f-4920-a939-cbe03bd19536	12	131669648	133201603	554	0.003
cd4826d1-f41f-4920-a939-cbe03bd19536	13	18452809	19517126	509	0.0268
cd4826d1-f41f-4920-a939-cbe03bd19536	13	19521169	23055048	2348	0.3788
cd4826d1-f41f-4920-a939-cbe03bd19536	13	23055071	23059376	13	-2.7235
cd4826d1-f41f-4920-a939-cbe03bd19536	13	23064056	23066724	8	0.581
cd4826d1-f41f-4920-a939-cbe03bd19536	13	23067029	24448028	1102	0.3828
cd4826d1-f41f-4920-a939-cbe03bd19536	13	24449798	24465452	19	0.5996
cd4826d1-f41f-4920-a939-cbe03bd19536	13	24465457	24465460	2	1.4609
cd4826d1-f41f-4920-a939-cbe03bd19536	13	24465540	26825201	1667	0.3829
cd4826d1-f41f-4920-a939-cbe03bd19536	13	26830644	28588526	1366	-0.5343
cd4826d1-f41f-4920-a939-cbe03bd19536	13	28592262	30668297	1523	0.3765
cd4826d1-f41f-4920-a939-cbe03bd19536	13	30669443	33982026	2549	-0.5014
cd4826d1-f41f-4920-a939-cbe03bd19536	13	33990447	37496998	2378	0.3846
cd4826d1-f41f-4920-a939-cbe03bd19536	13	37497899	37510620	16	0.9806
cd4826d1-f41f-4920-a939-cbe03bd19536	13	37514193	42035381	3117	0.3884
cd4826d1-f41f-4920-a939-cbe03bd19536	13	42042831	72230762	18708	-0.5177
cd4826d1-f41f-4920-a939-cbe03bd19536	13	72234344	72241965	8	-1.7062
cd4826d1-f41f-4920-a939-cbe03bd19536	13	72242223	82590399	6985	-0.5216
cd4826d1-f41f-4920-a939-cbe03bd19536	13	82594832	82596543	2	-2.4965
cd4826d1-f41f-4920-a939-cbe03bd19536	13	82598520	92698567	6231	-0.5212
cd4826d1-f41f-4920-a939-cbe03bd19536	13	92701580	99361351	4485	0.3815
cd4826d1-f41f-4920-a939-cbe03bd19536	13	99363134	107245262	6197	0.6698
cd4826d1-f41f-4920-a939-cbe03bd19536	13	107248689	107249633	2	-0.712
cd4826d1-f41f-4920-a939-cbe03bd19536	13	107249799	114342922	4905	0.6712
cd4826d1-f41f-4920-a939-cbe03bd19536	14	18239283	18662134	20	0.1179
cd4826d1-f41f-4920-a939-cbe03bd19536	14	18674599	19012857	9	0.5939
cd4826d1-f41f-4920-a939-cbe03bd19536	14	19019303	19955213	138	-0.3246
cd4826d1-f41f-4920-a939-cbe03bd19536	14	19956767	20082188	91	0.0264
cd4826d1-f41f-4920-a939-cbe03bd19536	14	20082381	20087037	3	-1.1409
cd4826d1-f41f-4920-a939-cbe03bd19536	14	20089108	21880601	1195	0.0337
cd4826d1-f41f-4920-a939-cbe03bd19536	14	21881032	22509533	579	0.2108
cd4826d1-f41f-4920-a939-cbe03bd19536	14	22509594	34957568	7900	0.026
cd4826d1-f41f-4920-a939-cbe03bd19536	14	34959789	34960155	2	-1.1223
cd4826d1-f41f-4920-a939-cbe03bd19536	14	34960540	41139155	3829	0.0188
cd4826d1-f41f-4920-a939-cbe03bd19536	14	41141293	41188146	15	-0.8244
cd4826d1-f41f-4920-a939-cbe03bd19536	14	41200899	44437323	1981	0.039
cd4826d1-f41f-4920-a939-cbe03bd19536	14	44442090	44446984	3	-0.8534
cd4826d1-f41f-4920-a939-cbe03bd19536	14	44447303	46121707	883	0.0094
cd4826d1-f41f-4920-a939-cbe03bd19536	14	46122855	46122974	2	-1.7067
cd4826d1-f41f-4920-a939-cbe03bd19536	14	46123697	75881373	18946	0.0244
cd4826d1-f41f-4920-a939-cbe03bd19536	14	75881898	75882339	5	-0.988
cd4826d1-f41f-4920-a939-cbe03bd19536	14	75884780	106294689	19522	0.0217
cd4826d1-f41f-4920-a939-cbe03bd19536	14	106297265	106297273	3	-1.1583
cd4826d1-f41f-4920-a939-cbe03bd19536	14	106297409	106321086	14	0.0638
cd4826d1-f41f-4920-a939-cbe03bd19536	14	106340102	106365807	11	-0.6247
cd4826d1-f41f-4920-a939-cbe03bd19536	14	106369985	106719325	198	0.027
cd4826d1-f41f-4920-a939-cbe03bd19536	14	106769689	106770361	4	-1.7922
cd4826d1-f41f-4920-a939-cbe03bd19536	14	106775945	106877229	68	0.0212
cd4826d1-f41f-4920-a939-cbe03bd19536	15	19811075	20026653	47	-0.067
cd4826d1-f41f-4920-a939-cbe03bd19536	15	20041119	20187568	8	0.2307
cd4826d1-f41f-4920-a939-cbe03bd19536	15	20190276	20373168	33	-0.4574
cd4826d1-f41f-4920-a939-cbe03bd19536	15	20376198	20376311	7	0.2461
cd4826d1-f41f-4920-a939-cbe03bd19536	15	20380735	20384789	12	-1.3817
cd4826d1-f41f-4920-a939-cbe03bd19536	15	20384907	21070355	56	-0.4414
cd4826d1-f41f-4920-a939-cbe03bd19536	15	21071626	21975606	13	-0.919
cd4826d1-f41f-4920-a939-cbe03bd19536	15	21997003	23199669	346	-0.1811
cd4826d1-f41f-4920-a939-cbe03bd19536	15	23396367	23425837	12	-1.2437
cd4826d1-f41f-4920-a939-cbe03bd19536	15	23426699	24405917	661	-0.1616
cd4826d1-f41f-4920-a939-cbe03bd19536	15	24418615	24482084	40	-0.6319
cd4826d1-f41f-4920-a939-cbe03bd19536	15	24485848	30094208	3594	-0.1712
cd4826d1-f41f-4920-a939-cbe03bd19536	15	30106026	30608675	37	0.212
cd4826d1-f41f-4920-a939-cbe03bd19536	15	30621384	78271310	29901	-0.1671
cd4826d1-f41f-4920-a939-cbe03bd19536	15	78272846	82060630	2666	-0.1152
cd4826d1-f41f-4920-a939-cbe03bd19536	15	82060996	82095435	35	-0.2758
cd4826d1-f41f-4920-a939-cbe03bd19536	15	82095521	82095610	4	-1.0598
cd4826d1-f41f-4920-a939-cbe03bd19536	15	82098907	82889131	367	-0.181
cd4826d1-f41f-4920-a939-cbe03bd19536	15	82889302	82889319	2	-1.3076
cd4826d1-f41f-4920-a939-cbe03bd19536	15	82890669	87645905	3093	-0.157
cd4826d1-f41f-4920-a939-cbe03bd19536	15	87650495	87652408	2	-2.3644
cd4826d1-f41f-4920-a939-cbe03bd19536	15	87653519	90391359	1769	-0.151
cd4826d1-f41f-4920-a939-cbe03bd19536	15	90391576	101928837	8857	-0.1083
cd4826d1-f41f-4920-a939-cbe03bd19536	16	10777	19933041	13470	0.0223
cd4826d1-f41f-4920-a939-cbe03bd19536	16	19934328	19954553	28	-0.8569
cd4826d1-f41f-4920-a939-cbe03bd19536	16	19956040	28742130	5409	0.0189
cd4826d1-f41f-4920-a939-cbe03bd19536	16	28752527	28813331	3	-0.8984
cd4826d1-f41f-4920-a939-cbe03bd19536	16	28813550	33694195	1111	0.0164
cd4826d1-f41f-4920-a939-cbe03bd19536	16	33700323	33846000	10	-0.7291
cd4826d1-f41f-4920-a939-cbe03bd19536	16	33846012	55761136	6906	0.0184
cd4826d1-f41f-4920-a939-cbe03bd19536	16	55762477	55788532	22	-0.6472
cd4826d1-f41f-4920-a939-cbe03bd19536	16	55808442	66017015	6761	0.0244
cd4826d1-f41f-4920-a939-cbe03bd19536	16	66019327	66020304	3	-1.2076
cd4826d1-f41f-4920-a939-cbe03bd19536	16	66020806	70117657	1992	0.0171
cd4826d1-f41f-4920-a939-cbe03bd19536	16	70118419	70164493	14	-0.4933
cd4826d1-f41f-4920-a939-cbe03bd19536	16	70177541	77988459	5197	0.0214
cd4826d1-f41f-4920-a939-cbe03bd19536	16	77988852	77988933	2	-1.3017
cd4826d1-f41f-4920-a939-cbe03bd19536	16	77989409	80632324	3079	0.024
cd4826d1-f41f-4920-a939-cbe03bd19536	16	80632491	80638532	3	-1.2657
cd4826d1-f41f-4920-a939-cbe03bd19536	16	80638807	80966235	315	0.043
cd4826d1-f41f-4920-a939-cbe03bd19536	16	80966674	80971505	6	-0.6144
cd4826d1-f41f-4920-a939-cbe03bd19536	16	80972861	83855218	3159	0.0192
cd4826d1-f41f-4920-a939-cbe03bd19536	16	83856075	83858164	3	-2.566
cd4826d1-f41f-4920-a939-cbe03bd19536	16	83858313	90096867	4385	0.0133
cd4826d1-f41f-4920-a939-cbe03bd19536	17	150733	7354708	4083	0.0141
cd4826d1-f41f-4920-a939-cbe03bd19536	17	7362030	7362487	2	-1.8483
cd4826d1-f41f-4920-a939-cbe03bd19536	17	7363157	18455632	7310	0.0099
cd4826d1-f41f-4920-a939-cbe03bd19536	17	18455635	18561907	25	0.7473
cd4826d1-f41f-4920-a939-cbe03bd19536	17	18565883	41266838	9403	0.0245
cd4826d1-f41f-4920-a939-cbe03bd19536	17	41266851	41274198	18	-1.6142
cd4826d1-f41f-4920-a939-cbe03bd19536	17	41274279	46085732	2501	0.0214
cd4826d1-f41f-4920-a939-cbe03bd19536	17	46088437	46286804	124	0.4519
cd4826d1-f41f-4920-a939-cbe03bd19536	17	46323701	55544982	5343	0.0166
cd4826d1-f41f-4920-a939-cbe03bd19536	17	55545649	55545755	2	-1.1886
cd4826d1-f41f-4920-a939-cbe03bd19536	17	55548781	83091923	16239	0.0241
cd4826d1-f41f-4920-a939-cbe03bd19536	18	48133	21164577	10492	0.0325
cd4826d1-f41f-4920-a939-cbe03bd19536	18	21165001	52353872	20320	0.0113
cd4826d1-f41f-4920-a939-cbe03bd19536	18	52354522	52354956	3	-1.5721
cd4826d1-f41f-4920-a939-cbe03bd19536	18	52355816	66054343	9497	0.0162
cd4826d1-f41f-4920-a939-cbe03bd19536	18	66060256	66065527	14	-0.444
cd4826d1-f41f-4920-a939-cbe03bd19536	18	66065571	80257174	10431	0.0174
cd4826d1-f41f-4920-a939-cbe03bd19536	19	90910	21632117	9611	0.0206
cd4826d1-f41f-4920-a939-cbe03bd19536	19	21632838	21637067	2	1.5373
cd4826d1-f41f-4920-a939-cbe03bd19536	19	21637309	58586487	19504	0.0108
cd4826d1-f41f-4920-a939-cbe03bd19536	20	80664	1580353	1203	0.0564
cd4826d1-f41f-4920-a939-cbe03bd19536	20	1580934	1613247	40	2.1094
cd4826d1-f41f-4920-a939-cbe03bd19536	20	1617300	15320728	10397	0.0529
cd4826d1-f41f-4920-a939-cbe03bd19536	20	15321256	15321728	3	-3.0439
cd4826d1-f41f-4920-a939-cbe03bd19536	20	15324612	25604260	8132	0.0402
cd4826d1-f41f-4920-a939-cbe03bd19536	20	25605275	63504849	22273	0.0608
cd4826d1-f41f-4920-a939-cbe03bd19536	20	63506002	64324800	347	0.0171
cd4826d1-f41f-4920-a939-cbe03bd19536	21	10354168	10404522	8	-0.344
cd4826d1-f41f-4920-a939-cbe03bd19536	21	10420775	10511939	12	0.1481
cd4826d1-f41f-4920-a939-cbe03bd19536	21	10512663	10646516	63	0.4029
cd4826d1-f41f-4920-a939-cbe03bd19536	21	10682775	41727214	21030	0.0176
cd4826d1-f41f-4920-a939-cbe03bd19536	21	41729736	41730428	4	-1.2975
cd4826d1-f41f-4920-a939-cbe03bd19536	21	41730694	46677045	2751	0.0045
cd4826d1-f41f-4920-a939-cbe03bd19536	22	15294547	18392404	1132	0.0135
cd4826d1-f41f-4920-a939-cbe03bd19536	22	18547989	18818348	7	1.316
cd4826d1-f41f-4920-a939-cbe03bd19536	22	18822581	21939929	1763	0.0332
cd4826d1-f41f-4920-a939-cbe03bd19536	22	21943287	21944006	4	-0.7953
cd4826d1-f41f-4920-a939-cbe03bd19536	22	21949041	23942595	1477	0.0279
cd4826d1-f41f-4920-a939-cbe03bd19536	22	23943622	23981995	11	-0.3627
cd4826d1-f41f-4920-a939-cbe03bd19536	22	23988078	23989773	2	-2.8486
cd4826d1-f41f-4920-a939-cbe03bd19536	22	23990431	24685371	354	0.0221
cd4826d1-f41f-4920-a939-cbe03bd19536	22	24686148	24686567	3	-1.0391
cd4826d1-f41f-4920-a939-cbe03bd19536	22	24691707	48872888	17292	0.007
cd4826d1-f41f-4920-a939-cbe03bd19536	22	48874111	48874730	2	-2.747
cd4826d1-f41f-4920-a939-cbe03bd19536	22	48877479	50796027	1229	0.0175
cd4826d1-f41f-4920-a939-cbe03bd19536	X	251810	8717106	4601	-0.2289
cd4826d1-f41f-4920-a939-cbe03bd19536	X	8719085	47393444	24014	-0.2533
cd4826d1-f41f-4920-a939-cbe03bd19536	X	47396933	48487475	549	-0.1828
cd4826d1-f41f-4920-a939-cbe03bd19536	X	48487985	51856295	1467	-0.2459
cd4826d1-f41f-4920-a939-cbe03bd19536	X	51856690	55097427	1171	-0.1909
cd4826d1-f41f-4920-a939-cbe03bd19536	X	55097631	55664298	268	0.3001
cd4826d1-f41f-4920-a939-cbe03bd19536	X	55674500	55681123	5	-0.9221
cd4826d1-f41f-4920-a939-cbe03bd19536	X	55681253	71804630	5331	0.3242
cd4826d1-f41f-4920-a939-cbe03bd19536	X	71804685	151124426	43847	0.1323
cd4826d1-f41f-4920-a939-cbe03bd19536	X	151125462	151126987	2	-2.7387
cd4826d1-f41f-4920-a939-cbe03bd19536	X	151128083	155952689	2364	0.1377
cd4826d1-f41f-4920-a939-cbe03bd19536	Y	2782397	6249869	785	-3.0616
cd4826d1-f41f-4920-a939-cbe03bd19536	Y	6252391	17053374	4233	-3.574
cd4826d1-f41f-4920-a939-cbe03bd19536	Y	17054981	17070391	9	-6.1736
cd4826d1-f41f-4920-a939-cbe03bd19536	Y	17073469	25971733	1441	-3.6017
cd4826d1-f41f-4920-a939-cbe03bd19536	Y	26077669	56872112	172	-3.0063
