Sample	Chromosome	Start	End	Num_Probes	Segment_Mean
BUBBY_p_TCGA_b89_105_SNP_N_GenomeWideSNP_6_B03_777394	1	51598	88465	17	0.4533
BUBBY_p_TCGA_b89_105_SNP_N_GenomeWideSNP_6_B03_777394	1	218569	16929044	8795	-0.0088
BUBBY_p_TCGA_b89_105_SNP_N_GenomeWideSNP_6_B03_777394	1	16949054	17050552	21	0.6614
BUBBY_p_TCGA_b89_105_SNP_N_GenomeWideSNP_6_B03_777394	1	17055024	25447058	5334	-0.0049
BUBBY_p_TCGA_b89_105_SNP_N_GenomeWideSNP_6_B03_777394	1	25447294	25534592	36	0.389
BUBBY_p_TCGA_b89_105_SNP_N_GenomeWideSNP_6_B03_777394	1	25534799	43249544	9695	5e-04
BUBBY_p_TCGA_b89_105_SNP_N_GenomeWideSNP_6_B03_777394	1	43250383	43251193	2	-1.6896
BUBBY_p_TCGA_b89_105_SNP_N_GenomeWideSNP_6_B03_777394	1	43259211	72541006	19091	0.0043
BUBBY_p_TCGA_b89_105_SNP_N_GenomeWideSNP_6_B03_777394	1	72541086	72583736	47	-1.3699
BUBBY_p_TCGA_b89_105_SNP_N_GenomeWideSNP_6_B03_777394	1	72584492	112491849	25713	0.0067
BUBBY_p_TCGA_b89_105_SNP_N_GenomeWideSNP_6_B03_777394	1	112497488	112498764	23	-0.6349
BUBBY_p_TCGA_b89_105_SNP_N_GenomeWideSNP_6_B03_777394	1	112498899	147216799	6385	0.0026
BUBBY_p_TCGA_b89_105_SNP_N_GenomeWideSNP_6_B03_777394	1	147220620	147572692	144	-0.7364
BUBBY_p_TCGA_b89_105_SNP_N_GenomeWideSNP_6_B03_777394	1	147603260	147695830	22	-0.3368
BUBBY_p_TCGA_b89_105_SNP_N_GenomeWideSNP_6_B03_777394	1	147703466	150822151	1498	-1e-04
BUBBY_p_TCGA_b89_105_SNP_N_GenomeWideSNP_6_B03_777394	1	150822330	150857118	36	1.1886
BUBBY_p_TCGA_b89_105_SNP_N_GenomeWideSNP_6_B03_777394	1	150857189	151026302	169	0.0232
BUBBY_p_TCGA_b89_105_SNP_N_GenomeWideSNP_6_B03_777394	1	151028547	151034587	31	0.4705
BUBBY_p_TCGA_b89_105_SNP_N_GenomeWideSNP_6_B03_777394	1	151034883	157133197	3630	0.0013
BUBBY_p_TCGA_b89_105_SNP_N_GenomeWideSNP_6_B03_777394	1	157135125	157136383	2	2.282
BUBBY_p_TCGA_b89_105_SNP_N_GenomeWideSNP_6_B03_777394	1	157141442	159200392	1395	0.0023
BUBBY_p_TCGA_b89_105_SNP_N_GenomeWideSNP_6_B03_777394	1	159203644	159206145	3	-1.1379
BUBBY_p_TCGA_b89_105_SNP_N_GenomeWideSNP_6_B03_777394	1	159206656	166031459	5208	0.0089
BUBBY_p_TCGA_b89_105_SNP_N_GenomeWideSNP_6_B03_777394	1	166032807	166033543	4	-1.229
BUBBY_p_TCGA_b89_105_SNP_N_GenomeWideSNP_6_B03_777394	1	166035137	167483561	1113	0.0047
BUBBY_p_TCGA_b89_105_SNP_N_GenomeWideSNP_6_B03_777394	1	167500598	167522026	10	0.7063
BUBBY_p_TCGA_b89_105_SNP_N_GenomeWideSNP_6_B03_777394	1	167523125	192714857	16753	0.0081
BUBBY_p_TCGA_b89_105_SNP_N_GenomeWideSNP_6_B03_777394	1	192718034	192721641	2	-1.4389
BUBBY_p_TCGA_b89_105_SNP_N_GenomeWideSNP_6_B03_777394	1	192723639	194981496	1454	0.0091
BUBBY_p_TCGA_b89_105_SNP_N_GenomeWideSNP_6_B03_777394	1	194994473	195068625	92	0.3439
BUBBY_p_TCGA_b89_105_SNP_N_GenomeWideSNP_6_B03_777394	1	195068695	211071078	10779	0.0073
BUBBY_p_TCGA_b89_105_SNP_N_GenomeWideSNP_6_B03_777394	1	211071635	211073020	6	-0.9619
BUBBY_p_TCGA_b89_105_SNP_N_GenomeWideSNP_6_B03_777394	1	211077059	215738394	3411	0.0028
BUBBY_p_TCGA_b89_105_SNP_N_GenomeWideSNP_6_B03_777394	1	215738862	215798492	32	-0.8865
BUBBY_p_TCGA_b89_105_SNP_N_GenomeWideSNP_6_B03_777394	1	215804234	243703033	19520	0.0029
BUBBY_p_TCGA_b89_105_SNP_N_GenomeWideSNP_6_B03_777394	1	243703662	243713527	11	-1.0306
BUBBY_p_TCGA_b89_105_SNP_N_GenomeWideSNP_6_B03_777394	1	243716274	247191011	2210	0.0179
BUBBY_p_TCGA_b89_105_SNP_N_GenomeWideSNP_6_B03_777394	2	2784	34544573	24125	0.0031
BUBBY_p_TCGA_b89_105_SNP_N_GenomeWideSNP_6_B03_777394	2	34552819	34590561	46	0.6966
BUBBY_p_TCGA_b89_105_SNP_N_GenomeWideSNP_6_B03_777394	2	34590667	35829477	874	0.0318
BUBBY_p_TCGA_b89_105_SNP_N_GenomeWideSNP_6_B03_777394	2	35831294	35841451	7	-1.1428
BUBBY_p_TCGA_b89_105_SNP_N_GenomeWideSNP_6_B03_777394	2	35850977	52595241	12168	0.012
BUBBY_p_TCGA_b89_105_SNP_N_GenomeWideSNP_6_B03_777394	2	52597429	52608385	8	-1.009
BUBBY_p_TCGA_b89_105_SNP_N_GenomeWideSNP_6_B03_777394	2	52612257	52634878	27	0.4733
BUBBY_p_TCGA_b89_105_SNP_N_GenomeWideSNP_6_B03_777394	2	52634901	86791198	21963	0.009
BUBBY_p_TCGA_b89_105_SNP_N_GenomeWideSNP_6_B03_777394	2	86806581	86807365	2	-1.9185
BUBBY_p_TCGA_b89_105_SNP_N_GenomeWideSNP_6_B03_777394	2	86823917	87600504	237	-0.0051
BUBBY_p_TCGA_b89_105_SNP_N_GenomeWideSNP_6_B03_777394	2	87600933	87639628	12	-0.5285
BUBBY_p_TCGA_b89_105_SNP_N_GenomeWideSNP_6_B03_777394	2	87650383	106241081	7483	0.0033
BUBBY_p_TCGA_b89_105_SNP_N_GenomeWideSNP_6_B03_777394	2	106241154	106253840	15	-0.4434
BUBBY_p_TCGA_b89_105_SNP_N_GenomeWideSNP_6_B03_777394	2	106254302	126527271	11753	0.0105
BUBBY_p_TCGA_b89_105_SNP_N_GenomeWideSNP_6_B03_777394	2	126534292	126536150	5	-0.9999
BUBBY_p_TCGA_b89_105_SNP_N_GenomeWideSNP_6_B03_777394	2	126536990	127204092	408	0.0242
BUBBY_p_TCGA_b89_105_SNP_N_GenomeWideSNP_6_B03_777394	2	127208625	127208661	2	-1.4351
BUBBY_p_TCGA_b89_105_SNP_N_GenomeWideSNP_6_B03_777394	2	127208924	184277315	34995	0.0039
BUBBY_p_TCGA_b89_105_SNP_N_GenomeWideSNP_6_B03_777394	2	184279555	184280035	5	0.8089
BUBBY_p_TCGA_b89_105_SNP_N_GenomeWideSNP_6_B03_777394	2	184282020	216563718	19298	0.0107
BUBBY_p_TCGA_b89_105_SNP_N_GenomeWideSNP_6_B03_777394	2	216567096	216575608	12	-1.2605
BUBBY_p_TCGA_b89_105_SNP_N_GenomeWideSNP_6_B03_777394	2	216579725	242738129	16695	-0.0026
BUBBY_p_TCGA_b89_105_SNP_N_GenomeWideSNP_6_B03_777394	3	35345	6621543	5848	0.0419
BUBBY_p_TCGA_b89_105_SNP_N_GenomeWideSNP_6_B03_777394	3	6626128	6628332	23	-3.1784
BUBBY_p_TCGA_b89_105_SNP_N_GenomeWideSNP_6_B03_777394	3	6630078	11383063	3718	0.0022
BUBBY_p_TCGA_b89_105_SNP_N_GenomeWideSNP_6_B03_777394	3	11387604	11388400	4	-1.3507
BUBBY_p_TCGA_b89_105_SNP_N_GenomeWideSNP_6_B03_777394	3	11392265	26586653	10480	0.0056
BUBBY_p_TCGA_b89_105_SNP_N_GenomeWideSNP_6_B03_777394	3	26586671	26586889	4	-2.4393
BUBBY_p_TCGA_b89_105_SNP_N_GenomeWideSNP_6_B03_777394	3	26586902	26589978	9	-0.1388
BUBBY_p_TCGA_b89_105_SNP_N_GenomeWideSNP_6_B03_777394	3	26589980	26589986	5	-0.8995
BUBBY_p_TCGA_b89_105_SNP_N_GenomeWideSNP_6_B03_777394	3	26589988	34915767	5559	0.0085
BUBBY_p_TCGA_b89_105_SNP_N_GenomeWideSNP_6_B03_777394	3	34915822	34916010	2	-1.2603
BUBBY_p_TCGA_b89_105_SNP_N_GenomeWideSNP_6_B03_777394	3	34916077	52998251	10154	7e-04
BUBBY_p_TCGA_b89_105_SNP_N_GenomeWideSNP_6_B03_777394	3	53006776	53014495	40	-1.6319
BUBBY_p_TCGA_b89_105_SNP_N_GenomeWideSNP_6_B03_777394	3	53014529	68828854	12041	0.0049
BUBBY_p_TCGA_b89_105_SNP_N_GenomeWideSNP_6_B03_777394	3	68828949	68830103	14	1.0151
BUBBY_p_TCGA_b89_105_SNP_N_GenomeWideSNP_6_B03_777394	3	68831448	100420474	15966	-2e-04
BUBBY_p_TCGA_b89_105_SNP_N_GenomeWideSNP_6_B03_777394	3	100427148	100427989	14	-1.687
BUBBY_p_TCGA_b89_105_SNP_N_GenomeWideSNP_6_B03_777394	3	100428085	100431746	13	-3.3089
BUBBY_p_TCGA_b89_105_SNP_N_GenomeWideSNP_6_B03_777394	3	100431759	100431998	9	-1.6896
BUBBY_p_TCGA_b89_105_SNP_N_GenomeWideSNP_6_B03_777394	3	100432004	129867213	18118	0.0028
BUBBY_p_TCGA_b89_105_SNP_N_GenomeWideSNP_6_B03_777394	3	129869292	129895021	14	0.8891
BUBBY_p_TCGA_b89_105_SNP_N_GenomeWideSNP_6_B03_777394	3	129896851	131246388	626	-0.0177
BUBBY_p_TCGA_b89_105_SNP_N_GenomeWideSNP_6_B03_777394	3	131249276	131288926	51	-1.3613
BUBBY_p_TCGA_b89_105_SNP_N_GenomeWideSNP_6_B03_777394	3	131289614	176563305	28033	0.0075
BUBBY_p_TCGA_b89_105_SNP_N_GenomeWideSNP_6_B03_777394	3	176563441	176563920	4	-1.0348
BUBBY_p_TCGA_b89_105_SNP_N_GenomeWideSNP_6_B03_777394	3	176564019	194360596	11536	0.0061
BUBBY_p_TCGA_b89_105_SNP_N_GenomeWideSNP_6_B03_777394	3	194360656	194365597	19	-1.6035
BUBBY_p_TCGA_b89_105_SNP_N_GenomeWideSNP_6_B03_777394	3	194369129	196115457	1160	-0.0024
BUBBY_p_TCGA_b89_105_SNP_N_GenomeWideSNP_6_B03_777394	3	196115877	196123134	6	-0.7248
BUBBY_p_TCGA_b89_105_SNP_N_GenomeWideSNP_6_B03_777394	3	196123769	196767187	321	-0.0069
BUBBY_p_TCGA_b89_105_SNP_N_GenomeWideSNP_6_B03_777394	3	196868323	196932593	28	-1.1514
BUBBY_p_TCGA_b89_105_SNP_N_GenomeWideSNP_6_B03_777394	3	196941179	197145947	99	-0.1272
BUBBY_p_TCGA_b89_105_SNP_N_GenomeWideSNP_6_B03_777394	3	197175243	197203162	7	-1.0696
BUBBY_p_TCGA_b89_105_SNP_N_GenomeWideSNP_6_B03_777394	3	197209701	199380515	1086	-0.0029
BUBBY_p_TCGA_b89_105_SNP_N_GenomeWideSNP_6_B03_777394	4	2281	713340	307	0.0318
BUBBY_p_TCGA_b89_105_SNP_N_GenomeWideSNP_6_B03_777394	4	719627	723926	3	0.8684
BUBBY_p_TCGA_b89_105_SNP_N_GenomeWideSNP_6_B03_777394	4	724007	3569248	1202	0.003
BUBBY_p_TCGA_b89_105_SNP_N_GenomeWideSNP_6_B03_777394	4	3569667	3571982	2	-2.0598
BUBBY_p_TCGA_b89_105_SNP_N_GenomeWideSNP_6_B03_777394	4	3579188	4150577	189	-0.0228
BUBBY_p_TCGA_b89_105_SNP_N_GenomeWideSNP_6_B03_777394	4	4154245	4203661	11	-0.6836
BUBBY_p_TCGA_b89_105_SNP_N_GenomeWideSNP_6_B03_777394	4	4210964	9073635	3538	0.0047
BUBBY_p_TCGA_b89_105_SNP_N_GenomeWideSNP_6_B03_777394	4	9074070	9087947	4	1.258
BUBBY_p_TCGA_b89_105_SNP_N_GenomeWideSNP_6_B03_777394	4	9088133	9819488	549	-0.0077
BUBBY_p_TCGA_b89_105_SNP_N_GenomeWideSNP_6_B03_777394	4	9823258	9840596	29	-2.346
BUBBY_p_TCGA_b89_105_SNP_N_GenomeWideSNP_6_B03_777394	4	9843312	9999813	178	-0.0152
BUBBY_p_TCGA_b89_105_SNP_N_GenomeWideSNP_6_B03_777394	4	10002252	10009766	15	0.5719
BUBBY_p_TCGA_b89_105_SNP_N_GenomeWideSNP_6_B03_777394	4	10011816	11760561	1469	0.0044
BUBBY_p_TCGA_b89_105_SNP_N_GenomeWideSNP_6_B03_777394	4	11763606	11771239	3	-1.1234
BUBBY_p_TCGA_b89_105_SNP_N_GenomeWideSNP_6_B03_777394	4	11775022	48962605	24373	0.0114
BUBBY_p_TCGA_b89_105_SNP_N_GenomeWideSNP_6_B03_777394	4	48985949	48986112	2	-2.3124
BUBBY_p_TCGA_b89_105_SNP_N_GenomeWideSNP_6_B03_777394	4	48991977	61619533	6101	0.0086
BUBBY_p_TCGA_b89_105_SNP_N_GenomeWideSNP_6_B03_777394	4	61623530	61624547	2	-1.3335
BUBBY_p_TCGA_b89_105_SNP_N_GenomeWideSNP_6_B03_777394	4	61628281	64370170	1496	0.0237
BUBBY_p_TCGA_b89_105_SNP_N_GenomeWideSNP_6_B03_777394	4	64370846	64417013	49	0.2988
BUBBY_p_TCGA_b89_105_SNP_N_GenomeWideSNP_6_B03_777394	4	64418102	68902978	2840	0.0191
BUBBY_p_TCGA_b89_105_SNP_N_GenomeWideSNP_6_B03_777394	4	68909443	68970737	12	-0.9561
BUBBY_p_TCGA_b89_105_SNP_N_GenomeWideSNP_6_B03_777394	4	68977394	69027207	9	0.2678
BUBBY_p_TCGA_b89_105_SNP_N_GenomeWideSNP_6_B03_777394	4	69043083	69222620	75	-0.3569
BUBBY_p_TCGA_b89_105_SNP_N_GenomeWideSNP_6_B03_777394	4	69234339	69406991	3	-1.0207
BUBBY_p_TCGA_b89_105_SNP_N_GenomeWideSNP_6_B03_777394	4	69408681	115393149	27752	0.0101
BUBBY_p_TCGA_b89_105_SNP_N_GenomeWideSNP_6_B03_777394	4	115394772	115401624	23	0.8497
BUBBY_p_TCGA_b89_105_SNP_N_GenomeWideSNP_6_B03_777394	4	115403678	172613549	34761	0.0083
BUBBY_p_TCGA_b89_105_SNP_N_GenomeWideSNP_6_B03_777394	4	172613832	172614285	6	-0.9647
BUBBY_p_TCGA_b89_105_SNP_N_GenomeWideSNP_6_B03_777394	4	172614299	173224503	398	0.0194
BUBBY_p_TCGA_b89_105_SNP_N_GenomeWideSNP_6_B03_777394	4	173225723	173226108	12	-1.6466
BUBBY_p_TCGA_b89_105_SNP_N_GenomeWideSNP_6_B03_777394	4	173232554	190426037	11746	0.0177
BUBBY_p_TCGA_b89_105_SNP_N_GenomeWideSNP_6_B03_777394	4	190432112	190436258	4	-2.9927
BUBBY_p_TCGA_b89_105_SNP_N_GenomeWideSNP_6_B03_777394	4	190436765	191261904	386	0.0489
BUBBY_p_TCGA_b89_105_SNP_N_GenomeWideSNP_6_B03_777394	5	68532	21412601	15738	0.004
BUBBY_p_TCGA_b89_105_SNP_N_GenomeWideSNP_6_B03_777394	5	21413596	21413610	2	1.5452
BUBBY_p_TCGA_b89_105_SNP_N_GenomeWideSNP_6_B03_777394	5	21421823	21485033	45	0.0046
BUBBY_p_TCGA_b89_105_SNP_N_GenomeWideSNP_6_B03_777394	5	21486957	21488195	5	1.1029
BUBBY_p_TCGA_b89_105_SNP_N_GenomeWideSNP_6_B03_777394	5	21488253	46306865	15035	0.0098
BUBBY_p_TCGA_b89_105_SNP_N_GenomeWideSNP_6_B03_777394	5	46307687	46313969	7	-2.3306
BUBBY_p_TCGA_b89_105_SNP_N_GenomeWideSNP_6_B03_777394	5	46349104	57357403	5082	-0.003
BUBBY_p_TCGA_b89_105_SNP_N_GenomeWideSNP_6_B03_777394	5	57361784	57369290	32	1.6914
BUBBY_p_TCGA_b89_105_SNP_N_GenomeWideSNP_6_B03_777394	5	57374114	61458086	2739	0.0077
BUBBY_p_TCGA_b89_105_SNP_N_GenomeWideSNP_6_B03_777394	5	61460363	61506207	37	-0.9985
BUBBY_p_TCGA_b89_105_SNP_N_GenomeWideSNP_6_B03_777394	5	61506952	151494364	54934	0.0101
BUBBY_p_TCGA_b89_105_SNP_N_GenomeWideSNP_6_B03_777394	5	151495579	151498544	14	-2.7773
BUBBY_p_TCGA_b89_105_SNP_N_GenomeWideSNP_6_B03_777394	5	151500464	155409350	2665	0.0039
BUBBY_p_TCGA_b89_105_SNP_N_GenomeWideSNP_6_B03_777394	5	155409498	155415293	12	-0.6437
BUBBY_p_TCGA_b89_105_SNP_N_GenomeWideSNP_6_B03_777394	5	155415307	175392693	14107	0.0019
BUBBY_p_TCGA_b89_105_SNP_N_GenomeWideSNP_6_B03_777394	5	175398295	175402113	2	-2.5119
BUBBY_p_TCGA_b89_105_SNP_N_GenomeWideSNP_6_B03_777394	5	175402930	177131055	728	-0.018
BUBBY_p_TCGA_b89_105_SNP_N_GenomeWideSNP_6_B03_777394	5	177160157	177165211	3	1.343
BUBBY_p_TCGA_b89_105_SNP_N_GenomeWideSNP_6_B03_777394	5	177187571	180722926	2004	-0.0102
BUBBY_p_TCGA_b89_105_SNP_N_GenomeWideSNP_6_B03_777394	6	94661	248121	127	0.0011
BUBBY_p_TCGA_b89_105_SNP_N_GenomeWideSNP_6_B03_777394	6	259962	326149	75	0.2806
BUBBY_p_TCGA_b89_105_SNP_N_GenomeWideSNP_6_B03_777394	6	327559	16195213	12394	0.0033
BUBBY_p_TCGA_b89_105_SNP_N_GenomeWideSNP_6_B03_777394	6	16195628	16196247	2	-1.5571
BUBBY_p_TCGA_b89_105_SNP_N_GenomeWideSNP_6_B03_777394	6	16196372	23165616	5152	0.0067
BUBBY_p_TCGA_b89_105_SNP_N_GenomeWideSNP_6_B03_777394	6	23168970	23172233	4	-1.1852
BUBBY_p_TCGA_b89_105_SNP_N_GenomeWideSNP_6_B03_777394	6	23175624	27736372	2938	0.0115
BUBBY_p_TCGA_b89_105_SNP_N_GenomeWideSNP_6_B03_777394	6	27740523	27764154	15	0.6254
BUBBY_p_TCGA_b89_105_SNP_N_GenomeWideSNP_6_B03_777394	6	27764257	32539530	2260	-0.0019
BUBBY_p_TCGA_b89_105_SNP_N_GenomeWideSNP_6_B03_777394	6	32556107	32609277	21	-0.6832
BUBBY_p_TCGA_b89_105_SNP_N_GenomeWideSNP_6_B03_777394	6	32616454	54039026	13801	0.0032
BUBBY_p_TCGA_b89_105_SNP_N_GenomeWideSNP_6_B03_777394	6	54039043	54039814	8	-1.0923
BUBBY_p_TCGA_b89_105_SNP_N_GenomeWideSNP_6_B03_777394	6	54043307	55937822	1215	8e-04
BUBBY_p_TCGA_b89_105_SNP_N_GenomeWideSNP_6_B03_777394	6	55937907	55951619	7	-0.9173
BUBBY_p_TCGA_b89_105_SNP_N_GenomeWideSNP_6_B03_777394	6	55958837	74648586	9305	0.0203
BUBBY_p_TCGA_b89_105_SNP_N_GenomeWideSNP_6_B03_777394	6	74648953	74658138	10	1.1224
BUBBY_p_TCGA_b89_105_SNP_N_GenomeWideSNP_6_B03_777394	6	74660283	77493251	1770	0.0114
BUBBY_p_TCGA_b89_105_SNP_N_GenomeWideSNP_6_B03_777394	6	77496587	77509476	21	-0.4624
BUBBY_p_TCGA_b89_105_SNP_N_GenomeWideSNP_6_B03_777394	6	77517792	78085482	353	0.0071
BUBBY_p_TCGA_b89_105_SNP_N_GenomeWideSNP_6_B03_777394	6	78086346	78087852	4	0.8258
BUBBY_p_TCGA_b89_105_SNP_N_GenomeWideSNP_6_B03_777394	6	78088877	79025784	624	0.014
BUBBY_p_TCGA_b89_105_SNP_N_GenomeWideSNP_6_B03_777394	6	79025824	79108563	122	0.38
BUBBY_p_TCGA_b89_105_SNP_N_GenomeWideSNP_6_B03_777394	6	79108671	85707419	4200	0.009
BUBBY_p_TCGA_b89_105_SNP_N_GenomeWideSNP_6_B03_777394	6	85708324	85709421	2	-2.0426
BUBBY_p_TCGA_b89_105_SNP_N_GenomeWideSNP_6_B03_777394	6	85712734	117746695	19916	0.0086
BUBBY_p_TCGA_b89_105_SNP_N_GenomeWideSNP_6_B03_777394	6	117747606	117747709	2	-1.3558
BUBBY_p_TCGA_b89_105_SNP_N_GenomeWideSNP_6_B03_777394	6	117749188	134307961	10510	0.0113
BUBBY_p_TCGA_b89_105_SNP_N_GenomeWideSNP_6_B03_777394	6	134310764	134311325	2	-2.3806
BUBBY_p_TCGA_b89_105_SNP_N_GenomeWideSNP_6_B03_777394	6	134313765	165218806	21215	0.0047
BUBBY_p_TCGA_b89_105_SNP_N_GenomeWideSNP_6_B03_777394	6	165219292	165229446	2	-2.9665
BUBBY_p_TCGA_b89_105_SNP_N_GenomeWideSNP_6_B03_777394	6	165229518	170892930	3949	0
BUBBY_p_TCGA_b89_105_SNP_N_GenomeWideSNP_6_B03_777394	7	52911	5917354	3084	0.0085
BUBBY_p_TCGA_b89_105_SNP_N_GenomeWideSNP_6_B03_777394	7	5922785	5970431	9	-0.6317
BUBBY_p_TCGA_b89_105_SNP_N_GenomeWideSNP_6_B03_777394	7	5993133	38257218	24363	0.0177
BUBBY_p_TCGA_b89_105_SNP_N_GenomeWideSNP_6_B03_777394	7	38257239	38285864	13	0.5455
BUBBY_p_TCGA_b89_105_SNP_N_GenomeWideSNP_6_B03_777394	7	38285903	54347867	11132	0.0054
BUBBY_p_TCGA_b89_105_SNP_N_GenomeWideSNP_6_B03_777394	7	54353999	54354011	6	-2.1666
BUBBY_p_TCGA_b89_105_SNP_N_GenomeWideSNP_6_B03_777394	7	54360982	64203020	3138	0.0131
BUBBY_p_TCGA_b89_105_SNP_N_GenomeWideSNP_6_B03_777394	7	64204392	64288784	12	0.5164
BUBBY_p_TCGA_b89_105_SNP_N_GenomeWideSNP_6_B03_777394	7	64289075	97233396	19014	0.0161
BUBBY_p_TCGA_b89_105_SNP_N_GenomeWideSNP_6_B03_777394	7	97233398	97240411	15	-2.2064
BUBBY_p_TCGA_b89_105_SNP_N_GenomeWideSNP_6_B03_777394	7	97242176	100163125	1287	0.0106
BUBBY_p_TCGA_b89_105_SNP_N_GenomeWideSNP_6_B03_777394	7	100167180	100167201	2	-2.6254
BUBBY_p_TCGA_b89_105_SNP_N_GenomeWideSNP_6_B03_777394	7	100170778	111998979	7207	0.0137
BUBBY_p_TCGA_b89_105_SNP_N_GenomeWideSNP_6_B03_777394	7	111999673	111999779	2	-1.3422
BUBBY_p_TCGA_b89_105_SNP_N_GenomeWideSNP_6_B03_777394	7	112000103	133425692	12927	0.014
BUBBY_p_TCGA_b89_105_SNP_N_GenomeWideSNP_6_B03_777394	7	133426002	133449737	44	0.3455
BUBBY_p_TCGA_b89_105_SNP_N_GenomeWideSNP_6_B03_777394	7	133456784	141409593	5201	0.0039
BUBBY_p_TCGA_b89_105_SNP_N_GenomeWideSNP_6_B03_777394	7	141416112	141434115	33	0.3438
BUBBY_p_TCGA_b89_105_SNP_N_GenomeWideSNP_6_B03_777394	7	141434368	142154515	460	0.0379
BUBBY_p_TCGA_b89_105_SNP_N_GenomeWideSNP_6_B03_777394	7	142156294	142165614	27	-2.3096
BUBBY_p_TCGA_b89_105_SNP_N_GenomeWideSNP_6_B03_777394	7	142165684	142933890	474	0.0134
BUBBY_p_TCGA_b89_105_SNP_N_GenomeWideSNP_6_B03_777394	7	142934040	143028975	27	0.4789
BUBBY_p_TCGA_b89_105_SNP_N_GenomeWideSNP_6_B03_777394	7	143028993	143540378	344	0.0484
BUBBY_p_TCGA_b89_105_SNP_N_GenomeWideSNP_6_B03_777394	7	143542557	143681866	37	0.5683
BUBBY_p_TCGA_b89_105_SNP_N_GenomeWideSNP_6_B03_777394	7	143682164	156078435	8067	0.0119
BUBBY_p_TCGA_b89_105_SNP_N_GenomeWideSNP_6_B03_777394	7	156084551	156086940	4	-1.0576
BUBBY_p_TCGA_b89_105_SNP_N_GenomeWideSNP_6_B03_777394	7	156087669	158819765	1631	0.0017
BUBBY_p_TCGA_b89_105_SNP_N_GenomeWideSNP_6_B03_777394	8	21254	583041	327	-0.0198
BUBBY_p_TCGA_b89_105_SNP_N_GenomeWideSNP_6_B03_777394	8	584944	585908	10	-0.5424
BUBBY_p_TCGA_b89_105_SNP_N_GenomeWideSNP_6_B03_777394	8	591043	6147355	6582	0.0333
BUBBY_p_TCGA_b89_105_SNP_N_GenomeWideSNP_6_B03_777394	8	6147444	6147478	2	-1.4223
BUBBY_p_TCGA_b89_105_SNP_N_GenomeWideSNP_6_B03_777394	8	6148975	6827707	815	0.0118
BUBBY_p_TCGA_b89_105_SNP_N_GenomeWideSNP_6_B03_777394	8	6846225	6863552	4	-0.8405
BUBBY_p_TCGA_b89_105_SNP_N_GenomeWideSNP_6_B03_777394	8	6865598	7024229	83	-0.0073
BUBBY_p_TCGA_b89_105_SNP_N_GenomeWideSNP_6_B03_777394	8	7027263	7241701	36	-0.3258
BUBBY_p_TCGA_b89_105_SNP_N_GenomeWideSNP_6_B03_777394	8	7241738	8091754	212	0.0033
BUBBY_p_TCGA_b89_105_SNP_N_GenomeWideSNP_6_B03_777394	8	8092670	8107713	2	-2.2474
BUBBY_p_TCGA_b89_105_SNP_N_GenomeWideSNP_6_B03_777394	8	8109713	11986960	3225	0.0041
BUBBY_p_TCGA_b89_105_SNP_N_GenomeWideSNP_6_B03_777394	8	12025135	12038532	6	-1.1317
BUBBY_p_TCGA_b89_105_SNP_N_GenomeWideSNP_6_B03_777394	8	12071716	12242625	9	0.209
BUBBY_p_TCGA_b89_105_SNP_N_GenomeWideSNP_6_B03_777394	8	12260380	12310454	46	0.6304
BUBBY_p_TCGA_b89_105_SNP_N_GenomeWideSNP_6_B03_777394	8	12310738	25030360	10490	0.0136
BUBBY_p_TCGA_b89_105_SNP_N_GenomeWideSNP_6_B03_777394	8	25030393	25040250	26	-0.4064
BUBBY_p_TCGA_b89_105_SNP_N_GenomeWideSNP_6_B03_777394	8	25047021	40891153	10177	-8e-04
BUBBY_p_TCGA_b89_105_SNP_N_GenomeWideSNP_6_B03_777394	8	40897009	40897628	2	-1.9802
BUBBY_p_TCGA_b89_105_SNP_N_GenomeWideSNP_6_B03_777394	8	40902837	43434345	1417	0.0087
BUBBY_p_TCGA_b89_105_SNP_N_GenomeWideSNP_6_B03_777394	8	43437106	43480776	15	0.6004
BUBBY_p_TCGA_b89_105_SNP_N_GenomeWideSNP_6_B03_777394	8	43486376	72374919	15412	0.0051
BUBBY_p_TCGA_b89_105_SNP_N_GenomeWideSNP_6_B03_777394	8	72377865	72379153	9	-0.6552
BUBBY_p_TCGA_b89_105_SNP_N_GenomeWideSNP_6_B03_777394	8	72382417	112363642	24144	0.0102
BUBBY_p_TCGA_b89_105_SNP_N_GenomeWideSNP_6_B03_777394	8	112363822	112364421	6	-1.9163
BUBBY_p_TCGA_b89_105_SNP_N_GenomeWideSNP_6_B03_777394	8	112364436	115703730	1827	0.0064
BUBBY_p_TCGA_b89_105_SNP_N_GenomeWideSNP_6_B03_777394	8	115703829	115719873	34	-0.7203
BUBBY_p_TCGA_b89_105_SNP_N_GenomeWideSNP_6_B03_777394	8	115719963	146268959	21085	0.0041
BUBBY_p_TCGA_b89_105_SNP_N_GenomeWideSNP_6_B03_777394	9	36587	662786	655	0.0311
BUBBY_p_TCGA_b89_105_SNP_N_GenomeWideSNP_6_B03_777394	9	662895	663106	3	-1.1744
BUBBY_p_TCGA_b89_105_SNP_N_GenomeWideSNP_6_B03_777394	9	663167	10393105	9329	0.0201
BUBBY_p_TCGA_b89_105_SNP_N_GenomeWideSNP_6_B03_777394	9	10394138	10394986	2	1.3106
BUBBY_p_TCGA_b89_105_SNP_N_GenomeWideSNP_6_B03_777394	9	10397943	22482889	9893	0.02
BUBBY_p_TCGA_b89_105_SNP_N_GenomeWideSNP_6_B03_777394	9	22491913	22492699	2	-3.4537
BUBBY_p_TCGA_b89_105_SNP_N_GenomeWideSNP_6_B03_777394	9	22499340	23351805	582	0.0363
BUBBY_p_TCGA_b89_105_SNP_N_GenomeWideSNP_6_B03_777394	9	23353115	23362399	7	0.7098
BUBBY_p_TCGA_b89_105_SNP_N_GenomeWideSNP_6_B03_777394	9	23363484	38979378	10738	0.0145
BUBBY_p_TCGA_b89_105_SNP_N_GenomeWideSNP_6_B03_777394	9	38984130	38986748	4	-0.8916
BUBBY_p_TCGA_b89_105_SNP_N_GenomeWideSNP_6_B03_777394	9	39001602	41836811	146	-0.0437
BUBBY_p_TCGA_b89_105_SNP_N_GenomeWideSNP_6_B03_777394	9	41882866	41887112	2	1.6258
BUBBY_p_TCGA_b89_105_SNP_N_GenomeWideSNP_6_B03_777394	9	41933711	44181813	98	0.0423
BUBBY_p_TCGA_b89_105_SNP_N_GenomeWideSNP_6_B03_777394	9	44183430	44336923	16	-0.8238
BUBBY_p_TCGA_b89_105_SNP_N_GenomeWideSNP_6_B03_777394	9	44344908	46278193	123	0.0146
BUBBY_p_TCGA_b89_105_SNP_N_GenomeWideSNP_6_B03_777394	9	46278516	46280755	3	-1.5081
BUBBY_p_TCGA_b89_105_SNP_N_GenomeWideSNP_6_B03_777394	9	46280910	140211215	48346	0.0026
BUBBY_p_TCGA_b89_105_SNP_N_GenomeWideSNP_6_B03_777394	10	62759	17967560	14893	0.0083
BUBBY_p_TCGA_b89_105_SNP_N_GenomeWideSNP_6_B03_777394	10	17978214	17989863	2	-1.989
BUBBY_p_TCGA_b89_105_SNP_N_GenomeWideSNP_6_B03_777394	10	18011822	24417681	4364	0.0138
BUBBY_p_TCGA_b89_105_SNP_N_GenomeWideSNP_6_B03_777394	10	24417682	24418060	9	-2.0965
BUBBY_p_TCGA_b89_105_SNP_N_GenomeWideSNP_6_B03_777394	10	24418914	47241036	12700	0.0097
BUBBY_p_TCGA_b89_105_SNP_N_GenomeWideSNP_6_B03_777394	10	47417400	47484724	7	0.8319
BUBBY_p_TCGA_b89_105_SNP_N_GenomeWideSNP_6_B03_777394	10	47487317	51305629	1728	0.0151
BUBBY_p_TCGA_b89_105_SNP_N_GenomeWideSNP_6_B03_777394	10	51311823	51329450	2	-1.6722
BUBBY_p_TCGA_b89_105_SNP_N_GenomeWideSNP_6_B03_777394	10	51405657	51492405	33	-0.109
BUBBY_p_TCGA_b89_105_SNP_N_GenomeWideSNP_6_B03_777394	10	51500366	51561926	5	-2.6577
BUBBY_p_TCGA_b89_105_SNP_N_GenomeWideSNP_6_B03_777394	10	51573774	66978023	11031	0.0213
BUBBY_p_TCGA_b89_105_SNP_N_GenomeWideSNP_6_B03_777394	10	66978036	66984452	24	-0.6014
BUBBY_p_TCGA_b89_105_SNP_N_GenomeWideSNP_6_B03_777394	10	66992801	80455573	8861	0.0113
BUBBY_p_TCGA_b89_105_SNP_N_GenomeWideSNP_6_B03_777394	10	80456222	80457355	2	-1.31
BUBBY_p_TCGA_b89_105_SNP_N_GenomeWideSNP_6_B03_777394	10	80457930	89739435	6141	0.0154
BUBBY_p_TCGA_b89_105_SNP_N_GenomeWideSNP_6_B03_777394	10	89745055	89746186	4	-1.2318
BUBBY_p_TCGA_b89_105_SNP_N_GenomeWideSNP_6_B03_777394	10	89747521	135356694	31333	0.0091
BUBBY_p_TCGA_b89_105_SNP_N_GenomeWideSNP_6_B03_777394	11	188510	5740499	3305	0.0028
BUBBY_p_TCGA_b89_105_SNP_N_GenomeWideSNP_6_B03_777394	11	5743981	5764952	31	-0.5123
BUBBY_p_TCGA_b89_105_SNP_N_GenomeWideSNP_6_B03_777394	11	5765624	6074552	249	-0.0154
BUBBY_p_TCGA_b89_105_SNP_N_GenomeWideSNP_6_B03_777394	11	6077223	6078670	2	-1.9543
BUBBY_p_TCGA_b89_105_SNP_N_GenomeWideSNP_6_B03_777394	11	6079079	12956732	5233	0.0064
BUBBY_p_TCGA_b89_105_SNP_N_GenomeWideSNP_6_B03_777394	11	12957599	12962037	4	-0.9356
BUBBY_p_TCGA_b89_105_SNP_N_GenomeWideSNP_6_B03_777394	11	12962609	18897446	3942	0.0053
BUBBY_p_TCGA_b89_105_SNP_N_GenomeWideSNP_6_B03_777394	11	18905648	18918314	53	0.2976
BUBBY_p_TCGA_b89_105_SNP_N_GenomeWideSNP_6_B03_777394	11	18918394	49715432	21100	0.0078
BUBBY_p_TCGA_b89_105_SNP_N_GenomeWideSNP_6_B03_777394	11	49716131	49717264	6	-0.9512
BUBBY_p_TCGA_b89_105_SNP_N_GenomeWideSNP_6_B03_777394	11	49722737	95445339	25121	0.0109
BUBBY_p_TCGA_b89_105_SNP_N_GenomeWideSNP_6_B03_777394	11	95445461	95445655	7	-0.8025
BUBBY_p_TCGA_b89_105_SNP_N_GenomeWideSNP_6_B03_777394	11	95456847	134107490	27859	0.0078
BUBBY_p_TCGA_b89_105_SNP_N_GenomeWideSNP_6_B03_777394	11	134108156	134109202	2	-1.9845
BUBBY_p_TCGA_b89_105_SNP_N_GenomeWideSNP_6_B03_777394	11	134113081	134449982	282	-0.0295
BUBBY_p_TCGA_b89_105_SNP_N_GenomeWideSNP_6_B03_777394	12	20703	9521823	6207	0.0017
BUBBY_p_TCGA_b89_105_SNP_N_GenomeWideSNP_6_B03_777394	12	9525137	9588986	19	0.4216
BUBBY_p_TCGA_b89_105_SNP_N_GenomeWideSNP_6_B03_777394	12	9596393	11111991	1051	0.004
BUBBY_p_TCGA_b89_105_SNP_N_GenomeWideSNP_6_B03_777394	12	11112094	11132799	11	-1.2502
BUBBY_p_TCGA_b89_105_SNP_N_GenomeWideSNP_6_B03_777394	12	11143141	12421964	989	-0.0048
BUBBY_p_TCGA_b89_105_SNP_N_GenomeWideSNP_6_B03_777394	12	12427486	12433136	17	-0.8042
BUBBY_p_TCGA_b89_105_SNP_N_GenomeWideSNP_6_B03_777394	12	12434147	34108949	15190	0.0131
BUBBY_p_TCGA_b89_105_SNP_N_GenomeWideSNP_6_B03_777394	12	34120915	34141081	15	-0.3647
BUBBY_p_TCGA_b89_105_SNP_N_GenomeWideSNP_6_B03_777394	12	34141963	36273993	257	0.0146
BUBBY_p_TCGA_b89_105_SNP_N_GenomeWideSNP_6_B03_777394	12	36298834	36300285	2	-1.7206
BUBBY_p_TCGA_b89_105_SNP_N_GenomeWideSNP_6_B03_777394	12	36320625	44190705	4778	0.0223
BUBBY_p_TCGA_b89_105_SNP_N_GenomeWideSNP_6_B03_777394	12	44192107	44195804	3	1.1289
BUBBY_p_TCGA_b89_105_SNP_N_GenomeWideSNP_6_B03_777394	12	44199559	47011087	1718	0.0109
BUBBY_p_TCGA_b89_105_SNP_N_GenomeWideSNP_6_B03_777394	12	47011286	47011682	5	-0.9992
BUBBY_p_TCGA_b89_105_SNP_N_GenomeWideSNP_6_B03_777394	12	47016303	132288262	54849	0.0064
BUBBY_p_TCGA_b89_105_SNP_N_GenomeWideSNP_6_B03_777394	13	17924949	22524522	2892	0.0099
BUBBY_p_TCGA_b89_105_SNP_N_GenomeWideSNP_6_B03_777394	13	22524563	22531515	19	0.5709
BUBBY_p_TCGA_b89_105_SNP_N_GenomeWideSNP_6_B03_777394	13	22536195	114126499	61436	0.008
BUBBY_p_TCGA_b89_105_SNP_N_GenomeWideSNP_6_B03_777394	14	18072124	18405751	23	-0.0709
BUBBY_p_TCGA_b89_105_SNP_N_GenomeWideSNP_6_B03_777394	14	18452209	19493212	166	-0.4525
BUBBY_p_TCGA_b89_105_SNP_N_GenomeWideSNP_6_B03_777394	14	19494766	40678108	13648	0.0182
BUBBY_p_TCGA_b89_105_SNP_N_GenomeWideSNP_6_B03_777394	14	40680246	40727099	15	-1.9458
BUBBY_p_TCGA_b89_105_SNP_N_GenomeWideSNP_6_B03_777394	14	40739852	43391691	1592	0.0217
BUBBY_p_TCGA_b89_105_SNP_N_GenomeWideSNP_6_B03_777394	14	43392037	43393814	2	-1.1731
BUBBY_p_TCGA_b89_105_SNP_N_GenomeWideSNP_6_B03_777394	14	43397222	66728773	14741	0.0067
BUBBY_p_TCGA_b89_105_SNP_N_GenomeWideSNP_6_B03_777394	14	66731705	66737263	5	-0.9058
BUBBY_p_TCGA_b89_105_SNP_N_GenomeWideSNP_6_B03_777394	14	66737390	69083732	1515	-0.003
BUBBY_p_TCGA_b89_105_SNP_N_GenomeWideSNP_6_B03_777394	14	69087800	69092220	9	-0.8105
BUBBY_p_TCGA_b89_105_SNP_N_GenomeWideSNP_6_B03_777394	14	69092466	105531947	23439	4e-04
BUBBY_p_TCGA_b89_105_SNP_N_GenomeWideSNP_6_B03_777394	14	105550720	105550986	2	-1.772
BUBBY_p_TCGA_b89_105_SNP_N_GenomeWideSNP_6_B03_777394	14	105553173	105609107	25	-0.0725
BUBBY_p_TCGA_b89_105_SNP_N_GenomeWideSNP_6_B03_777394	14	105612798	105632486	12	-2.5565
BUBBY_p_TCGA_b89_105_SNP_N_GenomeWideSNP_6_B03_777394	14	105638145	106356482	418	0.0523
BUBBY_p_TCGA_b89_105_SNP_N_GenomeWideSNP_6_B03_777394	15	18276341	18524300	54	-0.0246
BUBBY_p_TCGA_b89_105_SNP_N_GenomeWideSNP_6_B03_777394	15	18525992	20085795	366	-0.689
BUBBY_p_TCGA_b89_105_SNP_N_GenomeWideSNP_6_B03_777394	15	20088324	20968726	316	0.0193
BUBBY_p_TCGA_b89_105_SNP_N_GenomeWideSNP_6_B03_777394	15	21010643	21038987	5	-0.9637
BUBBY_p_TCGA_b89_105_SNP_N_GenomeWideSNP_6_B03_777394	15	21192955	21609892	312	-0.0032
BUBBY_p_TCGA_b89_105_SNP_N_GenomeWideSNP_6_B03_777394	15	21609913	21609942	2	-4.2447
BUBBY_p_TCGA_b89_105_SNP_N_GenomeWideSNP_6_B03_777394	15	21610088	22225844	373	0.015
BUBBY_p_TCGA_b89_105_SNP_N_GenomeWideSNP_6_B03_777394	15	22225980	22269266	38	-0.6315
BUBBY_p_TCGA_b89_105_SNP_N_GenomeWideSNP_6_B03_777394	15	22269689	24111285	1338	0.0089
BUBBY_p_TCGA_b89_105_SNP_N_GenomeWideSNP_6_B03_777394	15	24113245	24114249	2	-3.7962
BUBBY_p_TCGA_b89_105_SNP_N_GenomeWideSNP_6_B03_777394	15	24114681	74665417	31570	0.0044
BUBBY_p_TCGA_b89_105_SNP_N_GenomeWideSNP_6_B03_777394	15	74678296	74682830	22	-1.7852
BUBBY_p_TCGA_b89_105_SNP_N_GenomeWideSNP_6_B03_777394	15	74689234	100286563	17694	0.0032
BUBBY_p_TCGA_b89_105_SNP_N_GenomeWideSNP_6_B03_777394	16	777	3145764	1105	-0.0179
BUBBY_p_TCGA_b89_105_SNP_N_GenomeWideSNP_6_B03_777394	16	3151321	3177582	15	0.5021
BUBBY_p_TCGA_b89_105_SNP_N_GenomeWideSNP_6_B03_777394	16	3188360	12556360	8316	0.0145
BUBBY_p_TCGA_b89_105_SNP_N_GenomeWideSNP_6_B03_777394	16	12556479	12556496	2	2.4391
BUBBY_p_TCGA_b89_105_SNP_N_GenomeWideSNP_6_B03_777394	16	12557748	18221734	3380	0.0015
BUBBY_p_TCGA_b89_105_SNP_N_GenomeWideSNP_6_B03_777394	16	18262258	18540917	13	0.5461
BUBBY_p_TCGA_b89_105_SNP_N_GenomeWideSNP_6_B03_777394	16	18543305	21297471	1640	0.0103
BUBBY_p_TCGA_b89_105_SNP_N_GenomeWideSNP_6_B03_777394	16	21319904	21498841	23	-0.2703
BUBBY_p_TCGA_b89_105_SNP_N_GenomeWideSNP_6_B03_777394	16	21500956	21647775	95	0.0656
BUBBY_p_TCGA_b89_105_SNP_N_GenomeWideSNP_6_B03_777394	16	21649686	21695019	14	-0.4486
BUBBY_p_TCGA_b89_105_SNP_N_GenomeWideSNP_6_B03_777394	16	21715368	22336146	254	0.0143
BUBBY_p_TCGA_b89_105_SNP_N_GenomeWideSNP_6_B03_777394	16	22338871	22629139	84	-0.2754
BUBBY_p_TCGA_b89_105_SNP_N_GenomeWideSNP_6_B03_777394	16	22629367	54354095	12398	-0.0017
BUBBY_p_TCGA_b89_105_SNP_N_GenomeWideSNP_6_B03_777394	16	54355723	54356280	3	2.5722
BUBBY_p_TCGA_b89_105_SNP_N_GenomeWideSNP_6_B03_777394	16	54361849	68709061	8784	0.004
BUBBY_p_TCGA_b89_105_SNP_N_GenomeWideSNP_6_B03_777394	16	68709823	68770545	16	-0.4105
BUBBY_p_TCGA_b89_105_SNP_N_GenomeWideSNP_6_B03_777394	16	68792037	76929109	5732	0.0153
BUBBY_p_TCGA_b89_105_SNP_N_GenomeWideSNP_6_B03_777394	16	76929941	76942266	17	0.8971
BUBBY_p_TCGA_b89_105_SNP_N_GenomeWideSNP_6_B03_777394	16	76942502	88815036	10643	0.002
BUBBY_p_TCGA_b89_105_SNP_N_GenomeWideSNP_6_B03_777394	17	526	1371698	668	-0.0379
BUBBY_p_TCGA_b89_105_SNP_N_GenomeWideSNP_6_B03_777394	17	1376168	1376380	2	-1.4677
BUBBY_p_TCGA_b89_105_SNP_N_GenomeWideSNP_6_B03_777394	17	1376437	16787838	9908	0.0066
BUBBY_p_TCGA_b89_105_SNP_N_GenomeWideSNP_6_B03_777394	17	16789475	16790204	3	-1.2224
BUBBY_p_TCGA_b89_105_SNP_N_GenomeWideSNP_6_B03_777394	17	16791863	17401399	395	3e-04
BUBBY_p_TCGA_b89_105_SNP_N_GenomeWideSNP_6_B03_777394	17	17404524	17404739	2	-1.0967
BUBBY_p_TCGA_b89_105_SNP_N_GenomeWideSNP_6_B03_777394	17	17406939	18296117	467	-0.0085
BUBBY_p_TCGA_b89_105_SNP_N_GenomeWideSNP_6_B03_777394	17	18299671	18387404	24	0.5164
BUBBY_p_TCGA_b89_105_SNP_N_GenomeWideSNP_6_B03_777394	17	18394162	41518916	12044	2e-04
BUBBY_p_TCGA_b89_105_SNP_N_GenomeWideSNP_6_B03_777394	17	41521621	41750187	126	0.2921
BUBBY_p_TCGA_b89_105_SNP_N_GenomeWideSNP_6_B03_777394	17	41750189	42107479	47	-0.4888
BUBBY_p_TCGA_b89_105_SNP_N_GenomeWideSNP_6_B03_777394	17	42120174	78643088	21627	-0.0027
BUBBY_p_TCGA_b89_105_SNP_N_GenomeWideSNP_6_B03_777394	18	1543	38305676	24088	0.0027
BUBBY_p_TCGA_b89_105_SNP_N_GenomeWideSNP_6_B03_777394	18	38310567	38311765	25	-1.9571
BUBBY_p_TCGA_b89_105_SNP_N_GenomeWideSNP_6_B03_777394	18	38312393	60239781	15171	-1e-04
BUBBY_p_TCGA_b89_105_SNP_N_GenomeWideSNP_6_B03_777394	18	60239894	60241951	2	-1.3811
BUBBY_p_TCGA_b89_105_SNP_N_GenomeWideSNP_6_B03_777394	18	60244460	61913280	1164	0.0175
BUBBY_p_TCGA_b89_105_SNP_N_GenomeWideSNP_6_B03_777394	18	61918120	61918902	3	-1.7795
BUBBY_p_TCGA_b89_105_SNP_N_GenomeWideSNP_6_B03_777394	18	61926575	76116029	10385	0.0153
BUBBY_p_TCGA_b89_105_SNP_N_GenomeWideSNP_6_B03_777394	19	41910	7520677	2595	-0.0099
BUBBY_p_TCGA_b89_105_SNP_N_GenomeWideSNP_6_B03_777394	19	7521865	7525239	2	-1.5568
BUBBY_p_TCGA_b89_105_SNP_N_GenomeWideSNP_6_B03_777394	19	7528704	12394259	2405	0.0069
BUBBY_p_TCGA_b89_105_SNP_N_GenomeWideSNP_6_B03_777394	19	12399765	12399882	2	-2.3439
BUBBY_p_TCGA_b89_105_SNP_N_GenomeWideSNP_6_B03_777394	19	12400599	46048840	14648	0.0041
BUBBY_p_TCGA_b89_105_SNP_N_GenomeWideSNP_6_B03_777394	19	46051983	46072786	30	-0.7365
BUBBY_p_TCGA_b89_105_SNP_N_GenomeWideSNP_6_B03_777394	19	46083995	63789666	9684	0.0034
BUBBY_p_TCGA_b89_105_SNP_N_GenomeWideSNP_6_B03_777394	20	9305	1500503	1185	8e-04
BUBBY_p_TCGA_b89_105_SNP_N_GenomeWideSNP_6_B03_777394	20	1505190	1519378	39	-0.6176
BUBBY_p_TCGA_b89_105_SNP_N_GenomeWideSNP_6_B03_777394	20	1519416	1530207	18	-0.04
BUBBY_p_TCGA_b89_105_SNP_N_GenomeWideSNP_6_B03_777394	20	1538257	1541893	5	1.9039
BUBBY_p_TCGA_b89_105_SNP_N_GenomeWideSNP_6_B03_777394	20	1545946	62426597	41258	0.0055
BUBBY_p_TCGA_b89_105_SNP_N_GenomeWideSNP_6_B03_777394	21	9758742	9975295	36	0.3543
BUBBY_p_TCGA_b89_105_SNP_N_GenomeWideSNP_6_B03_777394	21	9975997	46921385	24390	0.006
BUBBY_p_TCGA_b89_105_SNP_N_GenomeWideSNP_6_B03_777394	22	14432528	17004771	1189	-0.0021
BUBBY_p_TCGA_b89_105_SNP_N_GenomeWideSNP_6_B03_777394	22	17006129	17009028	7	-1.2866
BUBBY_p_TCGA_b89_105_SNP_N_GenomeWideSNP_6_B03_777394	22	17009153	17052885	17	-0.011
BUBBY_p_TCGA_b89_105_SNP_N_GenomeWideSNP_6_B03_777394	22	17053357	17190110	11	-0.5805
BUBBY_p_TCGA_b89_105_SNP_N_GenomeWideSNP_6_B03_777394	22	17256428	17275227	31	-0.0194
BUBBY_p_TCGA_b89_105_SNP_N_GenomeWideSNP_6_B03_777394	22	17276301	17285606	7	-0.6954
BUBBY_p_TCGA_b89_105_SNP_N_GenomeWideSNP_6_B03_777394	22	17288641	31269814	9545	-0.0117
BUBBY_p_TCGA_b89_105_SNP_N_GenomeWideSNP_6_B03_777394	22	31270537	31270660	2	-2.1126
BUBBY_p_TCGA_b89_105_SNP_N_GenomeWideSNP_6_B03_777394	22	31270844	41222383	6627	-0.0032
BUBBY_p_TCGA_b89_105_SNP_N_GenomeWideSNP_6_B03_777394	22	41222526	41285732	29	-0.3627
BUBBY_p_TCGA_b89_105_SNP_N_GenomeWideSNP_6_B03_777394	22	41287232	49581321	6106	-0.0105
BUBBY_p_TCGA_b89_105_SNP_N_GenomeWideSNP_6_B03_777394	X	108477	4894916	1663	-0.0104
BUBBY_p_TCGA_b89_105_SNP_N_GenomeWideSNP_6_B03_777394	X	4895453	4896033	2	-2.7083
BUBBY_p_TCGA_b89_105_SNP_N_GenomeWideSNP_6_B03_777394	X	4896640	5168364	242	0.0561
BUBBY_p_TCGA_b89_105_SNP_N_GenomeWideSNP_6_B03_777394	X	5170947	5176200	5	-1.3485
BUBBY_p_TCGA_b89_105_SNP_N_GenomeWideSNP_6_B03_777394	X	5180159	19370511	9874	0.0058
BUBBY_p_TCGA_b89_105_SNP_N_GenomeWideSNP_6_B03_777394	X	19376224	19378639	2	-1.6758
BUBBY_p_TCGA_b89_105_SNP_N_GenomeWideSNP_6_B03_777394	X	19382166	24505335	3244	0.0157
BUBBY_p_TCGA_b89_105_SNP_N_GenomeWideSNP_6_B03_777394	X	24505562	24505668	3	1.2551
BUBBY_p_TCGA_b89_105_SNP_N_GenomeWideSNP_6_B03_777394	X	24507870	28462527	2435	0.0042
BUBBY_p_TCGA_b89_105_SNP_N_GenomeWideSNP_6_B03_777394	X	28469756	28470998	3	-1.5408
BUBBY_p_TCGA_b89_105_SNP_N_GenomeWideSNP_6_B03_777394	X	28471568	35717706	4929	0.0123
BUBBY_p_TCGA_b89_105_SNP_N_GenomeWideSNP_6_B03_777394	X	35717997	35720981	4	-2.3358
BUBBY_p_TCGA_b89_105_SNP_N_GenomeWideSNP_6_B03_777394	X	35721408	154835548	62111	0.0033
BUBBY_p_TCGA_b89_105_SNP_N_GenomeWideSNP_6_B03_777394	Y	2710438	57427647	8588	-0.9652
