GDC_Aliquot	Chromosome	Start	End	Num_Probes	Segment_Mean
b7d6a67c-5124-46b8-9059-1e196cdec251	1	62920	1715891	214	0.009
b7d6a67c-5124-46b8-9059-1e196cdec251	1	1716055	1741164	12	-0.9698
b7d6a67c-5124-46b8-9059-1e196cdec251	1	1756148	16855942	8461	0.0153
b7d6a67c-5124-46b8-9059-1e196cdec251	1	16863509	16949746	56	0.5093
b7d6a67c-5124-46b8-9059-1e196cdec251	1	16951445	18915410	1458	0.008
b7d6a67c-5124-46b8-9059-1e196cdec251	1	18915849	18917527	3	-1.4597
b7d6a67c-5124-46b8-9059-1e196cdec251	1	18922622	25256850	3795	0.0178
b7d6a67c-5124-46b8-9059-1e196cdec251	1	25266637	25320455	24	0.7183
b7d6a67c-5124-46b8-9059-1e196cdec251	1	25336819	28720598	1402	0.0259
b7d6a67c-5124-46b8-9059-1e196cdec251	1	28722184	28722801	2	-1.3856
b7d6a67c-5124-46b8-9059-1e196cdec251	1	28723213	34626073	3543	0.0152
b7d6a67c-5124-46b8-9059-1e196cdec251	1	34637053	34649941	22	-0.5604
b7d6a67c-5124-46b8-9059-1e196cdec251	1	34650960	57232050	13137	0.0196
b7d6a67c-5124-46b8-9059-1e196cdec251	1	57232328	57232697	3	-1.0462
b7d6a67c-5124-46b8-9059-1e196cdec251	1	57234337	72284670	10599	0.0169
b7d6a67c-5124-46b8-9059-1e196cdec251	1	72290430	72297687	9	-0.7355
b7d6a67c-5124-46b8-9059-1e196cdec251	1	72302735	72345465	48	0.8763
b7d6a67c-5124-46b8-9059-1e196cdec251	1	72346221	105458984	20933	0.0161
b7d6a67c-5124-46b8-9059-1e196cdec251	1	105459522	105479753	21	0.4821
b7d6a67c-5124-46b8-9059-1e196cdec251	1	105481433	109684893	2633	0.0197
b7d6a67c-5124-46b8-9059-1e196cdec251	1	109690352	109690640	4	-0.783
b7d6a67c-5124-46b8-9059-1e196cdec251	1	109690705	120146498	7040	0.0122
b7d6a67c-5124-46b8-9059-1e196cdec251	1	120370887	121386039	23	0.3489
b7d6a67c-5124-46b8-9059-1e196cdec251	1	121389102	121601998	77	0.0019
b7d6a67c-5124-46b8-9059-1e196cdec251	1	121705338	144503864	144	0.24
b7d6a67c-5124-46b8-9059-1e196cdec251	1	144932423	152583230	2293	0.0209
b7d6a67c-5124-46b8-9059-1e196cdec251	1	152583291	152613802	31	1.2058
b7d6a67c-5124-46b8-9059-1e196cdec251	1	152614064	196745743	29651	0.0158
b7d6a67c-5124-46b8-9059-1e196cdec251	1	196758720	196832720	58	-0.6297
b7d6a67c-5124-46b8-9059-1e196cdec251	1	196843377	248574146	35599	0.0133
b7d6a67c-5124-46b8-9059-1e196cdec251	1	248585893	248645808	34	-0.6602
b7d6a67c-5124-46b8-9059-1e196cdec251	1	248646068	248930189	139	0.0567
b7d6a67c-5124-46b8-9059-1e196cdec251	2	12784	7989207	6295	0.0164
b7d6a67c-5124-46b8-9059-1e196cdec251	2	7990754	7995913	7	-0.9838
b7d6a67c-5124-46b8-9059-1e196cdec251	2	7996487	35742970	18677	0.0171
b7d6a67c-5124-46b8-9059-1e196cdec251	2	35750907	35762850	7	-1.1594
b7d6a67c-5124-46b8-9059-1e196cdec251	2	35762881	52537070	12127	0.0224
b7d6a67c-5124-46b8-9059-1e196cdec251	2	52537091	52554366	22	-0.3614
b7d6a67c-5124-46b8-9059-1e196cdec251	2	52554384	106258266	29402	0.0196
b7d6a67c-5124-46b8-9059-1e196cdec251	2	106263639	106270952	14	0.6231
b7d6a67c-5124-46b8-9059-1e196cdec251	2	106271414	122719438	9481	0.0212
b7d6a67c-5124-46b8-9059-1e196cdec251	2	122722323	122729255	13	-0.5102
b7d6a67c-5124-46b8-9059-1e196cdec251	2	122731761	146104517	14307	0.0242
b7d6a67c-5124-46b8-9059-1e196cdec251	2	146106836	146109366	24	0.4825
b7d6a67c-5124-46b8-9059-1e196cdec251	2	146120238	241841244	58885	0.022
b7d6a67c-5124-46b8-9059-1e196cdec251	2	241973315	242092368	104	-0.9307
b7d6a67c-5124-46b8-9059-1e196cdec251	2	242095460	242147305	24	0.1249
b7d6a67c-5124-46b8-9059-1e196cdec251	3	20930	68697013	47752	0.0165
b7d6a67c-5124-46b8-9059-1e196cdec251	3	68697108	68698262	14	-1.0681
b7d6a67c-5124-46b8-9059-1e196cdec251	3	68699607	75345284	4859	0.0091
b7d6a67c-5124-46b8-9059-1e196cdec251	3	75348062	75773308	115	0.1698
b7d6a67c-5124-46b8-9059-1e196cdec251	3	75774420	130044855	29655	0.012
b7d6a67c-5124-46b8-9059-1e196cdec251	3	130047743	130087209	36	0.5431
b7d6a67c-5124-46b8-9059-1e196cdec251	3	130087393	132270503	1436	0.0165
b7d6a67c-5124-46b8-9059-1e196cdec251	3	132273893	132276840	4	-1.1585
b7d6a67c-5124-46b8-9059-1e196cdec251	3	132281633	162405578	18539	0.0161
b7d6a67c-5124-46b8-9059-1e196cdec251	3	162419812	162424917	14	-0.6765
b7d6a67c-5124-46b8-9059-1e196cdec251	3	162426460	162822702	280	0.0109
b7d6a67c-5124-46b8-9059-1e196cdec251	3	162827928	162906065	44	-0.2569
b7d6a67c-5124-46b8-9059-1e196cdec251	3	162906093	193160804	19164	0.0147
b7d6a67c-5124-46b8-9059-1e196cdec251	3	193161032	193165114	15	-0.4865
b7d6a67c-5124-46b8-9059-1e196cdec251	3	193168646	198169247	2692	0.0147
b7d6a67c-5124-46b8-9059-1e196cdec251	4	68929	10208766	5702	0.016
b7d6a67c-5124-46b8-9059-1e196cdec251	4	10221792	10233644	35	1.123
b7d6a67c-5124-46b8-9059-1e196cdec251	4	10234518	10390730	172	0.0187
b7d6a67c-5124-46b8-9059-1e196cdec251	4	10391530	10399044	15	-1.7357
b7d6a67c-5124-46b8-9059-1e196cdec251	4	10401094	30133776	14010	0.0159
b7d6a67c-5124-46b8-9059-1e196cdec251	4	30134041	30138090	2	-1.1369
b7d6a67c-5124-46b8-9059-1e196cdec251	4	30142049	34789072	2765	0.016
b7d6a67c-5124-46b8-9059-1e196cdec251	4	34789130	34816858	24	0.4335
b7d6a67c-5124-46b8-9059-1e196cdec251	4	34817148	63828222	16543	0.0152
b7d6a67c-5124-46b8-9059-1e196cdec251	4	63831751	63842540	28	0.3472
b7d6a67c-5124-46b8-9059-1e196cdec251	4	63850713	68378716	2849	0.0223
b7d6a67c-5124-46b8-9059-1e196cdec251	4	68389352	68494770	20	-0.0439
b7d6a67c-5124-46b8-9059-1e196cdec251	4	68501424	68544524	16	0.5029
b7d6a67c-5124-46b8-9059-1e196cdec251	4	68544538	68564004	12	0.0971
b7d6a67c-5124-46b8-9059-1e196cdec251	4	68564418	68620261	38	0.4731
b7d6a67c-5124-46b8-9059-1e196cdec251	4	68623617	69268962	324	0.0214
b7d6a67c-5124-46b8-9059-1e196cdec251	4	69272239	69366081	45	0.2695
b7d6a67c-5124-46b8-9059-1e196cdec251	4	69366304	90363792	13107	0.0142
b7d6a67c-5124-46b8-9059-1e196cdec251	4	90366001	90370365	9	-1.1127
b7d6a67c-5124-46b8-9059-1e196cdec251	4	90373217	114252544	14186	0.0115
b7d6a67c-5124-46b8-9059-1e196cdec251	4	114254167	114261019	23	-1.1978
b7d6a67c-5124-46b8-9059-1e196cdec251	4	114263073	121360818	4335	0.0171
b7d6a67c-5124-46b8-9059-1e196cdec251	4	121361313	121361433	3	-1.1103
b7d6a67c-5124-46b8-9059-1e196cdec251	4	121361457	121363434	23	-0.492
b7d6a67c-5124-46b8-9059-1e196cdec251	4	121363827	121363980	2	-1.3455
b7d6a67c-5124-46b8-9059-1e196cdec251	4	121369976	129141596	4350	0.0169
b7d6a67c-5124-46b8-9059-1e196cdec251	4	129146391	129147005	2	-1.9938
b7d6a67c-5124-46b8-9059-1e196cdec251	4	129151408	150955157	12867	0.0176
b7d6a67c-5124-46b8-9059-1e196cdec251	4	150955173	150963148	24	-0.4759
b7d6a67c-5124-46b8-9059-1e196cdec251	4	150963154	158852121	4944	0.0169
b7d6a67c-5124-46b8-9059-1e196cdec251	4	158858461	158859092	2	-1.0961
b7d6a67c-5124-46b8-9059-1e196cdec251	4	158859341	160952848	1386	0.0147
b7d6a67c-5124-46b8-9059-1e196cdec251	4	160958866	160963756	21	-0.5487
b7d6a67c-5124-46b8-9059-1e196cdec251	4	160963767	161092019	110	0.058
b7d6a67c-5124-46b8-9059-1e196cdec251	4	161092831	161174181	48	-0.9371
b7d6a67c-5124-46b8-9059-1e196cdec251	4	161174755	172066706	6910	0.0195
b7d6a67c-5124-46b8-9059-1e196cdec251	4	172066777	172068382	13	0.7518
b7d6a67c-5124-46b8-9059-1e196cdec251	4	172074828	189492562	11849	0.0155
b7d6a67c-5124-46b8-9059-1e196cdec251	4	189492804	190106768	216	0.1328
b7d6a67c-5124-46b8-9059-1e196cdec251	5	15532	12800777	10179	0.0102
b7d6a67c-5124-46b8-9059-1e196cdec251	5	12815668	12826538	11	0.8273
b7d6a67c-5124-46b8-9059-1e196cdec251	5	12833745	15716018	1971	0.0256
b7d6a67c-5124-46b8-9059-1e196cdec251	5	15718383	15720488	12	-0.8308
b7d6a67c-5124-46b8-9059-1e196cdec251	5	15723237	46271828	18477	0.0183
b7d6a67c-5124-46b8-9059-1e196cdec251	5	46272419	46273400	5	-1.6345
b7d6a67c-5124-46b8-9059-1e196cdec251	5	46278110	69533520	12396	0.0154
b7d6a67c-5124-46b8-9059-1e196cdec251	5	69550476	70017861	10	0.6867
b7d6a67c-5124-46b8-9059-1e196cdec251	5	70959068	70959079	8	0.0346
b7d6a67c-5124-46b8-9059-1e196cdec251	5	71010832	71095426	8	1.2051
b7d6a67c-5124-46b8-9059-1e196cdec251	5	71358245	99816968	16744	0.0147
b7d6a67c-5124-46b8-9059-1e196cdec251	5	99817288	99817435	2	-1.3573
b7d6a67c-5124-46b8-9059-1e196cdec251	5	99817584	104515520	2743	0.0127
b7d6a67c-5124-46b8-9059-1e196cdec251	5	104524672	104524903	4	1.3117
b7d6a67c-5124-46b8-9059-1e196cdec251	5	104525348	150822643	29775	0.0154
b7d6a67c-5124-46b8-9059-1e196cdec251	5	150825938	150839042	8	-0.6626
b7d6a67c-5124-46b8-9059-1e196cdec251	5	150843825	153194405	1657	0.0223
b7d6a67c-5124-46b8-9059-1e196cdec251	5	153196537	153203266	4	-0.9781
b7d6a67c-5124-46b8-9059-1e196cdec251	5	153203289	160826898	5252	0.0221
b7d6a67c-5124-46b8-9059-1e196cdec251	5	160835064	160848486	8	-0.9323
b7d6a67c-5124-46b8-9059-1e196cdec251	5	160849670	165009777	2613	0.0112
b7d6a67c-5124-46b8-9059-1e196cdec251	5	165014018	165024608	5	-0.9873
b7d6a67c-5124-46b8-9059-1e196cdec251	5	165027134	176033084	8166	0.0164
b7d6a67c-5124-46b8-9059-1e196cdec251	5	176038686	176042504	2	-1.7027
b7d6a67c-5124-46b8-9059-1e196cdec251	5	176043321	177963270	748	0.0236
b7d6a67c-5124-46b8-9059-1e196cdec251	5	177964445	177973867	7	-1.0402
b7d6a67c-5124-46b8-9059-1e196cdec251	5	177974381	180951888	1765	0.0215
b7d6a67c-5124-46b8-9059-1e196cdec251	5	180953203	181015441	20	0.5073
b7d6a67c-5124-46b8-9059-1e196cdec251	5	181015920	181363319	166	-0.0309
b7d6a67c-5124-46b8-9059-1e196cdec251	6	149661	252772	97	0.0628
b7d6a67c-5124-46b8-9059-1e196cdec251	6	253272	323084	36	-0.5342
b7d6a67c-5124-46b8-9059-1e196cdec251	6	323326	375277	63	-0.2056
b7d6a67c-5124-46b8-9059-1e196cdec251	6	375759	23742789	17998	0.0182
b7d6a67c-5124-46b8-9059-1e196cdec251	6	23744444	23745202	2	-2.4788
b7d6a67c-5124-46b8-9059-1e196cdec251	6	23747504	29869411	3445	0.0156
b7d6a67c-5124-46b8-9059-1e196cdec251	6	29869537	29882419	15	0.4474
b7d6a67c-5124-46b8-9059-1e196cdec251	6	29882497	29882603	3	-0.29
b7d6a67c-5124-46b8-9059-1e196cdec251	6	29903859	29931120	11	-0.829
b7d6a67c-5124-46b8-9059-1e196cdec251	6	29931900	78252864	28063	0.0164
b7d6a67c-5124-46b8-9059-1e196cdec251	6	78252909	78325468	116	-0.4733
b7d6a67c-5124-46b8-9059-1e196cdec251	6	78329517	170741917	59637	0.0149
b7d6a67c-5124-46b8-9059-1e196cdec251	7	43355	9948520	6035	0.0154
b7d6a67c-5124-46b8-9059-1e196cdec251	7	9948619	9949541	2	-1.4266
b7d6a67c-5124-46b8-9059-1e196cdec251	7	9955213	38277969	21309	0.0139
b7d6a67c-5124-46b8-9059-1e196cdec251	7	38279738	38365370	117	0.1656
b7d6a67c-5124-46b8-9059-1e196cdec251	7	38365496	42518019	2839	0.0121
b7d6a67c-5124-46b8-9059-1e196cdec251	7	42518161	42519098	2	-1.5694
b7d6a67c-5124-46b8-9059-1e196cdec251	7	42519361	54305455	8134	0.0132
b7d6a67c-5124-46b8-9059-1e196cdec251	7	54318812	54318824	6	-0.9853
b7d6a67c-5124-46b8-9059-1e196cdec251	7	54325795	57429244	1825	0.0152
b7d6a67c-5124-46b8-9059-1e196cdec251	7	57429753	62977042	352	0.1199
b7d6a67c-5124-46b8-9059-1e196cdec251	7	62977067	126404920	36286	0.0117
b7d6a67c-5124-46b8-9059-1e196cdec251	7	126405428	126406822	13	-0.7921
b7d6a67c-5124-46b8-9059-1e196cdec251	7	126406823	132860762	3959	0.0172
b7d6a67c-5124-46b8-9059-1e196cdec251	7	132872075	132888606	14	-0.4471
b7d6a67c-5124-46b8-9059-1e196cdec251	7	132888756	134100424	724	0.027
b7d6a67c-5124-46b8-9059-1e196cdec251	7	134100442	134110881	23	-1.4992
b7d6a67c-5124-46b8-9059-1e196cdec251	7	134110912	142084696	5210	0.0181
b7d6a67c-5124-46b8-9059-1e196cdec251	7	142087330	142092108	16	0.5522
b7d6a67c-5124-46b8-9059-1e196cdec251	7	142092307	154598185	7621	0.0181
b7d6a67c-5124-46b8-9059-1e196cdec251	7	154601461	154607903	4	-1.9961
b7d6a67c-5124-46b8-9059-1e196cdec251	7	154609120	159324925	3218	0.0194
b7d6a67c-5124-46b8-9059-1e196cdec251	7	159324952	159334314	13	-0.9008
b7d6a67c-5124-46b8-9059-1e196cdec251	8	81254	7930163	7774	0.0129
b7d6a67c-5124-46b8-9059-1e196cdec251	8	7930192	8235660	22	0.5425
b7d6a67c-5124-46b8-9059-1e196cdec251	8	8237241	25114672	13652	0.0124
b7d6a67c-5124-46b8-9059-1e196cdec251	8	25116928	25126818	27	0.6891
b7d6a67c-5124-46b8-9059-1e196cdec251	8	25133589	40326425	9654	0.0174
b7d6a67c-5124-46b8-9059-1e196cdec251	8	40326629	40331992	30	-0.8252
b7d6a67c-5124-46b8-9059-1e196cdec251	8	40335391	40914477	450	0.0202
b7d6a67c-5124-46b8-9059-1e196cdec251	8	40920333	40920952	2	-1.4811
b7d6a67c-5124-46b8-9059-1e196cdec251	8	40926161	71300130	16808	0.0173
b7d6a67c-5124-46b8-9059-1e196cdec251	8	71303076	71304199	6	0.8411
b7d6a67c-5124-46b8-9059-1e196cdec251	8	71304266	102423489	18759	0.0151
b7d6a67c-5124-46b8-9059-1e196cdec251	8	102429409	102429815	2	-1.5204
b7d6a67c-5124-46b8-9059-1e196cdec251	8	102429945	108515595	3779	0.0094
b7d6a67c-5124-46b8-9059-1e196cdec251	8	108518557	108523243	5	-0.9521
b7d6a67c-5124-46b8-9059-1e196cdec251	8	108525147	111282237	1533	0.0203
b7d6a67c-5124-46b8-9059-1e196cdec251	8	111282417	111283031	7	-1.1455
b7d6a67c-5124-46b8-9059-1e196cdec251	8	111288052	114619814	1814	0.0223
b7d6a67c-5124-46b8-9059-1e196cdec251	8	114622258	114626238	16	-0.6782
b7d6a67c-5124-46b8-9059-1e196cdec251	8	114626472	114628759	8	0.1412
b7d6a67c-5124-46b8-9059-1e196cdec251	8	114628773	114629502	11	-0.4924
b7d6a67c-5124-46b8-9059-1e196cdec251	8	114638468	145072769	21041	0.0145
b7d6a67c-5124-46b8-9059-1e196cdec251	9	46587	70194046	33053	0.0126
b7d6a67c-5124-46b8-9059-1e196cdec251	9	70196070	70197838	2	-2.9638
b7d6a67c-5124-46b8-9059-1e196cdec251	9	70198765	72665695	1750	0.0003
b7d6a67c-5124-46b8-9059-1e196cdec251	9	72669643	72670153	3	-0.9494
b7d6a67c-5124-46b8-9059-1e196cdec251	9	72670987	77080566	3176	0.0156
b7d6a67c-5124-46b8-9059-1e196cdec251	9	77081327	77083153	3	-1.2766
b7d6a67c-5124-46b8-9059-1e196cdec251	9	77085034	80615408	2510	0.0142
b7d6a67c-5124-46b8-9059-1e196cdec251	9	80615453	80617152	2	-1.2081
b7d6a67c-5124-46b8-9059-1e196cdec251	9	80617447	85316211	3374	0.0135
b7d6a67c-5124-46b8-9059-1e196cdec251	9	85321388	85321516	2	-1.4696
b7d6a67c-5124-46b8-9059-1e196cdec251	9	85321714	86170749	488	0.0082
b7d6a67c-5124-46b8-9059-1e196cdec251	9	86172277	86174753	2	-1.508
b7d6a67c-5124-46b8-9059-1e196cdec251	9	86174804	138200944	35047	0.016
b7d6a67c-5124-46b8-9059-1e196cdec251	10	45792	24088745	19175	0.0117
b7d6a67c-5124-46b8-9059-1e196cdec251	10	24088746	24089125	10	-1.4661
b7d6a67c-5124-46b8-9059-1e196cdec251	10	24089979	45574604	12164	0.0141
b7d6a67c-5124-46b8-9059-1e196cdec251	10	45577424	45592613	13	-0.4755
b7d6a67c-5124-46b8-9059-1e196cdec251	10	45593515	46836986	338	0.0295
b7d6a67c-5124-46b8-9059-1e196cdec251	10	46898735	46901552	2	1.4999
b7d6a67c-5124-46b8-9059-1e196cdec251	10	46967412	51443026	2573	0.0149
b7d6a67c-5124-46b8-9059-1e196cdec251	10	51445316	51451689	7	-1.1173
b7d6a67c-5124-46b8-9059-1e196cdec251	10	51457463	133654968	56296	0.0147
b7d6a67c-5124-46b8-9059-1e196cdec251	11	198510	5772353	3239	0.0145
b7d6a67c-5124-46b8-9059-1e196cdec251	11	5773015	5787909	22	-0.7556
b7d6a67c-5124-46b8-9059-1e196cdec251	11	5788108	6086560	237	0.0334
b7d6a67c-5124-46b8-9059-1e196cdec251	11	6087039	6100864	8	-0.8608
b7d6a67c-5124-46b8-9059-1e196cdec251	11	6101273	55609035	30942	0.014
b7d6a67c-5124-46b8-9059-1e196cdec251	11	55609158	55672514	37	-0.4624
b7d6a67c-5124-46b8-9059-1e196cdec251	11	55674842	55677818	5	0.1378
b7d6a67c-5124-46b8-9059-1e196cdec251	11	55678469	55685533	7	-0.4726
b7d6a67c-5124-46b8-9059-1e196cdec251	11	55686100	80256460	13251	0.0182
b7d6a67c-5124-46b8-9059-1e196cdec251	11	80256469	80256520	3	1.1314
b7d6a67c-5124-46b8-9059-1e196cdec251	11	80256642	86594619	4493	0.0182
b7d6a67c-5124-46b8-9059-1e196cdec251	11	86594771	86595012	5	-0.8691
b7d6a67c-5124-46b8-9059-1e196cdec251	11	86604132	107359993	14569	0.0188
b7d6a67c-5124-46b8-9059-1e196cdec251	11	107367930	107368402	7	-1.6634
b7d6a67c-5124-46b8-9059-1e196cdec251	11	107381636	135074876	19905	0.0125
b7d6a67c-5124-46b8-9059-1e196cdec251	12	51460	760032	418	0.034
b7d6a67c-5124-46b8-9059-1e196cdec251	12	760097	764863	15	-0.7331
b7d6a67c-5124-46b8-9059-1e196cdec251	12	766188	8165239	5086	0.0178
b7d6a67c-5124-46b8-9059-1e196cdec251	12	8168303	8444196	93	0.2101
b7d6a67c-5124-46b8-9059-1e196cdec251	12	8447767	9481274	555	0.0253
b7d6a67c-5124-46b8-9059-1e196cdec251	12	9485313	9562969	22	-1.2068
b7d6a67c-5124-46b8-9059-1e196cdec251	12	9575696	99398036	55835	0.016
b7d6a67c-5124-46b8-9059-1e196cdec251	12	99401515	99404956	31	-1.211
b7d6a67c-5124-46b8-9059-1e196cdec251	12	99409315	119546020	13643	0.0158
b7d6a67c-5124-46b8-9059-1e196cdec251	12	119551082	119552956	16	-0.7014
b7d6a67c-5124-46b8-9059-1e196cdec251	12	119556236	131794628	8566	0.0186
b7d6a67c-5124-46b8-9059-1e196cdec251	12	131796551	131806318	2	-1.3598
b7d6a67c-5124-46b8-9059-1e196cdec251	12	131806516	132861892	312	0.0091
b7d6a67c-5124-46b8-9059-1e196cdec251	12	132865484	132867824	3	-1.2185
b7d6a67c-5124-46b8-9059-1e196cdec251	12	132876318	133201603	154	0.0317
b7d6a67c-5124-46b8-9059-1e196cdec251	13	18452809	24543164	4078	0.0201
b7d6a67c-5124-46b8-9059-1e196cdec251	13	24543699	24559220	9	-0.7159
b7d6a67c-5124-46b8-9059-1e196cdec251	13	24561767	37502130	9379	0.013
b7d6a67c-5124-46b8-9059-1e196cdec251	13	37502150	37510620	11	0.7798
b7d6a67c-5124-46b8-9059-1e196cdec251	13	37514193	63636608	16329	0.0148
b7d6a67c-5124-46b8-9059-1e196cdec251	13	63637726	63653047	18	0.5887
b7d6a67c-5124-46b8-9059-1e196cdec251	13	63658208	114342922	34241	0.014
b7d6a67c-5124-46b8-9059-1e196cdec251	14	18239283	19185951	39	0.5452
b7d6a67c-5124-46b8-9059-1e196cdec251	14	19197351	19732024	26	0.2447
b7d6a67c-5124-46b8-9059-1e196cdec251	14	19732222	19964942	116	-0.2468
b7d6a67c-5124-46b8-9059-1e196cdec251	14	19966784	21253780	900	0.0136
b7d6a67c-5124-46b8-9059-1e196cdec251	14	21253862	21254112	2	-1.0767
b7d6a67c-5124-46b8-9059-1e196cdec251	14	21257495	21952246	464	0.0351
b7d6a67c-5124-46b8-9059-1e196cdec251	14	21952274	22530591	497	0.1275
b7d6a67c-5124-46b8-9059-1e196cdec251	14	22530607	73534419	32151	0.0136
b7d6a67c-5124-46b8-9059-1e196cdec251	14	73540003	73554275	8	-0.9594
b7d6a67c-5124-46b8-9059-1e196cdec251	14	73563196	94475889	13700	0.0181
b7d6a67c-5124-46b8-9059-1e196cdec251	14	94475916	94476171	4	-1.2135
b7d6a67c-5124-46b8-9059-1e196cdec251	14	94476213	105542308	6924	0.0122
b7d6a67c-5124-46b8-9059-1e196cdec251	14	105544971	106877229	511	0.0811
b7d6a67c-5124-46b8-9059-1e196cdec251	15	19811075	20060725	52	0.1343
b7d6a67c-5124-46b8-9059-1e196cdec251	15	20062609	22299523	154	0.3812
b7d6a67c-5124-46b8-9059-1e196cdec251	15	22385639	22576496	7	0.0279
b7d6a67c-5124-46b8-9059-1e196cdec251	15	22582296	22595648	4	-0.722
b7d6a67c-5124-46b8-9059-1e196cdec251	15	22606745	23121974	302	0.0557
b7d6a67c-5124-46b8-9059-1e196cdec251	15	23191818	23420338	14	-0.9046
b7d6a67c-5124-46b8-9059-1e196cdec251	15	23425837	24405917	662	0.018
b7d6a67c-5124-46b8-9059-1e196cdec251	15	24418615	24473026	37	-0.3971
b7d6a67c-5124-46b8-9059-1e196cdec251	15	24473449	30094208	3594	0.0113
b7d6a67c-5124-46b8-9059-1e196cdec251	15	30106026	30269364	16	0.5654
b7d6a67c-5124-46b8-9059-1e196cdec251	15	30281107	38003545	5059	0.0205
b7d6a67c-5124-46b8-9059-1e196cdec251	15	38008262	38032256	14	-0.9086
b7d6a67c-5124-46b8-9059-1e196cdec251	15	38034953	76599170	23964	0.0181
b7d6a67c-5124-46b8-9059-1e196cdec251	15	76599286	76603434	20	-1.5443
b7d6a67c-5124-46b8-9059-1e196cdec251	15	76609838	82594492	3703	0.0086
b7d6a67c-5124-46b8-9059-1e196cdec251	15	82594651	82595006	2	-1.4676
b7d6a67c-5124-46b8-9059-1e196cdec251	15	82597001	92222525	6475	0.017
b7d6a67c-5124-46b8-9059-1e196cdec251	15	92222644	92223064	3	1.4047
b7d6a67c-5124-46b8-9059-1e196cdec251	15	92223528	97265179	3985	0.019
b7d6a67c-5124-46b8-9059-1e196cdec251	15	97274562	97288957	11	-0.6127
b7d6a67c-5124-46b8-9059-1e196cdec251	15	97290419	101928837	3420	0.0286
b7d6a67c-5124-46b8-9059-1e196cdec251	16	10777	4096945	1621	0.0201
b7d6a67c-5124-46b8-9059-1e196cdec251	16	4097312	4099957	4	-1.0155
b7d6a67c-5124-46b8-9059-1e196cdec251	16	4101586	21401082	12752	0.0228
b7d6a67c-5124-46b8-9059-1e196cdec251	16	21503753	21731617	119	-0.8305
b7d6a67c-5124-46b8-9059-1e196cdec251	16	21731811	22417324	260	0.0397
b7d6a67c-5124-46b8-9059-1e196cdec251	16	22420049	22714914	91	-0.2528
b7d6a67c-5124-46b8-9059-1e196cdec251	16	22719033	29122244	4130	0.0137
b7d6a67c-5124-46b8-9059-1e196cdec251	16	29122295	29122679	6	-0.7851
b7d6a67c-5124-46b8-9059-1e196cdec251	16	29122762	29269733	58	-0.0033
b7d6a67c-5124-46b8-9059-1e196cdec251	16	29269734	29272383	3	-1.2444
b7d6a67c-5124-46b8-9059-1e196cdec251	16	29276882	55762682	7875	0.0193
b7d6a67c-5124-46b8-9059-1e196cdec251	16	55764310	55775312	9	0.9767
b7d6a67c-5124-46b8-9059-1e196cdec251	16	55775554	60519407	2944	0.0136
b7d6a67c-5124-46b8-9059-1e196cdec251	16	60521634	60533175	8	-0.6972
b7d6a67c-5124-46b8-9059-1e196cdec251	16	60537315	78337711	11324	0.0126
b7d6a67c-5124-46b8-9059-1e196cdec251	16	78338543	78350841	15	0.9407
b7d6a67c-5124-46b8-9059-1e196cdec251	16	78350868	90096867	10607	0.0149
b7d6a67c-5124-46b8-9059-1e196cdec251	17	150733	46085732	23316	0.0168
b7d6a67c-5124-46b8-9059-1e196cdec251	17	46088437	46569894	129	-0.3594
b7d6a67c-5124-46b8-9059-1e196cdec251	17	46571001	83091923	21546	0.0173
b7d6a67c-5124-46b8-9059-1e196cdec251	18	48133	80257174	50675	0.0085
b7d6a67c-5124-46b8-9059-1e196cdec251	19	90910	8734632	3119	0.0196
b7d6a67c-5124-46b8-9059-1e196cdec251	19	8734635	8734644	2	-1.6304
b7d6a67c-5124-46b8-9059-1e196cdec251	19	8735089	16139717	3793	0.0123
b7d6a67c-5124-46b8-9059-1e196cdec251	19	16144429	16146242	4	1.0065
b7d6a67c-5124-46b8-9059-1e196cdec251	19	16148857	24192647	4175	0.0266
b7d6a67c-5124-46b8-9059-1e196cdec251	19	24196300	24282155	35	-0.3199
b7d6a67c-5124-46b8-9059-1e196cdec251	19	24304880	29212357	1252	0.0235
b7d6a67c-5124-46b8-9059-1e196cdec251	19	29212450	29216921	2	-1.6657
b7d6a67c-5124-46b8-9059-1e196cdec251	19	29217511	35358420	4306	0.0149
b7d6a67c-5124-46b8-9059-1e196cdec251	19	35364451	35375842	22	-0.4768
b7d6a67c-5124-46b8-9059-1e196cdec251	19	35375884	41250133	3005	0.0178
b7d6a67c-5124-46b8-9059-1e196cdec251	19	41255249	41256246	2	-2.5165
b7d6a67c-5124-46b8-9059-1e196cdec251	19	41256620	42743373	661	0.0042
b7d6a67c-5124-46b8-9059-1e196cdec251	19	42751065	42850300	40	0.5931
b7d6a67c-5124-46b8-9059-1e196cdec251	19	42858500	47865355	2445	0.0304
b7d6a67c-5124-46b8-9059-1e196cdec251	19	47870456	47871532	2	-2.9621
b7d6a67c-5124-46b8-9059-1e196cdec251	19	47874802	51628560	1873	0.0162
b7d6a67c-5124-46b8-9059-1e196cdec251	19	51639099	51651652	12	-0.7255
b7d6a67c-5124-46b8-9059-1e196cdec251	19	51652217	54822429	2036	0.0369
b7d6a67c-5124-46b8-9059-1e196cdec251	19	54823536	54862363	17	0.4899
b7d6a67c-5124-46b8-9059-1e196cdec251	19	54866553	55761691	433	0.0071
b7d6a67c-5124-46b8-9059-1e196cdec251	19	55766684	55771701	6	1.1718
b7d6a67c-5124-46b8-9059-1e196cdec251	19	55774927	58586487	1837	0.0258
b7d6a67c-5124-46b8-9059-1e196cdec251	20	80664	81820	15	0.2346
b7d6a67c-5124-46b8-9059-1e196cdec251	20	82279	1567370	1161	0.0304
b7d6a67c-5124-46b8-9059-1e196cdec251	20	1569688	1580276	24	0.276
b7d6a67c-5124-46b8-9059-1e196cdec251	20	1580305	1601561	38	0.721
b7d6a67c-5124-46b8-9059-1e196cdec251	20	1609611	54028329	33601	0.0148
b7d6a67c-5124-46b8-9059-1e196cdec251	20	54031269	54042112	37	-0.8137
b7d6a67c-5124-46b8-9059-1e196cdec251	20	54046035	63904241	7261	0.0149
b7d6a67c-5124-46b8-9059-1e196cdec251	20	63916846	63918212	2	-1.8303
b7d6a67c-5124-46b8-9059-1e196cdec251	20	63920635	64324800	188	0.022
b7d6a67c-5124-46b8-9059-1e196cdec251	21	10354168	10545397	37	0.0282
b7d6a67c-5124-46b8-9059-1e196cdec251	21	10545475	12996806	53	0.269
b7d6a67c-5124-46b8-9059-1e196cdec251	21	12996886	46677045	23748	0.0138
b7d6a67c-5124-46b8-9059-1e196cdec251	22	15294547	15696762	19	0.1233
b7d6a67c-5124-46b8-9059-1e196cdec251	22	15729257	15825902	15	0.4667
b7d6a67c-5124-46b8-9059-1e196cdec251	22	15825930	18167915	1093	0.0058
b7d6a67c-5124-46b8-9059-1e196cdec251	22	18190590	18918093	14	0.8391
b7d6a67c-5124-46b8-9059-1e196cdec251	22	18947964	38891905	14037	0.0192
b7d6a67c-5124-46b8-9059-1e196cdec251	22	38894915	38900899	4	-2.3777
b7d6a67c-5124-46b8-9059-1e196cdec251	22	38903109	42496576	1948	0.0242
b7d6a67c-5124-46b8-9059-1e196cdec251	22	42496590	42581184	37	0.3612
b7d6a67c-5124-46b8-9059-1e196cdec251	22	42584045	50796027	6087	0.0124
b7d6a67c-5124-46b8-9059-1e196cdec251	X	251810	122215944	63707	0.0153
b7d6a67c-5124-46b8-9059-1e196cdec251	X	122217466	122217753	2	-1.5783
b7d6a67c-5124-46b8-9059-1e196cdec251	X	122220443	155952689	19767	0.0149
b7d6a67c-5124-46b8-9059-1e196cdec251	Y	2782397	3421944	208	-2.4431
b7d6a67c-5124-46b8-9059-1e196cdec251	Y	3432225	6075631	511	-2.1186
b7d6a67c-5124-46b8-9059-1e196cdec251	Y	6076562	13478396	2545	-2.5948
b7d6a67c-5124-46b8-9059-1e196cdec251	Y	13478462	13482643	3	-7.561
b7d6a67c-5124-46b8-9059-1e196cdec251	Y	13483009	17053374	1750	-2.5832
b7d6a67c-5124-46b8-9059-1e196cdec251	Y	17054981	17067660	8	-5.843
b7d6a67c-5124-46b8-9059-1e196cdec251	Y	17070391	23586854	1422	-2.6634
b7d6a67c-5124-46b8-9059-1e196cdec251	Y	23784615	56872112	191	-2.2293
