GDC_Aliquot	Chromosome	Start	End	Num_Probes	Segment_Mean
e51e7072-ba6a-4c6c-a1bd-779662fa57a5	1	62920	98588	12	1.0683
e51e7072-ba6a-4c6c-a1bd-779662fa57a5	1	98602	1260310	119	0.0203
e51e7072-ba6a-4c6c-a1bd-779662fa57a5	1	1261091	3301765	606	-0.0775
e51e7072-ba6a-4c6c-a1bd-779662fa57a5	1	3302046	16583114	7911	0.0064
e51e7072-ba6a-4c6c-a1bd-779662fa57a5	1	16604834	16766762	39	0.578
e51e7072-ba6a-4c6c-a1bd-779662fa57a5	1	16766922	59285958	25166	0.0104
e51e7072-ba6a-4c6c-a1bd-779662fa57a5	1	59289612	59289613	2	-1.7479
e51e7072-ba6a-4c6c-a1bd-779662fa57a5	1	59289884	72297687	8926	0.0259
e51e7072-ba6a-4c6c-a1bd-779662fa57a5	1	72302735	72345465	48	1.6094
e51e7072-ba6a-4c6c-a1bd-779662fa57a5	1	72346221	105470754	20949	0.0307
e51e7072-ba6a-4c6c-a1bd-779662fa57a5	1	105476583	105479753	17	-2.0371
e51e7072-ba6a-4c6c-a1bd-779662fa57a5	1	105481433	109690352	2637	0.026
e51e7072-ba6a-4c6c-a1bd-779662fa57a5	1	109690415	109697556	12	1.15
e51e7072-ba6a-4c6c-a1bd-779662fa57a5	1	109702376	111769532	1584	0.0188
e51e7072-ba6a-4c6c-a1bd-779662fa57a5	1	111769589	111769929	3	1.2534
e51e7072-ba6a-4c6c-a1bd-779662fa57a5	1	111770456	112154566	383	0.0296
e51e7072-ba6a-4c6c-a1bd-779662fa57a5	1	112154576	112154768	5	0.7295
e51e7072-ba6a-4c6c-a1bd-779662fa57a5	1	112163334	120095238	5047	0.0227
e51e7072-ba6a-4c6c-a1bd-779662fa57a5	1	120118653	146150530	420	0.1106
e51e7072-ba6a-4c6c-a1bd-779662fa57a5	1	146161924	146250588	3	1.1785
e51e7072-ba6a-4c6c-a1bd-779662fa57a5	1	146716041	152583230	2133	0.0286
e51e7072-ba6a-4c6c-a1bd-779662fa57a5	1	152583291	152618018	35	1.3122
e51e7072-ba6a-4c6c-a1bd-779662fa57a5	1	152618089	152787202	165	0.0209
e51e7072-ba6a-4c6c-a1bd-779662fa57a5	1	152789447	152796224	37	0.5395
e51e7072-ba6a-4c6c-a1bd-779662fa57a5	1	152801429	155210675	1343	0.0141
e51e7072-ba6a-4c6c-a1bd-779662fa57a5	1	155219369	155231273	11	1.3483
e51e7072-ba6a-4c6c-a1bd-779662fa57a5	1	155241876	191859939	24831	0.0261
e51e7072-ba6a-4c6c-a1bd-779662fa57a5	1	191869623	191898581	12	-0.9317
e51e7072-ba6a-4c6c-a1bd-779662fa57a5	1	191902086	196775006	3289	0.0346
e51e7072-ba6a-4c6c-a1bd-779662fa57a5	1	196775070	196802150	26	-0.6685
e51e7072-ba6a-4c6c-a1bd-779662fa57a5	1	196820098	247680410	35129	0.0244
e51e7072-ba6a-4c6c-a1bd-779662fa57a5	1	247686560	247693972	2	-2.3684
e51e7072-ba6a-4c6c-a1bd-779662fa57a5	1	247694026	248524544	506	0.1162
e51e7072-ba6a-4c6c-a1bd-779662fa57a5	1	248524859	248525314	5	-0.754
e51e7072-ba6a-4c6c-a1bd-779662fa57a5	1	248546369	248930189	177	0.0767
e51e7072-ba6a-4c6c-a1bd-779662fa57a5	2	12784	34466002	24088	0.0219
e51e7072-ba6a-4c6c-a1bd-779662fa57a5	2	34474248	34511990	46	0.6746
e51e7072-ba6a-4c6c-a1bd-779662fa57a5	2	34512096	35750907	868	0.0506
e51e7072-ba6a-4c6c-a1bd-779662fa57a5	2	35752724	35761650	4	-1.9913
e51e7072-ba6a-4c6c-a1bd-779662fa57a5	2	35761842	52512042	12129	0.0258
e51e7072-ba6a-4c6c-a1bd-779662fa57a5	2	52512079	52564986	47	0.4067
e51e7072-ba6a-4c6c-a1bd-779662fa57a5	2	52565690	87211079	22023	0.0314
e51e7072-ba6a-4c6c-a1bd-779662fa57a5	2	87218694	87218834	2	-2.2262
e51e7072-ba6a-4c6c-a1bd-779662fa57a5	2	87221597	89960252	755	0.0183
e51e7072-ba6a-4c6c-a1bd-779662fa57a5	2	89963133	90230139	121	-0.8266
e51e7072-ba6a-4c6c-a1bd-779662fa57a5	2	90235899	122033662	15530	0.0269
e51e7072-ba6a-4c6c-a1bd-779662fa57a5	2	122041141	122053792	7	-1.0006
e51e7072-ba6a-4c6c-a1bd-779662fa57a5	2	122054539	124894355	2013	0.0495
e51e7072-ba6a-4c6c-a1bd-779662fa57a5	2	124895323	124900785	5	-5.8926
e51e7072-ba6a-4c6c-a1bd-779662fa57a5	2	124902115	131326276	3622	0.0299
e51e7072-ba6a-4c6c-a1bd-779662fa57a5	2	131335459	131338866	7	-1.1752
e51e7072-ba6a-4c6c-a1bd-779662fa57a5	2	131339746	146107526	9175	0.0338
e51e7072-ba6a-4c6c-a1bd-779662fa57a5	2	146107615	146121331	27	0.7429
e51e7072-ba6a-4c6c-a1bd-779662fa57a5	2	146121420	179548644	20488	0.0286
e51e7072-ba6a-4c6c-a1bd-779662fa57a5	2	179553484	179557410	30	-2.7382
e51e7072-ba6a-4c6c-a1bd-779662fa57a5	2	179560916	182664625	2028	0.0155
e51e7072-ba6a-4c6c-a1bd-779662fa57a5	2	182664805	195924104	7482	0.0525
e51e7072-ba6a-4c6c-a1bd-779662fa57a5	2	195927068	202428368	3763	0.0214
e51e7072-ba6a-4c6c-a1bd-779662fa57a5	2	202431052	202446990	39	-2.0086
e51e7072-ba6a-4c6c-a1bd-779662fa57a5	2	202447298	207485467	3124	0.0253
e51e7072-ba6a-4c6c-a1bd-779662fa57a5	2	207485523	207485538	2	-2.0036
e51e7072-ba6a-4c6c-a1bd-779662fa57a5	2	207485595	242147305	22095	0.0219
e51e7072-ba6a-4c6c-a1bd-779662fa57a5	3	20930	334920	300	0.0758
e51e7072-ba6a-4c6c-a1bd-779662fa57a5	3	335431	336109	4	-1.4676
e51e7072-ba6a-4c6c-a1bd-779662fa57a5	3	336165	1858775	1349	0.1209
e51e7072-ba6a-4c6c-a1bd-779662fa57a5	3	1859027	4073429	2035	0.0511
e51e7072-ba6a-4c6c-a1bd-779662fa57a5	3	4079539	4118040	39	-0.9981
e51e7072-ba6a-4c6c-a1bd-779662fa57a5	3	4120493	6819766	2276	0.0583
e51e7072-ba6a-4c6c-a1bd-779662fa57a5	3	6820028	21056626	9767	0.0181
e51e7072-ba6a-4c6c-a1bd-779662fa57a5	3	21056629	21850293	662	0.0677
e51e7072-ba6a-4c6c-a1bd-779662fa57a5	3	21852144	21852206	2	-1.9181
e51e7072-ba6a-4c6c-a1bd-779662fa57a5	3	21853256	25955280	3182	0.0371
e51e7072-ba6a-4c6c-a1bd-779662fa57a5	3	25957296	26195438	150	0.1836
e51e7072-ba6a-4c6c-a1bd-779662fa57a5	3	26198361	35928820	6436	0.0365
e51e7072-ba6a-4c6c-a1bd-779662fa57a5	3	35929391	35938009	13	-0.6376
e51e7072-ba6a-4c6c-a1bd-779662fa57a5	3	35938711	60005930	14432	0.0218
e51e7072-ba6a-4c6c-a1bd-779662fa57a5	3	60006137	61062993	1158	0.0966
e51e7072-ba6a-4c6c-a1bd-779662fa57a5	3	61063307	68697013	5986	0.0248
e51e7072-ba6a-4c6c-a1bd-779662fa57a5	3	68697108	68698262	14	0.9818
e51e7072-ba6a-4c6c-a1bd-779662fa57a5	3	68699607	99226455	15914	0.0313
e51e7072-ba6a-4c6c-a1bd-779662fa57a5	3	99226551	99226566	2	-2.4077
e51e7072-ba6a-4c6c-a1bd-779662fa57a5	3	99229557	99230464	20	0.4365
e51e7072-ba6a-4c6c-a1bd-779662fa57a5	3	99230470	125950205	16324	0.0303
e51e7072-ba6a-4c6c-a1bd-779662fa57a5	3	125954540	125957120	3	-1.853
e51e7072-ba6a-4c6c-a1bd-779662fa57a5	3	125961657	137309120	6904	0.0225
e51e7072-ba6a-4c6c-a1bd-779662fa57a5	3	137309121	137324378	29	-0.5563
e51e7072-ba6a-4c6c-a1bd-779662fa57a5	3	137328545	193156958	34994	0.0389
e51e7072-ba6a-4c6c-a1bd-779662fa57a5	3	193160113	193165114	20	-1.5638
e51e7072-ba6a-4c6c-a1bd-779662fa57a5	3	193168646	198169114	2691	0.0225
e51e7072-ba6a-4c6c-a1bd-779662fa57a5	3	198169131	198169247	3	-1.4869
e51e7072-ba6a-4c6c-a1bd-779662fa57a5	4	68929	8722817	5098	0.0147
e51e7072-ba6a-4c6c-a1bd-779662fa57a5	4	9370577	9455251	59	0.6237
e51e7072-ba6a-4c6c-a1bd-779662fa57a5	4	9459504	9484440	7	1.4676
e51e7072-ba6a-4c6c-a1bd-779662fa57a5	4	9494650	10212536	540	0.0205
e51e7072-ba6a-4c6c-a1bd-779662fa57a5	4	10221792	10229874	28	-2.4799
e51e7072-ba6a-4c6c-a1bd-779662fa57a5	4	10232590	10233558	6	-0.8559
e51e7072-ba6a-4c6c-a1bd-779662fa57a5	4	10233644	10388498	171	-0.0051
e51e7072-ba6a-4c6c-a1bd-779662fa57a5	4	10389091	10399044	16	0.6204
e51e7072-ba6a-4c6c-a1bd-779662fa57a5	4	10401094	28656857	13042	0.0357
e51e7072-ba6a-4c6c-a1bd-779662fa57a5	4	28659087	28663346	3	-1.0791
e51e7072-ba6a-4c6c-a1bd-779662fa57a5	4	28664735	34777432	3740	0.032
e51e7072-ba6a-4c6c-a1bd-779662fa57a5	4	34784878	34823103	38	0.866
e51e7072-ba6a-4c6c-a1bd-779662fa57a5	4	34828250	48255598	8597	0.0294
e51e7072-ba6a-4c6c-a1bd-779662fa57a5	4	48257808	48257908	2	1.753
e51e7072-ba6a-4c6c-a1bd-779662fa57a5	4	48257986	49214614	375	0.1239
e51e7072-ba6a-4c6c-a1bd-779662fa57a5	4	49289175	49289338	2	-1.5267
e51e7072-ba6a-4c6c-a1bd-779662fa57a5	4	49295203	60631418	5811	0.0325
e51e7072-ba6a-4c6c-a1bd-779662fa57a5	4	60635111	60635552	2	-4.2954
e51e7072-ba6a-4c6c-a1bd-779662fa57a5	4	60638258	61071220	264	0.0511
e51e7072-ba6a-4c6c-a1bd-779662fa57a5	4	61075217	61076234	2	1.2385
e51e7072-ba6a-4c6c-a1bd-779662fa57a5	4	61079968	63828222	1502	0.0446
e51e7072-ba6a-4c6c-a1bd-779662fa57a5	4	63831751	63842540	28	-0.2947
e51e7072-ba6a-4c6c-a1bd-779662fa57a5	4	63850713	68378716	2851	0.0424
e51e7072-ba6a-4c6c-a1bd-779662fa57a5	4	68389352	68395346	5	1.0225
e51e7072-ba6a-4c6c-a1bd-779662fa57a5	4	68416487	68569706	46	0.1409
e51e7072-ba6a-4c6c-a1bd-779662fa57a5	4	68569894	68618331	32	0.54
e51e7072-ba6a-4c6c-a1bd-779662fa57a5	4	68618369	69257792	319	0.1083
e51e7072-ba6a-4c6c-a1bd-779662fa57a5	4	69261926	69366406	56	-0.6291
e51e7072-ba6a-4c6c-a1bd-779662fa57a5	4	69370433	86055238	10439	0.0326
e51e7072-ba6a-4c6c-a1bd-779662fa57a5	4	86055291	86058791	18	-0.4983
e51e7072-ba6a-4c6c-a1bd-779662fa57a5	4	86058936	130120778	26292	0.0347
e51e7072-ba6a-4c6c-a1bd-779662fa57a5	4	130121002	130133076	2	-2.9782
e51e7072-ba6a-4c6c-a1bd-779662fa57a5	4	130137041	131065597	559	0.0345
e51e7072-ba6a-4c6c-a1bd-779662fa57a5	4	131069198	131378702	154	0.204
e51e7072-ba6a-4c6c-a1bd-779662fa57a5	4	131385459	160952848	17846	0.0362
e51e7072-ba6a-4c6c-a1bd-779662fa57a5	4	160958866	160963756	21	-0.4477
e51e7072-ba6a-4c6c-a1bd-779662fa57a5	4	160963767	168057660	4493	0.0442
e51e7072-ba6a-4c6c-a1bd-779662fa57a5	4	168058032	168058112	3	1.1371
e51e7072-ba6a-4c6c-a1bd-779662fa57a5	4	168058165	171448195	2171	0.0413
e51e7072-ba6a-4c6c-a1bd-779662fa57a5	4	171453733	171456559	10	1.2343
e51e7072-ba6a-4c6c-a1bd-779662fa57a5	4	171456573	172066777	397	0.0468
e51e7072-ba6a-4c6c-a1bd-779662fa57a5	4	172067997	172068382	12	-1.5266
e51e7072-ba6a-4c6c-a1bd-779662fa57a5	4	172074828	172501371	230	0.0601
e51e7072-ba6a-4c6c-a1bd-779662fa57a5	4	172503796	172507492	7	-1.0962
e51e7072-ba6a-4c6c-a1bd-779662fa57a5	4	172519981	178478099	3664	0.0279
e51e7072-ba6a-4c6c-a1bd-779662fa57a5	4	178478153	178776398	224	0.1977
e51e7072-ba6a-4c6c-a1bd-779662fa57a5	4	178776464	188300104	6809	0.0414
e51e7072-ba6a-4c6c-a1bd-779662fa57a5	4	188300206	188300270	3	2.0309
e51e7072-ba6a-4c6c-a1bd-779662fa57a5	4	188300285	190106768	1143	0.0778
e51e7072-ba6a-4c6c-a1bd-779662fa57a5	5	15532	432356	193	0.0267
e51e7072-ba6a-4c6c-a1bd-779662fa57a5	5	437622	1927179	749	-0.0366
e51e7072-ba6a-4c6c-a1bd-779662fa57a5	5	1927239	12819201	9251	0.0319
e51e7072-ba6a-4c6c-a1bd-779662fa57a5	5	12819263	12826538	8	1.0178
e51e7072-ba6a-4c6c-a1bd-779662fa57a5	5	12833745	19219794	4221	0.0479
e51e7072-ba6a-4c6c-a1bd-779662fa57a5	5	19228832	19231183	4	-1.028
e51e7072-ba6a-4c6c-a1bd-779662fa57a5	5	19232764	45295803	15930	0.0393
e51e7072-ba6a-4c6c-a1bd-779662fa57a5	5	45298183	46191782	298	0.1641
e51e7072-ba6a-4c6c-a1bd-779662fa57a5	5	46195781	46199333	4	-1.5856
e51e7072-ba6a-4c6c-a1bd-779662fa57a5	5	46209197	46251204	13	0.1374
e51e7072-ba6a-4c6c-a1bd-779662fa57a5	5	46270906	46278110	9	0.8691
e51e7072-ba6a-4c6c-a1bd-779662fa57a5	5	46313245	50809800	279	0.1326
e51e7072-ba6a-4c6c-a1bd-779662fa57a5	5	50809868	57985072	4757	0.0315
e51e7072-ba6a-4c6c-a1bd-779662fa57a5	5	57985627	58025819	36	0.17
e51e7072-ba6a-4c6c-a1bd-779662fa57a5	5	58030200	58037706	32	1.6222
e51e7072-ba6a-4c6c-a1bd-779662fa57a5	5	58042530	97051164	22515	0.0304
e51e7072-ba6a-4c6c-a1bd-779662fa57a5	5	97051263	97051329	2	-2.2257
e51e7072-ba6a-4c6c-a1bd-779662fa57a5	5	97052224	97781157	450	0.0448
e51e7072-ba6a-4c6c-a1bd-779662fa57a5	5	97784381	97789963	4	-0.9352
e51e7072-ba6a-4c6c-a1bd-779662fa57a5	5	97790259	99256359	809	0.045
e51e7072-ba6a-4c6c-a1bd-779662fa57a5	5	99257506	99259605	4	-0.8516
e51e7072-ba6a-4c6c-a1bd-779662fa57a5	5	99260442	99351120	62	0.0216
e51e7072-ba6a-4c6c-a1bd-779662fa57a5	5	99351207	99483913	76	0.1783
e51e7072-ba6a-4c6c-a1bd-779662fa57a5	5	99484537	99504922	7	1.0035
e51e7072-ba6a-4c6c-a1bd-779662fa57a5	5	99508633	100047882	353	0.1458
e51e7072-ba6a-4c6c-a1bd-779662fa57a5	5	100051743	176033084	50097	0.0327
e51e7072-ba6a-4c6c-a1bd-779662fa57a5	5	176038686	176042504	2	-2.2407
e51e7072-ba6a-4c6c-a1bd-779662fa57a5	5	176043321	180951888	2524	0.003
e51e7072-ba6a-4c6c-a1bd-779662fa57a5	5	180953203	180991103	17	0.6538
e51e7072-ba6a-4c6c-a1bd-779662fa57a5	5	181006225	181363319	170	-0.0519
e51e7072-ba6a-4c6c-a1bd-779662fa57a5	6	149661	254283	101	-0.0626
e51e7072-ba6a-4c6c-a1bd-779662fa57a5	6	257353	286393	16	0.6704
e51e7072-ba6a-4c6c-a1bd-779662fa57a5	6	290598	381149	85	0.2874
e51e7072-ba6a-4c6c-a1bd-779662fa57a5	6	382559	4295237	3196	0.0221
e51e7072-ba6a-4c6c-a1bd-779662fa57a5	6	4296959	4297052	2	-1.5843
e51e7072-ba6a-4c6c-a1bd-779662fa57a5	6	4297686	26747504	16841	0.027
e51e7072-ba6a-4c6c-a1bd-779662fa57a5	6	26749330	26759781	3	1.3038
e51e7072-ba6a-4c6c-a1bd-779662fa57a5	6	26831719	28414485	792	0.0227
e51e7072-ba6a-4c6c-a1bd-779662fa57a5	6	28415812	28423688	10	-0.8224
e51e7072-ba6a-4c6c-a1bd-779662fa57a5	6	28426008	29869295	611	0.0111
e51e7072-ba6a-4c6c-a1bd-779662fa57a5	6	29869410	29985665	67	-0.5049
e51e7072-ba6a-4c6c-a1bd-779662fa57a5	6	29986587	31309909	611	-0.0267
e51e7072-ba6a-4c6c-a1bd-779662fa57a5	6	31313046	31319724	7	-1.5606
e51e7072-ba6a-4c6c-a1bd-779662fa57a5	6	31327629	32502142	510	-0.0222
e51e7072-ba6a-4c6c-a1bd-779662fa57a5	6	32502190	32533522	10	1.2517
e51e7072-ba6a-4c6c-a1bd-779662fa57a5	6	32540699	33970222	848	0.0266
e51e7072-ba6a-4c6c-a1bd-779662fa57a5	6	33970966	33974928	7	-0.9825
e51e7072-ba6a-4c6c-a1bd-779662fa57a5	6	33976809	35785015	944	0.0334
e51e7072-ba6a-4c6c-a1bd-779662fa57a5	6	35789073	35789522	4	1.1941
e51e7072-ba6a-4c6c-a1bd-779662fa57a5	6	35801944	54066477	11945	0.0238
e51e7072-ba6a-4c6c-a1bd-779662fa57a5	6	54066582	54067057	4	1.3564
e51e7072-ba6a-4c6c-a1bd-779662fa57a5	6	54070550	57368944	1982	0.0312
e51e7072-ba6a-4c6c-a1bd-779662fa57a5	6	57372382	61777006	738	0.1007
e51e7072-ba6a-4c6c-a1bd-779662fa57a5	6	61777492	66328153	2647	0.0259
e51e7072-ba6a-4c6c-a1bd-779662fa57a5	6	66331020	66333299	7	0.838
e51e7072-ba6a-4c6c-a1bd-779662fa57a5	6	66333342	73882142	5016	0.0384
e51e7072-ba6a-4c6c-a1bd-779662fa57a5	6	73882509	73891694	10	1.1327
e51e7072-ba6a-4c6c-a1bd-779662fa57a5	6	73893839	76719514	1765	0.0279
e51e7072-ba6a-4c6c-a1bd-779662fa57a5	6	76719978	76758871	29	0.4153
e51e7072-ba6a-4c6c-a1bd-779662fa57a5	6	76758906	78253172	973	0.0339
e51e7072-ba6a-4c6c-a1bd-779662fa57a5	6	78259348	78325457	112	-0.4211
e51e7072-ba6a-4c6c-a1bd-779662fa57a5	6	78325468	86693355	5202	0.043
e51e7072-ba6a-4c6c-a1bd-779662fa57a5	6	86696922	86700949	19	-0.8979
e51e7072-ba6a-4c6c-a1bd-779662fa57a5	6	86701040	92864624	4011	0.0315
e51e7072-ba6a-4c6c-a1bd-779662fa57a5	6	92866148	92868912	31	-0.7969
e51e7072-ba6a-4c6c-a1bd-779662fa57a5	6	92873205	93760584	635	0.0147
e51e7072-ba6a-4c6c-a1bd-779662fa57a5	6	93760711	94970302	788	0.1348
e51e7072-ba6a-4c6c-a1bd-779662fa57a5	6	95386776	170741917	49000	0.0285
e51e7072-ba6a-4c6c-a1bd-779662fa57a5	7	43355	3355488	1425	-0.0011
e51e7072-ba6a-4c6c-a1bd-779662fa57a5	7	3355528	3355694	3	1.1321
e51e7072-ba6a-4c6c-a1bd-779662fa57a5	7	3359128	8672811	3539	0.0244
e51e7072-ba6a-4c6c-a1bd-779662fa57a5	7	8674022	10616335	1544	0.0879
e51e7072-ba6a-4c6c-a1bd-779662fa57a5	7	10622500	12016204	1191	0.0237
e51e7072-ba6a-4c6c-a1bd-779662fa57a5	7	12020180	12023717	5	-0.9102
e51e7072-ba6a-4c6c-a1bd-779662fa57a5	7	12024488	13063277	758	0.0439
e51e7072-ba6a-4c6c-a1bd-779662fa57a5	7	13068443	13090444	23	-0.7447
e51e7072-ba6a-4c6c-a1bd-779662fa57a5	7	13091032	18875936	4652	0.0418
e51e7072-ba6a-4c6c-a1bd-779662fa57a5	7	18876043	19749151	894	0.1069
e51e7072-ba6a-4c6c-a1bd-779662fa57a5	7	19749316	42712366	16422	0.0307
e51e7072-ba6a-4c6c-a1bd-779662fa57a5	7	42713126	42713539	2	-2.4598
e51e7072-ba6a-4c6c-a1bd-779662fa57a5	7	42716294	54305455	8028	0.0382
e51e7072-ba6a-4c6c-a1bd-779662fa57a5	7	54318812	54318824	6	-1.8444
e51e7072-ba6a-4c6c-a1bd-779662fa57a5	7	54325795	56718152	1574	0.0393
e51e7072-ba6a-4c6c-a1bd-779662fa57a5	7	56718707	56886702	38	-0.6571
e51e7072-ba6a-4c6c-a1bd-779662fa57a5	7	56898978	63713711	746	0.0685
e51e7072-ba6a-4c6c-a1bd-779662fa57a5	7	63715929	63854094	24	0.7178
e51e7072-ba6a-4c6c-a1bd-779662fa57a5	7	63856364	88479249	13461	0.034
e51e7072-ba6a-4c6c-a1bd-779662fa57a5	7	88479472	90379793	1256	0.1196
e51e7072-ba6a-4c6c-a1bd-779662fa57a5	7	90379899	101475536	6316	0.0289
e51e7072-ba6a-4c6c-a1bd-779662fa57a5	7	101477246	101479436	2	2.0646
e51e7072-ba6a-4c6c-a1bd-779662fa57a5	7	101480146	109797035	5022	0.0321
e51e7072-ba6a-4c6c-a1bd-779662fa57a5	7	109797036	109801903	28	-0.3815
e51e7072-ba6a-4c6c-a1bd-779662fa57a5	7	109813656	134100424	14742	0.0348
e51e7072-ba6a-4c6c-a1bd-779662fa57a5	7	134100442	134110881	25	0.455
e51e7072-ba6a-4c6c-a1bd-779662fa57a5	7	134110912	141328946	4756	0.0231
e51e7072-ba6a-4c6c-a1bd-779662fa57a5	7	141330590	141331004	2	-3.5865
e51e7072-ba6a-4c6c-a1bd-779662fa57a5	7	141331740	143733941	1399	0.0423
e51e7072-ba6a-4c6c-a1bd-779662fa57a5	7	143773027	143790571	3	0.9915
e51e7072-ba6a-4c6c-a1bd-779662fa57a5	7	143799657	144207186	281	0.0837
e51e7072-ba6a-4c6c-a1bd-779662fa57a5	7	144249785	144352208	14	0.6004
e51e7072-ba6a-4c6c-a1bd-779662fa57a5	7	144377836	154221793	6074	0.0297
e51e7072-ba6a-4c6c-a1bd-779662fa57a5	7	154223036	154223216	3	-1.6875
e51e7072-ba6a-4c6c-a1bd-779662fa57a5	7	154225769	154598185	333	0.0409
e51e7072-ba6a-4c6c-a1bd-779662fa57a5	7	154601461	154605369	3	1.419
e51e7072-ba6a-4c6c-a1bd-779662fa57a5	7	154607903	159334314	3236	0.0089
e51e7072-ba6a-4c6c-a1bd-779662fa57a5	8	81254	644973	324	-0.4299
e51e7072-ba6a-4c6c-a1bd-779662fa57a5	8	645220	645875	6	1.3604
e51e7072-ba6a-4c6c-a1bd-779662fa57a5	8	645892	645908	2	4.9512
e51e7072-ba6a-4c6c-a1bd-779662fa57a5	8	656117	1418902	565	-0.4272
e51e7072-ba6a-4c6c-a1bd-779662fa57a5	8	1419196	1419436	2	-2.6439
e51e7072-ba6a-4c6c-a1bd-779662fa57a5	8	1419522	1911082	380	-0.3933
e51e7072-ba6a-4c6c-a1bd-779662fa57a5	8	1911771	1912034	3	-2.1897
e51e7072-ba6a-4c6c-a1bd-779662fa57a5	8	1914179	7414835	6465	-0.3741
e51e7072-ba6a-4c6c-a1bd-779662fa57a5	8	7422376	7974123	28	-1.2492
e51e7072-ba6a-4c6c-a1bd-779662fa57a5	8	7981252	12092042	3229	-0.4143
e51e7072-ba6a-4c6c-a1bd-779662fa57a5	8	12130217	12143614	6	-1.8992
e51e7072-ba6a-4c6c-a1bd-779662fa57a5	8	12176798	39372806	19465	-0.3888
e51e7072-ba6a-4c6c-a1bd-779662fa57a5	8	39373140	39527181	57	0.3354
e51e7072-ba6a-4c6c-a1bd-779662fa57a5	8	39527450	111279265	41978	-0.3818
e51e7072-ba6a-4c6c-a1bd-779662fa57a5	8	111282050	111283031	10	0.8634
e51e7072-ba6a-4c6c-a1bd-779662fa57a5	8	111288052	141167152	21228	-0.3896
e51e7072-ba6a-4c6c-a1bd-779662fa57a5	8	141169248	141564139	218	-0.5404
e51e7072-ba6a-4c6c-a1bd-779662fa57a5	8	141564862	141565045	2	-3.0662
e51e7072-ba6a-4c6c-a1bd-779662fa57a5	8	141565500	142962439	719	-0.5186
e51e7072-ba6a-4c6c-a1bd-779662fa57a5	8	142968626	145072769	729	-0.4332
e51e7072-ba6a-4c6c-a1bd-779662fa57a5	9	46587	11325850	10728	0.0465
e51e7072-ba6a-4c6c-a1bd-779662fa57a5	9	11326312	11837596	413	0.138
e51e7072-ba6a-4c6c-a1bd-779662fa57a5	9	11837690	11839805	4	-0.8727
e51e7072-ba6a-4c6c-a1bd-779662fa57a5	9	11839832	12619065	600	0.1348
e51e7072-ba6a-4c6c-a1bd-779662fa57a5	9	12619365	28501216	12586	0.0407
e51e7072-ba6a-4c6c-a1bd-779662fa57a5	9	28506755	28981483	367	0.1554
e51e7072-ba6a-4c6c-a1bd-779662fa57a5	9	28981528	34649053	3820	0.0374
e51e7072-ba6a-4c6c-a1bd-779662fa57a5	9	34649445	34649458	2	-1.5536
e51e7072-ba6a-4c6c-a1bd-779662fa57a5	9	34652900	38486214	2335	0.0123
e51e7072-ba6a-4c6c-a1bd-779662fa57a5	9	38488922	38498484	4	-1.1996
e51e7072-ba6a-4c6c-a1bd-779662fa57a5	9	38500229	41644288	409	0.0531
e51e7072-ba6a-4c6c-a1bd-779662fa57a5	9	41644336	42211663	33	0.9843
e51e7072-ba6a-4c6c-a1bd-779662fa57a5	9	42230926	63580418	138	0.0701
e51e7072-ba6a-4c6c-a1bd-779662fa57a5	9	63590317	63592813	7	1.8001
e51e7072-ba6a-4c6c-a1bd-779662fa57a5	9	63614182	69493369	1069	0.0411
e51e7072-ba6a-4c6c-a1bd-779662fa57a5	9	69493524	69493659	8	1.2167
e51e7072-ba6a-4c6c-a1bd-779662fa57a5	9	69493733	101987951	22546	0.0223
e51e7072-ba6a-4c6c-a1bd-779662fa57a5	9	101989584	102246509	228	0.1432
e51e7072-ba6a-4c6c-a1bd-779662fa57a5	9	102246555	107895931	4120	0.0344
e51e7072-ba6a-4c6c-a1bd-779662fa57a5	9	107896001	107900075	5	-1.1237
e51e7072-ba6a-4c6c-a1bd-779662fa57a5	9	107900222	108456720	542	0.0251
e51e7072-ba6a-4c6c-a1bd-779662fa57a5	9	108459315	108485029	15	-1.0826
e51e7072-ba6a-4c6c-a1bd-779662fa57a5	9	108486832	123734017	11472	0.0215
e51e7072-ba6a-4c6c-a1bd-779662fa57a5	9	123738435	133161700	5658	-0.0063
e51e7072-ba6a-4c6c-a1bd-779662fa57a5	9	133164549	133307114	89	0.0697
e51e7072-ba6a-4c6c-a1bd-779662fa57a5	9	133307129	133307252	4	1.1801
e51e7072-ba6a-4c6c-a1bd-779662fa57a5	9	133316268	138200944	2284	-0.0122
e51e7072-ba6a-4c6c-a1bd-779662fa57a5	10	45792	44829493	30922	0.0252
e51e7072-ba6a-4c6c-a1bd-779662fa57a5	10	44830033	44830626	2	-3.4933
e51e7072-ba6a-4c6c-a1bd-779662fa57a5	10	44834401	45798061	513	0.0138
e51e7072-ba6a-4c6c-a1bd-779662fa57a5	10	45798171	45817039	2	-1.6837
e51e7072-ba6a-4c6c-a1bd-779662fa57a5	10	45936113	46792344	286	-0.0457
e51e7072-ba6a-4c6c-a1bd-779662fa57a5	10	46804606	46810571	2	-2.2285
e51e7072-ba6a-4c6c-a1bd-779662fa57a5	10	46836986	47024779	10	-0.1464
e51e7072-ba6a-4c6c-a1bd-779662fa57a5	10	47040736	47044272	3	-0.8839
e51e7072-ba6a-4c6c-a1bd-779662fa57a5	10	47045228	47142376	41	0.0278
e51e7072-ba6a-4c6c-a1bd-779662fa57a5	10	47145348	47147154	5	-1.0874
e51e7072-ba6a-4c6c-a1bd-779662fa57a5	10	47150318	50070600	1623	0.0139
e51e7072-ba6a-4c6c-a1bd-779662fa57a5	10	50081224	50210870	8	1.2493
e51e7072-ba6a-4c6c-a1bd-779662fa57a5	10	50222104	53348369	2417	0.0445
e51e7072-ba6a-4c6c-a1bd-779662fa57a5	10	53359265	53377685	49	-0.6217
e51e7072-ba6a-4c6c-a1bd-779662fa57a5	10	53378279	54915228	1163	0.0369
e51e7072-ba6a-4c6c-a1bd-779662fa57a5	10	54915493	54936124	12	0.6305
e51e7072-ba6a-4c6c-a1bd-779662fa57a5	10	54936308	55174691	138	0.0158
e51e7072-ba6a-4c6c-a1bd-779662fa57a5	10	55182417	56044961	601	0.1397
e51e7072-ba6a-4c6c-a1bd-779662fa57a5	10	56045432	59598509	2586	0.0365
e51e7072-ba6a-4c6c-a1bd-779662fa57a5	10	59604357	59605153	5	-1.0677
e51e7072-ba6a-4c6c-a1bd-779662fa57a5	10	59605316	109521984	32865	0.027
e51e7072-ba6a-4c6c-a1bd-779662fa57a5	10	109524679	109637711	78	-0.847
e51e7072-ba6a-4c6c-a1bd-779662fa57a5	10	109643558	122564250	9426	0.0219
e51e7072-ba6a-4c6c-a1bd-779662fa57a5	10	122574497	122591497	7	1.1707
e51e7072-ba6a-4c6c-a1bd-779662fa57a5	10	122597296	133654968	7902	0.0162
e51e7072-ba6a-4c6c-a1bd-779662fa57a5	11	198510	4286769	1755	0.0047
e51e7072-ba6a-4c6c-a1bd-779662fa57a5	11	4298482	4331751	8	-0.8358
e51e7072-ba6a-4c6c-a1bd-779662fa57a5	11	4337579	4941522	637	0.0487
e51e7072-ba6a-4c6c-a1bd-779662fa57a5	11	4941703	4942489	7	0.561
e51e7072-ba6a-4c6c-a1bd-779662fa57a5	11	4942873	4946166	8	0.0356
e51e7072-ba6a-4c6c-a1bd-779662fa57a5	11	4946420	4954475	29	0.7805
e51e7072-ba6a-4c6c-a1bd-779662fa57a5	11	4955027	5186788	192	0.0243
e51e7072-ba6a-4c6c-a1bd-779662fa57a5	11	5186944	5187269	4	1.0476
e51e7072-ba6a-4c6c-a1bd-779662fa57a5	11	5188140	5762693	588	0.0233
e51e7072-ba6a-4c6c-a1bd-779662fa57a5	11	5766175	5787818	32	-0.3999
e51e7072-ba6a-4c6c-a1bd-779662fa57a5	11	5787909	7788131	1500	0.0357
e51e7072-ba6a-4c6c-a1bd-779662fa57a5	11	7791493	7810711	7	-0.7928
e51e7072-ba6a-4c6c-a1bd-779662fa57a5	11	7815462	10600246	1818	0.0299
e51e7072-ba6a-4c6c-a1bd-779662fa57a5	11	10600731	10603599	5	-1.2378
e51e7072-ba6a-4c6c-a1bd-779662fa57a5	11	10604016	18919323	6077	0.0288
e51e7072-ba6a-4c6c-a1bd-779662fa57a5	11	18927525	18939631	35	0.9414
e51e7072-ba6a-4c6c-a1bd-779662fa57a5	11	18939734	37048667	13387	0.0361
e51e7072-ba6a-4c6c-a1bd-779662fa57a5	11	37050064	37653703	418	0.1341
e51e7072-ba6a-4c6c-a1bd-779662fa57a5	11	37653777	49664658	7214	0.0339
e51e7072-ba6a-4c6c-a1bd-779662fa57a5	11	49667771	55608547	761	0.115
e51e7072-ba6a-4c6c-a1bd-779662fa57a5	11	55608760	55671856	41	-0.2642
e51e7072-ba6a-4c6c-a1bd-779662fa57a5	11	55672514	56240067	405	0.1143
e51e7072-ba6a-4c6c-a1bd-779662fa57a5	11	56242723	58555905	1416	0.0366
e51e7072-ba6a-4c6c-a1bd-779662fa57a5	11	58559280	78044851	9795	0.0112
e51e7072-ba6a-4c6c-a1bd-779662fa57a5	11	78047512	135074876	40692	0.0353
e51e7072-ba6a-4c6c-a1bd-779662fa57a5	12	51460	308467	155	-0.1339
e51e7072-ba6a-4c6c-a1bd-779662fa57a5	12	308525	8404097	5439	0.0197
e51e7072-ba6a-4c6c-a1bd-779662fa57a5	12	8405892	8432076	18	1.2119
e51e7072-ba6a-4c6c-a1bd-779662fa57a5	12	8442298	9481274	560	0.0133
e51e7072-ba6a-4c6c-a1bd-779662fa57a5	12	9485313	9562969	22	-1.7191
e51e7072-ba6a-4c6c-a1bd-779662fa57a5	12	9575696	33232895	16646	0.0272
e51e7072-ba6a-4c6c-a1bd-779662fa57a5	12	33233822	33242207	5	-2.1415
e51e7072-ba6a-4c6c-a1bd-779662fa57a5	12	33242483	33365925	88	-0.0522
e51e7072-ba6a-4c6c-a1bd-779662fa57a5	12	33366515	38949077	1262	0.089
e51e7072-ba6a-4c6c-a1bd-779662fa57a5	12	38956395	63558675	14826	0.0191
e51e7072-ba6a-4c6c-a1bd-779662fa57a5	12	63567670	63734445	54	0.6239
e51e7072-ba6a-4c6c-a1bd-779662fa57a5	12	63741025	133201603	45736	0.0233
e51e7072-ba6a-4c6c-a1bd-779662fa57a5	13	18452809	18561563	11	0.6822
e51e7072-ba6a-4c6c-a1bd-779662fa57a5	13	18569684	23052545	2841	0.0276
e51e7072-ba6a-4c6c-a1bd-779662fa57a5	13	23055011	23058865	11	0.3576
e51e7072-ba6a-4c6c-a1bd-779662fa57a5	13	23058992	23059376	6	1.0413
e51e7072-ba6a-4c6c-a1bd-779662fa57a5	13	23064056	37496998	10614	0.0314
e51e7072-ba6a-4c6c-a1bd-779662fa57a5	13	37497899	37510620	16	0.9233
e51e7072-ba6a-4c6c-a1bd-779662fa57a5	13	37514193	37784421	240	0.0466
e51e7072-ba6a-4c6c-a1bd-779662fa57a5	13	37784495	37785315	2	1.2265
e51e7072-ba6a-4c6c-a1bd-779662fa57a5	13	37786591	38478674	459	0.0432
e51e7072-ba6a-4c6c-a1bd-779662fa57a5	13	38483435	38483919	2	-1.7521
e51e7072-ba6a-4c6c-a1bd-779662fa57a5	13	38490920	57176962	11825	0.0343
e51e7072-ba6a-4c6c-a1bd-779662fa57a5	13	57184136	57204246	34	-2.2946
e51e7072-ba6a-4c6c-a1bd-779662fa57a5	13	57215580	57465138	153	0.1846
e51e7072-ba6a-4c6c-a1bd-779662fa57a5	13	57471119	63535303	3579	0.0359
e51e7072-ba6a-4c6c-a1bd-779662fa57a5	13	63540694	63646635	63	0.1869
e51e7072-ba6a-4c6c-a1bd-779662fa57a5	13	63647218	63647295	2	-1.3164
e51e7072-ba6a-4c6c-a1bd-779662fa57a5	13	63648862	71902850	5196	0.0584
e51e7072-ba6a-4c6c-a1bd-779662fa57a5	13	71903417	71906467	5	1.2229
e51e7072-ba6a-4c6c-a1bd-779662fa57a5	13	71912345	83800283	8087	0.0329
e51e7072-ba6a-4c6c-a1bd-779662fa57a5	13	83800304	83803135	2	-1.463
e51e7072-ba6a-4c6c-a1bd-779662fa57a5	13	83804318	85451853	1069	0.0468
e51e7072-ba6a-4c6c-a1bd-779662fa57a5	13	85464780	85464798	2	-1.3681
e51e7072-ba6a-4c6c-a1bd-779662fa57a5	13	85464934	101127963	10003	0.0291
e51e7072-ba6a-4c6c-a1bd-779662fa57a5	13	101130288	101130472	2	-2.282
e51e7072-ba6a-4c6c-a1bd-779662fa57a5	13	101134806	105923892	3993	0.0407
e51e7072-ba6a-4c6c-a1bd-779662fa57a5	13	105924147	105925718	3	-1.4272
e51e7072-ba6a-4c6c-a1bd-779662fa57a5	13	105930330	114342922	5935	0.0283
e51e7072-ba6a-4c6c-a1bd-779662fa57a5	14	18239283	19957701	170	-0.3009
e51e7072-ba6a-4c6c-a1bd-779662fa57a5	14	19957752	21606808	1084	0.0163
e51e7072-ba6a-4c6c-a1bd-779662fa57a5	14	21607183	22526139	789	0.1082
e51e7072-ba6a-4c6c-a1bd-779662fa57a5	14	22526849	40407124	11165	0.0301
e51e7072-ba6a-4c6c-a1bd-779662fa57a5	14	40407141	46702084	3783	0.0654
e51e7072-ba6a-4c6c-a1bd-779662fa57a5	14	46708629	89088483	27503	0.0267
e51e7072-ba6a-4c6c-a1bd-779662fa57a5	14	89089035	105290560	10330	0.0057
e51e7072-ba6a-4c6c-a1bd-779662fa57a5	14	105291055	106877229	577	0.0978
e51e7072-ba6a-4c6c-a1bd-779662fa57a5	15	19811075	20206773	59	0.0771
e51e7072-ba6a-4c6c-a1bd-779662fa57a5	15	20207225	20376311	36	0.3287
e51e7072-ba6a-4c6c-a1bd-779662fa57a5	15	20380735	20381704	10	1.2173
e51e7072-ba6a-4c6c-a1bd-779662fa57a5	15	20384774	20988347	51	0.3896
e51e7072-ba6a-4c6c-a1bd-779662fa57a5	15	21005443	21067891	6	1.3042
e51e7072-ba6a-4c6c-a1bd-779662fa57a5	15	21070355	22572323	50	0.4109
e51e7072-ba6a-4c6c-a1bd-779662fa57a5	15	22576496	27673477	3362	0.0374
e51e7072-ba6a-4c6c-a1bd-779662fa57a5	15	27674351	27682660	13	-0.9309
e51e7072-ba6a-4c6c-a1bd-779662fa57a5	15	27683648	29136814	595	0.0146
e51e7072-ba6a-4c6c-a1bd-779662fa57a5	15	29136885	29137635	2	-1.7173
e51e7072-ba6a-4c6c-a1bd-779662fa57a5	15	29138976	30077828	642	0.0496
e51e7072-ba6a-4c6c-a1bd-779662fa57a5	15	30094208	30158166	6	-1.216
e51e7072-ba6a-4c6c-a1bd-779662fa57a5	15	30199184	30440076	22	0.7668
e51e7072-ba6a-4c6c-a1bd-779662fa57a5	15	30442554	69037475	24808	0.0205
e51e7072-ba6a-4c6c-a1bd-779662fa57a5	15	69038945	69039020	2	1.9054
e51e7072-ba6a-4c6c-a1bd-779662fa57a5	15	69045335	76599286	4250	0.0142
e51e7072-ba6a-4c6c-a1bd-779662fa57a5	15	76599400	76603434	19	1.065
e51e7072-ba6a-4c6c-a1bd-779662fa57a5	15	76609838	83871965	4411	0.0085
e51e7072-ba6a-4c6c-a1bd-779662fa57a5	15	83871986	83874798	6	-0.8955
e51e7072-ba6a-4c6c-a1bd-779662fa57a5	15	83878525	92222525	5767	0.0166
e51e7072-ba6a-4c6c-a1bd-779662fa57a5	15	92222644	92223064	3	2.6028
e51e7072-ba6a-4c6c-a1bd-779662fa57a5	15	92223528	101928837	7422	0.0218
e51e7072-ba6a-4c6c-a1bd-779662fa57a5	16	10777	19933041	13469	0.0213
e51e7072-ba6a-4c6c-a1bd-779662fa57a5	16	19934328	19956040	29	-0.7787
e51e7072-ba6a-4c6c-a1bd-779662fa57a5	16	19958932	20489127	401	0.0127
e51e7072-ba6a-4c6c-a1bd-779662fa57a5	16	20489224	20534515	26	-0.9723
e51e7072-ba6a-4c6c-a1bd-779662fa57a5	16	20534530	22566269	856	0.0295
e51e7072-ba6a-4c6c-a1bd-779662fa57a5	16	22566282	22693199	67	0.3029
e51e7072-ba6a-4c6c-a1bd-779662fa57a5	16	22699421	55762682	12090	0.0229
e51e7072-ba6a-4c6c-a1bd-779662fa57a5	16	55764310	55764867	3	4.1573
e51e7072-ba6a-4c6c-a1bd-779662fa57a5	16	55770436	55775312	6	0.8098
e51e7072-ba6a-4c6c-a1bd-779662fa57a5	16	55775554	55788532	9	0.6513
e51e7072-ba6a-4c6c-a1bd-779662fa57a5	16	55808442	78337711	14277	0.0255
e51e7072-ba6a-4c6c-a1bd-779662fa57a5	16	78338543	78350868	17	0.9789
e51e7072-ba6a-4c6c-a1bd-779662fa57a5	16	78351104	90096867	10616	0.0088
e51e7072-ba6a-4c6c-a1bd-779662fa57a5	17	150733	41265456	20813	0.0147
e51e7072-ba6a-4c6c-a1bd-779662fa57a5	17	41266762	41274279	24	1.4
e51e7072-ba6a-4c6c-a1bd-779662fa57a5	17	41276472	46099741	2508	0.002
e51e7072-ba6a-4c6c-a1bd-779662fa57a5	17	46100092	46211213	91	-0.2503
e51e7072-ba6a-4c6c-a1bd-779662fa57a5	17	46214357	46267527	13	-0.7409
e51e7072-ba6a-4c6c-a1bd-779662fa57a5	17	46267672	46286804	10	-0.4241
e51e7072-ba6a-4c6c-a1bd-779662fa57a5	17	46323701	52930076	3608	0.0223
e51e7072-ba6a-4c6c-a1bd-779662fa57a5	17	52930419	53363069	298	0.1313
e51e7072-ba6a-4c6c-a1bd-779662fa57a5	17	53366288	58134739	3453	0.0327
e51e7072-ba6a-4c6c-a1bd-779662fa57a5	17	58135153	58136733	4	-0.9325
e51e7072-ba6a-4c6c-a1bd-779662fa57a5	17	58140037	61040231	1368	0.0259
e51e7072-ba6a-4c6c-a1bd-779662fa57a5	17	61042450	61052465	5	-0.8259
e51e7072-ba6a-4c6c-a1bd-779662fa57a5	17	61052523	72776704	7301	0.0248
e51e7072-ba6a-4c6c-a1bd-779662fa57a5	17	72776752	72781873	2	-1.4583
e51e7072-ba6a-4c6c-a1bd-779662fa57a5	17	72783626	80017429	4193	-0.0008
e51e7072-ba6a-4c6c-a1bd-779662fa57a5	17	80019297	80022981	3	-3.1082
e51e7072-ba6a-4c6c-a1bd-779662fa57a5	17	80030294	81418592	716	-0.0111
e51e7072-ba6a-4c6c-a1bd-779662fa57a5	17	81418623	81418840	5	0.8056
e51e7072-ba6a-4c6c-a1bd-779662fa57a5	17	81418872	83091923	619	-0.0082
e51e7072-ba6a-4c6c-a1bd-779662fa57a5	18	48133	71302480	44087	0.0336
e51e7072-ba6a-4c6c-a1bd-779662fa57a5	18	71302893	73878069	2052	0.1102
e51e7072-ba6a-4c6c-a1bd-779662fa57a5	18	73878983	80257174	4591	0.0171
e51e7072-ba6a-4c6c-a1bd-779662fa57a5	19	90910	20411869	8921	0.001
e51e7072-ba6a-4c6c-a1bd-779662fa57a5	19	20413400	20538428	70	-0.6872
e51e7072-ba6a-4c6c-a1bd-779662fa57a5	19	20538656	21528153	549	0.0796
e51e7072-ba6a-4c6c-a1bd-779662fa57a5	19	21534501	21538872	2	-1.8279
e51e7072-ba6a-4c6c-a1bd-779662fa57a5	19	21539503	22231138	414	0.0278
e51e7072-ba6a-4c6c-a1bd-779662fa57a5	19	22232943	22271437	33	0.4943
e51e7072-ba6a-4c6c-a1bd-779662fa57a5	19	22283989	23991455	983	0.0356
e51e7072-ba6a-4c6c-a1bd-779662fa57a5	19	23994194	27650781	240	0.1383
e51e7072-ba6a-4c6c-a1bd-779662fa57a5	19	27653592	35358420	5494	0.0157
e51e7072-ba6a-4c6c-a1bd-779662fa57a5	19	35364451	35370946	21	-0.876
e51e7072-ba6a-4c6c-a1bd-779662fa57a5	19	35375842	43193181	3867	0.0128
e51e7072-ba6a-4c6c-a1bd-779662fa57a5	19	43198881	43252085	22	-0.7676
e51e7072-ba6a-4c6c-a1bd-779662fa57a5	19	43262507	43348491	44	0.0314
e51e7072-ba6a-4c6c-a1bd-779662fa57a5	19	43348555	43352532	3	-1.9248
e51e7072-ba6a-4c6c-a1bd-779662fa57a5	19	43362671	54226329	5846	0.0092
e51e7072-ba6a-4c6c-a1bd-779662fa57a5	19	54226360	54237443	15	-2.7509
e51e7072-ba6a-4c6c-a1bd-779662fa57a5	19	54249482	55771003	746	-0.0121
e51e7072-ba6a-4c6c-a1bd-779662fa57a5	19	55771169	55771663	2	-2.2876
e51e7072-ba6a-4c6c-a1bd-779662fa57a5	19	55771701	58586487	1839	0.0004
e51e7072-ba6a-4c6c-a1bd-779662fa57a5	20	80664	1580156	1200	0.0276
e51e7072-ba6a-4c6c-a1bd-779662fa57a5	20	1580276	1618356	48	-0.3883
e51e7072-ba6a-4c6c-a1bd-779662fa57a5	20	1618415	23184378	16786	0.0344
e51e7072-ba6a-4c6c-a1bd-779662fa57a5	20	23190094	23193757	7	-0.823
e51e7072-ba6a-4c6c-a1bd-779662fa57a5	20	23195875	64324800	24340	0.0182
e51e7072-ba6a-4c6c-a1bd-779662fa57a5	21	10354168	13084095	100	0.1891
e51e7072-ba6a-4c6c-a1bd-779662fa57a5	21	13092058	13189617	14	-0.5965
e51e7072-ba6a-4c6c-a1bd-779662fa57a5	21	13197963	13583316	155	0.102
e51e7072-ba6a-4c6c-a1bd-779662fa57a5	21	13612103	13647365	3	-1.5189
e51e7072-ba6a-4c6c-a1bd-779662fa57a5	21	13677975	22174833	5970	0.033
e51e7072-ba6a-4c6c-a1bd-779662fa57a5	21	22174855	23361549	901	0.0924
e51e7072-ba6a-4c6c-a1bd-779662fa57a5	21	23364244	46677045	16731	0.0208
e51e7072-ba6a-4c6c-a1bd-779662fa57a5	22	15294547	22102756	3109	-0.0109
e51e7072-ba6a-4c6c-a1bd-779662fa57a5	22	22106357	22106365	2	-2.5179
e51e7072-ba6a-4c6c-a1bd-779662fa57a5	22	22108569	22395791	340	0.0003
e51e7072-ba6a-4c6c-a1bd-779662fa57a5	22	22396046	22396262	4	1.2172
e51e7072-ba6a-4c6c-a1bd-779662fa57a5	22	22397854	23054476	371	0.0858
e51e7072-ba6a-4c6c-a1bd-779662fa57a5	22	23055870	23940911	555	-0.0259
e51e7072-ba6a-4c6c-a1bd-779662fa57a5	22	23942595	23950883	5	-1.5791
e51e7072-ba6a-4c6c-a1bd-779662fa57a5	22	23951669	36174780	9214	0.0121
e51e7072-ba6a-4c6c-a1bd-779662fa57a5	22	36176467	36177269	3	-1.2381
e51e7072-ba6a-4c6c-a1bd-779662fa57a5	22	36177882	42496590	3540	-0.0032
e51e7072-ba6a-4c6c-a1bd-779662fa57a5	22	42501276	42570693	31	0.3199
e51e7072-ba6a-4c6c-a1bd-779662fa57a5	22	42577195	48700882	4704	0.0042
e51e7072-ba6a-4c6c-a1bd-779662fa57a5	22	48700975	48701215	2	-2.872
e51e7072-ba6a-4c6c-a1bd-779662fa57a5	22	48702719	48872888	152	0.0254
e51e7072-ba6a-4c6c-a1bd-779662fa57a5	22	48874111	48874730	2	-1.7314
e51e7072-ba6a-4c6c-a1bd-779662fa57a5	22	48877479	50528603	1084	-0.0319
e51e7072-ba6a-4c6c-a1bd-779662fa57a5	22	50534679	50534687	5	-2.1937
e51e7072-ba6a-4c6c-a1bd-779662fa57a5	22	50535325	50796027	141	-0.006
e51e7072-ba6a-4c6c-a1bd-779662fa57a5	X	251810	7182164	3417	0.0103
e51e7072-ba6a-4c6c-a1bd-779662fa57a5	X	7185165	7185242	2	-3.2665
e51e7072-ba6a-4c6c-a1bd-779662fa57a5	X	7185871	23044050	10414	0.0098
e51e7072-ba6a-4c6c-a1bd-779662fa57a5	X	23044941	23045032	2	-2.6457
e51e7072-ba6a-4c6c-a1bd-779662fa57a5	X	23047294	24577219	1069	0.0039
e51e7072-ba6a-4c6c-a1bd-779662fa57a5	X	24577297	24577524	2	-5.846
e51e7072-ba6a-4c6c-a1bd-779662fa57a5	X	24577584	155952689	68483	0.0068
e51e7072-ba6a-4c6c-a1bd-779662fa57a5	Y	2782397	9685653	2308	-0.8988
e51e7072-ba6a-4c6c-a1bd-779662fa57a5	Y	9759940	9811130	3	-2.8934
e51e7072-ba6a-4c6c-a1bd-779662fa57a5	Y	9870332	56872112	4326	-0.9057
