GDC_Aliquot	Chromosome	Start	End	Num_Probes	Segment_Mean
043ea226-d446-4d46-a096-a9c49cd331a9	1	62920	86341	11	0.5491
043ea226-d446-4d46-a096-a9c49cd331a9	1	98588	15822848	8325	0.0047
043ea226-d446-4d46-a096-a9c49cd331a9	1	15823420	15827706	8	0.7479
043ea226-d446-4d46-a096-a9c49cd331a9	1	15827744	16719266	340	-0.0033
043ea226-d446-4d46-a096-a9c49cd331a9	1	16721701	16956580	76	0.4143
043ea226-d446-4d46-a096-a9c49cd331a9	1	16958425	25256850	5260	-0.0068
043ea226-d446-4d46-a096-a9c49cd331a9	1	25266637	25320455	24	0.5838
043ea226-d446-4d46-a096-a9c49cd331a9	1	25336819	30012663	2167	-0.0086
043ea226-d446-4d46-a096-a9c49cd331a9	1	30012894	30015714	4	-1.1843
043ea226-d446-4d46-a096-a9c49cd331a9	1	30017747	72303233	26570	0.006
043ea226-d446-4d46-a096-a9c49cd331a9	1	72303253	72345465	45	-1.6134
043ea226-d446-4d46-a096-a9c49cd331a9	1	72346221	89009572	10939	0.0047
043ea226-d446-4d46-a096-a9c49cd331a9	1	89012275	89012522	2	-3.1266
043ea226-d446-4d46-a096-a9c49cd331a9	1	89015841	103616762	9090	0.001
043ea226-d446-4d46-a096-a9c49cd331a9	1	103620877	103717410	5	1.2564
043ea226-d446-4d46-a096-a9c49cd331a9	1	103717617	112153880	5545	0.0056
043ea226-d446-4d46-a096-a9c49cd331a9	1	112153915	112163440	21	0.4363
043ea226-d446-4d46-a096-a9c49cd331a9	1	112163460	121601998	5157	0.0075
043ea226-d446-4d46-a096-a9c49cd331a9	1	121705338	144432083	130	-0.72
043ea226-d446-4d46-a096-a9c49cd331a9	1	144432313	152789570	2520	0.0325
043ea226-d446-4d46-a096-a9c49cd331a9	1	152789781	152796224	32	0.6805
043ea226-d446-4d46-a096-a9c49cd331a9	1	152801429	196761905	29473	0.005
043ea226-d446-4d46-a096-a9c49cd331a9	1	196762480	196762956	2	-1.6896
043ea226-d446-4d46-a096-a9c49cd331a9	1	196769493	196780691	23	0.0433
043ea226-d446-4d46-a096-a9c49cd331a9	1	196780705	196802150	16	0.4887
043ea226-d446-4d46-a096-a9c49cd331a9	1	196820098	243143622	32126	0.0015
043ea226-d446-4d46-a096-a9c49cd331a9	1	243144364	243187175	14	0.484
043ea226-d446-4d46-a096-a9c49cd331a9	1	243189078	245473108	1502	0.0117
043ea226-d446-4d46-a096-a9c49cd331a9	1	245473737	245483602	11	-0.9428
043ea226-d446-4d46-a096-a9c49cd331a9	1	245486349	248930189	2187	0.0353
043ea226-d446-4d46-a096-a9c49cd331a9	2	12784	9909372	7646	0.0059
043ea226-d446-4d46-a096-a9c49cd331a9	2	9909569	9911817	2	-1.5523
043ea226-d446-4d46-a096-a9c49cd331a9	2	9912082	10424964	356	0.0061
043ea226-d446-4d46-a096-a9c49cd331a9	2	10426288	10427372	3	-1.2164
043ea226-d446-4d46-a096-a9c49cd331a9	2	10433072	12920178	1905	0.0067
043ea226-d446-4d46-a096-a9c49cd331a9	2	12920955	18147073	3799	0.1388
043ea226-d446-4d46-a096-a9c49cd331a9	2	18148503	18162673	20	0.5881
043ea226-d446-4d46-a096-a9c49cd331a9	2	18171139	20236984	1603	0.1338
043ea226-d446-4d46-a096-a9c49cd331a9	2	20237864	34466002	8760	0.0012
043ea226-d446-4d46-a096-a9c49cd331a9	2	34474248	34512096	47	0.8208
043ea226-d446-4d46-a096-a9c49cd331a9	2	34512489	40105711	4032	0.0084
043ea226-d446-4d46-a096-a9c49cd331a9	2	40108270	40108319	2	-2.0959
043ea226-d446-4d46-a096-a9c49cd331a9	2	40108736	40763522	589	0.0179
043ea226-d446-4d46-a096-a9c49cd331a9	2	40763612	40764298	2	1.3155
043ea226-d446-4d46-a096-a9c49cd331a9	2	40764666	42218668	1214	0.0132
043ea226-d446-4d46-a096-a9c49cd331a9	2	42220217	42225473	6	-0.8591
043ea226-d446-4d46-a096-a9c49cd331a9	2	42227045	52531615	7168	0.0097
043ea226-d446-4d46-a096-a9c49cd331a9	2	52531630	52563002	34	0.3779
043ea226-d446-4d46-a096-a9c49cd331a9	2	52563355	53021192	397	0.0042
043ea226-d446-4d46-a096-a9c49cd331a9	2	53023097	53023648	3	-1.0768
043ea226-d446-4d46-a096-a9c49cd331a9	2	53026962	54152430	800	0.0208
043ea226-d446-4d46-a096-a9c49cd331a9	2	54152511	54612382	384	0.1013
043ea226-d446-4d46-a096-a9c49cd331a9	2	54612489	68151906	8712	0.007
043ea226-d446-4d46-a096-a9c49cd331a9	2	68153052	68154720	4	-0.9209
043ea226-d446-4d46-a096-a9c49cd331a9	2	68156790	81583448	8650	0.0078
043ea226-d446-4d46-a096-a9c49cd331a9	2	81585057	81589170	10	-1.0927
043ea226-d446-4d46-a096-a9c49cd331a9	2	81590015	97359885	4894	0.0068
043ea226-d446-4d46-a096-a9c49cd331a9	2	97524284	97545726	9	-0.9447
043ea226-d446-4d46-a096-a9c49cd331a9	2	97550415	113604438	9367	0.003
043ea226-d446-4d46-a096-a9c49cd331a9	2	113604837	113604839	2	-2.5509
043ea226-d446-4d46-a096-a9c49cd331a9	2	113623244	172037356	35715	0.0031
043ea226-d446-4d46-a096-a9c49cd331a9	2	172037769	172043340	2	-1.6939
043ea226-d446-4d46-a096-a9c49cd331a9	2	172044021	183220725	7191	0.0027
043ea226-d446-4d46-a096-a9c49cd331a9	2	183221060	183223386	7	-0.8772
043ea226-d446-4d46-a096-a9c49cd331a9	2	183224417	183826726	384	-0.0061
043ea226-d446-4d46-a096-a9c49cd331a9	2	183826922	183833212	4	-1.0635
043ea226-d446-4d46-a096-a9c49cd331a9	2	183836069	242147305	35832	-0.0001
043ea226-d446-4d46-a096-a9c49cd331a9	3	20930	182919	154	-0.0102
043ea226-d446-4d46-a096-a9c49cd331a9	3	188339	190956	3	-3.6091
043ea226-d446-4d46-a096-a9c49cd331a9	3	191117	3078887	2549	0.0373
043ea226-d446-4d46-a096-a9c49cd331a9	3	3083305	3120585	39	-0.9863
043ea226-d446-4d46-a096-a9c49cd331a9	3	3126491	6604856	3074	0.0241
043ea226-d446-4d46-a096-a9c49cd331a9	3	6609441	6613391	24	-0.7359
043ea226-d446-4d46-a096-a9c49cd331a9	3	6613561	68697013	41956	0.0089
043ea226-d446-4d46-a096-a9c49cd331a9	3	68697108	68698262	14	-1.8312
043ea226-d446-4d46-a096-a9c49cd331a9	3	68699607	136300257	38719	0.0057
043ea226-d446-4d46-a096-a9c49cd331a9	3	136304109	136306584	2	-3.2042
043ea226-d446-4d46-a096-a9c49cd331a9	3	136319699	162795304	16240	0.0079
043ea226-d446-4d46-a096-a9c49cd331a9	3	162795361	162908784	68	0.5399
043ea226-d446-4d46-a096-a9c49cd331a9	3	162908815	193160173	19175	0.0057
043ea226-d446-4d46-a096-a9c49cd331a9	3	193160256	193165114	18	1.4093
043ea226-d446-4d46-a096-a9c49cd331a9	3	193168646	195683075	1487	-0.0117
043ea226-d446-4d46-a096-a9c49cd331a9	3	195685341	195691392	2	-2.945
043ea226-d446-4d46-a096-a9c49cd331a9	3	195695418	198169247	1204	-0.0007
043ea226-d446-4d46-a096-a9c49cd331a9	4	68929	8718442	5099	0.0037
043ea226-d446-4d46-a096-a9c49cd331a9	4	8720526	9499750	72	0.5617
043ea226-d446-4d46-a096-a9c49cd331a9	4	9507970	9858273	154	-0.0425
043ea226-d446-4d46-a096-a9c49cd331a9	4	9858277	9863418	4	0.9459
043ea226-d446-4d46-a096-a9c49cd331a9	4	9865878	10208766	376	-0.0237
043ea226-d446-4d46-a096-a9c49cd331a9	4	10221792	10229874	28	-2.1417
043ea226-d446-4d46-a096-a9c49cd331a9	4	10232590	34777432	16982	0.0005
043ea226-d446-4d46-a096-a9c49cd331a9	4	34784878	34822561	37	0.4835
043ea226-d446-4d46-a096-a9c49cd331a9	4	34823103	63831799	16568	0.0061
043ea226-d446-4d46-a096-a9c49cd331a9	4	63831812	63842540	26	-0.522
043ea226-d446-4d46-a096-a9c49cd331a9	4	63850713	68478894	2870	0.0086
043ea226-d446-4d46-a096-a9c49cd331a9	4	68494770	68623617	69	0.5795
043ea226-d446-4d46-a096-a9c49cd331a9	4	68639397	69223380	297	0.0351
043ea226-d446-4d46-a096-a9c49cd331a9	4	69223788	69366406	73	0.2858
043ea226-d446-4d46-a096-a9c49cd331a9	4	69370433	91548852	13826	0.0075
043ea226-d446-4d46-a096-a9c49cd331a9	4	91552163	91557170	6	-0.957
043ea226-d446-4d46-a096-a9c49cd331a9	4	91560210	97432453	3478	0.0124
043ea226-d446-4d46-a096-a9c49cd331a9	4	97436283	97437154	2	-1.4549
043ea226-d446-4d46-a096-a9c49cd331a9	4	97439635	103824414	3708	-0.0066
043ea226-d446-4d46-a096-a9c49cd331a9	4	103830473	103830480	5	1.0736
043ea226-d446-4d46-a096-a9c49cd331a9	4	103830487	124389774	12327	-0.0015
043ea226-d446-4d46-a096-a9c49cd331a9	4	124396117	124397134	2	-1.6009
043ea226-d446-4d46-a096-a9c49cd331a9	4	124397143	171448195	28645	0.0035
043ea226-d446-4d46-a096-a9c49cd331a9	4	171453733	171456625	12	0.8003
043ea226-d446-4d46-a096-a9c49cd331a9	4	171459220	179270119	4858	0.013
043ea226-d446-4d46-a096-a9c49cd331a9	4	179270222	179277506	5	-0.7884
043ea226-d446-4d46-a096-a9c49cd331a9	4	179281228	188300104	6484	0.0151
043ea226-d446-4d46-a096-a9c49cd331a9	4	188300206	188301659	5	1.5392
043ea226-d446-4d46-a096-a9c49cd331a9	4	188301899	190106768	1140	0.0363
043ea226-d446-4d46-a096-a9c49cd331a9	5	15532	1638601	749	-0.0088
043ea226-d446-4d46-a096-a9c49cd331a9	5	1638988	1639786	2	-1.8446
043ea226-d446-4d46-a096-a9c49cd331a9	5	1641700	1773359	93	-0.0016
043ea226-d446-4d46-a096-a9c49cd331a9	5	1778227	1778392	2	-1.329
043ea226-d446-4d46-a096-a9c49cd331a9	5	1778664	12800777	9344	0.005
043ea226-d446-4d46-a096-a9c49cd331a9	5	12815668	12826538	11	0.8153
043ea226-d446-4d46-a096-a9c49cd331a9	5	12833745	20724611	5147	0.0115
043ea226-d446-4d46-a096-a9c49cd331a9	5	20734535	20737631	2	-1.3115
043ea226-d446-4d46-a096-a9c49cd331a9	5	20739562	27505055	3892	0.0121
043ea226-d446-4d46-a096-a9c49cd331a9	5	27505217	27525913	17	-0.4792
043ea226-d446-4d46-a096-a9c49cd331a9	5	27527372	58025819	16500	0.0061
043ea226-d446-4d46-a096-a9c49cd331a9	5	58030200	58037706	32	2.7902
043ea226-d446-4d46-a096-a9c49cd331a9	5	58042530	100041239	24284	0.0078
043ea226-d446-4d46-a096-a9c49cd331a9	5	100043745	100047882	4	-1.8276
043ea226-d446-4d46-a096-a9c49cd331a9	5	100051743	110137730	6188	0.0077
043ea226-d446-4d46-a096-a9c49cd331a9	5	110140022	110150753	10	0.6933
043ea226-d446-4d46-a096-a9c49cd331a9	5	110152186	140838209	19578	0.0026
043ea226-d446-4d46-a096-a9c49cd331a9	5	140838745	140852254	12	-0.772
043ea226-d446-4d46-a096-a9c49cd331a9	5	140861442	150822643	6570	0.004
043ea226-d446-4d46-a096-a9c49cd331a9	5	150825938	150839042	8	-0.835
043ea226-d446-4d46-a096-a9c49cd331a9	5	150843825	156053103	3643	0.0005
043ea226-d446-4d46-a096-a9c49cd331a9	5	156054939	156055186	3	-1.0604
043ea226-d446-4d46-a096-a9c49cd331a9	5	156055427	178680821	15258	0.002
043ea226-d446-4d46-a096-a9c49cd331a9	5	178682974	178685260	2	-2.5023
043ea226-d446-4d46-a096-a9c49cd331a9	5	178686162	181363319	1536	0.0327
043ea226-d446-4d46-a096-a9c49cd331a9	6	149661	267622	108	-0.0301
043ea226-d446-4d46-a096-a9c49cd331a9	6	267693	385056	100	0.2684
043ea226-d446-4d46-a096-a9c49cd331a9	6	385687	29869295	21448	0.0014
043ea226-d446-4d46-a096-a9c49cd331a9	6	29869410	29881490	16	0.9749
043ea226-d446-4d46-a096-a9c49cd331a9	6	29882419	29913249	10	-0.1685
043ea226-d446-4d46-a096-a9c49cd331a9	6	29913481	29931120	5	-1.1567
043ea226-d446-4d46-a096-a9c49cd331a9	6	29931900	31309909	648	0.007
043ea226-d446-4d46-a096-a9c49cd331a9	6	31313046	31327629	8	-1.4935
043ea226-d446-4d46-a096-a9c49cd331a9	6	31328176	32533522	520	0.0413
043ea226-d446-4d46-a096-a9c49cd331a9	6	32540699	32602588	15	0.6956
043ea226-d446-4d46-a096-a9c49cd331a9	6	32605994	32656527	27	-0.0037
043ea226-d446-4d46-a096-a9c49cd331a9	6	32656814	32658841	5	1.1337
043ea226-d446-4d46-a096-a9c49cd331a9	6	32682835	48963228	10393	0.0072
043ea226-d446-4d46-a096-a9c49cd331a9	6	48964092	48967563	3	-2.4682
043ea226-d446-4d46-a096-a9c49cd331a9	6	48978926	49458680	255	-0.0006
043ea226-d446-4d46-a096-a9c49cd331a9	6	49463856	49478796	13	0.7177
043ea226-d446-4d46-a096-a9c49cd331a9	6	49479582	54066353	3039	-0.0011
043ea226-d446-4d46-a096-a9c49cd331a9	6	54066432	54067005	5	-1.5283
043ea226-d446-4d46-a096-a9c49cd331a9	6	54067057	64627049	4229	0.011
043ea226-d446-4d46-a096-a9c49cd331a9	6	64637651	64639099	2	-2.6414
043ea226-d446-4d46-a096-a9c49cd331a9	6	64640883	76305231	7643	0.0123
043ea226-d446-4d46-a096-a9c49cd331a9	6	76307183	76307209	3	1.1267
043ea226-d446-4d46-a096-a9c49cd331a9	6	76307276	76726815	296	-0.0098
043ea226-d446-4d46-a096-a9c49cd331a9	6	76730151	76733530	11	-0.8201
043ea226-d446-4d46-a096-a9c49cd331a9	6	76736482	78261995	991	0.0105
043ea226-d446-4d46-a096-a9c49cd331a9	6	78262064	78304385	60	0.3073
043ea226-d446-4d46-a096-a9c49cd331a9	6	78304401	103286950	15522	0.0106
043ea226-d446-4d46-a096-a9c49cd331a9	6	103286954	103314186	47	0.8514
043ea226-d446-4d46-a096-a9c49cd331a9	6	103317795	114874292	7249	0.0048
043ea226-d446-4d46-a096-a9c49cd331a9	6	114881368	114881626	4	-1.2379
043ea226-d446-4d46-a096-a9c49cd331a9	6	114885112	118214956	1888	0.015
043ea226-d446-4d46-a096-a9c49cd331a9	6	118215002	118963263	416	0.0898
043ea226-d446-4d46-a096-a9c49cd331a9	6	118963719	170741917	34615	0.0058
043ea226-d446-4d46-a096-a9c49cd331a9	7	43355	38258721	27375	0.0052
043ea226-d446-4d46-a096-a9c49cd331a9	7	38263519	38347842	116	0.2142
043ea226-d446-4d46-a096-a9c49cd331a9	7	38351764	54305455	10995	-0.0003
043ea226-d446-4d46-a096-a9c49cd331a9	7	54318812	54318824	6	-2.2402
043ea226-d446-4d46-a096-a9c49cd331a9	7	54325795	97766148	21822	0.0099
043ea226-d446-4d46-a096-a9c49cd331a9	7	97766150	97774928	16	-0.8202
043ea226-d446-4d46-a096-a9c49cd331a9	7	97774965	112407290	8351	0.0247
043ea226-d446-4d46-a096-a9c49cd331a9	7	112407599	112409609	4	-1.0649
043ea226-d446-4d46-a096-a9c49cd331a9	7	112410693	126404920	8311	0.0232
043ea226-d446-4d46-a096-a9c49cd331a9	7	126405428	126406561	12	0.8598
043ea226-d446-4d46-a096-a9c49cd331a9	7	126406822	134100424	4700	0.0235
043ea226-d446-4d46-a096-a9c49cd331a9	7	134100442	134110881	25	0.6012
043ea226-d446-4d46-a096-a9c49cd331a9	7	134110912	142069843	5205	0.0234
043ea226-d446-4d46-a096-a9c49cd331a9	7	142069880	142087562	21	0.5525
043ea226-d446-4d46-a096-a9c49cd331a9	7	142087732	142554630	354	0.0542
043ea226-d446-4d46-a096-a9c49cd331a9	7	142554640	142804972	109	0.2604
043ea226-d446-4d46-a096-a9c49cd331a9	7	142805092	153450553	6321	0.035
043ea226-d446-4d46-a096-a9c49cd331a9	7	153450560	153450627	2	-2.5524
043ea226-d446-4d46-a096-a9c49cd331a9	7	153450630	159334314	4091	0.0151
043ea226-d446-4d46-a096-a9c49cd331a9	8	81254	2177460	1557	0.0192
043ea226-d446-4d46-a096-a9c49cd331a9	8	2178209	2178964	4	-1.6343
043ea226-d446-4d46-a096-a9c49cd331a9	8	2179870	6968014	6060	0.0279
043ea226-d446-4d46-a096-a9c49cd331a9	8	6968154	6980411	17	-0.5162
043ea226-d446-4d46-a096-a9c49cd331a9	8	6982183	12092042	3380	0.0133
043ea226-d446-4d46-a096-a9c49cd331a9	8	12130217	12177488	8	-0.8541
043ea226-d446-4d46-a096-a9c49cd331a9	8	12323772	25114672	10450	0.0078
043ea226-d446-4d46-a096-a9c49cd331a9	8	25116928	25126818	27	0.7809
043ea226-d446-4d46-a096-a9c49cd331a9	8	25133589	39372806	9016	-0.001
043ea226-d446-4d46-a096-a9c49cd331a9	8	39373140	39529446	60	0.7759
043ea226-d446-4d46-a096-a9c49cd331a9	8	39530780	50118212	4583	0.0077
043ea226-d446-4d46-a096-a9c49cd331a9	8	50119451	50119827	8	-2.0659
043ea226-d446-4d46-a096-a9c49cd331a9	8	50120863	111279265	37421	0.0033
043ea226-d446-4d46-a096-a9c49cd331a9	8	111282050	111283016	9	1.864
043ea226-d446-4d46-a096-a9c49cd331a9	8	111283031	139591259	20256	0.0045
043ea226-d446-4d46-a096-a9c49cd331a9	8	139592093	139592959	5	1.0545
043ea226-d446-4d46-a096-a9c49cd331a9	8	139593472	145072769	2655	0.0268
043ea226-d446-4d46-a096-a9c49cd331a9	9	46587	1446459	1459	0.0437
043ea226-d446-4d46-a096-a9c49cd331a9	9	1446987	1450320	12	-0.9876
043ea226-d446-4d46-a096-a9c49cd331a9	9	1453039	42073850	29832	0.0108
043ea226-d446-4d46-a096-a9c49cd331a9	9	42080170	42211663	18	-0.586
043ea226-d446-4d46-a096-a9c49cd331a9	9	42230926	76939544	6589	0
043ea226-d446-4d46-a096-a9c49cd331a9	9	76941965	76944420	4	-1.0357
043ea226-d446-4d46-a096-a9c49cd331a9	9	76951948	87907679	7893	0.001
043ea226-d446-4d46-a096-a9c49cd331a9	9	87939236	87939304	2	-1.9705
043ea226-d446-4d46-a096-a9c49cd331a9	9	87943042	93599833	3829	-0.0022
043ea226-d446-4d46-a096-a9c49cd331a9	9	93600385	93600685	2	-1.46
043ea226-d446-4d46-a096-a9c49cd331a9	9	93604365	110229229	11848	0.0068
043ea226-d446-4d46-a096-a9c49cd331a9	9	110233010	110237403	3	-1.9577
043ea226-d446-4d46-a096-a9c49cd331a9	9	110238461	137358495	17625	0.0019
043ea226-d446-4d46-a096-a9c49cd331a9	9	137361190	137361381	3	-1.5547
043ea226-d446-4d46-a096-a9c49cd331a9	9	137378551	138200944	407	0.0157
043ea226-d446-4d46-a096-a9c49cd331a9	10	45792	54695009	36897	0.0043
043ea226-d446-4d46-a096-a9c49cd331a9	10	54697027	54708677	11	0.659
043ea226-d446-4d46-a096-a9c49cd331a9	10	54712504	55822618	751	0.0231
043ea226-d446-4d46-a096-a9c49cd331a9	10	55823112	56019022	133	0.149
043ea226-d446-4d46-a096-a9c49cd331a9	10	56022546	65546400	6632	-0.0026
043ea226-d446-4d46-a096-a9c49cd331a9	10	65546518	65554672	28	-0.4106
043ea226-d446-4d46-a096-a9c49cd331a9	10	65554688	67189707	1247	0.0243
043ea226-d446-4d46-a096-a9c49cd331a9	10	67193100	67195954	3	-1.042
043ea226-d446-4d46-a096-a9c49cd331a9	10	67196647	79491575	7974	-0.0029
043ea226-d446-4d46-a096-a9c49cd331a9	10	79523511	79737848	21	-0.6325
043ea226-d446-4d46-a096-a9c49cd331a9	10	79747269	89178916	6578	0.0048
043ea226-d446-4d46-a096-a9c49cd331a9	10	89183210	89188273	11	-1.0148
043ea226-d446-4d46-a096-a9c49cd331a9	10	89188333	113444969	15693	-0.0018
043ea226-d446-4d46-a096-a9c49cd331a9	10	113448998	113457106	8	-1.3306
043ea226-d446-4d46-a096-a9c49cd331a9	10	113459555	130019443	12344	-0.0057
043ea226-d446-4d46-a096-a9c49cd331a9	10	130019748	131388215	1192	0.0402
043ea226-d446-4d46-a096-a9c49cd331a9	10	131388425	131391705	11	-0.4532
043ea226-d446-4d46-a096-a9c49cd331a9	10	131393565	131641742	185	0.0773
043ea226-d446-4d46-a096-a9c49cd331a9	10	131648231	133654968	968	0.0011
043ea226-d446-4d46-a096-a9c49cd331a9	11	198510	253390	36	0.0728
043ea226-d446-4d46-a096-a9c49cd331a9	11	253662	254010	3	0.8743
043ea226-d446-4d46-a096-a9c49cd331a9	11	254064	1623675	445	0.046
043ea226-d446-4d46-a096-a9c49cd331a9	11	1624736	1638078	14	-0.5176
043ea226-d446-4d46-a096-a9c49cd331a9	11	1639207	5761695	2727	0.0107
043ea226-d446-4d46-a096-a9c49cd331a9	11	5761729	5781682	35	0.4083
043ea226-d446-4d46-a096-a9c49cd331a9	11	5787096	5787110	2	-1.3103
043ea226-d446-4d46-a096-a9c49cd331a9	11	5787146	5788231	5	0.6866
043ea226-d446-4d46-a096-a9c49cd331a9	11	5791130	6504209	484	0.0339
043ea226-d446-4d46-a096-a9c49cd331a9	11	6508585	11792346	3986	0.0022
043ea226-d446-4d46-a096-a9c49cd331a9	11	11792518	11794016	4	-0.8907
043ea226-d446-4d46-a096-a9c49cd331a9	11	11795110	16615776	3400	-0.0035
043ea226-d446-4d46-a096-a9c49cd331a9	11	16615915	16616495	5	-0.8642
043ea226-d446-4d46-a096-a9c49cd331a9	11	16624541	18927525	1526	0.0032
043ea226-d446-4d46-a096-a9c49cd331a9	11	18927562	18956113	62	0.2576
043ea226-d446-4d46-a096-a9c49cd331a9	11	18956549	54555109	21376	0.005
043ea226-d446-4d46-a096-a9c49cd331a9	11	54555644	55832279	535	0.0946
043ea226-d446-4d46-a096-a9c49cd331a9	11	55832581	59243694	2073	-0.0047
043ea226-d446-4d46-a096-a9c49cd331a9	11	59247185	59247496	4	-0.9318
043ea226-d446-4d46-a096-a9c49cd331a9	11	59252488	80255788	11073	0.0011
043ea226-d446-4d46-a096-a9c49cd331a9	11	80256138	80256520	6	0.791
043ea226-d446-4d46-a096-a9c49cd331a9	11	80256642	81484376	1032	-0.0046
043ea226-d446-4d46-a096-a9c49cd331a9	11	81484498	135074876	38002	0.0178
043ea226-d446-4d46-a096-a9c49cd331a9	12	51460	4279366	2888	0.0261
043ea226-d446-4d46-a096-a9c49cd331a9	12	4279989	4280040	4	-1.003
043ea226-d446-4d46-a096-a9c49cd331a9	12	4280183	22173528	11868	0.0059
043ea226-d446-4d46-a096-a9c49cd331a9	12	22177180	22177586	2	-1.3802
043ea226-d446-4d46-a096-a9c49cd331a9	12	22182936	29006848	4958	-0.0031
043ea226-d446-4d46-a096-a9c49cd331a9	12	29010695	29011589	3	-1.3787
043ea226-d446-4d46-a096-a9c49cd331a9	12	29015050	45506042	8677	0.017
043ea226-d446-4d46-a096-a9c49cd331a9	12	45510655	45515754	4	-1.2117
043ea226-d446-4d46-a096-a9c49cd331a9	12	45519509	48331259	1717	0.0058
043ea226-d446-4d46-a096-a9c49cd331a9	12	48331456	48331632	3	1.059
043ea226-d446-4d46-a096-a9c49cd331a9	12	48336253	63526209	8915	0.0052
043ea226-d446-4d46-a096-a9c49cd331a9	12	63526805	63531025	3	-1.461
043ea226-d446-4d46-a096-a9c49cd331a9	12	63539183	126334378	40589	0.0007
043ea226-d446-4d46-a096-a9c49cd331a9	12	126334393	126344659	26	-0.9559
043ea226-d446-4d46-a096-a9c49cd331a9	12	126346650	133201603	5202	0.0186
043ea226-d446-4d46-a096-a9c49cd331a9	13	18452809	37496233	13485	-0.0001
043ea226-d446-4d46-a096-a9c49cd331a9	13	37496998	37510620	17	-0.6203
043ea226-d446-4d46-a096-a9c49cd331a9	13	37514193	52284657	9829	0.004
043ea226-d446-4d46-a096-a9c49cd331a9	13	52288372	52315875	8	0.6528
043ea226-d446-4d46-a096-a9c49cd331a9	13	52322826	52505209	60	0.0138
043ea226-d446-4d46-a096-a9c49cd331a9	13	52513751	52520664	3	-1.4404
043ea226-d446-4d46-a096-a9c49cd331a9	13	52523849	58009216	3077	0.005
043ea226-d446-4d46-a096-a9c49cd331a9	13	58010656	58022896	7	-0.8046
043ea226-d446-4d46-a096-a9c49cd331a9	13	58027918	66757233	5316	0.0108
043ea226-d446-4d46-a096-a9c49cd331a9	13	66757303	66757744	2	-1.5395
043ea226-d446-4d46-a096-a9c49cd331a9	13	66757801	114342922	32355	0.0027
043ea226-d446-4d46-a096-a9c49cd331a9	14	18239283	19019303	30	0.0448
043ea226-d446-4d46-a096-a9c49cd331a9	14	19049265	19954424	136	-0.364
043ea226-d446-4d46-a096-a9c49cd331a9	14	19955213	21815041	1236	0.0115
043ea226-d446-4d46-a096-a9c49cd331a9	14	21815359	22095895	250	0.1561
043ea226-d446-4d46-a096-a9c49cd331a9	14	22095970	22530591	395	0.2911
043ea226-d446-4d46-a096-a9c49cd331a9	14	22530607	22626099	84	0.003
043ea226-d446-4d46-a096-a9c49cd331a9	14	22626643	22628613	3	-1.7789
043ea226-d446-4d46-a096-a9c49cd331a9	14	22630225	40959878	11453	0.009
043ea226-d446-4d46-a096-a9c49cd331a9	14	40964494	40968637	11	0.5376
043ea226-d446-4d46-a096-a9c49cd331a9	14	40970947	65770729	15773	0.0082
043ea226-d446-4d46-a096-a9c49cd331a9	14	65771002	75881373	6229	-0.0132
043ea226-d446-4d46-a096-a9c49cd331a9	14	75881898	75882339	5	-0.9812
043ea226-d446-4d46-a096-a9c49cd331a9	14	75884780	105877120	19398	-0.009
043ea226-d446-4d46-a096-a9c49cd331a9	14	105912076	106294689	123	0.1294
043ea226-d446-4d46-a096-a9c49cd331a9	14	106297265	106297273	3	1.9194
043ea226-d446-4d46-a096-a9c49cd331a9	14	106297409	106407614	49	-0.1132
043ea226-d446-4d46-a096-a9c49cd331a9	14	106412640	106458421	44	0.29
043ea226-d446-4d46-a096-a9c49cd331a9	14	106458677	106877229	202	-0.0078
043ea226-d446-4d46-a096-a9c49cd331a9	15	19811075	20267598	67	0.059
043ea226-d446-4d46-a096-a9c49cd331a9	15	20283083	20372908	20	0.4699
043ea226-d446-4d46-a096-a9c49cd331a9	15	20373168	20381704	18	-0.1631
043ea226-d446-4d46-a096-a9c49cd331a9	15	20384774	20441322	26	0.4427
043ea226-d446-4d46-a096-a9c49cd331a9	15	20441432	20625279	6	-0.3502
043ea226-d446-4d46-a096-a9c49cd331a9	15	20642631	22299523	69	0.5426
043ea226-d446-4d46-a096-a9c49cd331a9	15	22385639	24424598	992	0.0163
043ea226-d446-4d46-a096-a9c49cd331a9	15	24429604	24473449	34	-0.7032
043ea226-d446-4d46-a096-a9c49cd331a9	15	24480146	30259942	3611	0.0066
043ea226-d446-4d46-a096-a9c49cd331a9	15	30269364	30633402	25	0.4236
043ea226-d446-4d46-a096-a9c49cd331a9	15	30638297	33712404	2075	0.0064
043ea226-d446-4d46-a096-a9c49cd331a9	15	33715178	33715226	3	1.1359
043ea226-d446-4d46-a096-a9c49cd331a9	15	33718214	47226922	8158	0.0052
043ea226-d446-4d46-a096-a9c49cd331a9	15	47227348	47227357	2	1.3799
043ea226-d446-4d46-a096-a9c49cd331a9	15	47233464	83871965	23245	-0.0006
043ea226-d446-4d46-a096-a9c49cd331a9	15	83871986	83874798	6	-0.9382
043ea226-d446-4d46-a096-a9c49cd331a9	15	83878525	101928837	13194	0.011
043ea226-d446-4d46-a096-a9c49cd331a9	16	10777	78338949	41245	0.0067
043ea226-d446-4d46-a096-a9c49cd331a9	16	78339440	78342814	5	-1.7834
043ea226-d446-4d46-a096-a9c49cd331a9	16	78343037	90096867	10632	0.0047
043ea226-d446-4d46-a096-a9c49cd331a9	17	150733	18455632	11398	0.0098
043ea226-d446-4d46-a096-a9c49cd331a9	17	18455635	18565883	26	0.5249
043ea226-d446-4d46-a096-a9c49cd331a9	17	18571332	41266762	9396	0.0108
043ea226-d446-4d46-a096-a9c49cd331a9	17	41266774	41266838	4	0.2685
043ea226-d446-4d46-a096-a9c49cd331a9	17	41266851	41267234	8	1.4464
043ea226-d446-4d46-a096-a9c49cd331a9	17	41271598	41273905	7	0.4466
043ea226-d446-4d46-a096-a9c49cd331a9	17	41273921	41274198	3	3.417
043ea226-d446-4d46-a096-a9c49cd331a9	17	41274279	46085732	2501	0.0154
043ea226-d446-4d46-a096-a9c49cd331a9	17	46088437	46284997	123	0.6298
043ea226-d446-4d46-a096-a9c49cd331a9	17	46286804	72793511	16054	0.016
043ea226-d446-4d46-a096-a9c49cd331a9	17	72796418	72798323	4	-0.9793
043ea226-d446-4d46-a096-a9c49cd331a9	17	72799796	74244843	1041	0.0248
043ea226-d446-4d46-a096-a9c49cd331a9	17	74246436	74246494	2	-1.3402
043ea226-d446-4d46-a096-a9c49cd331a9	17	74247644	83091923	4470	0.0287
043ea226-d446-4d46-a096-a9c49cd331a9	18	48133	80257174	50744	0.0072
043ea226-d446-4d46-a096-a9c49cd331a9	19	90910	14928127	6098	0.008
043ea226-d446-4d46-a096-a9c49cd331a9	19	14934380	14938487	3	-1.1944
043ea226-d446-4d46-a096-a9c49cd331a9	19	14940475	35167825	10437	0.0114
043ea226-d446-4d46-a096-a9c49cd331a9	19	35172871	35173140	6	-0.816
043ea226-d446-4d46-a096-a9c49cd331a9	19	35175144	35358420	168	-0.0048
043ea226-d446-4d46-a096-a9c49cd331a9	19	35364451	35370946	21	-0.5252
043ea226-d446-4d46-a096-a9c49cd331a9	19	35375842	58586487	12382	0.0135
043ea226-d446-4d46-a096-a9c49cd331a9	20	80664	1580156	1200	0.0062
043ea226-d446-4d46-a096-a9c49cd331a9	20	1580276	1601561	39	1.3797
043ea226-d446-4d46-a096-a9c49cd331a9	20	1609611	2595510	859	-0.0213
043ea226-d446-4d46-a096-a9c49cd331a9	20	2595626	30208745	17931	0.0165
043ea226-d446-4d46-a096-a9c49cd331a9	20	30214279	30271154	12	-0.5791
043ea226-d446-4d46-a096-a9c49cd331a9	20	30293217	42640681	6810	0.0151
043ea226-d446-4d46-a096-a9c49cd331a9	20	42640777	64324800	15541	-0.0085
043ea226-d446-4d46-a096-a9c49cd331a9	21	10354168	46677045	23873	0.0069
043ea226-d446-4d46-a096-a9c49cd331a9	22	15294547	18142004	1110	0.0139
043ea226-d446-4d46-a096-a9c49cd331a9	22	18143362	18147293	9	-1.2563
043ea226-d446-4d46-a096-a9c49cd331a9	22	18148598	18620743	15	0.0398
043ea226-d446-4d46-a096-a9c49cd331a9	22	18649244	18783014	4	1.4088
043ea226-d446-4d46-a096-a9c49cd331a9	22	18818348	23940911	3245	0.0126
043ea226-d446-4d46-a096-a9c49cd331a9	22	23942595	23950883	5	-1.4435
043ea226-d446-4d46-a096-a9c49cd331a9	22	23951669	23981995	7	-0.3135
043ea226-d446-4d46-a096-a9c49cd331a9	22	23987520	23990739	5	0.7045
043ea226-d446-4d46-a096-a9c49cd331a9	22	23995113	25263162	814	0.0118
043ea226-d446-4d46-a096-a9c49cd331a9	22	25265409	25526380	289	0.5141
043ea226-d446-4d46-a096-a9c49cd331a9	22	25526581	38967614	9738	0.0039
043ea226-d446-4d46-a096-a9c49cd331a9	22	38967679	38993715	25	-0.6657
043ea226-d446-4d46-a096-a9c49cd331a9	22	38993746	42501276	1889	0.006
043ea226-d446-4d46-a096-a9c49cd331a9	22	42503434	42570422	29	0.4911
043ea226-d446-4d46-a096-a9c49cd331a9	22	42570693	50796027	6094	0.0059
043ea226-d446-4d46-a096-a9c49cd331a9	X	251810	5778716	2323	0.0049
043ea226-d446-4d46-a096-a9c49cd331a9	X	5778783	5781049	3	-3.9996
043ea226-d446-4d46-a096-a9c49cd331a9	X	5781353	48001197	26614	0.005
043ea226-d446-4d46-a096-a9c49cd331a9	X	48020763	48128795	77	-3.4633
043ea226-d446-4d46-a096-a9c49cd331a9	X	48141867	53297234	2058	0.007
043ea226-d446-4d46-a096-a9c49cd331a9	X	53300766	53303249	3	-2.4761
043ea226-d446-4d46-a096-a9c49cd331a9	X	53303290	63250575	2427	0.0053
043ea226-d446-4d46-a096-a9c49cd331a9	X	63250976	63285991	20	0.8563
043ea226-d446-4d46-a096-a9c49cd331a9	X	63297125	75965734	5605	0.0145
043ea226-d446-4d46-a096-a9c49cd331a9	X	75966082	75969617	5	1.4748
043ea226-d446-4d46-a096-a9c49cd331a9	X	75969876	103092206	14077	0.0031
043ea226-d446-4d46-a096-a9c49cd331a9	X	103093355	103095747	2	-2.7673
043ea226-d446-4d46-a096-a9c49cd331a9	X	103098185	155952689	30312	0.0052
043ea226-d446-4d46-a096-a9c49cd331a9	Y	2782397	56872112	6639	-0.9804
