GDC_Aliquot	Chromosome	Start	End	Num_Probes	Segment_Mean
3bcb17f1-296b-4710-b826-6591505e9be8	1	62920	826738	36	-0.06
3bcb17f1-296b-4710-b826-6591505e9be8	1	833413	5713882	2558	-0.2376
3bcb17f1-296b-4710-b826-6591505e9be8	1	5714614	5718729	5	-2.7689
3bcb17f1-296b-4710-b826-6591505e9be8	1	5722109	25256850	11339	-0.2551
3bcb17f1-296b-4710-b826-6591505e9be8	1	25266637	25351871	29	0.4057
3bcb17f1-296b-4710-b826-6591505e9be8	1	25351886	31417179	3120	-0.2547
3bcb17f1-296b-4710-b826-6591505e9be8	1	31417723	32789551	581	0.0648
3bcb17f1-296b-4710-b826-6591505e9be8	1	32791044	34519204	1160	-0.266
3bcb17f1-296b-4710-b826-6591505e9be8	1	34519858	34622204	57	0.0893
3bcb17f1-296b-4710-b826-6591505e9be8	1	34622496	34626073	6	0.6221
3bcb17f1-296b-4710-b826-6591505e9be8	1	34637053	34649941	22	-2.1744
3bcb17f1-296b-4710-b826-6591505e9be8	1	34650960	36092394	647	0.0514
3bcb17f1-296b-4710-b826-6591505e9be8	1	36094020	36094382	2	-1.4011
3bcb17f1-296b-4710-b826-6591505e9be8	1	36097882	36401633	134	0.0541
3bcb17f1-296b-4710-b826-6591505e9be8	1	36407064	36407717	4	-0.7662
3bcb17f1-296b-4710-b826-6591505e9be8	1	36408641	37308691	624	0.0543
3bcb17f1-296b-4710-b826-6591505e9be8	1	37309096	37310697	2	-1.3028
3bcb17f1-296b-4710-b826-6591505e9be8	1	37312158	37511140	120	0.0834
3bcb17f1-296b-4710-b826-6591505e9be8	1	37536226	37837043	158	-0.2556
3bcb17f1-296b-4710-b826-6591505e9be8	1	37837353	40343213	1371	0.0395
3bcb17f1-296b-4710-b826-6591505e9be8	1	40343997	40408332	30	0.4499
3bcb17f1-296b-4710-b826-6591505e9be8	1	40410612	43873482	2125	0.0363
3bcb17f1-296b-4710-b826-6591505e9be8	1	43874983	44798873	504	-0.2679
3bcb17f1-296b-4710-b826-6591505e9be8	1	44803970	65415774	13474	0.0506
3bcb17f1-296b-4710-b826-6591505e9be8	1	65419674	65490042	47	0.3949
3bcb17f1-296b-4710-b826-6591505e9be8	1	65491255	72297687	4443	0.0532
3bcb17f1-296b-4710-b826-6591505e9be8	1	72302735	72346757	50	0.5726
3bcb17f1-296b-4710-b826-6591505e9be8	1	72351072	121705338	30663	0.0507
3bcb17f1-296b-4710-b826-6591505e9be8	1	143459641	143890323	121	-0.5291
3bcb17f1-296b-4710-b826-6591505e9be8	1	143893019	152583051	2316	0.0617
3bcb17f1-296b-4710-b826-6591505e9be8	1	152583230	152613762	31	-1.4398
3bcb17f1-296b-4710-b826-6591505e9be8	1	152613802	153353209	650	0.0536
3bcb17f1-296b-4710-b826-6591505e9be8	1	153355859	153368173	13	-0.5902
3bcb17f1-296b-4710-b826-6591505e9be8	1	153368348	174826800	14300	0.0526
3bcb17f1-296b-4710-b826-6591505e9be8	1	174827128	174832716	19	-0.6424
3bcb17f1-296b-4710-b826-6591505e9be8	1	174832734	175669485	620	0.0576
3bcb17f1-296b-4710-b826-6591505e9be8	1	175670569	175691594	22	-0.4426
3bcb17f1-296b-4710-b826-6591505e9be8	1	175691905	196745743	13955	0.0542
3bcb17f1-296b-4710-b826-6591505e9be8	1	196758720	196832720	58	0.4838
3bcb17f1-296b-4710-b826-6591505e9be8	1	196843377	246536745	34294	0.0472
3bcb17f1-296b-4710-b826-6591505e9be8	1	246538398	246808784	185	0.2733
3bcb17f1-296b-4710-b826-6591505e9be8	1	246811119	248477891	1020	0.0771
3bcb17f1-296b-4710-b826-6591505e9be8	1	248520099	248631988	45	-0.4535
3bcb17f1-296b-4710-b826-6591505e9be8	1	248633821	248930189	142	0.0778
3bcb17f1-296b-4710-b826-6591505e9be8	2	12784	4153079	2974	0.0679
3bcb17f1-296b-4710-b826-6591505e9be8	2	4155597	4175577	39	-0.4035
3bcb17f1-296b-4710-b826-6591505e9be8	2	4175922	10000867	4663	0.0472
3bcb17f1-296b-4710-b826-6591505e9be8	2	10001063	10019309	4	-1.6483
3bcb17f1-296b-4710-b826-6591505e9be8	2	10019955	41011095	21154	0.0503
3bcb17f1-296b-4710-b826-6591505e9be8	2	41011303	41015728	17	-0.7526
3bcb17f1-296b-4710-b826-6591505e9be8	2	41015808	57167767	11528	0.0547
3bcb17f1-296b-4710-b826-6591505e9be8	2	57174909	57214643	66	0.8821
3bcb17f1-296b-4710-b826-6591505e9be8	2	57214676	134308905	42393	0.0451
3bcb17f1-296b-4710-b826-6591505e9be8	2	134309531	134309650	2	-2.9301
3bcb17f1-296b-4710-b826-6591505e9be8	2	134310436	242147305	66163	0.0453
3bcb17f1-296b-4710-b826-6591505e9be8	3	20930	52989195	35517	-0.2529
3bcb17f1-296b-4710-b826-6591505e9be8	3	52994359	53007869	49	-0.7902
3bcb17f1-296b-4710-b826-6591505e9be8	3	53010468	76239900	17149	-0.253
3bcb17f1-296b-4710-b826-6591505e9be8	3	76239955	76252218	4	-2.9031
3bcb17f1-296b-4710-b826-6591505e9be8	3	76252372	109187067	16690	-0.2565
3bcb17f1-296b-4710-b826-6591505e9be8	3	109189384	109189402	2	-3.1839
3bcb17f1-296b-4710-b826-6591505e9be8	3	109189974	112218348	1782	-0.257
3bcb17f1-296b-4710-b826-6591505e9be8	3	112220103	112525152	221	0.0838
3bcb17f1-296b-4710-b826-6591505e9be8	3	112532928	115689506	1860	-0.2622
3bcb17f1-296b-4710-b826-6591505e9be8	3	115692144	116559277	593	0.0642
3bcb17f1-296b-4710-b826-6591505e9be8	3	116559662	118376467	1344	-0.2759
3bcb17f1-296b-4710-b826-6591505e9be8	3	118376511	121571465	1762	0.0556
3bcb17f1-296b-4710-b826-6591505e9be8	3	121572059	121583002	8	0.7933
3bcb17f1-296b-4710-b826-6591505e9be8	3	121583488	121604277	25	0.1067
3bcb17f1-296b-4710-b826-6591505e9be8	3	121604513	121616462	18	0.6216
3bcb17f1-296b-4710-b826-6591505e9be8	3	121616614	162765848	25219	0.053
3bcb17f1-296b-4710-b826-6591505e9be8	3	162766594	162908207	98	0.3961
3bcb17f1-296b-4710-b826-6591505e9be8	3	162908784	175392901	7672	0.0542
3bcb17f1-296b-4710-b826-6591505e9be8	3	175393516	176054456	390	0.2291
3bcb17f1-296b-4710-b826-6591505e9be8	3	176055600	184042785	4696	0.0613
3bcb17f1-296b-4710-b826-6591505e9be8	3	184043337	184062277	11	0.7347
3bcb17f1-296b-4710-b826-6591505e9be8	3	184062435	191949988	5461	0.0523
3bcb17f1-296b-4710-b826-6591505e9be8	3	191950018	191950838	2	-2.5884
3bcb17f1-296b-4710-b826-6591505e9be8	3	191952447	193162684	881	0.0542
3bcb17f1-296b-4710-b826-6591505e9be8	3	193162798	193165114	12	-1.1277
3bcb17f1-296b-4710-b826-6591505e9be8	3	193168646	195703918	1495	0.0428
3bcb17f1-296b-4710-b826-6591505e9be8	3	195704028	195737444	25	0.6744
3bcb17f1-296b-4710-b826-6591505e9be8	3	195737636	198169247	1165	0.0765
3bcb17f1-296b-4710-b826-6591505e9be8	4	68929	3467927	1387	0.046
3bcb17f1-296b-4710-b826-6591505e9be8	4	3470435	3470595	2	-2.3245
3bcb17f1-296b-4710-b826-6591505e9be8	4	3470639	69277656	41076	0.0536
3bcb17f1-296b-4710-b826-6591505e9be8	4	69278088	69374271	46	-0.5521
3bcb17f1-296b-4710-b826-6591505e9be8	4	69376311	77279318	4937	0.0493
3bcb17f1-296b-4710-b826-6591505e9be8	4	77279643	77283083	3	-1.4212
3bcb17f1-296b-4710-b826-6591505e9be8	4	77283643	87849022	6571	0.0472
3bcb17f1-296b-4710-b826-6591505e9be8	4	87849077	87849407	6	0.9693
3bcb17f1-296b-4710-b826-6591505e9be8	4	87849665	103294549	9075	0.0548
3bcb17f1-296b-4710-b826-6591505e9be8	4	103296943	103296945	3	-1.642
3bcb17f1-296b-4710-b826-6591505e9be8	4	103298947	114252544	6654	0.0392
3bcb17f1-296b-4710-b826-6591505e9be8	4	114254167	114261019	23	-1.1906
3bcb17f1-296b-4710-b826-6591505e9be8	4	114263073	161019769	27961	0.0494
3bcb17f1-296b-4710-b826-6591505e9be8	4	161023010	161025473	4	1.3605
3bcb17f1-296b-4710-b826-6591505e9be8	4	161025607	172066777	6995	0.0496
3bcb17f1-296b-4710-b826-6591505e9be8	4	172067997	172068382	12	-1.3553
3bcb17f1-296b-4710-b826-6591505e9be8	4	172074828	178420306	3838	0.0531
3bcb17f1-296b-4710-b826-6591505e9be8	4	178420414	178769724	263	0.2155
3bcb17f1-296b-4710-b826-6591505e9be8	4	178769867	186156129	5351	0.0643
3bcb17f1-296b-4710-b826-6591505e9be8	4	186157784	186172834	12	0.8539
3bcb17f1-296b-4710-b826-6591505e9be8	4	186176244	190106768	2562	0.0717
3bcb17f1-296b-4710-b826-6591505e9be8	5	15532	779766	333	0.1205
3bcb17f1-296b-4710-b826-6591505e9be8	5	800724	825538	18	-0.9139
3bcb17f1-296b-4710-b826-6591505e9be8	5	833513	17601952	12972	0.0515
3bcb17f1-296b-4710-b826-6591505e9be8	5	17602350	17642442	15	-0.7869
3bcb17f1-296b-4710-b826-6591505e9be8	5	17655029	18449552	543	0.0526
3bcb17f1-296b-4710-b826-6591505e9be8	5	18450505	18453901	2	-1.8305
3bcb17f1-296b-4710-b826-6591505e9be8	5	18458441	25872592	4321	0.0486
3bcb17f1-296b-4710-b826-6591505e9be8	5	25874421	25886806	9	-0.922
3bcb17f1-296b-4710-b826-6591505e9be8	5	25894880	34483427	5452	0.0589
3bcb17f1-296b-4710-b826-6591505e9be8	5	34483833	34687141	168	0.2401
3bcb17f1-296b-4710-b826-6591505e9be8	5	34687712	46191782	6716	0.0482
3bcb17f1-296b-4710-b826-6591505e9be8	5	46195781	46199333	4	-1.3652
3bcb17f1-296b-4710-b826-6591505e9be8	5	46209197	46365339	33	0.1242
3bcb17f1-296b-4710-b826-6591505e9be8	5	46377225	50225758	20	-0.4421
3bcb17f1-296b-4710-b826-6591505e9be8	5	50230193	58025759	5021	0.0515
3bcb17f1-296b-4710-b826-6591505e9be8	5	58025819	58034507	15	1.4363
3bcb17f1-296b-4710-b826-6591505e9be8	5	58035852	181363319	76858	0.055
3bcb17f1-296b-4710-b826-6591505e9be8	6	149661	198481	28	-0.1465
3bcb17f1-296b-4710-b826-6591505e9be8	6	201456	968709	686	0.1616
3bcb17f1-296b-4710-b826-6591505e9be8	6	969059	25690916	18809	0.0572
3bcb17f1-296b-4710-b826-6591505e9be8	6	25696053	25713340	10	0.7393
3bcb17f1-296b-4710-b826-6591505e9be8	6	25713836	27660614	976	0.0704
3bcb17f1-296b-4710-b826-6591505e9be8	6	27664765	27689868	17	0.627
3bcb17f1-296b-4710-b826-6591505e9be8	6	27699777	29731476	919	0.0721
3bcb17f1-296b-4710-b826-6591505e9be8	6	29732302	29732406	2	-1.722
3bcb17f1-296b-4710-b826-6591505e9be8	6	29735485	29869295	109	0.1323
3bcb17f1-296b-4710-b826-6591505e9be8	6	29869410	29913249	25	0.7425
3bcb17f1-296b-4710-b826-6591505e9be8	6	29913481	32444658	1135	0.0935
3bcb17f1-296b-4710-b826-6591505e9be8	6	32444703	32658160	83	0.4656
3bcb17f1-296b-4710-b826-6591505e9be8	6	32658841	73882509	24021	0.0515
3bcb17f1-296b-4710-b826-6591505e9be8	6	73882741	73891694	9	-1.8739
3bcb17f1-296b-4710-b826-6591505e9be8	6	73893839	78270700	2788	0.0524
3bcb17f1-296b-4710-b826-6591505e9be8	6	78270730	78313960	56	0.5959
3bcb17f1-296b-4710-b826-6591505e9be8	6	78314049	80566395	1451	0.0729
3bcb17f1-296b-4710-b826-6591505e9be8	6	80568268	80584682	38	-0.5598
3bcb17f1-296b-4710-b826-6591505e9be8	6	80584697	92549189	7542	0.0542
3bcb17f1-296b-4710-b826-6591505e9be8	6	92549781	92549902	3	-1.5524
3bcb17f1-296b-4710-b826-6591505e9be8	6	92550124	92866163	203	0.071
3bcb17f1-296b-4710-b826-6591505e9be8	6	92866201	92868912	29	-0.4022
3bcb17f1-296b-4710-b826-6591505e9be8	6	92873205	93776860	644	0.0689
3bcb17f1-296b-4710-b826-6591505e9be8	6	93777377	93856729	44	0.3882
3bcb17f1-296b-4710-b826-6591505e9be8	6	93857265	103286950	5507	0.0601
3bcb17f1-296b-4710-b826-6591505e9be8	6	103286954	103317855	50	0.4506
3bcb17f1-296b-4710-b826-6591505e9be8	6	103320903	126865409	14311	0.0556
3bcb17f1-296b-4710-b826-6591505e9be8	6	126865874	126866513	2	-2.2367
3bcb17f1-296b-4710-b826-6591505e9be8	6	126866600	170741917	29679	0.0524
3bcb17f1-296b-4710-b826-6591505e9be8	7	43355	38254500	27269	0.06
3bcb17f1-296b-4710-b826-6591505e9be8	7	38255395	38347190	115	-0.3458
3bcb17f1-296b-4710-b826-6591505e9be8	7	38347211	57592733	12892	0.0528
3bcb17f1-296b-4710-b826-6591505e9be8	7	57595671	57660309	23	0.5645
3bcb17f1-296b-4710-b826-6591505e9be8	7	57661582	64139111	557	0.0006
3bcb17f1-296b-4710-b826-6591505e9be8	7	64139247	64262159	64	0.3471
3bcb17f1-296b-4710-b826-6591505e9be8	7	64264515	88517017	13241	0.0447
3bcb17f1-296b-4710-b826-6591505e9be8	7	88521483	88569380	22	0.5361
3bcb17f1-296b-4710-b826-6591505e9be8	7	88569943	88962997	311	0.054
3bcb17f1-296b-4710-b826-6591505e9be8	7	88963149	89757880	495	0.1679
3bcb17f1-296b-4710-b826-6591505e9be8	7	89759767	89943652	99	-0.0905
3bcb17f1-296b-4710-b826-6591505e9be8	7	89947345	90216589	203	0.2259
3bcb17f1-296b-4710-b826-6591505e9be8	7	90217022	109793741	11405	0.0474
3bcb17f1-296b-4710-b826-6591505e9be8	7	109797035	109813853	35	-0.8713
3bcb17f1-296b-4710-b826-6591505e9be8	7	109813925	112470941	1758	0.068
3bcb17f1-296b-4710-b826-6591505e9be8	7	112471361	112536822	47	0.3752
3bcb17f1-296b-4710-b826-6591505e9be8	7	112537627	126406489	8207	0.051
3bcb17f1-296b-4710-b826-6591505e9be8	7	126406546	126423377	20	0.5194
3bcb17f1-296b-4710-b826-6591505e9be8	7	126426224	134100424	4660	0.043
3bcb17f1-296b-4710-b826-6591505e9be8	7	134100442	134105690	23	-1.5688
3bcb17f1-296b-4710-b826-6591505e9be8	7	134110881	158319247	15407	0.0507
3bcb17f1-296b-4710-b826-6591505e9be8	7	158320363	158322732	3	2.3771
3bcb17f1-296b-4710-b826-6591505e9be8	7	158323170	159334314	636	0.0911
3bcb17f1-296b-4710-b826-6591505e9be8	8	81254	39389156	30300	-0.2536
3bcb17f1-296b-4710-b826-6591505e9be8	8	39389592	39529446	57	0.4271
3bcb17f1-296b-4710-b826-6591505e9be8	8	39530780	40324598	585	-0.2528
3bcb17f1-296b-4710-b826-6591505e9be8	8	40326278	40331992	34	-1.2968
3bcb17f1-296b-4710-b826-6591505e9be8	8	40335391	145072769	63960	-0.2594
3bcb17f1-296b-4710-b826-6591505e9be8	9	46587	1544755	1652	0.1291
3bcb17f1-296b-4710-b826-6591505e9be8	9	1544939	4008653	2363	0.0455
3bcb17f1-296b-4710-b826-6591505e9be8	9	4008954	4009643	6	-1.2932
3bcb17f1-296b-4710-b826-6591505e9be8	9	4009807	6053098	1892	0.0511
3bcb17f1-296b-4710-b826-6591505e9be8	9	6055531	12722400	5877	0.0865
3bcb17f1-296b-4710-b826-6591505e9be8	9	12723132	41388367	19356	0.0496
3bcb17f1-296b-4710-b826-6591505e9be8	9	41388379	41646527	30	0.5333
3bcb17f1-296b-4710-b826-6591505e9be8	9	41646850	42073850	13	-0.0451
3bcb17f1-296b-4710-b826-6591505e9be8	9	42080170	42574420	33	-0.4406
3bcb17f1-296b-4710-b826-6591505e9be8	9	42585140	61566296	72	0.1269
3bcb17f1-296b-4710-b826-6591505e9be8	9	61572014	61668104	15	0.8575
3bcb17f1-296b-4710-b826-6591505e9be8	9	61680289	135327017	46822	0.0442
3bcb17f1-296b-4710-b826-6591505e9be8	9	135327305	135327870	3	-2.454
3bcb17f1-296b-4710-b826-6591505e9be8	9	135327897	135472087	94	0.2877
3bcb17f1-296b-4710-b826-6591505e9be8	9	135472543	135518526	35	-0.0116
3bcb17f1-296b-4710-b826-6591505e9be8	9	135519926	135520280	2	-1.5828
3bcb17f1-296b-4710-b826-6591505e9be8	9	135520536	138119269	944	0.0637
3bcb17f1-296b-4710-b826-6591505e9be8	9	138123971	138130876	6	-1.1695
3bcb17f1-296b-4710-b826-6591505e9be8	9	138131434	138200944	15	0.1294
3bcb17f1-296b-4710-b826-6591505e9be8	10	45792	46525652	31550	0.0408
3bcb17f1-296b-4710-b826-6591505e9be8	10	46525728	46526280	13	-1.386
3bcb17f1-296b-4710-b826-6591505e9be8	10	46526920	133654968	58778	0.045
3bcb17f1-296b-4710-b826-6591505e9be8	11	198510	233990	18	-0.0124
3bcb17f1-296b-4710-b826-6591505e9be8	11	235619	460431	88	0.3908
3bcb17f1-296b-4710-b826-6591505e9be8	11	461793	135074876	86397	0.0501
3bcb17f1-296b-4710-b826-6591505e9be8	12	51460	132633007	84256	0.0459
3bcb17f1-296b-4710-b826-6591505e9be8	12	132639591	132639662	2	-2.5561
3bcb17f1-296b-4710-b826-6591505e9be8	12	132640031	133201603	259	0.0971
3bcb17f1-296b-4710-b826-6591505e9be8	13	18452809	37501828	13433	0.0499
3bcb17f1-296b-4710-b826-6591505e9be8	13	37502130	37510620	12	-1.3284
3bcb17f1-296b-4710-b826-6591505e9be8	13	37514193	38273881	573	0.0782
3bcb17f1-296b-4710-b826-6591505e9be8	13	38275570	38278107	2	-2.2672
3bcb17f1-296b-4710-b826-6591505e9be8	13	38278208	105728408	43808	0.0523
3bcb17f1-296b-4710-b826-6591505e9be8	13	105729174	105730616	3	-1.6787
3bcb17f1-296b-4710-b826-6591505e9be8	13	105733391	114342922	6093	0.0523
3bcb17f1-296b-4710-b826-6591505e9be8	14	18239283	21952274	1535	-0.2283
3bcb17f1-296b-4710-b826-6591505e9be8	14	21952397	22506847	469	-0.7028
3bcb17f1-296b-4710-b826-6591505e9be8	14	22508237	23982222	849	-0.2555
3bcb17f1-296b-4710-b826-6591505e9be8	14	23983492	24020067	25	-1.0766
3bcb17f1-296b-4710-b826-6591505e9be8	14	24024866	26314697	1584	-0.2569
3bcb17f1-296b-4710-b826-6591505e9be8	14	26314707	26314712	6	-1.6797
3bcb17f1-296b-4710-b826-6591505e9be8	14	26315707	92188460	41633	-0.257
3bcb17f1-296b-4710-b826-6591505e9be8	14	92188568	92190224	2	-2.7894
3bcb17f1-296b-4710-b826-6591505e9be8	14	92190444	98814311	5027	-0.2732
3bcb17f1-296b-4710-b826-6591505e9be8	14	98815215	98969086	149	-0.0642
3bcb17f1-296b-4710-b826-6591505e9be8	14	98974537	105650524	3263	-0.2647
3bcb17f1-296b-4710-b826-6591505e9be8	14	105653302	105757523	16	0.3576
3bcb17f1-296b-4710-b826-6591505e9be8	14	105758017	106877229	481	-0.2518
3bcb17f1-296b-4710-b826-6591505e9be8	15	19811075	20056983	50	0.164
3bcb17f1-296b-4710-b826-6591505e9be8	15	20059033	20376202	43	-0.3769
3bcb17f1-296b-4710-b826-6591505e9be8	15	20376309	20381704	12	-1.7347
3bcb17f1-296b-4710-b826-6591505e9be8	15	20384774	20982677	48	0.0025
3bcb17f1-296b-4710-b826-6591505e9be8	15	20986779	22455811	56	-0.5476
3bcb17f1-296b-4710-b826-6591505e9be8	15	22483983	101928837	51155	0.0505
3bcb17f1-296b-4710-b826-6591505e9be8	16	10777	14991827	11104	0.0509
3bcb17f1-296b-4710-b826-6591505e9be8	16	14993314	14993320	7	-1.4487
3bcb17f1-296b-4710-b826-6591505e9be8	16	15009819	28620264	7703	0.0583
3bcb17f1-296b-4710-b826-6591505e9be8	16	28620700	28752527	6	-1.1227
3bcb17f1-296b-4710-b826-6591505e9be8	16	28812606	35309352	1306	0.0671
3bcb17f1-296b-4710-b826-6591505e9be8	16	35310671	35530722	126	0.4677
3bcb17f1-296b-4710-b826-6591505e9be8	16	35530845	90096867	31419	0.0556
3bcb17f1-296b-4710-b826-6591505e9be8	17	150733	45964381	23161	0.0534
3bcb17f1-296b-4710-b826-6591505e9be8	17	45967885	46286804	218	-0.1832
3bcb17f1-296b-4710-b826-6591505e9be8	17	46323701	74246494	17047	0.0513
3bcb17f1-296b-4710-b826-6591505e9be8	17	74247644	74656792	255	0.2069
3bcb17f1-296b-4710-b826-6591505e9be8	17	74657093	83091923	4203	0.0587
3bcb17f1-296b-4710-b826-6591505e9be8	18	48133	398513	230	0.0884
3bcb17f1-296b-4710-b826-6591505e9be8	18	400706	400766	2	-2.1124
3bcb17f1-296b-4710-b826-6591505e9be8	18	400782	71398517	43783	0.0566
3bcb17f1-296b-4710-b826-6591505e9be8	18	71398970	73906067	2012	0.1324
3bcb17f1-296b-4710-b826-6591505e9be8	18	73906496	80257174	4548	0.0716
3bcb17f1-296b-4710-b826-6591505e9be8	19	90910	31828823	14312	0.0453
3bcb17f1-296b-4710-b826-6591505e9be8	19	31828836	31829487	3	-2.0114
3bcb17f1-296b-4710-b826-6591505e9be8	19	31831936	35294424	2291	0.031
3bcb17f1-296b-4710-b826-6591505e9be8	19	35297579	35304513	6	-1.013
3bcb17f1-296b-4710-b826-6591505e9be8	19	35305076	35358420	48	0.0596
3bcb17f1-296b-4710-b826-6591505e9be8	19	35364451	35370268	17	-1.5013
3bcb17f1-296b-4710-b826-6591505e9be8	19	35370747	36261773	430	0.0202
3bcb17f1-296b-4710-b826-6591505e9be8	19	36262089	36355248	13	0.505
3bcb17f1-296b-4710-b826-6591505e9be8	19	36355288	36356596	9	-1.6799
3bcb17f1-296b-4710-b826-6591505e9be8	19	36356735	58586487	11898	0.0556
3bcb17f1-296b-4710-b826-6591505e9be8	20	80664	1579916	1194	0.0864
3bcb17f1-296b-4710-b826-6591505e9be8	20	1580141	1613247	46	0.9746
3bcb17f1-296b-4710-b826-6591505e9be8	20	1617300	64284715	40964	0.052
3bcb17f1-296b-4710-b826-6591505e9be8	20	64323342	64324800	5	-1.615
3bcb17f1-296b-4710-b826-6591505e9be8	21	10354168	22260872	6261	0.049
3bcb17f1-296b-4710-b826-6591505e9be8	21	22264558	22527283	199	0.2512
3bcb17f1-296b-4710-b826-6591505e9be8	21	22528241	36112777	9931	0.0448
3bcb17f1-296b-4710-b826-6591505e9be8	21	36114153	36202760	67	0.3194
3bcb17f1-296b-4710-b826-6591505e9be8	21	36203237	39560713	2598	0.0327
3bcb17f1-296b-4710-b826-6591505e9be8	21	39563714	39625432	59	0.3207
3bcb17f1-296b-4710-b826-6591505e9be8	21	39625738	42846269	2780	0.054
3bcb17f1-296b-4710-b826-6591505e9be8	21	42846301	42848180	2	-2.1691
3bcb17f1-296b-4710-b826-6591505e9be8	21	42849478	46677045	1875	0.0807
3bcb17f1-296b-4710-b826-6591505e9be8	22	15294547	43279650	17552	0.0509
3bcb17f1-296b-4710-b826-6591505e9be8	22	43282545	43287011	3	-2.1926
3bcb17f1-296b-4710-b826-6591505e9be8	22	43290396	48919982	4430	0.0418
3bcb17f1-296b-4710-b826-6591505e9be8	22	48925614	50796027	1200	0.1456
3bcb17f1-296b-4710-b826-6591505e9be8	X	251810	9859397	5389	0.0068
3bcb17f1-296b-4710-b826-6591505e9be8	X	9859855	9860373	2	-5.6823
3bcb17f1-296b-4710-b826-6591505e9be8	X	9860908	17341233	5099	0.0151
3bcb17f1-296b-4710-b826-6591505e9be8	X	17353195	17354512	3	-3.6421
3bcb17f1-296b-4710-b826-6591505e9be8	X	17354673	18848435	755	0.0148
3bcb17f1-296b-4710-b826-6591505e9be8	X	18848435	18849332	2	-5.445
3bcb17f1-296b-4710-b826-6591505e9be8	X	18850454	34491331	10097	0.015
3bcb17f1-296b-4710-b826-6591505e9be8	X	34491428	34494528	2	-4.6087
3bcb17f1-296b-4710-b826-6591505e9be8	X	34494606	153031937	60355	0.0091
3bcb17f1-296b-4710-b826-6591505e9be8	X	153033320	153037475	8	-2.9644
3bcb17f1-296b-4710-b826-6591505e9be8	X	153042014	155952689	1121	0.026
3bcb17f1-296b-4710-b826-6591505e9be8	Y	2782397	14062776	3489	-1.4114
3bcb17f1-296b-4710-b826-6591505e9be8	Y	14069275	14124912	50	-0.7609
3bcb17f1-296b-4710-b826-6591505e9be8	Y	14125771	17258948	1567	-1.4448
3bcb17f1-296b-4710-b826-6591505e9be8	Y	17259036	17260820	4	-4.3924
3bcb17f1-296b-4710-b826-6591505e9be8	Y	17260860	56872112	1517	-1.3992
