Sample	Chromosome	Start	End	Num_Probes	Segment_Mean
MOHEL_p_TCGA_271_274_275_N_GenomeWideSNP_6_G04_1320460	1	3218610	247813706	129020	0.0014
MOHEL_p_TCGA_271_274_275_N_GenomeWideSNP_6_G04_1320460	2	484222	242476062	131161	0.0045
MOHEL_p_TCGA_271_274_275_N_GenomeWideSNP_6_G04_1320460	3	2212571	197538677	106264	0.0019
MOHEL_p_TCGA_271_274_275_N_GenomeWideSNP_6_G04_1320460	4	1053934	53738411	28690	-0.001
MOHEL_p_TCGA_271_274_275_N_GenomeWideSNP_6_G04_1320460	4	53738516	53738524	2	-2.4669
MOHEL_p_TCGA_271_274_275_N_GenomeWideSNP_6_G04_1320460	4	53739262	188763651	73967	0.0041
MOHEL_p_TCGA_271_274_275_N_GenomeWideSNP_6_G04_1320460	5	914233	180360469	100363	0.0011
MOHEL_p_TCGA_271_274_275_N_GenomeWideSNP_6_G04_1320460	6	1014281	170903919	96400	0.0034
MOHEL_p_TCGA_271_274_275_N_GenomeWideSNP_6_G04_1320460	7	705284	158385118	81241	2e-04
MOHEL_p_TCGA_271_274_275_N_GenomeWideSNP_6_G04_1320460	8	617667	145232496	81462	3e-04
MOHEL_p_TCGA_271_274_275_N_GenomeWideSNP_6_G04_1320460	9	789932	24648698	15138	0.0041
MOHEL_p_TCGA_271_274_275_N_GenomeWideSNP_6_G04_1320460	9	24652276	24653348	2	-1.9105
MOHEL_p_TCGA_271_274_275_N_GenomeWideSNP_6_G04_1320460	9	24653566	133310122	48996	3e-04
MOHEL_p_TCGA_271_274_275_N_GenomeWideSNP_6_G04_1320460	9	133310885	133311015	2	-1.8807
MOHEL_p_TCGA_271_274_275_N_GenomeWideSNP_6_G04_1320460	9	133311696	140938752	3803	-0.0015
MOHEL_p_TCGA_271_274_275_N_GenomeWideSNP_6_G04_1320460	10	415240	135225087	80760	-0.0013
MOHEL_p_TCGA_271_274_275_N_GenomeWideSNP_6_G04_1320460	11	456120	71132630	37391	-8e-04
MOHEL_p_TCGA_271_274_275_N_GenomeWideSNP_6_G04_1320460	11	71133217	71133836	3	-1.2625
MOHEL_p_TCGA_271_274_275_N_GenomeWideSNP_6_G04_1320460	11	71134067	134142530	39756	0.0032
MOHEL_p_TCGA_271_274_275_N_GenomeWideSNP_6_G04_1320460	12	889902	48239130	24526	0.002
MOHEL_p_TCGA_271_274_275_N_GenomeWideSNP_6_G04_1320460	12	48239764	48239835	2	-1.8828
MOHEL_p_TCGA_271_274_275_N_GenomeWideSNP_6_G04_1320460	12	48240360	133161346	49361	0.002
MOHEL_p_TCGA_271_274_275_N_GenomeWideSNP_6_G04_1320460	13	19450806	94986230	43695	0.0022
MOHEL_p_TCGA_271_274_275_N_GenomeWideSNP_6_G04_1320460	13	94987196	94987721	2	-1.4305
MOHEL_p_TCGA_271_274_275_N_GenomeWideSNP_6_G04_1320460	13	94988900	114987458	12876	6e-04
MOHEL_p_TCGA_271_274_275_N_GenomeWideSNP_6_G04_1320460	14	20501368	83062656	35635	0.0015
MOHEL_p_TCGA_271_274_275_N_GenomeWideSNP_6_G04_1320460	14	83065713	83065742	2	-2.1538
MOHEL_p_TCGA_271_274_275_N_GenomeWideSNP_6_G04_1320460	14	83066038	105988038	13762	0.0031
MOHEL_p_TCGA_271_274_275_N_GenomeWideSNP_6_G04_1320460	15	23687685	40437083	8357	-0.0014
MOHEL_p_TCGA_271_274_275_N_GenomeWideSNP_6_G04_1320460	15	40444334	40444347	2	-1.5222
MOHEL_p_TCGA_271_274_275_N_GenomeWideSNP_6_G04_1320460	15	40450725	93218077	31155	-0.0013
MOHEL_p_TCGA_271_274_275_N_GenomeWideSNP_6_G04_1320460	15	93218078	93221252	3	-1.4548
MOHEL_p_TCGA_271_274_275_N_GenomeWideSNP_6_G04_1320460	15	93221412	101884307	4960	0.0043
MOHEL_p_TCGA_271_274_275_N_GenomeWideSNP_6_G04_1320460	16	653459	77663201	32822	-0.0021
MOHEL_p_TCGA_271_274_275_N_GenomeWideSNP_6_G04_1320460	16	77663568	77663936	2	-1.9218
MOHEL_p_TCGA_271_274_275_N_GenomeWideSNP_6_G04_1320460	16	77663968	89379936	7910	-0.0023
MOHEL_p_TCGA_271_274_275_N_GenomeWideSNP_6_G04_1320460	17	987221	80917016	36944	0.0015
MOHEL_p_TCGA_271_274_275_N_GenomeWideSNP_6_G04_1320460	18	329586	77109240	42626	-0.0011
MOHEL_p_TCGA_271_274_275_N_GenomeWideSNP_6_G04_1320460	19	284018	58878226	23915	2e-04
MOHEL_p_TCGA_271_274_275_N_GenomeWideSNP_6_G04_1320460	20	455764	16447985	10140	0.0067
MOHEL_p_TCGA_271_274_275_N_GenomeWideSNP_6_G04_1320460	20	16448022	16449938	2	-1.4321
MOHEL_p_TCGA_271_274_275_N_GenomeWideSNP_6_G04_1320460	20	16456032	24781653	6061	-0.0082
MOHEL_p_TCGA_271_274_275_N_GenomeWideSNP_6_G04_1320460	20	24783876	24784776	2	-1.4203
MOHEL_p_TCGA_271_274_275_N_GenomeWideSNP_6_G04_1320460	20	24786822	62219837	21025	-0.0038
MOHEL_p_TCGA_271_274_275_N_GenomeWideSNP_6_G04_1320460	21	15347621	47678774	20561	3e-04
MOHEL_p_TCGA_271_274_275_N_GenomeWideSNP_6_G04_1320460	22	17423930	49331012	16909	-0.0059
MOHEL_p_TCGA_271_274_275_N_GenomeWideSNP_6_G04_1320460	X	3157107	54778291	22440	0.0076
MOHEL_p_TCGA_271_274_275_N_GenomeWideSNP_6_G04_1320460	X	54782812	54785832	4	-3.3959
MOHEL_p_TCGA_271_274_275_N_GenomeWideSNP_6_G04_1320460	X	54786771	154905589	41129	0.0127
