Sample	Chromosome	Start	End	Num_Probes	Segment_Mean
JIHAD_p_TCGASNP_215_219_N_GenomeWideSNP_6_D12_1148408	1	61735	712545	36	-0.2822
JIHAD_p_TCGASNP_215_219_N_GenomeWideSNP_6_D12_1148408	1	718663	10670891	5347	-0.6867
JIHAD_p_TCGASNP_215_219_N_GenomeWideSNP_6_D12_1148408	1	10671420	10679721	3	-2.3495
JIHAD_p_TCGASNP_215_219_N_GenomeWideSNP_6_D12_1148408	1	10681806	12859399	1138	-0.6728
JIHAD_p_TCGASNP_215_219_N_GenomeWideSNP_6_D12_1148408	1	12859413	13543101	68	-0.3667
JIHAD_p_TCGASNP_215_219_N_GenomeWideSNP_6_D12_1148408	1	13544175	16149915	1814	-0.7025
JIHAD_p_TCGASNP_215_219_N_GenomeWideSNP_6_D12_1148408	1	16153497	16153925	6	-1.7522
JIHAD_p_TCGASNP_215_219_N_GenomeWideSNP_6_D12_1148408	1	16154201	17016880	366	-0.5799
JIHAD_p_TCGASNP_215_219_N_GenomeWideSNP_6_D12_1148408	1	17017078	17261263	99	-1.1376
JIHAD_p_TCGASNP_215_219_N_GenomeWideSNP_6_D12_1148408	1	17261695	25583341	5270	-0.6758
JIHAD_p_TCGASNP_215_219_N_GenomeWideSNP_6_D12_1148408	1	25593128	25661501	29	-0.1435
JIHAD_p_TCGASNP_215_219_N_GenomeWideSNP_6_D12_1148408	1	25662005	59075804	19306	-0.7037
JIHAD_p_TCGASNP_215_219_N_GenomeWideSNP_6_D12_1148408	1	59078037	59084209	5	-1.8718
JIHAD_p_TCGASNP_215_219_N_GenomeWideSNP_6_D12_1148408	1	59084423	60983201	1278	-0.7674
JIHAD_p_TCGASNP_215_219_N_GenomeWideSNP_6_D12_1148408	1	60983285	60983620	2	-2.7544
JIHAD_p_TCGASNP_215_219_N_GenomeWideSNP_6_D12_1148408	1	60985386	62114006	852	-0.7684
JIHAD_p_TCGASNP_215_219_N_GenomeWideSNP_6_D12_1148408	1	62114181	62114951	2	-2.3676
JIHAD_p_TCGASNP_215_219_N_GenomeWideSNP_6_D12_1148408	1	62118187	72750353	7370	-0.7442
JIHAD_p_TCGASNP_215_219_N_GenomeWideSNP_6_D12_1148408	1	72756113	72763370	9	-3.0005
JIHAD_p_TCGASNP_215_219_N_GenomeWideSNP_6_D12_1148408	1	72768418	72811148	48	0.1741
JIHAD_p_TCGASNP_215_219_N_GenomeWideSNP_6_D12_1148408	1	72811904	121355881	30877	-0.767
JIHAD_p_TCGASNP_215_219_N_GenomeWideSNP_6_D12_1148408	1	121436219	152759678	3064	0.0445
JIHAD_p_TCGASNP_215_219_N_GenomeWideSNP_6_D12_1148408	1	152761923	152768700	37	-1.6545
JIHAD_p_TCGASNP_215_219_N_GenomeWideSNP_6_D12_1148408	1	152773905	210071062	38484	0.0307
JIHAD_p_TCGASNP_215_219_N_GenomeWideSNP_6_D12_1148408	1	210081613	210082065	2	-1.3548
JIHAD_p_TCGASNP_215_219_N_GenomeWideSNP_6_D12_1148408	1	210083984	240391740	21205	0.025
JIHAD_p_TCGASNP_215_219_N_GenomeWideSNP_6_D12_1148408	1	240394015	240394124	5	-2.2525
JIHAD_p_TCGASNP_215_219_N_GenomeWideSNP_6_D12_1148408	1	240394139	249224388	5933	0.0211
JIHAD_p_TCGASNP_215_219_N_GenomeWideSNP_6_D12_1148408	2	12784	6400019	4836	0.0253
JIHAD_p_TCGASNP_215_219_N_GenomeWideSNP_6_D12_1148408	2	6401909	6402160	2	-1.2906
JIHAD_p_TCGASNP_215_219_N_GenomeWideSNP_6_D12_1148408	2	6402296	34691069	19285	0.028
JIHAD_p_TCGASNP_215_219_N_GenomeWideSNP_6_D12_1148408	2	34699315	34717908	29	0.6997
JIHAD_p_TCGASNP_215_219_N_GenomeWideSNP_6_D12_1148408	2	34717974	34737057	17	1.1611
JIHAD_p_TCGASNP_215_219_N_GenomeWideSNP_6_D12_1148408	2	34737163	35975973	878	0.0075
JIHAD_p_TCGASNP_215_219_N_GenomeWideSNP_6_D12_1148408	2	35977790	35987916	6	0.8385
JIHAD_p_TCGASNP_215_219_N_GenomeWideSNP_6_D12_1148408	2	35987947	41238235	3947	0.0201
JIHAD_p_TCGASNP_215_219_N_GenomeWideSNP_6_D12_1148408	2	41238443	41245887	23	-0.7616
JIHAD_p_TCGASNP_215_219_N_GenomeWideSNP_6_D12_1148408	2	41251233	52754468	8196	0.0244
JIHAD_p_TCGASNP_215_219_N_GenomeWideSNP_6_D12_1148408	2	52754480	52781542	39	-2.6882
JIHAD_p_TCGASNP_215_219_N_GenomeWideSNP_6_D12_1148408	2	52787949	58343166	3982	0.021
JIHAD_p_TCGASNP_215_219_N_GenomeWideSNP_6_D12_1148408	2	58346718	58347141	4	-0.9586
JIHAD_p_TCGASNP_215_219_N_GenomeWideSNP_6_D12_1148408	2	58349260	76842314	11579	0.025
JIHAD_p_TCGASNP_215_219_N_GenomeWideSNP_6_D12_1148408	2	76844466	76845426	6	-0.6346
JIHAD_p_TCGASNP_215_219_N_GenomeWideSNP_6_D12_1148408	2	76847586	87819389	6613	0.0182
JIHAD_p_TCGASNP_215_219_N_GenomeWideSNP_6_D12_1148408	2	87819818	87827978	5	-0.9583
JIHAD_p_TCGASNP_215_219_N_GenomeWideSNP_6_D12_1148408	2	87839297	97854159	1861	0.0492
JIHAD_p_TCGASNP_215_219_N_GenomeWideSNP_6_D12_1148408	2	97857927	97877001	15	-0.4982
JIHAD_p_TCGASNP_215_219_N_GenomeWideSNP_6_D12_1148408	2	97877173	98118212	25	0.1068
JIHAD_p_TCGASNP_215_219_N_GenomeWideSNP_6_D12_1148408	2	98140747	98162189	9	1.0758
JIHAD_p_TCGASNP_215_219_N_GenomeWideSNP_6_D12_1148408	2	98166878	106874722	5581	0.0317
JIHAD_p_TCGASNP_215_219_N_GenomeWideSNP_6_D12_1148408	2	106880095	106885357	12	0.6816
JIHAD_p_TCGASNP_215_219_N_GenomeWideSNP_6_D12_1148408	2	106887255	116579367	5214	0.0278
JIHAD_p_TCGASNP_215_219_N_GenomeWideSNP_6_D12_1148408	2	116581772	116582387	2	-1.3072
JIHAD_p_TCGASNP_215_219_N_GenomeWideSNP_6_D12_1148408	2	116583565	123479951	4343	0.018
JIHAD_p_TCGASNP_215_219_N_GenomeWideSNP_6_D12_1148408	2	123481713	123482241	7	-0.708
JIHAD_p_TCGASNP_215_219_N_GenomeWideSNP_6_D12_1148408	2	123483653	146862085	14395	0.011
JIHAD_p_TCGASNP_215_219_N_GenomeWideSNP_6_D12_1148408	2	146864404	146866934	24	0.9335
JIHAD_p_TCGASNP_215_219_N_GenomeWideSNP_6_D12_1148408	2	146877806	242486535	58995	0.0118
JIHAD_p_TCGASNP_215_219_N_GenomeWideSNP_6_D12_1148408	2	242486694	242497284	6	-0.6473
JIHAD_p_TCGASNP_215_219_N_GenomeWideSNP_6_D12_1148408	2	242497383	243089456	190	0.0986
JIHAD_p_TCGASNP_215_219_N_GenomeWideSNP_6_D12_1148408	3	60345	224602	157	-0.0197
JIHAD_p_TCGASNP_215_219_N_GenomeWideSNP_6_D12_1148408	3	230022	232639	3	-1.0569
JIHAD_p_TCGASNP_215_219_N_GenomeWideSNP_6_D12_1148408	3	232800	6646543	5688	0.0439
JIHAD_p_TCGASNP_215_219_N_GenomeWideSNP_6_D12_1148408	3	6651128	6653332	23	-0.7664
JIHAD_p_TCGASNP_215_219_N_GenomeWideSNP_6_D12_1148408	3	6655078	11108154	3547	0.0548
JIHAD_p_TCGASNP_215_219_N_GenomeWideSNP_6_D12_1148408	3	11110808	11111571	2	-1.1861
JIHAD_p_TCGASNP_215_219_N_GenomeWideSNP_6_D12_1148408	3	11115921	26611649	10656	0.0563
JIHAD_p_TCGASNP_215_219_N_GenomeWideSNP_6_D12_1148408	3	26611667	26611885	4	-2.3019
JIHAD_p_TCGASNP_215_219_N_GenomeWideSNP_6_D12_1148408	3	26611898	26614974	9	0.0727
JIHAD_p_TCGASNP_215_219_N_GenomeWideSNP_6_D12_1148408	3	26614976	26614985	7	-0.9151
JIHAD_p_TCGASNP_215_219_N_GenomeWideSNP_6_D12_1148408	3	26615949	37977417	7611	0.0473
JIHAD_p_TCGASNP_215_219_N_GenomeWideSNP_6_D12_1148408	3	37982108	37986928	18	-0.8645
JIHAD_p_TCGASNP_215_219_N_GenomeWideSNP_6_D12_1148408	3	37987106	53023211	8084	0.0385
JIHAD_p_TCGASNP_215_219_N_GenomeWideSNP_6_D12_1148408	3	53028375	53038902	34	-0.5391
JIHAD_p_TCGASNP_215_219_N_GenomeWideSNP_6_D12_1148408	3	53038944	68746164	12044	0.016
JIHAD_p_TCGASNP_215_219_N_GenomeWideSNP_6_D12_1148408	3	68746259	68747413	14	1.0835
JIHAD_p_TCGASNP_215_219_N_GenomeWideSNP_6_D12_1148408	3	68748758	89387101	12661	0.0111
JIHAD_p_TCGASNP_215_219_N_GenomeWideSNP_6_D12_1148408	3	89394592	89419381	51	-0.7264
JIHAD_p_TCGASNP_215_219_N_GenomeWideSNP_6_D12_1148408	3	89419921	98944458	3245	0.0041
JIHAD_p_TCGASNP_215_219_N_GenomeWideSNP_6_D12_1148408	3	98944476	98949292	33	0.3106
JIHAD_p_TCGASNP_215_219_N_GenomeWideSNP_6_D12_1148408	3	98949301	125669048	16361	0.0097
JIHAD_p_TCGASNP_215_219_N_GenomeWideSNP_6_D12_1148408	3	125673383	125675963	3	-2.2575
JIHAD_p_TCGASNP_215_219_N_GenomeWideSNP_6_D12_1148408	3	125680500	146378529	12852	0.0199
JIHAD_p_TCGASNP_215_219_N_GenomeWideSNP_6_D12_1148408	3	146379189	146386132	5	0.863
JIHAD_p_TCGASNP_215_219_N_GenomeWideSNP_6_D12_1148408	3	146391984	148962976	1512	-0.0051
JIHAD_p_TCGASNP_215_219_N_GenomeWideSNP_6_D12_1148408	3	148963395	148968121	25	-0.9553
JIHAD_p_TCGASNP_215_219_N_GenomeWideSNP_6_D12_1148408	3	148971080	162540490	8368	0.0071
JIHAD_p_TCGASNP_215_219_N_GenomeWideSNP_6_D12_1148408	3	162545716	162625995	48	-0.3857
JIHAD_p_TCGASNP_215_219_N_GenomeWideSNP_6_D12_1148408	3	162626572	175080611	7669	0.0059
JIHAD_p_TCGASNP_215_219_N_GenomeWideSNP_6_D12_1148408	3	175080747	175081226	4	-1.3259
JIHAD_p_TCGASNP_215_219_N_GenomeWideSNP_6_D12_1148408	3	175081325	191652217	10645	0.0211
JIHAD_p_TCGASNP_215_219_N_GenomeWideSNP_6_D12_1148408	3	191656170	191664765	7	-1.152
JIHAD_p_TCGASNP_215_219_N_GenomeWideSNP_6_D12_1148408	3	191666943	192877902	884	0.0011
JIHAD_p_TCGASNP_215_219_N_GenomeWideSNP_6_D12_1148408	3	192877962	192882903	19	-0.4516
JIHAD_p_TCGASNP_215_219_N_GenomeWideSNP_6_D12_1148408	3	192886435	197896118	2707	0.0628
JIHAD_p_TCGASNP_215_219_N_GenomeWideSNP_6_D12_1148408	4	12281	9390930	5207	0.0571
JIHAD_p_TCGASNP_215_219_N_GenomeWideSNP_6_D12_1148408	4	9391271	9396646	8	-0.5057
JIHAD_p_TCGASNP_215_219_N_GenomeWideSNP_6_D12_1148408	4	9397485	9859897	209	0.0511
JIHAD_p_TCGASNP_215_219_N_GenomeWideSNP_6_D12_1148408	4	9859901	9864227	3	-1.3586
JIHAD_p_TCGASNP_215_219_N_GenomeWideSNP_6_D12_1148408	4	9865042	10210390	377	0.0145
JIHAD_p_TCGASNP_215_219_N_GenomeWideSNP_6_D12_1148408	4	10223416	10230618	20	0.719
JIHAD_p_TCGASNP_215_219_N_GenomeWideSNP_6_D12_1148408	4	10230744	10234266	10	0.1283
JIHAD_p_TCGASNP_215_219_N_GenomeWideSNP_6_D12_1148408	4	10234608	10235268	5	0.7566
JIHAD_p_TCGASNP_215_219_N_GenomeWideSNP_6_D12_1148408	4	10236142	10390715	171	0.0103
JIHAD_p_TCGASNP_215_219_N_GenomeWideSNP_6_D12_1148408	4	10392354	10400668	16	-0.4353
JIHAD_p_TCGASNP_215_219_N_GenomeWideSNP_6_D12_1148408	4	10402718	34786500	16815	0.003
JIHAD_p_TCGASNP_215_219_N_GenomeWideSNP_6_D12_1148408	4	34786955	34824725	37	0.5178
JIHAD_p_TCGASNP_215_219_N_GenomeWideSNP_6_D12_1148408	4	34829872	42832983	5297	0.0124
JIHAD_p_TCGASNP_215_219_N_GenomeWideSNP_6_D12_1148408	4	42833792	42836398	2	-1.6661
JIHAD_p_TCGASNP_215_219_N_GenomeWideSNP_6_D12_1148408	4	42837683	45005755	1350	0.0051
JIHAD_p_TCGASNP_215_219_N_GenomeWideSNP_6_D12_1148408	4	45005852	45006335	4	-0.93
JIHAD_p_TCGASNP_215_219_N_GenomeWideSNP_6_D12_1148408	4	45010969	61936938	8443	0.0127
JIHAD_p_TCGASNP_215_219_N_GenomeWideSNP_6_D12_1148408	4	61940935	61941952	2	-2.0725
JIHAD_p_TCGASNP_215_219_N_GenomeWideSNP_6_D12_1148408	4	61945686	64131238	1189	-5e-04
JIHAD_p_TCGASNP_215_219_N_GenomeWideSNP_6_D12_1148408	4	64141278	64151913	6	-0.709
JIHAD_p_TCGASNP_215_219_N_GenomeWideSNP_6_D12_1148408	4	64154567	64693940	308	0.0071
JIHAD_p_TCGASNP_215_219_N_GenomeWideSNP_6_D12_1148408	4	64697469	64708258	29	-0.3249
JIHAD_p_TCGASNP_215_219_N_GenomeWideSNP_6_D12_1148408	4	64716431	69360489	2881	-0.0012
JIHAD_p_TCGASNP_215_219_N_GenomeWideSNP_6_D12_1148408	4	69367142	69506334	70	0.6229
JIHAD_p_TCGASNP_215_219_N_GenomeWideSNP_6_D12_1148408	4	69521409	70121263	324	0.0348
JIHAD_p_TCGASNP_215_219_N_GenomeWideSNP_6_D12_1148408	4	70123510	70219392	47	0.3045
JIHAD_p_TCGASNP_215_219_N_GenomeWideSNP_6_D12_1148408	4	70219407	108051500	22933	0.0027
JIHAD_p_TCGASNP_215_219_N_GenomeWideSNP_6_D12_1148408	4	108065751	108076533	38	-0.6987
JIHAD_p_TCGASNP_215_219_N_GenomeWideSNP_6_D12_1148408	4	108077434	115173700	4417	-0.0052
JIHAD_p_TCGASNP_215_219_N_GenomeWideSNP_6_D12_1148408	4	115175323	115182175	23	-1.2163
JIHAD_p_TCGASNP_215_219_N_GenomeWideSNP_6_D12_1148408	4	115184229	125310929	6019	2e-04
JIHAD_p_TCGASNP_215_219_N_GenomeWideSNP_6_D12_1148408	4	125317272	125318289	2	-1.6027
JIHAD_p_TCGASNP_215_219_N_GenomeWideSNP_6_D12_1148408	4	125318298	161041304	21403	-9e-04
JIHAD_p_TCGASNP_215_219_N_GenomeWideSNP_6_D12_1148408	4	161052774	161070789	40	-0.8929
JIHAD_p_TCGASNP_215_219_N_GenomeWideSNP_6_D12_1148408	4	161083870	161880141	595	-0.0195
JIHAD_p_TCGASNP_215_219_N_GenomeWideSNP_6_D12_1148408	4	161880197	161884600	17	-0.8073
JIHAD_p_TCGASNP_215_219_N_GenomeWideSNP_6_D12_1148408	4	161884908	172369346	6680	-0.0017
JIHAD_p_TCGASNP_215_219_N_GenomeWideSNP_6_D12_1148408	4	172374884	172377776	12	-0.5547
JIHAD_p_TCGASNP_215_219_N_GenomeWideSNP_6_D12_1148408	4	172380371	189221258	11361	0.0067
JIHAD_p_TCGASNP_215_219_N_GenomeWideSNP_6_D12_1148408	4	189221360	189222813	5	-0.9071
JIHAD_p_TCGASNP_215_219_N_GenomeWideSNP_6_D12_1148408	4	189223053	191027923	1175	0.0343
JIHAD_p_TCGASNP_215_219_N_GenomeWideSNP_6_D12_1148408	5	15532	698371	308	0.0918
JIHAD_p_TCGASNP_215_219_N_GenomeWideSNP_6_D12_1148408	5	698472	788060	33	0.687
JIHAD_p_TCGASNP_215_219_N_GenomeWideSNP_6_D12_1148408	5	800686	21376844	15396	0.018
JIHAD_p_TCGASNP_215_219_N_GenomeWideSNP_6_D12_1148408	5	21377839	21377853	2	1.8391
JIHAD_p_TCGASNP_215_219_N_GenomeWideSNP_6_D12_1148408	5	21386066	21449219	44	-0.0229
JIHAD_p_TCGASNP_215_219_N_GenomeWideSNP_6_D12_1148408	5	21449276	21452438	6	0.6808
JIHAD_p_TCGASNP_215_219_N_GenomeWideSNP_6_D12_1148408	5	21452496	24778106	1917	0.0098
JIHAD_p_TCGASNP_215_219_N_GenomeWideSNP_6_D12_1148408	5	24778376	24781828	15	-0.7904
JIHAD_p_TCGASNP_215_219_N_GenomeWideSNP_6_D12_1148408	5	24786926	39808632	9797	0.014
JIHAD_p_TCGASNP_215_219_N_GenomeWideSNP_6_D12_1148408	5	39808954	39808969	2	-1.6358
JIHAD_p_TCGASNP_215_219_N_GenomeWideSNP_6_D12_1148408	5	39808985	46271930	3307	0.0105
JIHAD_p_TCGASNP_215_219_N_GenomeWideSNP_6_D12_1148408	5	46272521	46273502	5	-2.5473
JIHAD_p_TCGASNP_215_219_N_GenomeWideSNP_6_D12_1148408	5	46278212	57321646	5083	0.0239
JIHAD_p_TCGASNP_215_219_N_GenomeWideSNP_6_D12_1148408	5	57326027	57332916	28	-0.4866
JIHAD_p_TCGASNP_215_219_N_GenomeWideSNP_6_D12_1148408	5	57332955	68846303	7310	0.0149
JIHAD_p_TCGASNP_215_219_N_GenomeWideSNP_6_D12_1148408	5	68867294	69074977	2	1.8747
JIHAD_p_TCGASNP_215_219_N_GenomeWideSNP_6_D12_1148408	5	69074991	103851221	19578	0.0077
JIHAD_p_TCGASNP_215_219_N_GenomeWideSNP_6_D12_1148408	5	103860373	103860604	4	-1.6838
JIHAD_p_TCGASNP_215_219_N_GenomeWideSNP_6_D12_1148408	5	103861049	180193184	50056	0.0169
JIHAD_p_TCGASNP_215_219_N_GenomeWideSNP_6_D12_1148408	5	180193199	180195522	5	-0.78
JIHAD_p_TCGASNP_215_219_N_GenomeWideSNP_6_D12_1148408	5	180196816	180790320	290	0.0869
JIHAD_p_TCGASNP_215_219_N_GenomeWideSNP_6_D12_1148408	6	149661	29837072	21753	0.0261
JIHAD_p_TCGASNP_215_219_N_GenomeWideSNP_6_D12_1148408	6	29837187	29921127	54	0.3887
JIHAD_p_TCGASNP_215_219_N_GenomeWideSNP_6_D12_1148408	6	29921223	31286531	639	0.0548
JIHAD_p_TCGASNP_215_219_N_GenomeWideSNP_6_D12_1148408	6	31287111	31296451	8	-0.6958
JIHAD_p_TCGASNP_215_219_N_GenomeWideSNP_6_D12_1148408	6	31309924	32431292	503	0.0209
JIHAD_p_TCGASNP_215_219_N_GenomeWideSNP_6_D12_1148408	6	32431552	32570365	38	1.0891
JIHAD_p_TCGASNP_215_219_N_GenomeWideSNP_6_D12_1148408	6	32573771	32690027	80	0.1787
JIHAD_p_TCGASNP_215_219_N_GenomeWideSNP_6_D12_1148408	6	32690797	32690830	3	1.8083
JIHAD_p_TCGASNP_215_219_N_GenomeWideSNP_6_D12_1148408	6	32692227	33937999	761	0.0488
JIHAD_p_TCGASNP_215_219_N_GenomeWideSNP_6_D12_1148408	6	33938743	33942705	7	-0.8924
JIHAD_p_TCGASNP_215_219_N_GenomeWideSNP_6_D12_1148408	6	33944586	48930865	9610	0.0459
JIHAD_p_TCGASNP_215_219_N_GenomeWideSNP_6_D12_1148408	6	48931729	48935200	5	-0.8809
JIHAD_p_TCGASNP_215_219_N_GenomeWideSNP_6_D12_1148408	6	48946563	53931151	3322	0.0089
JIHAD_p_TCGASNP_215_219_N_GenomeWideSNP_6_D12_1148408	6	53931230	53931855	6	-1.3987
JIHAD_p_TCGASNP_215_219_N_GenomeWideSNP_6_D12_1148408	6	53935348	65336942	4359	0.0136
JIHAD_p_TCGASNP_215_219_N_GenomeWideSNP_6_D12_1148408	6	65347544	65348992	2	-2.2722
JIHAD_p_TCGASNP_215_219_N_GenomeWideSNP_6_D12_1148408	6	65350776	67038046	1140	-0.003
JIHAD_p_TCGASNP_215_219_N_GenomeWideSNP_6_D12_1148408	6	67040913	67043235	8	0.757
JIHAD_p_TCGASNP_215_219_N_GenomeWideSNP_6_D12_1148408	6	67043358	77436532	6799	9e-04
JIHAD_p_TCGASNP_215_219_N_GenomeWideSNP_6_D12_1148408	6	77439868	77452382	15	-0.7466
JIHAD_p_TCGASNP_215_219_N_GenomeWideSNP_6_D12_1148408	6	77452392	78962889	986	0.0025
JIHAD_p_TCGASNP_215_219_N_GenomeWideSNP_6_D12_1148408	6	78969065	79032317	108	-2.7154
JIHAD_p_TCGASNP_215_219_N_GenomeWideSNP_6_D12_1148408	6	79032592	79035185	5	-1.2851
JIHAD_p_TCGASNP_215_219_N_GenomeWideSNP_6_D12_1148408	6	79039234	81284759	1437	0.0092
JIHAD_p_TCGASNP_215_219_N_GenomeWideSNP_6_D12_1148408	6	81284958	81294341	28	-0.9235
JIHAD_p_TCGASNP_215_219_N_GenomeWideSNP_6_D12_1148408	6	81294399	88061039	4154	0.0057
JIHAD_p_TCGASNP_215_219_N_GenomeWideSNP_6_D12_1148408	6	88061575	88061653	2	-2.0152
JIHAD_p_TCGASNP_215_219_N_GenomeWideSNP_6_D12_1148408	6	88061837	103734829	9878	0.0067
JIHAD_p_TCGASNP_215_219_N_GenomeWideSNP_6_D12_1148408	6	103737976	103762049	45	-1.1408
JIHAD_p_TCGASNP_215_219_N_GenomeWideSNP_6_D12_1148408	6	103762061	171051005	44274	0.0119
JIHAD_p_TCGASNP_215_219_N_GenomeWideSNP_6_D12_1148408	7	43355	16169658	11039	0.0181
JIHAD_p_TCGASNP_215_219_N_GenomeWideSNP_6_D12_1148408	7	16171560	16172259	2	-2.0521
JIHAD_p_TCGASNP_215_219_N_GenomeWideSNP_6_D12_1148408	7	16176841	56776865	29140	0.0174
JIHAD_p_TCGASNP_215_219_N_GenomeWideSNP_6_D12_1148408	7	56777036	56782307	4	0.8971
JIHAD_p_TCGASNP_215_219_N_GenomeWideSNP_6_D12_1148408	7	56782422	62123585	605	0.0773
JIHAD_p_TCGASNP_215_219_N_GenomeWideSNP_6_D12_1148408	7	62123747	62197118	25	-0.3285
JIHAD_p_TCGASNP_215_219_N_GenomeWideSNP_6_D12_1148408	7	62197702	62296239	15	0.1664
JIHAD_p_TCGASNP_215_219_N_GenomeWideSNP_6_D12_1148408	7	62324867	62369834	14	-0.4283
JIHAD_p_TCGASNP_215_219_N_GenomeWideSNP_6_D12_1148408	7	62385277	64568852	898	0.0312
JIHAD_p_TCGASNP_215_219_N_GenomeWideSNP_6_D12_1148408	7	64594065	64595698	6	-1.1042
JIHAD_p_TCGASNP_215_219_N_GenomeWideSNP_6_D12_1148408	7	64637128	70420438	3153	0.0317
JIHAD_p_TCGASNP_215_219_N_GenomeWideSNP_6_D12_1148408	7	70423250	70426141	2	-2.9016
JIHAD_p_TCGASNP_215_219_N_GenomeWideSNP_6_D12_1148408	7	70428243	88377807	10066	0.0051
JIHAD_p_TCGASNP_215_219_N_GenomeWideSNP_6_D12_1148408	7	88379483	88379810	4	0.9269
JIHAD_p_TCGASNP_215_219_N_GenomeWideSNP_6_D12_1148408	7	88381874	91357450	2035	0.0059
JIHAD_p_TCGASNP_215_219_N_GenomeWideSNP_6_D12_1148408	7	91357854	91358540	5	0.6993
JIHAD_p_TCGASNP_215_219_N_GenomeWideSNP_6_D12_1148408	7	91358771	91429509	72	0.0376
JIHAD_p_TCGASNP_215_219_N_GenomeWideSNP_6_D12_1148408	7	91429820	109437092	10340	0.8128
JIHAD_p_TCGASNP_215_219_N_GenomeWideSNP_6_D12_1148408	7	109437093	109453910	34	0.0112
JIHAD_p_TCGASNP_215_219_N_GenomeWideSNP_6_D12_1148408	7	109453982	126046615	10054	0.8129
JIHAD_p_TCGASNP_215_219_N_GenomeWideSNP_6_D12_1148408	7	126046876	126046881	6	-0.3198
JIHAD_p_TCGASNP_215_219_N_GenomeWideSNP_6_D12_1148408	7	126052766	128468412	1539	0.8123
JIHAD_p_TCGASNP_215_219_N_GenomeWideSNP_6_D12_1148408	7	128469377	128474482	2	-1.0092
JIHAD_p_TCGASNP_215_219_N_GenomeWideSNP_6_D12_1148408	7	128477491	129888334	656	0.8083
JIHAD_p_TCGASNP_215_219_N_GenomeWideSNP_6_D12_1148408	7	129889232	129893023	2	-0.3359
JIHAD_p_TCGASNP_215_219_N_GenomeWideSNP_6_D12_1148408	7	129898659	133785177	2502	0.8111
JIHAD_p_TCGASNP_215_219_N_GenomeWideSNP_6_D12_1148408	7	133785195	133787087	15	1.2042
JIHAD_p_TCGASNP_215_219_N_GenomeWideSNP_6_D12_1148408	7	133787146	133789506	5	0.6599
JIHAD_p_TCGASNP_215_219_N_GenomeWideSNP_6_D12_1148408	7	133789965	133795634	6	1.7325
JIHAD_p_TCGASNP_215_219_N_GenomeWideSNP_6_D12_1148408	7	133795665	141769643	5213	0.8115
JIHAD_p_TCGASNP_215_219_N_GenomeWideSNP_6_D12_1148408	7	141769680	141795281	42	0.5367
JIHAD_p_TCGASNP_215_219_N_GenomeWideSNP_6_D12_1148408	7	141797564	142474939	450	0.8503
JIHAD_p_TCGASNP_215_219_N_GenomeWideSNP_6_D12_1148408	7	142476719	142486045	27	1.4578
JIHAD_p_TCGASNP_215_219_N_GenomeWideSNP_6_D12_1148408	7	142486115	143711241	702	0.8069
JIHAD_p_TCGASNP_215_219_N_GenomeWideSNP_6_D12_1148408	7	143711371	143715889	6	0.1001
JIHAD_p_TCGASNP_215_219_N_GenomeWideSNP_6_D12_1148408	7	143716433	143873952	130	0.8014
JIHAD_p_TCGASNP_215_219_N_GenomeWideSNP_6_D12_1148408	7	143896252	144033851	37	1.1638
JIHAD_p_TCGASNP_215_219_N_GenomeWideSNP_6_D12_1148408	7	144040917	150285104	3863	0.8089
JIHAD_p_TCGASNP_215_219_N_GenomeWideSNP_6_D12_1148408	7	150285801	150301569	8	-0.0559
JIHAD_p_TCGASNP_215_219_N_GenomeWideSNP_6_D12_1148408	7	150307922	153147638	1720	0.8132
JIHAD_p_TCGASNP_215_219_N_GenomeWideSNP_6_D12_1148408	7	153147645	153147712	2	-2.1816
JIHAD_p_TCGASNP_215_219_N_GenomeWideSNP_6_D12_1148408	7	153147715	154393171	867	0.8214
JIHAD_p_TCGASNP_215_219_N_GenomeWideSNP_6_D12_1148408	7	154396107	154399613	3	-0.2434
JIHAD_p_TCGASNP_215_219_N_GenomeWideSNP_6_D12_1148408	7	154400830	154427672	27	0.7495
JIHAD_p_TCGASNP_215_219_N_GenomeWideSNP_6_D12_1148408	7	154427998	154428418	3	-0.5737
JIHAD_p_TCGASNP_215_219_N_GenomeWideSNP_6_D12_1148408	7	154429560	159127004	3216	0.8073
JIHAD_p_TCGASNP_215_219_N_GenomeWideSNP_6_D12_1148408	8	31254	1367068	903	0.0448
JIHAD_p_TCGASNP_215_219_N_GenomeWideSNP_6_D12_1148408	8	1367362	1367602	3	-1.1769
JIHAD_p_TCGASNP_215_219_N_GenomeWideSNP_6_D12_1148408	8	1367688	2055383	551	0.0294
JIHAD_p_TCGASNP_215_219_N_GenomeWideSNP_6_D12_1148408	8	2055438	2062246	7	-0.6131
JIHAD_p_TCGASNP_215_219_N_GenomeWideSNP_6_D12_1148408	8	2063261	2080528	25	-0.0541
JIHAD_p_TCGASNP_215_219_N_GenomeWideSNP_6_D12_1148408	8	2081212	2081372	4	-1.4154
JIHAD_p_TCGASNP_215_219_N_GenomeWideSNP_6_D12_1148408	8	2081407	2701934	630	0.0332
JIHAD_p_TCGASNP_215_219_N_GenomeWideSNP_6_D12_1148408	8	2703533	2703899	7	-0.7834
JIHAD_p_TCGASNP_215_219_N_GenomeWideSNP_6_D12_1148408	8	2707171	5594132	3966	0.0128
JIHAD_p_TCGASNP_215_219_N_GenomeWideSNP_6_D12_1148408	8	5594267	5604327	27	-0.7268
JIHAD_p_TCGASNP_215_219_N_GenomeWideSNP_6_D12_1148408	8	5604495	7186632	1711	0.0298
JIHAD_p_TCGASNP_215_219_N_GenomeWideSNP_6_D12_1148408	8	7186646	7250380	27	-0.339
JIHAD_p_TCGASNP_215_219_N_GenomeWideSNP_6_D12_1148408	8	7254291	7744064	111	0.2961
JIHAD_p_TCGASNP_215_219_N_GenomeWideSNP_6_D12_1148408	8	7745979	7747699	4	-0.8208
JIHAD_p_TCGASNP_215_219_N_GenomeWideSNP_6_D12_1148408	8	7752048	11949551	3327	0.0359
JIHAD_p_TCGASNP_215_219_N_GenomeWideSNP_6_D12_1148408	8	11987726	12001123	6	-0.8595
JIHAD_p_TCGASNP_215_219_N_GenomeWideSNP_6_D12_1148408	8	12034307	12260927	50	0.6467
JIHAD_p_TCGASNP_215_219_N_GenomeWideSNP_6_D12_1148408	8	12260973	24974476	10496	0.0122
JIHAD_p_TCGASNP_215_219_N_GenomeWideSNP_6_D12_1148408	8	24974522	24984223	23	-2.3417
JIHAD_p_TCGASNP_215_219_N_GenomeWideSNP_6_D12_1148408	8	24984250	39230659	9043	0.0152
JIHAD_p_TCGASNP_215_219_N_GenomeWideSNP_6_D12_1148408	8	39235603	39386965	59	-2.3017
JIHAD_p_TCGASNP_215_219_N_GenomeWideSNP_6_D12_1148408	8	39388299	95557552	31780	0.0125
JIHAD_p_TCGASNP_215_219_N_GenomeWideSNP_6_D12_1148408	8	95557602	95558115	7	0.714
JIHAD_p_TCGASNP_215_219_N_GenomeWideSNP_6_D12_1148408	8	95559092	103992590	5289	0.0305
JIHAD_p_TCGASNP_215_219_N_GenomeWideSNP_6_D12_1148408	8	103994911	103995823	2	-1.2258
JIHAD_p_TCGASNP_215_219_N_GenomeWideSNP_6_D12_1148408	8	103997435	104690593	432	0.0403
JIHAD_p_TCGASNP_215_219_N_GenomeWideSNP_6_D12_1148408	8	104690926	104690940	2	-1.6307
JIHAD_p_TCGASNP_215_219_N_GenomeWideSNP_6_D12_1148408	8	104693685	104845420	76	0.007
JIHAD_p_TCGASNP_215_219_N_GenomeWideSNP_6_D12_1148408	8	104846209	104849193	2	-1.2882
JIHAD_p_TCGASNP_215_219_N_GenomeWideSNP_6_D12_1148408	8	104850478	112294646	4492	0.013
JIHAD_p_TCGASNP_215_219_N_GenomeWideSNP_6_D12_1148408	8	112294670	112295260	6	0.9823
JIHAD_p_TCGASNP_215_219_N_GenomeWideSNP_6_D12_1148408	8	112300281	138824637	18694	0.0273
JIHAD_p_TCGASNP_215_219_N_GenomeWideSNP_6_D12_1148408	8	138824655	138825024	2	-2.3764
JIHAD_p_TCGASNP_215_219_N_GenomeWideSNP_6_D12_1148408	8	138825770	140603502	1580	0.0333
JIHAD_p_TCGASNP_215_219_N_GenomeWideSNP_6_D12_1148408	8	140604336	140605202	5	0.9915
JIHAD_p_TCGASNP_215_219_N_GenomeWideSNP_6_D12_1148408	8	140605715	146298155	2661	0.0942
JIHAD_p_TCGASNP_215_219_N_GenomeWideSNP_6_D12_1148408	9	46587	22492889	19893	0.016
JIHAD_p_TCGASNP_215_219_N_GenomeWideSNP_6_D12_1148408	9	22501913	22502699	2	1.4011
JIHAD_p_TCGASNP_215_219_N_GenomeWideSNP_6_D12_1148408	9	22509340	40784175	11444	0.0234
JIHAD_p_TCGASNP_215_219_N_GenomeWideSNP_6_D12_1148408	9	40791515	40811602	3	0.9365
JIHAD_p_TCGASNP_215_219_N_GenomeWideSNP_6_D12_1148408	9	40811997	41632671	28	-0.0214
JIHAD_p_TCGASNP_215_219_N_GenomeWideSNP_6_D12_1148408	9	41632708	41952516	13	-0.2582
JIHAD_p_TCGASNP_215_219_N_GenomeWideSNP_6_D12_1148408	9	41972506	41978375	2	-1.4539
JIHAD_p_TCGASNP_215_219_N_GenomeWideSNP_6_D12_1148408	9	41985187	43583463	38	0.1069
JIHAD_p_TCGASNP_215_219_N_GenomeWideSNP_6_D12_1148408	9	43602726	43776918	25	0.4847
JIHAD_p_TCGASNP_215_219_N_GenomeWideSNP_6_D12_1148408	9	43780909	44241817	31	0.0191
JIHAD_p_TCGASNP_215_219_N_GenomeWideSNP_6_D12_1148408	9	44243434	44385979	14	0.7112
JIHAD_p_TCGASNP_215_219_N_GenomeWideSNP_6_D12_1148408	9	44396699	44629223	7	0.0862
JIHAD_p_TCGASNP_215_219_N_GenomeWideSNP_6_D12_1148408	9	44727859	44855737	36	-1.084
JIHAD_p_TCGASNP_215_219_N_GenomeWideSNP_6_D12_1148408	9	44866028	141091394	48442	0.0351
JIHAD_p_TCGASNP_215_219_N_GenomeWideSNP_6_D12_1148408	10	72759	18173963	14905	0.0334
JIHAD_p_TCGASNP_215_219_N_GenomeWideSNP_6_D12_1148408	10	18185123	18199813	3	-2.1821
JIHAD_p_TCGASNP_215_219_N_GenomeWideSNP_6_D12_1148408	10	18223647	24377675	4345	0.009
JIHAD_p_TCGASNP_215_219_N_GenomeWideSNP_6_D12_1148408	10	24377676	24378054	9	-1.5407
JIHAD_p_TCGASNP_215_219_N_GenomeWideSNP_6_D12_1148408	10	24378908	27222320	1993	0.0184
JIHAD_p_TCGASNP_215_219_N_GenomeWideSNP_6_D12_1148408	10	27223903	27230737	17	0.48
JIHAD_p_TCGASNP_215_219_N_GenomeWideSNP_6_D12_1148408	10	27231610	31246492	3037	0.0367
JIHAD_p_TCGASNP_215_219_N_GenomeWideSNP_6_D12_1148408	10	31246510	31251822	13	-0.5229
JIHAD_p_TCGASNP_215_219_N_GenomeWideSNP_6_D12_1148408	10	31251885	46691480	7275	0.0288
JIHAD_p_TCGASNP_215_219_N_GenomeWideSNP_6_D12_1148408	10	46917315	47150470	166	-0.3065
JIHAD_p_TCGASNP_215_219_N_GenomeWideSNP_6_D12_1148408	10	47249587	47897394	202	0.0736
JIHAD_p_TCGASNP_215_219_N_GenomeWideSNP_6_D12_1148408	10	47912899	47948060	3	-1.5678
JIHAD_p_TCGASNP_215_219_N_GenomeWideSNP_6_D12_1148408	10	47960476	48736766	289	0.0192
JIHAD_p_TCGASNP_215_219_N_GenomeWideSNP_6_D12_1148408	10	48771950	49292463	25	-0.8918
JIHAD_p_TCGASNP_215_219_N_GenomeWideSNP_6_D12_1148408	10	49292482	61364115	8449	0.0119
JIHAD_p_TCGASNP_215_219_N_GenomeWideSNP_6_D12_1148408	10	61364130	61365264	7	-0.7694
JIHAD_p_TCGASNP_215_219_N_GenomeWideSNP_6_D12_1148408	10	61365482	67306276	4029	0.0163
JIHAD_p_TCGASNP_215_219_N_GenomeWideSNP_6_D12_1148408	10	67307923	67314401	26	-0.3423
JIHAD_p_TCGASNP_215_219_N_GenomeWideSNP_6_D12_1148408	10	67314430	71282472	2556	0.0221
JIHAD_p_TCGASNP_215_219_N_GenomeWideSNP_6_D12_1148408	10	71282486	71282842	4	-0.8344
JIHAD_p_TCGASNP_215_219_N_GenomeWideSNP_6_D12_1148408	10	71291614	132635418	42126	0.0232
JIHAD_p_TCGASNP_215_219_N_GenomeWideSNP_6_D12_1148408	10	132638557	132643183	3	-0.9061
JIHAD_p_TCGASNP_215_219_N_GenomeWideSNP_6_D12_1148408	10	132645033	135506704	1655	0.0395
JIHAD_p_TCGASNP_215_219_N_GenomeWideSNP_6_D12_1148408	11	198510	5793583	3316	0.026
JIHAD_p_TCGASNP_215_219_N_GenomeWideSNP_6_D12_1148408	11	5794245	5809338	23	-0.6846
JIHAD_p_TCGASNP_215_219_N_GenomeWideSNP_6_D12_1148408	11	5809461	48598422	30109	0.0178
JIHAD_p_TCGASNP_215_219_N_GenomeWideSNP_6_D12_1148408	11	48601434	48602676	2	-1.7998
JIHAD_p_TCGASNP_215_219_N_GenomeWideSNP_6_D12_1148408	11	48606318	55376023	1229	0.0188
JIHAD_p_TCGASNP_215_219_N_GenomeWideSNP_6_D12_1148408	11	55376236	55453009	54	-0.5558
JIHAD_p_TCGASNP_215_219_N_GenomeWideSNP_6_D12_1148408	11	55453576	134944770	52443	0.027
JIHAD_p_TCGASNP_215_219_N_GenomeWideSNP_6_D12_1148408	12	150442	8357507	5551	0.0411
JIHAD_p_TCGASNP_215_219_N_GenomeWideSNP_6_D12_1148408	12	8362050	8378251	11	0.9867
JIHAD_p_TCGASNP_215_219_N_GenomeWideSNP_6_D12_1148408	12	8393828	9630556	641	0.0324
JIHAD_p_TCGASNP_215_219_N_GenomeWideSNP_6_D12_1148408	12	9633870	9728292	25	-1.5144
JIHAD_p_TCGASNP_215_219_N_GenomeWideSNP_6_D12_1148408	12	9734969	33294660	16650	0.0131
JIHAD_p_TCGASNP_215_219_N_GenomeWideSNP_6_D12_1148408	12	33301406	33303579	17	0.4453
JIHAD_p_TCGASNP_215_219_N_GenomeWideSNP_6_D12_1148408	12	33303654	45899825	5638	0.0122
JIHAD_p_TCGASNP_215_219_N_GenomeWideSNP_6_D12_1148408	12	45904438	45909537	4	0.9008
JIHAD_p_TCGASNP_215_219_N_GenomeWideSNP_6_D12_1148408	12	45913292	56478336	6037	0.0474
JIHAD_p_TCGASNP_215_219_N_GenomeWideSNP_6_D12_1148408	12	56478356	56478409	4	0.7921
JIHAD_p_TCGASNP_215_219_N_GenomeWideSNP_6_D12_1148408	12	56481075	64111537	4679	0.0229
JIHAD_p_TCGASNP_215_219_N_GenomeWideSNP_6_D12_1148408	12	64112123	64117268	2	-2.0832
JIHAD_p_TCGASNP_215_219_N_GenomeWideSNP_6_D12_1148408	12	64117849	76436193	8013	0.0187
JIHAD_p_TCGASNP_215_219_N_GenomeWideSNP_6_D12_1148408	12	76438660	76473772	22	0.5337
JIHAD_p_TCGASNP_215_219_N_GenomeWideSNP_6_D12_1148408	12	76519960	99779508	15000	0.0121
JIHAD_p_TCGASNP_215_219_N_GenomeWideSNP_6_D12_1148408	12	99780588	99803188	43	0.2909
JIHAD_p_TCGASNP_215_219_N_GenomeWideSNP_6_D12_1148408	12	99803227	111978144	7827	0.0319
JIHAD_p_TCGASNP_215_219_N_GenomeWideSNP_6_D12_1148408	12	111978296	111979997	2	-1.4762
JIHAD_p_TCGASNP_215_219_N_GenomeWideSNP_6_D12_1148408	12	111984707	131777432	14037	0.0351
JIHAD_p_TCGASNP_215_219_N_GenomeWideSNP_6_D12_1148408	12	131794168	131796447	5	0.8302
JIHAD_p_TCGASNP_215_219_N_GenomeWideSNP_6_D12_1148408	12	131803792	132120715	319	0.0554
JIHAD_p_TCGASNP_215_219_N_GenomeWideSNP_6_D12_1148408	12	132132584	132133335	13	-2.4125
JIHAD_p_TCGASNP_215_219_N_GenomeWideSNP_6_D12_1148408	12	132142331	133778189	572	0.0855
JIHAD_p_TCGASNP_215_219_N_GenomeWideSNP_6_D12_1148408	13	19026949	30781721	8352	0.0172
JIHAD_p_TCGASNP_215_219_N_GenomeWideSNP_6_D12_1148408	13	30782099	30783771	4	-1.0453
JIHAD_p_TCGASNP_215_219_N_GenomeWideSNP_6_D12_1148408	13	30789679	32532121	1296	0.0147
JIHAD_p_TCGASNP_215_219_N_GenomeWideSNP_6_D12_1148408	13	32532622	32538423	18	-1.049
JIHAD_p_TCGASNP_215_219_N_GenomeWideSNP_6_D12_1148408	13	32540047	38071135	3905	-0.0015
JIHAD_p_TCGASNP_215_219_N_GenomeWideSNP_6_D12_1148408	13	38072036	38084732	15	0.5434
JIHAD_p_TCGASNP_215_219_N_GenomeWideSNP_6_D12_1148408	13	38084757	69242255	19483	0.0078
JIHAD_p_TCGASNP_215_219_N_GenomeWideSNP_6_D12_1148408	13	69248299	69268242	39	-0.7143
JIHAD_p_TCGASNP_215_219_N_GenomeWideSNP_6_D12_1148408	13	69269119	104537182	23618	-5e-04
JIHAD_p_TCGASNP_215_219_N_GenomeWideSNP_6_D12_1148408	13	104537368	104541701	3	-1.2289
JIHAD_p_TCGASNP_215_219_N_GenomeWideSNP_6_D12_1148408	13	104545906	115108397	7615	0.0189
JIHAD_p_TCGASNP_215_219_N_GenomeWideSNP_6_D12_1148408	14	19002124	44409073	15499	0.0296
JIHAD_p_TCGASNP_215_219_N_GenomeWideSNP_6_D12_1148408	14	44411251	44412775	3	-1.2511
JIHAD_p_TCGASNP_215_219_N_GenomeWideSNP_6_D12_1148408	14	44412821	48628923	2510	0.0131
JIHAD_p_TCGASNP_215_219_N_GenomeWideSNP_6_D12_1148408	14	48629042	48629168	2	-1.2672
JIHAD_p_TCGASNP_215_219_N_GenomeWideSNP_6_D12_1148408	14	48631711	66069053	11364	0.0234
JIHAD_p_TCGASNP_215_219_N_GenomeWideSNP_6_D12_1148408	14	66069606	66075214	4	-0.9691
JIHAD_p_TCGASNP_215_219_N_GenomeWideSNP_6_D12_1148408	14	66080031	70018047	2333	0.0375
JIHAD_p_TCGASNP_215_219_N_GenomeWideSNP_6_D12_1148408	14	70018368	70022467	8	-0.8646
JIHAD_p_TCGASNP_215_219_N_GenomeWideSNP_6_D12_1148408	14	70022713	90405573	13515	0.0294
JIHAD_p_TCGASNP_215_219_N_GenomeWideSNP_6_D12_1148408	14	90406002	90406653	3	-1.1427
JIHAD_p_TCGASNP_215_219_N_GenomeWideSNP_6_D12_1148408	14	90409353	106460902	9922	0.0543
JIHAD_p_TCGASNP_215_219_N_GenomeWideSNP_6_D12_1148408	14	106479675	106479941	2	2.3163
JIHAD_p_TCGASNP_215_219_N_GenomeWideSNP_6_D12_1148408	14	106482128	106715489	104	0.1166
JIHAD_p_TCGASNP_215_219_N_GenomeWideSNP_6_D12_1148408	14	106717356	106728162	9	0.7445
JIHAD_p_TCGASNP_215_219_N_GenomeWideSNP_6_D12_1148408	14	106736240	106777343	26	-1e-04
JIHAD_p_TCGASNP_215_219_N_GenomeWideSNP_6_D12_1148408	14	106783044	106802053	8	-0.9216
JIHAD_p_TCGASNP_215_219_N_GenomeWideSNP_6_D12_1148408	14	106815943	106872062	32	0.1289
JIHAD_p_TCGASNP_215_219_N_GenomeWideSNP_6_D12_1148408	14	106874361	106918108	52	-0.5855
JIHAD_p_TCGASNP_215_219_N_GenomeWideSNP_6_D12_1148408	14	106918649	107153042	131	0.0441
JIHAD_p_TCGASNP_215_219_N_GenomeWideSNP_6_D12_1148408	14	107153067	107171776	15	0.6712
JIHAD_p_TCGASNP_215_219_N_GenomeWideSNP_6_D12_1148408	14	107174572	107285437	78	0.041
JIHAD_p_TCGASNP_215_219_N_GenomeWideSNP_6_D12_1148408	15	20016328	20440538	68	0.0291
JIHAD_p_TCGASNP_215_219_N_GenomeWideSNP_6_D12_1148408	15	20446138	22285769	241	-0.2431
JIHAD_p_TCGASNP_215_219_N_GenomeWideSNP_6_D12_1148408	15	22287270	22751245	117	-0.5739
JIHAD_p_TCGASNP_215_219_N_GenomeWideSNP_6_D12_1148408	15	22751256	45223654	13715	0.0497
JIHAD_p_TCGASNP_215_219_N_GenomeWideSNP_6_D12_1148408	15	45225257	45234447	6	-1.1954
JIHAD_p_TCGASNP_215_219_N_GenomeWideSNP_6_D12_1148408	15	45235082	56789647	7433	0.0302
JIHAD_p_TCGASNP_215_219_N_GenomeWideSNP_6_D12_1148408	15	56790703	56800977	25	-0.717
JIHAD_p_TCGASNP_215_219_N_GenomeWideSNP_6_D12_1148408	15	56801623	100384070	28866	0.0511
JIHAD_p_TCGASNP_215_219_N_GenomeWideSNP_6_D12_1148408	15	100385846	100499757	66	-0.9126
JIHAD_p_TCGASNP_215_219_N_GenomeWideSNP_6_D12_1148408	15	100502293	102429037	1531	0.0436
JIHAD_p_TCGASNP_215_219_N_GenomeWideSNP_6_D12_1148408	15	102429053	102469040	7	-0.6018
JIHAD_p_TCGASNP_215_219_N_GenomeWideSNP_6_D12_1148408	16	60777	34459709	20557	0.0628
JIHAD_p_TCGASNP_215_219_N_GenomeWideSNP_6_D12_1148408	16	34466571	34755566	168	0.5205
JIHAD_p_TCGASNP_215_219_N_GenomeWideSNP_6_D12_1148408	16	34757071	55795214	6611	0.0362
JIHAD_p_TCGASNP_215_219_N_GenomeWideSNP_6_D12_1148408	16	55796389	55822444	22	-0.7111
JIHAD_p_TCGASNP_215_219_N_GenomeWideSNP_6_D12_1148408	16	55829557	55856860	15	0.4328
JIHAD_p_TCGASNP_215_219_N_GenomeWideSNP_6_D12_1148408	16	55858793	70125174	8754	0.0386
JIHAD_p_TCGASNP_215_219_N_GenomeWideSNP_6_D12_1148408	16	70136868	70198396	18	-0.4993
JIHAD_p_TCGASNP_215_219_N_GenomeWideSNP_6_D12_1148408	16	70211444	74384258	2429	0.033
JIHAD_p_TCGASNP_215_219_N_GenomeWideSNP_6_D12_1148408	16	74397058	74407379	7	-0.6918
JIHAD_p_TCGASNP_215_219_N_GenomeWideSNP_6_D12_1148408	16	74452036	78371608	3213	0.0305
JIHAD_p_TCGASNP_215_219_N_GenomeWideSNP_6_D12_1148408	16	78372440	78384765	17	1.0322
JIHAD_p_TCGASNP_215_219_N_GenomeWideSNP_6_D12_1148408	16	78385001	90287535	10651	0.0514
JIHAD_p_TCGASNP_215_219_N_GenomeWideSNP_6_D12_1148408	17	526	16654301	10516	0.0592
JIHAD_p_TCGASNP_215_219_N_GenomeWideSNP_6_D12_1148408	17	16657331	16738160	12	0.6857
JIHAD_p_TCGASNP_215_219_N_GenomeWideSNP_6_D12_1148408	17	16740270	18358946	924	0.0753
JIHAD_p_TCGASNP_215_219_N_GenomeWideSNP_6_D12_1148408	17	18358949	18453437	24	-1.4874
JIHAD_p_TCGASNP_215_219_N_GenomeWideSNP_6_D12_1148408	17	18459272	34437128	6926	0.0572
JIHAD_p_TCGASNP_215_219_N_GenomeWideSNP_6_D12_1148408	17	34439978	34485091	36	0.5186
JIHAD_p_TCGASNP_215_219_N_GenomeWideSNP_6_D12_1148408	17	34528125	39423077	2547	0.0736
JIHAD_p_TCGASNP_215_219_N_GenomeWideSNP_6_D12_1148408	17	39423090	39430450	19	1.5419
JIHAD_p_TCGASNP_215_219_N_GenomeWideSNP_6_D12_1148408	17	39430531	43655090	2170	0.0821
JIHAD_p_TCGASNP_215_219_N_GenomeWideSNP_6_D12_1148408	17	43656380	43659426	6	-0.7088
JIHAD_p_TCGASNP_215_219_N_GenomeWideSNP_6_D12_1148408	17	43664693	44166455	342	0.0536
JIHAD_p_TCGASNP_215_219_N_GenomeWideSNP_6_D12_1148408	17	44166500	44362009	119	-0.3605
JIHAD_p_TCGASNP_215_219_N_GenomeWideSNP_6_D12_1148408	17	44362363	44394412	3	0.3261
JIHAD_p_TCGASNP_215_219_N_GenomeWideSNP_6_D12_1148408	17	44394414	44752283	46	1.0976
JIHAD_p_TCGASNP_215_219_N_GenomeWideSNP_6_D12_1148408	17	44752300	77242007	19864	0.0567
JIHAD_p_TCGASNP_215_219_N_GenomeWideSNP_6_D12_1148408	17	77242279	77246390	8	-0.5176
JIHAD_p_TCGASNP_215_219_N_GenomeWideSNP_6_D12_1148408	17	77247044	81049726	1751	0.0862
JIHAD_p_TCGASNP_215_219_N_GenomeWideSNP_6_D12_1148408	18	11543	15158341	10415	0.0317
JIHAD_p_TCGASNP_215_219_N_GenomeWideSNP_6_D12_1148408	18	15170292	15191559	8	0.6812
JIHAD_p_TCGASNP_215_219_N_GenomeWideSNP_6_D12_1148408	18	15198969	51204135	21367	0.0175
JIHAD_p_TCGASNP_215_219_N_GenomeWideSNP_6_D12_1148408	18	51207209	51210640	5	-1.0478
JIHAD_p_TCGASNP_215_219_N_GenomeWideSNP_6_D12_1148408	18	51212148	63906866	8755	0.011
JIHAD_p_TCGASNP_215_219_N_GenomeWideSNP_6_D12_1148408	18	63907434	63911589	10	-0.838
JIHAD_p_TCGASNP_215_219_N_GenomeWideSNP_6_D12_1148408	18	63911876	67207227	2459	0.0037
JIHAD_p_TCGASNP_215_219_N_GenomeWideSNP_6_D12_1148408	18	67207852	67217271	8	-0.9215
JIHAD_p_TCGASNP_215_219_N_GenomeWideSNP_6_D12_1148408	18	67217542	69425044	1521	0.0045
JIHAD_p_TCGASNP_215_219_N_GenomeWideSNP_6_D12_1148408	18	69428939	69441344	15	-1.0106
JIHAD_p_TCGASNP_215_219_N_GenomeWideSNP_6_D12_1148408	18	69441613	78015057	6279	0.0216
JIHAD_p_TCGASNP_215_219_N_GenomeWideSNP_6_D12_1148408	19	90910	7300055	2504	0.109
JIHAD_p_TCGASNP_215_219_N_GenomeWideSNP_6_D12_1148408	19	7304492	7344986	6	1.0042
JIHAD_p_TCGASNP_215_219_N_GenomeWideSNP_6_D12_1148408	19	7397015	12692001	2567	0.1014
JIHAD_p_TCGASNP_215_219_N_GenomeWideSNP_6_D12_1148408	19	12697366	12698102	2	-2.2561
JIHAD_p_TCGASNP_215_219_N_GenomeWideSNP_6_D12_1148408	19	12700523	27747993	6190	0.0824
JIHAD_p_TCGASNP_215_219_N_GenomeWideSNP_6_D12_1148408	19	27751675	35849221	5554	-0.7194
JIHAD_p_TCGASNP_215_219_N_GenomeWideSNP_6_D12_1148408	19	35849309	35866954	28	-0.1632
JIHAD_p_TCGASNP_215_219_N_GenomeWideSNP_6_D12_1148408	19	35870348	42689009	3478	-0.6408
JIHAD_p_TCGASNP_215_219_N_GenomeWideSNP_6_D12_1148408	19	42696015	42696698	2	-3.3561
JIHAD_p_TCGASNP_215_219_N_GenomeWideSNP_6_D12_1148408	19	42700528	59097854	8999	-0.6614
JIHAD_p_TCGASNP_215_219_N_GenomeWideSNP_6_D12_1148408	20	61305	1552503	1185	0.0439
JIHAD_p_TCGASNP_215_219_N_GenomeWideSNP_6_D12_1148408	20	1557190	1560787	17	-0.6947
JIHAD_p_TCGASNP_215_219_N_GenomeWideSNP_6_D12_1148408	20	1560802	1560999	4	-0.1079
JIHAD_p_TCGASNP_215_219_N_GenomeWideSNP_6_D12_1148408	20	1561580	1593893	41	1.3938
JIHAD_p_TCGASNP_215_219_N_GenomeWideSNP_6_D12_1148408	20	1597946	4037528	1694	0.0598
JIHAD_p_TCGASNP_215_219_N_GenomeWideSNP_6_D12_1148408	20	4037627	4039184	5	-1.1916
JIHAD_p_TCGASNP_215_219_N_GenomeWideSNP_6_D12_1148408	20	4040740	24040108	15804	0.0266
JIHAD_p_TCGASNP_215_219_N_GenomeWideSNP_6_D12_1148408	20	24045468	24046233	2	-1.3098
JIHAD_p_TCGASNP_215_219_N_GenomeWideSNP_6_D12_1148408	20	24046836	24184742	125	0.0195
JIHAD_p_TCGASNP_215_219_N_GenomeWideSNP_6_D12_1148408	20	24186564	24187337	2	-1.4614
JIHAD_p_TCGASNP_215_219_N_GenomeWideSNP_6_D12_1148408	20	24187701	29527893	1216	0.0467
JIHAD_p_TCGASNP_215_219_N_GenomeWideSNP_6_D12_1148408	20	29529825	29533682	3	-0.7644
JIHAD_p_TCGASNP_215_219_N_GenomeWideSNP_6_D12_1148408	20	29533697	33425812	1782	0.0823
JIHAD_p_TCGASNP_215_219_N_GenomeWideSNP_6_D12_1148408	20	33426212	33434562	3	-0.7188
JIHAD_p_TCGASNP_215_219_N_GenomeWideSNP_6_D12_1148408	20	33435161	56669979	16488	0.0581
JIHAD_p_TCGASNP_215_219_N_GenomeWideSNP_6_D12_1148408	20	56670574	56670607	2	1.2883
JIHAD_p_TCGASNP_215_219_N_GenomeWideSNP_6_D12_1148408	20	56670829	59565245	2344	0.0481
JIHAD_p_TCGASNP_215_219_N_GenomeWideSNP_6_D12_1148408	20	59569025	59590201	50	0.5256
JIHAD_p_TCGASNP_215_219_N_GenomeWideSNP_6_D12_1148408	20	59590484	62956153	1747	0.079
JIHAD_p_TCGASNP_215_219_N_GenomeWideSNP_6_D12_1148408	21	10736871	10999759	67	-0.3937
JIHAD_p_TCGASNP_215_219_N_GenomeWideSNP_6_D12_1148408	21	10999794	23651134	6405	0.0116
JIHAD_p_TCGASNP_215_219_N_GenomeWideSNP_6_D12_1148408	21	23655900	23664658	9	-4.8566
JIHAD_p_TCGASNP_215_219_N_GenomeWideSNP_6_D12_1148408	21	23666999	48096957	17945	0.0361
JIHAD_p_TCGASNP_215_219_N_GenomeWideSNP_6_D12_1148408	22	16052528	18732919	1217	0.0707
JIHAD_p_TCGASNP_215_219_N_GenomeWideSNP_6_D12_1148408	22	18748440	18748454	2	-1.0942
JIHAD_p_TCGASNP_215_219_N_GenomeWideSNP_6_D12_1148408	22	18770421	23262981	2703	0.0932
JIHAD_p_TCGASNP_215_219_N_GenomeWideSNP_6_D12_1148408	22	23263242	23263257	2	-1.4463
JIHAD_p_TCGASNP_215_219_N_GenomeWideSNP_6_D12_1148408	22	23263274	28003266	3950	0.0728
JIHAD_p_TCGASNP_215_219_N_GenomeWideSNP_6_D12_1148408	22	28005749	28006752	2	-1.29
JIHAD_p_TCGASNP_215_219_N_GenomeWideSNP_6_D12_1148408	22	28011046	42899440	9567	0.0741
JIHAD_p_TCGASNP_215_219_N_GenomeWideSNP_6_D12_1148408	22	42904606	42934462	20	0.6319
JIHAD_p_TCGASNP_215_219_N_GenomeWideSNP_6_D12_1148408	22	42942962	49268700	4874	0.0846
JIHAD_p_TCGASNP_215_219_N_GenomeWideSNP_6_D12_1148408	22	49269923	49270542	2	-1.7972
JIHAD_p_TCGASNP_215_219_N_GenomeWideSNP_6_D12_1148408	22	49273291	51234455	1235	0.076
JIHAD_p_TCGASNP_215_219_N_GenomeWideSNP_6_D12_1148408	X	168477	153567619	84001	9e-04
JIHAD_p_TCGASNP_215_219_N_GenomeWideSNP_6_D12_1148408	X	153572573	153588612	37	0.3121
JIHAD_p_TCGASNP_215_219_N_GenomeWideSNP_6_D12_1148408	X	153594178	155182354	578	0.0276
JIHAD_p_TCGASNP_215_219_N_GenomeWideSNP_6_D12_1148408	Y	2650438	6101425	872	-2.6527
JIHAD_p_TCGASNP_215_219_N_GenomeWideSNP_6_D12_1148408	Y	6107901	6296423	85	-4.0609
JIHAD_p_TCGASNP_215_219_N_GenomeWideSNP_6_D12_1148408	Y	6299046	19571480	4707	-3.2355
JIHAD_p_TCGASNP_215_219_N_GenomeWideSNP_6_D12_1148408	Y	19574890	21088297	704	-3.7629
JIHAD_p_TCGASNP_215_219_N_GenomeWideSNP_6_D12_1148408	Y	21088485	24510518	1243	-3.2535
JIHAD_p_TCGASNP_215_219_N_GenomeWideSNP_6_D12_1148408	Y	24514859	26190025	316	-3.8413
JIHAD_p_TCGASNP_215_219_N_GenomeWideSNP_6_D12_1148408	Y	26193050	26408766	50	-3.0712
JIHAD_p_TCGASNP_215_219_N_GenomeWideSNP_6_D12_1148408	Y	26409789	26421237	7	-4.6767
JIHAD_p_TCGASNP_215_219_N_GenomeWideSNP_6_D12_1148408	Y	26421701	26517533	33	-2.5809
JIHAD_p_TCGASNP_215_219_N_GenomeWideSNP_6_D12_1148408	Y	26526212	27436702	93	-4.2832
JIHAD_p_TCGASNP_215_219_N_GenomeWideSNP_6_D12_1148408	Y	27444915	27720551	91	-2.9142
JIHAD_p_TCGASNP_215_219_N_GenomeWideSNP_6_D12_1148408	Y	27721084	28272116	194	-3.8406
JIHAD_p_TCGASNP_215_219_N_GenomeWideSNP_6_D12_1148408	Y	28277692	28321752	13	-5.5443
JIHAD_p_TCGASNP_215_219_N_GenomeWideSNP_6_D12_1148408	Y	28322019	28452016	51	-3.7603
JIHAD_p_TCGASNP_215_219_N_GenomeWideSNP_6_D12_1148408	Y	28457337	59018259	176	-2.8791
