GDC_Aliquot	Chromosome	Start	End	Num_Probes	Segment_Mean
425ee67e-4a87-42bf-8808-e48ff5a8ebc8	1	62920	16785682	8699	-0.0052
425ee67e-4a87-42bf-8808-e48ff5a8ebc8	1	16787932	16955930	61	-0.4213
425ee67e-4a87-42bf-8808-e48ff5a8ebc8	1	16956580	22322994	3573	-0.0056
425ee67e-4a87-42bf-8808-e48ff5a8ebc8	1	22323501	22332234	5	-0.6211
425ee67e-4a87-42bf-8808-e48ff5a8ebc8	1	22338281	25256850	1679	-0.0029
425ee67e-4a87-42bf-8808-e48ff5a8ebc8	1	25266637	25320455	24	-0.6249
425ee67e-4a87-42bf-8808-e48ff5a8ebc8	1	25336819	34637053	4950	-0.002
425ee67e-4a87-42bf-8808-e48ff5a8ebc8	1	34637069	34638890	19	-0.6156
425ee67e-4a87-42bf-8808-e48ff5a8ebc8	1	34648667	42872196	4594	-0.0022
425ee67e-4a87-42bf-8808-e48ff5a8ebc8	1	42875849	42902479	24	0.5549
425ee67e-4a87-42bf-8808-e48ff5a8ebc8	1	42903634	57225498	8526	0.0017
425ee67e-4a87-42bf-8808-e48ff5a8ebc8	1	57231386	57232050	3	-1.2344
425ee67e-4a87-42bf-8808-e48ff5a8ebc8	1	57232328	107111598	32698	0.0042
425ee67e-4a87-42bf-8808-e48ff5a8ebc8	1	107112980	107120873	11	-1.0016
425ee67e-4a87-42bf-8808-e48ff5a8ebc8	1	107122811	109684893	1544	-0.0014
425ee67e-4a87-42bf-8808-e48ff5a8ebc8	1	109690352	109697556	13	1.0939
425ee67e-4a87-42bf-8808-e48ff5a8ebc8	1	109702376	117897373	5675	0.0098
425ee67e-4a87-42bf-8808-e48ff5a8ebc8	1	117902493	117907781	3	-0.9392
425ee67e-4a87-42bf-8808-e48ff5a8ebc8	1	117908547	143494500	1458	-0.0027
425ee67e-4a87-42bf-8808-e48ff5a8ebc8	1	143541857	143811517	119	0.5603
425ee67e-4a87-42bf-8808-e48ff5a8ebc8	1	143890323	152787202	2522	0.013
425ee67e-4a87-42bf-8808-e48ff5a8ebc8	1	152789447	152796224	37	-1.463
425ee67e-4a87-42bf-8808-e48ff5a8ebc8	1	152801429	167795598	10156	0.0043
425ee67e-4a87-42bf-8808-e48ff5a8ebc8	1	167796946	167797682	4	-1.0416
425ee67e-4a87-42bf-8808-e48ff5a8ebc8	1	167799276	196737736	19275	0.0058
425ee67e-4a87-42bf-8808-e48ff5a8ebc8	1	196740093	196854187	70	0.2582
425ee67e-4a87-42bf-8808-e48ff5a8ebc8	1	196854483	198335406	817	0.0206
425ee67e-4a87-42bf-8808-e48ff5a8ebc8	1	198337730	198338649	3	-1.0593
425ee67e-4a87-42bf-8808-e48ff5a8ebc8	1	198342229	240228440	29115	0.0056
425ee67e-4a87-42bf-8808-e48ff5a8ebc8	1	240230715	240230824	5	-2.1158
425ee67e-4a87-42bf-8808-e48ff5a8ebc8	1	240230839	248930189	5856	0.0079
425ee67e-4a87-42bf-8808-e48ff5a8ebc8	2	12784	30143	10	0.2754
425ee67e-4a87-42bf-8808-e48ff5a8ebc8	2	33901	34346	3	-1.1151
425ee67e-4a87-42bf-8808-e48ff5a8ebc8	2	36862	991930	656	0.0337
425ee67e-4a87-42bf-8808-e48ff5a8ebc8	2	992660	994245	3	0.8843
425ee67e-4a87-42bf-8808-e48ff5a8ebc8	2	999434	6293041	4186	0.0139
425ee67e-4a87-42bf-8808-e48ff5a8ebc8	2	6293698	6295056	4	-1.1364
425ee67e-4a87-42bf-8808-e48ff5a8ebc8	2	6301099	34438862	19216	0.0122
425ee67e-4a87-42bf-8808-e48ff5a8ebc8	2	34439683	34512965	55	0.3114
425ee67e-4a87-42bf-8808-e48ff5a8ebc8	2	34515572	35612669	752	0.0281
425ee67e-4a87-42bf-8808-e48ff5a8ebc8	2	35618352	35869827	219	0.1426
425ee67e-4a87-42bf-8808-e48ff5a8ebc8	2	35870413	52531615	12032	0.016
425ee67e-4a87-42bf-8808-e48ff5a8ebc8	2	52531630	52554384	31	-0.3904
425ee67e-4a87-42bf-8808-e48ff5a8ebc8	2	52554404	66927524	9317	0.0135
425ee67e-4a87-42bf-8808-e48ff5a8ebc8	2	66930028	66931184	2	-1.1449
425ee67e-4a87-42bf-8808-e48ff5a8ebc8	2	66931923	78473831	7437	0.0136
425ee67e-4a87-42bf-8808-e48ff5a8ebc8	2	78474950	78494776	14	-0.8994
425ee67e-4a87-42bf-8808-e48ff5a8ebc8	2	78498405	183929673	59758	0.0111
425ee67e-4a87-42bf-8808-e48ff5a8ebc8	2	183929787	183937714	16	-0.5755
425ee67e-4a87-42bf-8808-e48ff5a8ebc8	2	183943862	207635609	13758	0.0152
425ee67e-4a87-42bf-8808-e48ff5a8ebc8	2	207636221	207638827	2	-1.4637
425ee67e-4a87-42bf-8808-e48ff5a8ebc8	2	207639869	209501365	1171	-0.0018
425ee67e-4a87-42bf-8808-e48ff5a8ebc8	2	209503788	209509328	3	-1.1039
425ee67e-4a87-42bf-8808-e48ff5a8ebc8	2	209509568	215613911	3918	0.0171
425ee67e-4a87-42bf-8808-e48ff5a8ebc8	2	215620886	215625254	12	-1.2125
425ee67e-4a87-42bf-8808-e48ff5a8ebc8	2	215626985	242147305	16882	0.0071
425ee67e-4a87-42bf-8808-e48ff5a8ebc8	3	20930	1740119	1536	0.0748
425ee67e-4a87-42bf-8808-e48ff5a8ebc8	3	1740840	1745897	6	-1.0021
425ee67e-4a87-42bf-8808-e48ff5a8ebc8	3	1747474	9318037	6659	0.0165
425ee67e-4a87-42bf-8808-e48ff5a8ebc8	3	9318527	9326441	10	-1.0196
425ee67e-4a87-42bf-8808-e48ff5a8ebc8	3	9329720	37940617	19405	0.0044
425ee67e-4a87-42bf-8808-e48ff5a8ebc8	3	37940970	37945437	17	-0.798
425ee67e-4a87-42bf-8808-e48ff5a8ebc8	3	37945615	43292528	3478	0.0053
425ee67e-4a87-42bf-8808-e48ff5a8ebc8	3	43293386	43294230	2	-1.1649
425ee67e-4a87-42bf-8808-e48ff5a8ebc8	3	43295022	59755228	9205	-0.0004
425ee67e-4a87-42bf-8808-e48ff5a8ebc8	3	59755649	61031987	1435	0.0572
425ee67e-4a87-42bf-8808-e48ff5a8ebc8	3	61033807	75519398	10961	-0.0004
425ee67e-4a87-42bf-8808-e48ff5a8ebc8	3	75523398	75537120	5	-1.3287
425ee67e-4a87-42bf-8808-e48ff5a8ebc8	3	75537654	98180575	10376	0.0039
425ee67e-4a87-42bf-8808-e48ff5a8ebc8	3	98189826	98207276	13	-0.5525
425ee67e-4a87-42bf-8808-e48ff5a8ebc8	3	98211020	99225667	585	0.0127
425ee67e-4a87-42bf-8808-e48ff5a8ebc8	3	99225703	99230470	34	-0.5439
425ee67e-4a87-42bf-8808-e48ff5a8ebc8	3	99230577	119631498	12616	0.0053
425ee67e-4a87-42bf-8808-e48ff5a8ebc8	3	119632551	119635091	5	-1.0166
425ee67e-4a87-42bf-8808-e48ff5a8ebc8	3	119636564	130067097	6084	0
425ee67e-4a87-42bf-8808-e48ff5a8ebc8	3	130067366	130089433	35	0.5213
425ee67e-4a87-42bf-8808-e48ff5a8ebc8	3	130089968	146658754	10384	0.0048
425ee67e-4a87-42bf-8808-e48ff5a8ebc8	3	146660742	147111252	234	0.1178
425ee67e-4a87-42bf-8808-e48ff5a8ebc8	3	147112419	149245189	1282	0.0129
425ee67e-4a87-42bf-8808-e48ff5a8ebc8	3	149245608	149250334	25	-0.7872
425ee67e-4a87-42bf-8808-e48ff5a8ebc8	3	149253293	162405578	8059	0.0026
425ee67e-4a87-42bf-8808-e48ff5a8ebc8	3	162419812	162424917	14	-0.673
425ee67e-4a87-42bf-8808-e48ff5a8ebc8	3	162426460	162790404	257	0.0252
425ee67e-4a87-42bf-8808-e48ff5a8ebc8	3	162790480	162812527	15	0.209
425ee67e-4a87-42bf-8808-e48ff5a8ebc8	3	162813082	162822702	8	0.9769
425ee67e-4a87-42bf-8808-e48ff5a8ebc8	3	162827928	162906109	46	0.2478
425ee67e-4a87-42bf-8808-e48ff5a8ebc8	3	162908192	162910855	6	0.8771
425ee67e-4a87-42bf-8808-e48ff5a8ebc8	3	162910891	189642965	16653	0.0131
425ee67e-4a87-42bf-8808-e48ff5a8ebc8	3	189645889	189646849	11	-0.9481
425ee67e-4a87-42bf-8808-e48ff5a8ebc8	3	189653199	198169247	5201	0.0137
425ee67e-4a87-42bf-8808-e48ff5a8ebc8	4	68929	10208766	5704	0.0049
425ee67e-4a87-42bf-8808-e48ff5a8ebc8	4	10221792	10229874	28	-1.7055
425ee67e-4a87-42bf-8808-e48ff5a8ebc8	4	10232590	34784878	16973	0.0045
425ee67e-4a87-42bf-8808-e48ff5a8ebc8	4	34785333	34822561	36	0.6322
425ee67e-4a87-42bf-8808-e48ff5a8ebc8	4	34823103	35144600	207	-0.0003
425ee67e-4a87-42bf-8808-e48ff5a8ebc8	4	35145891	35148542	5	-1.1965
425ee67e-4a87-42bf-8808-e48ff5a8ebc8	4	35155099	63839893	16353	0.0086
425ee67e-4a87-42bf-8808-e48ff5a8ebc8	4	63839908	63842540	11	0.6171
425ee67e-4a87-42bf-8808-e48ff5a8ebc8	4	63850713	68352050	2845	0.0082
425ee67e-4a87-42bf-8808-e48ff5a8ebc8	4	68352181	68674307	100	-0.2045
425ee67e-4a87-42bf-8808-e48ff5a8ebc8	4	68686026	69257792	308	0.0617
425ee67e-4a87-42bf-8808-e48ff5a8ebc8	4	69261926	69433747	94	0.2256
425ee67e-4a87-42bf-8808-e48ff5a8ebc8	4	69436657	144003784	45026	0.0053
425ee67e-4a87-42bf-8808-e48ff5a8ebc8	4	144021663	144126461	51	0.4256
425ee67e-4a87-42bf-8808-e48ff5a8ebc8	4	144129470	172066777	17257	0.0052
425ee67e-4a87-42bf-8808-e48ff5a8ebc8	4	172067997	172068382	12	0.8061
425ee67e-4a87-42bf-8808-e48ff5a8ebc8	4	172074828	190106768	12071	0.0168
425ee67e-4a87-42bf-8808-e48ff5a8ebc8	5	15532	698390	309	0.0004
425ee67e-4a87-42bf-8808-e48ff5a8ebc8	5	717264	818426	32	0.2825
425ee67e-4a87-42bf-8808-e48ff5a8ebc8	5	818640	56596778	34411	0.0083
425ee67e-4a87-42bf-8808-e48ff5a8ebc8	5	56600254	56602029	11	0.4998
425ee67e-4a87-42bf-8808-e48ff5a8ebc8	5	56603912	58025819	966	0.0115
425ee67e-4a87-42bf-8808-e48ff5a8ebc8	5	58030200	58037706	32	1.4859
425ee67e-4a87-42bf-8808-e48ff5a8ebc8	5	58042530	86815939	16938	0.0042
425ee67e-4a87-42bf-8808-e48ff5a8ebc8	5	86819561	86825812	4	-1.2541
425ee67e-4a87-42bf-8808-e48ff5a8ebc8	5	86826950	99186797	6800	0.0036
425ee67e-4a87-42bf-8808-e48ff5a8ebc8	5	99186837	100746666	884	0.065
425ee67e-4a87-42bf-8808-e48ff5a8ebc8	5	100747127	140839137	25402	0.0048
425ee67e-4a87-42bf-8808-e48ff5a8ebc8	5	140844251	140864171	12	-1.7722
425ee67e-4a87-42bf-8808-e48ff5a8ebc8	5	140872578	152134610	7534	0.0004
425ee67e-4a87-42bf-8808-e48ff5a8ebc8	5	152135825	152138790	14	-0.6914
425ee67e-4a87-42bf-8808-e48ff5a8ebc8	5	152140710	180947484	19261	-0.0011
425ee67e-4a87-42bf-8808-e48ff5a8ebc8	5	180947523	180990911	19	0.599
425ee67e-4a87-42bf-8808-e48ff5a8ebc8	5	180991103	181363319	171	0.0383
425ee67e-4a87-42bf-8808-e48ff5a8ebc8	6	149661	328357	138	0.0137
425ee67e-4a87-42bf-8808-e48ff5a8ebc8	6	329869	380821	63	0.248
425ee67e-4a87-42bf-8808-e48ff5a8ebc8	6	381149	3718647	2709	0.016
425ee67e-4a87-42bf-8808-e48ff5a8ebc8	6	3719310	3722425	2	-1.265
425ee67e-4a87-42bf-8808-e48ff5a8ebc8	6	3723887	29869411	18731	0.0039
425ee67e-4a87-42bf-8808-e48ff5a8ebc8	6	29869537	29881490	14	-0.9389
425ee67e-4a87-42bf-8808-e48ff5a8ebc8	6	29882419	32510338	1182	0.0264
425ee67e-4a87-42bf-8808-e48ff5a8ebc8	6	32515192	32602269	21	-0.5049
425ee67e-4a87-42bf-8808-e48ff5a8ebc8	6	32602588	32633540	20	0.2139
425ee67e-4a87-42bf-8808-e48ff5a8ebc8	6	32634330	32658841	13	-1.013
425ee67e-4a87-42bf-8808-e48ff5a8ebc8	6	32682835	73882509	24080	0.0034
425ee67e-4a87-42bf-8808-e48ff5a8ebc8	6	73882741	73891694	9	-2.3807
425ee67e-4a87-42bf-8808-e48ff5a8ebc8	6	73893839	76726815	1766	0.0008
425ee67e-4a87-42bf-8808-e48ff5a8ebc8	6	76730151	76742924	18	-0.3868
425ee67e-4a87-42bf-8808-e48ff5a8ebc8	6	76742956	78232201	956	0.0173
425ee67e-4a87-42bf-8808-e48ff5a8ebc8	6	78232849	78325457	134	0.2538
425ee67e-4a87-42bf-8808-e48ff5a8ebc8	6	78325468	94271489	10209	0.004
425ee67e-4a87-42bf-8808-e48ff5a8ebc8	6	94274172	95697143	648	0.0798
425ee67e-4a87-42bf-8808-e48ff5a8ebc8	6	95698933	103286954	4610	-0.0043
425ee67e-4a87-42bf-8808-e48ff5a8ebc8	6	103290101	103314186	46	-1.1522
425ee67e-4a87-42bf-8808-e48ff5a8ebc8	6	103317795	170741917	44140	0.0031
425ee67e-4a87-42bf-8808-e48ff5a8ebc8	7	43355	8200973	4567	-0.0029
425ee67e-4a87-42bf-8808-e48ff5a8ebc8	7	8201046	10766481	2029	0.0528
425ee67e-4a87-42bf-8808-e48ff5a8ebc8	7	10768058	11880724	968	0.0101
425ee67e-4a87-42bf-8808-e48ff5a8ebc8	7	11881247	11881793	4	-0.9451
425ee67e-4a87-42bf-8808-e48ff5a8ebc8	7	11884626	16556132	3756	0.014
425ee67e-4a87-42bf-8808-e48ff5a8ebc8	7	16557026	16557233	3	-1.4209
425ee67e-4a87-42bf-8808-e48ff5a8ebc8	7	16557815	23995508	5804	0.0127
425ee67e-4a87-42bf-8808-e48ff5a8ebc8	7	24000259	24000764	2	1.3016
425ee67e-4a87-42bf-8808-e48ff5a8ebc8	7	24001198	54305455	21334	0.0088
425ee67e-4a87-42bf-8808-e48ff5a8ebc8	7	54318812	54318824	6	1.3719
425ee67e-4a87-42bf-8808-e48ff5a8ebc8	7	54325795	65796311	3259	0.0213
425ee67e-4a87-42bf-8808-e48ff5a8ebc8	7	65799537	65818881	10	0.5354
425ee67e-4a87-42bf-8808-e48ff5a8ebc8	7	65827971	88548580	12610	0.0068
425ee67e-4a87-42bf-8808-e48ff5a8ebc8	7	88548621	90231463	1130	0.0598
425ee67e-4a87-42bf-8808-e48ff5a8ebc8	7	90233684	91578827	952	0.0001
425ee67e-4a87-42bf-8808-e48ff5a8ebc8	7	91589569	91589817	3	-1.3381
425ee67e-4a87-42bf-8808-e48ff5a8ebc8	7	91595717	134100442	25223	0.0028
425ee67e-4a87-42bf-8808-e48ff5a8ebc8	7	134100458	134110912	24	0.4196
425ee67e-4a87-42bf-8808-e48ff5a8ebc8	7	134110951	142062894	5200	0.0046
425ee67e-4a87-42bf-8808-e48ff5a8ebc8	7	142063324	142092307	35	-0.5789
425ee67e-4a87-42bf-8808-e48ff5a8ebc8	7	142099190	144173329	1197	0.0175
425ee67e-4a87-42bf-8808-e48ff5a8ebc8	7	144173412	144352208	19	0.5399
425ee67e-4a87-42bf-8808-e48ff5a8ebc8	7	144377836	153450553	5550	0.0064
425ee67e-4a87-42bf-8808-e48ff5a8ebc8	7	153450560	153450627	2	-1.9373
425ee67e-4a87-42bf-8808-e48ff5a8ebc8	7	153450630	154595415	849	0.0269
425ee67e-4a87-42bf-8808-e48ff5a8ebc8	7	154598185	154612302	10	0.541
425ee67e-4a87-42bf-8808-e48ff5a8ebc8	7	154612449	155671335	910	0.0108
425ee67e-4a87-42bf-8808-e48ff5a8ebc8	7	155673169	155674244	2	1.3167
425ee67e-4a87-42bf-8808-e48ff5a8ebc8	7	155676942	159334314	2317	0.0089
425ee67e-4a87-42bf-8808-e48ff5a8ebc8	8	81254	3705121	3012	0.019
425ee67e-4a87-42bf-8808-e48ff5a8ebc8	8	3705203	6300670	3800	0.0585
425ee67e-4a87-42bf-8808-e48ff5a8ebc8	8	6300739	25117985	14648	0.0045
425ee67e-4a87-42bf-8808-e48ff5a8ebc8	8	25118055	25126554	17	0.7024
425ee67e-4a87-42bf-8808-e48ff5a8ebc8	8	25126626	25711561	445	0.012
425ee67e-4a87-42bf-8808-e48ff5a8ebc8	8	25712387	25730126	8	0.5829
425ee67e-4a87-42bf-8808-e48ff5a8ebc8	8	25736760	39389156	8568	0.0063
425ee67e-4a87-42bf-8808-e48ff5a8ebc8	8	39389592	39527675	56	-0.2568
425ee67e-4a87-42bf-8808-e48ff5a8ebc8	8	39529446	145072769	64912	0.0039
425ee67e-4a87-42bf-8808-e48ff5a8ebc8	9	46587	9764344	9277	0.0119
425ee67e-4a87-42bf-8808-e48ff5a8ebc8	9	9767971	11336040	1459	0.0555
425ee67e-4a87-42bf-8808-e48ff5a8ebc8	9	11339109	11339618	2	1.258
425ee67e-4a87-42bf-8808-e48ff5a8ebc8	9	11340085	12522511	924	0.0574
425ee67e-4a87-42bf-8808-e48ff5a8ebc8	9	12522617	23361807	8754	-0.0029
425ee67e-4a87-42bf-8808-e48ff5a8ebc8	9	23363117	23373486	8	0.7567
425ee67e-4a87-42bf-8808-e48ff5a8ebc8	9	23378490	39588611	10745	0.0116
425ee67e-4a87-42bf-8808-e48ff5a8ebc8	9	39747848	39840169	5	0.9924
425ee67e-4a87-42bf-8808-e48ff5a8ebc8	9	40018947	61405110	193	-0.0038
425ee67e-4a87-42bf-8808-e48ff5a8ebc8	9	61520021	61647899	30	-1.3211
425ee67e-4a87-42bf-8808-e48ff5a8ebc8	9	61665362	66103744	135	0.0149
425ee67e-4a87-42bf-8808-e48ff5a8ebc8	9	66146735	67720642	25	0.3336
425ee67e-4a87-42bf-8808-e48ff5a8ebc8	9	67759000	103804216	24815	0.0009
425ee67e-4a87-42bf-8808-e48ff5a8ebc8	9	103806415	103807009	2	-2.6526
425ee67e-4a87-42bf-8808-e48ff5a8ebc8	9	103808421	138200944	23096	0.0008
425ee67e-4a87-42bf-8808-e48ff5a8ebc8	10	45792	24086334	19188	0.0082
425ee67e-4a87-42bf-8808-e48ff5a8ebc8	10	24088745	24089125	11	0.8511
425ee67e-4a87-42bf-8808-e48ff5a8ebc8	10	24089979	33671910	6838	0.0064
425ee67e-4a87-42bf-8808-e48ff5a8ebc8	10	33674094	33674225	2	-2.2144
425ee67e-4a87-42bf-8808-e48ff5a8ebc8	10	33677193	55679461	11472	0.0126
425ee67e-4a87-42bf-8808-e48ff5a8ebc8	10	55679475	55927510	210	0.142
425ee67e-4a87-42bf-8808-e48ff5a8ebc8	10	55927515	65546321	6679	0.0094
425ee67e-4a87-42bf-8808-e48ff5a8ebc8	10	65546400	65554672	29	0.4606
425ee67e-4a87-42bf-8808-e48ff5a8ebc8	10	65554688	82124522	10808	0.0057
425ee67e-4a87-42bf-8808-e48ff5a8ebc8	10	82124904	82129864	6	-1.1227
425ee67e-4a87-42bf-8808-e48ff5a8ebc8	10	82133571	133654968	35398	0.001
425ee67e-4a87-42bf-8808-e48ff5a8ebc8	11	198510	4949013	2418	0.0025
425ee67e-4a87-42bf-8808-e48ff5a8ebc8	11	4949047	4955042	28	0.5755
425ee67e-4a87-42bf-8808-e48ff5a8ebc8	11	4955781	5762693	781	0.0319
425ee67e-4a87-42bf-8808-e48ff5a8ebc8	11	5766175	5787909	33	0.4534
425ee67e-4a87-42bf-8808-e48ff5a8ebc8	11	5788108	6086560	240	0.0149
425ee67e-4a87-42bf-8808-e48ff5a8ebc8	11	6087039	6101273	9	-0.7993
425ee67e-4a87-42bf-8808-e48ff5a8ebc8	11	6102658	37002015	22531	0.0046
425ee67e-4a87-42bf-8808-e48ff5a8ebc8	11	37002361	37192517	196	0.125
425ee67e-4a87-42bf-8808-e48ff5a8ebc8	11	37194589	54952548	7985	0.0064
425ee67e-4a87-42bf-8808-e48ff5a8ebc8	11	54953347	55712483	316	0.1142
425ee67e-4a87-42bf-8808-e48ff5a8ebc8	11	55713287	80256469	13226	0.0015
425ee67e-4a87-42bf-8808-e48ff5a8ebc8	11	80256504	80256520	2	-2.2619
425ee67e-4a87-42bf-8808-e48ff5a8ebc8	11	80256642	89817056	6598	0.0089
425ee67e-4a87-42bf-8808-e48ff5a8ebc8	11	89834373	89878176	3	0.8989
425ee67e-4a87-42bf-8808-e48ff5a8ebc8	11	89903029	95034387	3555	0.0079
425ee67e-4a87-42bf-8808-e48ff5a8ebc8	11	95041147	95042656	2	-1.2797
425ee67e-4a87-42bf-8808-e48ff5a8ebc8	11	95044099	101723653	5129	0.003
425ee67e-4a87-42bf-8808-e48ff5a8ebc8	11	101727129	101727233	4	1.1873
425ee67e-4a87-42bf-8808-e48ff5a8ebc8	11	101727481	135074876	23721	0.0039
425ee67e-4a87-42bf-8808-e48ff5a8ebc8	12	51460	11359558	7376	0.0105
425ee67e-4a87-42bf-8808-e48ff5a8ebc8	12	11359597	11390472	27	-0.6046
425ee67e-4a87-42bf-8808-e48ff5a8ebc8	12	11399258	17802670	4480	0.0008
425ee67e-4a87-42bf-8808-e48ff5a8ebc8	12	17809250	17822585	18	0.3752
425ee67e-4a87-42bf-8808-e48ff5a8ebc8	12	17830318	32406244	10383	0.0027
425ee67e-4a87-42bf-8808-e48ff5a8ebc8	12	32410998	32411326	2	-1.3524
425ee67e-4a87-42bf-8808-e48ff5a8ebc8	12	32413873	33141726	485	0.005
425ee67e-4a87-42bf-8808-e48ff5a8ebc8	12	33148472	33154440	27	0.4569
425ee67e-4a87-42bf-8808-e48ff5a8ebc8	12	33155426	45506042	5590	0.0195
425ee67e-4a87-42bf-8808-e48ff5a8ebc8	12	45510655	45515754	4	-1.2003
425ee67e-4a87-42bf-8808-e48ff5a8ebc8	12	45519509	90089573	27220	0.001
425ee67e-4a87-42bf-8808-e48ff5a8ebc8	12	90097892	90098297	7	-1.4199
425ee67e-4a87-42bf-8808-e48ff5a8ebc8	12	90099780	127712365	25202	0.0014
425ee67e-4a87-42bf-8808-e48ff5a8ebc8	12	127716415	128180091	385	0.0929
425ee67e-4a87-42bf-8808-e48ff5a8ebc8	12	128185418	133201603	3606	0.0078
425ee67e-4a87-42bf-8808-e48ff5a8ebc8	13	18452809	31957984	9564	0.0102
425ee67e-4a87-42bf-8808-e48ff5a8ebc8	13	31958485	31964286	18	-0.8415
425ee67e-4a87-42bf-8808-e48ff5a8ebc8	13	31965910	37495907	3896	0.0012
425ee67e-4a87-42bf-8808-e48ff5a8ebc8	13	37496233	37514237	20	0.4815
425ee67e-4a87-42bf-8808-e48ff5a8ebc8	13	37514250	37533420	39	0.1869
425ee67e-4a87-42bf-8808-e48ff5a8ebc8	13	37533691	38478674	658	-0.0073
425ee67e-4a87-42bf-8808-e48ff5a8ebc8	13	38483435	38483919	2	-1.5416
425ee67e-4a87-42bf-8808-e48ff5a8ebc8	13	38490920	57139102	11812	0.0062
425ee67e-4a87-42bf-8808-e48ff5a8ebc8	13	57139232	57204246	43	-0.4083
425ee67e-4a87-42bf-8808-e48ff5a8ebc8	13	57215580	62232848	3019	0.0059
425ee67e-4a87-42bf-8808-e48ff5a8ebc8	13	62235141	62235349	3	-1.0562
425ee67e-4a87-42bf-8808-e48ff5a8ebc8	13	62243960	71902850	5956	0.0236
425ee67e-4a87-42bf-8808-e48ff5a8ebc8	13	71903417	71906418	4	-1.7052
425ee67e-4a87-42bf-8808-e48ff5a8ebc8	13	71906467	105196850	22566	0.0055
425ee67e-4a87-42bf-8808-e48ff5a8ebc8	13	105203861	105623837	327	0.1011
425ee67e-4a87-42bf-8808-e48ff5a8ebc8	13	105624530	114342922	6182	0.0065
425ee67e-4a87-42bf-8808-e48ff5a8ebc8	14	18239283	19294457	46	-0.0058
425ee67e-4a87-42bf-8808-e48ff5a8ebc8	14	19294475	19298389	2	1.46
425ee67e-4a87-42bf-8808-e48ff5a8ebc8	14	19326853	19992225	141	0.1407
425ee67e-4a87-42bf-8808-e48ff5a8ebc8	14	19992283	21821426	1215	0.0124
425ee67e-4a87-42bf-8808-e48ff5a8ebc8	14	21822612	22214029	366	0.0967
425ee67e-4a87-42bf-8808-e48ff5a8ebc8	14	22214070	39954341	11157	0.0033
425ee67e-4a87-42bf-8808-e48ff5a8ebc8	14	39959504	40139724	105	0.0863
425ee67e-4a87-42bf-8808-e48ff5a8ebc8	14	40144718	40147715	2	-2.6196
425ee67e-4a87-42bf-8808-e48ff5a8ebc8	14	40148961	42496576	1575	0.0157
425ee67e-4a87-42bf-8808-e48ff5a8ebc8	14	42496594	44437053	1139	0.0562
425ee67e-4a87-42bf-8808-e48ff5a8ebc8	14	44437323	65594500	13510	0.0013
425ee67e-4a87-42bf-8808-e48ff5a8ebc8	14	65600370	65602335	2	-1.1984
425ee67e-4a87-42bf-8808-e48ff5a8ebc8	14	65602888	73534419	4966	-0.003
425ee67e-4a87-42bf-8808-e48ff5a8ebc8	14	73540003	73554275	8	0.8387
425ee67e-4a87-42bf-8808-e48ff5a8ebc8	14	73563196	106416146	20905	0.0037
425ee67e-4a87-42bf-8808-e48ff5a8ebc8	14	106418444	106462169	48	-0.4468
425ee67e-4a87-42bf-8808-e48ff5a8ebc8	14	106462183	106877229	196	0.0335
425ee67e-4a87-42bf-8808-e48ff5a8ebc8	15	19811075	20062609	53	0.042
425ee67e-4a87-42bf-8808-e48ff5a8ebc8	15	20064520	20190276	3	-0.9984
425ee67e-4a87-42bf-8808-e48ff5a8ebc8	15	20206125	20217125	6	0.1449
425ee67e-4a87-42bf-8808-e48ff5a8ebc8	15	20235285	20289044	9	-0.0538
425ee67e-4a87-42bf-8808-e48ff5a8ebc8	15	20305901	20364698	6	0.7085
425ee67e-4a87-42bf-8808-e48ff5a8ebc8	15	20367363	20376202	16	0.0279
425ee67e-4a87-42bf-8808-e48ff5a8ebc8	15	20376309	20384907	15	-0.6534
425ee67e-4a87-42bf-8808-e48ff5a8ebc8	15	20385137	23746379	651	-0.003
425ee67e-4a87-42bf-8808-e48ff5a8ebc8	15	23749749	23750701	2	-1.5334
425ee67e-4a87-42bf-8808-e48ff5a8ebc8	15	23751052	32565281	5181	0.0173
425ee67e-4a87-42bf-8808-e48ff5a8ebc8	15	32567657	32584783	3	1.1423
425ee67e-4a87-42bf-8808-e48ff5a8ebc8	15	32610782	83874498	32396	0.0007
425ee67e-4a87-42bf-8808-e48ff5a8ebc8	15	83874650	83878795	5	-0.9081
425ee67e-4a87-42bf-8808-e48ff5a8ebc8	15	83879115	87274811	2246	0.0002
425ee67e-4a87-42bf-8808-e48ff5a8ebc8	15	87275644	87327270	41	-0.9801
425ee67e-4a87-42bf-8808-e48ff5a8ebc8	15	87327502	101928837	10907	0.0062
425ee67e-4a87-42bf-8808-e48ff5a8ebc8	16	10777	21503753	14385	0.011
425ee67e-4a87-42bf-8808-e48ff5a8ebc8	16	21503767	21586954	25	0.3237
425ee67e-4a87-42bf-8808-e48ff5a8ebc8	16	21588178	21934737	110	0.6111
425ee67e-4a87-42bf-8808-e48ff5a8ebc8	16	21935215	55761136	12399	0.0015
425ee67e-4a87-42bf-8808-e48ff5a8ebc8	16	55762477	55782734	18	-0.6163
425ee67e-4a87-42bf-8808-e48ff5a8ebc8	16	55782793	90096867	24899	0.0037
425ee67e-4a87-42bf-8808-e48ff5a8ebc8	17	150733	28452035	13670	0.0069
425ee67e-4a87-42bf-8808-e48ff5a8ebc8	17	28454323	28455301	2	-1.4517
425ee67e-4a87-42bf-8808-e48ff5a8ebc8	17	28462253	41251639	7136	0.0046
425ee67e-4a87-42bf-8808-e48ff5a8ebc8	17	41251729	41274279	30	0.3801
425ee67e-4a87-42bf-8808-e48ff5a8ebc8	17	41276472	46124088	2527	0.0141
425ee67e-4a87-42bf-8808-e48ff5a8ebc8	17	46127007	46234104	80	-0.3536
425ee67e-4a87-42bf-8808-e48ff5a8ebc8	17	46234520	52226644	3130	-0.0073
425ee67e-4a87-42bf-8808-e48ff5a8ebc8	17	52226959	53246963	695	0.0599
425ee67e-4a87-42bf-8808-e48ff5a8ebc8	17	53248545	54075259	548	0.0127
425ee67e-4a87-42bf-8808-e48ff5a8ebc8	17	54076604	54081432	4	0.8863
425ee67e-4a87-42bf-8808-e48ff5a8ebc8	17	54081714	83091923	17199	0.0061
425ee67e-4a87-42bf-8808-e48ff5a8ebc8	18	48133	40678763	22777	0.0068
425ee67e-4a87-42bf-8808-e48ff5a8ebc8	18	40680456	40680506	4	-0.7532
425ee67e-4a87-42bf-8808-e48ff5a8ebc8	18	40680516	40685425	15	-1.992
425ee67e-4a87-42bf-8808-e48ff5a8ebc8	18	40688060	60594566	13687	0.0014
425ee67e-4a87-42bf-8808-e48ff5a8ebc8	18	60597221	60645984	27	0.6825
425ee67e-4a87-42bf-8808-e48ff5a8ebc8	18	60646262	68334330	5414	0.0162
425ee67e-4a87-42bf-8808-e48ff5a8ebc8	18	68334351	68334366	2	-1.4156
425ee67e-4a87-42bf-8808-e48ff5a8ebc8	18	68334451	71320343	2154	0.0102
425ee67e-4a87-42bf-8808-e48ff5a8ebc8	18	71332295	73660659	1845	0.0761
425ee67e-4a87-42bf-8808-e48ff5a8ebc8	18	73663389	80257174	4794	0.0137
425ee67e-4a87-42bf-8808-e48ff5a8ebc8	19	90910	19615959	8456	-0.0018
425ee67e-4a87-42bf-8808-e48ff5a8ebc8	19	19617022	21052243	814	0.0661
425ee67e-4a87-42bf-8808-e48ff5a8ebc8	19	21055801	21632117	334	-0.0004
425ee67e-4a87-42bf-8808-e48ff5a8ebc8	19	21632838	21637067	2	-1.4359
425ee67e-4a87-42bf-8808-e48ff5a8ebc8	19	21637309	37850859	8325	0.0056
425ee67e-4a87-42bf-8808-e48ff5a8ebc8	19	37853484	37853577	2	-1.9679
425ee67e-4a87-42bf-8808-e48ff5a8ebc8	19	37855094	55771003	9327	0.0036
425ee67e-4a87-42bf-8808-e48ff5a8ebc8	19	55771169	55771701	3	-2.9002
425ee67e-4a87-42bf-8808-e48ff5a8ebc8	19	55774927	58586487	1838	0.012
425ee67e-4a87-42bf-8808-e48ff5a8ebc8	20	80664	1580934	1205	0.0143
425ee67e-4a87-42bf-8808-e48ff5a8ebc8	20	1581021	1613247	40	-0.4568
425ee67e-4a87-42bf-8808-e48ff5a8ebc8	20	1617300	64324800	41108	0.002
425ee67e-4a87-42bf-8808-e48ff5a8ebc8	21	10354168	10589439	62	0.0689
425ee67e-4a87-42bf-8808-e48ff5a8ebc8	21	10590289	10646516	21	-0.2872
425ee67e-4a87-42bf-8808-e48ff5a8ebc8	21	10682775	10756733	3	-1.4381
425ee67e-4a87-42bf-8808-e48ff5a8ebc8	21	10775586	22400736	6290	0.009
425ee67e-4a87-42bf-8808-e48ff5a8ebc8	21	22401996	23827364	1129	0.0594
425ee67e-4a87-42bf-8808-e48ff5a8ebc8	21	23828538	46677045	16339	0.0056
425ee67e-4a87-42bf-8808-e48ff5a8ebc8	22	15294547	23987520	4393	0.0076
425ee67e-4a87-42bf-8808-e48ff5a8ebc8	22	23988078	23990739	4	-1.4453
425ee67e-4a87-42bf-8808-e48ff5a8ebc8	22	23995113	37346951	10021	-0.0025
425ee67e-4a87-42bf-8808-e48ff5a8ebc8	22	37352689	37353906	4	-0.8367
425ee67e-4a87-42bf-8808-e48ff5a8ebc8	22	37354627	42501276	2722	0.0027
425ee67e-4a87-42bf-8808-e48ff5a8ebc8	22	42503434	42538456	21	0.4628
425ee67e-4a87-42bf-8808-e48ff5a8ebc8	22	42546956	50796027	6098	0.0032
425ee67e-4a87-42bf-8808-e48ff5a8ebc8	X	251810	95014610	48868	0.001
425ee67e-4a87-42bf-8808-e48ff5a8ebc8	X	95015575	95015584	2	-2.8687
425ee67e-4a87-42bf-8808-e48ff5a8ebc8	X	95015628	109449822	7562	0.002
425ee67e-4a87-42bf-8808-e48ff5a8ebc8	X	109450167	109450409	2	-2.233
425ee67e-4a87-42bf-8808-e48ff5a8ebc8	X	109450419	155952689	27085	-0.0009
425ee67e-4a87-42bf-8808-e48ff5a8ebc8	Y	2782397	56872112	6640	-0.9447
