Sample	Chromosome	Start	End	Num_Probes	Segment_Mean
CHESS_p_TCGAb_112_347_367_NSP_GenomeWideSNP_6_D09_1438714	1	61735	16149915	8408	0.0176
CHESS_p_TCGAb_112_347_367_NSP_GenomeWideSNP_6_D09_1438714	1	16153497	16154201	7	-2.2025
CHESS_p_TCGAb_112_347_367_NSP_GenomeWideSNP_6_D09_1438714	1	16154239	22683405	4071	0.0104
CHESS_p_TCGAb_112_347_367_NSP_GenomeWideSNP_6_D09_1438714	1	22684755	23664263	591	1.4362
CHESS_p_TCGAb_112_347_367_NSP_GenomeWideSNP_6_D09_1438714	1	23664979	25600322	1084	-0.0028
CHESS_p_TCGAb_112_347_367_NSP_GenomeWideSNP_6_D09_1438714	1	25601859	25662212	25	-0.4006
CHESS_p_TCGAb_112_347_367_NSP_GenomeWideSNP_6_D09_1438714	1	25663310	72759509	28833	0.0059
CHESS_p_TCGAb_112_347_367_NSP_GenomeWideSNP_6_D09_1438714	1	72759524	72811904	53	0.312
CHESS_p_TCGAb_112_347_367_NSP_GenomeWideSNP_6_D09_1438714	1	72812440	152555767	33735	-0.0145
CHESS_p_TCGAb_112_347_367_NSP_GenomeWideSNP_6_D09_1438714	1	152555795	152586238	29	-1.2493
CHESS_p_TCGAb_112_347_367_NSP_GenomeWideSNP_6_D09_1438714	1	152586278	152590565	6	-0.3611
CHESS_p_TCGAb_112_347_367_NSP_GenomeWideSNP_6_D09_1438714	1	152590663	196731035	29742	-0.0115
CHESS_p_TCGAb_112_347_367_NSP_GenomeWideSNP_6_D09_1438714	1	196731610	196758149	36	-0.6703
CHESS_p_TCGAb_112_347_367_NSP_GenomeWideSNP_6_D09_1438714	1	196758159	249224388	35988	-0.0071
CHESS_p_TCGAb_112_347_367_NSP_GenomeWideSNP_6_D09_1438714	2	12784	14706056	11049	0.1241
CHESS_p_TCGAb_112_347_367_NSP_GenomeWideSNP_6_D09_1438714	2	14706269	14710092	10	-0.8934
CHESS_p_TCGAb_112_347_367_NSP_GenomeWideSNP_6_D09_1438714	2	14710364	34691069	13043	0.1251
CHESS_p_TCGAb_112_347_367_NSP_GenomeWideSNP_6_D09_1438714	2	34699315	34737057	46	-0.4251
CHESS_p_TCGAb_112_347_367_NSP_GenomeWideSNP_6_D09_1438714	2	34737163	52754881	13050	0.1192
CHESS_p_TCGAb_112_347_367_NSP_GenomeWideSNP_6_D09_1438714	2	52758753	52781542	33	-0.4178
CHESS_p_TCGAb_112_347_367_NSP_GenomeWideSNP_6_D09_1438714	2	52787949	98118212	24077	0.1177
CHESS_p_TCGAb_112_347_367_NSP_GenomeWideSNP_6_D09_1438714	2	98140747	98162189	9	-1.3258
CHESS_p_TCGAb_112_347_367_NSP_GenomeWideSNP_6_D09_1438714	2	98166878	130793856	19924	0.1164
CHESS_p_TCGAb_112_347_367_NSP_GenomeWideSNP_6_D09_1438714	2	130793883	130874488	16	-0.5096
CHESS_p_TCGAb_112_347_367_NSP_GenomeWideSNP_6_D09_1438714	2	130874876	134745702	2028	0.13
CHESS_p_TCGAb_112_347_367_NSP_GenomeWideSNP_6_D09_1438714	2	134746715	134748757	3	-1.0225
CHESS_p_TCGAb_112_347_367_NSP_GenomeWideSNP_6_D09_1438714	2	134755229	134912243	114	0.1058
CHESS_p_TCGAb_112_347_367_NSP_GenomeWideSNP_6_D09_1438714	2	134912262	134912471	2	-1.538
CHESS_p_TCGAb_112_347_367_NSP_GenomeWideSNP_6_D09_1438714	2	134912940	146864429	7441	0.1066
CHESS_p_TCGAb_112_347_367_NSP_GenomeWideSNP_6_D09_1438714	2	146864443	146866934	22	1.0693
CHESS_p_TCGAb_112_347_367_NSP_GenomeWideSNP_6_D09_1438714	2	146877806	151030802	2261	0.1151
CHESS_p_TCGAb_112_347_367_NSP_GenomeWideSNP_6_D09_1438714	2	151031451	151037732	5	-1.0036
CHESS_p_TCGAb_112_347_367_NSP_GenomeWideSNP_6_D09_1438714	2	151039208	210745855	36224	0.1136
CHESS_p_TCGAb_112_347_367_NSP_GenomeWideSNP_6_D09_1438714	2	210745918	210749030	2	1.7206
CHESS_p_TCGAb_112_347_367_NSP_GenomeWideSNP_6_D09_1438714	2	210751704	213181322	1558	0.1105
CHESS_p_TCGAb_112_347_367_NSP_GenomeWideSNP_6_D09_1438714	2	213186549	213191812	24	-0.8193
CHESS_p_TCGAb_112_347_367_NSP_GenomeWideSNP_6_D09_1438714	2	213191825	215521474	1485	0.1086
CHESS_p_TCGAb_112_347_367_NSP_GenomeWideSNP_6_D09_1438714	2	215521816	215521967	2	1.6227
CHESS_p_TCGAb_112_347_367_NSP_GenomeWideSNP_6_D09_1438714	2	215522383	236260855	13477	0.1215
CHESS_p_TCGAb_112_347_367_NSP_GenomeWideSNP_6_D09_1438714	2	236261524	236307495	35	0.6521
CHESS_p_TCGAb_112_347_367_NSP_GenomeWideSNP_6_D09_1438714	2	236310230	238397372	1427	0.1345
CHESS_p_TCGAb_112_347_367_NSP_GenomeWideSNP_6_D09_1438714	2	238398165	238398268	3	1.6273
CHESS_p_TCGAb_112_347_367_NSP_GenomeWideSNP_6_D09_1438714	2	238398508	243089456	2635	0.1219
CHESS_p_TCGAb_112_347_367_NSP_GenomeWideSNP_6_D09_1438714	3	60345	6317359	5577	-0.0125
CHESS_p_TCGAb_112_347_367_NSP_GenomeWideSNP_6_D09_1438714	3	6319263	6335472	19	0.5535
CHESS_p_TCGAb_112_347_367_NSP_GenomeWideSNP_6_D09_1438714	3	6338436	6646543	244	-0.0496
CHESS_p_TCGAb_112_347_367_NSP_GenomeWideSNP_6_D09_1438714	3	6651128	6653222	21	-0.6709
CHESS_p_TCGAb_112_347_367_NSP_GenomeWideSNP_6_D09_1438714	3	6653244	68746259	41974	-0.0082
CHESS_p_TCGAb_112_347_367_NSP_GenomeWideSNP_6_D09_1438714	3	68746284	68746729	4	-1.1498
CHESS_p_TCGAb_112_347_367_NSP_GenomeWideSNP_6_D09_1438714	3	68746745	75568549	4943	-0.0129
CHESS_p_TCGAb_112_347_367_NSP_GenomeWideSNP_6_D09_1438714	3	75572549	75586805	5	0.9106
CHESS_p_TCGAb_112_347_367_NSP_GenomeWideSNP_6_D09_1438714	3	75595181	76408673	331	-0.0269
CHESS_p_TCGAb_112_347_367_NSP_GenomeWideSNP_6_D09_1438714	3	76408811	76409384	5	0.9217
CHESS_p_TCGAb_112_347_367_NSP_GenomeWideSNP_6_D09_1438714	3	76409933	111243510	18062	-0.0285
CHESS_p_TCGAb_112_347_367_NSP_GenomeWideSNP_6_D09_1438714	3	111246405	111246582	2	-3.2689
CHESS_p_TCGAb_112_347_367_NSP_GenomeWideSNP_6_D09_1438714	3	111249315	129775858	11384	-0.004
CHESS_p_TCGAb_112_347_367_NSP_GenomeWideSNP_6_D09_1438714	3	129776676	129792812	30	-0.4005
CHESS_p_TCGAb_112_347_367_NSP_GenomeWideSNP_6_D09_1438714	3	129792824	174945927	27885	-0.0134
CHESS_p_TCGAb_112_347_367_NSP_GenomeWideSNP_6_D09_1438714	3	174945947	174946371	3	1.3521
CHESS_p_TCGAb_112_347_367_NSP_GenomeWideSNP_6_D09_1438714	3	174946455	180510446	3511	0.0137
CHESS_p_TCGAb_112_347_367_NSP_GenomeWideSNP_6_D09_1438714	3	180523754	181606928	546	0.4989
CHESS_p_TCGAb_112_347_367_NSP_GenomeWideSNP_6_D09_1438714	3	181607662	191889237	6877	0.0105
CHESS_p_TCGAb_112_347_367_NSP_GenomeWideSNP_6_D09_1438714	3	191891010	191893896	3	-1.1558
CHESS_p_TCGAb_112_347_367_NSP_GenomeWideSNP_6_D09_1438714	3	191894055	192877902	722	0.0034
CHESS_p_TCGAb_112_347_367_NSP_GenomeWideSNP_6_D09_1438714	3	192877962	192882903	19	-1.3068
CHESS_p_TCGAb_112_347_367_NSP_GenomeWideSNP_6_D09_1438714	3	192886435	195285898	1485	0.0014
CHESS_p_TCGAb_112_347_367_NSP_GenomeWideSNP_6_D09_1438714	3	195383142	195446829	27	-0.7263
CHESS_p_TCGAb_112_347_367_NSP_GenomeWideSNP_6_D09_1438714	3	195446922	197896118	1190	0.0062
CHESS_p_TCGAb_112_347_367_NSP_GenomeWideSNP_6_D09_1438714	4	12281	9451923	5244	-0.045
CHESS_p_TCGAb_112_347_367_NSP_GenomeWideSNP_6_D09_1438714	4	9461230	9464972	3	-1.5313
CHESS_p_TCGAb_112_347_367_NSP_GenomeWideSNP_6_D09_1438714	4	9470734	10390715	756	-0.0428
CHESS_p_TCGAb_112_347_367_NSP_GenomeWideSNP_6_D09_1438714	4	10392354	10400668	16	0.5276
CHESS_p_TCGAb_112_347_367_NSP_GenomeWideSNP_6_D09_1438714	4	10402718	46742649	24375	-0.0715
CHESS_p_TCGAb_112_347_367_NSP_GenomeWideSNP_6_D09_1438714	4	46747094	47331145	327	0.942
CHESS_p_TCGAb_112_347_367_NSP_GenomeWideSNP_6_D09_1438714	4	47336846	49658612	1133	-0.0638
CHESS_p_TCGAb_112_347_367_NSP_GenomeWideSNP_6_D09_1438714	4	52685699	53842714	629	1.052
CHESS_p_TCGAb_112_347_367_NSP_GenomeWideSNP_6_D09_1438714	4	53842914	53892436	44	1.3106
CHESS_p_TCGAb_112_347_367_NSP_GenomeWideSNP_6_D09_1438714	4	53894516	55107618	785	1.733
CHESS_p_TCGAb_112_347_367_NSP_GenomeWideSNP_6_D09_1438714	4	55115703	55115760	6	0.2006
CHESS_p_TCGAb_112_347_367_NSP_GenomeWideSNP_6_D09_1438714	4	55120557	56985944	1398	1.7061
CHESS_p_TCGAb_112_347_367_NSP_GenomeWideSNP_6_D09_1438714	4	56985971	57705970	432	1.2274
CHESS_p_TCGAb_112_347_367_NSP_GenomeWideSNP_6_D09_1438714	4	57705999	57864096	106	1.6589
CHESS_p_TCGAb_112_347_367_NSP_GenomeWideSNP_6_D09_1438714	4	57865815	58182016	254	1.2361
CHESS_p_TCGAb_112_347_367_NSP_GenomeWideSNP_6_D09_1438714	4	58183850	58328388	134	1.6204
CHESS_p_TCGAb_112_347_367_NSP_GenomeWideSNP_6_D09_1438714	4	58328884	59367139	700	1.0236
CHESS_p_TCGAb_112_347_367_NSP_GenomeWideSNP_6_D09_1438714	4	59368559	64705785	3106	-0.0859
CHESS_p_TCGAb_112_347_367_NSP_GenomeWideSNP_6_D09_1438714	4	64707581	64708258	8	-0.9097
CHESS_p_TCGAb_112_347_367_NSP_GenomeWideSNP_6_D09_1438714	4	64716431	69260551	2859	-0.0957
CHESS_p_TCGAb_112_347_367_NSP_GenomeWideSNP_6_D09_1438714	4	69261064	69288142	6	-1.7427
CHESS_p_TCGAb_112_347_367_NSP_GenomeWideSNP_6_D09_1438714	4	69294799	69372003	15	-0.2406
CHESS_p_TCGAb_112_347_367_NSP_GenomeWideSNP_6_D09_1438714	4	69374941	69485979	64	1.0693
CHESS_p_TCGAb_112_347_367_NSP_GenomeWideSNP_6_D09_1438714	4	69489335	115173700	27737	-0.0663
CHESS_p_TCGAb_112_347_367_NSP_GenomeWideSNP_6_D09_1438714	4	115175323	115184252	25	0.6424
CHESS_p_TCGAb_112_347_367_NSP_GenomeWideSNP_6_D09_1438714	4	115184266	155802548	24114	-0.0752
CHESS_p_TCGAb_112_347_367_NSP_GenomeWideSNP_6_D09_1438714	4	155803005	155803078	3	-3.1007
CHESS_p_TCGAb_112_347_367_NSP_GenomeWideSNP_6_D09_1438714	4	155803199	161880141	3921	-0.0818
CHESS_p_TCGAb_112_347_367_NSP_GenomeWideSNP_6_D09_1438714	4	161880197	161884908	18	-0.8868
CHESS_p_TCGAb_112_347_367_NSP_GenomeWideSNP_6_D09_1438714	4	161884919	172369346	6678	-0.0808
CHESS_p_TCGAb_112_347_367_NSP_GenomeWideSNP_6_D09_1438714	4	172374884	172377776	12	-0.7348
CHESS_p_TCGAb_112_347_367_NSP_GenomeWideSNP_6_D09_1438714	4	172380371	173422522	640	-0.1091
CHESS_p_TCGAb_112_347_367_NSP_GenomeWideSNP_6_D09_1438714	4	173424947	173428643	7	1.2083
CHESS_p_TCGAb_112_347_367_NSP_GenomeWideSNP_6_D09_1438714	4	173441132	191027923	11875	-0.0865
CHESS_p_TCGAb_112_347_367_NSP_GenomeWideSNP_6_D09_1438714	5	15532	685748	307	0.1054
CHESS_p_TCGAb_112_347_367_NSP_GenomeWideSNP_6_D09_1438714	5	698371	806336	41	-0.6785
CHESS_p_TCGAb_112_347_367_NSP_GenomeWideSNP_6_D09_1438714	5	809047	12815780	9875	0.0773
CHESS_p_TCGAb_112_347_367_NSP_GenomeWideSNP_6_D09_1438714	5	12815865	12838533	13	0.7875
CHESS_p_TCGAb_112_347_367_NSP_GenomeWideSNP_6_D09_1438714	5	12849201	13032487	67	0.0205
CHESS_p_TCGAb_112_347_367_NSP_GenomeWideSNP_6_D09_1438714	5	13043106	13043231	2	1.5279
CHESS_p_TCGAb_112_347_367_NSP_GenomeWideSNP_6_D09_1438714	5	13079898	21449276	5471	0.0581
CHESS_p_TCGAb_112_347_367_NSP_GenomeWideSNP_6_D09_1438714	5	21451200	21452438	5	-1.8848
CHESS_p_TCGAb_112_347_367_NSP_GenomeWideSNP_6_D09_1438714	5	21452496	58303558	20881	0.0627
CHESS_p_TCGAb_112_347_367_NSP_GenomeWideSNP_6_D09_1438714	5	58303626	58304570	4	-2.208
CHESS_p_TCGAb_112_347_367_NSP_GenomeWideSNP_6_D09_1438714	5	58304705	81418763	13465	0.0783
CHESS_p_TCGAb_112_347_367_NSP_GenomeWideSNP_6_D09_1438714	5	81419278	81427482	3	-3.1475
CHESS_p_TCGAb_112_347_367_NSP_GenomeWideSNP_6_D09_1438714	5	81428038	117386474	22036	0.062
CHESS_p_TCGAb_112_347_367_NSP_GenomeWideSNP_6_D09_1438714	5	117386487	117389085	14	-0.7209
CHESS_p_TCGAb_112_347_367_NSP_GenomeWideSNP_6_D09_1438714	5	117404340	146249101	17715	0.0707
CHESS_p_TCGAb_112_347_367_NSP_GenomeWideSNP_6_D09_1438714	5	146251028	146835535	437	0.5384
CHESS_p_TCGAb_112_347_367_NSP_GenomeWideSNP_6_D09_1438714	5	146842012	155475104	5894	0.0715
CHESS_p_TCGAb_112_347_367_NSP_GenomeWideSNP_6_D09_1438714	5	155475105	155495257	18	-0.423
CHESS_p_TCGAb_112_347_367_NSP_GenomeWideSNP_6_D09_1438714	5	155495259	162858174	4918	0.0563
CHESS_p_TCGAb_112_347_367_NSP_GenomeWideSNP_6_D09_1438714	5	162862184	162862542	2	-2.1598
CHESS_p_TCGAb_112_347_367_NSP_GenomeWideSNP_6_D09_1438714	5	162866548	178109975	10354	0.0602
CHESS_p_TCGAb_112_347_367_NSP_GenomeWideSNP_6_D09_1438714	5	178112261	178113163	2	-1.6085
CHESS_p_TCGAb_112_347_367_NSP_GenomeWideSNP_6_D09_1438714	5	178118855	180374523	1362	0.0791
CHESS_p_TCGAb_112_347_367_NSP_GenomeWideSNP_6_D09_1438714	5	180378710	180418103	19	-0.6018
CHESS_p_TCGAb_112_347_367_NSP_GenomeWideSNP_6_D09_1438714	5	180433225	180790320	171	0.0864
CHESS_p_TCGAb_112_347_367_NSP_GenomeWideSNP_6_D09_1438714	6	149661	29843434	21760	-0.0085
CHESS_p_TCGAb_112_347_367_NSP_GenomeWideSNP_6_D09_1438714	6	29844034	29850196	8	-1.2955
CHESS_p_TCGAb_112_347_367_NSP_GenomeWideSNP_6_D09_1438714	6	29850274	31280823	671	0.0028
CHESS_p_TCGAb_112_347_367_NSP_GenomeWideSNP_6_D09_1438714	6	31286276	31296451	11	-1.6434
CHESS_p_TCGAb_112_347_367_NSP_GenomeWideSNP_6_D09_1438714	6	31309924	32501299	525	-0.0095
CHESS_p_TCGAb_112_347_367_NSP_GenomeWideSNP_6_D09_1438714	6	32508476	32540611	12	0.8017
CHESS_p_TCGAb_112_347_367_NSP_GenomeWideSNP_6_D09_1438714	6	32544309	33082884	349	-0.0205
CHESS_p_TCGAb_112_347_367_NSP_GenomeWideSNP_6_D09_1438714	6	33082898	33083485	2	-1.5194
CHESS_p_TCGAb_112_347_367_NSP_GenomeWideSNP_6_D09_1438714	6	33084671	40364325	4659	0.0037
CHESS_p_TCGAb_112_347_367_NSP_GenomeWideSNP_6_D09_1438714	6	40365601	40368522	5	-0.9562
CHESS_p_TCGAb_112_347_367_NSP_GenomeWideSNP_6_D09_1438714	6	40369293	53931151	8764	-0.0203
CHESS_p_TCGAb_112_347_367_NSP_GenomeWideSNP_6_D09_1438714	6	53931230	53931855	6	-1.4765
CHESS_p_TCGAb_112_347_367_NSP_GenomeWideSNP_6_D09_1438714	6	53935348	70173296	7658	-0.0358
CHESS_p_TCGAb_112_347_367_NSP_GenomeWideSNP_6_D09_1438714	6	70178460	70182136	3	-2.2083
CHESS_p_TCGAb_112_347_367_NSP_GenomeWideSNP_6_D09_1438714	6	70186272	74591858	2857	-0.0167
CHESS_p_TCGAb_112_347_367_NSP_GenomeWideSNP_6_D09_1438714	6	74592225	74597341	9	0.9615
CHESS_p_TCGAb_112_347_367_NSP_GenomeWideSNP_6_D09_1438714	6	74601410	77014948	1471	-0.0186
CHESS_p_TCGAb_112_347_367_NSP_GenomeWideSNP_6_D09_1438714	6	77016900	77016926	3	-1.7149
CHESS_p_TCGAb_112_347_367_NSP_GenomeWideSNP_6_D09_1438714	6	77016993	95969106	12163	-0.0207
CHESS_p_TCGAb_112_347_367_NSP_GenomeWideSNP_6_D09_1438714	6	95969842	95969875	2	-1.9741
CHESS_p_TCGAb_112_347_367_NSP_GenomeWideSNP_6_D09_1438714	6	95978113	163223039	43466	-0.0166
CHESS_p_TCGAb_112_347_367_NSP_GenomeWideSNP_6_D09_1438714	6	163225155	164236296	767	0.4529
CHESS_p_TCGAb_112_347_367_NSP_GenomeWideSNP_6_D09_1438714	6	164237237	171051005	4768	-0.0011
CHESS_p_TCGAb_112_347_367_NSP_GenomeWideSNP_6_D09_1438714	7	43355	5940039	3072	0.4849
CHESS_p_TCGAb_112_347_367_NSP_GenomeWideSNP_6_D09_1438714	7	5948828	5950828	2	-1.5023
CHESS_p_TCGAb_112_347_367_NSP_GenomeWideSNP_6_D09_1438714	7	5956259	24035127	14098	0.4803
CHESS_p_TCGAb_112_347_367_NSP_GenomeWideSNP_6_D09_1438714	7	24039878	24040383	2	-1.9599
CHESS_p_TCGAb_112_347_367_NSP_GenomeWideSNP_6_D09_1438714	7	24040817	26132290	1686	0.4741
CHESS_p_TCGAb_112_347_367_NSP_GenomeWideSNP_6_D09_1438714	7	26142392	26145413	4	-0.5902
CHESS_p_TCGAb_112_347_367_NSP_GenomeWideSNP_6_D09_1438714	7	26147219	53869348	19321	0.4771
CHESS_p_TCGAb_112_347_367_NSP_GenomeWideSNP_6_D09_1438714	7	53869397	54137188	165	0.7334
CHESS_p_TCGAb_112_347_367_NSP_GenomeWideSNP_6_D09_1438714	7	54138193	54185303	43	3.0397
CHESS_p_TCGAb_112_347_367_NSP_GenomeWideSNP_6_D09_1438714	7	54185404	54380196	159	3.4979
CHESS_p_TCGAb_112_347_367_NSP_GenomeWideSNP_6_D09_1438714	7	54380373	54386517	7	0.9764
CHESS_p_TCGAb_112_347_367_NSP_GenomeWideSNP_6_D09_1438714	7	54393488	55100034	536	2.974
CHESS_p_TCGAb_112_347_367_NSP_GenomeWideSNP_6_D09_1438714	7	55102668	55156515	111	1.2223
CHESS_p_TCGAb_112_347_367_NSP_GenomeWideSNP_6_D09_1438714	7	55162305	55165249	15	2.5308
CHESS_p_TCGAb_112_347_367_NSP_GenomeWideSNP_6_D09_1438714	7	55169688	55170331	5	1.0143
CHESS_p_TCGAb_112_347_367_NSP_GenomeWideSNP_6_D09_1438714	7	55171190	55293361	165	2.7959
CHESS_p_TCGAb_112_347_367_NSP_GenomeWideSNP_6_D09_1438714	7	55300905	57007841	798	0.6939
CHESS_p_TCGAb_112_347_367_NSP_GenomeWideSNP_6_D09_1438714	7	57065360	57116468	5	-0.3713
CHESS_p_TCGAb_112_347_367_NSP_GenomeWideSNP_6_D09_1438714	7	57121014	57950504	439	0.6471
CHESS_p_TCGAb_112_347_367_NSP_GenomeWideSNP_6_D09_1438714	7	57950931	58019970	9	0.949
CHESS_p_TCGAb_112_347_367_NSP_GenomeWideSNP_6_D09_1438714	7	58019983	62124074	106	0.3574
CHESS_p_TCGAb_112_347_367_NSP_GenomeWideSNP_6_D09_1438714	7	62156338	62162274	17	-0.2958
CHESS_p_TCGAb_112_347_367_NSP_GenomeWideSNP_6_D09_1438714	7	62181110	74197728	5820	0.3998
CHESS_p_TCGAb_112_347_367_NSP_GenomeWideSNP_6_D09_1438714	7	74208312	74335461	7	-0.2715
CHESS_p_TCGAb_112_347_367_NSP_GenomeWideSNP_6_D09_1438714	7	74335717	109433798	20771	0.4534
CHESS_p_TCGAb_112_347_367_NSP_GenomeWideSNP_6_D09_1438714	7	109437092	109437669	9	-1.0436
CHESS_p_TCGAb_112_347_367_NSP_GenomeWideSNP_6_D09_1438714	7	109437673	109441244	16	-0.1236
CHESS_p_TCGAb_112_347_367_NSP_GenomeWideSNP_6_D09_1438714	7	109441629	109453910	10	-2.1757
CHESS_p_TCGAb_112_347_367_NSP_GenomeWideSNP_6_D09_1438714	7	109453982	120237883	6449	0.4303
CHESS_p_TCGAb_112_347_367_NSP_GenomeWideSNP_6_D09_1438714	7	120238095	120238505	2	-1.0421
CHESS_p_TCGAb_112_347_367_NSP_GenomeWideSNP_6_D09_1438714	7	120241632	126044974	3581	0.4495
CHESS_p_TCGAb_112_347_367_NSP_GenomeWideSNP_6_D09_1438714	7	126045482	126046881	18	-0.2329
CHESS_p_TCGAb_112_347_367_NSP_GenomeWideSNP_6_D09_1438714	7	126052766	138076024	7656	0.4552
CHESS_p_TCGAb_112_347_367_NSP_GenomeWideSNP_6_D09_1438714	7	138079984	138081425	2	1.3906
CHESS_p_TCGAb_112_347_367_NSP_GenomeWideSNP_6_D09_1438714	7	138083884	141763124	2276	0.466
CHESS_p_TCGAb_112_347_367_NSP_GenomeWideSNP_6_D09_1438714	7	141769643	141792107	42	-0.2929
CHESS_p_TCGAb_112_347_367_NSP_GenomeWideSNP_6_D09_1438714	7	141795281	142474939	450	0.509
CHESS_p_TCGAb_112_347_367_NSP_GenomeWideSNP_6_D09_1438714	7	142476719	142486045	27	1.2057
CHESS_p_TCGAb_112_347_367_NSP_GenomeWideSNP_6_D09_1438714	7	142486115	143911624	844	0.4441
CHESS_p_TCGAb_112_347_367_NSP_GenomeWideSNP_6_D09_1438714	7	143917601	143977392	18	0.0123
CHESS_p_TCGAb_112_347_367_NSP_GenomeWideSNP_6_D09_1438714	7	143992530	154389895	6463	0.4461
CHESS_p_TCGAb_112_347_367_NSP_GenomeWideSNP_6_D09_1438714	7	154393171	154399613	4	1.4608
CHESS_p_TCGAb_112_347_367_NSP_GenomeWideSNP_6_D09_1438714	7	154400830	159127004	3244	0.4592
CHESS_p_TCGAb_112_347_367_NSP_GenomeWideSNP_6_D09_1438714	8	31254	7799390	8004	-0.0079
CHESS_p_TCGAb_112_347_367_NSP_GenomeWideSNP_6_D09_1438714	8	7809891	7809906	2	2.3699
CHESS_p_TCGAb_112_347_367_NSP_GenomeWideSNP_6_D09_1438714	8	7826922	12198254	3302	0.0246
CHESS_p_TCGAb_112_347_367_NSP_GenomeWideSNP_6_D09_1438714	8	12216009	12247486	40	-1.5829
CHESS_p_TCGAb_112_347_367_NSP_GenomeWideSNP_6_D09_1438714	8	12260927	24974577	10495	0.0465
CHESS_p_TCGAb_112_347_367_NSP_GenomeWideSNP_6_D09_1438714	8	24975500	24984223	21	-3.0538
CHESS_p_TCGAb_112_347_367_NSP_GenomeWideSNP_6_D09_1438714	8	24984250	40771996	10165	-0.0052
CHESS_p_TCGAb_112_347_367_NSP_GenomeWideSNP_6_D09_1438714	8	40777852	40778471	2	-1.9118
CHESS_p_TCGAb_112_347_367_NSP_GenomeWideSNP_6_D09_1438714	8	40783680	112291494	40959	-0.0204
CHESS_p_TCGAb_112_347_367_NSP_GenomeWideSNP_6_D09_1438714	8	112294279	112295260	9	-2.1122
CHESS_p_TCGAb_112_347_367_NSP_GenomeWideSNP_6_D09_1438714	8	112300281	120152010	4972	-0.0333
CHESS_p_TCGAb_112_347_367_NSP_GenomeWideSNP_6_D09_1438714	8	120154784	120162854	5	-0.9654
CHESS_p_TCGAb_112_347_367_NSP_GenomeWideSNP_6_D09_1438714	8	120163725	120531581	250	0.0082
CHESS_p_TCGAb_112_347_367_NSP_GenomeWideSNP_6_D09_1438714	8	120538722	121542694	624	0.4343
CHESS_p_TCGAb_112_347_367_NSP_GenomeWideSNP_6_D09_1438714	8	121542864	146288431	17076	-0.0022
CHESS_p_TCGAb_112_347_367_NSP_GenomeWideSNP_6_D09_1438714	8	146290273	146298155	7	-0.498
CHESS_p_TCGAb_112_347_367_NSP_GenomeWideSNP_6_D09_1438714	9	46587	24503816	21255	-0.0068
CHESS_p_TCGAb_112_347_367_NSP_GenomeWideSNP_6_D09_1438714	9	24504125	24516124	18	-0.9995
CHESS_p_TCGAb_112_347_367_NSP_GenomeWideSNP_6_D09_1438714	9	24517682	44629223	10183	-0.011
CHESS_p_TCGAb_112_347_367_NSP_GenomeWideSNP_6_D09_1438714	9	44727859	44855737	36	0.4359
CHESS_p_TCGAb_112_347_367_NSP_GenomeWideSNP_6_D09_1438714	9	44866028	45534846	42	-0.1421
CHESS_p_TCGAb_112_347_367_NSP_GenomeWideSNP_6_D09_1438714	9	45534859	45534869	2	-1.911
CHESS_p_TCGAb_112_347_367_NSP_GenomeWideSNP_6_D09_1438714	9	45556354	69492991	240	-0.0054
CHESS_p_TCGAb_112_347_367_NSP_GenomeWideSNP_6_D09_1438714	9	69492996	69519629	9	-1.1716
CHESS_p_TCGAb_112_347_367_NSP_GenomeWideSNP_6_D09_1438714	9	69522698	75803561	3694	-0.0038
CHESS_p_TCGAb_112_347_367_NSP_GenomeWideSNP_6_D09_1438714	9	75803737	75803744	2	1.9025
CHESS_p_TCGAb_112_347_367_NSP_GenomeWideSNP_6_D09_1438714	9	75804262	90522594	10627	-0.0073
CHESS_p_TCGAb_112_347_367_NSP_GenomeWideSNP_6_D09_1438714	9	90554151	90554219	2	-2.0817
CHESS_p_TCGAb_112_347_367_NSP_GenomeWideSNP_6_D09_1438714	9	90557957	119689734	20729	-0.0034
CHESS_p_TCGAb_112_347_367_NSP_GenomeWideSNP_6_D09_1438714	9	119693164	119697979	7	-1.1857
CHESS_p_TCGAb_112_347_367_NSP_GenomeWideSNP_6_D09_1438714	9	119699452	141091394	13032	0.0016
CHESS_p_TCGAb_112_347_367_NSP_GenomeWideSNP_6_D09_1438714	10	72809	17092427	14332	-0.7586
CHESS_p_TCGAb_112_347_367_NSP_GenomeWideSNP_6_D09_1438714	10	17094997	17095773	3	-3.0812
CHESS_p_TCGAb_112_347_367_NSP_GenomeWideSNP_6_D09_1438714	10	17103459	19645073	1663	-0.7617
CHESS_p_TCGAb_112_347_367_NSP_GenomeWideSNP_6_D09_1438714	10	19645152	19645239	2	-2.7165
CHESS_p_TCGAb_112_347_367_NSP_GenomeWideSNP_6_D09_1438714	10	19646107	22037809	1774	-0.744
CHESS_p_TCGAb_112_347_367_NSP_GenomeWideSNP_6_D09_1438714	10	22043407	22099230	19	0.0319
CHESS_p_TCGAb_112_347_367_NSP_GenomeWideSNP_6_D09_1438714	10	22101806	24377674	1398	-0.7555
CHESS_p_TCGAb_112_347_367_NSP_GenomeWideSNP_6_D09_1438714	10	24377675	24378054	10	-1.8978
CHESS_p_TCGAb_112_347_367_NSP_GenomeWideSNP_6_D09_1438714	10	24378908	46691480	12303	-0.7383
CHESS_p_TCGAb_112_347_367_NSP_GenomeWideSNP_6_D09_1438714	10	46917315	46943377	5	-2.8931
CHESS_p_TCGAb_112_347_367_NSP_GenomeWideSNP_6_D09_1438714	10	46946708	47037567	68	-0.7023
CHESS_p_TCGAb_112_347_367_NSP_GenomeWideSNP_6_D09_1438714	10	47041466	47068227	35	-0.139
CHESS_p_TCGAb_112_347_367_NSP_GenomeWideSNP_6_D09_1438714	10	47068243	47094644	18	-0.7941
CHESS_p_TCGAb_112_347_367_NSP_GenomeWideSNP_6_D09_1438714	10	47096230	47099869	4	-4.0899
CHESS_p_TCGAb_112_347_367_NSP_GenomeWideSNP_6_D09_1438714	10	47100656	55070683	4413	-0.7551
CHESS_p_TCGAb_112_347_367_NSP_GenomeWideSNP_6_D09_1438714	10	55074765	55075323	3	-3.4582
CHESS_p_TCGAb_112_347_367_NSP_GenomeWideSNP_6_D09_1438714	10	55075802	68333774	9410	-0.7596
CHESS_p_TCGAb_112_347_367_NSP_GenomeWideSNP_6_D09_1438714	10	68335854	68478775	114	-4.0614
CHESS_p_TCGAb_112_347_367_NSP_GenomeWideSNP_6_D09_1438714	10	68479365	134007189	44680	-0.7378
CHESS_p_TCGAb_112_347_367_NSP_GenomeWideSNP_6_D09_1438714	10	134021870	134026212	4	-6.1625
CHESS_p_TCGAb_112_347_367_NSP_GenomeWideSNP_6_D09_1438714	10	134026258	135506704	618	-0.7269
CHESS_p_TCGAb_112_347_367_NSP_GenomeWideSNP_6_D09_1438714	11	198510	4276133	1804	0.0067
CHESS_p_TCGAb_112_347_367_NSP_GenomeWideSNP_6_D09_1438714	11	4295756	4328172	11	-0.6074
CHESS_p_TCGAb_112_347_367_NSP_GenomeWideSNP_6_D09_1438714	11	4335878	5783923	1488	-0.0038
CHESS_p_TCGAb_112_347_367_NSP_GenomeWideSNP_6_D09_1438714	11	5787405	5809338	34	0.4036
CHESS_p_TCGAb_112_347_367_NSP_GenomeWideSNP_6_D09_1438714	11	5809461	49708375	30523	-0.0086
CHESS_p_TCGAb_112_347_367_NSP_GenomeWideSNP_6_D09_1438714	11	49710861	49757671	19	-0.7278
CHESS_p_TCGAb_112_347_367_NSP_GenomeWideSNP_6_D09_1438714	11	49757767	55363340	758	-0.0197
CHESS_p_TCGAb_112_347_367_NSP_GenomeWideSNP_6_D09_1438714	11	55374032	55442318	48	0.3459
CHESS_p_TCGAb_112_347_367_NSP_GenomeWideSNP_6_D09_1438714	11	55444211	91823650	21362	-0.0093
CHESS_p_TCGAb_112_347_367_NSP_GenomeWideSNP_6_D09_1438714	11	91823651	91823655	5	-1.2277
CHESS_p_TCGAb_112_347_367_NSP_GenomeWideSNP_6_D09_1438714	11	91823997	134944770	31038	-0.0051
CHESS_p_TCGAb_112_347_367_NSP_GenomeWideSNP_6_D09_1438714	12	150442	865970	418	0.0632
CHESS_p_TCGAb_112_347_367_NSP_GenomeWideSNP_6_D09_1438714	12	869109	873504	16	-0.987
CHESS_p_TCGAb_112_347_367_NSP_GenomeWideSNP_6_D09_1438714	12	873944	9633870	5768	-0.0016
CHESS_p_TCGAb_112_347_367_NSP_GenomeWideSNP_6_D09_1438714	12	9637909	9713674	21	-1.9889
CHESS_p_TCGAb_112_347_367_NSP_GenomeWideSNP_6_D09_1438714	12	9714954	33294660	16638	-0.012
CHESS_p_TCGAb_112_347_367_NSP_GenomeWideSNP_6_D09_1438714	12	33301406	33304583	21	-0.4861
CHESS_p_TCGAb_112_347_367_NSP_GenomeWideSNP_6_D09_1438714	12	33306754	57891804	12360	-0.007
CHESS_p_TCGAb_112_347_367_NSP_GenomeWideSNP_6_D09_1438714	12	57900341	58221839	154	2.8462
CHESS_p_TCGAb_112_347_367_NSP_GenomeWideSNP_6_D09_1438714	12	58222672	58350631	74	2.043
CHESS_p_TCGAb_112_347_367_NSP_GenomeWideSNP_6_D09_1438714	12	58357007	58481454	102	2.7637
CHESS_p_TCGAb_112_347_367_NSP_GenomeWideSNP_6_D09_1438714	12	58485233	58501996	15	2.0081
CHESS_p_TCGAb_112_347_367_NSP_GenomeWideSNP_6_D09_1438714	12	58514112	58621806	79	2.7705
CHESS_p_TCGAb_112_347_367_NSP_GenomeWideSNP_6_D09_1438714	12	58626876	133778189	49380	-0.0091
CHESS_p_TCGAb_112_347_367_NSP_GenomeWideSNP_6_D09_1438714	13	19026949	30926429	8421	-0.0164
CHESS_p_TCGAb_112_347_367_NSP_GenomeWideSNP_6_D09_1438714	13	30928289	30928708	2	-2.39
CHESS_p_TCGAb_112_347_367_NSP_GenomeWideSNP_6_D09_1438714	13	30931526	38070370	5131	-0.0134
CHESS_p_TCGAb_112_347_367_NSP_GenomeWideSNP_6_D09_1438714	13	38071135	38084757	17	0.8475
CHESS_p_TCGAb_112_347_367_NSP_GenomeWideSNP_6_D09_1438714	13	38088330	53102099	9910	-0.0149
CHESS_p_TCGAb_112_347_367_NSP_GenomeWideSNP_6_D09_1438714	13	53105785	53117879	2	-2.0588
CHESS_p_TCGAb_112_347_367_NSP_GenomeWideSNP_6_D09_1438714	13	53130473	98527274	28618	-0.0317
CHESS_p_TCGAb_112_347_367_NSP_GenomeWideSNP_6_D09_1438714	13	98530124	98531465	6	-0.951
CHESS_p_TCGAb_112_347_367_NSP_GenomeWideSNP_6_D09_1438714	13	98533830	115108397	12168	-0.0176
CHESS_p_TCGAb_112_347_367_NSP_GenomeWideSNP_6_D09_1438714	14	19002124	19541714	39	-0.0418
CHESS_p_TCGAb_112_347_367_NSP_GenomeWideSNP_6_D09_1438714	14	19557041	20422583	150	-0.3154
CHESS_p_TCGAb_112_347_367_NSP_GenomeWideSNP_6_D09_1438714	14	20423372	35017871	9595	0.0068
CHESS_p_TCGAb_112_347_367_NSP_GenomeWideSNP_6_D09_1438714	14	35020274	35020985	3	-1.5695
CHESS_p_TCGAb_112_347_367_NSP_GenomeWideSNP_6_D09_1438714	14	35027042	41608358	4031	-0.0166
CHESS_p_TCGAb_112_347_367_NSP_GenomeWideSNP_6_D09_1438714	14	41610496	41676696	21	-0.6929
CHESS_p_TCGAb_112_347_367_NSP_GenomeWideSNP_6_D09_1438714	14	41676750	106526966	41281	-0.0056
CHESS_p_TCGAb_112_347_367_NSP_GenomeWideSNP_6_D09_1438714	14	106530364	106567100	18	0.6294
CHESS_p_TCGAb_112_347_367_NSP_GenomeWideSNP_6_D09_1438714	14	106569463	106672572	51	-0.1171
CHESS_p_TCGAb_112_347_367_NSP_GenomeWideSNP_6_D09_1438714	14	106673452	106727469	23	0.278
CHESS_p_TCGAb_112_347_367_NSP_GenomeWideSNP_6_D09_1438714	14	106728162	106783044	28	-0.0491
CHESS_p_TCGAb_112_347_367_NSP_GenomeWideSNP_6_D09_1438714	14	106796025	106828137	15	0.5248
CHESS_p_TCGAb_112_347_367_NSP_GenomeWideSNP_6_D09_1438714	14	106834576	106879831	26	-0.0118
CHESS_p_TCGAb_112_347_367_NSP_GenomeWideSNP_6_D09_1438714	14	106881352	106918649	51	-0.6933
CHESS_p_TCGAb_112_347_367_NSP_GenomeWideSNP_6_D09_1438714	14	106922531	107285437	223	-0.0334
CHESS_p_TCGAb_112_347_367_NSP_GenomeWideSNP_6_D09_1438714	15	20016328	22363231	334	0.265
CHESS_p_TCGAb_112_347_367_NSP_GenomeWideSNP_6_D09_1438714	15	22373070	22383201	7	-2.5638
CHESS_p_TCGAb_112_347_367_NSP_GenomeWideSNP_6_D09_1438714	15	22385001	22681250	84	0.3577
CHESS_p_TCGAb_112_347_367_NSP_GenomeWideSNP_6_D09_1438714	15	22751094	25766717	1718	0.0263
CHESS_p_TCGAb_112_347_367_NSP_GenomeWideSNP_6_D09_1438714	15	25774319	25813472	46	0.5958
CHESS_p_TCGAb_112_347_367_NSP_GenomeWideSNP_6_D09_1438714	15	25813908	26449872	557	1.3164
CHESS_p_TCGAb_112_347_367_NSP_GenomeWideSNP_6_D09_1438714	15	26454583	26560192	58	0.6223
CHESS_p_TCGAb_112_347_367_NSP_GenomeWideSNP_6_D09_1438714	15	26562152	26563156	2	1.4326
CHESS_p_TCGAb_112_347_367_NSP_GenomeWideSNP_6_D09_1438714	15	26563588	30821758	2399	0.0072
CHESS_p_TCGAb_112_347_367_NSP_GenomeWideSNP_6_D09_1438714	15	30887956	30900878	2	-1.5741
CHESS_p_TCGAb_112_347_367_NSP_GenomeWideSNP_6_D09_1438714	15	30913587	93140317	39797	0.003
CHESS_p_TCGAb_112_347_367_NSP_GenomeWideSNP_6_D09_1438714	15	93140340	93143873	3	1.4563
CHESS_p_TCGAb_112_347_367_NSP_GenomeWideSNP_6_D09_1438714	15	93146609	97808409	3582	-0.0068
CHESS_p_TCGAb_112_347_367_NSP_GenomeWideSNP_6_D09_1438714	15	97817792	97832187	11	-0.861
CHESS_p_TCGAb_112_347_367_NSP_GenomeWideSNP_6_D09_1438714	15	97833649	102469040	3430	0.0017
CHESS_p_TCGAb_112_347_367_NSP_GenomeWideSNP_6_D09_1438714	16	60777	21412403	14451	-0.006
CHESS_p_TCGAb_112_347_367_NSP_GenomeWideSNP_6_D09_1438714	16	21515074	21593634	24	-0.8922
CHESS_p_TCGAb_112_347_367_NSP_GenomeWideSNP_6_D09_1438714	16	21596313	22557932	365	-0.0077
CHESS_p_TCGAb_112_347_367_NSP_GenomeWideSNP_6_D09_1438714	16	22558311	22710742	69	-0.9155
CHESS_p_TCGAb_112_347_367_NSP_GenomeWideSNP_6_D09_1438714	16	22712979	29272604	4222	-0.0088
CHESS_p_TCGAb_112_347_367_NSP_GenomeWideSNP_6_D09_1438714	16	29276794	29281055	5	-1.3318
CHESS_p_TCGAb_112_347_367_NSP_GenomeWideSNP_6_D09_1438714	16	29281765	75533671	20018	0.0077
CHESS_p_TCGAb_112_347_367_NSP_GenomeWideSNP_6_D09_1438714	16	75534290	75575998	24	0.4378
CHESS_p_TCGAb_112_347_367_NSP_GenomeWideSNP_6_D09_1438714	16	75580117	78371608	2565	-0.004
CHESS_p_TCGAb_112_347_367_NSP_GenomeWideSNP_6_D09_1438714	16	78372440	78384765	17	-2.8588
CHESS_p_TCGAb_112_347_367_NSP_GenomeWideSNP_6_D09_1438714	16	78385001	90287535	10636	0.0234
CHESS_p_TCGAb_112_347_367_NSP_GenomeWideSNP_6_D09_1438714	17	526	16654301	10505	0.039
CHESS_p_TCGAb_112_347_367_NSP_GenomeWideSNP_6_D09_1438714	17	16657331	16738160	12	0.7555
CHESS_p_TCGAb_112_347_367_NSP_GenomeWideSNP_6_D09_1438714	17	16740270	18319862	921	0.0953
CHESS_p_TCGAb_112_347_367_NSP_GenomeWideSNP_6_D09_1438714	17	18355392	18465221	29	-1.677
CHESS_p_TCGAb_112_347_367_NSP_GenomeWideSNP_6_D09_1438714	17	18469197	33676506	6462	0.0921
CHESS_p_TCGAb_112_347_367_NSP_GenomeWideSNP_6_D09_1438714	17	33682510	33758578	39	-0.9042
CHESS_p_TCGAb_112_347_367_NSP_GenomeWideSNP_6_D09_1438714	17	33766218	39423014	2994	0.0896
CHESS_p_TCGAb_112_347_367_NSP_GenomeWideSNP_6_D09_1438714	17	39423026	39433082	28	-0.498
CHESS_p_TCGAb_112_347_367_NSP_GenomeWideSNP_6_D09_1438714	17	39433116	41432265	1105	0.0833
CHESS_p_TCGAb_112_347_367_NSP_GenomeWideSNP_6_D09_1438714	17	41438590	41439921	3	-4.4296
CHESS_p_TCGAb_112_347_367_NSP_GenomeWideSNP_6_D09_1438714	17	41443704	44177107	1409	0.1049
CHESS_p_TCGAb_112_347_367_NSP_GenomeWideSNP_6_D09_1438714	17	44177458	44364170	113	0.6354
CHESS_p_TCGAb_112_347_367_NSP_GenomeWideSNP_6_D09_1438714	17	44394412	55686012	7054	0.0849
CHESS_p_TCGAb_112_347_367_NSP_GenomeWideSNP_6_D09_1438714	17	55687489	55688993	3	-1.0167
CHESS_p_TCGAb_112_347_367_NSP_GenomeWideSNP_6_D09_1438714	17	55691993	81049726	14592	0.0975
CHESS_p_TCGAb_112_347_367_NSP_GenomeWideSNP_6_D09_1438714	18	11543	63721579	40353	-0.0058
CHESS_p_TCGAb_112_347_367_NSP_GenomeWideSNP_6_D09_1438714	18	63727492	63728340	12	-1.6185
CHESS_p_TCGAb_112_347_367_NSP_GenomeWideSNP_6_D09_1438714	18	63732738	65603769	1318	-0.0261
CHESS_p_TCGAb_112_347_367_NSP_GenomeWideSNP_6_D09_1438714	18	65605709	65618598	12	-1.397
CHESS_p_TCGAb_112_347_367_NSP_GenomeWideSNP_6_D09_1438714	18	65619133	78015057	9101	-0.0091
CHESS_p_TCGAb_112_347_367_NSP_GenomeWideSNP_6_D09_1438714	19	90910	1310136	280	-0.02
CHESS_p_TCGAb_112_347_367_NSP_GenomeWideSNP_6_D09_1438714	19	1317803	1318009	3	1.2547
CHESS_p_TCGAb_112_347_367_NSP_GenomeWideSNP_6_D09_1438714	19	1319332	1949703	149	-0.0564
CHESS_p_TCGAb_112_347_367_NSP_GenomeWideSNP_6_D09_1438714	19	1961474	2109157	35	0.4515
CHESS_p_TCGAb_112_347_367_NSP_GenomeWideSNP_6_D09_1438714	19	2113944	53518514	25435	-0.0047
CHESS_p_TCGAb_112_347_367_NSP_GenomeWideSNP_6_D09_1438714	19	53518747	53552229	22	0.8549
CHESS_p_TCGAb_112_347_367_NSP_GenomeWideSNP_6_D09_1438714	19	53554240	54722275	783	-0.005
CHESS_p_TCGAb_112_347_367_NSP_GenomeWideSNP_6_D09_1438714	19	54730202	54741319	17	-0.6402
CHESS_p_TCGAb_112_347_367_NSP_GenomeWideSNP_6_D09_1438714	19	54753340	55252385	282	-0.0089
CHESS_p_TCGAb_112_347_367_NSP_GenomeWideSNP_6_D09_1438714	19	55283843	55379656	52	-0.5074
CHESS_p_TCGAb_112_347_367_NSP_GenomeWideSNP_6_D09_1438714	19	55383051	57667963	1434	0.0035
CHESS_p_TCGAb_112_347_367_NSP_GenomeWideSNP_6_D09_1438714	19	57671699	57671992	2	-1.3491
CHESS_p_TCGAb_112_347_367_NSP_GenomeWideSNP_6_D09_1438714	19	57672314	59097854	843	0.0042
CHESS_p_TCGAb_112_347_367_NSP_GenomeWideSNP_6_D09_1438714	20	61305	1560999	1206	0.0139
CHESS_p_TCGAb_112_347_367_NSP_GenomeWideSNP_6_D09_1438714	20	1561580	1582092	35	1.4566
CHESS_p_TCGAb_112_347_367_NSP_GenomeWideSNP_6_D09_1438714	20	1582207	62956153	41234	0.0052
CHESS_p_TCGAb_112_347_367_NSP_GenomeWideSNP_6_D09_1438714	21	10736871	21059294	4505	0.239
CHESS_p_TCGAb_112_347_367_NSP_GenomeWideSNP_6_D09_1438714	21	21062375	25293109	3240	-0.033
CHESS_p_TCGAb_112_347_367_NSP_GenomeWideSNP_6_D09_1438714	21	25296170	25299689	4	-1.2767
CHESS_p_TCGAb_112_347_367_NSP_GenomeWideSNP_6_D09_1438714	21	25299758	44968053	14882	-0.0013
CHESS_p_TCGAb_112_347_367_NSP_GenomeWideSNP_6_D09_1438714	21	44970873	44972812	2	-2.8871
CHESS_p_TCGAb_112_347_367_NSP_GenomeWideSNP_6_D09_1438714	21	44973667	48096957	1765	-0.0088
CHESS_p_TCGAb_112_347_367_NSP_GenomeWideSNP_6_D09_1438714	22	16052528	37742992	14689	0.0155
CHESS_p_TCGAb_112_347_367_NSP_GenomeWideSNP_6_D09_1438714	22	37748729	37749946	4	-1.2539
CHESS_p_TCGAb_112_347_367_NSP_GenomeWideSNP_6_D09_1438714	22	37750667	51234455	8857	0.0111
CHESS_p_TCGAb_112_347_367_NSP_GenomeWideSNP_6_D09_1438714	X	168477	30295607	18456	0.0012
CHESS_p_TCGAb_112_347_367_NSP_GenomeWideSNP_6_D09_1438714	X	30295917	30311877	30	-0.5471
CHESS_p_TCGAb_112_347_367_NSP_GenomeWideSNP_6_D09_1438714	X	30313021	43015523	7823	-0.0103
CHESS_p_TCGAb_112_347_367_NSP_GenomeWideSNP_6_D09_1438714	X	43015753	43016298	2	-3.4891
CHESS_p_TCGAb_112_347_367_NSP_GenomeWideSNP_6_D09_1438714	X	43017461	55701259	5695	0.0421
CHESS_p_TCGAb_112_347_367_NSP_GenomeWideSNP_6_D09_1438714	X	55702659	55707556	3	-2.3539
CHESS_p_TCGAb_112_347_367_NSP_GenomeWideSNP_6_D09_1438714	X	55707686	87747348	13864	0.005
CHESS_p_TCGAb_112_347_367_NSP_GenomeWideSNP_6_D09_1438714	X	87747379	87748677	2	-2.585
CHESS_p_TCGAb_112_347_367_NSP_GenomeWideSNP_6_D09_1438714	X	87750435	90971702	1389	-0.0112
CHESS_p_TCGAb_112_347_367_NSP_GenomeWideSNP_6_D09_1438714	X	90971740	90971771	2	-2.0474
CHESS_p_TCGAb_112_347_367_NSP_GenomeWideSNP_6_D09_1438714	X	90971889	115137955	12910	-0.016
CHESS_p_TCGAb_112_347_367_NSP_GenomeWideSNP_6_D09_1438714	X	115138403	115150638	6	-2.336
CHESS_p_TCGAb_112_347_367_NSP_GenomeWideSNP_6_D09_1438714	X	115156419	121061279	3531	-0.0076
CHESS_p_TCGAb_112_347_367_NSP_GenomeWideSNP_6_D09_1438714	X	121061538	121065156	3	1.4491
CHESS_p_TCGAb_112_347_367_NSP_GenomeWideSNP_6_D09_1438714	X	121070058	121613622	317	-0.001
CHESS_p_TCGAb_112_347_367_NSP_GenomeWideSNP_6_D09_1438714	X	121617188	121625963	9	1.1315
CHESS_p_TCGAb_112_347_367_NSP_GenomeWideSNP_6_D09_1438714	X	121633508	140783054	10855	-0.0096
CHESS_p_TCGAb_112_347_367_NSP_GenomeWideSNP_6_D09_1438714	X	140788744	141009585	143	0.8232
CHESS_p_TCGAb_112_347_367_NSP_GenomeWideSNP_6_D09_1438714	X	141009653	143710811	1871	-0.0132
CHESS_p_TCGAb_112_347_367_NSP_GenomeWideSNP_6_D09_1438714	X	143715837	143716559	2	-2.4457
CHESS_p_TCGAb_112_347_367_NSP_GenomeWideSNP_6_D09_1438714	X	143717435	151505909	5230	0
CHESS_p_TCGAb_112_347_367_NSP_GenomeWideSNP_6_D09_1438714	X	151510998	151516625	3	-1.9279
CHESS_p_TCGAb_112_347_367_NSP_GenomeWideSNP_6_D09_1438714	X	151517317	155182354	1575	0.0196
CHESS_p_TCGAb_112_347_367_NSP_GenomeWideSNP_6_D09_1438714	Y	2650438	7454037	1454	-0.7181
CHESS_p_TCGAb_112_347_367_NSP_GenomeWideSNP_6_D09_1438714	Y	7454617	7472116	16	-1.3925
CHESS_p_TCGAb_112_347_367_NSP_GenomeWideSNP_6_D09_1438714	Y	7472222	21933779	5240	-0.6989
CHESS_p_TCGAb_112_347_367_NSP_GenomeWideSNP_6_D09_1438714	Y	21934093	21934308	2	1.5156
CHESS_p_TCGAb_112_347_367_NSP_GenomeWideSNP_6_D09_1438714	Y	21938072	24070184	756	-0.6983
CHESS_p_TCGAb_112_347_367_NSP_GenomeWideSNP_6_D09_1438714	Y	24107787	24177818	3	-2.4412
CHESS_p_TCGAb_112_347_367_NSP_GenomeWideSNP_6_D09_1438714	Y	24215015	24761042	187	-0.7026
CHESS_p_TCGAb_112_347_367_NSP_GenomeWideSNP_6_D09_1438714	Y	24783791	24979518	25	-2.0625
CHESS_p_TCGAb_112_347_367_NSP_GenomeWideSNP_6_D09_1438714	Y	24985389	25733001	61	-0.1537
CHESS_p_TCGAb_112_347_367_NSP_GenomeWideSNP_6_D09_1438714	Y	25746752	26526478	265	-0.703
CHESS_p_TCGAb_112_347_367_NSP_GenomeWideSNP_6_D09_1438714	Y	26598702	26812798	39	-1.219
CHESS_p_TCGAb_112_347_367_NSP_GenomeWideSNP_6_D09_1438714	Y	26816597	28344517	355	-0.7237
CHESS_p_TCGAb_112_347_367_NSP_GenomeWideSNP_6_D09_1438714	Y	28353043	28457337	47	-0.1606
CHESS_p_TCGAb_112_347_367_NSP_GenomeWideSNP_6_D09_1438714	Y	28458648	59018259	174	-0.7017
