GDC_Aliquot	Chromosome	Start	End	Num_Probes	Segment_Mean
0c7a682a-95be-4d2a-be53-4bf630afb552	1	62920	462795	18	-0.2259
0c7a682a-95be-4d2a-be53-4bf630afb552	1	462894	12792599	6442	-0.6424
0c7a682a-95be-4d2a-be53-4bf630afb552	1	12797714	12797904	2	-7.5123
0c7a682a-95be-4d2a-be53-4bf630afb552	1	12799143	12799250	2	-2.4342
0c7a682a-95be-4d2a-be53-4bf630afb552	1	12799264	12807830	15	-1.3453
0c7a682a-95be-4d2a-be53-4bf630afb552	1	12813243	16609512	2131	-0.6409
0c7a682a-95be-4d2a-be53-4bf630afb552	1	16617118	16766922	37	-1.3831
0c7a682a-95be-4d2a-be53-4bf630afb552	1	16767520	16863509	13	-0.889
0c7a682a-95be-4d2a-be53-4bf630afb552	1	16864367	16918718	26	-0.2331
0c7a682a-95be-4d2a-be53-4bf630afb552	1	16919035	16919676	3	-1.5872
0c7a682a-95be-4d2a-be53-4bf630afb552	1	16920587	16934753	19	-0.1925
0c7a682a-95be-4d2a-be53-4bf630afb552	1	16934768	17160769	155	-0.6768
0c7a682a-95be-4d2a-be53-4bf630afb552	1	17161456	17162371	3	-3.1153
0c7a682a-95be-4d2a-be53-4bf630afb552	1	17163888	20567472	2401	-0.6623
0c7a682a-95be-4d2a-be53-4bf630afb552	1	20567957	53261514	17817	-0.6206
0c7a682a-95be-4d2a-be53-4bf630afb552	1	53265677	72284670	13541	-0.6596
0c7a682a-95be-4d2a-be53-4bf630afb552	1	72290430	72297687	9	-3.5214
0c7a682a-95be-4d2a-be53-4bf630afb552	1	72302735	72345465	48	0.7909
0c7a682a-95be-4d2a-be53-4bf630afb552	1	72346221	109684893	23551	-0.6537
0c7a682a-95be-4d2a-be53-4bf630afb552	1	109690352	109697556	12	1.5051
0c7a682a-95be-4d2a-be53-4bf630afb552	1	109702376	121598439	7114	-0.6427
0c7a682a-95be-4d2a-be53-4bf630afb552	1	121601998	152437990	2315	0.0945
0c7a682a-95be-4d2a-be53-4bf630afb552	1	152440790	152440885	2	-1.8828
0c7a682a-95be-4d2a-be53-4bf630afb552	1	152441223	152583230	124	0.0697
0c7a682a-95be-4d2a-be53-4bf630afb552	1	152583291	152613802	31	1.1589
0c7a682a-95be-4d2a-be53-4bf630afb552	1	152614064	194479104	28198	0.0708
0c7a682a-95be-4d2a-be53-4bf630afb552	1	194482281	194485888	2	-2.3149
0c7a682a-95be-4d2a-be53-4bf630afb552	1	194487886	196758720	1451	0.0759
0c7a682a-95be-4d2a-be53-4bf630afb552	1	196761905	196780691	26	-0.7062
0c7a682a-95be-4d2a-be53-4bf630afb552	1	196780705	196829534	24	-0.2353
0c7a682a-95be-4d2a-be53-4bf630afb552	1	196829693	196832720	7	-1.0794
0c7a682a-95be-4d2a-be53-4bf630afb552	1	196843377	248930189	35781	0.0681
0c7a682a-95be-4d2a-be53-4bf630afb552	2	12784	34295406	23974	0.0654
0c7a682a-95be-4d2a-be53-4bf630afb552	2	34298911	34300513	2	-2.5077
0c7a682a-95be-4d2a-be53-4bf630afb552	2	34300900	34466002	95	0.059
0c7a682a-95be-4d2a-be53-4bf630afb552	2	34474248	34511990	46	-2.2238
0c7a682a-95be-4d2a-be53-4bf630afb552	2	34512096	35750907	872	0.0693
0c7a682a-95be-4d2a-be53-4bf630afb552	2	35752724	35762881	7	-1.8924
0c7a682a-95be-4d2a-be53-4bf630afb552	2	35772407	52537675	12138	0.0674
0c7a682a-95be-4d2a-be53-4bf630afb552	2	52538254	52554404	20	-0.4733
0c7a682a-95be-4d2a-be53-4bf630afb552	2	52560811	71901651	12759	0.0666
0c7a682a-95be-4d2a-be53-4bf630afb552	2	71902742	71904645	2	-2.2539
0c7a682a-95be-4d2a-be53-4bf630afb552	2	71905262	87117615	9230	0.0736
0c7a682a-95be-4d2a-be53-4bf630afb552	2	87134049	87835245	118	-0.4751
0c7a682a-95be-4d2a-be53-4bf630afb552	2	87853065	112543660	10387	0.0666
0c7a682a-95be-4d2a-be53-4bf630afb552	2	112544825	112549844	2	-1.9238
0c7a682a-95be-4d2a-be53-4bf630afb552	2	112550573	128880504	10298	0.062
0c7a682a-95be-4d2a-be53-4bf630afb552	2	128880904	128881662	13	-0.8885
0c7a682a-95be-4d2a-be53-4bf630afb552	2	128882723	183220725	33268	0.0583
0c7a682a-95be-4d2a-be53-4bf630afb552	2	183221060	183223386	7	-1.2494
0c7a682a-95be-4d2a-be53-4bf630afb552	2	183224417	237488729	33569	0.0624
0c7a682a-95be-4d2a-be53-4bf630afb552	2	237489522	237489625	3	1.6839
0c7a682a-95be-4d2a-be53-4bf630afb552	2	237489865	242147305	2617	0.0707
0c7a682a-95be-4d2a-be53-4bf630afb552	3	20930	68697013	47738	0.0689
0c7a682a-95be-4d2a-be53-4bf630afb552	3	68697108	68698262	14	3.0271
0c7a682a-95be-4d2a-be53-4bf630afb552	3	68699607	75519398	4923	0.0597
0c7a682a-95be-4d2a-be53-4bf630afb552	3	75523398	75537654	5	-1.8899
0c7a682a-95be-4d2a-be53-4bf630afb552	3	75546030	85196034	5323	0.0628
0c7a682a-95be-4d2a-be53-4bf630afb552	3	85197958	85198244	2	-1.8585
0c7a682a-95be-4d2a-be53-4bf630afb552	3	85199327	130044855	24372	0.0673
0c7a682a-95be-4d2a-be53-4bf630afb552	3	130047743	130087393	37	0.6287
0c7a682a-95be-4d2a-be53-4bf630afb552	3	130088081	162790480	20247	0.0634
0c7a682a-95be-4d2a-be53-4bf630afb552	3	162794869	162908207	70	0.7557
0c7a682a-95be-4d2a-be53-4bf630afb552	3	162908784	193160256	19152	0.0615
0c7a682a-95be-4d2a-be53-4bf630afb552	3	193160406	193165114	17	1.0842
0c7a682a-95be-4d2a-be53-4bf630afb552	3	193168646	195557541	1480	0.0471
0c7a682a-95be-4d2a-be53-4bf630afb552	3	195558822	195747892	46	0.4308
0c7a682a-95be-4d2a-be53-4bf630afb552	3	195751823	198169247	1161	0.061
0c7a682a-95be-4d2a-be53-4bf630afb552	4	68929	9450197	5153	0.0735
0c7a682a-95be-4d2a-be53-4bf630afb552	4	9459504	9469529	4	-1.3744
0c7a682a-95be-4d2a-be53-4bf630afb552	4	9477560	25556469	11767	0.063
0c7a682a-95be-4d2a-be53-4bf630afb552	4	25557677	25571497	13	0.6389
0c7a682a-95be-4d2a-be53-4bf630afb552	4	25572251	29314452	2463	0.0649
0c7a682a-95be-4d2a-be53-4bf630afb552	4	29316617	29316627	2	-2.1342
0c7a682a-95be-4d2a-be53-4bf630afb552	4	29316643	34777432	3287	0.0763
0c7a682a-95be-4d2a-be53-4bf630afb552	4	34784878	34828250	39	-0.7623
0c7a682a-95be-4d2a-be53-4bf630afb552	4	34828291	61071220	15043	0.0636
0c7a682a-95be-4d2a-be53-4bf630afb552	4	61075217	61076234	2	-2.6428
0c7a682a-95be-4d2a-be53-4bf630afb552	4	61079968	68395346	4381	0.0664
0c7a682a-95be-4d2a-be53-4bf630afb552	4	68416487	68422424	5	-1.6672
0c7a682a-95be-4d2a-be53-4bf630afb552	4	68429081	68506285	12	0.2593
0c7a682a-95be-4d2a-be53-4bf630afb552	4	68509223	68655691	68	1.1984
0c7a682a-95be-4d2a-be53-4bf630afb552	4	68663241	114252544	27676	0.0604
0c7a682a-95be-4d2a-be53-4bf630afb552	4	114254167	114261019	23	-1.7296
0c7a682a-95be-4d2a-be53-4bf630afb552	4	114263073	137171085	13232	0.0646
0c7a682a-95be-4d2a-be53-4bf630afb552	4	137171266	137172260	13	-0.7615
0c7a682a-95be-4d2a-be53-4bf630afb552	4	137173804	160959560	14707	0.0621
0c7a682a-95be-4d2a-be53-4bf630afb552	4	160959660	160959754	2	-1.9336
0c7a682a-95be-4d2a-be53-4bf630afb552	4	160959950	171448195	6675	0.0667
0c7a682a-95be-4d2a-be53-4bf630afb552	4	171453733	171456293	8	0.9754
0c7a682a-95be-4d2a-be53-4bf630afb552	4	171456307	190106768	12476	0.0614
0c7a682a-95be-4d2a-be53-4bf630afb552	5	15532	12785139	10179	0.0629
0c7a682a-95be-4d2a-be53-4bf630afb552	5	12785150	12838421	19	0.6316
0c7a682a-95be-4d2a-be53-4bf630afb552	5	12849089	21451091	5506	0.0668
0c7a682a-95be-4d2a-be53-4bf630afb552	5	21451168	21452329	4	-2.5391
0c7a682a-95be-4d2a-be53-4bf630afb552	5	21452387	104515520	46867	0.0655
0c7a682a-95be-4d2a-be53-4bf630afb552	5	104524672	104524847	3	1.9871
0c7a682a-95be-4d2a-be53-4bf630afb552	5	104524903	140839137	23191	0.0634
0c7a682a-95be-4d2a-be53-4bf630afb552	5	140844251	140864171	11	-0.8555
0c7a682a-95be-4d2a-be53-4bf630afb552	5	140872578	177724103	25008	0.0643
0c7a682a-95be-4d2a-be53-4bf630afb552	5	177730398	177833329	11	-0.8214
0c7a682a-95be-4d2a-be53-4bf630afb552	5	177838979	181363319	1981	0.0713
0c7a682a-95be-4d2a-be53-4bf630afb552	6	149661	3853672	3020	0.058
0c7a682a-95be-4d2a-be53-4bf630afb552	6	3853805	3853932	2	-2.6032
0c7a682a-95be-4d2a-be53-4bf630afb552	6	3854972	54066353	33569	0.0726
0c7a682a-95be-4d2a-be53-4bf630afb552	6	54066432	54067057	6	-1.6607
0c7a682a-95be-4d2a-be53-4bf630afb552	6	54070550	73882142	10381	0.0665
0c7a682a-95be-4d2a-be53-4bf630afb552	6	73882509	73887625	9	1.1765
0c7a682a-95be-4d2a-be53-4bf630afb552	6	73891694	76305231	1472	0.0699
0c7a682a-95be-4d2a-be53-4bf630afb552	6	76307183	76307360	8	-0.8446
0c7a682a-95be-4d2a-be53-4bf630afb552	6	76312261	76726815	290	0.0367
0c7a682a-95be-4d2a-be53-4bf630afb552	6	76730151	76742665	15	-4.2495
0c7a682a-95be-4d2a-be53-4bf630afb552	6	76742675	76743040	6	-1.8694
0c7a682a-95be-4d2a-be53-4bf630afb552	6	76751356	78252576	970	0.0716
0c7a682a-95be-4d2a-be53-4bf630afb552	6	78252864	78332092	121	0.2826
0c7a682a-95be-4d2a-be53-4bf630afb552	6	78336049	83985025	3545	0.058
0c7a682a-95be-4d2a-be53-4bf630afb552	6	83985977	83986173	2	-1.6743
0c7a682a-95be-4d2a-be53-4bf630afb552	6	83986225	170741917	56085	0.066
0c7a682a-95be-4d2a-be53-4bf630afb552	7	43355	34643269	24771	0.0691
0c7a682a-95be-4d2a-be53-4bf630afb552	7	34644518	34644877	2	-2.1853
0c7a682a-95be-4d2a-be53-4bf630afb552	7	34647638	65502854	16866	0.0666
0c7a682a-95be-4d2a-be53-4bf630afb552	7	65539561	65560736	3	-3.2077
0c7a682a-95be-4d2a-be53-4bf630afb552	7	65561579	70955452	2925	0.0548
0c7a682a-95be-4d2a-be53-4bf630afb552	7	70958264	70961155	2	-3.2327
0c7a682a-95be-4d2a-be53-4bf630afb552	7	70963257	126404920	32350	0.0689
0c7a682a-95be-4d2a-be53-4bf630afb552	7	126405428	126406822	13	-1.1907
0c7a682a-95be-4d2a-be53-4bf630afb552	7	126406823	128459984	1379	0.0645
0c7a682a-95be-4d2a-be53-4bf630afb552	7	128464233	128464805	2	1.5039
0c7a682a-95be-4d2a-be53-4bf630afb552	7	128467291	134100424	3316	0.0747
0c7a682a-95be-4d2a-be53-4bf630afb552	7	134100442	134113790	32	-1.8049
0c7a682a-95be-4d2a-be53-4bf630afb552	7	134113805	150603779	10281	0.0748
0c7a682a-95be-4d2a-be53-4bf630afb552	7	150603856	150610834	3	-2.2721
0c7a682a-95be-4d2a-be53-4bf630afb552	7	150612196	159334314	5799	0.0721
0c7a682a-95be-4d2a-be53-4bf630afb552	8	81254	7155402	7715	0.0681
0c7a682a-95be-4d2a-be53-4bf630afb552	8	7167045	7185818	6	-1.4139
0c7a682a-95be-4d2a-be53-4bf630afb552	8	7296545	7514723	38	-0.2968
0c7a682a-95be-4d2a-be53-4bf630afb552	8	7534105	7941868	16	-0.9832
0c7a682a-95be-4d2a-be53-4bf630afb552	8	7974123	12092042	3232	0.0748
0c7a682a-95be-4d2a-be53-4bf630afb552	8	12130217	12177488	8	-0.7749
0c7a682a-95be-4d2a-be53-4bf630afb552	8	12323772	18141008	5154	0.0653
0c7a682a-95be-4d2a-be53-4bf630afb552	8	18141068	18141379	3	-1.5131
0c7a682a-95be-4d2a-be53-4bf630afb552	8	18143457	50119451	18955	0.0683
0c7a682a-95be-4d2a-be53-4bf630afb552	8	50119464	50119827	7	-2.0684
0c7a682a-95be-4d2a-be53-4bf630afb552	8	50120863	71300130	13301	0.0689
0c7a682a-95be-4d2a-be53-4bf630afb552	8	71303076	71304364	8	-2.3731
0c7a682a-95be-4d2a-be53-4bf630afb552	8	71307628	111279265	24081	0.0596
0c7a682a-95be-4d2a-be53-4bf630afb552	8	111282050	111283031	9	-1.818
0c7a682a-95be-4d2a-be53-4bf630afb552	8	111288052	129492612	12133	0.0658
0c7a682a-95be-4d2a-be53-4bf630afb552	8	129493626	129494076	2	-2.0828
0c7a682a-95be-4d2a-be53-4bf630afb552	8	129499025	145072769	10765	0.0667
0c7a682a-95be-4d2a-be53-4bf630afb552	9	46587	61405110	31344	0.0693
0c7a682a-95be-4d2a-be53-4bf630afb552	9	61520021	61647899	30	0.6725
0c7a682a-95be-4d2a-be53-4bf630afb552	9	61665362	80391758	8948	0.0619
0c7a682a-95be-4d2a-be53-4bf630afb552	9	80394843	80400503	2	-2.2023
0c7a682a-95be-4d2a-be53-4bf630afb552	9	80403305	138200944	39090	0.0747
0c7a682a-95be-4d2a-be53-4bf630afb552	10	45792	3039760	2483	0.077
0c7a682a-95be-4d2a-be53-4bf630afb552	10	3040440	3041457	2	-1.9247
0c7a682a-95be-4d2a-be53-4bf630afb552	10	3041576	6991766	3561	0.0747
0c7a682a-95be-4d2a-be53-4bf630afb552	10	6994111	6994987	4	-1.2758
0c7a682a-95be-4d2a-be53-4bf630afb552	10	6995482	24086334	13128	0.0728
0c7a682a-95be-4d2a-be53-4bf630afb552	10	24088745	24089125	11	-2.3784
0c7a682a-95be-4d2a-be53-4bf630afb552	10	24089979	26934974	1984	0.0604
0c7a682a-95be-4d2a-be53-4bf630afb552	10	26936975	26939510	11	-0.841
0c7a682a-95be-4d2a-be53-4bf630afb552	10	26939523	46223605	10325	0.0675
0c7a682a-95be-4d2a-be53-4bf630afb552	10	46225568	46333369	137	-0.1461
0c7a682a-95be-4d2a-be53-4bf630afb552	10	46370859	50062639	1742	0.0643
0c7a682a-95be-4d2a-be53-4bf630afb552	10	50070600	50132160	5	-1.0748
0c7a682a-95be-4d2a-be53-4bf630afb552	10	50150838	56753095	4851	0.066
0c7a682a-95be-4d2a-be53-4bf630afb552	10	56756615	56772992	42	-0.7481
0c7a682a-95be-4d2a-be53-4bf630afb552	10	56773005	65548272	6109	0.0686
0c7a682a-95be-4d2a-be53-4bf630afb552	10	65548833	65554672	22	0.6561
0c7a682a-95be-4d2a-be53-4bf630afb552	10	65554688	87959973	14913	0.0704
0c7a682a-95be-4d2a-be53-4bf630afb552	10	87959988	87960109	3	-1.3088
0c7a682a-95be-4d2a-be53-4bf630afb552	10	87960170	122520254	23348	0.0678
0c7a682a-95be-4d2a-be53-4bf630afb552	10	122523802	122524529	2	-1.7569
0c7a682a-95be-4d2a-be53-4bf630afb552	10	122525672	133654968	7922	0.0568
0c7a682a-95be-4d2a-be53-4bf630afb552	11	198510	5772353	3241	0.0733
0c7a682a-95be-4d2a-be53-4bf630afb552	11	5773015	5787909	22	-0.5023
0c7a682a-95be-4d2a-be53-4bf630afb552	11	5788108	16593733	7860	0.0765
0c7a682a-95be-4d2a-be53-4bf630afb552	11	16597905	16616495	11	-0.5001
0c7a682a-95be-4d2a-be53-4bf630afb552	11	16624541	18927778	1530	0.0591
0c7a682a-95be-4d2a-be53-4bf630afb552	11	18927796	18940271	40	0.5323
0c7a682a-95be-4d2a-be53-4bf630afb552	11	18940375	22447934	2980	0.0621
0c7a682a-95be-4d2a-be53-4bf630afb552	11	22450055	22451212	4	-1.5815
0c7a682a-95be-4d2a-be53-4bf630afb552	11	22451596	55606556	18760	0.07
0c7a682a-95be-4d2a-be53-4bf630afb552	11	55606572	55667651	43	0.4953
0c7a682a-95be-4d2a-be53-4bf630afb552	11	55670243	135074876	52263	0.0727
0c7a682a-95be-4d2a-be53-4bf630afb552	12	51460	9481274	6167	0.0771
0c7a682a-95be-4d2a-be53-4bf630afb552	12	9485313	9575696	23	-1.7885
0c7a682a-95be-4d2a-be53-4bf630afb552	12	9582373	99401870	55866	0.0664
0c7a682a-95be-4d2a-be53-4bf630afb552	12	99401959	99409315	29	-0.5344
0c7a682a-95be-4d2a-be53-4bf630afb552	12	99409340	133201603	22703	0.0703
0c7a682a-95be-4d2a-be53-4bf630afb552	13	18452809	37496998	13440	-0.6338
0c7a682a-95be-4d2a-be53-4bf630afb552	13	37497899	37510184	13	-1.6979
0c7a682a-95be-4d2a-be53-4bf630afb552	13	37510406	57184136	12502	-0.6249
0c7a682a-95be-4d2a-be53-4bf630afb552	13	57184155	57215580	34	-1.7383
0c7a682a-95be-4d2a-be53-4bf630afb552	13	57215875	97877870	25886	-0.6319
0c7a682a-95be-4d2a-be53-4bf630afb552	13	97877987	97878542	4	-7.352
0c7a682a-95be-4d2a-be53-4bf630afb552	13	97879211	114342922	12092	-0.653
0c7a682a-95be-4d2a-be53-4bf630afb552	14	18239283	19732024	65	0.0687
0c7a682a-95be-4d2a-be53-4bf630afb552	14	19732222	19955213	102	0.7199
0c7a682a-95be-4d2a-be53-4bf630afb552	14	19956767	21791676	1213	0.0763
0c7a682a-95be-4d2a-be53-4bf630afb552	14	21791760	22508237	645	0.2132
0c7a682a-95be-4d2a-be53-4bf630afb552	14	22508264	106340774	53053	0.073
0c7a682a-95be-4d2a-be53-4bf630afb552	14	106345431	106365807	8	1.2907
0c7a682a-95be-4d2a-be53-4bf630afb552	14	106369985	106877229	270	0.0691
0c7a682a-95be-4d2a-be53-4bf630afb552	15	19811075	20988347	156	0.0812
0c7a682a-95be-4d2a-be53-4bf630afb552	15	21005443	22003073	23	-0.3733
0c7a682a-95be-4d2a-be53-4bf630afb552	15	22005276	22299523	27	0.4696
0c7a682a-95be-4d2a-be53-4bf630afb552	15	22385639	24309076	952	0.0877
0c7a682a-95be-4d2a-be53-4bf630afb552	15	24311527	24405917	37	0.6099
0c7a682a-95be-4d2a-be53-4bf630afb552	15	24418615	24480146	39	0.1081
0c7a682a-95be-4d2a-be53-4bf630afb552	15	24482084	24537522	26	0.5677
0c7a682a-95be-4d2a-be53-4bf630afb552	15	24542531	62162820	24101	0.0775
0c7a682a-95be-4d2a-be53-4bf630afb552	15	62165563	62173726	9	-0.9061
0c7a682a-95be-4d2a-be53-4bf630afb552	15	62173972	65521764	1976	0.0942
0c7a682a-95be-4d2a-be53-4bf630afb552	15	65524604	65525186	2	-2.7238
0c7a682a-95be-4d2a-be53-4bf630afb552	15	65526049	86254920	12310	0.0847
0c7a682a-95be-4d2a-be53-4bf630afb552	15	86260271	86260887	2	-1.6361
0c7a682a-95be-4d2a-be53-4bf630afb552	15	86262280	101928837	11845	0.0741
0c7a682a-95be-4d2a-be53-4bf630afb552	16	10777	17887585	12583	0.0768
0c7a682a-95be-4d2a-be53-4bf630afb552	16	17887919	17888642	2	-1.895
0c7a682a-95be-4d2a-be53-4bf630afb552	16	17892182	18153433	177	0.0757
0c7a682a-95be-4d2a-be53-4bf630afb552	16	18162067	18260900	6	-1.1895
0c7a682a-95be-4d2a-be53-4bf630afb552	16	18284998	23922526	2857	0.0795
0c7a682a-95be-4d2a-be53-4bf630afb552	16	23923570	23930936	6	-1.0729
0c7a682a-95be-4d2a-be53-4bf630afb552	16	23932616	53424105	9265	0.0766
0c7a682a-95be-4d2a-be53-4bf630afb552	16	53435475	53435895	3	1.3976
0c7a682a-95be-4d2a-be53-4bf630afb552	16	53436017	55762682	2020	0.0629
0c7a682a-95be-4d2a-be53-4bf630afb552	16	55764310	55775312	9	1.1259
0c7a682a-95be-4d2a-be53-4bf630afb552	16	55775554	90096867	24895	0.0756
0c7a682a-95be-4d2a-be53-4bf630afb552	17	150733	41245790	20788	0.0859
0c7a682a-95be-4d2a-be53-4bf630afb552	17	41249029	41277272	48	-0.3846
0c7a682a-95be-4d2a-be53-4bf630afb552	17	41277289	45497555	2135	0.116
0c7a682a-95be-4d2a-be53-4bf630afb552	17	45508731	45598106	15	-0.6916
0c7a682a-95be-4d2a-be53-4bf630afb552	17	45610956	46130967	366	0.0068
0c7a682a-95be-4d2a-be53-4bf630afb552	17	46131308	46707312	101	0.4311
0c7a682a-95be-4d2a-be53-4bf630afb552	17	46707616	83091923	21538	0.084
0c7a682a-95be-4d2a-be53-4bf630afb552	18	48133	31086621	16558	0.0645
0c7a682a-95be-4d2a-be53-4bf630afb552	18	31093009	31093931	2	-2.2171
0c7a682a-95be-4d2a-be53-4bf630afb552	18	31093950	40680456	6210	0.0589
0c7a682a-95be-4d2a-be53-4bf630afb552	18	40680470	40690108	22	0.5052
0c7a682a-95be-4d2a-be53-4bf630afb552	18	40690234	80257174	27912	0.0623
0c7a682a-95be-4d2a-be53-4bf630afb552	19	90910	255830	5	-0.5635
0c7a682a-95be-4d2a-be53-4bf630afb552	19	257392	24274155	11121	0.1007
0c7a682a-95be-4d2a-be53-4bf630afb552	19	24278016	24282155	10	-0.6833
0c7a682a-95be-4d2a-be53-4bf630afb552	19	24304880	24413948	16	0.2238
0c7a682a-95be-4d2a-be53-4bf630afb552	19	27257085	32497036	3673	-0.6555
0c7a682a-95be-4d2a-be53-4bf630afb552	19	32500913	41059002	4782	-0.5866
0c7a682a-95be-4d2a-be53-4bf630afb552	19	41062282	41064132	2	-2.5464
0c7a682a-95be-4d2a-be53-4bf630afb552	19	41064425	42768594	758	-0.5564
0c7a682a-95be-4d2a-be53-4bf630afb552	19	42776076	43118245	146	-0.759
0c7a682a-95be-4d2a-be53-4bf630afb552	19	43119321	43119416	2	-3.5298
0c7a682a-95be-4d2a-be53-4bf630afb552	19	43120181	56863695	7472	-0.6079
0c7a682a-95be-4d2a-be53-4bf630afb552	19	56864893	56866899	2	-3.005
0c7a682a-95be-4d2a-be53-4bf630afb552	19	56867669	58586487	1065	-0.6154
0c7a682a-95be-4d2a-be53-4bf630afb552	20	80664	1571811	1182	0.0943
0c7a682a-95be-4d2a-be53-4bf630afb552	20	1576544	1580156	18	-0.5575
0c7a682a-95be-4d2a-be53-4bf630afb552	20	1580276	1580934	4	0.0596
0c7a682a-95be-4d2a-be53-4bf630afb552	20	1581021	1613247	40	1.4015
0c7a682a-95be-4d2a-be53-4bf630afb552	20	1617300	5495616	2832	0.0877
0c7a682a-95be-4d2a-be53-4bf630afb552	20	5495882	23207054	13967	0.0631
0c7a682a-95be-4d2a-be53-4bf630afb552	20	23207303	64284715	24295	0.088
0c7a682a-95be-4d2a-be53-4bf630afb552	20	64323342	64324800	5	-2.3506
0c7a682a-95be-4d2a-be53-4bf630afb552	21	10354168	10420974	10	0.0635
0c7a682a-95be-4d2a-be53-4bf630afb552	21	10420991	10590289	53	-0.2778
0c7a682a-95be-4d2a-be53-4bf630afb552	21	10590583	10756733	23	-0.6641
0c7a682a-95be-4d2a-be53-4bf630afb552	21	10775586	13081432	13	-0.2652
0c7a682a-95be-4d2a-be53-4bf630afb552	21	13084095	46677045	23746	0.0747
0c7a682a-95be-4d2a-be53-4bf630afb552	22	15294547	18620743	1132	0.0982
0c7a682a-95be-4d2a-be53-4bf630afb552	22	18649244	18783014	4	1.5738
0c7a682a-95be-4d2a-be53-4bf630afb552	22	18818348	22114208	1979	0.0623
0c7a682a-95be-4d2a-be53-4bf630afb552	22	22119549	22120255	6	-0.893
0c7a682a-95be-4d2a-be53-4bf630afb552	22	22127104	24685371	1623	0.0854
0c7a682a-95be-4d2a-be53-4bf630afb552	22	24686148	24686567	3	-1.7803
0c7a682a-95be-4d2a-be53-4bf630afb552	22	24691707	50796027	18507	0.0911
0c7a682a-95be-4d2a-be53-4bf630afb552	X	251810	155952689	82718	0.0016
0c7a682a-95be-4d2a-be53-4bf630afb552	Y	2782397	21924037	6331	-0.6002
0c7a682a-95be-4d2a-be53-4bf630afb552	Y	21961640	22197200	6	0.9144
0c7a682a-95be-4d2a-be53-4bf630afb552	Y	22213784	56872112	292	-0.5904
