Sample	Chromosome	Start	End	Num_Probes	Segment_Mean
OWNED_p_TCGA_b102_105_SNP_N_GenomeWideSNP_6_D04_777054	1	61735	1647330	231	-0.0106
OWNED_p_TCGA_b102_105_SNP_N_GenomeWideSNP_6_D04_777054	1	1647494	1672603	12	-0.9698
OWNED_p_TCGA_b102_105_SNP_N_GenomeWideSNP_6_D04_777054	1	1687587	17182437	8573	0.0147
OWNED_p_TCGA_b102_105_SNP_N_GenomeWideSNP_6_D04_777054	1	17190004	17276241	64	0.5139
OWNED_p_TCGA_b102_105_SNP_N_GenomeWideSNP_6_D04_777054	1	17277940	19241904	1460	0.008
OWNED_p_TCGA_b102_105_SNP_N_GenomeWideSNP_6_D04_777054	1	19242343	19244021	3	-1.4597
OWNED_p_TCGA_b102_105_SNP_N_GenomeWideSNP_6_D04_777054	1	19249116	25583341	3802	0.0175
OWNED_p_TCGA_b102_105_SNP_N_GenomeWideSNP_6_D04_777054	1	25593128	25662212	31	0.6637
OWNED_p_TCGA_b102_105_SNP_N_GenomeWideSNP_6_D04_777054	1	25663310	29047110	1409	0.0267
OWNED_p_TCGA_b102_105_SNP_N_GenomeWideSNP_6_D04_777054	1	29048696	29049313	2	-1.3856
OWNED_p_TCGA_b102_105_SNP_N_GenomeWideSNP_6_D04_777054	1	29049725	35091674	3553	0.0149
OWNED_p_TCGA_b102_105_SNP_N_GenomeWideSNP_6_D04_777054	1	35102654	35115542	22	-0.5604
OWNED_p_TCGA_b102_105_SNP_N_GenomeWideSNP_6_D04_777054	1	35116561	57697723	13151	0.0197
OWNED_p_TCGA_b102_105_SNP_N_GenomeWideSNP_6_D04_777054	1	57698001	57698370	3	-1.0462
OWNED_p_TCGA_b102_105_SNP_N_GenomeWideSNP_6_D04_777054	1	57700010	72750353	10690	0.0165
OWNED_p_TCGA_b102_105_SNP_N_GenomeWideSNP_6_D04_777054	1	72756113	72763370	9	-0.7355
OWNED_p_TCGA_b102_105_SNP_N_GenomeWideSNP_6_D04_777054	1	72768418	72811148	48	0.8763
OWNED_p_TCGA_b102_105_SNP_N_GenomeWideSNP_6_D04_777054	1	72811904	104157161	20071	0.0173
OWNED_p_TCGA_b102_105_SNP_N_GenomeWideSNP_6_D04_777054	1	104157317	104268222	32	-0.3802
OWNED_p_TCGA_b102_105_SNP_N_GenomeWideSNP_6_D04_777054	1	104303403	106001606	916	-0.0037
OWNED_p_TCGA_b102_105_SNP_N_GenomeWideSNP_6_D04_777054	1	106002144	106022375	21	0.4821
OWNED_p_TCGA_b102_105_SNP_N_GenomeWideSNP_6_D04_777054	1	106024055	110227515	2667	0.0192
OWNED_p_TCGA_b102_105_SNP_N_GenomeWideSNP_6_D04_777054	1	110232974	110240178	17	-0.3696
OWNED_p_TCGA_b102_105_SNP_N_GenomeWideSNP_6_D04_777054	1	110242953	152555706	10015	0.0216
OWNED_p_TCGA_b102_105_SNP_N_GenomeWideSNP_6_D04_777054	1	152555767	152586278	31	1.206
OWNED_p_TCGA_b102_105_SNP_N_GenomeWideSNP_6_D04_777054	1	152586540	196714873	29747	0.0157
OWNED_p_TCGA_b102_105_SNP_N_GenomeWideSNP_6_D04_777054	1	196727850	196801987	91	-0.5112
OWNED_p_TCGA_b102_105_SNP_N_GenomeWideSNP_6_D04_777054	1	196802002	248737447	35742	0.0131
OWNED_p_TCGA_b102_105_SNP_N_GenomeWideSNP_6_D04_777054	1	248749194	248809109	37	-0.6375
OWNED_p_TCGA_b102_105_SNP_N_GenomeWideSNP_6_D04_777054	1	248809369	249224388	141	0.0507
OWNED_p_TCGA_b102_105_SNP_N_GenomeWideSNP_6_D04_777054	2	12784	8129338	6299	0.0165
OWNED_p_TCGA_b102_105_SNP_N_GenomeWideSNP_6_D04_777054	2	8130885	8136044	7	-0.984
OWNED_p_TCGA_b102_105_SNP_N_GenomeWideSNP_6_D04_777054	2	8136618	35968036	18708	0.0171
OWNED_p_TCGA_b102_105_SNP_N_GenomeWideSNP_6_D04_777054	2	35975973	35987916	7	-1.1594
OWNED_p_TCGA_b102_105_SNP_N_GenomeWideSNP_6_D04_777054	2	35987947	52764208	12165	0.0225
OWNED_p_TCGA_b102_105_SNP_N_GenomeWideSNP_6_D04_777054	2	52764229	52781504	22	-0.3614
OWNED_p_TCGA_b102_105_SNP_N_GenomeWideSNP_6_D04_777054	2	52781522	106874722	29656	0.0198
OWNED_p_TCGA_b102_105_SNP_N_GenomeWideSNP_6_D04_777054	2	106880095	106887408	14	0.6231
OWNED_p_TCGA_b102_105_SNP_N_GenomeWideSNP_6_D04_777054	2	106887870	123481713	9549	0.0213
OWNED_p_TCGA_b102_105_SNP_N_GenomeWideSNP_6_D04_777054	2	123481728	123486831	11	-0.5424
OWNED_p_TCGA_b102_105_SNP_N_GenomeWideSNP_6_D04_777054	2	123489337	146862085	14377	0.0246
OWNED_p_TCGA_b102_105_SNP_N_GenomeWideSNP_6_D04_777054	2	146864404	146866934	24	0.4825
OWNED_p_TCGA_b102_105_SNP_N_GenomeWideSNP_6_D04_777054	2	146877806	242783396	58979	0.0219
OWNED_p_TCGA_b102_105_SNP_N_GenomeWideSNP_6_D04_777054	2	242915466	243026258	102	-0.9095
OWNED_p_TCGA_b102_105_SNP_N_GenomeWideSNP_6_D04_777054	2	243029299	243032322	6	-0.1896
OWNED_p_TCGA_b102_105_SNP_N_GenomeWideSNP_6_D04_777054	2	243032426	243037269	7	-0.5583
OWNED_p_TCGA_b102_105_SNP_N_GenomeWideSNP_6_D04_777054	2	243037611	243089456	27	0.1315
OWNED_p_TCGA_b102_105_SNP_N_GenomeWideSNP_6_D04_777054	3	60345	68746164	47838	0.0165
OWNED_p_TCGA_b102_105_SNP_N_GenomeWideSNP_6_D04_777054	3	68746259	68747413	14	-1.0681
OWNED_p_TCGA_b102_105_SNP_N_GenomeWideSNP_6_D04_777054	3	68748758	129763698	34723	0.012
OWNED_p_TCGA_b102_105_SNP_N_GenomeWideSNP_6_D04_777054	3	129766586	129806052	50	0.5202
OWNED_p_TCGA_b102_105_SNP_N_GenomeWideSNP_6_D04_777054	3	129806236	131989347	1443	0.0169
OWNED_p_TCGA_b102_105_SNP_N_GenomeWideSNP_6_D04_777054	3	131992737	131995684	4	-1.1585
OWNED_p_TCGA_b102_105_SNP_N_GenomeWideSNP_6_D04_777054	3	132000477	162123366	18558	0.0161
OWNED_p_TCGA_b102_105_SNP_N_GenomeWideSNP_6_D04_777054	3	162137600	162142705	14	-0.6765
OWNED_p_TCGA_b102_105_SNP_N_GenomeWideSNP_6_D04_777054	3	162144248	162540490	283	0.0141
OWNED_p_TCGA_b102_105_SNP_N_GenomeWideSNP_6_D04_777054	3	162545716	162623853	44	-0.2569
OWNED_p_TCGA_b102_105_SNP_N_GenomeWideSNP_6_D04_777054	3	162623881	192878593	19196	0.0146
OWNED_p_TCGA_b102_105_SNP_N_GenomeWideSNP_6_D04_777054	3	192878821	192882903	15	-0.4865
OWNED_p_TCGA_b102_105_SNP_N_GenomeWideSNP_6_D04_777054	3	192886435	197896118	2706	0.0158
OWNED_p_TCGA_b102_105_SNP_N_GenomeWideSNP_6_D04_777054	4	12281	10210390	5803	0.0187
OWNED_p_TCGA_b102_105_SNP_N_GenomeWideSNP_6_D04_777054	4	10223416	10235268	35	1.123
OWNED_p_TCGA_b102_105_SNP_N_GenomeWideSNP_6_D04_777054	4	10236142	10392354	172	0.0187
OWNED_p_TCGA_b102_105_SNP_N_GenomeWideSNP_6_D04_777054	4	10393154	10400668	15	-1.7357
OWNED_p_TCGA_b102_105_SNP_N_GenomeWideSNP_6_D04_777054	4	10402718	34790694	16801	0.0158
OWNED_p_TCGA_b102_105_SNP_N_GenomeWideSNP_6_D04_777054	4	34790752	34818480	24	0.4335
OWNED_p_TCGA_b102_105_SNP_N_GenomeWideSNP_6_D04_777054	4	34818770	64693940	16579	0.0152
OWNED_p_TCGA_b102_105_SNP_N_GenomeWideSNP_6_D04_777054	4	64697469	64708258	29	0.3727
OWNED_p_TCGA_b102_105_SNP_N_GenomeWideSNP_6_D04_777054	4	64716431	69244434	2853	0.022
OWNED_p_TCGA_b102_105_SNP_N_GenomeWideSNP_6_D04_777054	4	69255070	69256759	3	1.1973
OWNED_p_TCGA_b102_105_SNP_N_GenomeWideSNP_6_D04_777054	4	69256760	69360489	23	-0.2134
OWNED_p_TCGA_b102_105_SNP_N_GenomeWideSNP_6_D04_777054	4	69367142	69410242	16	0.5029
OWNED_p_TCGA_b102_105_SNP_N_GenomeWideSNP_6_D04_777054	4	69410256	69429722	12	0.0971
OWNED_p_TCGA_b102_105_SNP_N_GenomeWideSNP_6_D04_777054	4	69430136	69485979	38	0.4731
OWNED_p_TCGA_b102_105_SNP_N_GenomeWideSNP_6_D04_777054	4	69489335	70134680	337	0.0214
OWNED_p_TCGA_b102_105_SNP_N_GenomeWideSNP_6_D04_777054	4	70137957	70231799	45	0.2695
OWNED_p_TCGA_b102_105_SNP_N_GenomeWideSNP_6_D04_777054	4	70232022	91284943	13125	0.0139
OWNED_p_TCGA_b102_105_SNP_N_GenomeWideSNP_6_D04_777054	4	91287152	91291516	9	-1.1127
OWNED_p_TCGA_b102_105_SNP_N_GenomeWideSNP_6_D04_777054	4	91294368	115173700	14216	0.0113
OWNED_p_TCGA_b102_105_SNP_N_GenomeWideSNP_6_D04_777054	4	115175323	115182175	23	-1.1978
OWNED_p_TCGA_b102_105_SNP_N_GenomeWideSNP_6_D04_777054	4	115184229	122281973	4348	0.0169
OWNED_p_TCGA_b102_105_SNP_N_GenomeWideSNP_6_D04_777054	4	122282468	122282588	3	-1.1103
OWNED_p_TCGA_b102_105_SNP_N_GenomeWideSNP_6_D04_777054	4	122282612	122284589	23	-0.492
OWNED_p_TCGA_b102_105_SNP_N_GenomeWideSNP_6_D04_777054	4	122284982	122285135	2	-1.3455
OWNED_p_TCGA_b102_105_SNP_N_GenomeWideSNP_6_D04_777054	4	122291131	130062751	4358	0.0168
OWNED_p_TCGA_b102_105_SNP_N_GenomeWideSNP_6_D04_777054	4	130067546	130068160	2	-1.9938
OWNED_p_TCGA_b102_105_SNP_N_GenomeWideSNP_6_D04_777054	4	130072563	151876309	12930	0.0176
OWNED_p_TCGA_b102_105_SNP_N_GenomeWideSNP_6_D04_777054	4	151876325	151884300	24	-0.4759
OWNED_p_TCGA_b102_105_SNP_N_GenomeWideSNP_6_D04_777054	4	151884306	159773273	4952	0.0169
OWNED_p_TCGA_b102_105_SNP_N_GenomeWideSNP_6_D04_777054	4	159779613	159780244	2	-1.0961
OWNED_p_TCGA_b102_105_SNP_N_GenomeWideSNP_6_D04_777054	4	159780493	161874000	1387	0.0149
OWNED_p_TCGA_b102_105_SNP_N_GenomeWideSNP_6_D04_777054	4	161880018	161884908	21	-0.5487
OWNED_p_TCGA_b102_105_SNP_N_GenomeWideSNP_6_D04_777054	4	161884919	162013171	110	0.058
OWNED_p_TCGA_b102_105_SNP_N_GenomeWideSNP_6_D04_777054	4	162013983	162095333	48	-0.9371
OWNED_p_TCGA_b102_105_SNP_N_GenomeWideSNP_6_D04_777054	4	162095907	172987857	6923	0.0196
OWNED_p_TCGA_b102_105_SNP_N_GenomeWideSNP_6_D04_777054	4	172987928	172989533	13	0.7518
OWNED_p_TCGA_b102_105_SNP_N_GenomeWideSNP_6_D04_777054	4	172995979	191027923	12115	0.0181
OWNED_p_TCGA_b102_105_SNP_N_GenomeWideSNP_6_D04_777054	5	15532	12800889	10216	0.01
OWNED_p_TCGA_b102_105_SNP_N_GenomeWideSNP_6_D04_777054	5	12815780	12826650	11	0.8273
OWNED_p_TCGA_b102_105_SNP_N_GenomeWideSNP_6_D04_777054	5	12833857	15716127	1977	0.0256
OWNED_p_TCGA_b102_105_SNP_N_GenomeWideSNP_6_D04_777054	5	15718492	15720597	12	-0.8309
OWNED_p_TCGA_b102_105_SNP_N_GenomeWideSNP_6_D04_777054	5	15723346	46271930	18581	0.0182
OWNED_p_TCGA_b102_105_SNP_N_GenomeWideSNP_6_D04_777054	5	46272521	46273502	5	-1.6345
OWNED_p_TCGA_b102_105_SNP_N_GenomeWideSNP_6_D04_777054	5	46278212	61162099	7691	0.0142
OWNED_p_TCGA_b102_105_SNP_N_GenomeWideSNP_6_D04_777054	5	61162114	61162152	2	-1.2273
OWNED_p_TCGA_b102_105_SNP_N_GenomeWideSNP_6_D04_777054	5	61163819	68829347	4720	0.0185
OWNED_p_TCGA_b102_105_SNP_N_GenomeWideSNP_6_D04_777054	5	68846303	69313688	10	0.6869
OWNED_p_TCGA_b102_105_SNP_N_GenomeWideSNP_6_D04_777054	5	70178835	70254906	9	-2e-04
OWNED_p_TCGA_b102_105_SNP_N_GenomeWideSNP_6_D04_777054	5	70306659	70391253	8	1.2051
OWNED_p_TCGA_b102_105_SNP_N_GenomeWideSNP_6_D04_777054	5	70654072	99152672	16771	0.0146
OWNED_p_TCGA_b102_105_SNP_N_GenomeWideSNP_6_D04_777054	5	99152992	99153139	2	-1.3573
OWNED_p_TCGA_b102_105_SNP_N_GenomeWideSNP_6_D04_777054	5	99153288	103851221	2749	0.0121
OWNED_p_TCGA_b102_105_SNP_N_GenomeWideSNP_6_D04_777054	5	103860373	103860604	4	1.3117
OWNED_p_TCGA_b102_105_SNP_N_GenomeWideSNP_6_D04_777054	5	103861049	150202205	29821	0.0153
OWNED_p_TCGA_b102_105_SNP_N_GenomeWideSNP_6_D04_777054	5	150205500	150218604	8	-0.6626
OWNED_p_TCGA_b102_105_SNP_N_GenomeWideSNP_6_D04_777054	5	150223387	152573965	1658	0.0224
OWNED_p_TCGA_b102_105_SNP_N_GenomeWideSNP_6_D04_777054	5	152576097	152582826	4	-0.9781
OWNED_p_TCGA_b102_105_SNP_N_GenomeWideSNP_6_D04_777054	5	152582849	160253905	5259	0.0218
OWNED_p_TCGA_b102_105_SNP_N_GenomeWideSNP_6_D04_777054	5	160262071	160275493	8	-0.9323
OWNED_p_TCGA_b102_105_SNP_N_GenomeWideSNP_6_D04_777054	5	160276677	164436783	2621	0.0104
OWNED_p_TCGA_b102_105_SNP_N_GenomeWideSNP_6_D04_777054	5	164441024	164451614	5	-0.9873
OWNED_p_TCGA_b102_105_SNP_N_GenomeWideSNP_6_D04_777054	5	164454140	175460087	8179	0.0162
OWNED_p_TCGA_b102_105_SNP_N_GenomeWideSNP_6_D04_777054	5	175465689	175469507	2	-1.7027
OWNED_p_TCGA_b102_105_SNP_N_GenomeWideSNP_6_D04_777054	5	175470324	177390271	753	0.0234
OWNED_p_TCGA_b102_105_SNP_N_GenomeWideSNP_6_D04_777054	5	177391446	177400868	7	-1.0402
OWNED_p_TCGA_b102_105_SNP_N_GenomeWideSNP_6_D04_777054	5	177401382	180378888	1783	0.0222
OWNED_p_TCGA_b102_105_SNP_N_GenomeWideSNP_6_D04_777054	5	180380203	180442441	20	0.5072
OWNED_p_TCGA_b102_105_SNP_N_GenomeWideSNP_6_D04_777054	5	180442920	180790320	167	-0.0327
OWNED_p_TCGA_b102_105_SNP_N_GenomeWideSNP_6_D04_777054	6	149661	252772	97	0.0628
OWNED_p_TCGA_b102_105_SNP_N_GenomeWideSNP_6_D04_777054	6	253272	323084	36	-0.5343
OWNED_p_TCGA_b102_105_SNP_N_GenomeWideSNP_6_D04_777054	6	323326	375277	63	-0.2056
OWNED_p_TCGA_b102_105_SNP_N_GenomeWideSNP_6_D04_777054	6	375759	23743017	18033	0.0183
OWNED_p_TCGA_b102_105_SNP_N_GenomeWideSNP_6_D04_777054	6	23744672	23745430	2	-2.4788
OWNED_p_TCGA_b102_105_SNP_N_GenomeWideSNP_6_D04_777054	6	23747732	29837188	3509	0.0178
OWNED_p_TCGA_b102_105_SNP_N_GenomeWideSNP_6_D04_777054	6	29837314	29850196	15	0.4474
OWNED_p_TCGA_b102_105_SNP_N_GenomeWideSNP_6_D04_777054	6	29850274	29850380	3	-0.29
OWNED_p_TCGA_b102_105_SNP_N_GenomeWideSNP_6_D04_777054	6	29871636	29898897	12	-0.871
OWNED_p_TCGA_b102_105_SNP_N_GenomeWideSNP_6_D04_777054	6	29899677	78962581	28272	0.0164
OWNED_p_TCGA_b102_105_SNP_N_GenomeWideSNP_6_D04_777054	6	78962626	79035185	116	-0.4733
OWNED_p_TCGA_b102_105_SNP_N_GenomeWideSNP_6_D04_777054	6	79039234	161032565	52488	0.0151
OWNED_p_TCGA_b102_105_SNP_N_GenomeWideSNP_6_D04_777054	6	161032719	161033283	5	1.1553
OWNED_p_TCGA_b102_105_SNP_N_GenomeWideSNP_6_D04_777054	6	161068042	171051005	7259	0.0131
OWNED_p_TCGA_b102_105_SNP_N_GenomeWideSNP_6_D04_777054	7	43355	9988147	6063	0.0152
OWNED_p_TCGA_b102_105_SNP_N_GenomeWideSNP_6_D04_777054	7	9988246	9989168	2	-1.4266
OWNED_p_TCGA_b102_105_SNP_N_GenomeWideSNP_6_D04_777054	7	9994840	42557618	24330	0.0145
OWNED_p_TCGA_b102_105_SNP_N_GenomeWideSNP_6_D04_777054	7	42557760	42558697	2	-1.5694
OWNED_p_TCGA_b102_105_SNP_N_GenomeWideSNP_6_D04_777054	7	42558960	54380373	8150	0.0133
OWNED_p_TCGA_b102_105_SNP_N_GenomeWideSNP_6_D04_777054	7	54386505	54386517	6	-0.9853
OWNED_p_TCGA_b102_105_SNP_N_GenomeWideSNP_6_D04_777054	7	54393488	126044974	38854	0.0132
OWNED_p_TCGA_b102_105_SNP_N_GenomeWideSNP_6_D04_777054	7	126045482	126046876	13	-0.7923
OWNED_p_TCGA_b102_105_SNP_N_GenomeWideSNP_6_D04_777054	7	126046877	132545522	3967	0.0169
OWNED_p_TCGA_b102_105_SNP_N_GenomeWideSNP_6_D04_777054	7	132556835	132573366	14	-0.4471
OWNED_p_TCGA_b102_105_SNP_N_GenomeWideSNP_6_D04_777054	7	132573516	133785177	724	0.0269
OWNED_p_TCGA_b102_105_SNP_N_GenomeWideSNP_6_D04_777054	7	133785195	133795634	24	-1.4184
OWNED_p_TCGA_b102_105_SNP_N_GenomeWideSNP_6_D04_777054	7	133795665	141784376	5222	0.0182
OWNED_p_TCGA_b102_105_SNP_N_GenomeWideSNP_6_D04_777054	7	141784437	141799160	26	0.5042
OWNED_p_TCGA_b102_105_SNP_N_GenomeWideSNP_6_D04_777054	7	141805542	143909235	1313	0.0404
OWNED_p_TCGA_b102_105_SNP_N_GenomeWideSNP_6_D04_777054	7	143909249	144017309	31	-0.3971
OWNED_p_TCGA_b102_105_SNP_N_GenomeWideSNP_6_D04_777054	7	144023399	154389895	6456	0.015
OWNED_p_TCGA_b102_105_SNP_N_GenomeWideSNP_6_D04_777054	7	154393171	154399613	4	-1.9961
OWNED_p_TCGA_b102_105_SNP_N_GenomeWideSNP_6_D04_777054	7	154400830	159117614	3229	0.019
OWNED_p_TCGA_b102_105_SNP_N_GenomeWideSNP_6_D04_777054	7	159117641	159127004	13	-0.9008
OWNED_p_TCGA_b102_105_SNP_N_GenomeWideSNP_6_D04_777054	8	31254	7865802	8028	0.0106
OWNED_p_TCGA_b102_105_SNP_N_GenomeWideSNP_6_D04_777054	8	7865864	7962459	11	0.6395
OWNED_p_TCGA_b102_105_SNP_N_GenomeWideSNP_6_D04_777054	8	7962597	24972187	13785	0.0122
OWNED_p_TCGA_b102_105_SNP_N_GenomeWideSNP_6_D04_777054	8	24974443	24984333	27	0.6891
OWNED_p_TCGA_b102_105_SNP_N_GenomeWideSNP_6_D04_777054	8	24991104	40183944	9680	0.0173
OWNED_p_TCGA_b102_105_SNP_N_GenomeWideSNP_6_D04_777054	8	40184148	40189511	30	-0.8252
OWNED_p_TCGA_b102_105_SNP_N_GenomeWideSNP_6_D04_777054	8	40192910	40771996	451	0.0203
OWNED_p_TCGA_b102_105_SNP_N_GenomeWideSNP_6_D04_777054	8	40777852	40778471	2	-1.4811
OWNED_p_TCGA_b102_105_SNP_N_GenomeWideSNP_6_D04_777054	8	40783680	72212365	16830	0.0176
OWNED_p_TCGA_b102_105_SNP_N_GenomeWideSNP_6_D04_777054	8	72215311	72216434	7	0.7614
OWNED_p_TCGA_b102_105_SNP_N_GenomeWideSNP_6_D04_777054	8	72216501	103435717	18787	0.0151
OWNED_p_TCGA_b102_105_SNP_N_GenomeWideSNP_6_D04_777054	8	103441637	103442043	2	-1.5204
OWNED_p_TCGA_b102_105_SNP_N_GenomeWideSNP_6_D04_777054	8	103442173	109527824	3787	0.0096
OWNED_p_TCGA_b102_105_SNP_N_GenomeWideSNP_6_D04_777054	8	109530786	109535472	5	-0.9521
OWNED_p_TCGA_b102_105_SNP_N_GenomeWideSNP_6_D04_777054	8	109537376	112294466	1536	0.0203
OWNED_p_TCGA_b102_105_SNP_N_GenomeWideSNP_6_D04_777054	8	112294646	112295260	7	-1.1458
OWNED_p_TCGA_b102_105_SNP_N_GenomeWideSNP_6_D04_777054	8	112300281	115632043	1821	0.0223
OWNED_p_TCGA_b102_105_SNP_N_GenomeWideSNP_6_D04_777054	8	115634487	115638467	16	-0.6782
OWNED_p_TCGA_b102_105_SNP_N_GenomeWideSNP_6_D04_777054	8	115638701	115640988	8	0.1412
OWNED_p_TCGA_b102_105_SNP_N_GenomeWideSNP_6_D04_777054	8	115641002	115641731	11	-0.4924
OWNED_p_TCGA_b102_105_SNP_N_GenomeWideSNP_6_D04_777054	8	115650697	146298155	21062	0.0145
OWNED_p_TCGA_b102_105_SNP_N_GenomeWideSNP_6_D04_777054	9	46587	72808962	33388	0.0135
OWNED_p_TCGA_b102_105_SNP_N_GenomeWideSNP_6_D04_777054	9	72810986	72812754	2	-2.9638
OWNED_p_TCGA_b102_105_SNP_N_GenomeWideSNP_6_D04_777054	9	72813681	75280611	1754	0.001
OWNED_p_TCGA_b102_105_SNP_N_GenomeWideSNP_6_D04_777054	9	75284559	75285069	3	-0.9494
OWNED_p_TCGA_b102_105_SNP_N_GenomeWideSNP_6_D04_777054	9	75285903	79695482	3178	0.0156
OWNED_p_TCGA_b102_105_SNP_N_GenomeWideSNP_6_D04_777054	9	79696243	79698069	3	-1.2766
OWNED_p_TCGA_b102_105_SNP_N_GenomeWideSNP_6_D04_777054	9	79699950	83230323	2515	0.014
OWNED_p_TCGA_b102_105_SNP_N_GenomeWideSNP_6_D04_777054	9	83230368	83232067	2	-1.2081
OWNED_p_TCGA_b102_105_SNP_N_GenomeWideSNP_6_D04_777054	9	83232362	87931126	3390	0.0131
OWNED_p_TCGA_b102_105_SNP_N_GenomeWideSNP_6_D04_777054	9	87936303	87936431	2	-1.4696
OWNED_p_TCGA_b102_105_SNP_N_GenomeWideSNP_6_D04_777054	9	87936629	88785664	489	0.008
OWNED_p_TCGA_b102_105_SNP_N_GenomeWideSNP_6_D04_777054	9	88787192	88789668	2	-1.508
OWNED_p_TCGA_b102_105_SNP_N_GenomeWideSNP_6_D04_777054	9	88789719	141091394	35138	0.0161
OWNED_p_TCGA_b102_105_SNP_N_GenomeWideSNP_6_D04_777054	10	72759	17938208	14875	0.0108
OWNED_p_TCGA_b102_105_SNP_N_GenomeWideSNP_6_D04_777054	10	17949857	17971816	2	-1.7706
OWNED_p_TCGA_b102_105_SNP_N_GenomeWideSNP_6_D04_777054	10	18029825	24377674	4354	0.0147
OWNED_p_TCGA_b102_105_SNP_N_GenomeWideSNP_6_D04_777054	10	24377675	24378054	10	-1.4661
OWNED_p_TCGA_b102_105_SNP_N_GenomeWideSNP_6_D04_777054	10	24378908	46070052	12251	0.0141
OWNED_p_TCGA_b102_105_SNP_N_GenomeWideSNP_6_D04_777054	10	46072872	46088061	13	-0.4755
OWNED_p_TCGA_b102_105_SNP_N_GenomeWideSNP_6_D04_777054	10	46088963	48771950	719	0.029
OWNED_p_TCGA_b102_105_SNP_N_GenomeWideSNP_6_D04_777054	10	48837810	48840627	2	1.4999
OWNED_p_TCGA_b102_105_SNP_N_GenomeWideSNP_6_D04_777054	10	48883402	53202786	2372	0.0151
OWNED_p_TCGA_b102_105_SNP_N_GenomeWideSNP_6_D04_777054	10	53205076	53211449	7	-1.1173
OWNED_p_TCGA_b102_105_SNP_N_GenomeWideSNP_6_D04_777054	10	53217223	135506704	56417	0.0147
OWNED_p_TCGA_b102_105_SNP_N_GenomeWideSNP_6_D04_777054	11	198510	5793583	3312	0.0142
OWNED_p_TCGA_b102_105_SNP_N_GenomeWideSNP_6_D04_777054	11	5794245	5809139	22	-0.7556
OWNED_p_TCGA_b102_105_SNP_N_GenomeWideSNP_6_D04_777054	11	5809338	6107790	238	0.0322
OWNED_p_TCGA_b102_105_SNP_N_GenomeWideSNP_6_D04_777054	11	6108269	6122094	8	-0.8608
OWNED_p_TCGA_b102_105_SNP_N_GenomeWideSNP_6_D04_777054	11	6122503	55376511	31058	0.0141
OWNED_p_TCGA_b102_105_SNP_N_GenomeWideSNP_6_D04_777054	11	55376634	55439990	37	-0.4624
OWNED_p_TCGA_b102_105_SNP_N_GenomeWideSNP_6_D04_777054	11	55442318	55445294	5	0.1378
OWNED_p_TCGA_b102_105_SNP_N_GenomeWideSNP_6_D04_777054	11	55445945	55453009	7	-0.4726
OWNED_p_TCGA_b102_105_SNP_N_GenomeWideSNP_6_D04_777054	11	55453576	79967504	13293	0.0179
OWNED_p_TCGA_b102_105_SNP_N_GenomeWideSNP_6_D04_777054	11	79967513	79967564	3	1.1314
OWNED_p_TCGA_b102_105_SNP_N_GenomeWideSNP_6_D04_777054	11	79967686	86305661	4506	0.0182
OWNED_p_TCGA_b102_105_SNP_N_GenomeWideSNP_6_D04_777054	11	86305813	86306054	5	-0.8691
OWNED_p_TCGA_b102_105_SNP_N_GenomeWideSNP_6_D04_777054	11	86315174	107230719	14624	0.0187
OWNED_p_TCGA_b102_105_SNP_N_GenomeWideSNP_6_D04_777054	11	107238656	107239128	7	-1.6634
OWNED_p_TCGA_b102_105_SNP_N_GenomeWideSNP_6_D04_777054	11	107252362	134944770	19942	0.0125
OWNED_p_TCGA_b102_105_SNP_N_GenomeWideSNP_6_D04_777054	12	150442	869198	419	0.0344
OWNED_p_TCGA_b102_105_SNP_N_GenomeWideSNP_6_D04_777054	12	869263	874029	15	-0.7331
OWNED_p_TCGA_b102_105_SNP_N_GenomeWideSNP_6_D04_777054	12	875354	9633870	5765	0.0222
OWNED_p_TCGA_b102_105_SNP_N_GenomeWideSNP_6_D04_777054	12	9637909	9713674	21	-1.2319
OWNED_p_TCGA_b102_105_SNP_N_GenomeWideSNP_6_D04_777054	12	9714954	99791814	56003	0.0159
OWNED_p_TCGA_b102_105_SNP_N_GenomeWideSNP_6_D04_777054	12	99795293	99798734	31	-1.211
OWNED_p_TCGA_b102_105_SNP_N_GenomeWideSNP_6_D04_777054	12	99803093	119983825	13669	0.0156
OWNED_p_TCGA_b102_105_SNP_N_GenomeWideSNP_6_D04_777054	12	119988887	119990761	16	-0.7014
OWNED_p_TCGA_b102_105_SNP_N_GenomeWideSNP_6_D04_777054	12	119994041	132279173	8598	0.0185
OWNED_p_TCGA_b102_105_SNP_N_GenomeWideSNP_6_D04_777054	12	132281096	132290863	2	-1.3598
OWNED_p_TCGA_b102_105_SNP_N_GenomeWideSNP_6_D04_777054	12	132291061	133438478	314	0.0066
OWNED_p_TCGA_b102_105_SNP_N_GenomeWideSNP_6_D04_777054	12	133442070	133444410	3	-1.2185
OWNED_p_TCGA_b102_105_SNP_N_GenomeWideSNP_6_D04_777054	12	133452904	133778189	154	0.0317
OWNED_p_TCGA_b102_105_SNP_N_GenomeWideSNP_6_D04_777054	13	19026949	25117302	4143	0.0211
OWNED_p_TCGA_b102_105_SNP_N_GenomeWideSNP_6_D04_777054	13	25117837	25133358	9	-0.7161
OWNED_p_TCGA_b102_105_SNP_N_GenomeWideSNP_6_D04_777054	13	25135905	38076267	9401	0.0131
OWNED_p_TCGA_b102_105_SNP_N_GenomeWideSNP_6_D04_777054	13	38076287	38084757	11	0.7798
OWNED_p_TCGA_b102_105_SNP_N_GenomeWideSNP_6_D04_777054	13	38088330	64210741	16357	0.0147
OWNED_p_TCGA_b102_105_SNP_N_GenomeWideSNP_6_D04_777054	13	64211859	64227180	18	0.5887
OWNED_p_TCGA_b102_105_SNP_N_GenomeWideSNP_6_D04_777054	13	64232341	115108397	34314	0.014
OWNED_p_TCGA_b102_105_SNP_N_GenomeWideSNP_6_D04_777054	14	19002124	20143509	80	0.3491
OWNED_p_TCGA_b102_105_SNP_N_GenomeWideSNP_6_D04_777054	14	20157843	20433101	124	-0.2543
OWNED_p_TCGA_b102_105_SNP_N_GenomeWideSNP_6_D04_777054	14	20434943	74001123	34095	0.0158
OWNED_p_TCGA_b102_105_SNP_N_GenomeWideSNP_6_D04_777054	14	74006707	74020979	8	-0.9597
OWNED_p_TCGA_b102_105_SNP_N_GenomeWideSNP_6_D04_777054	14	74029900	94942226	13717	0.0181
OWNED_p_TCGA_b102_105_SNP_N_GenomeWideSNP_6_D04_777054	14	94942253	94942508	4	-1.2135
OWNED_p_TCGA_b102_105_SNP_N_GenomeWideSNP_6_D04_777054	14	94942550	106431652	7041	0.0137
OWNED_p_TCGA_b102_105_SNP_N_GenomeWideSNP_6_D04_777054	14	106437087	106437863	2	-1.3337
OWNED_p_TCGA_b102_105_SNP_N_GenomeWideSNP_6_D04_777054	14	106437995	106460902	13	0.2104
OWNED_p_TCGA_b102_105_SNP_N_GenomeWideSNP_6_D04_777054	14	106479675	106538062	27	-0.2429
OWNED_p_TCGA_b102_105_SNP_N_GenomeWideSNP_6_D04_777054	14	106541753	106561441	12	-1.787
OWNED_p_TCGA_b102_105_SNP_N_GenomeWideSNP_6_D04_777054	14	106567100	107153173	328	0.0664
OWNED_p_TCGA_b102_105_SNP_N_GenomeWideSNP_6_D04_777054	14	107160325	107174572	13	-0.6355
OWNED_p_TCGA_b102_105_SNP_N_GenomeWideSNP_6_D04_777054	14	107176213	107285437	77	0.1242
OWNED_p_TCGA_b102_105_SNP_N_GenomeWideSNP_6_D04_777054	15	20016328	20265978	55	0.1361
OWNED_p_TCGA_b102_105_SNP_N_GenomeWideSNP_6_D04_777054	15	20267862	22285769	255	0.3836
OWNED_p_TCGA_b102_105_SNP_N_GenomeWideSNP_6_D04_777054	15	22287270	22311811	6	1.034
OWNED_p_TCGA_b102_105_SNP_N_GenomeWideSNP_6_D04_777054	15	22317512	22587474	106	0.3524
OWNED_p_TCGA_b102_105_SNP_N_GenomeWideSNP_6_D04_777054	15	22673399	22681250	3	-1.009
OWNED_p_TCGA_b102_105_SNP_N_GenomeWideSNP_6_D04_777054	15	22751094	23266351	303	0.0563
OWNED_p_TCGA_b102_105_SNP_N_GenomeWideSNP_6_D04_777054	15	23277448	23290800	4	-0.722
OWNED_p_TCGA_b102_105_SNP_N_GenomeWideSNP_6_D04_777054	15	23296600	23641514	10	0.0434
OWNED_p_TCGA_b102_105_SNP_N_GenomeWideSNP_6_D04_777054	15	23644045	23665485	10	-0.9323
OWNED_p_TCGA_b102_105_SNP_N_GenomeWideSNP_6_D04_777054	15	23670984	24651064	672	0.0165
OWNED_p_TCGA_b102_105_SNP_N_GenomeWideSNP_6_D04_777054	15	24663762	24718173	43	-0.3843
OWNED_p_TCGA_b102_105_SNP_N_GenomeWideSNP_6_D04_777054	15	24718596	30505376	3656	0.0121
OWNED_p_TCGA_b102_105_SNP_N_GenomeWideSNP_6_D04_777054	15	30505762	30562770	22	0.3849
OWNED_p_TCGA_b102_105_SNP_N_GenomeWideSNP_6_D04_777054	15	30566902	38295746	5160	0.0208
OWNED_p_TCGA_b102_105_SNP_N_GenomeWideSNP_6_D04_777054	15	38300463	38324457	14	-0.9086
OWNED_p_TCGA_b102_105_SNP_N_GenomeWideSNP_6_D04_777054	15	38327154	76891511	24012	0.018
OWNED_p_TCGA_b102_105_SNP_N_GenomeWideSNP_6_D04_777054	15	76891627	76895775	20	-1.5443
OWNED_p_TCGA_b102_105_SNP_N_GenomeWideSNP_6_D04_777054	15	76902179	83263242	3723	0.008
OWNED_p_TCGA_b102_105_SNP_N_GenomeWideSNP_6_D04_777054	15	83263401	83263756	2	-1.4676
OWNED_p_TCGA_b102_105_SNP_N_GenomeWideSNP_6_D04_777054	15	83265751	92765755	6513	0.0173
OWNED_p_TCGA_b102_105_SNP_N_GenomeWideSNP_6_D04_777054	15	92765874	92766294	3	1.4047
OWNED_p_TCGA_b102_105_SNP_N_GenomeWideSNP_6_D04_777054	15	92766758	97808409	3996	0.0189
OWNED_p_TCGA_b102_105_SNP_N_GenomeWideSNP_6_D04_777054	15	97817792	97832187	11	-0.6127
OWNED_p_TCGA_b102_105_SNP_N_GenomeWideSNP_6_D04_777054	15	97833649	102469040	3427	0.0285
OWNED_p_TCGA_b102_105_SNP_N_GenomeWideSNP_6_D04_777054	16	60777	4146946	1625	0.02
OWNED_p_TCGA_b102_105_SNP_N_GenomeWideSNP_6_D04_777054	16	4147313	4149958	4	-1.0155
OWNED_p_TCGA_b102_105_SNP_N_GenomeWideSNP_6_D04_777054	16	4151587	21412403	12825	0.0227
OWNED_p_TCGA_b102_105_SNP_N_GenomeWideSNP_6_D04_777054	16	21515074	21742938	119	-0.8305
OWNED_p_TCGA_b102_105_SNP_N_GenomeWideSNP_6_D04_777054	16	21743132	22428645	264	0.033
OWNED_p_TCGA_b102_105_SNP_N_GenomeWideSNP_6_D04_777054	16	22431370	22726235	91	-0.2528
OWNED_p_TCGA_b102_105_SNP_N_GenomeWideSNP_6_D04_777054	16	22730354	29133565	4140	0.0137
OWNED_p_TCGA_b102_105_SNP_N_GenomeWideSNP_6_D04_777054	16	29133616	29134000	6	-0.7851
OWNED_p_TCGA_b102_105_SNP_N_GenomeWideSNP_6_D04_777054	16	29134083	29281054	66	0.0247
OWNED_p_TCGA_b102_105_SNP_N_GenomeWideSNP_6_D04_777054	16	29281055	29283704	3	-1.2444
OWNED_p_TCGA_b102_105_SNP_N_GenomeWideSNP_6_D04_777054	16	29287978	32158862	942	0.0323
OWNED_p_TCGA_b102_105_SNP_N_GenomeWideSNP_6_D04_777054	16	32177180	32588622	66	-0.2392
OWNED_p_TCGA_b102_105_SNP_N_GenomeWideSNP_6_D04_777054	16	32588901	32588909	5	-3.431
OWNED_p_TCGA_b102_105_SNP_N_GenomeWideSNP_6_D04_777054	16	32609274	32655239	23	-0.2647
OWNED_p_TCGA_b102_105_SNP_N_GenomeWideSNP_6_D04_777054	16	32655295	33367935	62	0.0765
OWNED_p_TCGA_b102_105_SNP_N_GenomeWideSNP_6_D04_777054	16	33369764	33627826	80	-0.2613
OWNED_p_TCGA_b102_105_SNP_N_GenomeWideSNP_6_D04_777054	16	33631830	53458017	4962	0.0205
OWNED_p_TCGA_b102_105_SNP_N_GenomeWideSNP_6_D04_777054	16	53469387	53469807	3	-1.3124
OWNED_p_TCGA_b102_105_SNP_N_GenomeWideSNP_6_D04_777054	16	53469929	55796594	2028	0.0113
OWNED_p_TCGA_b102_105_SNP_N_GenomeWideSNP_6_D04_777054	16	55798222	55809224	9	0.9767
OWNED_p_TCGA_b102_105_SNP_N_GenomeWideSNP_6_D04_777054	16	55809466	60553311	2951	0.0136
OWNED_p_TCGA_b102_105_SNP_N_GenomeWideSNP_6_D04_777054	16	60555538	60567079	8	-0.6972
OWNED_p_TCGA_b102_105_SNP_N_GenomeWideSNP_6_D04_777054	16	60571219	78371608	11468	0.0127
OWNED_p_TCGA_b102_105_SNP_N_GenomeWideSNP_6_D04_777054	16	78372440	78384738	15	0.9408
OWNED_p_TCGA_b102_105_SNP_N_GenomeWideSNP_6_D04_777054	16	78384765	90287535	10634	0.0149
OWNED_p_TCGA_b102_105_SNP_N_GenomeWideSNP_6_D04_777054	17	526	44163098	23489	0.0164
OWNED_p_TCGA_b102_105_SNP_N_GenomeWideSNP_6_D04_777054	17	44165803	44752300	173	-0.373
OWNED_p_TCGA_b102_105_SNP_N_GenomeWideSNP_6_D04_777054	17	44764994	81049726	21603	0.0175
OWNED_p_TCGA_b102_105_SNP_N_GenomeWideSNP_6_D04_777054	18	11543	78015057	50767	0.0085
OWNED_p_TCGA_b102_105_SNP_N_GenomeWideSNP_6_D04_777054	19	90910	8844992	3143	0.0199
OWNED_p_TCGA_b102_105_SNP_N_GenomeWideSNP_6_D04_777054	19	8844995	8845004	2	-1.6304
OWNED_p_TCGA_b102_105_SNP_N_GenomeWideSNP_6_D04_777054	19	8845449	16250527	3810	0.0127
OWNED_p_TCGA_b102_105_SNP_N_GenomeWideSNP_6_D04_777054	19	16255239	16257052	4	1.0065
OWNED_p_TCGA_b102_105_SNP_N_GenomeWideSNP_6_D04_777054	19	16259667	24375449	4238	0.0263
OWNED_p_TCGA_b102_105_SNP_N_GenomeWideSNP_6_D04_777054	19	24379102	24464957	35	-0.32
OWNED_p_TCGA_b102_105_SNP_N_GenomeWideSNP_6_D04_777054	19	24487682	29703264	1258	0.0233
OWNED_p_TCGA_b102_105_SNP_N_GenomeWideSNP_6_D04_777054	19	29703357	29707828	2	-1.6657
OWNED_p_TCGA_b102_105_SNP_N_GenomeWideSNP_6_D04_777054	19	29708418	35849322	4314	0.0149
OWNED_p_TCGA_b102_105_SNP_N_GenomeWideSNP_6_D04_777054	19	35849493	35866744	23	-0.4862
OWNED_p_TCGA_b102_105_SNP_N_GenomeWideSNP_6_D04_777054	19	35866786	41756038	3050	0.0175
OWNED_p_TCGA_b102_105_SNP_N_GenomeWideSNP_6_D04_777054	19	41761154	41762151	2	-2.5165
OWNED_p_TCGA_b102_105_SNP_N_GenomeWideSNP_6_D04_777054	19	41762525	43247525	664	0.0061
OWNED_p_TCGA_b102_105_SNP_N_GenomeWideSNP_6_D04_777054	19	43255217	43354452	40	0.5931
OWNED_p_TCGA_b102_105_SNP_N_GenomeWideSNP_6_D04_777054	19	43362652	43689550	158	0.0829
OWNED_p_TCGA_b102_105_SNP_N_GenomeWideSNP_6_D04_777054	19	43691318	43696975	4	-1.2172
OWNED_p_TCGA_b102_105_SNP_N_GenomeWideSNP_6_D04_777054	19	43697333	48368612	2304	0.0285
OWNED_p_TCGA_b102_105_SNP_N_GenomeWideSNP_6_D04_777054	19	48373713	48374789	2	-2.9621
OWNED_p_TCGA_b102_105_SNP_N_GenomeWideSNP_6_D04_777054	19	48378059	52131813	1884	0.0165
OWNED_p_TCGA_b102_105_SNP_N_GenomeWideSNP_6_D04_777054	19	52142352	52154905	12	-0.7255
OWNED_p_TCGA_b102_105_SNP_N_GenomeWideSNP_6_D04_777054	19	52155470	56273057	2524	0.0338
OWNED_p_TCGA_b102_105_SNP_N_GenomeWideSNP_6_D04_777054	19	56278050	56283067	6	1.1718
OWNED_p_TCGA_b102_105_SNP_N_GenomeWideSNP_6_D04_777054	19	56286293	59097854	1848	0.0266
OWNED_p_TCGA_b102_105_SNP_N_GenomeWideSNP_6_D04_777054	20	61305	62461	15	0.2346
OWNED_p_TCGA_b102_105_SNP_N_GenomeWideSNP_6_D04_777054	20	62920	1548016	1163	0.031
OWNED_p_TCGA_b102_105_SNP_N_GenomeWideSNP_6_D04_777054	20	1550334	1560922	25	0.2681
OWNED_p_TCGA_b102_105_SNP_N_GenomeWideSNP_6_D04_777054	20	1560951	1582207	38	0.721
OWNED_p_TCGA_b102_105_SNP_N_GenomeWideSNP_6_D04_777054	20	1590257	52644868	33717	0.0148
OWNED_p_TCGA_b102_105_SNP_N_GenomeWideSNP_6_D04_777054	20	52647808	52658651	38	-0.8012
OWNED_p_TCGA_b102_105_SNP_N_GenomeWideSNP_6_D04_777054	20	52662574	62535594	7269	0.0149
OWNED_p_TCGA_b102_105_SNP_N_GenomeWideSNP_6_D04_777054	20	62548199	62549565	2	-1.8303
OWNED_p_TCGA_b102_105_SNP_N_GenomeWideSNP_6_D04_777054	20	62551988	62956153	188	0.022
OWNED_p_TCGA_b102_105_SNP_N_GenomeWideSNP_6_D04_777054	21	10736871	44968053	22629	0.015
OWNED_p_TCGA_b102_105_SNP_N_GenomeWideSNP_6_D04_777054	21	44970873	44972812	2	-2.4486
OWNED_p_TCGA_b102_105_SNP_N_GenomeWideSNP_6_D04_777054	21	44973667	48096957	1762	0.0107
OWNED_p_TCGA_b102_105_SNP_N_GenomeWideSNP_6_D04_777054	22	16052528	16112001	13	-0.0108
OWNED_p_TCGA_b102_105_SNP_N_GenomeWideSNP_6_D04_777054	22	16112016	16477054	52	0.4378
OWNED_p_TCGA_b102_105_SNP_N_GenomeWideSNP_6_D04_777054	22	16477516	18672885	1146	0.0072
OWNED_p_TCGA_b102_105_SNP_N_GenomeWideSNP_6_D04_777054	22	18673357	18876428	12	0.8046
OWNED_p_TCGA_b102_105_SNP_N_GenomeWideSNP_6_D04_777054	22	18876713	20330744	921	0.0413
OWNED_p_TCGA_b102_105_SNP_N_GenomeWideSNP_6_D04_777054	22	20397856	20705775	7	0.7967
OWNED_p_TCGA_b102_105_SNP_N_GenomeWideSNP_6_D04_777054	22	20716936	21465672	696	0.0153
OWNED_p_TCGA_b102_105_SNP_N_GenomeWideSNP_6_D04_777054	22	21465835	21726099	14	1.1
OWNED_p_TCGA_b102_105_SNP_N_GenomeWideSNP_6_D04_777054	22	21726510	21809185	11	0.1266
OWNED_p_TCGA_b102_105_SNP_N_GenomeWideSNP_6_D04_777054	22	21815866	21917153	26	0.4683
OWNED_p_TCGA_b102_105_SNP_N_GenomeWideSNP_6_D04_777054	22	21917323	39287910	12558	0.0182
OWNED_p_TCGA_b102_105_SNP_N_GenomeWideSNP_6_D04_777054	22	39290920	39296904	4	-2.3777
OWNED_p_TCGA_b102_105_SNP_N_GenomeWideSNP_6_D04_777054	22	39299114	42892582	1954	0.0246
OWNED_p_TCGA_b102_105_SNP_N_GenomeWideSNP_6_D04_777054	22	42892596	42977190	37	0.3612
OWNED_p_TCGA_b102_105_SNP_N_GenomeWideSNP_6_D04_777054	22	42980051	51234455	6097	0.0122
OWNED_p_TCGA_b102_105_SNP_N_GenomeWideSNP_6_D04_777054	X	168477	89895299	47207	0.0148
OWNED_p_TCGA_b102_105_SNP_N_GenomeWideSNP_6_D04_777054	X	89903298	89903322	2	-1.9027
OWNED_p_TCGA_b102_105_SNP_N_GenomeWideSNP_6_D04_777054	X	89903345	121349797	17219	0.0168
OWNED_p_TCGA_b102_105_SNP_N_GenomeWideSNP_6_D04_777054	X	121351319	121351606	2	-1.5783
OWNED_p_TCGA_b102_105_SNP_N_GenomeWideSNP_6_D04_777054	X	121354296	155182354	20018	0.015
OWNED_p_TCGA_b102_105_SNP_N_GenomeWideSNP_6_D04_777054	Y	2650438	6101425	872	-2.142
OWNED_p_TCGA_b102_105_SNP_N_GenomeWideSNP_6_D04_777054	Y	6107901	6429434	131	-3.2933
OWNED_p_TCGA_b102_105_SNP_N_GenomeWideSNP_6_D04_777054	Y	6438630	15590276	2575	-2.6107
OWNED_p_TCGA_b102_105_SNP_N_GenomeWideSNP_6_D04_777054	Y	15590342	15594523	3	-7.561
OWNED_p_TCGA_b102_105_SNP_N_GenomeWideSNP_6_D04_777054	Y	15594889	19063565	1842	-2.6108
OWNED_p_TCGA_b102_105_SNP_N_GenomeWideSNP_6_D04_777054	Y	19068122	19170442	42	-3.1834
OWNED_p_TCGA_b102_105_SNP_N_GenomeWideSNP_6_D04_777054	Y	19179335	19179540	3	-7.6487
OWNED_p_TCGA_b102_105_SNP_N_GenomeWideSNP_6_D04_777054	Y	19182271	19291359	50	-3.0302
OWNED_p_TCGA_b102_105_SNP_N_GenomeWideSNP_6_D04_777054	Y	19291648	19571480	145	-2.4938
OWNED_p_TCGA_b102_105_SNP_N_GenomeWideSNP_6_D04_777054	Y	19574890	21088297	704	-3.1602
OWNED_p_TCGA_b102_105_SNP_N_GenomeWideSNP_6_D04_777054	Y	21088485	23653771	978	-2.6675
OWNED_p_TCGA_b102_105_SNP_N_GenomeWideSNP_6_D04_777054	Y	23683731	23690350	2	-8.9658
OWNED_p_TCGA_b102_105_SNP_N_GenomeWideSNP_6_D04_777054	Y	23715701	23859163	73	-2.6042
OWNED_p_TCGA_b102_105_SNP_N_GenomeWideSNP_6_D04_777054	Y	23859468	26190025	506	-3.0987
OWNED_p_TCGA_b102_105_SNP_N_GenomeWideSNP_6_D04_777054	Y	26193050	26408766	50	-2.4851
OWNED_p_TCGA_b102_105_SNP_N_GenomeWideSNP_6_D04_777054	Y	26409789	26412603	3	-5.145
OWNED_p_TCGA_b102_105_SNP_N_GenomeWideSNP_6_D04_777054	Y	26417092	26510575	34	-2.2441
OWNED_p_TCGA_b102_105_SNP_N_GenomeWideSNP_6_D04_777054	Y	26510799	27240184	89	-3.5227
OWNED_p_TCGA_b102_105_SNP_N_GenomeWideSNP_6_D04_777054	Y	27254679	27695095	93	-2.278
OWNED_p_TCGA_b102_105_SNP_N_GenomeWideSNP_6_D04_777054	Y	27717799	28452016	263	-3.1517
OWNED_p_TCGA_b102_105_SNP_N_GenomeWideSNP_6_D04_777054	Y	28457337	59018259	175	-2.2642
