GDC_Aliquot	Chromosome	Start	End	Num_Probes	Segment_Mean
79422740-b6dc-4649-88a0-1f49a869e812	1	62920	2536961	487	-0.1869
79422740-b6dc-4649-88a0-1f49a869e812	1	2541819	2569899	3	-1.7216
79422740-b6dc-4649-88a0-1f49a869e812	1	2571595	9027949	3994	-0.1597
79422740-b6dc-4649-88a0-1f49a869e812	1	9030291	15827002	3766	0.0077
79422740-b6dc-4649-88a0-1f49a869e812	1	15827041	15828515	9	-1.1039
79422740-b6dc-4649-88a0-1f49a869e812	1	15839166	16689764	332	-0.0044
79422740-b6dc-4649-88a0-1f49a869e812	1	16718963	16721984	6	-0.8627
79422740-b6dc-4649-88a0-1f49a869e812	1	16766762	16956580	73	0.3764
79422740-b6dc-4649-88a0-1f49a869e812	1	16958425	25256800	5196	0.0078
79422740-b6dc-4649-88a0-1f49a869e812	1	25256850	25320455	25	0.5182
79422740-b6dc-4649-88a0-1f49a869e812	1	25336819	61647430	21194	0.031
79422740-b6dc-4649-88a0-1f49a869e812	1	61648334	61652515	3	-2.332
79422740-b6dc-4649-88a0-1f49a869e812	1	61654137	65432268	2766	0.0218
79422740-b6dc-4649-88a0-1f49a869e812	1	65432318	65440582	3	1.3667
79422740-b6dc-4649-88a0-1f49a869e812	1	65441079	70958755	3661	0.0145
79422740-b6dc-4649-88a0-1f49a869e812	1	70960577	70964183	2	1.6267
79422740-b6dc-4649-88a0-1f49a869e812	1	70967301	72280884	763	0.0131
79422740-b6dc-4649-88a0-1f49a869e812	1	72280898	72297687	12	-0.7548
79422740-b6dc-4649-88a0-1f49a869e812	1	72302735	72345465	48	2.1891
79422740-b6dc-4649-88a0-1f49a869e812	1	72346221	78323769	3724	0.0311
79422740-b6dc-4649-88a0-1f49a869e812	1	78323890	78347266	15	0.5207
79422740-b6dc-4649-88a0-1f49a869e812	1	78348107	102205781	15331	0.021
79422740-b6dc-4649-88a0-1f49a869e812	1	102206536	102378414	142	0.2
79422740-b6dc-4649-88a0-1f49a869e812	1	102378611	102698962	179	0.045
79422740-b6dc-4649-88a0-1f49a869e812	1	102699674	102700584	3	-1.4319
79422740-b6dc-4649-88a0-1f49a869e812	1	102700900	109684695	3954	0.0362
79422740-b6dc-4649-88a0-1f49a869e812	1	109684893	109697556	14	1.1711
79422740-b6dc-4649-88a0-1f49a869e812	1	109702376	143459641	7057	0.0322
79422740-b6dc-4649-88a0-1f49a869e812	1	143494500	143754062	112	-0.499
79422740-b6dc-4649-88a0-1f49a869e812	1	143754077	152583319	2300	0.0537
79422740-b6dc-4649-88a0-1f49a869e812	1	152583408	152607349	25	0.8061
79422740-b6dc-4649-88a0-1f49a869e812	1	152613242	196740630	29291	0.0271
79422740-b6dc-4649-88a0-1f49a869e812	1	196741937	196846661	65	0.5161
79422740-b6dc-4649-88a0-1f49a869e812	1	196847600	199142235	1354	0.0248
79422740-b6dc-4649-88a0-1f49a869e812	1	199142298	199143343	5	-0.8689
79422740-b6dc-4649-88a0-1f49a869e812	1	199143396	214464465	10363	0.0259
79422740-b6dc-4649-88a0-1f49a869e812	1	214465093	214465114	2	-1.8135
79422740-b6dc-4649-88a0-1f49a869e812	1	214465910	241042133	18427	0.0229
79422740-b6dc-4649-88a0-1f49a869e812	1	241042311	241042374	2	2.01
79422740-b6dc-4649-88a0-1f49a869e812	1	241045696	248930189	5173	0.0501
79422740-b6dc-4649-88a0-1f49a869e812	2	12784	34466002	23772	0.012
79422740-b6dc-4649-88a0-1f49a869e812	2	34474248	34511990	45	-1.3701
79422740-b6dc-4649-88a0-1f49a869e812	2	34512096	97359885	36433	0.0304
79422740-b6dc-4649-88a0-1f49a869e812	2	97524284	97545247	8	-0.9616
79422740-b6dc-4649-88a0-1f49a869e812	2	97545726	106265083	5507	0.018
79422740-b6dc-4649-88a0-1f49a869e812	2	106265177	106270799	10	0.6695
79422740-b6dc-4649-88a0-1f49a869e812	2	106270952	116718877	5625	0.0221
79422740-b6dc-4649-88a0-1f49a869e812	2	116719010	117574253	518	0.1153
79422740-b6dc-4649-88a0-1f49a869e812	2	117576424	124819088	4707	0.0113
79422740-b6dc-4649-88a0-1f49a869e812	2	124822148	124824348	4	1.3308
79422740-b6dc-4649-88a0-1f49a869e812	2	124829526	125518139	377	0.0946
79422740-b6dc-4649-88a0-1f49a869e812	2	125520549	125522119	2	2.0564
79422740-b6dc-4649-88a0-1f49a869e812	2	125522815	168439331	25552	0.0146
79422740-b6dc-4649-88a0-1f49a869e812	2	168439367	168440571	2	-2.626
79422740-b6dc-4649-88a0-1f49a869e812	2	168441456	207490231	23359	0.0196
79422740-b6dc-4649-88a0-1f49a869e812	2	207490454	207494612	16	-2.4203
79422740-b6dc-4649-88a0-1f49a869e812	2	207494752	208189585	396	0.0049
79422740-b6dc-4649-88a0-1f49a869e812	2	208190524	208195839	3	1.1839
79422740-b6dc-4649-88a0-1f49a869e812	2	208198537	232429529	15326	0.0152
79422740-b6dc-4649-88a0-1f49a869e812	2	232438125	232447215	5	-0.9557
79422740-b6dc-4649-88a0-1f49a869e812	2	232453368	239396271	4637	0.0255
79422740-b6dc-4649-88a0-1f49a869e812	2	239397060	239407952	7	-0.858
79422740-b6dc-4649-88a0-1f49a869e812	2	239409695	242147305	1446	0.0333
79422740-b6dc-4649-88a0-1f49a869e812	3	20930	182919	151	0.0248
79422740-b6dc-4649-88a0-1f49a869e812	3	188339	191117	4	-2.4968
79422740-b6dc-4649-88a0-1f49a869e812	3	193194	6604856	5575	0.0161
79422740-b6dc-4649-88a0-1f49a869e812	3	6609441	6611427	19	-0.5298
79422740-b6dc-4649-88a0-1f49a869e812	3	6611461	11366589	3662	-0.0092
79422740-b6dc-4649-88a0-1f49a869e812	3	11371130	11371926	4	-1.4634
79422740-b6dc-4649-88a0-1f49a869e812	3	11375791	55751769	27964	-0.0171
79422740-b6dc-4649-88a0-1f49a869e812	3	55752512	55756736	2	-2.0043
79422740-b6dc-4649-88a0-1f49a869e812	3	55761498	60223894	3040	-0.0038
79422740-b6dc-4649-88a0-1f49a869e812	3	60223953	60224644	2	2.1734
79422740-b6dc-4649-88a0-1f49a869e812	3	60225088	60602894	400	-0.0011
79422740-b6dc-4649-88a0-1f49a869e812	3	60603605	60866766	271	0.121
79422740-b6dc-4649-88a0-1f49a869e812	3	60867210	83569594	15404	-0.0219
79422740-b6dc-4649-88a0-1f49a869e812	3	83582641	83816644	110	0.8073
79422740-b6dc-4649-88a0-1f49a869e812	3	83826893	84649532	410	-0.0011
79422740-b6dc-4649-88a0-1f49a869e812	3	84649683	84662574	26	0.3623
79422740-b6dc-4649-88a0-1f49a869e812	3	84668772	89334971	2655	-0.0181
79422740-b6dc-4649-88a0-1f49a869e812	3	89335001	89367367	53	0.3266
79422740-b6dc-4649-88a0-1f49a869e812	3	89367382	95737262	1377	0.0062
79422740-b6dc-4649-88a0-1f49a869e812	3	95748036	95749266	2	-2.5642
79422740-b6dc-4649-88a0-1f49a869e812	3	95749836	130067366	20363	-0.0075
79422740-b6dc-4649-88a0-1f49a869e812	3	130067443	130087393	31	-1.5027
79422740-b6dc-4649-88a0-1f49a869e812	3	130088081	161797809	19350	-0.0108
79422740-b6dc-4649-88a0-1f49a869e812	3	161797839	161797861	2	1.7686
79422740-b6dc-4649-88a0-1f49a869e812	3	161798156	162815162	685	0.0274
79422740-b6dc-4649-88a0-1f49a869e812	3	162816942	162822702	6	1.7433
79422740-b6dc-4649-88a0-1f49a869e812	3	162827928	162869881	23	0.2571
79422740-b6dc-4649-88a0-1f49a869e812	3	162874335	162895970	15	0.7076
79422740-b6dc-4649-88a0-1f49a869e812	3	162896180	162996729	82	0.011
79422740-b6dc-4649-88a0-1f49a869e812	3	162999939	163001774	2	-2.3196
79422740-b6dc-4649-88a0-1f49a869e812	3	163008371	183487373	12294	-0.0035
79422740-b6dc-4649-88a0-1f49a869e812	3	183488149	183488603	2	1.8191
79422740-b6dc-4649-88a0-1f49a869e812	3	183493066	187877506	2810	-0.004
79422740-b6dc-4649-88a0-1f49a869e812	3	187877590	187877925	2	1.575
79422740-b6dc-4649-88a0-1f49a869e812	3	187877952	189642965	1308	0.0041
79422740-b6dc-4649-88a0-1f49a869e812	3	189645889	189653199	12	-2.2989
79422740-b6dc-4649-88a0-1f49a869e812	3	189653225	193160113	2463	-0.0111
79422740-b6dc-4649-88a0-1f49a869e812	3	193160173	193165114	19	-0.8909
79422740-b6dc-4649-88a0-1f49a869e812	3	193168646	195656271	1459	-0.0041
79422740-b6dc-4649-88a0-1f49a869e812	3	195663809	195747892	43	0.3475
79422740-b6dc-4649-88a0-1f49a869e812	3	195751823	198169247	1154	0.0037
79422740-b6dc-4649-88a0-1f49a869e812	4	68929	54635561	33214	0.0178
79422740-b6dc-4649-88a0-1f49a869e812	4	54635754	54639193	2	1.9641
79422740-b6dc-4649-88a0-1f49a869e812	4	54639766	63831891	5671	0.0229
79422740-b6dc-4649-88a0-1f49a869e812	4	63832015	63839893	13	0.896
79422740-b6dc-4649-88a0-1f49a869e812	4	63839908	76872059	7859	0.008
79422740-b6dc-4649-88a0-1f49a869e812	4	76872087	76872625	6	-1.0998
79422740-b6dc-4649-88a0-1f49a869e812	4	76872676	89158326	7629	0.0016
79422740-b6dc-4649-88a0-1f49a869e812	4	89161327	89162109	2	-1.5695
79422740-b6dc-4649-88a0-1f49a869e812	4	89162206	94924355	3228	0.0075
79422740-b6dc-4649-88a0-1f49a869e812	4	94924481	94925319	2	1.7907
79422740-b6dc-4649-88a0-1f49a869e812	4	94926863	103294549	4977	0.0053
79422740-b6dc-4649-88a0-1f49a869e812	4	103296943	103296945	3	1.6292
79422740-b6dc-4649-88a0-1f49a869e812	4	103298947	103824414	363	0.0237
79422740-b6dc-4649-88a0-1f49a869e812	4	103830473	103830480	5	1.3463
79422740-b6dc-4649-88a0-1f49a869e812	4	103830487	107130343	1837	-0.0007
79422740-b6dc-4649-88a0-1f49a869e812	4	107144594	107155376	38	-0.4008
79422740-b6dc-4649-88a0-1f49a869e812	4	107156277	129141596	12997	0.0035
79422740-b6dc-4649-88a0-1f49a869e812	4	129146391	129147005	2	-2.6719
79422740-b6dc-4649-88a0-1f49a869e812	4	129151408	160933025	18983	0.0103
79422740-b6dc-4649-88a0-1f49a869e812	4	160934706	160964197	64	0.2871
79422740-b6dc-4649-88a0-1f49a869e812	4	160966393	172068222	6982	0.014
79422740-b6dc-4649-88a0-1f49a869e812	4	172068257	172068382	7	-1.5566
79422740-b6dc-4649-88a0-1f49a869e812	4	172074828	190106768	11917	0.0138
79422740-b6dc-4649-88a0-1f49a869e812	5	15532	725091	315	-0.0595
79422740-b6dc-4649-88a0-1f49a869e812	5	728864	808932	21	-0.6028
79422740-b6dc-4649-88a0-1f49a869e812	5	817735	1428399	305	-0.0436
79422740-b6dc-4649-88a0-1f49a869e812	5	1428688	1555710	74	-0.2887
79422740-b6dc-4649-88a0-1f49a869e812	5	1557933	8390255	5878	0.0092
79422740-b6dc-4649-88a0-1f49a869e812	5	8396348	8396772	3	-1.2604
79422740-b6dc-4649-88a0-1f49a869e812	5	8398273	8702128	264	0.0325
79422740-b6dc-4649-88a0-1f49a869e812	5	8702410	8747030	47	-0.7793
79422740-b6dc-4649-88a0-1f49a869e812	5	8749619	12783553	3154	0.0225
79422740-b6dc-4649-88a0-1f49a869e812	5	12784927	13100106	99	0.291
79422740-b6dc-4649-88a0-1f49a869e812	5	13104852	45915946	20103	0.0216
79422740-b6dc-4649-88a0-1f49a869e812	5	45921037	45922221	2	1.7973
79422740-b6dc-4649-88a0-1f49a869e812	5	45930948	46271006	62	0.1078
79422740-b6dc-4649-88a0-1f49a869e812	5	46271828	46273400	6	-1.9814
79422740-b6dc-4649-88a0-1f49a869e812	5	46278110	58025819	5022	0.025
79422740-b6dc-4649-88a0-1f49a869e812	5	58030200	58037706	32	1.2435
79422740-b6dc-4649-88a0-1f49a869e812	5	58042530	63124125	3318	0.0163
79422740-b6dc-4649-88a0-1f49a869e812	5	63124889	63887110	435	0.269
79422740-b6dc-4649-88a0-1f49a869e812	5	63889871	76154170	6574	0.0198
79422740-b6dc-4649-88a0-1f49a869e812	5	76154195	76154319	4	1.2067
79422740-b6dc-4649-88a0-1f49a869e812	5	76154351	99107396	13089	0.0172
79422740-b6dc-4649-88a0-1f49a869e812	5	99108360	100231877	658	0.1066
79422740-b6dc-4649-88a0-1f49a869e812	5	100232836	104515520	2441	0.0139
79422740-b6dc-4649-88a0-1f49a869e812	5	104524672	104524903	4	-1.262
79422740-b6dc-4649-88a0-1f49a869e812	5	104525348	181363319	49665	0.0179
79422740-b6dc-4649-88a0-1f49a869e812	6	149661	257353	101	-0.0242
79422740-b6dc-4649-88a0-1f49a869e812	6	258265	381149	94	-1.0069
79422740-b6dc-4649-88a0-1f49a869e812	6	382559	29869411	21184	0.0224
79422740-b6dc-4649-88a0-1f49a869e812	6	29869537	29882419	15	-0.7169
79422740-b6dc-4649-88a0-1f49a869e812	6	29882497	31309909	645	0.0598
79422740-b6dc-4649-88a0-1f49a869e812	6	31313046	31327629	8	-1.4327
79422740-b6dc-4649-88a0-1f49a869e812	6	31328176	33970966	1341	0.0428
79422740-b6dc-4649-88a0-1f49a869e812	6	33974234	33974928	6	-1.0626
79422740-b6dc-4649-88a0-1f49a869e812	6	33976809	41651023	5021	0.0321
79422740-b6dc-4649-88a0-1f49a869e812	6	41651312	41652139	4	-0.9875
79422740-b6dc-4649-88a0-1f49a869e812	6	41652999	49467882	4688	0.0286
79422740-b6dc-4649-88a0-1f49a869e812	6	49467981	49472092	3	1.085
79422740-b6dc-4649-88a0-1f49a869e812	6	49472547	51318306	1038	0.0134
79422740-b6dc-4649-88a0-1f49a869e812	6	51318860	51319914	3	-1.3957
79422740-b6dc-4649-88a0-1f49a869e812	6	51321090	54066269	1964	0.0192
79422740-b6dc-4649-88a0-1f49a869e812	6	54066286	54067057	8	1.134
79422740-b6dc-4649-88a0-1f49a869e812	6	54070550	61139432	2439	0.0156
79422740-b6dc-4649-88a0-1f49a869e812	6	61140718	61541168	99	0.2428
79422740-b6dc-4649-88a0-1f49a869e812	6	61541534	62213920	399	0.0326
79422740-b6dc-4649-88a0-1f49a869e812	6	62215737	62217987	3	-1.0763
79422740-b6dc-4649-88a0-1f49a869e812	6	62218399	62329686	55	0.0226
79422740-b6dc-4649-88a0-1f49a869e812	6	62329804	62331922	3	1.2257
79422740-b6dc-4649-88a0-1f49a869e812	6	62332793	64627049	1185	0.0196
79422740-b6dc-4649-88a0-1f49a869e812	6	64637651	64639099	2	-1.869
79422740-b6dc-4649-88a0-1f49a869e812	6	64640883	66292183	1086	0.0299
79422740-b6dc-4649-88a0-1f49a869e812	6	66292296	66338736	58	-0.607
79422740-b6dc-4649-88a0-1f49a869e812	6	66339513	78253172	7700	0.0278
79422740-b6dc-4649-88a0-1f49a869e812	6	78259348	78329517	112	-0.4633
79422740-b6dc-4649-88a0-1f49a869e812	6	78331916	79614117	780	0.0155
79422740-b6dc-4649-88a0-1f49a869e812	6	79615147	79615517	2	2.0536
79422740-b6dc-4649-88a0-1f49a869e812	6	79615613	170032659	57811	0.0176
79422740-b6dc-4649-88a0-1f49a869e812	6	170032852	170032890	2	-1.8166
79422740-b6dc-4649-88a0-1f49a869e812	6	170033187	170741917	334	-0.0069
79422740-b6dc-4649-88a0-1f49a869e812	7	43355	134100424	80851	0.0261
79422740-b6dc-4649-88a0-1f49a869e812	7	134100442	134110881	23	-1.7569
79422740-b6dc-4649-88a0-1f49a869e812	7	134110912	142063324	5137	0.0292
79422740-b6dc-4649-88a0-1f49a869e812	7	142069843	142092108	33	-2.6625
79422740-b6dc-4649-88a0-1f49a869e812	7	142092307	142408459	252	0.0545
79422740-b6dc-4649-88a0-1f49a869e812	7	142412932	142758102	168	0.2252
79422740-b6dc-4649-88a0-1f49a869e812	7	142758117	154598185	7128	0.0231
79422740-b6dc-4649-88a0-1f49a869e812	7	154601461	154607903	4	-1.8147
79422740-b6dc-4649-88a0-1f49a869e812	7	154609120	159156259	3086	0.0158
79422740-b6dc-4649-88a0-1f49a869e812	7	159156673	159161823	2	-2.4079
79422740-b6dc-4649-88a0-1f49a869e812	7	159162548	159334314	109	-0.0139
79422740-b6dc-4649-88a0-1f49a869e812	8	81254	1180507	671	0.0079
79422740-b6dc-4649-88a0-1f49a869e812	8	1180538	1198273	18	-0.5894
79422740-b6dc-4649-88a0-1f49a869e812	8	1198313	5736610	5242	0.0442
79422740-b6dc-4649-88a0-1f49a869e812	8	5736745	5746378	20	-0.6605
79422740-b6dc-4649-88a0-1f49a869e812	8	5746392	6968220	1578	0.0446
79422740-b6dc-4649-88a0-1f49a869e812	8	6968330	7021331	22	-0.5441
79422740-b6dc-4649-88a0-1f49a869e812	8	7022281	7155402	74	-0.0188
79422740-b6dc-4649-88a0-1f49a869e812	8	7167045	7396819	31	0.4717
79422740-b6dc-4649-88a0-1f49a869e812	8	7397588	18939412	8993	0.0332
79422740-b6dc-4649-88a0-1f49a869e812	8	18940021	18940077	2	-2.198
79422740-b6dc-4649-88a0-1f49a869e812	8	18940698	18991998	57	0.0025
79422740-b6dc-4649-88a0-1f49a869e812	8	18994029	19001036	25	-0.9748
79422740-b6dc-4649-88a0-1f49a869e812	8	19001217	19682221	606	0.026
79422740-b6dc-4649-88a0-1f49a869e812	8	19686277	19686410	2	1.65
79422740-b6dc-4649-88a0-1f49a869e812	8	19686624	25116928	3870	0.0279
79422740-b6dc-4649-88a0-1f49a869e812	8	25116961	25126818	26	0.4553
79422740-b6dc-4649-88a0-1f49a869e812	8	25133589	39389156	8899	0.0211
79422740-b6dc-4649-88a0-1f49a869e812	8	39389592	39529446	57	0.7582
79422740-b6dc-4649-88a0-1f49a869e812	8	39530780	111279265	41550	0.0242
79422740-b6dc-4649-88a0-1f49a869e812	8	111282050	111288052	11	-0.9968
79422740-b6dc-4649-88a0-1f49a869e812	8	111289023	145072769	22665	0.0303
79422740-b6dc-4649-88a0-1f49a869e812	9	46587	11009378	10346	0.0304
79422740-b6dc-4649-88a0-1f49a869e812	9	11010349	11690912	526	-0.2689
79422740-b6dc-4649-88a0-1f49a869e812	9	11694501	11996270	223	-0.0268
79422740-b6dc-4649-88a0-1f49a869e812	9	11996759	12780671	609	-0.2266
79422740-b6dc-4649-88a0-1f49a869e812	9	12786836	41741113	19140	0.014
79422740-b6dc-4649-88a0-1f49a869e812	9	42014203	61378951	92	0.3867
79422740-b6dc-4649-88a0-1f49a869e812	9	61405110	138200944	47530	0.0291
79422740-b6dc-4649-88a0-1f49a869e812	10	45792	4248622	3524	0.0363
79422740-b6dc-4649-88a0-1f49a869e812	10	4248646	4248824	3	1.9589
79422740-b6dc-4649-88a0-1f49a869e812	10	4251879	34810444	22967	0.0241
79422740-b6dc-4649-88a0-1f49a869e812	10	34811810	34812333	3	-1.4012
79422740-b6dc-4649-88a0-1f49a869e812	10	34812623	46522514	4791	0.0132
79422740-b6dc-4649-88a0-1f49a869e812	10	46522571	46526061	11	0.9363
79422740-b6dc-4649-88a0-1f49a869e812	10	46526086	55420393	5575	0.0207
79422740-b6dc-4649-88a0-1f49a869e812	10	55420481	55420557	3	-1.8984
79422740-b6dc-4649-88a0-1f49a869e812	10	55420561	133654968	52686	0.0109
79422740-b6dc-4649-88a0-1f49a869e812	11	198510	4946420	2393	0.018
79422740-b6dc-4649-88a0-1f49a869e812	11	4947280	4954475	28	0.7933
79422740-b6dc-4649-88a0-1f49a869e812	11	4955027	5766175	769	0.0383
79422740-b6dc-4649-88a0-1f49a869e812	11	5766850	5787909	32	-1.6124
79422740-b6dc-4649-88a0-1f49a869e812	11	5788108	16604164	7763	0.0102
79422740-b6dc-4649-88a0-1f49a869e812	11	16615776	16616495	6	-1.0992
79422740-b6dc-4649-88a0-1f49a869e812	11	16624541	17383105	474	0.0099
79422740-b6dc-4649-88a0-1f49a869e812	11	17383786	17383800	2	-1.7344
79422740-b6dc-4649-88a0-1f49a869e812	11	17384070	55172866	22378	0.0228
79422740-b6dc-4649-88a0-1f49a869e812	11	55198132	56269101	670	0.1246
79422740-b6dc-4649-88a0-1f49a869e812	11	56270130	135074876	51246	0.0296
79422740-b6dc-4649-88a0-1f49a869e812	12	51460	7672411	5233	0.5105
79422740-b6dc-4649-88a0-1f49a869e812	12	7677703	8404097	299	0.0064
79422740-b6dc-4649-88a0-1f49a869e812	12	8405892	8432076	18	1.0792
79422740-b6dc-4649-88a0-1f49a869e812	12	8442298	9498697	552	0.0243
79422740-b6dc-4649-88a0-1f49a869e812	12	9498795	9562969	18	-1.3548
79422740-b6dc-4649-88a0-1f49a869e812	12	9575696	10665012	760	0.0332
79422740-b6dc-4649-88a0-1f49a869e812	12	10665058	10665486	5	1.0587
79422740-b6dc-4649-88a0-1f49a869e812	12	10665583	11062773	255	0.0038
79422740-b6dc-4649-88a0-1f49a869e812	12	11064250	11088933	12	-0.9489
79422740-b6dc-4649-88a0-1f49a869e812	12	11099275	11351157	130	0.0802
79422740-b6dc-4649-88a0-1f49a869e812	12	11358643	11390472	31	-0.7013
79422740-b6dc-4649-88a0-1f49a869e812	12	11399258	37987416	16077	0.0292
79422740-b6dc-4649-88a0-1f49a869e812	12	37990298	42850052	3057	-0.1431
79422740-b6dc-4649-88a0-1f49a869e812	12	42850119	42854314	3	1.9331
79422740-b6dc-4649-88a0-1f49a869e812	12	42855067	53065218	5948	-0.1231
79422740-b6dc-4649-88a0-1f49a869e812	12	53065317	54408116	632	0.0497
79422740-b6dc-4649-88a0-1f49a869e812	12	54408306	54985211	355	0.1541
79422740-b6dc-4649-88a0-1f49a869e812	12	54986456	66156601	6595	0.0345
79422740-b6dc-4649-88a0-1f49a869e812	12	66161753	66563325	284	0.147
79422740-b6dc-4649-88a0-1f49a869e812	12	66563474	66564104	2	1.3504
79422740-b6dc-4649-88a0-1f49a869e812	12	66569517	67050905	412	0.1808
79422740-b6dc-4649-88a0-1f49a869e812	12	67054880	73628467	4344	0.0362
79422740-b6dc-4649-88a0-1f49a869e812	12	73631116	74093280	226	0.2317
79422740-b6dc-4649-88a0-1f49a869e812	12	74094137	77354485	2054	0.0439
79422740-b6dc-4649-88a0-1f49a869e812	12	77355769	77494669	117	0.1963
79422740-b6dc-4649-88a0-1f49a869e812	12	77495583	77588841	93	0.0188
79422740-b6dc-4649-88a0-1f49a869e812	12	77588935	77607659	28	0.2871
79422740-b6dc-4649-88a0-1f49a869e812	12	77608674	78032058	326	0.0523
79422740-b6dc-4649-88a0-1f49a869e812	12	78033884	78338934	240	0.1477
79422740-b6dc-4649-88a0-1f49a869e812	12	78339739	89485737	6534	0.0348
79422740-b6dc-4649-88a0-1f49a869e812	12	89491742	89492801	2	1.7789
79422740-b6dc-4649-88a0-1f49a869e812	12	89494744	90089066	348	0.0351
79422740-b6dc-4649-88a0-1f49a869e812	12	90089570	90098297	9	0.6183
79422740-b6dc-4649-88a0-1f49a869e812	12	90099780	92473758	1610	0.0308
79422740-b6dc-4649-88a0-1f49a869e812	12	92475300	92810173	240	0.184
79422740-b6dc-4649-88a0-1f49a869e812	12	92814377	95410229	1777	0.0244
79422740-b6dc-4649-88a0-1f49a869e812	12	95410272	97906372	1821	-0.073
79422740-b6dc-4649-88a0-1f49a869e812	12	97908154	98052083	89	0.1141
79422740-b6dc-4649-88a0-1f49a869e812	12	98052399	98148802	53	-0.1175
79422740-b6dc-4649-88a0-1f49a869e812	12	98154580	98707663	363	0.1099
79422740-b6dc-4649-88a0-1f49a869e812	12	98707679	102411139	2224	-0.0704
79422740-b6dc-4649-88a0-1f49a869e812	12	102414030	102667611	183	0.0897
79422740-b6dc-4649-88a0-1f49a869e812	12	102668410	102786755	103	-0.1026
79422740-b6dc-4649-88a0-1f49a869e812	12	102787362	102949505	95	0.1001
79422740-b6dc-4649-88a0-1f49a869e812	12	102951429	103389578	258	-0.092
79422740-b6dc-4649-88a0-1f49a869e812	12	103389784	109131263	4098	0.0401
79422740-b6dc-4649-88a0-1f49a869e812	12	109131589	109284664	106	0.2382
79422740-b6dc-4649-88a0-1f49a869e812	12	109286387	123682431	8788	0.0359
79422740-b6dc-4649-88a0-1f49a869e812	12	123685083	123980688	164	0.1864
79422740-b6dc-4649-88a0-1f49a869e812	12	123981685	126640834	2008	0.0331
79422740-b6dc-4649-88a0-1f49a869e812	12	126641198	126645946	2	1.7492
79422740-b6dc-4649-88a0-1f49a869e812	12	126646494	127042525	346	0.0284
79422740-b6dc-4649-88a0-1f49a869e812	12	127044541	127181130	167	0.2156
79422740-b6dc-4649-88a0-1f49a869e812	12	127184310	128936743	1489	0.02
79422740-b6dc-4649-88a0-1f49a869e812	12	128937187	129603529	652	0.1947
79422740-b6dc-4649-88a0-1f49a869e812	12	129604276	129721488	102	0.0117
79422740-b6dc-4649-88a0-1f49a869e812	12	129722157	129722520	3	1.7302
79422740-b6dc-4649-88a0-1f49a869e812	12	129723186	133201603	2121	0.0098
79422740-b6dc-4649-88a0-1f49a869e812	13	18452809	18638271	23	0.1286
79422740-b6dc-4649-88a0-1f49a869e812	13	18639738	18641527	2	2.0654
79422740-b6dc-4649-88a0-1f49a869e812	13	18641534	35021211	11615	0.0204
79422740-b6dc-4649-88a0-1f49a869e812	13	35022797	57128885	13991	-0.4485
79422740-b6dc-4649-88a0-1f49a869e812	13	57128988	57200966	49	-0.0318
79422740-b6dc-4649-88a0-1f49a869e812	13	57201082	68675349	6815	-0.4452
79422740-b6dc-4649-88a0-1f49a869e812	13	68676647	68676863	3	1.3659
79422740-b6dc-4649-88a0-1f49a869e812	13	68676887	69289157	473	-0.4249
79422740-b6dc-4649-88a0-1f49a869e812	13	69293629	69294393	4	0.7494
79422740-b6dc-4649-88a0-1f49a869e812	13	69295378	72191166	1840	-0.4591
79422740-b6dc-4649-88a0-1f49a869e812	13	72193695	105370372	22157	0.0249
79422740-b6dc-4649-88a0-1f49a869e812	13	105370636	105374205	2	2.7336
79422740-b6dc-4649-88a0-1f49a869e812	13	105374508	105720747	273	0.0995
79422740-b6dc-4649-88a0-1f49a869e812	13	105723779	105725845	3	1.9243
79422740-b6dc-4649-88a0-1f49a869e812	13	105727398	114234363	5991	0.0273
79422740-b6dc-4649-88a0-1f49a869e812	13	114237993	114244855	5	1.0018
79422740-b6dc-4649-88a0-1f49a869e812	13	114245826	114342922	41	-0.0043
79422740-b6dc-4649-88a0-1f49a869e812	14	18239283	19957350	169	0.3939
79422740-b6dc-4649-88a0-1f49a869e812	14	19957701	21862151	1254	0.0471
79422740-b6dc-4649-88a0-1f49a869e812	14	21862255	22524749	592	0.2708
79422740-b6dc-4649-88a0-1f49a869e812	14	22526139	35025509	7817	0.0263
79422740-b6dc-4649-88a0-1f49a869e812	14	35030113	35034120	2	1.6612
79422740-b6dc-4649-88a0-1f49a869e812	14	35035384	36866665	1148	0.0097
79422740-b6dc-4649-88a0-1f49a869e812	14	36867317	36867430	3	1.5082
79422740-b6dc-4649-88a0-1f49a869e812	14	36867767	40139724	1874	0.0324
79422740-b6dc-4649-88a0-1f49a869e812	14	40144718	40147715	2	-2.2172
79422740-b6dc-4649-88a0-1f49a869e812	14	40148961	40507424	256	0.0151
79422740-b6dc-4649-88a0-1f49a869e812	14	40509912	40511299	5	1.4964
79422740-b6dc-4649-88a0-1f49a869e812	14	40511609	105796355	41139	0.0223
79422740-b6dc-4649-88a0-1f49a869e812	14	105797340	106509297	286	0.1979
79422740-b6dc-4649-88a0-1f49a869e812	14	106513845	106877229	181	0.0371
79422740-b6dc-4649-88a0-1f49a869e812	15	19811075	20190276	56	-0.0069
79422740-b6dc-4649-88a0-1f49a869e812	15	20206125	22299523	149	-0.6697
79422740-b6dc-4649-88a0-1f49a869e812	15	22385639	27740261	3401	0.0197
79422740-b6dc-4649-88a0-1f49a869e812	15	27740468	27742842	3	-2.4127
79422740-b6dc-4649-88a0-1f49a869e812	15	27743151	30152073	1180	0.0364
79422740-b6dc-4649-88a0-1f49a869e812	15	30156392	30654466	42	0.3624
79422740-b6dc-4649-88a0-1f49a869e812	15	30656433	34459800	2536	0.0275
79422740-b6dc-4649-88a0-1f49a869e812	15	34464698	34683235	145	0.206
79422740-b6dc-4649-88a0-1f49a869e812	15	34684669	45087504	6103	0.0382
79422740-b6dc-4649-88a0-1f49a869e812	15	45089203	45091248	2	2.3386
79422740-b6dc-4649-88a0-1f49a869e812	15	45091422	85379310	24918	0.0271
79422740-b6dc-4649-88a0-1f49a869e812	15	85387900	85479841	60	0.2989
79422740-b6dc-4649-88a0-1f49a869e812	15	85480307	88697547	2569	0.0268
79422740-b6dc-4649-88a0-1f49a869e812	15	88701941	88712412	5	-1.0966
79422740-b6dc-4649-88a0-1f49a869e812	15	88712667	100482275	8716	0.0316
79422740-b6dc-4649-88a0-1f49a869e812	15	100482488	100501541	15	0.5838
79422740-b6dc-4649-88a0-1f49a869e812	15	100501691	101928837	1043	0.0108
79422740-b6dc-4649-88a0-1f49a869e812	16	10777	53424105	24640	0.0308
79422740-b6dc-4649-88a0-1f49a869e812	16	53435475	53435551	2	2.3081
79422740-b6dc-4649-88a0-1f49a869e812	16	53435895	55762682	1999	0.019
79422740-b6dc-4649-88a0-1f49a869e812	16	55764310	55764867	3	3.4567
79422740-b6dc-4649-88a0-1f49a869e812	16	55770436	56726527	591	0.0262
79422740-b6dc-4649-88a0-1f49a869e812	16	56727061	56731872	6	1.4604
79422740-b6dc-4649-88a0-1f49a869e812	16	56732919	84214498	19956	0.0257
79422740-b6dc-4649-88a0-1f49a869e812	16	84214528	84215441	2	-1.9492
79422740-b6dc-4649-88a0-1f49a869e812	16	84217136	84822357	589	-0.0142
79422740-b6dc-4649-88a0-1f49a869e812	16	84823946	84824073	2	-3.7037
79422740-b6dc-4649-88a0-1f49a869e812	16	84831261	88335725	2732	0.0288
79422740-b6dc-4649-88a0-1f49a869e812	16	88337061	89230414	301	-0.1613
79422740-b6dc-4649-88a0-1f49a869e812	16	89230689	90096867	421	-0.0254
79422740-b6dc-4649-88a0-1f49a869e812	17	150733	7733786	4203	-0.1391
79422740-b6dc-4649-88a0-1f49a869e812	17	7736431	7741014	2	-2.702
79422740-b6dc-4649-88a0-1f49a869e812	17	7745889	30502593	10196	-0.1374
79422740-b6dc-4649-88a0-1f49a869e812	17	30504771	31168183	253	0.502
79422740-b6dc-4649-88a0-1f49a869e812	17	31168495	31325438	70	0.7208
79422740-b6dc-4649-88a0-1f49a869e812	17	31332183	41265456	5852	0.0554
79422740-b6dc-4649-88a0-1f49a869e812	17	41266762	41274198	23	0.5691
79422740-b6dc-4649-88a0-1f49a869e812	17	41274279	45117838	1976	0.0562
79422740-b6dc-4649-88a0-1f49a869e812	17	45118296	45118446	3	-1.3508
79422740-b6dc-4649-88a0-1f49a869e812	17	45118614	46080231	495	0.0254
79422740-b6dc-4649-88a0-1f49a869e812	17	46084501	46274320	121	-0.3181
79422740-b6dc-4649-88a0-1f49a869e812	17	46274335	46446360	10	0.4388
79422740-b6dc-4649-88a0-1f49a869e812	17	46569894	49216486	1312	0.0461
79422740-b6dc-4649-88a0-1f49a869e812	17	49217555	49551499	179	0.1968
79422740-b6dc-4649-88a0-1f49a869e812	17	49551633	51680479	1149	0.0668
79422740-b6dc-4649-88a0-1f49a869e812	17	51683368	52269896	479	0.1809
79422740-b6dc-4649-88a0-1f49a869e812	17	52273444	55522370	2136	0.0623
79422740-b6dc-4649-88a0-1f49a869e812	17	55522946	55523807	2	1.6922
79422740-b6dc-4649-88a0-1f49a869e812	17	55524318	57996868	1943	0.0263
79422740-b6dc-4649-88a0-1f49a869e812	17	57997145	58475337	260	0.1785
79422740-b6dc-4649-88a0-1f49a869e812	17	58482587	61393611	1376	0.0684
79422740-b6dc-4649-88a0-1f49a869e812	17	61393790	61562841	98	0.1858
79422740-b6dc-4649-88a0-1f49a869e812	17	61563986	63361904	811	0.0217
79422740-b6dc-4649-88a0-1f49a869e812	17	63367524	63835721	211	0.2051
79422740-b6dc-4649-88a0-1f49a869e812	17	63836648	70833070	4319	0.0412
79422740-b6dc-4649-88a0-1f49a869e812	17	70836826	71216575	334	0.1815
79422740-b6dc-4649-88a0-1f49a869e812	17	71219787	72704969	1166	0.0447
79422740-b6dc-4649-88a0-1f49a869e812	17	72709805	73096320	353	0.2075
79422740-b6dc-4649-88a0-1f49a869e812	17	73097127	73555447	267	0.0075
79422740-b6dc-4649-88a0-1f49a869e812	17	73555579	76779413	1752	0.1118
79422740-b6dc-4649-88a0-1f49a869e812	17	76781365	78285287	890	0.0235
79422740-b6dc-4649-88a0-1f49a869e812	17	78286051	78286887	2	-2.2356
79422740-b6dc-4649-88a0-1f49a869e812	17	78290662	79411892	716	0.0036
79422740-b6dc-4649-88a0-1f49a869e812	17	79414777	79415165	2	-2.727
79422740-b6dc-4649-88a0-1f49a869e812	17	79415537	80655063	629	0.0288
79422740-b6dc-4649-88a0-1f49a869e812	17	80655993	80667490	4	1.1635
79422740-b6dc-4649-88a0-1f49a869e812	17	80668820	83000756	896	0.0667
79422740-b6dc-4649-88a0-1f49a869e812	17	83000772	83091923	42	-0.1906
79422740-b6dc-4649-88a0-1f49a869e812	18	48133	5003200	3481	-0.692
79422740-b6dc-4649-88a0-1f49a869e812	18	5012396	5098354	54	0.03
79422740-b6dc-4649-88a0-1f49a869e812	18	5098521	5100776	3	-1.0623
79422740-b6dc-4649-88a0-1f49a869e812	18	5101750	5991271	651	0.0094
79422740-b6dc-4649-88a0-1f49a869e812	18	5991481	6615143	422	0.1328
79422740-b6dc-4649-88a0-1f49a869e812	18	6615784	26785899	9076	0.0203
79422740-b6dc-4649-88a0-1f49a869e812	18	26785951	26786181	3	-1.1599
79422740-b6dc-4649-88a0-1f49a869e812	18	26786415	40678118	8795	0.0201
79422740-b6dc-4649-88a0-1f49a869e812	18	40678132	40689848	34	0.4084
79422740-b6dc-4649-88a0-1f49a869e812	18	40690108	65536507	16906	0.0212
79422740-b6dc-4649-88a0-1f49a869e812	18	65536523	65537481	11	0.9725
79422740-b6dc-4649-88a0-1f49a869e812	18	65540037	66060256	354	0.0834
79422740-b6dc-4649-88a0-1f49a869e812	18	66060309	66061104	11	-0.8749
79422740-b6dc-4649-88a0-1f49a869e812	18	66065502	71319758	3731	0.0272
79422740-b6dc-4649-88a0-1f49a869e812	18	71319869	73717467	1877	0.0905
79422740-b6dc-4649-88a0-1f49a869e812	18	73717716	78578213	3773	0.0173
79422740-b6dc-4649-88a0-1f49a869e812	18	78578483	78587478	4	-1.3717
79422740-b6dc-4649-88a0-1f49a869e812	18	78587813	80257174	894	-0.0076
79422740-b6dc-4649-88a0-1f49a869e812	19	90910	5841345	1723	0.0862
79422740-b6dc-4649-88a0-1f49a869e812	19	5851108	5866062	9	-0.6022
79422740-b6dc-4649-88a0-1f49a869e812	19	5870270	6982698	569	0.1111
79422740-b6dc-4649-88a0-1f49a869e812	19	6987787	6988259	2	-2.8696
79422740-b6dc-4649-88a0-1f49a869e812	19	6993022	8681021	736	0.0986
79422740-b6dc-4649-88a0-1f49a869e812	19	8681496	8684224	2	1.7905
79422740-b6dc-4649-88a0-1f49a869e812	19	8684863	21632117	6468	0.0907
79422740-b6dc-4649-88a0-1f49a869e812	19	21632838	21637067	2	-1.7516
79422740-b6dc-4649-88a0-1f49a869e812	19	21637309	27707531	1614	0.0864
79422740-b6dc-4649-88a0-1f49a869e812	19	27718103	36839711	6165	0.0018
79422740-b6dc-4649-88a0-1f49a869e812	19	36839782	38100762	641	0.1458
79422740-b6dc-4649-88a0-1f49a869e812	19	38104099	38232352	62	0.5867
79422740-b6dc-4649-88a0-1f49a869e812	19	38234776	43209582	2389	-0.646
79422740-b6dc-4649-88a0-1f49a869e812	19	43211877	43252085	15	-1.9342
79422740-b6dc-4649-88a0-1f49a869e812	19	43262507	51628560	4072	-0.6544
79422740-b6dc-4649-88a0-1f49a869e812	19	51639099	51653283	15	-1.6991
79422740-b6dc-4649-88a0-1f49a869e812	19	51654016	58586487	4249	-0.693
79422740-b6dc-4649-88a0-1f49a869e812	20	80664	1580305	1189	0.0617
79422740-b6dc-4649-88a0-1f49a869e812	20	1580353	1601561	37	-0.3122
79422740-b6dc-4649-88a0-1f49a869e812	20	1609611	1613247	5	-1.5848
79422740-b6dc-4649-88a0-1f49a869e812	20	1617300	64324800	40631	0.0395
79422740-b6dc-4649-88a0-1f49a869e812	21	10354168	13582956	265	0.111
79422740-b6dc-4649-88a0-1f49a869e812	21	13583316	13612103	2	1.773
79422740-b6dc-4649-88a0-1f49a869e812	21	13634568	22980936	6447	0.0334
79422740-b6dc-4649-88a0-1f49a869e812	21	22980993	22993236	3	2.157
79422740-b6dc-4649-88a0-1f49a869e812	21	22993260	46677045	16855	0.0234
79422740-b6dc-4649-88a0-1f49a869e812	22	15294547	19701544	1601	0.044
79422740-b6dc-4649-88a0-1f49a869e812	22	19703133	20291006	379	-0.1283
79422740-b6dc-4649-88a0-1f49a869e812	22	20291560	23987520	2381	0.0165
79422740-b6dc-4649-88a0-1f49a869e812	22	23988078	23989773	2	-3.0206
79422740-b6dc-4649-88a0-1f49a869e812	22	23990431	25288441	816	0.0231
79422740-b6dc-4649-88a0-1f49a869e812	22	25288864	25289870	2	1.9708
79422740-b6dc-4649-88a0-1f49a869e812	22	25293106	25349934	44	0.171
79422740-b6dc-4649-88a0-1f49a869e812	22	25349949	31474658	4511	0.0331
79422740-b6dc-4649-88a0-1f49a869e812	22	31474665	31827085	190	0.1869
79422740-b6dc-4649-88a0-1f49a869e812	22	31828670	42829186	7210	-0.1292
79422740-b6dc-4649-88a0-1f49a869e812	22	42830593	49146410	4863	-0.7367
79422740-b6dc-4649-88a0-1f49a869e812	22	49146485	50242600	703	-0.8927
79422740-b6dc-4649-88a0-1f49a869e812	22	50243733	50796027	226	-0.7263
79422740-b6dc-4649-88a0-1f49a869e812	X	251810	2748312	94	0.1297
79422740-b6dc-4649-88a0-1f49a869e812	X	2785350	2887623	81	1.2278
79422740-b6dc-4649-88a0-1f49a869e812	X	2893144	24576650	14554	0.1491
79422740-b6dc-4649-88a0-1f49a869e812	X	24576668	24577630	6	-2.9078
79422740-b6dc-4649-88a0-1f49a869e812	X	24579832	34568732	6543	0.1666
79422740-b6dc-4649-88a0-1f49a869e812	X	34571484	34571783	2	-5.8514
79422740-b6dc-4649-88a0-1f49a869e812	X	34577605	35941663	785	0.1587
79422740-b6dc-4649-88a0-1f49a869e812	X	35942384	48503315	6704	-0.0495
79422740-b6dc-4649-88a0-1f49a869e812	X	48504016	91227888	17618	0.0464
79422740-b6dc-4649-88a0-1f49a869e812	X	91228760	93603142	1020	-0.0401
79422740-b6dc-4649-88a0-1f49a869e812	X	93604286	93605665	2	-4.8169
79422740-b6dc-4649-88a0-1f49a869e812	X	93605870	107725461	7448	-0.0293
79422740-b6dc-4649-88a0-1f49a869e812	X	107725570	107755827	17	-1.2294
79422740-b6dc-4649-88a0-1f49a869e812	X	107756335	110523418	1496	-0.0368
79422740-b6dc-4649-88a0-1f49a869e812	X	110523585	110525611	4	-3.2166
79422740-b6dc-4649-88a0-1f49a869e812	X	110532311	118224557	4295	-0.058
79422740-b6dc-4649-88a0-1f49a869e812	X	118225255	118229945	2	-4.6147
79422740-b6dc-4649-88a0-1f49a869e812	X	118230540	120732788	1446	-0.0787
79422740-b6dc-4649-88a0-1f49a869e812	X	120733502	120735099	2	-5.4739
79422740-b6dc-4649-88a0-1f49a869e812	X	120735491	135705278	8248	-0.0424
79422740-b6dc-4649-88a0-1f49a869e812	X	135706575	135706940	2	-5.2992
79422740-b6dc-4649-88a0-1f49a869e812	X	135707290	149431572	8776	-0.0622
79422740-b6dc-4649-88a0-1f49a869e812	X	149431978	149441934	2	-6.0399
79422740-b6dc-4649-88a0-1f49a869e812	X	149442360	155952689	3319	-0.1213
79422740-b6dc-4649-88a0-1f49a869e812	Y	2782397	9759940	2304	-0.8265
79422740-b6dc-4649-88a0-1f49a869e812	Y	9810941	9870332	3	-2.6379
79422740-b6dc-4649-88a0-1f49a869e812	Y	9889263	56872112	4324	-0.8356
