GDC_Aliquot	Chromosome	Start	End	Num_Probes	Segment_Mean
9215ecfa-b487-4788-9a13-e03131445f00	1	62920	15823420	8328	0.017
9215ecfa-b487-4788-9a13-e03131445f00	1	15827002	15827706	7	-2.2025
9215ecfa-b487-4788-9a13-e03131445f00	1	15827744	22356912	4004	0.0118
9215ecfa-b487-4788-9a13-e03131445f00	1	22358262	23337770	591	1.4362
9215ecfa-b487-4788-9a13-e03131445f00	1	23338486	25273831	1084	-0.0028
9215ecfa-b487-4788-9a13-e03131445f00	1	25275368	25319693	15	-0.4631
9215ecfa-b487-4788-9a13-e03131445f00	1	25320198	68386302	26405	0.0083
9215ecfa-b487-4788-9a13-e03131445f00	1	68388800	72293826	2311	-0.0238
9215ecfa-b487-4788-9a13-e03131445f00	1	72293841	72346221	53	0.312
9215ecfa-b487-4788-9a13-e03131445f00	1	72346757	107265737	22141	-0.0212
9215ecfa-b487-4788-9a13-e03131445f00	1	107265747	152583291	11022	0.0017
9215ecfa-b487-4788-9a13-e03131445f00	1	152583319	152613762	29	-1.2493
9215ecfa-b487-4788-9a13-e03131445f00	1	152613802	152618089	6	-0.3611
9215ecfa-b487-4788-9a13-e03131445f00	1	152618187	187243382	23320	-0.0048
9215ecfa-b487-4788-9a13-e03131445f00	1	187244481	196761905	6326	-0.0357
9215ecfa-b487-4788-9a13-e03131445f00	1	196762480	196789019	34	-0.672
9215ecfa-b487-4788-9a13-e03131445f00	1	196789029	248930189	35808	-0.0068
9215ecfa-b487-4788-9a13-e03131445f00	2	12784	14565932	11037	0.124
9215ecfa-b487-4788-9a13-e03131445f00	2	14566145	14569968	10	-0.8934
9215ecfa-b487-4788-9a13-e03131445f00	2	14570240	34466002	13025	0.125
9215ecfa-b487-4788-9a13-e03131445f00	2	34474248	34511990	46	-0.4251
9215ecfa-b487-4788-9a13-e03131445f00	2	34512096	52527743	13006	0.119
9215ecfa-b487-4788-9a13-e03131445f00	2	52531615	52554404	33	-0.4178
9215ecfa-b487-4788-9a13-e03131445f00	2	52560811	86901078	21971	0.1205
9215ecfa-b487-4788-9a13-e03131445f00	2	86902080	87551361	114	-0.0977
9215ecfa-b487-4788-9a13-e03131445f00	2	87569749	97359885	1751	0.1108
9215ecfa-b487-4788-9a13-e03131445f00	2	97524284	97545726	9	-1.3258
9215ecfa-b487-4788-9a13-e03131445f00	2	97550415	130036283	19842	0.1166
9215ecfa-b487-4788-9a13-e03131445f00	2	130036310	130116915	13	-0.6379
9215ecfa-b487-4788-9a13-e03131445f00	2	130117303	133988131	1973	0.1333
9215ecfa-b487-4788-9a13-e03131445f00	2	133989144	133991186	3	-1.0225
9215ecfa-b487-4788-9a13-e03131445f00	2	133997658	134154672	114	0.1058
9215ecfa-b487-4788-9a13-e03131445f00	2	134154691	134154900	2	-1.538
9215ecfa-b487-4788-9a13-e03131445f00	2	134155369	146106861	7433	0.1065
9215ecfa-b487-4788-9a13-e03131445f00	2	146106875	146109366	22	1.0693
9215ecfa-b487-4788-9a13-e03131445f00	2	146120238	150174288	2261	0.1151
9215ecfa-b487-4788-9a13-e03131445f00	2	150174937	150181218	5	-1.0034
9215ecfa-b487-4788-9a13-e03131445f00	2	150182694	209881131	36178	0.1134
9215ecfa-b487-4788-9a13-e03131445f00	2	209881194	209884306	2	1.7206
9215ecfa-b487-4788-9a13-e03131445f00	2	209886980	212316597	1558	0.1105
9215ecfa-b487-4788-9a13-e03131445f00	2	212321824	212327088	24	-0.8193
9215ecfa-b487-4788-9a13-e03131445f00	2	212327101	214656750	1485	0.109
9215ecfa-b487-4788-9a13-e03131445f00	2	214657092	214657243	2	1.6227
9215ecfa-b487-4788-9a13-e03131445f00	2	214657659	235352211	13436	0.1216
9215ecfa-b487-4788-9a13-e03131445f00	2	235352880	235398851	35	0.6521
9215ecfa-b487-4788-9a13-e03131445f00	2	235401586	237488729	1423	0.1351
9215ecfa-b487-4788-9a13-e03131445f00	2	237489522	237489625	3	1.6273
9215ecfa-b487-4788-9a13-e03131445f00	2	237489865	242147305	2618	0.1221
9215ecfa-b487-4788-9a13-e03131445f00	3	20930	6275672	5550	-0.0125
9215ecfa-b487-4788-9a13-e03131445f00	3	6277576	6293785	19	0.5535
9215ecfa-b487-4788-9a13-e03131445f00	3	6296749	6604856	242	-0.0455
9215ecfa-b487-4788-9a13-e03131445f00	3	6609441	6611535	21	-0.6709
9215ecfa-b487-4788-9a13-e03131445f00	3	6611557	68697108	41916	-0.0082
9215ecfa-b487-4788-9a13-e03131445f00	3	68697133	68697578	4	-1.1498
9215ecfa-b487-4788-9a13-e03131445f00	3	68697594	75519398	4933	-0.0129
9215ecfa-b487-4788-9a13-e03131445f00	3	75523398	75537654	5	0.9106
9215ecfa-b487-4788-9a13-e03131445f00	3	75546030	76359522	315	-0.0211
9215ecfa-b487-4788-9a13-e03131445f00	3	76359660	76360233	5	0.9217
9215ecfa-b487-4788-9a13-e03131445f00	3	76360782	82905434	3830	-0.017
9215ecfa-b487-4788-9a13-e03131445f00	3	82908135	111524663	14190	-0.0317
9215ecfa-b487-4788-9a13-e03131445f00	3	111527558	111527735	2	-3.2689
9215ecfa-b487-4788-9a13-e03131445f00	3	111530468	130057015	11358	-0.0041
9215ecfa-b487-4788-9a13-e03131445f00	3	130057833	130072505	14	-0.4917
9215ecfa-b487-4788-9a13-e03131445f00	3	130072637	144245913	8800	-0.0021
9215ecfa-b487-4788-9a13-e03131445f00	3	144246677	167236812	13964	-0.0251
9215ecfa-b487-4788-9a13-e03131445f00	3	167237225	175228137	5084	-0.0009
9215ecfa-b487-4788-9a13-e03131445f00	3	175228157	175228581	3	1.3521
9215ecfa-b487-4788-9a13-e03131445f00	3	175228665	180792658	3502	0.0136
9215ecfa-b487-4788-9a13-e03131445f00	3	180805966	181889140	542	0.498
9215ecfa-b487-4788-9a13-e03131445f00	3	181889874	182717751	472	0.029
9215ecfa-b487-4788-9a13-e03131445f00	3	182718773	183493066	460	0.1551
9215ecfa-b487-4788-9a13-e03131445f00	3	183493184	192171448	5941	-0.0021
9215ecfa-b487-4788-9a13-e03131445f00	3	192173221	192176107	3	-1.1558
9215ecfa-b487-4788-9a13-e03131445f00	3	192176266	193160113	718	0.0035
9215ecfa-b487-4788-9a13-e03131445f00	3	193160173	193165114	19	-1.3068
9215ecfa-b487-4788-9a13-e03131445f00	3	193168646	195559056	1482	0.0014
9215ecfa-b487-4788-9a13-e03131445f00	3	195656271	195719958	24	-0.7406
9215ecfa-b487-4788-9a13-e03131445f00	3	195720051	198169247	1182	0.0059
9215ecfa-b487-4788-9a13-e03131445f00	4	68929	9450197	5152	-0.0448
9215ecfa-b487-4788-9a13-e03131445f00	4	9459504	9463248	3	-1.5313
9215ecfa-b487-4788-9a13-e03131445f00	4	9469529	10389091	747	-0.0409
9215ecfa-b487-4788-9a13-e03131445f00	4	10390730	10399044	16	0.5276
9215ecfa-b487-4788-9a13-e03131445f00	4	10401094	46740632	24341	-0.0716
9215ecfa-b487-4788-9a13-e03131445f00	4	46745077	47329128	327	0.942
9215ecfa-b487-4788-9a13-e03131445f00	4	47334829	49656595	1124	-0.0622
9215ecfa-b487-4788-9a13-e03131445f00	4	51819533	52976547	628	1.0528
9215ecfa-b487-4788-9a13-e03131445f00	4	52976747	53026269	44	1.3106
9215ecfa-b487-4788-9a13-e03131445f00	4	53028349	54241451	780	1.7371
9215ecfa-b487-4788-9a13-e03131445f00	4	54249536	54249593	6	0.2006
9215ecfa-b487-4788-9a13-e03131445f00	4	54254390	54796261	631	1.7412
9215ecfa-b487-4788-9a13-e03131445f00	4	54796353	55342917	347	1.6004
9215ecfa-b487-4788-9a13-e03131445f00	4	55345897	55534828	102	1.803
9215ecfa-b487-4788-9a13-e03131445f00	4	55537550	55665013	71	1.4445
9215ecfa-b487-4788-9a13-e03131445f00	4	55665495	56119778	242	1.8174
9215ecfa-b487-4788-9a13-e03131445f00	4	56119805	56839804	430	1.2279
9215ecfa-b487-4788-9a13-e03131445f00	4	56839833	56997930	106	1.6589
9215ecfa-b487-4788-9a13-e03131445f00	4	56999649	57315850	254	1.2361
9215ecfa-b487-4788-9a13-e03131445f00	4	57317684	57462222	134	1.6204
9215ecfa-b487-4788-9a13-e03131445f00	4	57462718	57699673	207	1.1919
9215ecfa-b487-4788-9a13-e03131445f00	4	57700222	58500973	492	0.9525
9215ecfa-b487-4788-9a13-e03131445f00	4	58502393	63840033	3103	-0.0858
9215ecfa-b487-4788-9a13-e03131445f00	4	63841863	63842540	8	-0.9097
9215ecfa-b487-4788-9a13-e03131445f00	4	63850713	68394833	2853	-0.0959
9215ecfa-b487-4788-9a13-e03131445f00	4	68395346	68422424	6	-1.7427
9215ecfa-b487-4788-9a13-e03131445f00	4	68429081	68506285	12	0.0591
9215ecfa-b487-4788-9a13-e03131445f00	4	68509223	68620261	64	1.0693
9215ecfa-b487-4788-9a13-e03131445f00	4	68623617	105622440	22423	-0.0781
9215ecfa-b487-4788-9a13-e03131445f00	4	105623292	114252544	5254	-0.0165
9215ecfa-b487-4788-9a13-e03131445f00	4	114254167	114263096	25	0.6424
9215ecfa-b487-4788-9a13-e03131445f00	4	114263110	114851665	356	0.0014
9215ecfa-b487-4788-9a13-e03131445f00	4	114852168	137446165	13146	-0.0865
9215ecfa-b487-4788-9a13-e03131445f00	4	137446199	141637602	2743	-0.0257
9215ecfa-b487-4788-9a13-e03131445f00	4	141640679	154881396	7780	-0.0771
9215ecfa-b487-4788-9a13-e03131445f00	4	154881853	154881926	3	-3.1007
9215ecfa-b487-4788-9a13-e03131445f00	4	154882047	160958989	3917	-0.0822
9215ecfa-b487-4788-9a13-e03131445f00	4	160959045	160963756	18	-0.8868
9215ecfa-b487-4788-9a13-e03131445f00	4	160963767	171448195	6665	-0.081
9215ecfa-b487-4788-9a13-e03131445f00	4	171453733	171456625	12	-0.7348
9215ecfa-b487-4788-9a13-e03131445f00	4	171459220	172501371	639	-0.1087
9215ecfa-b487-4788-9a13-e03131445f00	4	172503796	172507492	7	1.2081
9215ecfa-b487-4788-9a13-e03131445f00	4	172519981	184229117	7893	-0.073
9215ecfa-b487-4788-9a13-e03131445f00	4	184239443	184934812	503	-0.1698
9215ecfa-b487-4788-9a13-e03131445f00	4	184935279	186270568	942	-0.0542
9215ecfa-b487-4788-9a13-e03131445f00	4	186270633	188075062	1216	-0.1796
9215ecfa-b487-4788-9a13-e03131445f00	4	188075862	190106768	1273	-0.0707
9215ecfa-b487-4788-9a13-e03131445f00	5	15532	685633	306	0.104
9215ecfa-b487-4788-9a13-e03131445f00	5	698256	773453	27	-0.7652
9215ecfa-b487-4788-9a13-e03131445f00	5	779766	12815668	9853	0.0772
9215ecfa-b487-4788-9a13-e03131445f00	5	12815753	12838421	13	0.7875
9215ecfa-b487-4788-9a13-e03131445f00	5	12849089	13032375	67	0.0205
9215ecfa-b487-4788-9a13-e03131445f00	5	13042994	13043119	2	1.5279
9215ecfa-b487-4788-9a13-e03131445f00	5	13079786	21449167	5438	0.0586
9215ecfa-b487-4788-9a13-e03131445f00	5	21451091	21452329	5	-1.8845
9215ecfa-b487-4788-9a13-e03131445f00	5	21452387	59007731	20793	0.0631
9215ecfa-b487-4788-9a13-e03131445f00	5	59007799	59008743	4	-2.208
9215ecfa-b487-4788-9a13-e03131445f00	5	59008878	82122944	13445	0.0783
9215ecfa-b487-4788-9a13-e03131445f00	5	82123459	82131663	3	-3.1475
9215ecfa-b487-4788-9a13-e03131445f00	5	82132219	118050779	21994	0.062
9215ecfa-b487-4788-9a13-e03131445f00	5	118050792	118053390	14	-0.7209
9215ecfa-b487-4788-9a13-e03131445f00	5	118068645	146869538	17695	0.0706
9215ecfa-b487-4788-9a13-e03131445f00	5	146871465	147455972	437	0.5384
9215ecfa-b487-4788-9a13-e03131445f00	5	147462449	156048094	5887	0.0715
9215ecfa-b487-4788-9a13-e03131445f00	5	156048095	156055719	15	-0.4233
9215ecfa-b487-4788-9a13-e03131445f00	5	156068240	163431168	4909	0.0562
9215ecfa-b487-4788-9a13-e03131445f00	5	163435178	163435536	2	-2.1598
9215ecfa-b487-4788-9a13-e03131445f00	5	163439542	164545700	733	0.0591
9215ecfa-b487-4788-9a13-e03131445f00	5	164551640	167223313	1791	-0.0174
9215ecfa-b487-4788-9a13-e03131445f00	5	167232128	178682974	7810	0.0782
9215ecfa-b487-4788-9a13-e03131445f00	5	178685260	178686162	2	-1.6085
9215ecfa-b487-4788-9a13-e03131445f00	5	178691854	180947523	1345	0.0764
9215ecfa-b487-4788-9a13-e03131445f00	5	180951710	180991103	19	-0.6018
9215ecfa-b487-4788-9a13-e03131445f00	5	181006225	181363319	170	0.0855
9215ecfa-b487-4788-9a13-e03131445f00	6	149661	23057409	17708	-0.0074
9215ecfa-b487-4788-9a13-e03131445f00	6	23060763	23060771	3	-1.329
9215ecfa-b487-4788-9a13-e03131445f00	6	23064026	29875657	3950	-0.013
9215ecfa-b487-4788-9a13-e03131445f00	6	29876257	29882419	8	-1.2955
9215ecfa-b487-4788-9a13-e03131445f00	6	29882497	31313046	661	0.0034
9215ecfa-b487-4788-9a13-e03131445f00	6	31318499	31328674	11	-1.6433
9215ecfa-b487-4788-9a13-e03131445f00	6	31342147	32533522	516	-0.0061
9215ecfa-b487-4788-9a13-e03131445f00	6	32540699	32572834	11	0.7246
9215ecfa-b487-4788-9a13-e03131445f00	6	32576532	33115107	338	-0.0178
9215ecfa-b487-4788-9a13-e03131445f00	6	33115121	33115708	2	-1.5194
9215ecfa-b487-4788-9a13-e03131445f00	6	33116894	40396586	4647	0.0037
9215ecfa-b487-4788-9a13-e03131445f00	6	40397862	40400783	5	-0.9562
9215ecfa-b487-4788-9a13-e03131445f00	6	40401554	54066353	8735	-0.0202
9215ecfa-b487-4788-9a13-e03131445f00	6	54066432	54067057	6	-1.4765
9215ecfa-b487-4788-9a13-e03131445f00	6	54070550	69463404	7523	-0.0343
9215ecfa-b487-4788-9a13-e03131445f00	6	69468568	69472244	3	-2.2083
9215ecfa-b487-4788-9a13-e03131445f00	6	69476380	73882142	2855	-0.0164
9215ecfa-b487-4788-9a13-e03131445f00	6	73882509	73887625	9	0.9615
9215ecfa-b487-4788-9a13-e03131445f00	6	73891694	76305231	1471	-0.0186
9215ecfa-b487-4788-9a13-e03131445f00	6	76307183	76307209	3	-1.7149
9215ecfa-b487-4788-9a13-e03131445f00	6	76307276	95521230	12146	-0.0206
9215ecfa-b487-4788-9a13-e03131445f00	6	95521966	95521999	2	-1.9741
9215ecfa-b487-4788-9a13-e03131445f00	6	95530237	162802007	43394	-0.0167
9215ecfa-b487-4788-9a13-e03131445f00	6	162804123	163815264	767	0.4529
9215ecfa-b487-4788-9a13-e03131445f00	6	163816205	170741917	4739	-0.0003
9215ecfa-b487-4788-9a13-e03131445f00	7	43355	5900408	3057	0.4842
9215ecfa-b487-4788-9a13-e03131445f00	7	5909197	5911197	2	-1.5023
9215ecfa-b487-4788-9a13-e03131445f00	7	5916628	23995508	14057	0.4802
9215ecfa-b487-4788-9a13-e03131445f00	7	24000259	24000764	2	-1.9599
9215ecfa-b487-4788-9a13-e03131445f00	7	24001198	26092670	1687	0.4734
9215ecfa-b487-4788-9a13-e03131445f00	7	26102772	26105793	4	-0.5902
9215ecfa-b487-4788-9a13-e03131445f00	7	26107599	53801655	19270	0.4769
9215ecfa-b487-4788-9a13-e03131445f00	7	53801704	54069495	165	0.7334
9215ecfa-b487-4788-9a13-e03131445f00	7	54070500	54117610	43	3.0397
9215ecfa-b487-4788-9a13-e03131445f00	7	54117711	54298796	152	3.5153
9215ecfa-b487-4788-9a13-e03131445f00	7	54299021	54305455	5	2.9593
9215ecfa-b487-4788-9a13-e03131445f00	7	54318812	54318824	6	0.6224
9215ecfa-b487-4788-9a13-e03131445f00	7	54325795	55032341	536	2.974
9215ecfa-b487-4788-9a13-e03131445f00	7	55034975	55088822	111	1.2223
9215ecfa-b487-4788-9a13-e03131445f00	7	55094612	55097556	15	2.5308
9215ecfa-b487-4788-9a13-e03131445f00	7	55101995	55102638	5	1.0143
9215ecfa-b487-4788-9a13-e03131445f00	7	55103497	55225668	165	2.7959
9215ecfa-b487-4788-9a13-e03131445f00	7	55233212	56908389	782	0.6945
9215ecfa-b487-4788-9a13-e03131445f00	7	56997653	57048761	5	-0.3713
9215ecfa-b487-4788-9a13-e03131445f00	7	57053307	57960264	420	0.6668
9215ecfa-b487-4788-9a13-e03131445f00	7	57960277	62663696	76	0.3782
9215ecfa-b487-4788-9a13-e03131445f00	7	62695960	62701896	17	-0.2958
9215ecfa-b487-4788-9a13-e03131445f00	7	62720732	67037706	1556	0.3726
9215ecfa-b487-4788-9a13-e03131445f00	7	67044615	69500572	1578	0.4442
9215ecfa-b487-4788-9a13-e03131445f00	7	69501018	76524031	3002	0.391
9215ecfa-b487-4788-9a13-e03131445f00	7	76524046	76531980	3	-0.9752
9215ecfa-b487-4788-9a13-e03131445f00	7	76531991	77183794	194	0.3443
9215ecfa-b487-4788-9a13-e03131445f00	7	77183981	109519879	19791	0.4577
9215ecfa-b487-4788-9a13-e03131445f00	7	109523329	109793741	169	0.4084
9215ecfa-b487-4788-9a13-e03131445f00	7	109797035	109797612	9	-1.0436
9215ecfa-b487-4788-9a13-e03131445f00	7	109797616	109801187	16	-0.1235
9215ecfa-b487-4788-9a13-e03131445f00	7	109801572	109813853	10	-2.1757
9215ecfa-b487-4788-9a13-e03131445f00	7	109813925	112952594	2027	0.4692
9215ecfa-b487-4788-9a13-e03131445f00	7	112953017	115787979	1500	0.4205
9215ecfa-b487-4788-9a13-e03131445f00	7	115788284	116693990	636	0.3346
9215ecfa-b487-4788-9a13-e03131445f00	7	116694004	119205865	1555	0.4093
9215ecfa-b487-4788-9a13-e03131445f00	7	119212322	120597829	723	0.4718
9215ecfa-b487-4788-9a13-e03131445f00	7	120598041	120598451	2	-1.0421
9215ecfa-b487-4788-9a13-e03131445f00	7	120601578	126404920	3577	0.4498
9215ecfa-b487-4788-9a13-e03131445f00	7	126405428	126406827	18	-0.2329
9215ecfa-b487-4788-9a13-e03131445f00	7	126412712	134089581	4684	0.4646
9215ecfa-b487-4788-9a13-e03131445f00	7	134090386	134113790	41	0.182
9215ecfa-b487-4788-9a13-e03131445f00	7	134113805	137200090	2132	0.4639
9215ecfa-b487-4788-9a13-e03131445f00	7	137200595	138391279	787	0.3896
9215ecfa-b487-4788-9a13-e03131445f00	7	138395239	138396680	2	1.3906
9215ecfa-b487-4788-9a13-e03131445f00	7	138399139	138701802	172	0.4051
9215ecfa-b487-4788-9a13-e03131445f00	7	138702047	142063324	2099	0.4714
9215ecfa-b487-4788-9a13-e03131445f00	7	142069843	142092307	34	-0.4397
9215ecfa-b487-4788-9a13-e03131445f00	7	142099190	143733111	916	0.4902
9215ecfa-b487-4788-9a13-e03131445f00	7	143733483	149449679	3580	0.4194
9215ecfa-b487-4788-9a13-e03131445f00	7	149449692	154598185	3121	0.4745
9215ecfa-b487-4788-9a13-e03131445f00	7	154601461	154607903	4	1.4608
9215ecfa-b487-4788-9a13-e03131445f00	7	154609120	159334314	3233	0.4594
9215ecfa-b487-4788-9a13-e03131445f00	8	81254	12092042	11009	0.0039
9215ecfa-b487-4788-9a13-e03131445f00	8	12130217	12177488	8	0.5519
9215ecfa-b487-4788-9a13-e03131445f00	8	12323772	12389977	29	-1.7876
9215ecfa-b487-4788-9a13-e03131445f00	8	12418301	25117062	10422	0.0475
9215ecfa-b487-4788-9a13-e03131445f00	8	25117985	25126708	21	-3.0538
9215ecfa-b487-4788-9a13-e03131445f00	8	25126735	40914477	10138	-0.0052
9215ecfa-b487-4788-9a13-e03131445f00	8	40920333	40920952	2	-1.9118
9215ecfa-b487-4788-9a13-e03131445f00	8	40926161	111279265	40898	-0.0203
9215ecfa-b487-4788-9a13-e03131445f00	8	111282050	111283031	9	-2.1122
9215ecfa-b487-4788-9a13-e03131445f00	8	111288052	119139771	4964	-0.0327
9215ecfa-b487-4788-9a13-e03131445f00	8	119142545	119150615	5	-0.9654
9215ecfa-b487-4788-9a13-e03131445f00	8	119151486	119519341	250	0.0082
9215ecfa-b487-4788-9a13-e03131445f00	8	119526482	120530454	625	0.4344
9215ecfa-b487-4788-9a13-e03131445f00	8	120530624	141199444	15413	-0.0068
9215ecfa-b487-4788-9a13-e03131445f00	8	141199468	144788540	1486	0.0491
9215ecfa-b487-4788-9a13-e03131445f00	8	144790364	144800586	6	-0.3651
9215ecfa-b487-4788-9a13-e03131445f00	8	144802211	145063045	150	-0.0214
9215ecfa-b487-4788-9a13-e03131445f00	8	145064887	145072769	7	-0.498
9215ecfa-b487-4788-9a13-e03131445f00	9	46587	24503818	21209	-0.0069
9215ecfa-b487-4788-9a13-e03131445f00	9	24504127	24516126	18	-0.9995
9215ecfa-b487-4788-9a13-e03131445f00	9	24517684	38989381	9860	-0.0077
9215ecfa-b487-4788-9a13-e03131445f00	9	38996106	39272359	31	-0.3819
9215ecfa-b487-4788-9a13-e03131445f00	9	39313823	41451823	101	-0.0855
9215ecfa-b487-4788-9a13-e03131445f00	9	41451836	41451846	2	-1.911
9215ecfa-b487-4788-9a13-e03131445f00	9	41473331	42302534	63	0.1585
9215ecfa-b487-4788-9a13-e03131445f00	9	42302678	42566207	6	-0.6529
9215ecfa-b487-4788-9a13-e03131445f00	9	42574420	42798441	33	0.1056
9215ecfa-b487-4788-9a13-e03131445f00	9	42800679	61405110	23	-0.3799
9215ecfa-b487-4788-9a13-e03131445f00	9	61520021	61647899	30	0.5549
9215ecfa-b487-4788-9a13-e03131445f00	9	61665362	64480573	93	-0.0962
9215ecfa-b487-4788-9a13-e03131445f00	9	64480578	64507211	9	-1.1716
9215ecfa-b487-4788-9a13-e03131445f00	9	64510407	66880844	37	0.0309
9215ecfa-b487-4788-9a13-e03131445f00	9	66881239	67104572	12	-0.5778
9215ecfa-b487-4788-9a13-e03131445f00	9	67107066	87907679	14215	-0.0059
9215ecfa-b487-4788-9a13-e03131445f00	9	87939236	87939304	2	-2.0817
9215ecfa-b487-4788-9a13-e03131445f00	9	87943042	116927455	20670	-0.0034
9215ecfa-b487-4788-9a13-e03131445f00	9	116930885	116935700	7	-1.1857
9215ecfa-b487-4788-9a13-e03131445f00	9	116937173	138200944	13001	0.0017
9215ecfa-b487-4788-9a13-e03131445f00	10	45792	17050428	14292	-0.758
9215ecfa-b487-4788-9a13-e03131445f00	10	17052998	17053774	3	-3.0812
9215ecfa-b487-4788-9a13-e03131445f00	10	17061460	19356144	1655	-0.7615
9215ecfa-b487-4788-9a13-e03131445f00	10	19356223	19356310	2	-2.7165
9215ecfa-b487-4788-9a13-e03131445f00	10	19357178	21748880	1774	-0.7446
9215ecfa-b487-4788-9a13-e03131445f00	10	21754478	21810301	19	0.0319
9215ecfa-b487-4788-9a13-e03131445f00	10	21812877	24088745	1395	-0.7552
9215ecfa-b487-4788-9a13-e03131445f00	10	24088746	24089125	10	-1.8978
9215ecfa-b487-4788-9a13-e03131445f00	10	24089979	46446817	12441	-0.7371
9215ecfa-b487-4788-9a13-e03131445f00	10	46489651	46526280	18	-0.0163
9215ecfa-b487-4788-9a13-e03131445f00	10	46526920	46560525	23	-0.6705
9215ecfa-b487-4788-9a13-e03131445f00	10	46606240	46632302	5	-2.8931
9215ecfa-b487-4788-9a13-e03131445f00	10	46657149	53310923	4101	-0.7557
9215ecfa-b487-4788-9a13-e03131445f00	10	53315005	53315563	3	-3.4582
9215ecfa-b487-4788-9a13-e03131445f00	10	53316042	66574016	9396	-0.7593
9215ecfa-b487-4788-9a13-e03131445f00	10	66576096	66719017	114	-4.0614
9215ecfa-b487-4788-9a13-e03131445f00	10	66719607	132193685	44584	-0.738
9215ecfa-b487-4788-9a13-e03131445f00	10	132208366	132212708	4	-6.1625
9215ecfa-b487-4788-9a13-e03131445f00	10	132212754	133654968	615	-0.7309
9215ecfa-b487-4788-9a13-e03131445f00	11	198510	4251928	1749	0.0095
9215ecfa-b487-4788-9a13-e03131445f00	11	4254774	4306942	12	-0.627
9215ecfa-b487-4788-9a13-e03131445f00	11	4314648	5762693	1469	-0.0037
9215ecfa-b487-4788-9a13-e03131445f00	11	5766175	5788108	34	0.4036
9215ecfa-b487-4788-9a13-e03131445f00	11	5788231	18918546	9395	0.0015
9215ecfa-b487-4788-9a13-e03131445f00	11	18918775	18950248	60	0.3168
9215ecfa-b487-4788-9a13-e03131445f00	11	18950452	49686823	20982	-0.0139
9215ecfa-b487-4788-9a13-e03131445f00	11	49689309	49736119	16	-0.7388
9215ecfa-b487-4788-9a13-e03131445f00	11	49736215	55595864	730	-0.0197
9215ecfa-b487-4788-9a13-e03131445f00	11	55606556	55674842	48	0.3459
9215ecfa-b487-4788-9a13-e03131445f00	11	55676735	92090484	21275	-0.0089
9215ecfa-b487-4788-9a13-e03131445f00	11	92090485	92090489	5	-1.2277
9215ecfa-b487-4788-9a13-e03131445f00	11	92090831	131046878	27755	-0.0089
9215ecfa-b487-4788-9a13-e03131445f00	11	131047802	134718478	2935	0.0329
9215ecfa-b487-4788-9a13-e03131445f00	11	134727891	135074876	290	-0.0323
9215ecfa-b487-4788-9a13-e03131445f00	12	51460	756804	417	0.063
9215ecfa-b487-4788-9a13-e03131445f00	12	759943	764338	16	-0.987
9215ecfa-b487-4788-9a13-e03131445f00	12	764778	9481274	5737	-0.0012
9215ecfa-b487-4788-9a13-e03131445f00	12	9485313	9561078	21	-1.9889
9215ecfa-b487-4788-9a13-e03131445f00	12	9562969	33141726	16573	-0.0119
9215ecfa-b487-4788-9a13-e03131445f00	12	33148472	33151649	21	-0.4861
9215ecfa-b487-4788-9a13-e03131445f00	12	33153820	57498021	12301	-0.0069
9215ecfa-b487-4788-9a13-e03131445f00	12	57506558	57828056	153	2.8452
9215ecfa-b487-4788-9a13-e03131445f00	12	57828889	57956848	74	2.043
9215ecfa-b487-4788-9a13-e03131445f00	12	57963224	58228023	196	2.7084
9215ecfa-b487-4788-9a13-e03131445f00	12	58233093	103795606	29353	-0.0158
9215ecfa-b487-4788-9a13-e03131445f00	12	103799015	127631437	15872	0.0039
9215ecfa-b487-4788-9a13-e03131445f00	12	127631819	133201603	4055	-0.0116
9215ecfa-b487-4788-9a13-e03131445f00	13	18452809	30352292	8342	-0.0159
9215ecfa-b487-4788-9a13-e03131445f00	13	30354152	30354571	2	-2.39
9215ecfa-b487-4788-9a13-e03131445f00	13	30357389	37496233	5124	-0.0136
9215ecfa-b487-4788-9a13-e03131445f00	13	37496998	37510620	17	0.8475
9215ecfa-b487-4788-9a13-e03131445f00	13	37514193	52527964	9894	-0.0148
9215ecfa-b487-4788-9a13-e03131445f00	13	52531650	52543744	2	-2.0588
9215ecfa-b487-4788-9a13-e03131445f00	13	52556338	97875020	28576	-0.0317
9215ecfa-b487-4788-9a13-e03131445f00	13	97877870	97879211	6	-0.951
9215ecfa-b487-4788-9a13-e03131445f00	13	97881576	114342922	12125	-0.0176
9215ecfa-b487-4788-9a13-e03131445f00	14	18239283	19011729	28	0.047
9215ecfa-b487-4788-9a13-e03131445f00	14	19012857	19954424	138	-0.3278
9215ecfa-b487-4788-9a13-e03131445f00	14	19955213	22082038	1469	0.0017
9215ecfa-b487-4788-9a13-e03131445f00	14	22084726	22534369	414	0.1977
9215ecfa-b487-4788-9a13-e03131445f00	14	22535762	34548665	7668	-0.0028
9215ecfa-b487-4788-9a13-e03131445f00	14	34551068	34551779	3	-1.5695
9215ecfa-b487-4788-9a13-e03131445f00	14	34567720	41139155	4023	-0.0167
9215ecfa-b487-4788-9a13-e03131445f00	14	41141293	41207493	21	-0.6929
9215ecfa-b487-4788-9a13-e03131445f00	14	41207547	48468728	4315	-0.04
9215ecfa-b487-4788-9a13-e03131445f00	14	48469821	106423925	37034	-0.0018
9215ecfa-b487-4788-9a13-e03131445f00	14	106425447	106462724	48	-0.6449
9215ecfa-b487-4788-9a13-e03131445f00	14	106475361	106877229	194	-0.0195
9215ecfa-b487-4788-9a13-e03131445f00	15	19811075	22483983	211	0.2231
9215ecfa-b487-4788-9a13-e03131445f00	15	22572323	25521570	1695	0.027
9215ecfa-b487-4788-9a13-e03131445f00	15	25529172	25568325	46	0.5958
9215ecfa-b487-4788-9a13-e03131445f00	15	25568761	26204725	552	1.32
9215ecfa-b487-4788-9a13-e03131445f00	15	26209436	26315045	58	0.6223
9215ecfa-b487-4788-9a13-e03131445f00	15	26317005	26318009	2	1.4326
9215ecfa-b487-4788-9a13-e03131445f00	15	26318441	30503586	2293	0.0091
9215ecfa-b487-4788-9a13-e03131445f00	15	30515739	30608675	3	-1.3676
9215ecfa-b487-4788-9a13-e03131445f00	15	30621384	92597087	39632	0.003
9215ecfa-b487-4788-9a13-e03131445f00	15	92597110	92600643	3	1.4563
9215ecfa-b487-4788-9a13-e03131445f00	15	92603379	97265179	3575	-0.007
9215ecfa-b487-4788-9a13-e03131445f00	15	97274562	97288957	11	-0.861
9215ecfa-b487-4788-9a13-e03131445f00	15	97290419	101928837	3423	0.0025
9215ecfa-b487-4788-9a13-e03131445f00	16	10777	21401082	14375	-0.0058
9215ecfa-b487-4788-9a13-e03131445f00	16	21503753	21582313	24	-0.8922
9215ecfa-b487-4788-9a13-e03131445f00	16	21584992	22546611	361	-0.0061
9215ecfa-b487-4788-9a13-e03131445f00	16	22546990	22699421	69	-0.9155
9215ecfa-b487-4788-9a13-e03131445f00	16	22701658	29261283	4204	-0.008
9215ecfa-b487-4788-9a13-e03131445f00	16	29265473	29269734	5	-1.3318
9215ecfa-b487-4788-9a13-e03131445f00	16	29270444	75499773	19575	0.0077
9215ecfa-b487-4788-9a13-e03131445f00	16	75500392	75542100	22	0.4829
9215ecfa-b487-4788-9a13-e03131445f00	16	75546219	78337711	2562	-0.0043
9215ecfa-b487-4788-9a13-e03131445f00	16	78338543	78350868	17	-2.8587
9215ecfa-b487-4788-9a13-e03131445f00	16	78351104	90096867	10609	0.0235
9215ecfa-b487-4788-9a13-e03131445f00	17	150733	1074619	492	0.1133
9215ecfa-b487-4788-9a13-e03131445f00	17	1083981	10803218	5755	-0.0012
9215ecfa-b487-4788-9a13-e03131445f00	17	10804891	16750987	4220	0.0846
9215ecfa-b487-4788-9a13-e03131445f00	17	16754017	16834846	11	0.756
9215ecfa-b487-4788-9a13-e03131445f00	17	16838201	18414080	907	0.0924
9215ecfa-b487-4788-9a13-e03131445f00	17	18452078	18561907	27	-1.7625
9215ecfa-b487-4788-9a13-e03131445f00	17	18565883	35349487	6380	0.0941
9215ecfa-b487-4788-9a13-e03131445f00	17	35355491	35431559	39	-0.9042
9215ecfa-b487-4788-9a13-e03131445f00	17	35439199	41266762	2970	0.0896
9215ecfa-b487-4788-9a13-e03131445f00	17	41266774	41276830	28	-0.498
9215ecfa-b487-4788-9a13-e03131445f00	17	41276864	43354897	1100	0.0837
9215ecfa-b487-4788-9a13-e03131445f00	17	43361222	43362553	3	-4.4296
9215ecfa-b487-4788-9a13-e03131445f00	17	43366336	46099741	1400	0.1065
9215ecfa-b487-4788-9a13-e03131445f00	17	46100092	46286804	113	0.6354
9215ecfa-b487-4788-9a13-e03131445f00	17	46323701	51799589	2760	0.0962
9215ecfa-b487-4788-9a13-e03131445f00	17	51800536	53747471	1365	0.0384
9215ecfa-b487-4788-9a13-e03131445f00	17	53747533	57608651	2875	0.0972
9215ecfa-b487-4788-9a13-e03131445f00	17	57610128	57611632	3	-1.0167
9215ecfa-b487-4788-9a13-e03131445f00	17	57614632	83091923	14547	0.0977
9215ecfa-b487-4788-9a13-e03131445f00	18	48133	66054343	40269	-0.0057
9215ecfa-b487-4788-9a13-e03131445f00	18	66060256	66061104	12	-1.6184
9215ecfa-b487-4788-9a13-e03131445f00	18	66065502	67936532	1313	-0.0265
9215ecfa-b487-4788-9a13-e03131445f00	18	67938472	67951361	12	-1.397
9215ecfa-b487-4788-9a13-e03131445f00	18	67951896	80257174	9097	-0.009
9215ecfa-b487-4788-9a13-e03131445f00	19	90910	1310137	277	-0.0178
9215ecfa-b487-4788-9a13-e03131445f00	19	1317804	1318010	3	1.2547
9215ecfa-b487-4788-9a13-e03131445f00	19	1319333	1949704	149	-0.0564
9215ecfa-b487-4788-9a13-e03131445f00	19	1961475	2109158	35	0.4515
9215ecfa-b487-4788-9a13-e03131445f00	19	2113945	53013829	25230	-0.0044
9215ecfa-b487-4788-9a13-e03131445f00	19	53015494	53048976	22	0.8549
9215ecfa-b487-4788-9a13-e03131445f00	19	53050987	54215099	770	-0.0048
9215ecfa-b487-4788-9a13-e03131445f00	19	54215136	54237443	17	-0.6455
9215ecfa-b487-4788-9a13-e03131445f00	19	54249482	54740939	269	-0.0078
9215ecfa-b487-4788-9a13-e03131445f00	19	54772391	54868201	51	-0.5102
9215ecfa-b487-4788-9a13-e03131445f00	19	54871595	57156595	1427	0.0042
9215ecfa-b487-4788-9a13-e03131445f00	19	57160331	57160624	2	-1.3491
9215ecfa-b487-4788-9a13-e03131445f00	19	57160946	58586487	836	0.0049
9215ecfa-b487-4788-9a13-e03131445f00	20	80664	1580353	1203	0.014
9215ecfa-b487-4788-9a13-e03131445f00	20	1580934	1601446	35	1.4566
9215ecfa-b487-4788-9a13-e03131445f00	20	1601561	64324800	41110	0.0051
9215ecfa-b487-4788-9a13-e03131445f00	21	10354168	14293218	487	0.0816
9215ecfa-b487-4788-9a13-e03131445f00	21	14294006	15649662	1015	0.158
9215ecfa-b487-4788-9a13-e03131445f00	21	15649836	17626746	1283	0.3184
9215ecfa-b487-4788-9a13-e03131445f00	21	17626978	17977659	237	0.1961
9215ecfa-b487-4788-9a13-e03131445f00	21	17980419	18158396	160	0.4969
9215ecfa-b487-4788-9a13-e03131445f00	21	18161075	19511007	1046	0.2958
9215ecfa-b487-4788-9a13-e03131445f00	21	19511252	19686980	110	0.208
9215ecfa-b487-4788-9a13-e03131445f00	21	19690061	23920793	3239	-0.033
9215ecfa-b487-4788-9a13-e03131445f00	21	23923855	23927374	4	-1.2767
9215ecfa-b487-4788-9a13-e03131445f00	21	23927443	46677045	16264	-0.0022
9215ecfa-b487-4788-9a13-e03131445f00	22	15294547	37346951	14414	0.0157
9215ecfa-b487-4788-9a13-e03131445f00	22	37352689	37353906	4	-1.2539
9215ecfa-b487-4788-9a13-e03131445f00	22	37354627	50796027	8839	0.0109
9215ecfa-b487-4788-9a13-e03131445f00	X	251810	30277490	18332	0.0007
9215ecfa-b487-4788-9a13-e03131445f00	X	30277800	30293760	30	-0.5471
9215ecfa-b487-4788-9a13-e03131445f00	X	30294904	43156274	7792	-0.0109
9215ecfa-b487-4788-9a13-e03131445f00	X	43156504	43157049	2	-3.4891
9215ecfa-b487-4788-9a13-e03131445f00	X	43158212	49713477	3143	0.008
9215ecfa-b487-4788-9a13-e03131445f00	X	49713679	51048744	672	0.0794
9215ecfa-b487-4788-9a13-e03131445f00	X	51049039	51055071	5	1.2553
9215ecfa-b487-4788-9a13-e03131445f00	X	51055434	55674826	1800	0.0863
9215ecfa-b487-4788-9a13-e03131445f00	X	55676226	55681123	3	-2.3539
9215ecfa-b487-4788-9a13-e03131445f00	X	55681253	64832851	2076	0.0763
9215ecfa-b487-4788-9a13-e03131445f00	X	64833043	88492347	11613	-0.0083
9215ecfa-b487-4788-9a13-e03131445f00	X	88492378	88493676	2	-2.585
9215ecfa-b487-4788-9a13-e03131445f00	X	88495434	91716703	1302	-0.0319
9215ecfa-b487-4788-9a13-e03131445f00	X	91716741	91716772	2	-2.0474
9215ecfa-b487-4788-9a13-e03131445f00	X	91716890	122479769	16548	-0.0154
9215ecfa-b487-4788-9a13-e03131445f00	X	122483335	122492110	9	1.1315
9215ecfa-b487-4788-9a13-e03131445f00	X	122499655	141694897	10761	-0.0094
9215ecfa-b487-4788-9a13-e03131445f00	X	141700588	141921799	138	0.8231
9215ecfa-b487-4788-9a13-e03131445f00	X	141921867	152337437	7017	-0.0043
9215ecfa-b487-4788-9a13-e03131445f00	X	152342526	152348153	3	-1.9279
9215ecfa-b487-4788-9a13-e03131445f00	X	152348845	155952689	1515	0.0181
9215ecfa-b487-4788-9a13-e03131445f00	Y	2782397	19771893	5622	-0.686
9215ecfa-b487-4788-9a13-e03131445f00	Y	19772207	19772422	2	1.5156
9215ecfa-b487-4788-9a13-e03131445f00	Y	19776186	22169542	711	-0.702
9215ecfa-b487-4788-9a13-e03131445f00	Y	22196203	22215125	4	0.3553
9215ecfa-b487-4788-9a13-e03131445f00	Y	22215723	22427135	84	-0.6919
9215ecfa-b487-4788-9a13-e03131445f00	Y	22731761	22804854	6	-2.6292
9215ecfa-b487-4788-9a13-e03131445f00	Y	22913244	56872112	201	-0.6728
