GDC_Aliquot	Chromosome	Start	End	Num_Probes	Segment_Mean
5a869921-d425-418d-ae15-373f696c498a	1	62920	98588	12	0.933
5a869921-d425-418d-ae15-373f696c498a	1	98602	462894	7	0.2863
5a869921-d425-418d-ae15-373f696c498a	1	599171	1710664	194	0.0158
5a869921-d425-418d-ae15-373f696c498a	1	1715891	1741164	13	-1.085
5a869921-d425-418d-ae15-373f696c498a	1	1756148	15163303	7693	0.0205
5a869921-d425-418d-ae15-373f696c498a	1	15163366	15163548	4	-0.8721
5a869921-d425-418d-ae15-373f696c498a	1	15163694	16544783	729	0.0176
5a869921-d425-418d-ae15-373f696c498a	1	16569132	16637050	15	0.3872
5a869921-d425-418d-ae15-373f696c498a	1	16637228	16679483	17	-0.0882
5a869921-d425-418d-ae15-373f696c498a	1	16685961	16935752	78	0.5618
5a869921-d425-418d-ae15-373f696c498a	1	16949746	18019671	761	0.026
5a869921-d425-418d-ae15-373f696c498a	1	18020228	18021105	3	-1.1023
5a869921-d425-418d-ae15-373f696c498a	1	18023270	25278567	4513	0.0137
5a869921-d425-418d-ae15-373f696c498a	1	25284629	25292440	4	-1.5098
5a869921-d425-418d-ae15-373f696c498a	1	25292549	34626073	4956	0.014
5a869921-d425-418d-ae15-373f696c498a	1	34637053	34638634	15	0.4492
5a869921-d425-418d-ae15-373f696c498a	1	34638645	72284670	23765	0.0051
5a869921-d425-418d-ae15-373f696c498a	1	72290430	72297687	9	-3.7422
5a869921-d425-418d-ae15-373f696c498a	1	72302735	72345465	48	1.5193
5a869921-d425-418d-ae15-373f696c498a	1	72346221	105476583	20959	-0.0045
5a869921-d425-418d-ae15-373f696c498a	1	105476614	105479231	12	0.543
5a869921-d425-418d-ae15-373f696c498a	1	105479468	109690415	2641	0.0038
5a869921-d425-418d-ae15-373f696c498a	1	109690431	109702376	12	0.7437
5a869921-d425-418d-ae15-373f696c498a	1	109703504	112147704	1948	-0.0011
5a869921-d425-418d-ae15-373f696c498a	1	112153343	112154768	25	-2.4367
5a869921-d425-418d-ae15-373f696c498a	1	112163334	143541857	5166	0.0049
5a869921-d425-418d-ae15-373f696c498a	1	143545399	143890323	119	-0.8646
5a869921-d425-418d-ae15-373f696c498a	1	143893019	152582700	2319	0.0272
5a869921-d425-418d-ae15-373f696c498a	1	152583051	152614118	36	1.353
5a869921-d425-418d-ae15-373f696c498a	1	152618018	152785214	166	-0.0038
5a869921-d425-418d-ae15-373f696c498a	1	152787202	152801429	39	0.401
5a869921-d425-418d-ae15-373f696c498a	1	152804279	174827267	14810	0.0018
5a869921-d425-418d-ae15-373f696c498a	1	174827418	174832599	15	-1.0357
5a869921-d425-418d-ae15-373f696c498a	1	174832702	179402260	3109	0.0047
5a869921-d425-418d-ae15-373f696c498a	1	179403407	179406062	2	-1.8573
5a869921-d425-418d-ae15-373f696c498a	1	179412167	189679027	6794	0.0014
5a869921-d425-418d-ae15-373f696c498a	1	189679353	189679397	2	-2.6731
5a869921-d425-418d-ae15-373f696c498a	1	189682917	194479104	3285	-0.0037
5a869921-d425-418d-ae15-373f696c498a	1	194482281	194485888	2	2.2005
5a869921-d425-418d-ae15-373f696c498a	1	194487886	196762956	1454	-0.0057
5a869921-d425-418d-ae15-373f696c498a	1	196769493	196789029	33	-0.7646
5a869921-d425-418d-ae15-373f696c498a	1	196790144	196846661	24	-0.0023
5a869921-d425-418d-ae15-373f696c498a	1	196847600	196936029	63	0.6116
5a869921-d425-418d-ae15-373f696c498a	1	196940515	200859500	2480	0.0003
5a869921-d425-418d-ae15-373f696c498a	1	200862804	200863676	3	-1.0434
5a869921-d425-418d-ae15-373f696c498a	1	200870917	204066419	2078	0.0026
5a869921-d425-418d-ae15-373f696c498a	1	204071235	204362400	267	0.2405
5a869921-d425-418d-ae15-373f696c498a	1	204362924	230315666	17431	0.0028
5a869921-d425-418d-ae15-373f696c498a	1	230316577	230316706	2	1.456
5a869921-d425-418d-ae15-373f696c498a	1	230317851	236072496	4261	0.0078
5a869921-d425-418d-ae15-373f696c498a	1	236073368	236083492	3	-2.3038
5a869921-d425-418d-ae15-373f696c498a	1	236083856	242239700	4935	-0.0113
5a869921-d425-418d-ae15-373f696c498a	1	242243893	242244619	4	-1.3981
5a869921-d425-418d-ae15-373f696c498a	1	242245765	248930189	4293	0.0131
5a869921-d425-418d-ae15-373f696c498a	2	12784	4169594	2995	0.0107
5a869921-d425-418d-ae15-373f696c498a	2	4169706	4176429	34	0.2844
5a869921-d425-418d-ae15-373f696c498a	2	4182472	12163919	6268	0.0045
5a869921-d425-418d-ae15-373f696c498a	2	12163947	12164189	5	-0.8576
5a869921-d425-418d-ae15-373f696c498a	2	12164245	34466002	14787	0.0015
5a869921-d425-418d-ae15-373f696c498a	2	34474248	34517843	54	-0.3866
5a869921-d425-418d-ae15-373f696c498a	2	34517969	35476487	649	0.0086
5a869921-d425-418d-ae15-373f696c498a	2	35483780	35487152	5	-0.7083
5a869921-d425-418d-ae15-373f696c498a	2	35487156	35750907	210	-0.024
5a869921-d425-418d-ae15-373f696c498a	2	35752724	35762850	6	-2.286
5a869921-d425-418d-ae15-373f696c498a	2	35762881	52527590	12136	0.0027
5a869921-d425-418d-ae15-373f696c498a	2	52527727	52537117	13	0.3671
5a869921-d425-418d-ae15-373f696c498a	2	52537337	52554157	14	0.7902
5a869921-d425-418d-ae15-373f696c498a	2	52554188	52554404	8	0.3273
5a869921-d425-418d-ae15-373f696c498a	2	52560811	81329871	18778	-0.0031
5a869921-d425-418d-ae15-373f696c498a	2	81330404	81330716	2	-1.4569
5a869921-d425-418d-ae15-373f696c498a	2	81331952	97180592	5036	0.0039
5a869921-d425-418d-ae15-373f696c498a	2	97180963	97211436	20	0.5063
5a869921-d425-418d-ae15-373f696c498a	2	97310327	97537802	18	-0.1339
5a869921-d425-418d-ae15-373f696c498a	2	97540809	97545247	3	-2.2162
5a869921-d425-418d-ae15-373f696c498a	2	97545726	106263639	5569	0.0044
5a869921-d425-418d-ae15-373f696c498a	2	106264257	106270799	12	0.6307
5a869921-d425-418d-ae15-373f696c498a	2	106270952	129787992	14132	-0.0051
5a869921-d425-418d-ae15-373f696c498a	2	129791702	129801673	10	-1.047
5a869921-d425-418d-ae15-373f696c498a	2	129802474	137696238	4498	0.0054
5a869921-d425-418d-ae15-373f696c498a	2	137696290	137696413	2	-1.4954
5a869921-d425-418d-ae15-373f696c498a	2	137696467	137730530	27	0.0302
5a869921-d425-418d-ae15-373f696c498a	2	137731957	137737677	2	-1.6593
5a869921-d425-418d-ae15-373f696c498a	2	137738322	146103878	5153	-0.0088
5a869921-d425-418d-ae15-373f696c498a	2	146104517	146109366	25	0.9181
5a869921-d425-418d-ae15-373f696c498a	2	146120238	159100965	7791	-0.0047
5a869921-d425-418d-ae15-373f696c498a	2	159102108	159104461	3	-1.1303
5a869921-d425-418d-ae15-373f696c498a	2	159106775	183219425	15059	-0.003
5a869921-d425-418d-ae15-373f696c498a	2	183220725	183224996	10	-1.0814
5a869921-d425-418d-ae15-373f696c498a	2	183229270	193823021	6014	-0.0119
5a869921-d425-418d-ae15-373f696c498a	2	193825580	193829074	2	2.2497
5a869921-d425-418d-ae15-373f696c498a	2	193837590	201552300	4434	-0.0112
5a869921-d425-418d-ae15-373f696c498a	2	201553260	201558981	6	0.7777
5a869921-d425-418d-ae15-373f696c498a	2	201561984	207090434	3379	-0.0017
5a869921-d425-418d-ae15-373f696c498a	2	207092513	207092671	3	-1.3996
5a869921-d425-418d-ae15-373f696c498a	2	207100946	207490231	276	0.0182
5a869921-d425-418d-ae15-373f696c498a	2	207490454	207494612	16	-1.0341
5a869921-d425-418d-ae15-373f696c498a	2	207494752	228892290	13873	-0.0057
5a869921-d425-418d-ae15-373f696c498a	2	228894763	228895431	11	-0.841
5a869921-d425-418d-ae15-373f696c498a	2	228895452	242147305	8200	0.0127
5a869921-d425-418d-ae15-373f696c498a	3	20930	182919	154	-0.3697
5a869921-d425-418d-ae15-373f696c498a	3	188339	191117	4	-2.1981
5a869921-d425-418d-ae15-373f696c498a	3	193194	20271633	15096	-0.383
5a869921-d425-418d-ae15-373f696c498a	3	20273630	20274591	2	-3.4153
5a869921-d425-418d-ae15-373f696c498a	3	20286589	20993691	458	-0.4166
5a869921-d425-418d-ae15-373f696c498a	3	20994827	20995331	2	-1.7851
5a869921-d425-418d-ae15-373f696c498a	3	20996229	26570158	4286	-0.401
5a869921-d425-418d-ae15-373f696c498a	3	26570176	26570394	4	-1.5852
5a869921-d425-418d-ae15-373f696c498a	3	26570407	26573485	10	-0.1436
5a869921-d425-418d-ae15-373f696c498a	3	26573486	28144819	1033	-0.4103
5a869921-d425-418d-ae15-373f696c498a	3	28144857	28145396	7	-1.142
5a869921-d425-418d-ae15-373f696c498a	3	28147084	29391608	865	-0.3954
5a869921-d425-418d-ae15-373f696c498a	3	29395914	29397082	6	-1.5934
5a869921-d425-418d-ae15-373f696c498a	3	29397969	36242239	4573	-0.3915
5a869921-d425-418d-ae15-373f696c498a	3	36242465	36243538	3	-1.7105
5a869921-d425-418d-ae15-373f696c498a	3	36243787	58544586	12972	-0.383
5a869921-d425-418d-ae15-373f696c498a	3	58547179	58547556	2	-2.4209
5a869921-d425-418d-ae15-373f696c498a	3	58559532	65203560	5825	-0.3839
5a869921-d425-418d-ae15-373f696c498a	3	65203644	65232734	61	-0.0964
5a869921-d425-418d-ae15-373f696c498a	3	65232767	75313598	7263	-0.3959
5a869921-d425-418d-ae15-373f696c498a	3	75314423	75770101	141	-0.1634
5a869921-d425-418d-ae15-373f696c498a	3	75773308	87839498	6733	-0.4092
5a869921-d425-418d-ae15-373f696c498a	3	87843126	87853103	5	-1.9674
5a869921-d425-418d-ae15-373f696c498a	3	87853697	89211124	746	-0.3922
5a869921-d425-418d-ae15-373f696c498a	3	89211176	89211843	4	-1.9717
5a869921-d425-418d-ae15-373f696c498a	3	89211911	89337951	159	-0.3751
5a869921-d425-418d-ae15-373f696c498a	3	89345442	89368137	48	-0.8736
5a869921-d425-418d-ae15-373f696c498a	3	89370214	91390926	387	-0.4235
5a869921-d425-418d-ae15-373f696c498a	3	91462299	116731252	13538	-0.0164
5a869921-d425-418d-ae15-373f696c498a	3	116732697	116732846	2	-2.2038
5a869921-d425-418d-ae15-373f696c498a	3	116734912	117224163	429	-0.01
5a869921-d425-418d-ae15-373f696c498a	3	117226233	117226450	3	-1.8095
5a869921-d425-418d-ae15-373f696c498a	3	117233479	125950205	5236	-0.0066
5a869921-d425-418d-ae15-373f696c498a	3	125954540	125957120	3	-1.4664
5a869921-d425-418d-ae15-373f696c498a	3	125961657	127701467	1147	0.0075
5a869921-d425-418d-ae15-373f696c498a	3	127701486	127701497	2	-1.4243
5a869921-d425-418d-ae15-373f696c498a	3	127701510	130035506	1230	-0.0043
5a869921-d425-418d-ae15-373f696c498a	3	130035762	130089968	47	0.3439
5a869921-d425-418d-ae15-373f696c498a	3	130092370	130133020	15	-0.2212
5a869921-d425-418d-ae15-373f696c498a	3	130137637	130137903	2	-2.1722
5a869921-d425-418d-ae15-373f696c498a	3	130141782	131617489	857	-0.0255
5a869921-d425-418d-ae15-373f696c498a	3	131617639	131617654	2	-2.3801
5a869921-d425-418d-ae15-373f696c498a	3	131619421	132407683	645	-0.0362
5a869921-d425-418d-ae15-373f696c498a	3	132411952	132412014	2	-2.0441
5a869921-d425-418d-ae15-373f696c498a	3	132413855	162794951	18744	-0.0105
5a869921-d425-418d-ae15-373f696c498a	3	162795304	162908207	68	-2.0814
5a869921-d425-418d-ae15-373f696c498a	3	162908784	186688349	14441	-0.0089
5a869921-d425-418d-ae15-373f696c498a	3	186695072	186699982	11	-1.9859
5a869921-d425-418d-ae15-373f696c498a	3	186704081	193160113	4724	-0.0003
5a869921-d425-418d-ae15-373f696c498a	3	193160173	193165114	19	-1.5993
5a869921-d425-418d-ae15-373f696c498a	3	193168646	195685341	1488	-0.0066
5a869921-d425-418d-ae15-373f696c498a	3	195691392	195751823	40	0.413
5a869921-d425-418d-ae15-373f696c498a	3	195751990	195934662	78	0.0153
5a869921-d425-418d-ae15-373f696c498a	3	195934679	195963975	2	-2.092
5a869921-d425-418d-ae15-373f696c498a	3	195973611	198169247	1084	0.0194
5a869921-d425-418d-ae15-373f696c498a	4	68929	68509237	42220	0.0001
5a869921-d425-418d-ae15-373f696c498a	4	68509442	68639397	65	0.6076
5a869921-d425-418d-ae15-373f696c498a	4	68640616	114587010	27946	-0.0036
5a869921-d425-418d-ae15-373f696c498a	4	114588837	114589298	2	-2.9286
5a869921-d425-418d-ae15-373f696c498a	4	114593270	115244948	383	-0.0078
5a869921-d425-418d-ae15-373f696c498a	4	115251455	115254969	22	-1.0464
5a869921-d425-418d-ae15-373f696c498a	4	115259026	144389986	17304	-0.0078
5a869921-d425-418d-ae15-373f696c498a	4	144397566	144398848	2	-1.6224
5a869921-d425-418d-ae15-373f696c498a	4	144405258	144786510	214	-0.0333
5a869921-d425-418d-ae15-373f696c498a	4	144788010	144788956	2	-1.7784
5a869921-d425-418d-ae15-373f696c498a	4	144789615	161604606	10310	-0.0043
5a869921-d425-418d-ae15-373f696c498a	4	161604800	161608353	2	-1.7335
5a869921-d425-418d-ae15-373f696c498a	4	161608979	161649666	28	-0.0452
5a869921-d425-418d-ae15-373f696c498a	4	161650495	161659864	6	-0.9381
5a869921-d425-418d-ae15-373f696c498a	4	161661429	171448195	6158	-0.0015
5a869921-d425-418d-ae15-373f696c498a	4	171453733	171456625	12	-0.6056
5a869921-d425-418d-ae15-373f696c498a	4	171459220	172066777	397	-0.0024
5a869921-d425-418d-ae15-373f696c498a	4	172067997	172068382	12	-1.7583
5a869921-d425-418d-ae15-373f696c498a	4	172074828	183037788	7414	-0.0017
5a869921-d425-418d-ae15-373f696c498a	4	183038859	183136494	37	0.3585
5a869921-d425-418d-ae15-373f696c498a	4	183136939	189267889	4274	0.0255
5a869921-d425-418d-ae15-373f696c498a	4	189273964	189278110	4	0.9546
5a869921-d425-418d-ae15-373f696c498a	4	189278617	190106768	350	0.079
5a869921-d425-418d-ae15-373f696c498a	5	15532	12128171	9840	0.3122
5a869921-d425-418d-ae15-373f696c498a	5	12128860	12128874	2	-0.9398
5a869921-d425-418d-ae15-373f696c498a	5	12131282	12800777	351	0.3141
5a869921-d425-418d-ae15-373f696c498a	5	12815668	12826538	11	1.0242
5a869921-d425-418d-ae15-373f696c498a	5	12833745	26789387	8652	0.3061
5a869921-d425-418d-ae15-373f696c498a	5	26797651	26797735	2	-2.4392
5a869921-d425-418d-ae15-373f696c498a	5	26803775	58025819	16903	0.3076
5a869921-d425-418d-ae15-373f696c498a	5	58030200	58037706	32	0.9421
5a869921-d425-418d-ae15-373f696c498a	5	58042530	69034006	7098	0.3056
5a869921-d425-418d-ae15-373f696c498a	5	69034530	69035192	2	-1.3202
5a869921-d425-418d-ae15-373f696c498a	5	69036274	69444194	164	0.3044
5a869921-d425-418d-ae15-373f696c498a	5	69444660	69509031	23	0.5589
5a869921-d425-418d-ae15-373f696c498a	5	69512530	69533520	9	0.1627
5a869921-d425-418d-ae15-373f696c498a	5	69550476	69822308	6	1.0312
5a869921-d425-418d-ae15-373f696c498a	5	69937600	99500868	16628	0.3091
5a869921-d425-418d-ae15-373f696c498a	5	99504170	99504922	2	1.5893
5a869921-d425-418d-ae15-373f696c498a	5	99508633	104515520	2910	0.3114
5a869921-d425-418d-ae15-373f696c498a	5	104524672	104524903	4	-2.1977
5a869921-d425-418d-ae15-373f696c498a	5	104525348	152134610	30777	0.3038
5a869921-d425-418d-ae15-373f696c498a	5	152135825	152138790	14	-0.3875
5a869921-d425-418d-ae15-373f696c498a	5	152140710	156048095	2660	0.3041
5a869921-d425-418d-ae15-373f696c498a	5	156049762	156055719	14	-0.8018
5a869921-d425-418d-ae15-373f696c498a	5	156068240	180947484	16602	0.3127
5a869921-d425-418d-ae15-373f696c498a	5	180947523	181015441	24	0.7889
5a869921-d425-418d-ae15-373f696c498a	5	181015920	181158625	100	0.4326
5a869921-d425-418d-ae15-373f696c498a	5	181159413	181228276	33	0.2138
5a869921-d425-418d-ae15-373f696c498a	5	181229140	181363319	33	0.4721
5a869921-d425-418d-ae15-373f696c498a	6	149661	229559	69	0.1051
5a869921-d425-418d-ae15-373f696c498a	6	229752	229834	3	-0.7598
5a869921-d425-418d-ae15-373f696c498a	6	231934	253861	27	0.0839
5a869921-d425-418d-ae15-373f696c498a	6	254267	294837	25	0.6041
5a869921-d425-418d-ae15-373f696c498a	6	302306	384109	81	0.2591
5a869921-d425-418d-ae15-373f696c498a	6	384521	3015230	2196	0.0289
5a869921-d425-418d-ae15-373f696c498a	6	3015501	3015823	5	0.8191
5a869921-d425-418d-ae15-373f696c498a	6	3016904	15148930	9463	0.0106
5a869921-d425-418d-ae15-373f696c498a	6	15151501	15158879	7	-1.0607
5a869921-d425-418d-ae15-373f696c498a	6	15165099	29861635	9762	0.01
5a869921-d425-418d-ae15-373f696c498a	6	29862094	29948591	59	0.3308
5a869921-d425-418d-ae15-373f696c498a	6	29948709	31313046	637	0.0539
5a869921-d425-418d-ae15-373f696c498a	6	31318499	31327629	7	-2.4257
5a869921-d425-418d-ae15-373f696c498a	6	31328176	78253172	27442	0.0052
5a869921-d425-418d-ae15-373f696c498a	6	78259348	78325468	112	-3.4667
5a869921-d425-418d-ae15-373f696c498a	6	78329517	103286954	15477	-0.0035
5a869921-d425-418d-ae15-373f696c498a	6	103290101	103314186	46	0.8924
5a869921-d425-418d-ae15-373f696c498a	6	103317795	104449598	733	-0.0022
5a869921-d425-418d-ae15-373f696c498a	6	104461140	104481736	21	0.6051
5a869921-d425-418d-ae15-373f696c498a	6	104495548	113900791	5918	-0.0038
5a869921-d425-418d-ae15-373f696c498a	6	113903677	113903852	2	-3.1553
5a869921-d425-418d-ae15-373f696c498a	6	113904647	125861617	7220	-0.0052
5a869921-d425-418d-ae15-373f696c498a	6	125862546	125865630	3	-3.5909
5a869921-d425-418d-ae15-373f696c498a	6	125867747	149349742	15275	-0.0019
5a869921-d425-418d-ae15-373f696c498a	6	149349854	164978745	11148	-0.3792
5a869921-d425-418d-ae15-373f696c498a	6	164982454	164982751	3	-1.5946
5a869921-d425-418d-ae15-373f696c498a	6	164993236	167415360	1889	-0.3904
5a869921-d425-418d-ae15-373f696c498a	6	167416839	170447153	1850	-0.332
5a869921-d425-418d-ae15-373f696c498a	6	170447338	170596889	104	-0.4218
5a869921-d425-418d-ae15-373f696c498a	6	170598071	170741917	7	0.0683
5a869921-d425-418d-ae15-373f696c498a	7	43355	25193777	18121	0.0018
5a869921-d425-418d-ae15-373f696c498a	7	25200343	25200866	2	-3.623
5a869921-d425-418d-ae15-373f696c498a	7	25201300	38251092	9248	0
5a869921-d425-418d-ae15-373f696c498a	7	38251113	38326911	110	-0.4157
5a869921-d425-418d-ae15-373f696c498a	7	38331191	53136307	10132	-0.0052
5a869921-d425-418d-ae15-373f696c498a	7	53136518	53137348	5	-0.9202
5a869921-d425-418d-ae15-373f696c498a	7	53137560	54305455	866	0.0003
5a869921-d425-418d-ae15-373f696c498a	7	54318812	54318824	6	1.395
5a869921-d425-418d-ae15-373f696c498a	7	54325795	56630856	1517	-0.018
5a869921-d425-418d-ae15-373f696c498a	7	56632082	65502323	1679	0.0464
5a869921-d425-418d-ae15-373f696c498a	7	65502854	97777749	18660	-0.0037
5a869921-d425-418d-ae15-373f696c498a	7	97788295	97788298	2	-2.3929
5a869921-d425-418d-ae15-373f696c498a	7	97791337	97791340	3	1.038
5a869921-d425-418d-ae15-373f696c498a	7	97791778	100727566	1257	0.0165
5a869921-d425-418d-ae15-373f696c498a	7	100731621	100731642	2	-1.4514
5a869921-d425-418d-ae15-373f696c498a	7	100735219	109793741	5317	0.0001
5a869921-d425-418d-ae15-373f696c498a	7	109797035	109797715	15	-1.1638
5a869921-d425-418d-ae15-373f696c498a	7	109797717	109801155	9	0.0956
5a869921-d425-418d-ae15-373f696c498a	7	109801187	109813853	11	-2.3547
5a869921-d425-418d-ae15-373f696c498a	7	109813925	119513288	5877	-0.0076
5a869921-d425-418d-ae15-373f696c498a	7	119516469	119522393	11	-0.9855
5a869921-d425-418d-ae15-373f696c498a	7	119522676	126405428	4146	-0.0119
5a869921-d425-418d-ae15-373f696c498a	7	126405502	126406827	17	0.537
5a869921-d425-418d-ae15-373f696c498a	7	126412712	134093899	4692	0.0031
5a869921-d425-418d-ae15-373f696c498a	7	134100424	134114444	37	0.6734
5a869921-d425-418d-ae15-373f696c498a	7	134121491	142049835	5179	0.0019
5a869921-d425-418d-ae15-373f696c498a	7	142052076	142090177	43	0.2383
5a869921-d425-418d-ae15-373f696c498a	7	142090279	142508927	334	0.0258
5a869921-d425-418d-ae15-373f696c498a	7	142509832	142805092	123	-0.1602
5a869921-d425-418d-ae15-373f696c498a	7	142805387	144249785	751	0.0137
5a869921-d425-418d-ae15-373f696c498a	7	144255220	144343967	12	-0.5409
5a869921-d425-418d-ae15-373f696c498a	7	144352208	150590089	3836	-0.0031
5a869921-d425-418d-ae15-373f696c498a	7	150591743	150603856	5	0.7537
5a869921-d425-418d-ae15-373f696c498a	7	150604481	154598185	2568	0.0131
5a869921-d425-418d-ae15-373f696c498a	7	154601461	154607903	4	-2.5886
5a869921-d425-418d-ae15-373f696c498a	7	154609120	159334314	3235	0.0229
5a869921-d425-418d-ae15-373f696c498a	8	81254	643041	322	0.0658
5a869921-d425-418d-ae15-373f696c498a	8	644944	645875	8	0.9669
5a869921-d425-418d-ae15-373f696c498a	8	645892	645908	2	4.5138
5a869921-d425-418d-ae15-373f696c498a	8	656117	6376396	6588	0.0248
5a869921-d425-418d-ae15-373f696c498a	8	6377836	6378028	6	-0.8533
5a869921-d425-418d-ae15-373f696c498a	8	6380685	6968220	694	0.005
5a869921-d425-418d-ae15-373f696c498a	8	6968330	7396819	129	0.1714
5a869921-d425-418d-ae15-373f696c498a	8	7397588	7513956	12	0.7348
5a869921-d425-418d-ae15-373f696c498a	8	7514723	8196822	32	0.1765
5a869921-d425-418d-ae15-373f696c498a	8	8197738	8528287	290	0.0315
5a869921-d425-418d-ae15-373f696c498a	8	8528640	8530797	5	0.8
5a869921-d425-418d-ae15-373f696c498a	8	8530937	8939827	400	0.0124
5a869921-d425-418d-ae15-373f696c498a	8	8941618	8941879	2	-1.6098
5a869921-d425-418d-ae15-373f696c498a	8	8942407	11738928	2321	0.0273
5a869921-d425-418d-ae15-373f696c498a	8	11739537	11739715	3	-1.1182
5a869921-d425-418d-ae15-373f696c498a	8	11739840	12037736	202	0.0566
5a869921-d425-418d-ae15-373f696c498a	8	12092042	12702326	85	0.2555
5a869921-d425-418d-ae15-373f696c498a	8	12704441	12788880	65	-0.0008
5a869921-d425-418d-ae15-373f696c498a	8	12791219	12791669	2	-1.2152
5a869921-d425-418d-ae15-373f696c498a	8	12794596	13618929	802	-0.0116
5a869921-d425-418d-ae15-373f696c498a	8	13622930	13629916	16	0.4671
5a869921-d425-418d-ae15-373f696c498a	8	13630181	14652059	1034	-0.0099
5a869921-d425-418d-ae15-373f696c498a	8	14652523	14652565	3	-2.2318
5a869921-d425-418d-ae15-373f696c498a	8	14652887	20387903	5125	-0.0009
5a869921-d425-418d-ae15-373f696c498a	8	20388446	20388478	2	-1.513
5a869921-d425-418d-ae15-373f696c498a	8	20390973	25116961	3328	0.0079
5a869921-d425-418d-ae15-373f696c498a	8	25117007	25126818	25	0.8372
5a869921-d425-418d-ae15-373f696c498a	8	25133589	26476744	1023	0.0074
5a869921-d425-418d-ae15-373f696c498a	8	26480635	26487304	13	0.6182
5a869921-d425-418d-ae15-373f696c498a	8	26492219	39403083	7994	-0.0056
5a869921-d425-418d-ae15-373f696c498a	8	39403362	39495103	29	-0.3429
5a869921-d425-418d-ae15-373f696c498a	8	39495168	39498870	2	-2.0891
5a869921-d425-418d-ae15-373f696c498a	8	39499202	111279265	42029	-0.0073
5a869921-d425-418d-ae15-373f696c498a	8	111282050	111283031	10	-0.837
5a869921-d425-418d-ae15-373f696c498a	8	111288052	114041916	1495	-0.0075
5a869921-d425-418d-ae15-373f696c498a	8	114047119	114089127	24	0.7088
5a869921-d425-418d-ae15-373f696c498a	8	114094469	136881227	16429	-0.0013
5a869921-d425-418d-ae15-373f696c498a	8	136882257	136882271	2	-2.8826
5a869921-d425-418d-ae15-373f696c498a	8	136888490	145072769	4973	0.0104
5a869921-d425-418d-ae15-373f696c498a	9	46587	1540009	1646	0.0874
5a869921-d425-418d-ae15-373f696c498a	9	1540026	5078443	3598	0.0196
5a869921-d425-418d-ae15-373f696c498a	9	5079156	5081766	9	0.6822
5a869921-d425-418d-ae15-373f696c498a	9	5081852	6523617	980	0.0357
5a869921-d425-418d-ae15-373f696c498a	9	6524148	6695986	143	0.1153
5a869921-d425-418d-ae15-373f696c498a	9	6701145	6708357	7	-1.0436
5a869921-d425-418d-ae15-373f696c498a	9	6712314	10403105	3589	0.0201
5a869921-d425-418d-ae15-373f696c498a	9	10404138	10404986	2	1.9378
5a869921-d425-418d-ae15-373f696c498a	9	10407943	15066551	3774	0.0116
5a869921-d425-418d-ae15-373f696c498a	9	15066821	15067809	4	-1.0668
5a869921-d425-418d-ae15-373f696c498a	9	15076861	16603485	1286	0.0063
5a869921-d425-418d-ae15-373f696c498a	9	16606314	16880923	236	-0.3691
5a869921-d425-418d-ae15-373f696c498a	9	16881007	19007947	1959	0.0088
5a869921-d425-418d-ae15-373f696c498a	9	19008552	19377241	258	0.2476
5a869921-d425-418d-ae15-373f696c498a	9	19378052	21894496	1963	0.0062
5a869921-d425-418d-ae15-373f696c498a	9	21899356	22088261	144	-0.2858
5a869921-d425-418d-ae15-373f696c498a	9	22089600	38440757	11228	0.0163
5a869921-d425-418d-ae15-373f696c498a	9	38440862	38440949	2	-1.3442
5a869921-d425-418d-ae15-373f696c498a	9	38441589	38787496	290	-0.0008
5a869921-d425-418d-ae15-373f696c498a	9	38796110	39214987	35	0.2518
5a869921-d425-418d-ae15-373f696c498a	9	39242280	39481878	22	-0.0483
5a869921-d425-418d-ae15-373f696c498a	9	39483251	41741113	117	0.304
5a869921-d425-418d-ae15-373f696c498a	9	42014203	42112551	8	-0.912
5a869921-d425-418d-ae15-373f696c498a	9	42113511	42145255	5	-0.2581
5a869921-d425-418d-ae15-373f696c498a	9	42148059	42159409	5	-1.0933
5a869921-d425-418d-ae15-373f696c498a	9	42160250	42546668	18	0.0848
5a869921-d425-418d-ae15-373f696c498a	9	42566207	42727685	16	-0.3655
5a869921-d425-418d-ae15-373f696c498a	9	42729302	42794323	16	0.2423
5a869921-d425-418d-ae15-373f696c498a	9	42794777	42800679	3	-0.5165
5a869921-d425-418d-ae15-373f696c498a	9	42802927	42814745	5	-0.0243
5a869921-d425-418d-ae15-373f696c498a	9	42815231	61337631	11	0.3717
5a869921-d425-418d-ae15-373f696c498a	9	61369645	61378951	5	0.0005
5a869921-d425-418d-ae15-373f696c498a	9	61405110	61616425	27	1.1389
5a869921-d425-418d-ae15-373f696c498a	9	61627312	68426962	198	0.1703
5a869921-d425-418d-ae15-373f696c498a	9	68429974	72665695	3234	0.0171
5a869921-d425-418d-ae15-373f696c498a	9	72669643	72670153	3	-1.1045
5a869921-d425-418d-ae15-373f696c498a	9	72670987	73398521	432	0.0134
5a869921-d425-418d-ae15-373f696c498a	9	73405942	73411750	4	-1.1989
5a869921-d425-418d-ae15-373f696c498a	9	73413807	87907679	10513	0.0205
5a869921-d425-418d-ae15-373f696c498a	9	87939236	87939304	2	-2.0619
5a869921-d425-418d-ae15-373f696c498a	9	87943042	107613778	13406	0.0224
5a869921-d425-418d-ae15-373f696c498a	9	107616829	107617211	2	-1.5862
5a869921-d425-418d-ae15-373f696c498a	9	107617286	115815714	6390	0.0268
5a869921-d425-418d-ae15-373f696c498a	9	115820872	115835477	6	0.6931
5a869921-d425-418d-ae15-373f696c498a	9	115835950	119056671	2669	0.0232
5a869921-d425-418d-ae15-373f696c498a	9	119057069	119057322	3	-1.1926
5a869921-d425-418d-ae15-373f696c498a	9	119059122	131383392	7603	0.0265
5a869921-d425-418d-ae15-373f696c498a	9	131385539	131390317	5	-1.1856
5a869921-d425-418d-ae15-373f696c498a	9	131396628	138200944	3629	0.0319
5a869921-d425-418d-ae15-373f696c498a	10	45792	1877489	1323	0.0042
5a869921-d425-418d-ae15-373f696c498a	10	1878846	1879226	3	-1.3673
5a869921-d425-418d-ae15-373f696c498a	10	1880102	2738835	814	-0.0053
5a869921-d425-418d-ae15-373f696c498a	10	2738954	3157963	461	0.074
5a869921-d425-418d-ae15-373f696c498a	10	3159859	3776246	523	-0.0019
5a869921-d425-418d-ae15-373f696c498a	10	3776261	3776285	2	-1.161
5a869921-d425-418d-ae15-373f696c498a	10	3776848	4244878	451	-0.0121
5a869921-d425-418d-ae15-373f696c498a	10	4248622	4248732	3	1.8279
5a869921-d425-418d-ae15-373f696c498a	10	4248824	6369412	1822	-0.0014
5a869921-d425-418d-ae15-373f696c498a	10	6369488	6369519	3	1.8086
5a869921-d425-418d-ae15-373f696c498a	10	6376792	46526280	26287	-0.0119
5a869921-d425-418d-ae15-373f696c498a	10	46526920	46898735	40	-0.596
5a869921-d425-418d-ae15-373f696c498a	10	46901552	47559592	287	0.0145
5a869921-d425-418d-ae15-373f696c498a	10	47559596	48173568	21	-0.5201
5a869921-d425-418d-ae15-373f696c498a	10	48179571	51320512	2173	0.0029
5a869921-d425-418d-ae15-373f696c498a	10	51321219	51324333	3	-1.0905
5a869921-d425-418d-ae15-373f696c498a	10	51324451	59598509	6178	-0.0159
5a869921-d425-418d-ae15-373f696c498a	10	59604357	59605506	8	-2.768
5a869921-d425-418d-ae15-373f696c498a	10	59605724	62749631	2239	-0.0168
5a869921-d425-418d-ae15-373f696c498a	10	62753788	62758432	3	-0.9992
5a869921-d425-418d-ae15-373f696c498a	10	62761596	65546400	1781	-0.0156
5a869921-d425-418d-ae15-373f696c498a	10	65546518	65554672	28	0.3859
5a869921-d425-418d-ae15-373f696c498a	10	65554688	76493093	6787	-0.0045
5a869921-d425-418d-ae15-373f696c498a	10	76497303	76497852	2	1.953
5a869921-d425-418d-ae15-373f696c498a	10	76501509	81118403	3326	0.0014
5a869921-d425-418d-ae15-373f696c498a	10	81121574	81130027	10	-1.4095
5a869921-d425-418d-ae15-373f696c498a	10	81134713	87278584	4321	-0.0111
5a869921-d425-418d-ae15-373f696c498a	10	87286741	87357543	14	0.5397
5a869921-d425-418d-ae15-373f696c498a	10	87371433	89178916	1365	0.0026
5a869921-d425-418d-ae15-373f696c498a	10	89183210	89190337	13	-1.1482
5a869921-d425-418d-ae15-373f696c498a	10	89190649	105296521	9837	-0.0061
5a869921-d425-418d-ae15-373f696c498a	10	105297280	105299412	3	-1.0447
5a869921-d425-418d-ae15-373f696c498a	10	105302718	108540690	2508	-0.0128
5a869921-d425-418d-ae15-373f696c498a	10	108543565	108549983	3	-1.2845
5a869921-d425-418d-ae15-373f696c498a	10	108555348	133654968	18046	0.0006
5a869921-d425-418d-ae15-373f696c498a	11	198510	4075287	1619	0.0129
5a869921-d425-418d-ae15-373f696c498a	11	4077022	4077550	2	-1.2287
5a869921-d425-418d-ae15-373f696c498a	11	4077783	4274526	132	0.0117
5a869921-d425-418d-ae15-373f696c498a	11	4280126	4286769	6	-0.736
5a869921-d425-418d-ae15-373f696c498a	11	4298482	4947280	661	0.0155
5a869921-d425-418d-ae15-373f696c498a	11	4949013	4955042	29	-0.5178
5a869921-d425-418d-ae15-373f696c498a	11	4955781	5761882	780	0.0031
5a869921-d425-418d-ae15-373f696c498a	11	5762165	5787909	36	-0.683
5a869921-d425-418d-ae15-373f696c498a	11	5788108	18918775	9409	0.005
5a869921-d425-418d-ae15-373f696c498a	11	18919309	18940441	47	-0.2661
5a869921-d425-418d-ae15-373f696c498a	11	18940469	21825348	2598	-0.0028
5a869921-d425-418d-ae15-373f696c498a	11	21825960	21827206	5	-1.2129
5a869921-d425-418d-ae15-373f696c498a	11	21829111	49737435	18440	-0.0074
5a869921-d425-418d-ae15-373f696c498a	11	49738003	49739136	6	-1.157
5a869921-d425-418d-ae15-373f696c498a	11	49744609	55198132	517	0.0438
5a869921-d425-418d-ae15-373f696c498a	11	55202385	55243668	7	-0.8717
5a869921-d425-418d-ae15-373f696c498a	11	55262739	55593955	198	0.0761
5a869921-d425-418d-ae15-373f696c498a	11	55595864	55685533	60	-0.4278
5a869921-d425-418d-ae15-373f696c498a	11	55686100	67762740	6241	0.0011
5a869921-d425-418d-ae15-373f696c498a	11	67763627	67964843	51	0.2657
5a869921-d425-418d-ae15-373f696c498a	11	67968943	80256469	6968	0.0021
5a869921-d425-418d-ae15-373f696c498a	11	80256504	80256520	2	-3.7947
5a869921-d425-418d-ae15-373f696c498a	11	80256642	135074876	39031	0
5a869921-d425-418d-ae15-373f696c498a	12	51460	756804	417	0.0698
5a869921-d425-418d-ae15-373f696c498a	12	759943	764863	18	-0.8906
5a869921-d425-418d-ae15-373f696c498a	12	766188	9481274	5741	0.0125
5a869921-d425-418d-ae15-373f696c498a	12	9485313	9575696	23	-1.9706
5a869921-d425-418d-ae15-373f696c498a	12	9582373	11068125	1037	-0.0101
5a869921-d425-418d-ae15-373f696c498a	12	11070111	11088933	9	-1.4155
5a869921-d425-418d-ae15-373f696c498a	12	11099275	27493059	11358	-0.0087
5a869921-d425-418d-ae15-373f696c498a	12	27494808	27498429	28	-1.025
5a869921-d425-418d-ae15-373f696c498a	12	27504228	33141726	4154	-0.0065
5a869921-d425-418d-ae15-373f696c498a	12	33148472	33154440	27	-3.5439
5a869921-d425-418d-ae15-373f696c498a	12	33155426	37593924	829	0.0044
5a869921-d425-418d-ae15-373f696c498a	12	37618765	37620216	2	-2.5061
5a869921-d425-418d-ae15-373f696c498a	12	37640556	90089570	32006	-0.0059
5a869921-d425-418d-ae15-373f696c498a	12	90089573	90098297	8	0.6899
5a869921-d425-418d-ae15-373f696c498a	12	90099780	111534475	14308	0.0009
5a869921-d425-418d-ae15-373f696c498a	12	111540340	111542193	3	-1.046
5a869921-d425-418d-ae15-373f696c498a	12	111546903	127147836	10423	0.009
5a869921-d425-418d-ae15-373f696c498a	12	127149591	127150577	12	-0.5129
5a869921-d425-418d-ae15-373f696c498a	12	127151964	127707250	459	0.0132
5a869921-d425-418d-ae15-373f696c498a	12	127707386	131636170	3429	0.0492
5a869921-d425-418d-ae15-373f696c498a	12	131648039	131670006	20	0.5662
5a869921-d425-418d-ae15-373f696c498a	12	131670109	133201603	551	0.0217
5a869921-d425-418d-ae15-373f696c498a	13	18452809	37496233	13483	0.0019
5a869921-d425-418d-ae15-373f696c498a	13	37496998	37510620	17	0.6914
5a869921-d425-418d-ae15-373f696c498a	13	37514193	48957415	8029	0.0007
5a869921-d425-418d-ae15-373f696c498a	13	48959579	48962368	2	-4.9971
5a869921-d425-418d-ae15-373f696c498a	13	48963569	114342922	42634	-0.0031
5a869921-d425-418d-ae15-373f696c498a	14	18239283	19289821	45	0.1136
5a869921-d425-418d-ae15-373f696c498a	14	19294457	19294475	2	-1.4131
5a869921-d425-418d-ae15-373f696c498a	14	19298389	19988055	138	0.2619
5a869921-d425-418d-ae15-373f696c498a	14	19988163	21765222	1172	0.0123
5a869921-d425-418d-ae15-373f696c498a	14	21767650	21768531	3	1.4068
5a869921-d425-418d-ae15-373f696c498a	14	21769881	21986046	207	-0.0973
5a869921-d425-418d-ae15-373f696c498a	14	21987373	22155699	154	-0.2388
5a869921-d425-418d-ae15-373f696c498a	14	22156145	22501577	295	-0.4027
5a869921-d425-418d-ae15-373f696c498a	14	22501590	22541501	41	-0.122
5a869921-d425-418d-ae15-373f696c498a	14	22541919	22623202	71	0.0951
5a869921-d425-418d-ae15-373f696c498a	14	22625942	22630304	7	-1.0479
5a869921-d425-418d-ae15-373f696c498a	14	22630485	25140067	1540	-0.0007
5a869921-d425-418d-ae15-373f696c498a	14	25142368	25142968	4	-1.1261
5a869921-d425-418d-ae15-373f696c498a	14	25144954	73534419	30570	-0.0014
5a869921-d425-418d-ae15-373f696c498a	14	73540003	73563196	9	-1.5342
5a869921-d425-418d-ae15-373f696c498a	14	73563211	106321086	20881	0.0045
5a869921-d425-418d-ae15-373f696c498a	14	106340102	106346129	7	-2.0576
5a869921-d425-418d-ae15-373f696c498a	14	106360014	106418444	31	0.0028
5a869921-d425-418d-ae15-373f696c498a	14	106423925	106462183	48	-0.6864
5a869921-d425-418d-ae15-373f696c498a	14	106462724	106877229	195	0.0444
5a869921-d425-418d-ae15-373f696c498a	15	19811075	20026653	47	0.1221
5a869921-d425-418d-ae15-373f696c498a	15	20041119	20373168	41	-0.2575
5a869921-d425-418d-ae15-373f696c498a	15	20376198	20376309	6	0.611
5a869921-d425-418d-ae15-373f696c498a	15	20376311	21997003	83	-0.1924
5a869921-d425-418d-ae15-373f696c498a	15	21999319	22299523	29	-0.7568
5a869921-d425-418d-ae15-373f696c498a	15	22385639	24230059	918	0.0125
5a869921-d425-418d-ae15-373f696c498a	15	24232659	24266888	13	-0.4681
5a869921-d425-418d-ae15-373f696c498a	15	24269473	28195556	2806	0.0042
5a869921-d425-418d-ae15-373f696c498a	15	28199622	30063747	878	0.0833
5a869921-d425-418d-ae15-373f696c498a	15	30063989	30152073	11	-0.1674
5a869921-d425-418d-ae15-373f696c498a	15	30156392	30442554	26	-0.8478
5a869921-d425-418d-ae15-373f696c498a	15	30483791	40556152	6849	0.0106
5a869921-d425-418d-ae15-373f696c498a	15	40557499	40557629	2	-1.6213
5a869921-d425-418d-ae15-373f696c498a	15	40559556	44931456	2008	0.0146
5a869921-d425-418d-ae15-373f696c498a	15	44933059	44942884	7	-1.0147
5a869921-d425-418d-ae15-373f696c498a	15	44946546	47221056	1376	0.0034
5a869921-d425-418d-ae15-373f696c498a	15	47226610	47227357	6	-1.5233
5a869921-d425-418d-ae15-373f696c498a	15	47233464	53902792	4321	-0.0004
5a869921-d425-418d-ae15-373f696c498a	15	53908153	53909163	2	-3.0586
5a869921-d425-418d-ae15-373f696c498a	15	53912031	76586021	14487	0.011
5a869921-d425-418d-ae15-373f696c498a	15	76598900	76603003	15	1.1456
5a869921-d425-418d-ae15-373f696c498a	15	76603426	76603434	7	0.5982
5a869921-d425-418d-ae15-373f696c498a	15	76609838	81795068	3317	0.0177
5a869921-d425-418d-ae15-373f696c498a	15	81796730	81796869	3	-1.0261
5a869921-d425-418d-ae15-373f696c498a	15	81804153	85965728	2202	0.0051
5a869921-d425-418d-ae15-373f696c498a	15	85968663	85977902	7	-1.0584
5a869921-d425-418d-ae15-373f696c498a	15	85978606	101888798	12084	0.0174
5a869921-d425-418d-ae15-373f696c498a	15	101888834	101928837	8	-0.7081
5a869921-d425-418d-ae15-373f696c498a	16	10777	4883906	2063	0.0189
5a869921-d425-418d-ae15-373f696c498a	16	4886204	4886530	3	-1.181
5a869921-d425-418d-ae15-373f696c498a	16	4887908	14652868	9017	0.0184
5a869921-d425-418d-ae15-373f696c498a	16	14653245	14956028	38	0.2693
5a869921-d425-418d-ae15-373f696c498a	16	14956124	16199461	620	0.0719
5a869921-d425-418d-ae15-373f696c498a	16	16200861	16435734	12	0.5212
5a869921-d425-418d-ae15-373f696c498a	16	16449962	16563118	14	-0.258
5a869921-d425-418d-ae15-373f696c498a	16	16563603	16573126	3	-1.3049
5a869921-d425-418d-ae15-373f696c498a	16	16574061	16786935	27	-0.2253
5a869921-d425-418d-ae15-373f696c498a	16	16787253	18104860	962	0.0646
5a869921-d425-418d-ae15-373f696c498a	16	18134261	18148869	3	1.5971
5a869921-d425-418d-ae15-373f696c498a	16	18149179	18545889	13	0.3572
5a869921-d425-418d-ae15-373f696c498a	16	18583078	22420049	1994	0.0209
5a869921-d425-418d-ae15-373f696c498a	16	22430653	22699421	75	-0.4015
5a869921-d425-418d-ae15-373f696c498a	16	22701658	32295899	5131	0.014
5a869921-d425-418d-ae15-373f696c498a	16	32383608	32513457	9	-2.0892
5a869921-d425-418d-ae15-373f696c498a	16	32553191	32852602	6	-0.399
5a869921-d425-418d-ae15-373f696c498a	16	32861972	33043337	20	0.5568
5a869921-d425-418d-ae15-373f696c498a	16	33045427	46561902	498	0.041
5a869921-d425-418d-ae15-373f696c498a	16	46562233	78518056	21003	-0.0021
5a869921-d425-418d-ae15-373f696c498a	16	78518152	90096867	10362	0.0248
5a869921-d425-418d-ae15-373f696c498a	17	150733	14249487	8902	0.0198
5a869921-d425-418d-ae15-373f696c498a	17	14249691	15233680	870	0.1036
5a869921-d425-418d-ae15-373f696c498a	17	15238545	15623842	231	0.0344
5a869921-d425-418d-ae15-373f696c498a	17	15639847	15643476	3	-1.1912
5a869921-d425-418d-ae15-373f696c498a	17	15650964	33680632	6456	0.0126
5a869921-d425-418d-ae15-373f696c498a	17	33681077	34609520	885	0.096
5a869921-d425-418d-ae15-373f696c498a	17	34611015	36109315	906	0.0321
5a869921-d425-418d-ae15-373f696c498a	17	36109735	36208249	37	0.6596
5a869921-d425-418d-ae15-373f696c498a	17	36460442	41266838	2530	0.024
5a869921-d425-418d-ae15-373f696c498a	17	41266851	41274279	19	1.0832
5a869921-d425-418d-ae15-373f696c498a	17	41276472	43354897	1105	0.0132
5a869921-d425-418d-ae15-373f696c498a	17	43361222	43362553	3	-1.0962
5a869921-d425-418d-ae15-373f696c498a	17	43366336	45497555	1042	0.0166
5a869921-d425-418d-ae15-373f696c498a	17	45508731	45626448	19	0.5939
5a869921-d425-418d-ae15-373f696c498a	17	45632798	46085732	330	0.0593
5a869921-d425-418d-ae15-373f696c498a	17	46088437	46135838	35	0.8859
5a869921-d425-418d-ae15-373f696c498a	17	46136346	46274335	82	0.6297
5a869921-d425-418d-ae15-373f696c498a	17	46274563	46286804	6	0.9474
5a869921-d425-418d-ae15-373f696c498a	17	46323701	52674853	3431	0.0121
5a869921-d425-418d-ae15-373f696c498a	17	52682193	52682208	2	-1.5855
5a869921-d425-418d-ae15-373f696c498a	17	52682659	73750088	13326	0.0098
5a869921-d425-418d-ae15-373f696c498a	17	73750145	74665438	612	0.0973
5a869921-d425-418d-ae15-373f696c498a	17	74666058	80557107	3178	0.0184
5a869921-d425-418d-ae15-373f696c498a	17	80558425	80558951	4	-1.3249
5a869921-d425-418d-ae15-373f696c498a	17	80559389	83091923	1026	0.0124
5a869921-d425-418d-ae15-373f696c498a	18	48133	5958576	4214	0.0346
5a869921-d425-418d-ae15-373f696c498a	18	5958902	6086901	127	0.1778
5a869921-d425-418d-ae15-373f696c498a	18	6088173	30407542	11782	0.0167
5a869921-d425-418d-ae15-373f696c498a	18	30411467	30411486	2	-2.8195
5a869921-d425-418d-ae15-373f696c498a	18	30411967	40678106	6654	0.0058
5a869921-d425-418d-ae15-373f696c498a	18	40678118	40680516	19	-0.3043
5a869921-d425-418d-ae15-373f696c498a	18	40680526	40685425	14	-0.9191
5a869921-d425-418d-ae15-373f696c498a	18	40688060	66050517	17493	0.0146
5a869921-d425-418d-ae15-373f696c498a	18	66054343	66065571	16	-0.5052
5a869921-d425-418d-ae15-373f696c498a	18	66065592	80257174	10428	0.0191
5a869921-d425-418d-ae15-373f696c498a	19	90910	3123171	829	0.0164
5a869921-d425-418d-ae15-373f696c498a	19	3123740	3132910	2	-1.306
5a869921-d425-418d-ae15-373f696c498a	19	3134701	3214116	25	0.0825
5a869921-d425-418d-ae15-373f696c498a	19	3227104	3233528	3	-0.782
5a869921-d425-418d-ae15-373f696c498a	19	3243806	5506648	734	0.0222
5a869921-d425-418d-ae15-373f696c498a	19	5510228	5510642	3	-2.6683
5a869921-d425-418d-ae15-373f696c498a	19	5510689	12581187	3449	0.0255
5a869921-d425-418d-ae15-373f696c498a	19	12586552	12587288	2	-1.4087
5a869921-d425-418d-ae15-373f696c498a	19	12589709	14901914	1030	0.0171
5a869921-d425-418d-ae15-373f696c498a	19	14902796	14905818	3	-1.7678
5a869921-d425-418d-ae15-373f696c498a	19	14905848	19953927	2566	0.0105
5a869921-d425-418d-ae15-373f696c498a	19	19955857	20649870	417	0.1037
5a869921-d425-418d-ae15-373f696c498a	19	20653084	21632117	548	0.0107
5a869921-d425-418d-ae15-373f696c498a	19	21632838	21637067	2	1.309
5a869921-d425-418d-ae15-373f696c498a	19	21637309	27650781	1606	0.0284
5a869921-d425-418d-ae15-373f696c498a	19	27653592	27662605	3	-1.1814
5a869921-d425-418d-ae15-373f696c498a	19	27663417	36339409	5953	0.0129
5a869921-d425-418d-ae15-373f696c498a	19	36354973	36356542	10	0.5125
5a869921-d425-418d-ae15-373f696c498a	19	36356596	42707438	3213	0.0189
5a869921-d425-418d-ae15-373f696c498a	19	42709707	43280360	238	0.1407
5a869921-d425-418d-ae15-373f696c498a	19	43280965	49920469	3178	0.0079
5a869921-d425-418d-ae15-373f696c498a	19	49924738	56101475	3744	0.0511
5a869921-d425-418d-ae15-373f696c498a	19	56101851	57620208	1032	0.023
5a869921-d425-418d-ae15-373f696c498a	19	57622569	57656083	25	0.7663
5a869921-d425-418d-ae15-373f696c498a	19	57658386	58586487	502	0.0384
5a869921-d425-418d-ae15-373f696c498a	20	80664	1571811	1182	0.0353
5a869921-d425-418d-ae15-373f696c498a	20	1576544	1580353	21	0.4426
5a869921-d425-418d-ae15-373f696c498a	20	1580934	1613247	41	2.7205
5a869921-d425-418d-ae15-373f696c498a	20	1617300	3734568	1519	0.0007
5a869921-d425-418d-ae15-373f696c498a	20	3735047	4086931	205	0.2364
5a869921-d425-418d-ae15-373f696c498a	20	4087207	9932557	4657	0.0087
5a869921-d425-418d-ae15-373f696c498a	20	9932742	9933030	2	-1.3964
5a869921-d425-418d-ae15-373f696c498a	20	9933752	26324943	12395	-0.0022
5a869921-d425-418d-ae15-373f696c498a	20	30185676	30377631	39	0.2626
5a869921-d425-418d-ae15-373f696c498a	20	30381395	42598952	6712	0.0056
5a869921-d425-418d-ae15-373f696c498a	20	42599203	42632121	48	0.2391
5a869921-d425-418d-ae15-373f696c498a	20	42634637	64324800	15565	0.0134
5a869921-d425-418d-ae15-373f696c498a	21	10354168	10569525	55	0.2718
5a869921-d425-418d-ae15-373f696c498a	21	10571815	10756733	31	0.5504
5a869921-d425-418d-ae15-373f696c498a	21	10775586	13583316	183	0.0457
5a869921-d425-418d-ae15-373f696c498a	21	13612103	13677975	4	1.0386
5a869921-d425-418d-ae15-373f696c498a	21	13803967	16738711	1946	0.0032
5a869921-d425-418d-ae15-373f696c498a	21	16740643	16751154	8	-0.7411
5a869921-d425-418d-ae15-373f696c498a	21	16752845	32634788	11774	-0.008
5a869921-d425-418d-ae15-373f696c498a	21	32636222	46677045	9863	0.0151
5a869921-d425-418d-ae15-373f696c498a	22	15294547	25679039	5596	0.0508
5a869921-d425-418d-ae15-373f696c498a	22	25679109	33476410	5762	0.0215
5a869921-d425-418d-ae15-373f696c498a	22	33476811	33476871	3	-1.0686
5a869921-d425-418d-ae15-373f696c498a	22	33482815	48929714	10725	0.0183
5a869921-d425-418d-ae15-373f696c498a	22	48930387	50796027	1199	0.0818
5a869921-d425-418d-ae15-373f696c498a	X	251810	24576650	14923	0.0149
5a869921-d425-418d-ae15-373f696c498a	X	24576668	24577630	6	-2.4056
5a869921-d425-418d-ae15-373f696c498a	X	24579832	72463044	22816	0.0132
5a869921-d425-418d-ae15-373f696c498a	X	72463634	72463718	2	-4.0836
5a869921-d425-418d-ae15-373f696c498a	X	72464576	95905999	11619	-0.0037
5a869921-d425-418d-ae15-373f696c498a	X	95909375	95909681	2	3.8071
5a869921-d425-418d-ae15-373f696c498a	X	95910565	155952689	34174	0.0096
5a869921-d425-418d-ae15-373f696c498a	Y	2782397	13478396	3263	-1.8178
5a869921-d425-418d-ae15-373f696c498a	Y	13478462	13479657	2	-7.6439
5a869921-d425-418d-ae15-373f696c498a	Y	13482643	56872112	3371	-1.8521
