Sample	Chromosome	Start	End	Num_Probes	Segment_Mean
TSUBA_p_TCGA352_119_144_221_NSP_GenomeWideSNP_6_E05_1377046	1	61735	16149343	8388	0.0494
TSUBA_p_TCGA352_119_144_221_NSP_GenomeWideSNP_6_E05_1377046	1	16149915	16154966	10	0.7476
TSUBA_p_TCGA352_119_144_221_NSP_GenomeWideSNP_6_E05_1377046	1	16155010	16953771	322	0.0391
TSUBA_p_TCGA352_119_144_221_NSP_GenomeWideSNP_6_E05_1377046	1	16953842	16970456	20	-0.4343
TSUBA_p_TCGA352_119_144_221_NSP_GenomeWideSNP_6_E05_1377046	1	17005734	17016259	18	0.4116
TSUBA_p_TCGA352_119_144_221_NSP_GenomeWideSNP_6_E05_1377046	1	17016872	17076467	22	-0.0142
TSUBA_p_TCGA352_119_144_221_NSP_GenomeWideSNP_6_E05_1377046	1	17082412	17177045	19	-0.815
TSUBA_p_TCGA352_119_144_221_NSP_GenomeWideSNP_6_E05_1377046	1	17177965	17190862	4	-0.0889
TSUBA_p_TCGA352_119_144_221_NSP_GenomeWideSNP_6_E05_1377046	1	17195155	17276241	62	0.5126
TSUBA_p_TCGA352_119_144_221_NSP_GenomeWideSNP_6_E05_1377046	1	17277940	25583341	5251	0.0466
TSUBA_p_TCGA352_119_144_221_NSP_GenomeWideSNP_6_E05_1377046	1	25593128	25646946	27	0.7644
TSUBA_p_TCGA352_119_144_221_NSP_GenomeWideSNP_6_E05_1377046	1	25646986	35091674	4955	0.0575
TSUBA_p_TCGA352_119_144_221_NSP_GenomeWideSNP_6_E05_1377046	1	35102654	35114268	21	-0.535
TSUBA_p_TCGA352_119_144_221_NSP_GenomeWideSNP_6_E05_1377046	1	35115542	104163499	43820	0.0668
TSUBA_p_TCGA352_119_144_221_NSP_GenomeWideSNP_6_E05_1377046	1	104163787	104268222	26	1.0972
TSUBA_p_TCGA352_119_144_221_NSP_GenomeWideSNP_6_E05_1377046	1	104303403	110227515	3594	0.075
TSUBA_p_TCGA352_119_144_221_NSP_GenomeWideSNP_6_E05_1377046	1	110232974	110244998	18	-0.4825
TSUBA_p_TCGA352_119_144_221_NSP_GenomeWideSNP_6_E05_1377046	1	110246126	112690326	1944	0.0779
TSUBA_p_TCGA352_119_144_221_NSP_GenomeWideSNP_6_E05_1377046	1	112695965	112697213	22	-0.5384
TSUBA_p_TCGA352_119_144_221_NSP_GenomeWideSNP_6_E05_1377046	1	112697241	145151959	5376	0.0617
TSUBA_p_TCGA352_119_144_221_NSP_GenomeWideSNP_6_E05_1377046	1	145152000	145152018	2	-1.3935
TSUBA_p_TCGA352_119_144_221_NSP_GenomeWideSNP_6_E05_1377046	1	145152050	145235261	45	0.2339
TSUBA_p_TCGA352_119_144_221_NSP_GenomeWideSNP_6_E05_1377046	1	145243516	145288350	14	0.7307
TSUBA_p_TCGA352_119_144_221_NSP_GenomeWideSNP_6_E05_1377046	1	145289199	147827821	856	0.1074
TSUBA_p_TCGA352_119_144_221_NSP_GenomeWideSNP_6_E05_1377046	1	147829226	148575315	17	-0.5086
TSUBA_p_TCGA352_119_144_221_NSP_GenomeWideSNP_6_E05_1377046	1	148575555	149036524	44	-0.0439
TSUBA_p_TCGA352_119_144_221_NSP_GenomeWideSNP_6_E05_1377046	1	149040066	149291599	139	-0.622
TSUBA_p_TCGA352_119_144_221_NSP_GenomeWideSNP_6_E05_1377046	1	149306068	152555176	1510	0.0711
TSUBA_p_TCGA352_119_144_221_NSP_GenomeWideSNP_6_E05_1377046	1	152555527	152586576	35	-2.2708
TSUBA_p_TCGA352_119_144_221_NSP_GenomeWideSNP_6_E05_1377046	1	152586594	152761923	173	0.0779
TSUBA_p_TCGA352_119_144_221_NSP_GenomeWideSNP_6_E05_1377046	1	152761939	152768700	36	-0.2972
TSUBA_p_TCGA352_119_144_221_NSP_GenomeWideSNP_6_E05_1377046	1	152773905	196711187	29411	0.0733
TSUBA_p_TCGA352_119_144_221_NSP_GenomeWideSNP_6_E05_1377046	1	196714822	196815791	98	0.477
TSUBA_p_TCGA352_119_144_221_NSP_GenomeWideSNP_6_E05_1377046	1	196816730	249224388	35806	0.0705
TSUBA_p_TCGA352_119_144_221_NSP_GenomeWideSNP_6_E05_1377046	2	12784	34662978	24007	-0.1193
TSUBA_p_TCGA352_119_144_221_NSP_GenomeWideSNP_6_E05_1377046	2	34663358	34691069	9	-0.8906
TSUBA_p_TCGA352_119_144_221_NSP_GenomeWideSNP_6_E05_1377046	2	34699315	34737057	46	-2.6324
TSUBA_p_TCGA352_119_144_221_NSP_GenomeWideSNP_6_E05_1377046	2	34737163	52754561	12976	-0.1165
TSUBA_p_TCGA352_119_144_221_NSP_GenomeWideSNP_6_E05_1377046	2	52754728	52754881	3	-2.3933
TSUBA_p_TCGA352_119_144_221_NSP_GenomeWideSNP_6_E05_1377046	2	52758753	85332445	20919	0.0039
TSUBA_p_TCGA352_119_144_221_NSP_GenomeWideSNP_6_E05_1377046	2	85332460	85333406	2	-1.6081
TSUBA_p_TCGA352_119_144_221_NSP_GenomeWideSNP_6_E05_1377046	2	85333976	98025647	3094	0.087
TSUBA_p_TCGA352_119_144_221_NSP_GenomeWideSNP_6_E05_1377046	2	98063372	98179580	20	0.6028
TSUBA_p_TCGA352_119_144_221_NSP_GenomeWideSNP_6_E05_1377046	2	98187302	114331775	9401	0.0771
TSUBA_p_TCGA352_119_144_221_NSP_GenomeWideSNP_6_E05_1377046	2	114362015	114380821	4	-1.4074
TSUBA_p_TCGA352_119_144_221_NSP_GenomeWideSNP_6_E05_1377046	2	114383552	117585649	1935	0.0677
TSUBA_p_TCGA352_119_144_221_NSP_GenomeWideSNP_6_E05_1377046	2	117588586	117589767	2	-2.0869
TSUBA_p_TCGA352_119_144_221_NSP_GenomeWideSNP_6_E05_1377046	2	117589853	159957477	25880	0.0166
TSUBA_p_TCGA352_119_144_221_NSP_GenomeWideSNP_6_E05_1377046	2	159958620	159960973	3	-2.1574
TSUBA_p_TCGA352_119_144_221_NSP_GenomeWideSNP_6_E05_1377046	2	159963287	164636852	2788	-0.1234
TSUBA_p_TCGA352_119_144_221_NSP_GenomeWideSNP_6_E05_1377046	2	164643488	164645126	5	-1.4794
TSUBA_p_TCGA352_119_144_221_NSP_GenomeWideSNP_6_E05_1377046	2	164646642	213181322	29343	-0.1143
TSUBA_p_TCGA352_119_144_221_NSP_GenomeWideSNP_6_E05_1377046	2	213186549	213191825	25	-1.4171
TSUBA_p_TCGA352_119_144_221_NSP_GenomeWideSNP_6_E05_1377046	2	213192126	243089456	19015	-0.1372
TSUBA_p_TCGA352_119_144_221_NSP_GenomeWideSNP_6_E05_1377046	3	60345	6646543	5822	0.0809
TSUBA_p_TCGA352_119_144_221_NSP_GenomeWideSNP_6_E05_1377046	3	6651128	6653332	23	-0.8305
TSUBA_p_TCGA352_119_144_221_NSP_GenomeWideSNP_6_E05_1377046	3	6655078	9359721	2362	0.0705
TSUBA_p_TCGA352_119_144_221_NSP_GenomeWideSNP_6_E05_1377046	3	9360211	9368125	10	-0.9988
TSUBA_p_TCGA352_119_144_221_NSP_GenomeWideSNP_6_E05_1377046	3	9371404	37977417	19381	0.0736
TSUBA_p_TCGA352_119_144_221_NSP_GenomeWideSNP_6_E05_1377046	3	37982108	37986928	18	-0.848
TSUBA_p_TCGA352_119_144_221_NSP_GenomeWideSNP_6_E05_1377046	3	37987106	57015833	10975	-0.1046
TSUBA_p_TCGA352_119_144_221_NSP_GenomeWideSNP_6_E05_1377046	3	57016222	57020909	3	-1.5522
TSUBA_p_TCGA352_119_144_221_NSP_GenomeWideSNP_6_E05_1377046	3	57021491	60692860	2770	-0.1131
TSUBA_p_TCGA352_119_144_221_NSP_GenomeWideSNP_6_E05_1377046	3	60692898	60694351	2	-1.4635
TSUBA_p_TCGA352_119_144_221_NSP_GenomeWideSNP_6_E05_1377046	3	60694719	67658054	5628	-0.1149
TSUBA_p_TCGA352_119_144_221_NSP_GenomeWideSNP_6_E05_1377046	3	67661012	67729534	62	-1.4017
TSUBA_p_TCGA352_119_144_221_NSP_GenomeWideSNP_6_E05_1377046	3	67737700	75514396	5538	-0.1195
TSUBA_p_TCGA352_119_144_221_NSP_GenomeWideSNP_6_E05_1377046	3	75516091	75596246	30	0.4423
TSUBA_p_TCGA352_119_144_221_NSP_GenomeWideSNP_6_E05_1377046	3	75608639	75727056	30	-0.1209
TSUBA_p_TCGA352_119_144_221_NSP_GenomeWideSNP_6_E05_1377046	3	75733794	75788459	19	0.2985
TSUBA_p_TCGA352_119_144_221_NSP_GenomeWideSNP_6_E05_1377046	3	75792056	95456106	9079	0.003
TSUBA_p_TCGA352_119_144_221_NSP_GenomeWideSNP_6_E05_1377046	3	95466880	95468110	2	-3.6037
TSUBA_p_TCGA352_119_144_221_NSP_GenomeWideSNP_6_E05_1377046	3	95468680	98948543	1860	0.072
TSUBA_p_TCGA352_119_144_221_NSP_GenomeWideSNP_6_E05_1377046	3	98948582	98949314	19	0.5921
TSUBA_p_TCGA352_119_144_221_NSP_GenomeWideSNP_6_E05_1377046	3	98949421	131989347	20173	0.0787
TSUBA_p_TCGA352_119_144_221_NSP_GenomeWideSNP_6_E05_1377046	3	131992737	131995684	4	-2.5858
TSUBA_p_TCGA352_119_144_221_NSP_GenomeWideSNP_6_E05_1377046	3	132000477	143285118	6909	0.0721
TSUBA_p_TCGA352_119_144_221_NSP_GenomeWideSNP_6_E05_1377046	3	143285765	143285974	5	0.8922
TSUBA_p_TCGA352_119_144_221_NSP_GenomeWideSNP_6_E05_1377046	3	143286801	145633406	1513	0.0829
TSUBA_p_TCGA352_119_144_221_NSP_GenomeWideSNP_6_E05_1377046	3	145641922	145641934	2	-1.3781
TSUBA_p_TCGA352_119_144_221_NSP_GenomeWideSNP_6_E05_1377046	3	145642365	162532950	10370	0.0026
TSUBA_p_TCGA352_119_144_221_NSP_GenomeWideSNP_6_E05_1377046	3	162534730	162540490	6	1.2113
TSUBA_p_TCGA352_119_144_221_NSP_GenomeWideSNP_6_E05_1377046	3	162545716	192877902	19163	-0.0971
TSUBA_p_TCGA352_119_144_221_NSP_GenomeWideSNP_6_E05_1377046	3	192877962	192882903	19	-1.728
TSUBA_p_TCGA352_119_144_221_NSP_GenomeWideSNP_6_E05_1377046	3	192886435	195390680	1484	-0.1438
TSUBA_p_TCGA352_119_144_221_NSP_GenomeWideSNP_6_E05_1377046	3	195399075	195473796	43	0.3881
TSUBA_p_TCGA352_119_144_221_NSP_GenomeWideSNP_6_E05_1377046	3	195474182	197896118	1175	-0.1367
TSUBA_p_TCGA352_119_144_221_NSP_GenomeWideSNP_6_E05_1377046	4	12281	10210390	5775	0.0471
TSUBA_p_TCGA352_119_144_221_NSP_GenomeWideSNP_6_E05_1377046	4	10223416	10231498	24	2.4788
TSUBA_p_TCGA352_119_144_221_NSP_GenomeWideSNP_6_E05_1377046	4	10234214	10393154	179	0.1074
TSUBA_p_TCGA352_119_144_221_NSP_GenomeWideSNP_6_E05_1377046	4	10398318	10400668	14	-0.7269
TSUBA_p_TCGA352_119_144_221_NSP_GenomeWideSNP_6_E05_1377046	4	10402718	34779054	16750	0.0556
TSUBA_p_TCGA352_119_144_221_NSP_GenomeWideSNP_6_E05_1377046	4	34786500	34824725	38	-0.5735
TSUBA_p_TCGA352_119_144_221_NSP_GenomeWideSNP_6_E05_1377046	4	34829872	61936938	15022	0.0742
TSUBA_p_TCGA352_119_144_221_NSP_GenomeWideSNP_6_E05_1377046	4	61940935	61941952	2	-2.8296
TSUBA_p_TCGA352_119_144_221_NSP_GenomeWideSNP_6_E05_1377046	4	61945686	69367142	4395	-0.1679
TSUBA_p_TCGA352_119_144_221_NSP_GenomeWideSNP_6_E05_1377046	4	69372003	69485979	66	0.5323
TSUBA_p_TCGA352_119_144_221_NSP_GenomeWideSNP_6_E05_1377046	4	69489335	77793212	4994	-0.1701
TSUBA_p_TCGA352_119_144_221_NSP_GenomeWideSNP_6_E05_1377046	4	77793240	77793778	6	-1.1993
TSUBA_p_TCGA352_119_144_221_NSP_GenomeWideSNP_6_E05_1377046	4	77793829	86110530	5157	-0.1683
TSUBA_p_TCGA352_119_144_221_NSP_GenomeWideSNP_6_E05_1377046	4	86114858	86124032	5	-1.4936
TSUBA_p_TCGA352_119_144_221_NSP_GenomeWideSNP_6_E05_1377046	4	86124919	104745571	11182	-0.1712
TSUBA_p_TCGA352_119_144_221_NSP_GenomeWideSNP_6_E05_1377046	4	104751630	104751637	5	0.8706
TSUBA_p_TCGA352_119_144_221_NSP_GenomeWideSNP_6_E05_1377046	4	104751644	108051500	1852	-0.1798
TSUBA_p_TCGA352_119_144_221_NSP_GenomeWideSNP_6_E05_1377046	4	108065751	108076533	37	-1.1159
TSUBA_p_TCGA352_119_144_221_NSP_GenomeWideSNP_6_E05_1377046	4	108077434	138092239	17645	-0.1697
TSUBA_p_TCGA352_119_144_221_NSP_GenomeWideSNP_6_E05_1377046	4	138092420	138093414	14	-2.869
TSUBA_p_TCGA352_119_144_221_NSP_GenomeWideSNP_6_E05_1377046	4	138094958	155802548	10805	-0.1652
TSUBA_p_TCGA352_119_144_221_NSP_GenomeWideSNP_6_E05_1377046	4	155803005	155803078	3	-4.4893
TSUBA_p_TCGA352_119_144_221_NSP_GenomeWideSNP_6_E05_1377046	4	155803199	172369346	10569	-0.1684
TSUBA_p_TCGA352_119_144_221_NSP_GenomeWideSNP_6_E05_1377046	4	172374884	172377724	11	1.0292
TSUBA_p_TCGA352_119_144_221_NSP_GenomeWideSNP_6_E05_1377046	4	172377776	172987928	397	-0.1688
TSUBA_p_TCGA352_119_144_221_NSP_GenomeWideSNP_6_E05_1377046	4	172989148	172989533	12	0.9286
TSUBA_p_TCGA352_119_144_221_NSP_GenomeWideSNP_6_E05_1377046	4	172995979	173422522	231	-0.1853
TSUBA_p_TCGA352_119_144_221_NSP_GenomeWideSNP_6_E05_1377046	4	173424947	173428643	7	1.1324
TSUBA_p_TCGA352_119_144_221_NSP_GenomeWideSNP_6_E05_1377046	4	173441132	178879879	3294	-0.1714
TSUBA_p_TCGA352_119_144_221_NSP_GenomeWideSNP_6_E05_1377046	4	178881496	178882281	7	-1.0784
TSUBA_p_TCGA352_119_144_221_NSP_GenomeWideSNP_6_E05_1377046	4	178882296	191027923	8548	-0.192
TSUBA_p_TCGA352_119_144_221_NSP_GenomeWideSNP_6_E05_1377046	5	15532	741695	323	0.0337
TSUBA_p_TCGA352_119_144_221_NSP_GenomeWideSNP_6_E05_1377046	5	742039	863797	43	0.4179
TSUBA_p_TCGA352_119_144_221_NSP_GenomeWideSNP_6_E05_1377046	5	866370	11161625	8737	0.0512
TSUBA_p_TCGA352_119_144_221_NSP_GenomeWideSNP_6_E05_1377046	5	11162636	11162771	3	-1.3019
TSUBA_p_TCGA352_119_144_221_NSP_GenomeWideSNP_6_E05_1377046	5	11167277	45860022	21495	0.067
TSUBA_p_TCGA352_119_144_221_NSP_GenomeWideSNP_6_E05_1377046	5	45860936	45880382	11	-0.9223
TSUBA_p_TCGA352_119_144_221_NSP_GenomeWideSNP_6_E05_1377046	5	45888504	118658798	42145	0.054
TSUBA_p_TCGA352_119_144_221_NSP_GenomeWideSNP_6_E05_1377046	5	118659305	118660289	3	-1.5109
TSUBA_p_TCGA352_119_144_221_NSP_GenomeWideSNP_6_E05_1377046	5	118660500	140217794	12937	-0.0922
TSUBA_p_TCGA352_119_144_221_NSP_GenomeWideSNP_6_E05_1377046	5	140218330	140243756	14	-0.9745
TSUBA_p_TCGA352_119_144_221_NSP_GenomeWideSNP_6_E05_1377046	5	140252163	150202205	6546	-0.1521
TSUBA_p_TCGA352_119_144_221_NSP_GenomeWideSNP_6_E05_1377046	5	150205500	150218604	8	-1.4222
TSUBA_p_TCGA352_119_144_221_NSP_GenomeWideSNP_6_E05_1377046	5	150223387	151514171	961	-0.15
TSUBA_p_TCGA352_119_144_221_NSP_GenomeWideSNP_6_E05_1377046	5	151515386	151518351	14	-1.158
TSUBA_p_TCGA352_119_144_221_NSP_GenomeWideSNP_6_E05_1377046	5	151520271	155476920	2654	-0.1518
TSUBA_p_TCGA352_119_144_221_NSP_GenomeWideSNP_6_E05_1377046	5	155476998	155482729	12	-0.9034
TSUBA_p_TCGA352_119_144_221_NSP_GenomeWideSNP_6_E05_1377046	5	155495250	177198449	14776	-0.1607
TSUBA_p_TCGA352_119_144_221_NSP_GenomeWideSNP_6_E05_1377046	5	177227551	177232605	3	2.1117
TSUBA_p_TCGA352_119_144_221_NSP_GenomeWideSNP_6_E05_1377046	5	177254965	180374523	1808	-0.0845
TSUBA_p_TCGA352_119_144_221_NSP_GenomeWideSNP_6_E05_1377046	5	180378710	180418103	19	-2.3496
TSUBA_p_TCGA352_119_144_221_NSP_GenomeWideSNP_6_E05_1377046	5	180433225	180790320	171	0.0559
TSUBA_p_TCGA352_119_144_221_NSP_GenomeWideSNP_6_E05_1377046	6	149661	722716	472	-0.2003
TSUBA_p_TCGA352_119_144_221_NSP_GenomeWideSNP_6_E05_1377046	6	722974	8925346	6719	0.0603
TSUBA_p_TCGA352_119_144_221_NSP_GenomeWideSNP_6_E05_1377046	6	8927511	8927512	2	-1.318
TSUBA_p_TCGA352_119_144_221_NSP_GenomeWideSNP_6_E05_1377046	6	8928968	19040119	7548	0.0571
TSUBA_p_TCGA352_119_144_221_NSP_GenomeWideSNP_6_E05_1377046	6	19042181	19050968	11	-0.615
TSUBA_p_TCGA352_119_144_221_NSP_GenomeWideSNP_6_E05_1377046	6	19051065	26739025	5458	0.0602
TSUBA_p_TCGA352_119_144_221_NSP_GenomeWideSNP_6_E05_1377046	6	26742099	26758030	9	0.9583
TSUBA_p_TCGA352_119_144_221_NSP_GenomeWideSNP_6_E05_1377046	6	26762387	29843434	1445	0.0628
TSUBA_p_TCGA352_119_144_221_NSP_GenomeWideSNP_6_E05_1377046	6	29844034	29874642	13	-1.1566
TSUBA_p_TCGA352_119_144_221_NSP_GenomeWideSNP_6_E05_1377046	6	29874709	32454523	1180	0.1131
TSUBA_p_TCGA352_119_144_221_NSP_GenomeWideSNP_6_E05_1377046	6	32456683	32609427	57	-0.6515
TSUBA_p_TCGA352_119_144_221_NSP_GenomeWideSNP_6_E05_1377046	6	32619613	43900443	7130	0.0684
TSUBA_p_TCGA352_119_144_221_NSP_GenomeWideSNP_6_E05_1377046	6	43900707	43904774	5	-1.2745
TSUBA_p_TCGA352_119_144_221_NSP_GenomeWideSNP_6_E05_1377046	6	43904780	52745475	5686	0.0723
TSUBA_p_TCGA352_119_144_221_NSP_GenomeWideSNP_6_E05_1377046	6	52747963	52751889	3	-1.1768
TSUBA_p_TCGA352_119_144_221_NSP_GenomeWideSNP_6_E05_1377046	6	52752037	53931151	885	0.0584
TSUBA_p_TCGA352_119_144_221_NSP_GenomeWideSNP_6_E05_1377046	6	53931230	53931855	6	-2.1508
TSUBA_p_TCGA352_119_144_221_NSP_GenomeWideSNP_6_E05_1377046	6	53935348	65336942	4343	-0.0075
TSUBA_p_TCGA352_119_144_221_NSP_GenomeWideSNP_6_E05_1377046	6	65347544	65348992	2	2.5574
TSUBA_p_TCGA352_119_144_221_NSP_GenomeWideSNP_6_E05_1377046	6	65350776	67008262	1101	-0.1228
TSUBA_p_TCGA352_119_144_221_NSP_GenomeWideSNP_6_E05_1377046	6	67008286	67049406	56	-0.7211
TSUBA_p_TCGA352_119_144_221_NSP_GenomeWideSNP_6_E05_1377046	6	67049599	74591858	4981	-0.1027
TSUBA_p_TCGA352_119_144_221_NSP_GenomeWideSNP_6_E05_1377046	6	74592225	74597341	9	-0.827
TSUBA_p_TCGA352_119_144_221_NSP_GenomeWideSNP_6_E05_1377046	6	74601410	77439868	1767	-0.1142
TSUBA_p_TCGA352_119_144_221_NSP_GenomeWideSNP_6_E05_1377046	6	77440048	77452673	18	-0.977
TSUBA_p_TCGA352_119_144_221_NSP_GenomeWideSNP_6_E05_1377046	6	77452689	78962889	979	-0.1121
TSUBA_p_TCGA352_119_144_221_NSP_GenomeWideSNP_6_E05_1377046	6	78969065	79032592	108	0.1392
TSUBA_p_TCGA352_119_144_221_NSP_GenomeWideSNP_6_E05_1377046	6	79034940	88062432	5604	-0.1138
TSUBA_p_TCGA352_119_144_221_NSP_GenomeWideSNP_6_E05_1377046	6	88069268	88089160	19	0.3125
TSUBA_p_TCGA352_119_144_221_NSP_GenomeWideSNP_6_E05_1377046	6	88089448	103738039	9813	-0.1081
TSUBA_p_TCGA352_119_144_221_NSP_GenomeWideSNP_6_E05_1377046	6	103738084	103762061	43	0.6689
TSUBA_p_TCGA352_119_144_221_NSP_GenomeWideSNP_6_E05_1377046	6	103765470	134266268	19015	-0.112
TSUBA_p_TCGA352_119_144_221_NSP_GenomeWideSNP_6_E05_1377046	6	134269071	134269632	2	-2.617
TSUBA_p_TCGA352_119_144_221_NSP_GenomeWideSNP_6_E05_1377046	6	134272072	161032089	17818	-0.1226
TSUBA_p_TCGA352_119_144_221_NSP_GenomeWideSNP_6_E05_1377046	6	161032103	161033283	9	0.9877
TSUBA_p_TCGA352_119_144_221_NSP_GenomeWideSNP_6_E05_1377046	6	161068042	171051005	7234	-0.1213
TSUBA_p_TCGA352_119_144_221_NSP_GenomeWideSNP_6_E05_1377046	7	43355	32829936	23595	0.0844
TSUBA_p_TCGA352_119_144_221_NSP_GenomeWideSNP_6_E05_1377046	7	32832125	32836100	2	-2.1077
TSUBA_p_TCGA352_119_144_221_NSP_GenomeWideSNP_6_E05_1377046	7	32836357	54386505	14846	0.071
TSUBA_p_TCGA352_119_144_221_NSP_GenomeWideSNP_6_E05_1377046	7	54386509	54386517	5	1.8875
TSUBA_p_TCGA352_119_144_221_NSP_GenomeWideSNP_6_E05_1377046	7	54393488	65414076	3452	0.0681
TSUBA_p_TCGA352_119_144_221_NSP_GenomeWideSNP_6_E05_1377046	7	65415045	65469817	24	0.7654
TSUBA_p_TCGA352_119_144_221_NSP_GenomeWideSNP_6_E05_1377046	7	65470743	67649847	1048	0.0695
TSUBA_p_TCGA352_119_144_221_NSP_GenomeWideSNP_6_E05_1377046	7	67651320	67654080	2	-1.447
TSUBA_p_TCGA352_119_144_221_NSP_GenomeWideSNP_6_E05_1377046	7	67654272	76143823	3938	0.0344
TSUBA_p_TCGA352_119_144_221_NSP_GenomeWideSNP_6_E05_1377046	7	76143839	76179714	9	0.9236
TSUBA_p_TCGA352_119_144_221_NSP_GenomeWideSNP_6_E05_1377046	7	76197430	97385933	13611	0.0819
TSUBA_p_TCGA352_119_144_221_NSP_GenomeWideSNP_6_E05_1377046	7	97385970	97401959	11	0.8782
TSUBA_p_TCGA352_119_144_221_NSP_GenomeWideSNP_6_E05_1377046	7	97401977	126044974	16664	0.0832
TSUBA_p_TCGA352_119_144_221_NSP_GenomeWideSNP_6_E05_1377046	7	126045482	126046877	14	-1.346
TSUBA_p_TCGA352_119_144_221_NSP_GenomeWideSNP_6_E05_1377046	7	126046878	142474653	10397	0.0788
TSUBA_p_TCGA352_119_144_221_NSP_GenomeWideSNP_6_E05_1377046	7	142474939	142486345	30	0.848
TSUBA_p_TCGA352_119_144_221_NSP_GenomeWideSNP_6_E05_1377046	7	142486495	154389895	7302	0.0967
TSUBA_p_TCGA352_119_144_221_NSP_GenomeWideSNP_6_E05_1377046	7	154393171	154396107	2	1.8769
TSUBA_p_TCGA352_119_144_221_NSP_GenomeWideSNP_6_E05_1377046	7	154397079	156391790	1605	0.0571
TSUBA_p_TCGA352_119_144_221_NSP_GenomeWideSNP_6_E05_1377046	7	156393168	156394179	3	-1.2457
TSUBA_p_TCGA352_119_144_221_NSP_GenomeWideSNP_6_E05_1377046	7	156394908	159127004	1625	0.0665
TSUBA_p_TCGA352_119_144_221_NSP_GenomeWideSNP_6_E05_1377046	8	31254	593041	327	0.0789
TSUBA_p_TCGA352_119_144_221_NSP_GenomeWideSNP_6_E05_1377046	8	594944	595443	4	-1.1228
TSUBA_p_TCGA352_119_144_221_NSP_GenomeWideSNP_6_E05_1377046	8	595693	7214845	7486	0.0691
TSUBA_p_TCGA352_119_144_221_NSP_GenomeWideSNP_6_E05_1377046	8	7215519	7787962	166	0.528
TSUBA_p_TCGA352_119_144_221_NSP_GenomeWideSNP_6_E05_1377046	8	7798758	8054344	68	0.0949
TSUBA_p_TCGA352_119_144_221_NSP_GenomeWideSNP_6_E05_1377046	8	8055260	8072303	3	-2.0034
TSUBA_p_TCGA352_119_144_221_NSP_GenomeWideSNP_6_E05_1377046	8	8087144	8457080	357	0.0469
TSUBA_p_TCGA352_119_144_221_NSP_GenomeWideSNP_6_E05_1377046	8	8459696	8460111	2	-1.3477
TSUBA_p_TCGA352_119_144_221_NSP_GenomeWideSNP_6_E05_1377046	8	8460285	9501900	970	0.076
TSUBA_p_TCGA352_119_144_221_NSP_GenomeWideSNP_6_E05_1377046	8	9501958	9502261	6	-1.0541
TSUBA_p_TCGA352_119_144_221_NSP_GenomeWideSNP_6_E05_1377046	8	9502336	12216009	1890	0.0773
TSUBA_p_TCGA352_119_144_221_NSP_GenomeWideSNP_6_E05_1377046	8	12216848	12473543	104	0.6043
TSUBA_p_TCGA352_119_144_221_NSP_GenomeWideSNP_6_E05_1377046	8	12473558	39226043	19411	0.0655
TSUBA_p_TCGA352_119_144_221_NSP_GenomeWideSNP_6_E05_1377046	8	39226349	39384969	60	-0.5561
TSUBA_p_TCGA352_119_144_221_NSP_GenomeWideSNP_6_E05_1377046	8	39385194	112291494	41919	0.0696
TSUBA_p_TCGA352_119_144_221_NSP_GenomeWideSNP_6_E05_1377046	8	112294279	112295260	9	-2.3
TSUBA_p_TCGA352_119_144_221_NSP_GenomeWideSNP_6_E05_1377046	8	112300281	129581304	11519	0.0692
TSUBA_p_TCGA352_119_144_221_NSP_GenomeWideSNP_6_E05_1377046	8	129586776	129745068	104	0.3228
TSUBA_p_TCGA352_119_144_221_NSP_GenomeWideSNP_6_E05_1377046	8	129745736	146298155	11236	0.0642
TSUBA_p_TCGA352_119_144_221_NSP_GenomeWideSNP_6_E05_1377046	9	46587	2147099	2318	0.0902
TSUBA_p_TCGA352_119_144_221_NSP_GenomeWideSNP_6_E05_1377046	9	2148837	2150662	6	-1.0238
TSUBA_p_TCGA352_119_144_221_NSP_GenomeWideSNP_6_E05_1377046	9	2152115	5131039	2986	0.068
TSUBA_p_TCGA352_119_144_221_NSP_GenomeWideSNP_6_E05_1377046	9	5134065	5134627	2	-1.4521
TSUBA_p_TCGA352_119_144_221_NSP_GenomeWideSNP_6_E05_1377046	9	5138417	9957307	4203	0.0196
TSUBA_p_TCGA352_119_144_221_NSP_GenomeWideSNP_6_E05_1377046	9	9959250	9962381	7	-0.8847
TSUBA_p_TCGA352_119_144_221_NSP_GenomeWideSNP_6_E05_1377046	9	9962498	22492889	10272	0.0619
TSUBA_p_TCGA352_119_144_221_NSP_GenomeWideSNP_6_E05_1377046	9	22501913	22502699	2	-3.9602
TSUBA_p_TCGA352_119_144_221_NSP_GenomeWideSNP_6_E05_1377046	9	22509340	23361805	577	0.0725
TSUBA_p_TCGA352_119_144_221_NSP_GenomeWideSNP_6_E05_1377046	9	23363115	23373484	8	-0.7917
TSUBA_p_TCGA352_119_144_221_NSP_GenomeWideSNP_6_E05_1377046	9	23378488	41626836	10826	0.0696
TSUBA_p_TCGA352_119_144_221_NSP_GenomeWideSNP_6_E05_1377046	9	41626858	41692303	12	-0.6964
TSUBA_p_TCGA352_119_144_221_NSP_GenomeWideSNP_6_E05_1377046	9	41692317	44629223	126	0.2098
TSUBA_p_TCGA352_119_144_221_NSP_GenomeWideSNP_6_E05_1377046	9	44727859	44875942	39	0.8543
TSUBA_p_TCGA352_119_144_221_NSP_GenomeWideSNP_6_E05_1377046	9	44888127	47217176	92	0.2896
TSUBA_p_TCGA352_119_144_221_NSP_GenomeWideSNP_6_E05_1377046	9	65616971	79769394	6772	0.0626
TSUBA_p_TCGA352_119_144_221_NSP_GenomeWideSNP_6_E05_1377046	9	79770398	79777404	29	0.5566
TSUBA_p_TCGA352_119_144_221_NSP_GenomeWideSNP_6_E05_1377046	9	79786128	141091394	41320	0.0614
TSUBA_p_TCGA352_119_144_221_NSP_GenomeWideSNP_6_E05_1377046	10	72809	133551	14	0.1173
TSUBA_p_TCGA352_119_144_221_NSP_GenomeWideSNP_6_E05_1377046	10	133665	24732567	19452	0.5271
TSUBA_p_TCGA352_119_144_221_NSP_GenomeWideSNP_6_E05_1377046	10	24736098	47897394	12363	0.1939
TSUBA_p_TCGA352_119_144_221_NSP_GenomeWideSNP_6_E05_1377046	10	47912899	47913401	2	-2.3063
TSUBA_p_TCGA352_119_144_221_NSP_GenomeWideSNP_6_E05_1377046	10	47948060	58512855	6616	0.0736
TSUBA_p_TCGA352_119_144_221_NSP_GenomeWideSNP_6_E05_1377046	10	58516375	58532752	42	-0.8431
TSUBA_p_TCGA352_119_144_221_NSP_GenomeWideSNP_6_E05_1377046	10	58532765	59203049	549	0.075
TSUBA_p_TCGA352_119_144_221_NSP_GenomeWideSNP_6_E05_1377046	10	59210505	59210773	4	-0.8341
TSUBA_p_TCGA352_119_144_221_NSP_GenomeWideSNP_6_E05_1377046	10	59218495	60927138	1219	0.077
TSUBA_p_TCGA352_119_144_221_NSP_GenomeWideSNP_6_E05_1377046	10	60929177	60929465	2	-1.429
TSUBA_p_TCGA352_119_144_221_NSP_GenomeWideSNP_6_E05_1377046	10	60929918	82878159	14441	0.0667
TSUBA_p_TCGA352_119_144_221_NSP_GenomeWideSNP_6_E05_1377046	10	82881330	82889783	10	-1.2297
TSUBA_p_TCGA352_119_144_221_NSP_GenomeWideSNP_6_E05_1377046	10	82894469	135506704	36018	0.0567
TSUBA_p_TCGA352_119_144_221_NSP_GenomeWideSNP_6_E05_1377046	11	198510	4961518	2446	-0.4267
TSUBA_p_TCGA352_119_144_221_NSP_GenomeWideSNP_6_E05_1377046	11	4961571	4995989	83	-0.084
TSUBA_p_TCGA352_119_144_221_NSP_GenomeWideSNP_6_E05_1377046	11	5001255	5783923	764	-0.4565
TSUBA_p_TCGA352_119_144_221_NSP_GenomeWideSNP_6_E05_1377046	11	5787405	5809139	33	0.2429
TSUBA_p_TCGA352_119_144_221_NSP_GenomeWideSNP_6_E05_1377046	11	5809338	6116105	242	-0.4458
TSUBA_p_TCGA352_119_144_221_NSP_GenomeWideSNP_6_E05_1377046	11	6116843	6122094	5	-1.7394
TSUBA_p_TCGA352_119_144_221_NSP_GenomeWideSNP_6_E05_1377046	11	6122503	21846894	11764	-0.4399
TSUBA_p_TCGA352_119_144_221_NSP_GenomeWideSNP_6_E05_1377046	11	21847506	21848680	4	-2.1716
TSUBA_p_TCGA352_119_144_221_NSP_GenomeWideSNP_6_E05_1377046	11	21848752	31393294	6457	-0.43
TSUBA_p_TCGA352_119_144_221_NSP_GenomeWideSNP_6_E05_1377046	11	31394268	31398732	4	-1.8056
TSUBA_p_TCGA352_119_144_221_NSP_GenomeWideSNP_6_E05_1377046	11	31400800	36941126	4203	-0.432
TSUBA_p_TCGA352_119_144_221_NSP_GenomeWideSNP_6_E05_1377046	11	36949047	36949076	2	-2.1804
TSUBA_p_TCGA352_119_144_221_NSP_GenomeWideSNP_6_E05_1377046	11	36951361	42961831	3993	-0.4327
TSUBA_p_TCGA352_119_144_221_NSP_GenomeWideSNP_6_E05_1377046	11	42969584	42971168	6	0.7288
TSUBA_p_TCGA352_119_144_221_NSP_GenomeWideSNP_6_E05_1377046	11	42976631	44831419	1321	-0.4457
TSUBA_p_TCGA352_119_144_221_NSP_GenomeWideSNP_6_E05_1377046	11	44832131	47449072	1398	0.0701
TSUBA_p_TCGA352_119_144_221_NSP_GenomeWideSNP_6_E05_1377046	11	47449544	51183906	1392	-0.3901
TSUBA_p_TCGA352_119_144_221_NSP_GenomeWideSNP_6_E05_1377046	11	51192870	65371604	5827	0.0824
TSUBA_p_TCGA352_119_144_221_NSP_GenomeWideSNP_6_E05_1377046	11	65372518	65382564	2	-1.527
TSUBA_p_TCGA352_119_144_221_NSP_GenomeWideSNP_6_E05_1377046	11	65388581	79967504	7851	0.0858
TSUBA_p_TCGA352_119_144_221_NSP_GenomeWideSNP_6_E05_1377046	11	79967513	79967548	2	-1.5937
TSUBA_p_TCGA352_119_144_221_NSP_GenomeWideSNP_6_E05_1377046	11	79967564	81503468	1313	0.1135
TSUBA_p_TCGA352_119_144_221_NSP_GenomeWideSNP_6_E05_1377046	11	81503992	81517158	10	-0.8843
TSUBA_p_TCGA352_119_144_221_NSP_GenomeWideSNP_6_E05_1377046	11	81522632	101594384	13963	0.0598
TSUBA_p_TCGA352_119_144_221_NSP_GenomeWideSNP_6_E05_1377046	11	101597860	101597964	4	2.4012
TSUBA_p_TCGA352_119_144_221_NSP_GenomeWideSNP_6_E05_1377046	11	101598212	107230624	3787	0.0574
TSUBA_p_TCGA352_119_144_221_NSP_GenomeWideSNP_6_E05_1377046	11	107230719	107252362	9	-0.5375
TSUBA_p_TCGA352_119_144_221_NSP_GenomeWideSNP_6_E05_1377046	11	107257165	112101612	3052	0.0533
TSUBA_p_TCGA352_119_144_221_NSP_GenomeWideSNP_6_E05_1377046	11	112102182	112102824	2	-1.189
TSUBA_p_TCGA352_119_144_221_NSP_GenomeWideSNP_6_E05_1377046	11	112110672	134944770	16826	0.0315
TSUBA_p_TCGA352_119_144_221_NSP_GenomeWideSNP_6_E05_1377046	12	150442	9630556	6177	0.0996
TSUBA_p_TCGA352_119_144_221_NSP_GenomeWideSNP_6_E05_1377046	12	9633870	9713674	22	-1.9671
TSUBA_p_TCGA352_119_144_221_NSP_GenomeWideSNP_6_E05_1377046	12	9714954	9728292	3	-0.8143
TSUBA_p_TCGA352_119_144_221_NSP_GenomeWideSNP_6_E05_1377046	12	9734969	11214145	1034	0.1144
TSUBA_p_TCGA352_119_144_221_NSP_GenomeWideSNP_6_E05_1377046	12	11215372	11256829	17	0.9042
TSUBA_p_TCGA352_119_144_221_NSP_GenomeWideSNP_6_E05_1377046	12	11260275	33294660	15518	0.1052
TSUBA_p_TCGA352_119_144_221_NSP_GenomeWideSNP_6_E05_1377046	12	33301406	33307374	27	-0.8204
TSUBA_p_TCGA352_119_144_221_NSP_GenomeWideSNP_6_E05_1377046	12	33308360	33385830	45	0.1465
TSUBA_p_TCGA352_119_144_221_NSP_GenomeWideSNP_6_E05_1377046	12	33386757	33395418	6	-1.0687
TSUBA_p_TCGA352_119_144_221_NSP_GenomeWideSNP_6_E05_1377046	12	33399053	39477327	1460	0.0931
TSUBA_p_TCGA352_119_144_221_NSP_GenomeWideSNP_6_E05_1377046	12	39481561	39483113	5	-1.1212
TSUBA_p_TCGA352_119_144_221_NSP_GenomeWideSNP_6_E05_1377046	12	39488048	39724996	139	0.0905
TSUBA_p_TCGA352_119_144_221_NSP_GenomeWideSNP_6_E05_1377046	12	39725630	133778189	60253	-0.1866
TSUBA_p_TCGA352_119_144_221_NSP_GenomeWideSNP_6_E05_1377046	13	19026949	57758626	26026	0.0677
TSUBA_p_TCGA352_119_144_221_NSP_GenomeWideSNP_6_E05_1377046	13	57763147	57789714	30	-0.613
TSUBA_p_TCGA352_119_144_221_NSP_GenomeWideSNP_6_E05_1377046	13	57790009	69242255	6881	0.0727
TSUBA_p_TCGA352_119_144_221_NSP_GenomeWideSNP_6_E05_1377046	13	69248299	69269119	40	-0.8023
TSUBA_p_TCGA352_119_144_221_NSP_GenomeWideSNP_6_E05_1377046	13	69269134	72476988	2050	0.0718
TSUBA_p_TCGA352_119_144_221_NSP_GenomeWideSNP_6_E05_1377046	13	72477555	72480556	4	1.2757
TSUBA_p_TCGA352_119_144_221_NSP_GenomeWideSNP_6_E05_1377046	13	72480605	115108397	29033	0.0737
TSUBA_p_TCGA352_119_144_221_NSP_GenomeWideSNP_6_E05_1377046	14	19002124	19451076	34	0.2311
TSUBA_p_TCGA352_119_144_221_NSP_GenomeWideSNP_6_E05_1377046	14	19453326	20425509	157	0.7454
TSUBA_p_TCGA352_119_144_221_NSP_GenomeWideSNP_6_E05_1377046	14	20425860	47696260	17120	0.0673
TSUBA_p_TCGA352_119_144_221_NSP_GenomeWideSNP_6_E05_1377046	14	47707336	47713683	6	-1.0044
TSUBA_p_TCGA352_119_144_221_NSP_GenomeWideSNP_6_E05_1377046	14	47716283	106715489	37713	0.0567
TSUBA_p_TCGA352_119_144_221_NSP_GenomeWideSNP_6_E05_1377046	14	106717356	106821736	47	0.5149
TSUBA_p_TCGA352_119_144_221_NSP_GenomeWideSNP_6_E05_1377046	14	106825916	107285437	303	0.0295
TSUBA_p_TCGA352_119_144_221_NSP_GenomeWideSNP_6_E05_1377046	15	20016328	20284066	58	-0.0446
TSUBA_p_TCGA352_119_144_221_NSP_GenomeWideSNP_6_E05_1377046	15	20291313	22263557	248	0.4081
TSUBA_p_TCGA352_119_144_221_NSP_GenomeWideSNP_6_E05_1377046	15	22280477	24647994	1112	0.0468
TSUBA_p_TCGA352_119_144_221_NSP_GenomeWideSNP_6_E05_1377046	15	24651064	24713425	36	0.4924
TSUBA_p_TCGA352_119_144_221_NSP_GenomeWideSNP_6_E05_1377046	15	24713622	91598250	41964	-0.1138
TSUBA_p_TCGA352_119_144_221_NSP_GenomeWideSNP_6_E05_1377046	15	91598441	102435009	8437	0.2462
TSUBA_p_TCGA352_119_144_221_NSP_GenomeWideSNP_6_E05_1377046	15	102440922	102469040	4	-1.6916
TSUBA_p_TCGA352_119_144_221_NSP_GenomeWideSNP_6_E05_1377046	16	60777	12648859	9400	0.0513
TSUBA_p_TCGA352_119_144_221_NSP_GenomeWideSNP_6_E05_1377046	16	12648978	12648995	2	-1.6579
TSUBA_p_TCGA352_119_144_221_NSP_GenomeWideSNP_6_E05_1377046	16	12650247	18429385	3373	0.0664
TSUBA_p_TCGA352_119_144_221_NSP_GenomeWideSNP_6_E05_1377046	16	18551587	18557211	3	-1.3012
TSUBA_p_TCGA352_119_144_221_NSP_GenomeWideSNP_6_E05_1377046	16	18594400	28753451	6150	0.0515
TSUBA_p_TCGA352_119_144_221_NSP_GenomeWideSNP_6_E05_1377046	16	28763848	28823927	2	-1.408
TSUBA_p_TCGA352_119_144_221_NSP_GenomeWideSNP_6_E05_1377046	16	28824652	34459601	1551	0.0485
TSUBA_p_TCGA352_119_144_221_NSP_GenomeWideSNP_6_E05_1377046	16	34459709	34768011	176	0.5503
TSUBA_p_TCGA352_119_144_221_NSP_GenomeWideSNP_6_E05_1377046	16	34768247	53455742	4558	0.0564
TSUBA_p_TCGA352_119_144_221_NSP_GenomeWideSNP_6_E05_1377046	16	53458017	53469807	4	-0.8627
TSUBA_p_TCGA352_119_144_221_NSP_GenomeWideSNP_6_E05_1377046	16	53469929	60553311	4977	0.0589
TSUBA_p_TCGA352_119_144_221_NSP_GenomeWideSNP_6_E05_1377046	16	60555538	60567079	8	-1.0988
TSUBA_p_TCGA352_119_144_221_NSP_GenomeWideSNP_6_E05_1377046	16	60571219	70151527	5793	0.0565
TSUBA_p_TCGA352_119_144_221_NSP_GenomeWideSNP_6_E05_1377046	16	70151560	70246339	21	0.6865
TSUBA_p_TCGA352_119_144_221_NSP_GenomeWideSNP_6_E05_1377046	16	70246407	75242729	2896	0.0601
TSUBA_p_TCGA352_119_144_221_NSP_GenomeWideSNP_6_E05_1377046	16	75246042	75248767	3	-2.6585
TSUBA_p_TCGA352_119_144_221_NSP_GenomeWideSNP_6_E05_1377046	16	75252306	90287535	13333	0.0608
TSUBA_p_TCGA352_119_144_221_NSP_GenomeWideSNP_6_E05_1377046	17	526	4374584	2362	0.0327
TSUBA_p_TCGA352_119_144_221_NSP_GenomeWideSNP_6_E05_1377046	17	4375089	4375102	2	-2.2977
TSUBA_p_TCGA352_119_144_221_NSP_GenomeWideSNP_6_E05_1377046	17	4375573	18355392	9039	0.0472
TSUBA_p_TCGA352_119_144_221_NSP_GenomeWideSNP_6_E05_1377046	17	18358946	18469197	29	0.5385
TSUBA_p_TCGA352_119_144_221_NSP_GenomeWideSNP_6_E05_1377046	17	18474646	39421708	9467	0.0566
TSUBA_p_TCGA352_119_144_221_NSP_GenomeWideSNP_6_E05_1377046	17	39423014	39429918	18	2.878
TSUBA_p_TCGA352_119_144_221_NSP_GenomeWideSNP_6_E05_1377046	17	39429949	44180954	2515	0.0485
TSUBA_p_TCGA352_119_144_221_NSP_GenomeWideSNP_6_E05_1377046	17	44181579	44364170	111	-0.2541
TSUBA_p_TCGA352_119_144_221_NSP_GenomeWideSNP_6_E05_1377046	17	44394412	44557732	21	0.4377
TSUBA_p_TCGA352_119_144_221_NSP_GenomeWideSNP_6_E05_1377046	17	44557907	51717906	4086	0.0636
TSUBA_p_TCGA352_119_144_221_NSP_GenomeWideSNP_6_E05_1377046	17	51726992	51727181	2	-3.3142
TSUBA_p_TCGA352_119_144_221_NSP_GenomeWideSNP_6_E05_1377046	17	51728544	58144155	4168	0.0671
TSUBA_p_TCGA352_119_144_221_NSP_GenomeWideSNP_6_E05_1377046	17	58144707	58157933	9	-0.9061
TSUBA_p_TCGA352_119_144_221_NSP_GenomeWideSNP_6_E05_1377046	17	58157964	81049726	13302	0.058
TSUBA_p_TCGA352_119_144_221_NSP_GenomeWideSNP_6_E05_1377046	18	11543	63762300	40283	0.0651
TSUBA_p_TCGA352_119_144_221_NSP_GenomeWideSNP_6_E05_1377046	18	63767140	63767922	3	-3.0727
TSUBA_p_TCGA352_119_144_221_NSP_GenomeWideSNP_6_E05_1377046	18	63775595	64953649	767	0.0679
TSUBA_p_TCGA352_119_144_221_NSP_GenomeWideSNP_6_E05_1377046	18	64959207	64959501	5	-1.1051
TSUBA_p_TCGA352_119_144_221_NSP_GenomeWideSNP_6_E05_1377046	18	64959913	69118069	3054	0.0746
TSUBA_p_TCGA352_119_144_221_NSP_GenomeWideSNP_6_E05_1377046	18	69120634	69121589	2	-1.4546
TSUBA_p_TCGA352_119_144_221_NSP_GenomeWideSNP_6_E05_1377046	18	69123267	76288435	5563	0.0767
TSUBA_p_TCGA352_119_144_221_NSP_GenomeWideSNP_6_E05_1377046	18	76292679	76294176	18	-0.8577
TSUBA_p_TCGA352_119_144_221_NSP_GenomeWideSNP_6_E05_1377046	18	76298057	78015057	938	0.1167
TSUBA_p_TCGA352_119_144_221_NSP_GenomeWideSNP_6_E05_1377046	19	90910	7013950	2344	-0.3731
TSUBA_p_TCGA352_119_144_221_NSP_GenomeWideSNP_6_E05_1377046	19	7015047	15038939	3766	0.0278
TSUBA_p_TCGA352_119_144_221_NSP_GenomeWideSNP_6_E05_1377046	19	15045192	15049299	3	-1.6582
TSUBA_p_TCGA352_119_144_221_NSP_GenomeWideSNP_6_E05_1377046	19	15051287	20746190	2930	0.0481
TSUBA_p_TCGA352_119_144_221_NSP_GenomeWideSNP_6_E05_1377046	19	20759077	20759858	2	-1.904
TSUBA_p_TCGA352_119_144_221_NSP_GenomeWideSNP_6_E05_1377046	19	20765130	31802941	4964	-0.0491
TSUBA_p_TCGA352_119_144_221_NSP_GenomeWideSNP_6_E05_1377046	19	31803182	31804101	2	-1.7885
TSUBA_p_TCGA352_119_144_221_NSP_GenomeWideSNP_6_E05_1377046	19	31804822	35849309	2751	-0.1425
TSUBA_p_TCGA352_119_144_221_NSP_GenomeWideSNP_6_E05_1377046	19	35849322	35861848	23	-0.5091
TSUBA_p_TCGA352_119_144_221_NSP_GenomeWideSNP_6_E05_1377046	19	35866744	43228173	3697	-0.1338
TSUBA_p_TCGA352_119_144_221_NSP_GenomeWideSNP_6_E05_1377046	19	43237611	43362652	46	0.4603
TSUBA_p_TCGA352_119_144_221_NSP_GenomeWideSNP_6_E05_1377046	19	43368935	51328093	3775	-0.1212
TSUBA_p_TCGA352_119_144_221_NSP_GenomeWideSNP_6_E05_1377046	19	51332267	51333238	6	-1.2146
TSUBA_p_TCGA352_119_144_221_NSP_GenomeWideSNP_6_E05_1377046	19	51339207	52131813	552	-0.1395
TSUBA_p_TCGA352_119_144_221_NSP_GenomeWideSNP_6_E05_1377046	19	52142352	52148197	11	-0.9558
TSUBA_p_TCGA352_119_144_221_NSP_GenomeWideSNP_6_E05_1377046	19	52154905	59097854	4371	-0.1195
TSUBA_p_TCGA352_119_144_221_NSP_GenomeWideSNP_6_E05_1377046	20	61305	1560999	1200	0.0696
TSUBA_p_TCGA352_119_144_221_NSP_GenomeWideSNP_6_E05_1377046	20	1561580	1593893	40	-0.9786
TSUBA_p_TCGA352_119_144_221_NSP_GenomeWideSNP_6_E05_1377046	20	1597946	29462585	18756	0.0608
TSUBA_p_TCGA352_119_144_221_NSP_GenomeWideSNP_6_E05_1377046	20	29465092	29492738	8	-0.8786
TSUBA_p_TCGA352_119_144_221_NSP_GenomeWideSNP_6_E05_1377046	20	29493853	55582837	17348	0.0522
TSUBA_p_TCGA352_119_144_221_NSP_GenomeWideSNP_6_E05_1377046	20	55583031	55587448	4	-1.0903
TSUBA_p_TCGA352_119_144_221_NSP_GenomeWideSNP_6_E05_1377046	20	55594686	62639112	4812	0.0574
TSUBA_p_TCGA352_119_144_221_NSP_GenomeWideSNP_6_E05_1377046	20	62639212	62956153	164	-0.3583
TSUBA_p_TCGA352_119_144_221_NSP_GenomeWideSNP_6_E05_1377046	21	10736871	14566202	156	0.1309
TSUBA_p_TCGA352_119_144_221_NSP_GenomeWideSNP_6_E05_1377046	21	14566371	48096957	24133	-0.1467
TSUBA_p_TCGA352_119_144_221_NSP_GenomeWideSNP_6_E05_1377046	22	16052528	16444867	63	0.3419
TSUBA_p_TCGA352_119_144_221_NSP_GenomeWideSNP_6_E05_1377046	22	16444877	18672885	1147	0.0514
TSUBA_p_TCGA352_119_144_221_NSP_GenomeWideSNP_6_E05_1377046	22	18673357	18770527	6	1.1981
TSUBA_p_TCGA352_119_144_221_NSP_GenomeWideSNP_6_E05_1377046	22	18781546	21465672	1621	0.0828
TSUBA_p_TCGA352_119_144_221_NSP_GenomeWideSNP_6_E05_1377046	22	21465835	21845355	50	0.5249
TSUBA_p_TCGA352_119_144_221_NSP_GenomeWideSNP_6_E05_1377046	22	21917153	48780589	18931	0.0379
TSUBA_p_TCGA352_119_144_221_NSP_GenomeWideSNP_6_E05_1377046	22	48780638	48784541	6	-0.8745
TSUBA_p_TCGA352_119_144_221_NSP_GenomeWideSNP_6_E05_1377046	22	48786581	51234455	1643	0.0513
TSUBA_p_TCGA352_119_144_221_NSP_GenomeWideSNP_6_E05_1377046	X	168477	45100664	27044	-0.065
TSUBA_p_TCGA352_119_144_221_NSP_GenomeWideSNP_6_E05_1377046	X	45110632	53628063	3680	0.3552
TSUBA_p_TCGA352_119_144_221_NSP_GenomeWideSNP_6_E05_1377046	X	53631505	53782406	63	0.6965
TSUBA_p_TCGA352_119_144_221_NSP_GenomeWideSNP_6_E05_1377046	X	53782933	66634576	4126	0.353
TSUBA_p_TCGA352_119_144_221_NSP_GenomeWideSNP_6_E05_1377046	X	66636873	92302618	12323	-0.024
TSUBA_p_TCGA352_119_144_221_NSP_GenomeWideSNP_6_E05_1377046	X	92303642	92344672	46	0.3939
TSUBA_p_TCGA352_119_144_221_NSP_GenomeWideSNP_6_E05_1377046	X	92344686	95735406	1978	-0.0291
TSUBA_p_TCGA352_119_144_221_NSP_GenomeWideSNP_6_E05_1377046	X	95738501	95824286	53	-3.415
TSUBA_p_TCGA352_119_144_221_NSP_GenomeWideSNP_6_E05_1377046	X	95826084	155182354	33456	-0.0364
TSUBA_p_TCGA352_119_144_221_NSP_GenomeWideSNP_6_E05_1377046	Y	2650438	22262565	6805	-0.8342
TSUBA_p_TCGA352_119_144_221_NSP_GenomeWideSNP_6_E05_1377046	Y	22266589	22561229	20	-0.1145
TSUBA_p_TCGA352_119_144_221_NSP_GenomeWideSNP_6_E05_1377046	Y	22563908	24314278	648	-0.8007
TSUBA_p_TCGA352_119_144_221_NSP_GenomeWideSNP_6_E05_1377046	Y	24315680	24315689	2	1.0984
TSUBA_p_TCGA352_119_144_221_NSP_GenomeWideSNP_6_E05_1377046	Y	24316276	59018259	1114	-0.7706
