Sample	Chromosome	Start	End	Num_Probes	Segment_Mean
DRIPS_p_TCGA_295_296_297_N_GenomeWideSNP_6_B06_1343894	1	61735	13375345	6560	0.4048
DRIPS_p_TCGA_295_296_297_N_GenomeWideSNP_6_B06_1343894	1	13375401	13384264	11	-0.2928
DRIPS_p_TCGA_295_296_297_N_GenomeWideSNP_6_B06_1343894	1	13384383	16148537	1825	0.4292
DRIPS_p_TCGA_295_296_297_N_GenomeWideSNP_6_B06_1343894	1	16149003	16167780	17	-0.2058
DRIPS_p_TCGA_295_296_297_N_GenomeWideSNP_6_B06_1343894	1	16167799	16970456	341	0.4661
DRIPS_p_TCGA_295_296_297_N_GenomeWideSNP_6_B06_1343894	1	17005734	17012456	14	-0.326
DRIPS_p_TCGA_295_296_297_N_GenomeWideSNP_6_B06_1343894	1	17012741	17093257	31	0.4521
DRIPS_p_TCGA_295_296_297_N_GenomeWideSNP_6_B06_1343894	1	17093417	17177965	15	1.0622
DRIPS_p_TCGA_295_296_297_N_GenomeWideSNP_6_B06_1343894	1	17182437	21624787	2992	0.423
DRIPS_p_TCGA_295_296_297_N_GenomeWideSNP_6_B06_1343894	1	21631480	21640124	10	-0.5057
DRIPS_p_TCGA_295_296_297_N_GenomeWideSNP_6_B06_1343894	1	21640395	25583291	2313	0.4552
DRIPS_p_TCGA_295_296_297_N_GenomeWideSNP_6_B06_1343894	1	25583341	25646946	28	-0.0386
DRIPS_p_TCGA_295_296_297_N_GenomeWideSNP_6_B06_1343894	1	25646986	30738355	2399	0.4412
DRIPS_p_TCGA_295_296_297_N_GenomeWideSNP_6_B06_1343894	1	30738432	30741496	7	-0.5565
DRIPS_p_TCGA_295_296_297_N_GenomeWideSNP_6_B06_1343894	1	30741950	35091674	2553	0.4279
DRIPS_p_TCGA_295_296_297_N_GenomeWideSNP_6_B06_1343894	1	35102654	35104491	20	-0.6627
DRIPS_p_TCGA_295_296_297_N_GenomeWideSNP_6_B06_1343894	1	35114268	72746533	23792	0.4189
DRIPS_p_TCGA_295_296_297_N_GenomeWideSNP_6_B06_1343894	1	72746547	72768936	18	0.0193
DRIPS_p_TCGA_295_296_297_N_GenomeWideSNP_6_B06_1343894	1	72771143	72811148	44	0.9871
DRIPS_p_TCGA_295_296_297_N_GenomeWideSNP_6_B06_1343894	1	72811904	86758589	9156	0.4138
DRIPS_p_TCGA_295_296_297_N_GenomeWideSNP_6_B06_1343894	1	86758778	86763077	2	-1.5574
DRIPS_p_TCGA_295_296_297_N_GenomeWideSNP_6_B06_1343894	1	86763817	95812319	5835	0.425
DRIPS_p_TCGA_295_296_297_N_GenomeWideSNP_6_B06_1343894	1	95815455	95815863	2	-1.5732
DRIPS_p_TCGA_295_296_297_N_GenomeWideSNP_6_B06_1343894	1	95816205	106013376	5987	0.4171
DRIPS_p_TCGA_295_296_297_N_GenomeWideSNP_6_B06_1343894	1	106019205	106022375	17	-1.7426
DRIPS_p_TCGA_295_296_297_N_GenomeWideSNP_6_B06_1343894	1	106024055	112690326	4627	0.4468
DRIPS_p_TCGA_295_296_297_N_GenomeWideSNP_6_B06_1343894	1	112695965	112697390	25	-1.6877
DRIPS_p_TCGA_295_296_297_N_GenomeWideSNP_6_B06_1343894	1	112705956	144995257	5323	0.4274
DRIPS_p_TCGA_295_296_297_N_GenomeWideSNP_6_B06_1343894	1	144997257	145069318	28	0.8842
DRIPS_p_TCGA_295_296_297_N_GenomeWideSNP_6_B06_1343894	1	145074553	148937905	1011	0.4464
DRIPS_p_TCGA_295_296_297_N_GenomeWideSNP_6_B06_1343894	1	148947710	149242663	117	-0.3794
DRIPS_p_TCGA_295_296_297_N_GenomeWideSNP_6_B06_1343894	1	149242725	149436842	53	0.0979
DRIPS_p_TCGA_295_296_297_N_GenomeWideSNP_6_B06_1343894	1	149521840	149548726	6	1.8838
DRIPS_p_TCGA_295_296_297_N_GenomeWideSNP_6_B06_1343894	1	149578722	150738295	474	0.4463
DRIPS_p_TCGA_295_296_297_N_GenomeWideSNP_6_B06_1343894	1	150738373	150738699	2	-1.5321
DRIPS_p_TCGA_295_296_297_N_GenomeWideSNP_6_B06_1343894	1	150739129	152555527	1011	0.4385
DRIPS_p_TCGA_295_296_297_N_GenomeWideSNP_6_B06_1343894	1	152555706	152586594	35	-1.8172
DRIPS_p_TCGA_295_296_297_N_GenomeWideSNP_6_B06_1343894	1	152590494	155345077	1636	0.4553
DRIPS_p_TCGA_295_296_297_N_GenomeWideSNP_6_B06_1343894	1	155345696	155349183	2	-1.6333
DRIPS_p_TCGA_295_296_297_N_GenomeWideSNP_6_B06_1343894	1	155349238	196709223	28013	0.4281
DRIPS_p_TCGA_295_296_297_N_GenomeWideSNP_6_B06_1343894	1	196709446	196815791	102	0.8935
DRIPS_p_TCGA_295_296_297_N_GenomeWideSNP_6_B06_1343894	1	196816730	229811169	21826	0.4358
DRIPS_p_TCGA_295_296_297_N_GenomeWideSNP_6_B06_1343894	1	229816856	229820130	2	-2.9029
DRIPS_p_TCGA_295_296_297_N_GenomeWideSNP_6_B06_1343894	1	229820196	249224388	14013	0.4282
DRIPS_p_TCGA_295_296_297_N_GenomeWideSNP_6_B06_1343894	2	12784	106883229	66598	-0.4258
DRIPS_p_TCGA_295_296_297_N_GenomeWideSNP_6_B06_1343894	2	106883331	106887408	9	-1.9433
DRIPS_p_TCGA_295_296_297_N_GenomeWideSNP_6_B06_1343894	2	106887870	243089456	82798	-0.4184
DRIPS_p_TCGA_295_296_297_N_GenomeWideSNP_6_B06_1343894	3	60345	224602	154	-0.3808
DRIPS_p_TCGA_295_296_297_N_GenomeWideSNP_6_B06_1343894	3	230022	232800	4	-2.7129
DRIPS_p_TCGA_295_296_297_N_GenomeWideSNP_6_B06_1343894	3	234877	98937784	63369	-0.4587
DRIPS_p_TCGA_295_296_297_N_GenomeWideSNP_6_B06_1343894	3	98944458	98945299	14	-1.2689
DRIPS_p_TCGA_295_296_297_N_GenomeWideSNP_6_B06_1343894	3	98945395	98949056	13	-2.5198
DRIPS_p_TCGA_295_296_297_N_GenomeWideSNP_6_B06_1343894	3	98949069	129786209	18683	-0.4471
DRIPS_p_TCGA_295_296_297_N_GenomeWideSNP_6_B06_1343894	3	129786286	129806236	45	-1.4515
DRIPS_p_TCGA_295_296_297_N_GenomeWideSNP_6_B06_1343894	3	129806924	162508178	20193	-0.4505
DRIPS_p_TCGA_295_296_297_N_GenomeWideSNP_6_B06_1343894	3	162508192	162524858	14	0.4079
DRIPS_p_TCGA_295_296_297_N_GenomeWideSNP_6_B06_1343894	3	162528630	162540490	10	-1.1078
DRIPS_p_TCGA_295_296_297_N_GenomeWideSNP_6_B06_1343894	3	162545716	162625995	48	0.1126
DRIPS_p_TCGA_295_296_297_N_GenomeWideSNP_6_B06_1343894	3	162626572	162714517	72	-0.435
DRIPS_p_TCGA_295_296_297_N_GenomeWideSNP_6_B06_1343894	3	162717727	162719562	2	-2.823
DRIPS_p_TCGA_295_296_297_N_GenomeWideSNP_6_B06_1343894	3	162726159	167659756	2724	-0.4309
DRIPS_p_TCGA_295_296_297_N_GenomeWideSNP_6_B06_1343894	3	167660757	167661136	2	-3.486
DRIPS_p_TCGA_295_296_297_N_GenomeWideSNP_6_B06_1343894	3	167665917	178399433	6899	-0.4322
DRIPS_p_TCGA_295_296_297_N_GenomeWideSNP_6_B06_1343894	3	178400828	178400885	2	-2.6602
DRIPS_p_TCGA_295_296_297_N_GenomeWideSNP_6_B06_1343894	3	178401075	186406138	4706	-0.4619
DRIPS_p_TCGA_295_296_297_N_GenomeWideSNP_6_B06_1343894	3	186412861	186415534	8	-2.8857
DRIPS_p_TCGA_295_296_297_N_GenomeWideSNP_6_B06_1343894	3	186416009	197896118	7422	-0.4679
DRIPS_p_TCGA_295_296_297_N_GenomeWideSNP_6_B06_1343894	4	12281	59072	50	0.0086
DRIPS_p_TCGA_295_296_297_N_GenomeWideSNP_6_B06_1343894	4	61775	9456977	5180	0.4316
DRIPS_p_TCGA_295_296_297_N_GenomeWideSNP_6_B06_1343894	4	9461230	9464972	3	1.7699
DRIPS_p_TCGA_295_296_297_N_GenomeWideSNP_6_B06_1343894	4	9470734	10210390	550	0.406
DRIPS_p_TCGA_295_296_297_N_GenomeWideSNP_6_B06_1343894	4	10214160	10235268	36	-1.9197
DRIPS_p_TCGA_295_296_297_N_GenomeWideSNP_6_B06_1343894	4	10236142	34778975	16961	0.4175
DRIPS_p_TCGA_295_296_297_N_GenomeWideSNP_6_B06_1343894	4	34779004	34830004	47	0.9799
DRIPS_p_TCGA_295_296_297_N_GenomeWideSNP_6_B06_1343894	4	34831818	40700573	3877	0.442
DRIPS_p_TCGA_295_296_297_N_GenomeWideSNP_6_B06_1343894	4	40704011	40704192	3	-1.0198
DRIPS_p_TCGA_295_296_297_N_GenomeWideSNP_6_B06_1343894	4	40704687	48336371	4755	0.4404
DRIPS_p_TCGA_295_296_297_N_GenomeWideSNP_6_B06_1343894	4	48336693	48336922	3	-1.7547
DRIPS_p_TCGA_295_296_297_N_GenomeWideSNP_6_B06_1343894	4	48338344	64705785	7930	0.4172
DRIPS_p_TCGA_295_296_297_N_GenomeWideSNP_6_B06_1343894	4	64707581	64708258	8	1.605
DRIPS_p_TCGA_295_296_297_N_GenomeWideSNP_6_B06_1343894	4	64716431	98353604	20602	0.432
DRIPS_p_TCGA_295_296_297_N_GenomeWideSNP_6_B06_1343894	4	98357434	98358305	2	-3.3918
DRIPS_p_TCGA_295_296_297_N_GenomeWideSNP_6_B06_1343894	4	98360786	115173700	10013	0.4332
DRIPS_p_TCGA_295_296_297_N_GenomeWideSNP_6_B06_1343894	4	115175323	115182175	23	-1.4697
DRIPS_p_TCGA_295_296_297_N_GenomeWideSNP_6_B06_1343894	4	115184229	172369346	34648	0.4288
DRIPS_p_TCGA_295_296_297_N_GenomeWideSNP_6_B06_1343894	4	172374884	172377710	10	-1.3257
DRIPS_p_TCGA_295_296_297_N_GenomeWideSNP_6_B06_1343894	4	172377724	172377776	2	-0.3546
DRIPS_p_TCGA_295_296_297_N_GenomeWideSNP_6_B06_1343894	4	172380371	190958143	12492	0.4354
DRIPS_p_TCGA_295_296_297_N_GenomeWideSNP_6_B06_1343894	4	190967249	191027923	6	-0.6985
DRIPS_p_TCGA_295_296_297_N_GenomeWideSNP_6_B06_1343894	5	15532	698472	308	0.2932
DRIPS_p_TCGA_295_296_297_N_GenomeWideSNP_6_B06_1343894	5	698505	773190	25	1.1178
DRIPS_p_TCGA_295_296_297_N_GenomeWideSNP_6_B06_1343894	5	773547	17608256	13066	0.4152
DRIPS_p_TCGA_295_296_297_N_GenomeWideSNP_6_B06_1343894	5	17625374	17642551	10	-0.4313
DRIPS_p_TCGA_295_296_297_N_GenomeWideSNP_6_B06_1343894	5	17655138	57321646	22404	0.4343
DRIPS_p_TCGA_295_296_297_N_GenomeWideSNP_6_B06_1343894	5	57326027	57333533	32	-0.2542
DRIPS_p_TCGA_295_296_297_N_GenomeWideSNP_6_B06_1343894	5	57338357	68846303	7283	0.4343
DRIPS_p_TCGA_295_296_297_N_GenomeWideSNP_6_B06_1343894	5	68867294	70391253	26	-0.1155
DRIPS_p_TCGA_295_296_297_N_GenomeWideSNP_6_B06_1343894	5	70654072	103849700	19491	0.4499
DRIPS_p_TCGA_295_296_297_N_GenomeWideSNP_6_B06_1343894	5	103851221	103860604	5	1.5581
DRIPS_p_TCGA_295_296_297_N_GenomeWideSNP_6_B06_1343894	5	103861049	106229876	1410	0.4539
DRIPS_p_TCGA_295_296_297_N_GenomeWideSNP_6_B06_1343894	5	106229985	106233100	15	-0.5178
DRIPS_p_TCGA_295_296_297_N_GenomeWideSNP_6_B06_1343894	5	106233117	120398012	9908	0.4374
DRIPS_p_TCGA_295_296_297_N_GenomeWideSNP_6_B06_1343894	5	120398198	120477945	46	0.7806
DRIPS_p_TCGA_295_296_297_N_GenomeWideSNP_6_B06_1343894	5	120479063	155475105	22019	0.4476
DRIPS_p_TCGA_295_296_297_N_GenomeWideSNP_6_B06_1343894	5	155476772	155495250	15	-0.395
DRIPS_p_TCGA_295_296_297_N_GenomeWideSNP_6_B06_1343894	5	155495253	180790320	16795	0.4325
DRIPS_p_TCGA_295_296_297_N_GenomeWideSNP_6_B06_1343894	6	149661	254283	101	-0.5278
DRIPS_p_TCGA_295_296_297_N_GenomeWideSNP_6_B06_1343894	6	257353	294474	21	-1.2523
DRIPS_p_TCGA_295_296_297_N_GenomeWideSNP_6_B06_1343894	6	294725	8925346	7056	-0.4844
DRIPS_p_TCGA_295_296_297_N_GenomeWideSNP_6_B06_1343894	6	8927511	8932455	9	-5.4538
DRIPS_p_TCGA_295_296_297_N_GenomeWideSNP_6_B06_1343894	6	8932461	8933100	3	-2.2905
DRIPS_p_TCGA_295_296_297_N_GenomeWideSNP_6_B06_1343894	6	8934992	26823560	13037	-0.4659
DRIPS_p_TCGA_295_296_297_N_GenomeWideSNP_6_B06_1343894	6	26825468	26948174	34	0.0355
DRIPS_p_TCGA_295_296_297_N_GenomeWideSNP_6_B06_1343894	6	26948195	31280823	2059	-0.4618
DRIPS_p_TCGA_295_296_297_N_GenomeWideSNP_6_B06_1343894	6	31286276	31309924	12	0.4885
DRIPS_p_TCGA_295_296_297_N_GenomeWideSNP_6_B06_1343894	6	31317347	32431292	495	-0.535
DRIPS_p_TCGA_295_296_297_N_GenomeWideSNP_6_B06_1343894	6	32431552	32650612	73	0.4571
DRIPS_p_TCGA_295_296_297_N_GenomeWideSNP_6_B06_1343894	6	32654640	74591858	24150	-0.4537
DRIPS_p_TCGA_295_296_297_N_GenomeWideSNP_6_B06_1343894	6	74592225	74601410	10	-1.7978
DRIPS_p_TCGA_295_296_297_N_GenomeWideSNP_6_B06_1343894	6	74603555	78962889	2763	-0.4373
DRIPS_p_TCGA_295_296_297_N_GenomeWideSNP_6_B06_1343894	6	78969065	79035185	111	-2.6728
DRIPS_p_TCGA_295_296_297_N_GenomeWideSNP_6_B06_1343894	6	79039234	103754794	15470	-0.4529
DRIPS_p_TCGA_295_296_297_N_GenomeWideSNP_6_B06_1343894	6	103754819	103762061	13	-1.5136
DRIPS_p_TCGA_295_296_297_N_GenomeWideSNP_6_B06_1343894	6	103765470	114221955	6637	-0.455
DRIPS_p_TCGA_295_296_297_N_GenomeWideSNP_6_B06_1343894	6	114224841	114225016	2	-3.1226
DRIPS_p_TCGA_295_296_297_N_GenomeWideSNP_6_B06_1343894	6	114225811	171051005	37404	-0.4741
DRIPS_p_TCGA_295_296_297_N_GenomeWideSNP_6_B06_1343894	7	43355	3086745	1129	-0.56
DRIPS_p_TCGA_295_296_297_N_GenomeWideSNP_6_B06_1343894	7	3086749	3087086	2	-3.2739
DRIPS_p_TCGA_295_296_297_N_GenomeWideSNP_6_B06_1343894	7	3089070	8364216	3525	-0.4776
DRIPS_p_TCGA_295_296_297_N_GenomeWideSNP_6_B06_1343894	7	8365572	8365786	3	-2.4327
DRIPS_p_TCGA_295_296_297_N_GenomeWideSNP_6_B06_1343894	7	8366512	9765263	1188	-0.4021
DRIPS_p_TCGA_295_296_297_N_GenomeWideSNP_6_B06_1343894	7	9767469	9767984	2	-2.9136
DRIPS_p_TCGA_295_296_297_N_GenomeWideSNP_6_B06_1343894	7	9769216	63109907	34965	-0.4661
DRIPS_p_TCGA_295_296_297_N_GenomeWideSNP_6_B06_1343894	7	63110343	63110385	2	-3.2388
DRIPS_p_TCGA_295_296_297_N_GenomeWideSNP_6_B06_1343894	7	63110854	76219155	6038	-0.4782
DRIPS_p_TCGA_295_296_297_N_GenomeWideSNP_6_B06_1343894	7	76220458	76275626	14	-0.8265
DRIPS_p_TCGA_295_296_297_N_GenomeWideSNP_6_B06_1343894	7	76277144	76748011	243	-0.073
DRIPS_p_TCGA_295_296_297_N_GenomeWideSNP_6_B06_1343894	7	76752414	86085024	6235	-0.4585
DRIPS_p_TCGA_295_296_297_N_GenomeWideSNP_6_B06_1343894	7	86090906	86105395	16	0.9486
DRIPS_p_TCGA_295_296_297_N_GenomeWideSNP_6_B06_1343894	7	86115302	88839780	1652	-0.412
DRIPS_p_TCGA_295_296_297_N_GenomeWideSNP_6_B06_1343894	7	88843761	88843852	2	-2.0986
DRIPS_p_TCGA_295_296_297_N_GenomeWideSNP_6_B06_1343894	7	88848187	95434390	4202	-0.4364
DRIPS_p_TCGA_295_296_297_N_GenomeWideSNP_6_B06_1343894	7	95436435	95437925	4	-2.8222
DRIPS_p_TCGA_295_296_297_N_GenomeWideSNP_6_B06_1343894	7	95438061	101022361	2794	-0.4613
DRIPS_p_TCGA_295_296_297_N_GenomeWideSNP_6_B06_1343894	7	101024309	101026043	3	-2.3486
DRIPS_p_TCGA_295_296_297_N_GenomeWideSNP_6_B06_1343894	7	101032341	106852203	3435	-0.4622
DRIPS_p_TCGA_295_296_297_N_GenomeWideSNP_6_B06_1343894	7	106868475	106904218	17	0.3567
DRIPS_p_TCGA_295_296_297_N_GenomeWideSNP_6_B06_1343894	7	106910742	106938420	14	-0.5394
DRIPS_p_TCGA_295_296_297_N_GenomeWideSNP_6_B06_1343894	7	106943856	120302287	8095	0.4385
DRIPS_p_TCGA_295_296_297_N_GenomeWideSNP_6_B06_1343894	7	120304367	120312759	7	-0.5219
DRIPS_p_TCGA_295_296_297_N_GenomeWideSNP_6_B06_1343894	7	120315219	126045556	3540	0.4402
DRIPS_p_TCGA_295_296_297_N_GenomeWideSNP_6_B06_1343894	7	126045651	126046615	10	1.38
DRIPS_p_TCGA_295_296_297_N_GenomeWideSNP_6_B06_1343894	7	126046876	133778649	4693	0.4466
DRIPS_p_TCGA_295_296_297_N_GenomeWideSNP_6_B06_1343894	7	133778652	133790443	27	1.0135
DRIPS_p_TCGA_295_296_297_N_GenomeWideSNP_6_B06_1343894	7	133795634	141769643	5196	0.442
DRIPS_p_TCGA_295_296_297_N_GenomeWideSNP_6_B06_1343894	7	141769680	141790079	37	-0.4304
DRIPS_p_TCGA_295_296_297_N_GenomeWideSNP_6_B06_1343894	7	141790183	142474939	453	0.4787
DRIPS_p_TCGA_295_296_297_N_GenomeWideSNP_6_B06_1343894	7	142476719	142486045	27	1.1412
DRIPS_p_TCGA_295_296_297_N_GenomeWideSNP_6_B06_1343894	7	142486115	143896252	837	0.4385
DRIPS_p_TCGA_295_296_297_N_GenomeWideSNP_6_B06_1343894	7	143904279	144066947	43	0.9423
DRIPS_p_TCGA_295_296_297_N_GenomeWideSNP_6_B06_1343894	7	144074929	159127004	9671	0.4448
DRIPS_p_TCGA_295_296_297_N_GenomeWideSNP_6_B06_1343894	8	31254	3773935	3417	-0.5354
DRIPS_p_TCGA_295_296_297_N_GenomeWideSNP_6_B06_1343894	8	3776864	3790106	25	-2.3281
DRIPS_p_TCGA_295_296_297_N_GenomeWideSNP_6_B06_1343894	8	3791218	6671359	4035	-0.4543
DRIPS_p_TCGA_295_296_297_N_GenomeWideSNP_6_B06_1343894	8	6671666	6672543	3	-2.9154
DRIPS_p_TCGA_295_296_297_N_GenomeWideSNP_6_B06_1343894	8	6674458	6840297	215	-0.5814
DRIPS_p_TCGA_295_296_297_N_GenomeWideSNP_6_B06_1343894	8	6858815	6878188	5	-1.7554
DRIPS_p_TCGA_295_296_297_N_GenomeWideSNP_6_B06_1343894	8	6878853	7221983	110	-0.4715
DRIPS_p_TCGA_295_296_297_N_GenomeWideSNP_6_B06_1343894	8	7222181	7798851	154	-0.8105
DRIPS_p_TCGA_295_296_297_N_GenomeWideSNP_6_B06_1343894	8	7799390	11949551	3275	-0.4976
DRIPS_p_TCGA_295_296_297_N_GenomeWideSNP_6_B06_1343894	8	11987726	12001123	6	-1.866
DRIPS_p_TCGA_295_296_297_N_GenomeWideSNP_6_B06_1343894	8	12034307	12233754	15	-0.2288
DRIPS_p_TCGA_295_296_297_N_GenomeWideSNP_6_B06_1343894	8	12234217	12247486	34	0.1594
DRIPS_p_TCGA_295_296_297_N_GenomeWideSNP_6_B06_1343894	8	12260927	24974577	10431	-0.4785
DRIPS_p_TCGA_295_296_297_N_GenomeWideSNP_6_B06_1343894	8	24975500	24984333	23	-2.2341
DRIPS_p_TCGA_295_296_297_N_GenomeWideSNP_6_B06_1343894	8	24991104	39230659	8992	-0.4804
DRIPS_p_TCGA_295_296_297_N_GenomeWideSNP_6_B06_1343894	8	39235603	39386965	59	-1.9031
DRIPS_p_TCGA_295_296_297_N_GenomeWideSNP_6_B06_1343894	8	39388299	47525576	2761	-0.4643
DRIPS_p_TCGA_295_296_297_N_GenomeWideSNP_6_B06_1343894	8	47527548	47546095	10	0.6766
DRIPS_p_TCGA_295_296_297_N_GenomeWideSNP_6_B06_1343894	8	47547349	85257989	23035	-0.4648
DRIPS_p_TCGA_295_296_297_N_GenomeWideSNP_6_B06_1343894	8	85262883	85263116	4	-4.4022
DRIPS_p_TCGA_295_296_297_N_GenomeWideSNP_6_B06_1343894	8	85265718	85268666	15	-2.0173
DRIPS_p_TCGA_295_296_297_N_GenomeWideSNP_6_B06_1343894	8	85270682	112291494	16057	-0.4561
DRIPS_p_TCGA_295_296_297_N_GenomeWideSNP_6_B06_1343894	8	112294279	112295260	10	0.484
DRIPS_p_TCGA_295_296_297_N_GenomeWideSNP_6_B06_1343894	8	112300281	115632043	1824	-0.4485
DRIPS_p_TCGA_295_296_297_N_GenomeWideSNP_6_B06_1343894	8	115634487	115638395	15	-1.8193
DRIPS_p_TCGA_295_296_297_N_GenomeWideSNP_6_B06_1343894	8	115638467	115640817	7	-0.2683
DRIPS_p_TCGA_295_296_297_N_GenomeWideSNP_6_B06_1343894	8	115640908	115641731	13	-1.7646
DRIPS_p_TCGA_295_296_297_N_GenomeWideSNP_6_B06_1343894	8	115650697	146298155	20965	-0.4936
DRIPS_p_TCGA_295_296_297_N_GenomeWideSNP_6_B06_1343894	9	46587	2191189	2362	-0.4574
DRIPS_p_TCGA_295_296_297_N_GenomeWideSNP_6_B06_1343894	9	2191246	2191976	3	-2.3277
DRIPS_p_TCGA_295_296_297_N_GenomeWideSNP_6_B06_1343894	9	2205572	22492889	17403	-0.4504
DRIPS_p_TCGA_295_296_297_N_GenomeWideSNP_6_B06_1343894	9	22501913	22502699	2	-2.864
DRIPS_p_TCGA_295_296_297_N_GenomeWideSNP_6_B06_1343894	9	22509340	34277808	8466	-0.4427
DRIPS_p_TCGA_295_296_297_N_GenomeWideSNP_6_B06_1343894	9	34281390	34295050	9	-3.7233
DRIPS_p_TCGA_295_296_297_N_GenomeWideSNP_6_B06_1343894	9	34298010	43187967	2979	-0.4642
DRIPS_p_TCGA_295_296_297_N_GenomeWideSNP_6_B06_1343894	9	43315670	43800186	41	-1.3901
DRIPS_p_TCGA_295_296_297_N_GenomeWideSNP_6_B06_1343894	9	44114872	44404912	45	-0.2383
DRIPS_p_TCGA_295_296_297_N_GenomeWideSNP_6_B06_1343894	9	44424451	44629223	4	-1.978
DRIPS_p_TCGA_295_296_297_N_GenomeWideSNP_6_B06_1343894	9	44727859	68759612	271	-0.1485
DRIPS_p_TCGA_295_296_297_N_GenomeWideSNP_6_B06_1343894	9	68781852	141091394	47919	-0.4809
DRIPS_p_TCGA_295_296_297_N_GenomeWideSNP_6_B06_1343894	10	72759	47058792	31582	0.4192
DRIPS_p_TCGA_295_296_297_N_GenomeWideSNP_6_B06_1343894	10	47058868	47067426	26	-0.1626
DRIPS_p_TCGA_295_296_297_N_GenomeWideSNP_6_B06_1343894	10	47067481	78252851	19848	0.425
DRIPS_p_TCGA_295_296_297_N_GenomeWideSNP_6_B06_1343894	10	78257061	78257610	2	-1.7214
DRIPS_p_TCGA_295_296_297_N_GenomeWideSNP_6_B06_1343894	10	78261267	81462017	2453	0.4337
DRIPS_p_TCGA_295_296_297_N_GenomeWideSNP_6_B06_1343894	10	81497471	81598055	24	-0.4024
DRIPS_p_TCGA_295_296_297_N_GenomeWideSNP_6_B06_1343894	10	81614702	135506704	36922	0.4156
DRIPS_p_TCGA_295_296_297_N_GenomeWideSNP_6_B06_1343894	11	198510	4962114	2446	-0.464
DRIPS_p_TCGA_295_296_297_N_GenomeWideSNP_6_B06_1343894	11	4962632	4987007	69	-0.0344
DRIPS_p_TCGA_295_296_297_N_GenomeWideSNP_6_B06_1343894	11	4991102	5788092	776	-0.4329
DRIPS_p_TCGA_295_296_297_N_GenomeWideSNP_6_B06_1343894	11	5789601	5809139	30	-0.0041
DRIPS_p_TCGA_295_296_297_N_GenomeWideSNP_6_B06_1343894	11	5809338	17015557	8115	-0.4756
DRIPS_p_TCGA_295_296_297_N_GenomeWideSNP_6_B06_1343894	11	17015751	17018844	3	-2.6931
DRIPS_p_TCGA_295_296_297_N_GenomeWideSNP_6_B06_1343894	11	17018877	21846894	3904	-0.4775
DRIPS_p_TCGA_295_296_297_N_GenomeWideSNP_6_B06_1343894	11	21847506	21848752	5	-2.6069
DRIPS_p_TCGA_295_296_297_N_GenomeWideSNP_6_B06_1343894	11	21850657	54965608	18948	-0.464
DRIPS_p_TCGA_295_296_297_N_GenomeWideSNP_6_B06_1343894	11	54969861	54982211	5	-1.8661
DRIPS_p_TCGA_295_296_297_N_GenomeWideSNP_6_B06_1343894	11	55009475	134944770	52400	-0.4621
DRIPS_p_TCGA_295_296_297_N_GenomeWideSNP_6_B06_1343894	12	150442	4385604	2870	0.4217
DRIPS_p_TCGA_295_296_297_N_GenomeWideSNP_6_B06_1343894	12	4385793	4392530	17	-0.301
DRIPS_p_TCGA_295_296_297_N_GenomeWideSNP_6_B06_1343894	12	4394794	8556693	2713	0.438
DRIPS_p_TCGA_295_296_297_N_GenomeWideSNP_6_B06_1343894	12	8558488	8580943	20	-0.095
DRIPS_p_TCGA_295_296_297_N_GenomeWideSNP_6_B06_1343894	12	8581141	9633870	565	0.3989
DRIPS_p_TCGA_295_296_297_N_GenomeWideSNP_6_B06_1343894	12	9637909	9734969	25	-1.3053
DRIPS_p_TCGA_295_296_297_N_GenomeWideSNP_6_B06_1343894	12	9734970	11215372	1038	0.4316
DRIPS_p_TCGA_295_296_297_N_GenomeWideSNP_6_B06_1343894	12	11216849	11241532	14	1.1071
DRIPS_p_TCGA_295_296_297_N_GenomeWideSNP_6_B06_1343894	12	11251874	11511577	133	0.4604
DRIPS_p_TCGA_295_296_297_N_GenomeWideSNP_6_B06_1343894	12	11511578	11543386	30	-0.4938
DRIPS_p_TCGA_295_296_297_N_GenomeWideSNP_6_B06_1343894	12	11543406	56470625	27045	0.4268
DRIPS_p_TCGA_295_296_297_N_GenomeWideSNP_6_B06_1343894	12	56477489	56481349	12	-0.2677
DRIPS_p_TCGA_295_296_297_N_GenomeWideSNP_6_B06_1343894	12	56482180	133778189	50366	0.4233
DRIPS_p_TCGA_295_296_297_N_GenomeWideSNP_6_B06_1343894	13	19026949	20121459	566	0.4003
DRIPS_p_TCGA_295_296_297_N_GenomeWideSNP_6_B06_1343894	13	20123895	20123910	2	-2.9183
DRIPS_p_TCGA_295_296_297_N_GenomeWideSNP_6_B06_1343894	13	20124501	38071135	12954	0.4294
DRIPS_p_TCGA_295_296_297_N_GenomeWideSNP_6_B06_1343894	13	38072036	38084757	16	-0.2146
DRIPS_p_TCGA_295_296_297_N_GenomeWideSNP_6_B06_1343894	13	38088330	57751096	12523	0.4297
DRIPS_p_TCGA_295_296_297_N_GenomeWideSNP_6_B06_1343894	13	57758270	57778380	34	-0.2528
DRIPS_p_TCGA_295_296_297_N_GenomeWideSNP_6_B06_1343894	13	57789714	64207520	3782	0.4155
DRIPS_p_TCGA_295_296_297_N_GenomeWideSNP_6_B06_1343894	13	64207980	64224792	17	0.7019
DRIPS_p_TCGA_295_296_297_N_GenomeWideSNP_6_B06_1343894	13	64224949	64236692	8	-0.584
DRIPS_p_TCGA_295_296_297_N_GenomeWideSNP_6_B06_1343894	13	64239563	64267885	18	0.6143
DRIPS_p_TCGA_295_296_297_N_GenomeWideSNP_6_B06_1343894	13	64267937	64268981	2	-0.9899
DRIPS_p_TCGA_295_296_297_N_GenomeWideSNP_6_B06_1343894	13	64271526	66543803	1355	0.463
DRIPS_p_TCGA_295_296_297_N_GenomeWideSNP_6_B06_1343894	13	66544606	66546729	2	-1.1674
DRIPS_p_TCGA_295_296_297_N_GenomeWideSNP_6_B06_1343894	13	66546958	67172779	416	0.4748
DRIPS_p_TCGA_295_296_297_N_GenomeWideSNP_6_B06_1343894	13	67176219	67177783	2	-2.4138
DRIPS_p_TCGA_295_296_297_N_GenomeWideSNP_6_B06_1343894	13	67178344	115108397	32457	0.4205
DRIPS_p_TCGA_295_296_297_N_GenomeWideSNP_6_B06_1343894	14	19002124	19434374	31	0.2246
DRIPS_p_TCGA_295_296_297_N_GenomeWideSNP_6_B06_1343894	14	19437987	19541714	8	1.2244
DRIPS_p_TCGA_295_296_297_N_GenomeWideSNP_6_B06_1343894	14	19557041	19849591	26	0.0769
DRIPS_p_TCGA_295_296_297_N_GenomeWideSNP_6_B06_1343894	14	19852833	19974849	6	1.5658
DRIPS_p_TCGA_295_296_297_N_GenomeWideSNP_6_B06_1343894	14	19975977	20422583	118	0.0074
DRIPS_p_TCGA_295_296_297_N_GenomeWideSNP_6_B06_1343894	14	20423372	22393148	1351	0.4656
DRIPS_p_TCGA_295_296_297_N_GenomeWideSNP_6_B06_1343894	14	22393359	22393545	3	-1.0482
DRIPS_p_TCGA_295_296_297_N_GenomeWideSNP_6_B06_1343894	14	22393599	22953607	478	0.7096
DRIPS_p_TCGA_295_296_297_N_GenomeWideSNP_6_B06_1343894	14	22955716	106874361	53142	0.4257
DRIPS_p_TCGA_295_296_297_N_GenomeWideSNP_6_B06_1343894	14	106879831	106943522	60	-0.1884
DRIPS_p_TCGA_295_296_297_N_GenomeWideSNP_6_B06_1343894	14	106943834	107285437	215	0.4654
DRIPS_p_TCGA_295_296_297_N_GenomeWideSNP_6_B06_1343894	15	20016328	20206939	48	0.4727
DRIPS_p_TCGA_295_296_297_N_GenomeWideSNP_6_B06_1343894	15	20216955	20578421	50	0.2362
DRIPS_p_TCGA_295_296_297_N_GenomeWideSNP_6_B06_1343894	15	20581451	20581564	7	-0.4693
DRIPS_p_TCGA_295_296_297_N_GenomeWideSNP_6_B06_1343894	15	20585988	20586483	5	0.3205
DRIPS_p_TCGA_295_296_297_N_GenomeWideSNP_6_B06_1343894	15	20586659	22293227	202	0.5459
DRIPS_p_TCGA_295_296_297_N_GenomeWideSNP_6_B06_1343894	15	22302006	22587474	109	-0.2888
DRIPS_p_TCGA_295_296_297_N_GenomeWideSNP_6_B06_1343894	15	22673399	56789647	21104	0.4032
DRIPS_p_TCGA_295_296_297_N_GenomeWideSNP_6_B06_1343894	15	56790703	56800977	25	-0.3536
DRIPS_p_TCGA_295_296_297_N_GenomeWideSNP_6_B06_1343894	15	56801623	63922752	5306	0.4108
DRIPS_p_TCGA_295_296_297_N_GenomeWideSNP_6_B06_1343894	15	63925068	63931614	4	-1.3373
DRIPS_p_TCGA_295_296_297_N_GenomeWideSNP_6_B06_1343894	15	63934856	92765755	17638	0.4197
DRIPS_p_TCGA_295_296_297_N_GenomeWideSNP_6_B06_1343894	15	92765874	92766294	3	2.58
DRIPS_p_TCGA_295_296_297_N_GenomeWideSNP_6_B06_1343894	15	92766758	102469040	7423	0.4055
DRIPS_p_TCGA_295_296_297_N_GenomeWideSNP_6_B06_1343894	16	60777	14929751	11093	0.4085
DRIPS_p_TCGA_295_296_297_N_GenomeWideSNP_6_B06_1343894	16	14932056	15058358	37	0.0469
DRIPS_p_TCGA_295_296_297_N_GenomeWideSNP_6_B06_1343894	16	15059345	15059748	4	0.8018
DRIPS_p_TCGA_295_296_297_N_GenomeWideSNP_6_B06_1343894	16	15060414	15094708	29	-0.0145
DRIPS_p_TCGA_295_296_297_N_GenomeWideSNP_6_B06_1343894	16	15103676	16377662	594	0.3176
DRIPS_p_TCGA_295_296_297_N_GenomeWideSNP_6_B06_1343894	16	16513091	16513279	2	-1.2999
DRIPS_p_TCGA_295_296_297_N_GenomeWideSNP_6_B06_1343894	16	16513638	16628062	9	0.1783
DRIPS_p_TCGA_295_296_297_N_GenomeWideSNP_6_B06_1343894	16	16633361	16880792	39	0.7786
DRIPS_p_TCGA_295_296_297_N_GenomeWideSNP_6_B06_1343894	16	16881110	18238289	963	0.4004
DRIPS_p_TCGA_295_296_297_N_GenomeWideSNP_6_B06_1343894	16	18242726	18766229	40	0.7876
DRIPS_p_TCGA_295_296_297_N_GenomeWideSNP_6_B06_1343894	16	18768118	32013278	7219	0.4026
DRIPS_p_TCGA_295_296_297_N_GenomeWideSNP_6_B06_1343894	16	32024412	32588622	90	-0.0288
DRIPS_p_TCGA_295_296_297_N_GenomeWideSNP_6_B06_1343894	16	32588901	32588906	4	-2.9436
DRIPS_p_TCGA_295_296_297_N_GenomeWideSNP_6_B06_1343894	16	32588909	33835319	196	-0.0437
DRIPS_p_TCGA_295_296_297_N_GenomeWideSNP_6_B06_1343894	16	33836801	54089782	5474	0.3921
DRIPS_p_TCGA_295_296_297_N_GenomeWideSNP_6_B06_1343894	16	54090495	54090533	2	-1.8551
DRIPS_p_TCGA_295_296_297_N_GenomeWideSNP_6_B06_1343894	16	54090589	55796594	1476	0.3904
DRIPS_p_TCGA_295_296_297_N_GenomeWideSNP_6_B06_1343894	16	55798222	55798779	3	3.2026
DRIPS_p_TCGA_295_296_297_N_GenomeWideSNP_6_B06_1343894	16	55804348	79265247	15623	0.4112
DRIPS_p_TCGA_295_296_297_N_GenomeWideSNP_6_B06_1343894	16	79265685	79274125	8	-0.9641
DRIPS_p_TCGA_295_296_297_N_GenomeWideSNP_6_B06_1343894	16	79275255	82728552	3563	0.4004
DRIPS_p_TCGA_295_296_297_N_GenomeWideSNP_6_B06_1343894	16	82731740	82876660	159	-0.5737
DRIPS_p_TCGA_295_296_297_N_GenomeWideSNP_6_B06_1343894	16	82879344	90287535	5665	0.3859
DRIPS_p_TCGA_295_296_297_N_GenomeWideSNP_6_B06_1343894	17	526	2832773	1409	-0.5163
DRIPS_p_TCGA_295_296_297_N_GenomeWideSNP_6_B06_1343894	17	2834636	2843998	11	-1.445
DRIPS_p_TCGA_295_296_297_N_GenomeWideSNP_6_B06_1343894	17	2845345	9401961	3879	-0.4699
DRIPS_p_TCGA_295_296_297_N_GenomeWideSNP_6_B06_1343894	17	9403224	9403239	2	-3.7249
DRIPS_p_TCGA_295_296_297_N_GenomeWideSNP_6_B06_1343894	17	9405089	20920488	7135	-0.4939
DRIPS_p_TCGA_295_296_297_N_GenomeWideSNP_6_B06_1343894	17	20923147	20923538	3	-2.4688
DRIPS_p_TCGA_295_296_297_N_GenomeWideSNP_6_B06_1343894	17	20923750	21192430	133	-0.4712
DRIPS_p_TCGA_295_296_297_N_GenomeWideSNP_6_B06_1343894	17	21198405	21250418	13	-1.2586
DRIPS_p_TCGA_295_296_297_N_GenomeWideSNP_6_B06_1343894	17	21256508	27813032	1589	-0.4323
DRIPS_p_TCGA_295_296_297_N_GenomeWideSNP_6_B06_1343894	17	27814496	27820053	2	-2.4134
DRIPS_p_TCGA_295_296_297_N_GenomeWideSNP_6_B06_1343894	17	27822131	29039843	513	-0.4037
DRIPS_p_TCGA_295_296_297_N_GenomeWideSNP_6_B06_1343894	17	29039940	29039966	2	-2.486
DRIPS_p_TCGA_295_296_297_N_GenomeWideSNP_6_B06_1343894	17	29054355	43997372	8550	-0.465
DRIPS_p_TCGA_295_296_297_N_GenomeWideSNP_6_B06_1343894	17	43997440	43997901	3	-2.0605
DRIPS_p_TCGA_295_296_297_N_GenomeWideSNP_6_B06_1343894	17	43998328	44135827	116	-0.6246
DRIPS_p_TCGA_295_296_297_N_GenomeWideSNP_6_B06_1343894	17	44136576	44208333	56	-0.2299
DRIPS_p_TCGA_295_296_297_N_GenomeWideSNP_6_B06_1343894	17	44208674	44364170	92	-0.6477
DRIPS_p_TCGA_295_296_297_N_GenomeWideSNP_6_B06_1343894	17	44394412	44752283	47	0.2977
DRIPS_p_TCGA_295_296_297_N_GenomeWideSNP_6_B06_1343894	17	44752300	76607729	19385	-0.4718
DRIPS_p_TCGA_295_296_297_N_GenomeWideSNP_6_B06_1343894	17	76607935	76608673	2	-3.0499
DRIPS_p_TCGA_295_296_297_N_GenomeWideSNP_6_B06_1343894	17	76609720	77141308	308	-0.4628
DRIPS_p_TCGA_295_296_297_N_GenomeWideSNP_6_B06_1343894	17	77142391	77223934	41	-1.0108
DRIPS_p_TCGA_295_296_297_N_GenomeWideSNP_6_B06_1343894	17	77229008	77243063	29	-0.4284
DRIPS_p_TCGA_295_296_297_N_GenomeWideSNP_6_B06_1343894	17	77245660	77246216	2	-3.2584
DRIPS_p_TCGA_295_296_297_N_GenomeWideSNP_6_B06_1343894	17	77246390	81049726	1740	-0.4888
DRIPS_p_TCGA_295_296_297_N_GenomeWideSNP_6_B06_1343894	18	11543	12192655	8875	0.4237
DRIPS_p_TCGA_295_296_297_N_GenomeWideSNP_6_B06_1343894	18	12197925	12244140	13	-0.2734
DRIPS_p_TCGA_295_296_297_N_GenomeWideSNP_6_B06_1343894	18	12244220	26193536	6191	0.4096
DRIPS_p_TCGA_295_296_297_N_GenomeWideSNP_6_B06_1343894	18	26195767	26196130	4	-0.7725
DRIPS_p_TCGA_295_296_297_N_GenomeWideSNP_6_B06_1343894	18	26196632	38260434	7708	0.4101
DRIPS_p_TCGA_295_296_297_N_GenomeWideSNP_6_B06_1343894	18	38260448	38265389	17	1.0546
DRIPS_p_TCGA_295_296_297_N_GenomeWideSNP_6_B06_1343894	18	38268024	63762300	17519	0.421
DRIPS_p_TCGA_295_296_297_N_GenomeWideSNP_6_B06_1343894	18	63767140	63767922	3	1.715
DRIPS_p_TCGA_295_296_297_N_GenomeWideSNP_6_B06_1343894	18	63775595	78015057	10362	0.4282
DRIPS_p_TCGA_295_296_297_N_GenomeWideSNP_6_B06_1343894	19	90910	35849322	16736	-0.4369
DRIPS_p_TCGA_295_296_297_N_GenomeWideSNP_6_B06_1343894	19	35849493	35861848	22	-1.8463
DRIPS_p_TCGA_295_296_297_N_GenomeWideSNP_6_B06_1343894	19	35866744	40229409	2175	-0.4281
DRIPS_p_TCGA_295_296_297_N_GenomeWideSNP_6_B06_1343894	19	40229636	40230180	4	-2.5325
DRIPS_p_TCGA_295_296_297_N_GenomeWideSNP_6_B06_1343894	19	40233495	59097854	10266	-0.4421
DRIPS_p_TCGA_295_296_297_N_GenomeWideSNP_6_B06_1343894	20	61305	1568083	1211	0.4267
DRIPS_p_TCGA_295_296_297_N_GenomeWideSNP_6_B06_1343894	20	1570737	1598336	36	-0.3584
DRIPS_p_TCGA_295_296_297_N_GenomeWideSNP_6_B06_1343894	20	1599002	52647808	33658	0.421
DRIPS_p_TCGA_295_296_297_N_GenomeWideSNP_6_B06_1343894	20	52651154	52658651	37	-0.3153
DRIPS_p_TCGA_295_296_297_N_GenomeWideSNP_6_B06_1343894	20	52662574	62956153	7437	0.4179
DRIPS_p_TCGA_295_296_297_N_GenomeWideSNP_6_B06_1343894	21	10736871	10930431	29	-0.3532
DRIPS_p_TCGA_295_296_297_N_GenomeWideSNP_6_B06_1343894	21	10933220	14464379	105	0.1816
DRIPS_p_TCGA_295_296_297_N_GenomeWideSNP_6_B06_1343894	21	14467359	44777878	22278	-0.4693
DRIPS_p_TCGA_295_296_297_N_GenomeWideSNP_6_B06_1343894	21	44779969	44841812	43	-1.1285
DRIPS_p_TCGA_295_296_297_N_GenomeWideSNP_6_B06_1343894	21	44848070	48096957	1834	-0.5254
DRIPS_p_TCGA_295_296_297_N_GenomeWideSNP_6_B06_1343894	22	16052528	16683416	95	0.0713
DRIPS_p_TCGA_295_296_297_N_GenomeWideSNP_6_B06_1343894	22	16864898	18650979	1112	-0.442
DRIPS_p_TCGA_295_296_297_N_GenomeWideSNP_6_B06_1343894	22	18655860	18672885	2	-3.7289
DRIPS_p_TCGA_295_296_297_N_GenomeWideSNP_6_B06_1343894	22	18673357	18805861	9	0.3382
DRIPS_p_TCGA_295_296_297_N_GenomeWideSNP_6_B06_1343894	22	18810094	24332625	3372	-0.61
DRIPS_p_TCGA_295_296_297_N_GenomeWideSNP_6_B06_1343894	22	24332933	24396814	23	0.0792
DRIPS_p_TCGA_295_296_297_N_GenomeWideSNP_6_B06_1343894	22	24401529	38538246	10366	-0.4945
DRIPS_p_TCGA_295_296_297_N_GenomeWideSNP_6_B06_1343894	22	38538640	38543354	8	-1.6124
DRIPS_p_TCGA_295_296_297_N_GenomeWideSNP_6_B06_1343894	22	38543453	51234455	8432	-0.5135
DRIPS_p_TCGA_295_296_297_N_GenomeWideSNP_6_B06_1343894	X	168477	10086508	5716	2e-04
DRIPS_p_TCGA_295_296_297_N_GenomeWideSNP_6_B06_1343894	X	10086986	10087487	2	5.5849
DRIPS_p_TCGA_295_296_297_N_GenomeWideSNP_6_B06_1343894	X	10089683	24595336	9265	-0.0144
DRIPS_p_TCGA_295_296_297_N_GenomeWideSNP_6_B06_1343894	X	24595414	24595641	2	4.8463
DRIPS_p_TCGA_295_296_297_N_GenomeWideSNP_6_B06_1343894	X	24595701	38297557	8771	-0.0195
DRIPS_p_TCGA_295_296_297_N_GenomeWideSNP_6_B06_1343894	X	38297600	38298009	3	4.3073
DRIPS_p_TCGA_295_296_297_N_GenomeWideSNP_6_B06_1343894	X	38298042	76124902	16066	-0.0143
DRIPS_p_TCGA_295_296_297_N_GenomeWideSNP_6_B06_1343894	X	76125385	76125858	2	5.0393
DRIPS_p_TCGA_295_296_297_N_GenomeWideSNP_6_B06_1343894	X	76127033	155182354	44412	-0.0245
DRIPS_p_TCGA_295_296_297_N_GenomeWideSNP_6_B06_1343894	Y	2650438	28661650	8554	-0.5919
DRIPS_p_TCGA_295_296_297_N_GenomeWideSNP_6_B06_1343894	Y	28662254	28663756	3	-2.6239
DRIPS_p_TCGA_295_296_297_N_GenomeWideSNP_6_B06_1343894	Y	28664867	59018259	71	-0.6329
