Sample	Chromosome	Start	End	Num_Probes	Segment_Mean
MOHEL_p_TCGA_271_274_275_N_GenomeWideSNP_6_F08_1320398	1	61735	2468400	506	-0.1082
MOHEL_p_TCGA_271_274_275_N_GenomeWideSNP_6_F08_1320398	1	2473258	2482921	2	-1.8979
MOHEL_p_TCGA_271_274_275_N_GenomeWideSNP_6_F08_1320398	1	2501338	10542121	4784	-0.0675
MOHEL_p_TCGA_271_274_275_N_GenomeWideSNP_6_F08_1320398	1	10543836	10544988	4	-1.2743
MOHEL_p_TCGA_271_274_275_N_GenomeWideSNP_6_F08_1320398	1	10545046	16149915	3113	-0.0605
MOHEL_p_TCGA_271_274_275_N_GenomeWideSNP_6_F08_1320398	1	16153497	16154966	9	-0.8632
MOHEL_p_TCGA_271_274_275_N_GenomeWideSNP_6_F08_1320398	1	16155010	17082412	384	-0.0664
MOHEL_p_TCGA_271_274_275_N_GenomeWideSNP_6_F08_1320398	1	17082591	17094027	7	-1.473
MOHEL_p_TCGA_271_274_275_N_GenomeWideSNP_6_F08_1320398	1	17094066	17114712	10	-0.8498
MOHEL_p_TCGA_271_274_275_N_GenomeWideSNP_6_F08_1320398	1	17177045	25583341	5336	-0.0629
MOHEL_p_TCGA_271_274_275_N_GenomeWideSNP_6_F08_1320398	1	25593128	25646744	26	0.3941
MOHEL_p_TCGA_271_274_275_N_GenomeWideSNP_6_F08_1320398	1	25646946	77774428	32071	-0.0896
MOHEL_p_TCGA_271_274_275_N_GenomeWideSNP_6_F08_1320398	1	77774872	77779836	22	-1.1444
MOHEL_p_TCGA_271_274_275_N_GenomeWideSNP_6_F08_1320398	1	77781670	94285086	10607	-0.1033
MOHEL_p_TCGA_271_274_275_N_GenomeWideSNP_6_F08_1320398	1	94287025	94291683	2	-2.1276
MOHEL_p_TCGA_271_274_275_N_GenomeWideSNP_6_F08_1320398	1	94293234	107219390	7988	-0.1026
MOHEL_p_TCGA_271_274_275_N_GenomeWideSNP_6_F08_1320398	1	107221718	107223482	6	-1.1353
MOHEL_p_TCGA_271_274_275_N_GenomeWideSNP_6_F08_1320398	1	107225176	110227515	1887	-0.0825
MOHEL_p_TCGA_271_274_275_N_GenomeWideSNP_6_F08_1320398	1	110232974	110240178	17	0.6373
MOHEL_p_TCGA_271_274_275_N_GenomeWideSNP_6_F08_1320398	1	110242953	144949070	7281	-0.084
MOHEL_p_TCGA_271_274_275_N_GenomeWideSNP_6_F08_1320398	1	144949975	145085777	51	-0.4509
MOHEL_p_TCGA_271_274_275_N_GenomeWideSNP_6_F08_1320398	1	145090605	145151728	28	-0.1388
MOHEL_p_TCGA_271_274_275_N_GenomeWideSNP_6_F08_1320398	1	145151959	145152018	3	1.7049
MOHEL_p_TCGA_271_274_275_N_GenomeWideSNP_6_F08_1320398	1	145152050	149545372	1147	-0.063
MOHEL_p_TCGA_271_274_275_N_GenomeWideSNP_6_F08_1320398	1	149545386	149617451	5	-1.6813
MOHEL_p_TCGA_271_274_275_N_GenomeWideSNP_6_F08_1320398	1	149617488	152555176	1489	-0.0721
MOHEL_p_TCGA_271_274_275_N_GenomeWideSNP_6_F08_1320398	1	152555527	152586594	36	0.9198
MOHEL_p_TCGA_271_274_275_N_GenomeWideSNP_6_F08_1320398	1	152590494	196812507	29824	-0.0972
MOHEL_p_TCGA_271_274_275_N_GenomeWideSNP_6_F08_1320398	1	196812530	196815791	2	3.2468
MOHEL_p_TCGA_271_274_275_N_GenomeWideSNP_6_F08_1320398	1	196816730	200920313	2591	-0.0978
MOHEL_p_TCGA_271_274_275_N_GenomeWideSNP_6_F08_1320398	1	200920362	200921385	2	-2.1851
MOHEL_p_TCGA_271_274_275_N_GenomeWideSNP_6_F08_1320398	1	200921945	240391740	27395	-0.1018
MOHEL_p_TCGA_271_274_275_N_GenomeWideSNP_6_F08_1320398	1	240394015	240394124	5	-2.1562
MOHEL_p_TCGA_271_274_275_N_GenomeWideSNP_6_F08_1320398	1	240394139	242122020	1373	-0.0864
MOHEL_p_TCGA_271_274_275_N_GenomeWideSNP_6_F08_1320398	1	242127992	242132572	2	1.5249
MOHEL_p_TCGA_271_274_275_N_GenomeWideSNP_6_F08_1320398	1	242132776	243063909	747	-0.0914
MOHEL_p_TCGA_271_274_275_N_GenomeWideSNP_6_F08_1320398	1	243064042	243084694	11	0.6955
MOHEL_p_TCGA_271_274_275_N_GenomeWideSNP_6_F08_1320398	1	243085556	248592872	3573	-0.08
MOHEL_p_TCGA_271_274_275_N_GenomeWideSNP_6_F08_1320398	1	248593241	248688615	35	-0.5496
MOHEL_p_TCGA_271_274_275_N_GenomeWideSNP_6_F08_1320398	1	248697391	248753594	15	1e-04
MOHEL_p_TCGA_271_274_275_N_GenomeWideSNP_6_F08_1320398	1	248756758	248825137	33	0.5723
MOHEL_p_TCGA_271_274_275_N_GenomeWideSNP_6_F08_1320398	1	248825263	249224388	136	-0.1655
MOHEL_p_TCGA_271_274_275_N_GenomeWideSNP_6_F08_1320398	2	12784	6300037	4691	0.3107
MOHEL_p_TCGA_271_274_275_N_GenomeWideSNP_6_F08_1320398	2	6300167	6307875	32	-0.956
MOHEL_p_TCGA_271_274_275_N_GenomeWideSNP_6_F08_1320398	2	6310503	35583508	19984	0.2881
MOHEL_p_TCGA_271_274_275_N_GenomeWideSNP_6_F08_1320398	2	35584890	35615675	42	-0.2936
MOHEL_p_TCGA_271_274_275_N_GenomeWideSNP_6_F08_1320398	2	35621916	35975973	282	0.367
MOHEL_p_TCGA_271_274_275_N_GenomeWideSNP_6_F08_1320398	2	35977790	35987916	6	-2.245
MOHEL_p_TCGA_271_274_275_N_GenomeWideSNP_6_F08_1320398	2	35987947	52741737	12159	0.29
MOHEL_p_TCGA_271_274_275_N_GenomeWideSNP_6_F08_1320398	2	52743925	52781397	36	0.8838
MOHEL_p_TCGA_271_274_275_N_GenomeWideSNP_6_F08_1320398	2	52781412	87513287	22115	0.269
MOHEL_p_TCGA_271_274_275_N_GenomeWideSNP_6_F08_1320398	2	87514379	87627765	27	-0.2673
MOHEL_p_TCGA_271_274_275_N_GenomeWideSNP_6_F08_1320398	2	87627854	98118212	1930	0.2597
MOHEL_p_TCGA_271_274_275_N_GenomeWideSNP_6_F08_1320398	2	98140747	98168606	11	1.0653
MOHEL_p_TCGA_271_274_275_N_GenomeWideSNP_6_F08_1320398	2	98173428	114362015	9429	0.2809
MOHEL_p_TCGA_271_274_275_N_GenomeWideSNP_6_F08_1320398	2	114362414	114362416	2	-2.8987
MOHEL_p_TCGA_271_274_275_N_GenomeWideSNP_6_F08_1320398	2	114380821	117875242	2121	0.294
MOHEL_p_TCGA_271_274_275_N_GenomeWideSNP_6_F08_1320398	2	117881707	117885611	2	-2.6262
MOHEL_p_TCGA_271_274_275_N_GenomeWideSNP_6_F08_1320398	2	117885806	146865183	17986	0.2817
MOHEL_p_TCGA_271_274_275_N_GenomeWideSNP_6_F08_1320398	2	146865243	146878475	22	0.9306
MOHEL_p_TCGA_271_274_275_N_GenomeWideSNP_6_F08_1320398	2	146878532	218642189	43766	0.2752
MOHEL_p_TCGA_271_274_275_N_GenomeWideSNP_6_F08_1320398	2	218647120	218696949	33	0.8027
MOHEL_p_TCGA_271_274_275_N_GenomeWideSNP_6_F08_1320398	2	218698279	221503282	1611	0.265
MOHEL_p_TCGA_271_274_275_N_GenomeWideSNP_6_F08_1320398	2	221503828	221505222	3	-1.1839
MOHEL_p_TCGA_271_274_275_N_GenomeWideSNP_6_F08_1320398	2	221507495	230318989	5923	0.2669
MOHEL_p_TCGA_271_274_275_N_GenomeWideSNP_6_F08_1320398	2	230319228	230327643	7	-0.9194
MOHEL_p_TCGA_271_274_275_N_GenomeWideSNP_6_F08_1320398	2	230329899	243089456	7806	0.2933
MOHEL_p_TCGA_271_274_275_N_GenomeWideSNP_6_F08_1320398	3	60345	224602	157	-0.6845
MOHEL_p_TCGA_271_274_275_N_GenomeWideSNP_6_F08_1320398	3	230022	232800	4	-2.5484
MOHEL_p_TCGA_271_274_275_N_GenomeWideSNP_6_F08_1320398	3	234877	3198513	2614	-0.6727
MOHEL_p_TCGA_271_274_275_N_GenomeWideSNP_6_F08_1320398	3	3199278	3199635	2	-4.3365
MOHEL_p_TCGA_271_274_275_N_GenomeWideSNP_6_F08_1320398	3	3201523	46793377	30273	-0.7424
MOHEL_p_TCGA_271_274_275_N_GenomeWideSNP_6_F08_1320398	3	46801817	46849589	40	-1.9506
MOHEL_p_TCGA_271_274_275_N_GenomeWideSNP_6_F08_1320398	3	46859479	86832075	25622	-0.742
MOHEL_p_TCGA_271_274_275_N_GenomeWideSNP_6_F08_1320398	3	86837946	87141719	157	0.2953
MOHEL_p_TCGA_271_274_275_N_GenomeWideSNP_6_F08_1320398	3	87150008	90502862	1755	-0.7128
MOHEL_p_TCGA_271_274_275_N_GenomeWideSNP_6_F08_1320398	3	93519478	96593672	1577	0.3215
MOHEL_p_TCGA_271_274_275_N_GenomeWideSNP_6_F08_1320398	3	96594147	96774400	83	-0.1467
MOHEL_p_TCGA_271_274_275_N_GenomeWideSNP_6_F08_1320398	3	96780023	162532950	40337	0.3097
MOHEL_p_TCGA_271_274_275_N_GenomeWideSNP_6_F08_1320398	3	162534730	162540490	6	-1.3208
MOHEL_p_TCGA_271_274_275_N_GenomeWideSNP_6_F08_1320398	3	162545716	189360754	16733	0.3132
MOHEL_p_TCGA_271_274_275_N_GenomeWideSNP_6_F08_1320398	3	189363678	189370988	12	-3.3243
MOHEL_p_TCGA_271_274_275_N_GenomeWideSNP_6_F08_1320398	3	189371014	197896118	5221	0.3227
MOHEL_p_TCGA_271_274_275_N_GenomeWideSNP_6_F08_1320398	4	12281	7689152	4543	-0.0709
MOHEL_p_TCGA_271_274_275_N_GenomeWideSNP_6_F08_1320398	4	7690403	7691193	2	-2.4781
MOHEL_p_TCGA_271_274_275_N_GenomeWideSNP_6_F08_1320398	4	7693469	9408413	673	-0.1126
MOHEL_p_TCGA_271_274_275_N_GenomeWideSNP_6_F08_1320398	4	9417635	9417720	2	-2.0366
MOHEL_p_TCGA_271_274_275_N_GenomeWideSNP_6_F08_1320398	4	9418052	9619137	71	-0.1125
MOHEL_p_TCGA_271_274_275_N_GenomeWideSNP_6_F08_1320398	4	9626413	9626840	2	-1.8421
MOHEL_p_TCGA_271_274_275_N_GenomeWideSNP_6_F08_1320398	4	9632448	10210390	504	-0.0689
MOHEL_p_TCGA_271_274_275_N_GenomeWideSNP_6_F08_1320398	4	10214160	10235268	36	0.9372
MOHEL_p_TCGA_271_274_275_N_GenomeWideSNP_6_F08_1320398	4	10236142	30066336	14180	-0.1079
MOHEL_p_TCGA_271_274_275_N_GenomeWideSNP_6_F08_1320398	4	30066852	30071016	2	-3.46
MOHEL_p_TCGA_271_274_275_N_GenomeWideSNP_6_F08_1320398	4	30071193	69367142	22342	-0.1041
MOHEL_p_TCGA_271_274_275_N_GenomeWideSNP_6_F08_1320398	4	69372003	69540025	74	0.5547
MOHEL_p_TCGA_271_274_275_N_GenomeWideSNP_6_F08_1320398	4	69551744	70106786	309	-0.0894
MOHEL_p_TCGA_271_274_275_N_GenomeWideSNP_6_F08_1320398	4	70116942	70224850	57	-0.4844
MOHEL_p_TCGA_271_274_275_N_GenomeWideSNP_6_F08_1320398	4	70226899	83633826	8330	-0.113
MOHEL_p_TCGA_271_274_275_N_GenomeWideSNP_6_F08_1320398	4	83637368	83641826	12	-1.5274
MOHEL_p_TCGA_271_274_275_N_GenomeWideSNP_6_F08_1320398	4	83644692	86975223	2115	-0.1096
MOHEL_p_TCGA_271_274_275_N_GenomeWideSNP_6_F08_1320398	4	86976094	86979764	19	-2.479
MOHEL_p_TCGA_271_274_275_N_GenomeWideSNP_6_F08_1320398	4	86979944	116165868	17522	-0.1168
MOHEL_p_TCGA_271_274_275_N_GenomeWideSNP_6_F08_1320398	4	116166104	116180182	24	-0.8193
MOHEL_p_TCGA_271_274_275_N_GenomeWideSNP_6_F08_1320398	4	116180236	122281973	3711	-0.1121
MOHEL_p_TCGA_271_274_275_N_GenomeWideSNP_6_F08_1320398	4	122282468	122291131	28	-0.9277
MOHEL_p_TCGA_271_274_275_N_GenomeWideSNP_6_F08_1320398	4	122291522	144909950	13391	-0.1124
MOHEL_p_TCGA_271_274_275_N_GenomeWideSNP_6_F08_1320398	4	144917153	145012561	71	-0.744
MOHEL_p_TCGA_271_274_275_N_GenomeWideSNP_6_F08_1320398	4	145019796	152600013	4176	-0.1237
MOHEL_p_TCGA_271_274_275_N_GenomeWideSNP_6_F08_1320398	4	152603164	152603357	3	-6.204
MOHEL_p_TCGA_271_274_275_N_GenomeWideSNP_6_F08_1320398	4	152603475	156594230	2599	-0.1139
MOHEL_p_TCGA_271_274_275_N_GenomeWideSNP_6_F08_1320398	4	156594268	156597995	14	-0.9114
MOHEL_p_TCGA_271_274_275_N_GenomeWideSNP_6_F08_1320398	4	156601935	156968180	326	-0.1278
MOHEL_p_TCGA_271_274_275_N_GenomeWideSNP_6_F08_1320398	4	156968283	156968298	2	-2.2899
MOHEL_p_TCGA_271_274_275_N_GenomeWideSNP_6_F08_1320398	4	156968473	172369346	9773	-0.1065
MOHEL_p_TCGA_271_274_275_N_GenomeWideSNP_6_F08_1320398	4	172374884	172377710	10	-1.0696
MOHEL_p_TCGA_271_274_275_N_GenomeWideSNP_6_F08_1320398	4	172377724	172987928	399	-0.1096
MOHEL_p_TCGA_271_274_275_N_GenomeWideSNP_6_F08_1320398	4	172989148	172989533	12	-2.1405
MOHEL_p_TCGA_271_274_275_N_GenomeWideSNP_6_F08_1320398	4	172995979	175491958	1383	-0.1323
MOHEL_p_TCGA_271_274_275_N_GenomeWideSNP_6_F08_1320398	4	175492113	175492358	2	-1.7581
MOHEL_p_TCGA_271_274_275_N_GenomeWideSNP_6_F08_1320398	4	175492371	178587838	1940	-0.1079
MOHEL_p_TCGA_271_274_275_N_GenomeWideSNP_6_F08_1320398	4	178596531	178609713	42	-1.023
MOHEL_p_TCGA_271_274_275_N_GenomeWideSNP_6_F08_1320398	4	178612025	191027923	8754	-0.0821
MOHEL_p_TCGA_271_274_275_N_GenomeWideSNP_6_F08_1320398	5	15532	659605	295	-0.0801
MOHEL_p_TCGA_271_274_275_N_GenomeWideSNP_6_F08_1320398	5	660804	779860	42	0.3068
MOHEL_p_TCGA_271_274_275_N_GenomeWideSNP_6_F08_1320398	5	779881	10527501	8206	-0.1087
MOHEL_p_TCGA_271_274_275_N_GenomeWideSNP_6_F08_1320398	5	10527643	10531998	5	-5.5508
MOHEL_p_TCGA_271_274_275_N_GenomeWideSNP_6_F08_1320398	5	10532515	16517130	4195	-0.1145
MOHEL_p_TCGA_271_274_275_N_GenomeWideSNP_6_F08_1320398	5	16517367	16522125	4	-1.9647
MOHEL_p_TCGA_271_274_275_N_GenomeWideSNP_6_F08_1320398	5	16522434	26789481	6171	-0.1031
MOHEL_p_TCGA_271_274_275_N_GenomeWideSNP_6_F08_1320398	5	26789496	26797844	3	-2.0502
MOHEL_p_TCGA_271_274_275_N_GenomeWideSNP_6_F08_1320398	5	26803884	28213724	777	-0.0974
MOHEL_p_TCGA_271_274_275_N_GenomeWideSNP_6_F08_1320398	5	28214269	28214620	3	-1.5924
MOHEL_p_TCGA_271_274_275_N_GenomeWideSNP_6_F08_1320398	5	28215396	29999135	1109	-0.0929
MOHEL_p_TCGA_271_274_275_N_GenomeWideSNP_6_F08_1320398	5	29999617	30000585	4	-2.5749
MOHEL_p_TCGA_271_274_275_N_GenomeWideSNP_6_F08_1320398	5	30006554	41959407	8053	-0.1156
MOHEL_p_TCGA_271_274_275_N_GenomeWideSNP_6_F08_1320398	5	41974210	42843771	458	0.2941
MOHEL_p_TCGA_271_274_275_N_GenomeWideSNP_6_F08_1320398	5	42844121	46246660	1442	-0.1049
MOHEL_p_TCGA_271_274_275_N_GenomeWideSNP_6_F08_1320398	5	46251306	57329629	5098	0.3024
MOHEL_p_TCGA_271_274_275_N_GenomeWideSNP_6_F08_1320398	5	57329756	57332075	13	-0.6637
MOHEL_p_TCGA_271_274_275_N_GenomeWideSNP_6_F08_1320398	5	57332275	100065914	24672	0.2995
MOHEL_p_TCGA_271_274_275_N_GenomeWideSNP_6_F08_1320398	5	100068068	100068475	2	-1.6404
MOHEL_p_TCGA_271_274_275_N_GenomeWideSNP_6_F08_1320398	5	100068874	103851221	2203	0.2919
MOHEL_p_TCGA_271_274_275_N_GenomeWideSNP_6_F08_1320398	5	103860373	103860604	4	1.6246
MOHEL_p_TCGA_271_274_275_N_GenomeWideSNP_6_F08_1320398	5	103861049	120670271	11532	0.3031
MOHEL_p_TCGA_271_274_275_N_GenomeWideSNP_6_F08_1320398	5	120670292	120671009	3	-1.0542
MOHEL_p_TCGA_271_274_275_N_GenomeWideSNP_6_F08_1320398	5	120673357	150202205	18293	0.2952
MOHEL_p_TCGA_271_274_275_N_GenomeWideSNP_6_F08_1320398	5	150205500	150218604	8	-3.4471
MOHEL_p_TCGA_271_274_275_N_GenomeWideSNP_6_F08_1320398	5	150223387	177198449	18477	0.3025
MOHEL_p_TCGA_271_274_275_N_GenomeWideSNP_6_F08_1320398	5	177227551	177232605	3	3.6927
MOHEL_p_TCGA_271_274_275_N_GenomeWideSNP_6_F08_1320398	5	177254965	180790320	2002	0.3413
MOHEL_p_TCGA_271_274_275_N_GenomeWideSNP_6_F08_1320398	6	149661	254267	100	-0.1016
MOHEL_p_TCGA_271_274_275_N_GenomeWideSNP_6_F08_1320398	6	254283	381149	96	-1.0607
MOHEL_p_TCGA_271_274_275_N_GenomeWideSNP_6_F08_1320398	6	382559	6026211	4658	-0.097
MOHEL_p_TCGA_271_274_275_N_GenomeWideSNP_6_F08_1320398	6	6033931	6034436	3	-3.2883
MOHEL_p_TCGA_271_274_275_N_GenomeWideSNP_6_F08_1320398	6	6037045	29849267	16895	-0.1003
MOHEL_p_TCGA_271_274_275_N_GenomeWideSNP_6_F08_1320398	6	29850196	29898897	15	-1.0261
MOHEL_p_TCGA_271_274_275_N_GenomeWideSNP_6_F08_1320398	6	29899677	32493368	1186	-0.0778
MOHEL_p_TCGA_271_274_275_N_GenomeWideSNP_6_F08_1320398	6	32497116	32605576	43	-0.6369
MOHEL_p_TCGA_271_274_275_N_GenomeWideSNP_6_F08_1320398	6	32605884	32690027	55	-0.0391
MOHEL_p_TCGA_271_274_275_N_GenomeWideSNP_6_F08_1320398	6	32690797	32690830	3	1.5968
MOHEL_p_TCGA_271_274_275_N_GenomeWideSNP_6_F08_1320398	6	32692227	81284638	28532	-0.1025
MOHEL_p_TCGA_271_274_275_N_GenomeWideSNP_6_F08_1320398	6	81284716	81294341	30	-1.0009
MOHEL_p_TCGA_271_274_275_N_GenomeWideSNP_6_F08_1320398	6	81294399	103734829	14021	-0.107
MOHEL_p_TCGA_271_274_275_N_GenomeWideSNP_6_F08_1320398	6	103737976	103762061	46	0.7512
MOHEL_p_TCGA_271_274_275_N_GenomeWideSNP_6_F08_1320398	6	103765470	116016158	7612	-0.1104
MOHEL_p_TCGA_271_274_275_N_GenomeWideSNP_6_F08_1320398	6	116019599	116020162	2	-2.0232
MOHEL_p_TCGA_271_274_275_N_GenomeWideSNP_6_F08_1320398	6	116021488	137111664	13437	-0.112
MOHEL_p_TCGA_271_274_275_N_GenomeWideSNP_6_F08_1320398	6	137116870	137134734	8	-1.2869
MOHEL_p_TCGA_271_274_275_N_GenomeWideSNP_6_F08_1320398	6	137140993	157781264	13733	-0.1039
MOHEL_p_TCGA_271_274_275_N_GenomeWideSNP_6_F08_1320398	6	157787428	157796076	2	-3.1364
MOHEL_p_TCGA_271_274_275_N_GenomeWideSNP_6_F08_1320398	6	157796994	171051005	9429	-0.0848
MOHEL_p_TCGA_271_274_275_N_GenomeWideSNP_6_F08_1320398	7	43355	4522961	2376	-0.7277
MOHEL_p_TCGA_271_274_275_N_GenomeWideSNP_6_F08_1320398	7	4525603	66637239	40059	0.314
MOHEL_p_TCGA_271_274_275_N_GenomeWideSNP_6_F08_1320398	7	66641374	66645232	5	-2.2286
MOHEL_p_TCGA_271_274_275_N_GenomeWideSNP_6_F08_1320398	7	66647639	91208142	14406	0.3081
MOHEL_p_TCGA_271_274_275_N_GenomeWideSNP_6_F08_1320398	7	91218884	91219132	3	-1.3234
MOHEL_p_TCGA_271_274_275_N_GenomeWideSNP_6_F08_1320398	7	91225032	100325189	5156	0.3027
MOHEL_p_TCGA_271_274_275_N_GenomeWideSNP_6_F08_1320398	7	100329244	100332842	3	-1.1861
MOHEL_p_TCGA_271_274_275_N_GenomeWideSNP_6_F08_1320398	7	100351005	109433798	5347	0.3022
MOHEL_p_TCGA_271_274_275_N_GenomeWideSNP_6_F08_1320398	7	109437092	109437772	15	0.8847
MOHEL_p_TCGA_271_274_275_N_GenomeWideSNP_6_F08_1320398	7	109437774	109441212	9	0.178
MOHEL_p_TCGA_271_274_275_N_GenomeWideSNP_6_F08_1320398	7	109441244	109441779	3	1.2797
MOHEL_p_TCGA_271_274_275_N_GenomeWideSNP_6_F08_1320398	7	109441809	109667548	147	0.2691
MOHEL_p_TCGA_271_274_275_N_GenomeWideSNP_6_F08_1320398	7	109667572	109668189	2	-1.4474
MOHEL_p_TCGA_271_274_275_N_GenomeWideSNP_6_F08_1320398	7	109681156	126044974	9897	0.2922
MOHEL_p_TCGA_271_274_275_N_GenomeWideSNP_6_F08_1320398	7	126045482	126046881	18	-0.9488
MOHEL_p_TCGA_271_274_275_N_GenomeWideSNP_6_F08_1320398	7	126052766	159127004	21028	0.3166
MOHEL_p_TCGA_271_274_275_N_GenomeWideSNP_6_F08_1320398	8	31254	593041	327	0.3613
MOHEL_p_TCGA_271_274_275_N_GenomeWideSNP_6_F08_1320398	8	594944	595892	9	-0.5399
MOHEL_p_TCGA_271_274_275_N_GenomeWideSNP_6_F08_1320398	8	595908	2247827	1315	0.3399
MOHEL_p_TCGA_271_274_275_N_GenomeWideSNP_6_F08_1320398	8	2254638	2259358	12	-0.6098
MOHEL_p_TCGA_271_274_275_N_GenomeWideSNP_6_F08_1320398	8	2270328	7039853	6160	0.3529
MOHEL_p_TCGA_271_274_275_N_GenomeWideSNP_6_F08_1320398	8	7043340	7170474	3	-1.4454
MOHEL_p_TCGA_271_274_275_N_GenomeWideSNP_6_F08_1320398	8	7170489	7238019	30	0.0126
MOHEL_p_TCGA_271_274_275_N_GenomeWideSNP_6_F08_1320398	8	7250380	8002381	203	0.6497
MOHEL_p_TCGA_271_274_275_N_GenomeWideSNP_6_F08_1320398	8	8002408	8018038	10	0.1265
MOHEL_p_TCGA_271_274_275_N_GenomeWideSNP_6_F08_1320398	8	8054344	8092025	6	-0.7188
MOHEL_p_TCGA_271_274_275_N_GenomeWideSNP_6_F08_1320398	8	8093182	11992286	3218	0.3271
MOHEL_p_TCGA_271_274_275_N_GenomeWideSNP_6_F08_1320398	8	11997095	12242515	36	0.7704
MOHEL_p_TCGA_271_274_275_N_GenomeWideSNP_6_F08_1320398	8	12242523	12242550	6	-0.0991
MOHEL_p_TCGA_271_274_275_N_GenomeWideSNP_6_F08_1320398	8	12243179	12269712	20	0.9094
MOHEL_p_TCGA_271_274_275_N_GenomeWideSNP_6_F08_1320398	8	12275741	14509568	2011	0.3079
MOHEL_p_TCGA_271_274_275_N_GenomeWideSNP_6_F08_1320398	8	14510032	14510061	2	-1.49
MOHEL_p_TCGA_271_274_275_N_GenomeWideSNP_6_F08_1320398	8	14510074	14785484	272	0.3017
MOHEL_p_TCGA_271_274_275_N_GenomeWideSNP_6_F08_1320398	8	14788425	14795876	7	-0.5404
MOHEL_p_TCGA_271_274_275_N_GenomeWideSNP_6_F08_1320398	8	14796450	23402308	7045	0.311
MOHEL_p_TCGA_271_274_275_N_GenomeWideSNP_6_F08_1320398	8	23407740	23407871	5	-0.9593
MOHEL_p_TCGA_271_274_275_N_GenomeWideSNP_6_F08_1320398	8	23407905	24972187	1140	0.299
MOHEL_p_TCGA_271_274_275_N_GenomeWideSNP_6_F08_1320398	8	24974443	24984250	26	0.7988
MOHEL_p_TCGA_271_274_275_N_GenomeWideSNP_6_F08_1320398	8	24984333	39225740	9033	0.3032
MOHEL_p_TCGA_271_274_275_N_GenomeWideSNP_6_F08_1320398	8	39225851	39332971	43	0.7437
MOHEL_p_TCGA_271_274_275_N_GenomeWideSNP_6_F08_1320398	8	39333133	55209232	7292	0.3038
MOHEL_p_TCGA_271_274_275_N_GenomeWideSNP_6_F08_1320398	8	55210805	55210888	3	-3.5969
MOHEL_p_TCGA_271_274_275_N_GenomeWideSNP_6_F08_1320398	8	55211118	75307341	12830	0.285
MOHEL_p_TCGA_271_274_275_N_GenomeWideSNP_6_F08_1320398	8	75307831	75327594	7	-0.9481
MOHEL_p_TCGA_271_274_275_N_GenomeWideSNP_6_F08_1320398	8	75328535	112291494	21946	0.2938
MOHEL_p_TCGA_271_274_275_N_GenomeWideSNP_6_F08_1320398	8	112294279	112295260	10	1.1931
MOHEL_p_TCGA_271_274_275_N_GenomeWideSNP_6_F08_1320398	8	112300281	146298155	22930	0.3015
MOHEL_p_TCGA_271_274_275_N_GenomeWideSNP_6_F08_1320398	9	46587	591967	479	-0.0777
MOHEL_p_TCGA_271_274_275_N_GenomeWideSNP_6_F08_1320398	9	592077	607937	44	-1.281
MOHEL_p_TCGA_271_274_275_N_GenomeWideSNP_6_F08_1320398	9	608659	9177874	8252	-0.0773
MOHEL_p_TCGA_271_274_275_N_GenomeWideSNP_6_F08_1320398	9	9180804	9376272	178	-0.5919
MOHEL_p_TCGA_271_274_275_N_GenomeWideSNP_6_F08_1320398	9	9376286	39314120	22290	-0.0707
MOHEL_p_TCGA_271_274_275_N_GenomeWideSNP_6_F08_1320398	9	39315036	43127313	104	-0.4949
MOHEL_p_TCGA_271_274_275_N_GenomeWideSNP_6_F08_1320398	9	43127845	43800186	47	-1.7525
MOHEL_p_TCGA_271_274_275_N_GenomeWideSNP_6_F08_1320398	9	44114872	44404912	45	-0.1631
MOHEL_p_TCGA_271_274_275_N_GenomeWideSNP_6_F08_1320398	9	44424451	44629223	4	-3.8331
MOHEL_p_TCGA_271_274_275_N_GenomeWideSNP_6_F08_1320398	9	44727859	69505946	322	-0.2188
MOHEL_p_TCGA_271_274_275_N_GenomeWideSNP_6_F08_1320398	9	69507716	69519629	7	-2.1039
MOHEL_p_TCGA_271_274_275_N_GenomeWideSNP_6_F08_1320398	9	69522698	69630339	11	-0.1794
MOHEL_p_TCGA_271_274_275_N_GenomeWideSNP_6_F08_1320398	9	69637154	69696000	7	-1.629
MOHEL_p_TCGA_271_274_275_N_GenomeWideSNP_6_F08_1320398	9	69807016	106566497	24911	-0.0991
MOHEL_p_TCGA_271_274_275_N_GenomeWideSNP_6_F08_1320398	9	106568696	106569290	2	-3.2191
MOHEL_p_TCGA_271_274_275_N_GenomeWideSNP_6_F08_1320398	9	106570702	141091394	23151	-0.0832
MOHEL_p_TCGA_271_274_275_N_GenomeWideSNP_6_F08_1320398	10	72809	48736766	32216	-0.0917
MOHEL_p_TCGA_271_274_275_N_GenomeWideSNP_6_F08_1320398	10	48771950	48934756	7	-1.2581
MOHEL_p_TCGA_271_274_275_N_GenomeWideSNP_6_F08_1320398	10	48947018	51197138	1369	-0.0984
MOHEL_p_TCGA_271_274_275_N_GenomeWideSNP_6_F08_1320398	10	51335029	51397071	2	1.7585
MOHEL_p_TCGA_271_274_275_N_GenomeWideSNP_6_F08_1320398	10	51449369	67306276	11117	-0.0939
MOHEL_p_TCGA_271_274_275_N_GenomeWideSNP_6_F08_1320398	10	67307923	67314430	27	-0.671
MOHEL_p_TCGA_271_274_275_N_GenomeWideSNP_6_F08_1320398	10	67314446	99834946	21456	-0.0964
MOHEL_p_TCGA_271_274_275_N_GenomeWideSNP_6_F08_1320398	10	99835094	99837402	8	-1.2866
MOHEL_p_TCGA_271_274_275_N_GenomeWideSNP_6_F08_1320398	10	99845729	135506704	24802	-0.0954
MOHEL_p_TCGA_271_274_275_N_GenomeWideSNP_6_F08_1320398	11	198510	733813	175	-0.1433
MOHEL_p_TCGA_271_274_275_N_GenomeWideSNP_6_F08_1320398	11	741820	743813	5	-4.5526
MOHEL_p_TCGA_271_274_275_N_GenomeWideSNP_6_F08_1320398	11	745581	4964193	2284	-0.0915
MOHEL_p_TCGA_271_274_275_N_GenomeWideSNP_6_F08_1320398	11	4964302	4975705	38	0.409
MOHEL_p_TCGA_271_274_275_N_GenomeWideSNP_6_F08_1320398	11	4976257	18937467	10232	-0.1104
MOHEL_p_TCGA_271_274_275_N_GenomeWideSNP_6_F08_1320398	11	18937632	18962016	64	0.4803
MOHEL_p_TCGA_271_274_275_N_GenomeWideSNP_6_F08_1320398	11	18962133	26887722	6292	-0.1139
MOHEL_p_TCGA_271_274_275_N_GenomeWideSNP_6_F08_1320398	11	26888526	26889036	2	-1.9838
MOHEL_p_TCGA_271_274_275_N_GenomeWideSNP_6_F08_1320398	11	26893888	34920301	5286	-0.1234
MOHEL_p_TCGA_271_274_275_N_GenomeWideSNP_6_F08_1320398	11	34921801	34922133	2	-2.7858
MOHEL_p_TCGA_271_274_275_N_GenomeWideSNP_6_F08_1320398	11	34922864	48372580	8917	-0.1148
MOHEL_p_TCGA_271_274_275_N_GenomeWideSNP_6_F08_1320398	11	48374491	48380904	4	-1.9143
MOHEL_p_TCGA_271_274_275_N_GenomeWideSNP_6_F08_1320398	11	48381502	51096372	925	-0.0592
MOHEL_p_TCGA_271_274_275_N_GenomeWideSNP_6_F08_1320398	11	51126742	51183906	9	-1.7929
MOHEL_p_TCGA_271_274_275_N_GenomeWideSNP_6_F08_1320398	11	51192870	51564427	137	-0.0626
MOHEL_p_TCGA_271_274_275_N_GenomeWideSNP_6_F08_1320398	11	54701645	54758291	4	1.457
MOHEL_p_TCGA_271_274_275_N_GenomeWideSNP_6_F08_1320398	11	54773893	55374048	238	-0.0292
MOHEL_p_TCGA_271_274_275_N_GenomeWideSNP_6_F08_1320398	11	55374188	55442318	46	0.4636
MOHEL_p_TCGA_271_274_275_N_GenomeWideSNP_6_F08_1320398	11	55444211	58811241	2090	-0.1033
MOHEL_p_TCGA_271_274_275_N_GenomeWideSNP_6_F08_1320398	11	58811465	58853765	21	0.5674
MOHEL_p_TCGA_271_274_275_N_GenomeWideSNP_6_F08_1320398	11	58855019	90566513	18379	-0.1035
MOHEL_p_TCGA_271_274_275_N_GenomeWideSNP_6_F08_1320398	11	90568187	90571038	4	-3.4592
MOHEL_p_TCGA_271_274_275_N_GenomeWideSNP_6_F08_1320398	11	90572164	91885286	935	-0.0952
MOHEL_p_TCGA_271_274_275_N_GenomeWideSNP_6_F08_1320398	11	91885496	91885568	2	-2.0748
MOHEL_p_TCGA_271_274_275_N_GenomeWideSNP_6_F08_1320398	11	91889373	93332181	1047	-0.1157
MOHEL_p_TCGA_271_274_275_N_GenomeWideSNP_6_F08_1320398	11	93332336	93332527	2	-2.5202
MOHEL_p_TCGA_271_274_275_N_GenomeWideSNP_6_F08_1320398	11	93336949	104923862	8481	-0.1136
MOHEL_p_TCGA_271_274_275_N_GenomeWideSNP_6_F08_1320398	11	104923963	104924558	3	-2.916
MOHEL_p_TCGA_271_274_275_N_GenomeWideSNP_6_F08_1320398	11	104924713	107230719	1471	-0.1142
MOHEL_p_TCGA_271_274_275_N_GenomeWideSNP_6_F08_1320398	11	107238656	107238931	6	1.1926
MOHEL_p_TCGA_271_274_275_N_GenomeWideSNP_6_F08_1320398	11	107239128	134944770	19926	-0.1207
MOHEL_p_TCGA_271_274_275_N_GenomeWideSNP_6_F08_1320398	12	150442	8558488	5616	0.3139
MOHEL_p_TCGA_271_274_275_N_GenomeWideSNP_6_F08_1320398	12	8558636	8567639	12	-0.6026
MOHEL_p_TCGA_271_274_275_N_GenomeWideSNP_6_F08_1320398	12	8574510	9651293	578	0.3488
MOHEL_p_TCGA_271_274_275_N_GenomeWideSNP_6_F08_1320398	12	9651391	9728292	20	0.9188
MOHEL_p_TCGA_271_274_275_N_GenomeWideSNP_6_F08_1320398	12	9734969	34208418	17242	0.3072
MOHEL_p_TCGA_271_274_275_N_GenomeWideSNP_6_F08_1320398	12	34210170	34216305	5	-0.7893
MOHEL_p_TCGA_271_274_275_N_GenomeWideSNP_6_F08_1320398	12	34217500	45904438	5054	0.308
MOHEL_p_TCGA_271_274_275_N_GenomeWideSNP_6_F08_1320398	12	45905840	45909537	3	1.7728
MOHEL_p_TCGA_271_274_275_N_GenomeWideSNP_6_F08_1320398	12	45913292	70871858	15203	0.3083
MOHEL_p_TCGA_271_274_275_N_GenomeWideSNP_6_F08_1320398	12	70872675	70879385	10	-0.6448
MOHEL_p_TCGA_271_274_275_N_GenomeWideSNP_6_F08_1320398	12	70879433	87526622	10340	0.2957
MOHEL_p_TCGA_271_274_275_N_GenomeWideSNP_6_F08_1320398	12	87530913	87533261	3	-1.1836
MOHEL_p_TCGA_271_274_275_N_GenomeWideSNP_6_F08_1320398	12	87538392	133778189	30981	0.3013
MOHEL_p_TCGA_271_274_275_N_GenomeWideSNP_6_F08_1320398	13	19026949	25509506	4387	-0.0909
MOHEL_p_TCGA_271_274_275_N_GenomeWideSNP_6_F08_1320398	13	25509846	25515343	5	-1.5617
MOHEL_p_TCGA_271_274_275_N_GenomeWideSNP_6_F08_1320398	13	25516291	38070370	9161	-0.1119
MOHEL_p_TCGA_271_274_275_N_GenomeWideSNP_6_F08_1320398	13	38071135	38084543	15	0.6073
MOHEL_p_TCGA_271_274_275_N_GenomeWideSNP_6_F08_1320398	13	38084732	57758389	12535	-0.1045
MOHEL_p_TCGA_271_274_275_N_GenomeWideSNP_6_F08_1320398	13	57758626	57778368	29	-0.5633
MOHEL_p_TCGA_271_274_275_N_GenomeWideSNP_6_F08_1320398	13	57778380	72476988	8994	-0.0913
MOHEL_p_TCGA_271_274_275_N_GenomeWideSNP_6_F08_1320398	13	72477555	72480556	4	1.1337
MOHEL_p_TCGA_271_274_275_N_GenomeWideSNP_6_F08_1320398	13	72480605	90779555	11857	-0.113
MOHEL_p_TCGA_271_274_275_N_GenomeWideSNP_6_F08_1320398	13	90785864	91603935	488	0.5979
MOHEL_p_TCGA_271_274_275_N_GenomeWideSNP_6_F08_1320398	13	91604883	95630857	2821	-0.1191
MOHEL_p_TCGA_271_274_275_N_GenomeWideSNP_6_F08_1320398	13	95632056	98211440	1584	0.5777
MOHEL_p_TCGA_271_274_275_N_GenomeWideSNP_6_F08_1320398	13	98212564	99410099	880	-0.1093
MOHEL_p_TCGA_271_274_275_N_GenomeWideSNP_6_F08_1320398	13	99413703	101689980	1450	0.5887
MOHEL_p_TCGA_271_274_275_N_GenomeWideSNP_6_F08_1320398	13	101690054	102229201	470	-0.1009
MOHEL_p_TCGA_271_274_275_N_GenomeWideSNP_6_F08_1320398	13	102235812	115108397	9583	0.6121
MOHEL_p_TCGA_271_274_275_N_GenomeWideSNP_6_F08_1320398	14	19002124	20499261	238	-0.3558
MOHEL_p_TCGA_271_274_275_N_GenomeWideSNP_6_F08_1320398	14	20499359	56402554	22650	-0.7295
MOHEL_p_TCGA_271_274_275_N_GenomeWideSNP_6_F08_1320398	14	56405445	56405479	2	-4.5118
MOHEL_p_TCGA_271_274_275_N_GenomeWideSNP_6_F08_1320398	14	56405521	68042255	7364	-0.7417
MOHEL_p_TCGA_271_274_275_N_GenomeWideSNP_6_F08_1320398	14	68042574	68044005	2	-4.8435
MOHEL_p_TCGA_271_274_275_N_GenomeWideSNP_6_F08_1320398	14	68044909	104666652	24007	-0.7293
MOHEL_p_TCGA_271_274_275_N_GenomeWideSNP_6_F08_1320398	14	104668826	104673221	2	-4.1805
MOHEL_p_TCGA_271_274_275_N_GenomeWideSNP_6_F08_1320398	14	104679396	107285437	1010	-0.6633
MOHEL_p_TCGA_271_274_275_N_GenomeWideSNP_6_F08_1320398	15	20016328	20119367	20	-0.0952
MOHEL_p_TCGA_271_274_275_N_GenomeWideSNP_6_F08_1320398	15	20122607	20194738	26	-0.9344
MOHEL_p_TCGA_271_274_275_N_GenomeWideSNP_6_F08_1320398	15	20203961	20820067	109	-0.2207
MOHEL_p_TCGA_271_274_275_N_GenomeWideSNP_6_F08_1320398	15	20820159	20830582	3	-1.4043
MOHEL_p_TCGA_271_274_275_N_GenomeWideSNP_6_F08_1320398	15	20843562	26560192	2646	-0.0878
MOHEL_p_TCGA_271_274_275_N_GenomeWideSNP_6_F08_1320398	15	26562152	26563156	2	-4.1984
MOHEL_p_TCGA_271_274_275_N_GenomeWideSNP_6_F08_1320398	15	26563588	26574726	9	0.0501
MOHEL_p_TCGA_271_274_275_N_GenomeWideSNP_6_F08_1320398	15	26581449	26581883	3	-2.2665
MOHEL_p_TCGA_271_274_275_N_GenomeWideSNP_6_F08_1320398	15	26585613	27918623	998	-0.0802
MOHEL_p_TCGA_271_274_275_N_GenomeWideSNP_6_F08_1320398	15	27919497	27927303	12	-0.9107
MOHEL_p_TCGA_271_274_275_N_GenomeWideSNP_6_F08_1320398	15	27927806	56790855	17737	-0.085
MOHEL_p_TCGA_271_274_275_N_GenomeWideSNP_6_F08_1320398	15	56790880	56800977	21	-0.8956
MOHEL_p_TCGA_271_274_275_N_GenomeWideSNP_6_F08_1320398	15	56801623	67089931	7010	-0.0771
MOHEL_p_TCGA_271_274_275_N_GenomeWideSNP_6_F08_1320398	15	67090278	67090365	2	-1.7838
MOHEL_p_TCGA_271_274_275_N_GenomeWideSNP_6_F08_1320398	15	67090726	76891822	5739	-0.0799
MOHEL_p_TCGA_271_274_275_N_GenomeWideSNP_6_F08_1320398	15	76891877	76895775	17	-0.7488
MOHEL_p_TCGA_271_274_275_N_GenomeWideSNP_6_F08_1320398	15	76902179	102469040	17674	-0.0795
MOHEL_p_TCGA_271_274_275_N_GenomeWideSNP_6_F08_1320398	16	60777	15972141	11538	0.3489
MOHEL_p_TCGA_271_274_275_N_GenomeWideSNP_6_F08_1320398	16	15980509	16017503	24	0.8636
MOHEL_p_TCGA_271_274_275_N_GenomeWideSNP_6_F08_1320398	16	16024036	18255924	1246	0.3297
MOHEL_p_TCGA_271_274_275_N_GenomeWideSNP_6_F08_1320398	16	18262173	18305985	4	-1.5332
MOHEL_p_TCGA_271_274_275_N_GenomeWideSNP_6_F08_1320398	16	18314233	26915462	5109	0.3309
MOHEL_p_TCGA_271_274_275_N_GenomeWideSNP_6_F08_1320398	16	26918154	26918411	2	-3.5805
MOHEL_p_TCGA_271_274_275_N_GenomeWideSNP_6_F08_1320398	16	26921887	32146886	2169	0.3444
MOHEL_p_TCGA_271_274_275_N_GenomeWideSNP_6_F08_1320398	16	32158852	33367935	158	-0.1653
MOHEL_p_TCGA_271_274_275_N_GenomeWideSNP_6_F08_1320398	16	33369764	33432160	8	-1.0279
MOHEL_p_TCGA_271_274_275_N_GenomeWideSNP_6_F08_1320398	16	33436610	33801983	96	-0.1758
MOHEL_p_TCGA_271_274_275_N_GenomeWideSNP_6_F08_1320398	16	33811501	55798222	6971	0.3225
MOHEL_p_TCGA_271_274_275_N_GenomeWideSNP_6_F08_1320398	16	55798762	55798779	2	2.9606
MOHEL_p_TCGA_271_274_275_N_GenomeWideSNP_6_F08_1320398	16	55804348	76798472	12826	0.3212
MOHEL_p_TCGA_271_274_275_N_GenomeWideSNP_6_F08_1320398	16	76798509	76806428	3	-1.912
MOHEL_p_TCGA_271_274_275_N_GenomeWideSNP_6_F08_1320398	16	76808552	90287535	12263	0.3285
MOHEL_p_TCGA_271_274_275_N_GenomeWideSNP_6_F08_1320398	17	526	1873755	868	0.3514
MOHEL_p_TCGA_271_274_275_N_GenomeWideSNP_6_F08_1320398	17	1885125	10759270	5391	-0.6813
MOHEL_p_TCGA_271_274_275_N_GenomeWideSNP_6_F08_1320398	17	10762200	10767130	8	-4.0965
MOHEL_p_TCGA_271_274_275_N_GenomeWideSNP_6_F08_1320398	17	10767349	18319862	5099	-0.7001
MOHEL_p_TCGA_271_274_275_N_GenomeWideSNP_6_F08_1320398	17	18355392	18465221	29	-1.5804
MOHEL_p_TCGA_271_274_275_N_GenomeWideSNP_6_F08_1320398	17	18469197	22216940	1534	-0.6896
MOHEL_p_TCGA_271_274_275_N_GenomeWideSNP_6_F08_1320398	17	22217402	27616662	1155	-0.0592
MOHEL_p_TCGA_271_274_275_N_GenomeWideSNP_6_F08_1320398	17	27624525	27853350	99	-0.6298
MOHEL_p_TCGA_271_274_275_N_GenomeWideSNP_6_F08_1320398	17	27853735	27872508	11	0.0654
MOHEL_p_TCGA_271_274_275_N_GenomeWideSNP_6_F08_1320398	17	27876527	27919640	21	-0.6165
MOHEL_p_TCGA_271_274_275_N_GenomeWideSNP_6_F08_1320398	17	27923989	39421708	6671	-0.0662
MOHEL_p_TCGA_271_274_275_N_GenomeWideSNP_6_F08_1320398	17	39423014	39430531	24	0.4548
MOHEL_p_TCGA_271_274_275_N_GenomeWideSNP_6_F08_1320398	17	39432724	44401067	2639	-0.0494
MOHEL_p_TCGA_271_274_275_N_GenomeWideSNP_6_F08_1320398	17	44408662	44784652	46	0.5157
MOHEL_p_TCGA_271_274_275_N_GenomeWideSNP_6_F08_1320398	17	44784678	80649232	21379	-0.0778
MOHEL_p_TCGA_271_274_275_N_GenomeWideSNP_6_F08_1320398	17	80652880	80658446	16	-0.702
MOHEL_p_TCGA_271_274_275_N_GenomeWideSNP_6_F08_1320398	17	80660688	81049726	193	-0.0159
MOHEL_p_TCGA_271_274_275_N_GenomeWideSNP_6_F08_1320398	18	11543	61320298	38678	-0.0906
MOHEL_p_TCGA_271_274_275_N_GenomeWideSNP_6_F08_1320398	18	61322995	61323235	3	-1.7602
MOHEL_p_TCGA_271_274_275_N_GenomeWideSNP_6_F08_1320398	18	61323776	63629564	1610	-0.0761
MOHEL_p_TCGA_271_274_275_N_GenomeWideSNP_6_F08_1320398	18	63637051	63640124	6	-1.2425
MOHEL_p_TCGA_271_274_275_N_GenomeWideSNP_6_F08_1320398	18	63640408	63727545	59	-0.0511
MOHEL_p_TCGA_271_274_275_N_GenomeWideSNP_6_F08_1320398	18	63727599	63732738	11	-0.6809
MOHEL_p_TCGA_271_274_275_N_GenomeWideSNP_6_F08_1320398	18	63732763	64959323	822	-0.0743
MOHEL_p_TCGA_271_274_275_N_GenomeWideSNP_6_F08_1320398	18	64959372	64967265	18	-0.7101
MOHEL_p_TCGA_271_274_275_N_GenomeWideSNP_6_F08_1320398	18	64967718	69392796	3273	-0.0691
MOHEL_p_TCGA_271_274_275_N_GenomeWideSNP_6_F08_1320398	18	69392860	69393613	2	-1.7579
MOHEL_p_TCGA_271_274_275_N_GenomeWideSNP_6_F08_1320398	18	69394952	78015057	6317	-0.0591
MOHEL_p_TCGA_271_274_275_N_GenomeWideSNP_6_F08_1320398	19	90910	35849322	16803	-0.0442
MOHEL_p_TCGA_271_274_275_N_GenomeWideSNP_6_F08_1320398	19	35849493	35861848	22	0.598
MOHEL_p_TCGA_271_274_275_N_GenomeWideSNP_6_F08_1320398	19	35866744	54718968	9861	-0.0316
MOHEL_p_TCGA_271_274_275_N_GenomeWideSNP_6_F08_1320398	19	54719005	54741319	19	-0.7728
MOHEL_p_TCGA_271_274_275_N_GenomeWideSNP_6_F08_1320398	19	54753340	59097854	2615	-0.0321
MOHEL_p_TCGA_271_274_275_N_GenomeWideSNP_6_F08_1320398	20	61305	1567454	1210	0.3393
MOHEL_p_TCGA_271_274_275_N_GenomeWideSNP_6_F08_1320398	20	1567653	1597946	39	-0.5578
MOHEL_p_TCGA_271_274_275_N_GenomeWideSNP_6_F08_1320398	20	1598106	16565461	11639	0.3225
MOHEL_p_TCGA_271_274_275_N_GenomeWideSNP_6_F08_1320398	20	16568062	16586634	31	-0.8978
MOHEL_p_TCGA_271_274_275_N_GenomeWideSNP_6_F08_1320398	20	16587230	26305491	7136	0.3089
MOHEL_p_TCGA_271_274_275_N_GenomeWideSNP_6_F08_1320398	20	26305579	29529825	26	-0.7796
MOHEL_p_TCGA_271_274_275_N_GenomeWideSNP_6_F08_1320398	20	29529915	62956153	22408	0.3191
MOHEL_p_TCGA_271_274_275_N_GenomeWideSNP_6_F08_1320398	21	10736871	15088049	399	-0.5028
MOHEL_p_TCGA_271_274_275_N_GenomeWideSNP_6_F08_1320398	21	15090628	15100785	14	0.2236
MOHEL_p_TCGA_271_274_275_N_GenomeWideSNP_6_F08_1320398	21	15101058	44717003	21946	-0.7275
MOHEL_p_TCGA_271_274_275_N_GenomeWideSNP_6_F08_1320398	21	44717198	44729839	4	-4.0719
MOHEL_p_TCGA_271_274_275_N_GenomeWideSNP_6_F08_1320398	21	44733071	48096957	1905	-0.7181
MOHEL_p_TCGA_271_274_275_N_GenomeWideSNP_6_F08_1320398	22	16052528	19978505	1952	-0.0957
MOHEL_p_TCGA_271_274_275_N_GenomeWideSNP_6_F08_1320398	22	19978558	19988265	7	-1.4735
MOHEL_p_TCGA_271_274_275_N_GenomeWideSNP_6_F08_1320398	22	19988284	23262981	1951	-0.1247
MOHEL_p_TCGA_271_274_275_N_GenomeWideSNP_6_F08_1320398	22	23263242	23263257	2	-2.9244
MOHEL_p_TCGA_271_274_275_N_GenomeWideSNP_6_F08_1320398	22	23263274	51234455	19626	-0.0743
MOHEL_p_TCGA_271_274_275_N_GenomeWideSNP_6_F08_1320398	X	168477	4049449	941	0.0039
MOHEL_p_TCGA_271_274_275_N_GenomeWideSNP_6_F08_1320398	X	4049586	4050459	2	-5.6525
MOHEL_p_TCGA_271_274_275_N_GenomeWideSNP_6_F08_1320398	X	4050477	155182354	83355	0.0163
MOHEL_p_TCGA_271_274_275_N_GenomeWideSNP_6_F08_1320398	Y	2650438	9633865	2575	-1.0574
MOHEL_p_TCGA_271_274_275_N_GenomeWideSNP_6_F08_1320398	Y	9648550	9648739	2	-3.7682
MOHEL_p_TCGA_271_274_275_N_GenomeWideSNP_6_F08_1320398	Y	9651430	59018259	6054	-1.0643
