Sample	Chromosome	Start	End	Num_Probes	Segment_Mean
BUBBY_p_TCGA_b89_105_SNP_N_GenomeWideSNP_6_E11_777488	1	3208470	245880329	129089	0.0143
BUBBY_p_TCGA_b89_105_SNP_N_GenomeWideSNP_6_E11_777488	2	474222	242124735	131324	0.0118
BUBBY_p_TCGA_b89_105_SNP_N_GenomeWideSNP_6_E11_777488	3	526235	77883070	44676	-0.489
BUBBY_p_TCGA_b89_105_SNP_N_GenomeWideSNP_6_E11_777488	3	77885582	79310091	737	0.0102
BUBBY_p_TCGA_b89_105_SNP_N_GenomeWideSNP_6_E11_777488	3	79310242	79702845	190	-0.4878
BUBBY_p_TCGA_b89_105_SNP_N_GenomeWideSNP_6_E11_777488	3	79703658	174070568	48093	0.0174
BUBBY_p_TCGA_b89_105_SNP_N_GenomeWideSNP_6_E11_777488	3	174073253	174076667	5	-1.045
BUBBY_p_TCGA_b89_105_SNP_N_GenomeWideSNP_6_E11_777488	3	174077360	199023074	12645	0.0175
BUBBY_p_TCGA_b89_105_SNP_N_GenomeWideSNP_6_E11_777488	4	1043934	189836143	102738	0.0159
BUBBY_p_TCGA_b89_105_SNP_N_GenomeWideSNP_6_E11_777488	5	967233	180293075	100511	0.0152
BUBBY_p_TCGA_b89_105_SNP_N_GenomeWideSNP_6_E11_777488	6	959281	170745844	96497	0.0153
BUBBY_p_TCGA_b89_105_SNP_N_GenomeWideSNP_6_E11_777488	7	671810	139500295	72077	0.0124
BUBBY_p_TCGA_b89_105_SNP_N_GenomeWideSNP_6_E11_777488	7	139502526	139564779	26	0.4116
BUBBY_p_TCGA_b89_105_SNP_N_GenomeWideSNP_6_E11_777488	7	139565362	140240554	398	-0.001
BUBBY_p_TCGA_b89_105_SNP_N_GenomeWideSNP_6_E11_777488	7	140248344	140622178	252	0.4086
BUBBY_p_TCGA_b89_105_SNP_N_GenomeWideSNP_6_E11_777488	7	140623125	142651437	758	0.0186
BUBBY_p_TCGA_b89_105_SNP_N_GenomeWideSNP_6_E11_777488	7	142652162	158077879	7824	0.3878
BUBBY_p_TCGA_b89_105_SNP_N_GenomeWideSNP_6_E11_777488	8	607667	145304484	81530	0.0139
BUBBY_p_TCGA_b89_105_SNP_N_GenomeWideSNP_6_E11_777488	9	779932	140058573	68009	0.0142
BUBBY_p_TCGA_b89_105_SNP_N_GenomeWideSNP_6_E11_777488	10	405240	135075077	80875	0.0122
BUBBY_p_TCGA_b89_105_SNP_N_GenomeWideSNP_6_E11_777488	11	446120	133647740	77270	0.0145
BUBBY_p_TCGA_b89_105_SNP_N_GenomeWideSNP_6_E11_777488	12	760163	131671419	73938	0.0127
BUBBY_p_TCGA_b89_105_SNP_N_GenomeWideSNP_6_E11_777488	13	18348806	114005560	56659	0.0125
BUBBY_p_TCGA_b89_105_SNP_N_GenomeWideSNP_6_E11_777488	14	19571208	105059083	49447	0.0147
BUBBY_p_TCGA_b89_105_SNP_N_GenomeWideSNP_6_E11_777488	15	21238778	99701830	44539	0.0127
BUBBY_p_TCGA_b89_105_SNP_N_GenomeWideSNP_6_E11_777488	16	593460	87907437	40872	0.014
BUBBY_p_TCGA_b89_105_SNP_N_GenomeWideSNP_6_E11_777488	17	933971	78510305	36992	0.0081
BUBBY_p_TCGA_b89_105_SNP_N_GenomeWideSNP_6_E11_777488	18	319586	38419564	21178	0.0152
BUBBY_p_TCGA_b89_105_SNP_N_GenomeWideSNP_6_E11_777488	18	38420869	38428740	3	-1.1127
BUBBY_p_TCGA_b89_105_SNP_N_GenomeWideSNP_6_E11_777488	18	38429524	75210228	21484	0.0179
BUBBY_p_TCGA_b89_105_SNP_N_GenomeWideSNP_6_E11_777488	19	235018	54454072	20267	0.0126
BUBBY_p_TCGA_b89_105_SNP_N_GenomeWideSNP_6_E11_777488	19	54454167	54456560	2	-1.6016
BUBBY_p_TCGA_b89_105_SNP_N_GenomeWideSNP_6_E11_777488	19	54463097	63570038	3684	0.0069
BUBBY_p_TCGA_b89_105_SNP_N_GenomeWideSNP_6_E11_777488	20	403764	61690281	37279	0.0074
BUBBY_p_TCGA_b89_105_SNP_N_GenomeWideSNP_6_E11_777488	21	14269492	46503202	20590	0.0102
BUBBY_p_TCGA_b89_105_SNP_N_GenomeWideSNP_6_E11_777488	22	15803930	47717016	16929	0.0088
BUBBY_p_TCGA_b89_105_SNP_N_GenomeWideSNP_6_E11_777488	X	3167107	154558783	63780	7e-04
