GDC_Aliquot	Chromosome	Start	End	Num_Probes	Segment_Mean
8b3a140b-7725-4292-9a70-a7697c9a3661	1	62920	6597295	3055	-0.0097
8b3a140b-7725-4292-9a70-a7697c9a3661	1	6599812	6600600	2	-1.8753
8b3a140b-7725-4292-9a70-a7697c9a3661	1	6601603	12802201	3432	-0.0058
8b3a140b-7725-4292-9a70-a7697c9a3661	1	12806954	12823233	13	0.6372
8b3a140b-7725-4292-9a70-a7697c9a3661	1	12832455	15720096	1750	0.0129
8b3a140b-7725-4292-9a70-a7697c9a3661	1	15721543	15721617	2	-1.8072
8b3a140b-7725-4292-9a70-a7697c9a3661	1	15721619	15816465	54	0.0475
8b3a140b-7725-4292-9a70-a7697c9a3661	1	15820537	15823420	11	-0.3644
8b3a140b-7725-4292-9a70-a7697c9a3661	1	15827002	15827430	6	-2.2257
8b3a140b-7725-4292-9a70-a7697c9a3661	1	15827706	16884157	363	-0.0191
8b3a140b-7725-4292-9a70-a7697c9a3661	1	16886219	16971203	59	-0.4905
8b3a140b-7725-4292-9a70-a7697c9a3661	1	16972001	25256850	5248	-0.001
8b3a140b-7725-4292-9a70-a7697c9a3661	1	25266637	25320455	24	-2.0702
8b3a140b-7725-4292-9a70-a7697c9a3661	1	25336819	34622883	4938	-0.0002
8b3a140b-7725-4292-9a70-a7697c9a3661	1	34625857	34638890	24	-0.6096
8b3a140b-7725-4292-9a70-a7697c9a3661	1	34648667	41304640	3589	-0.0002
8b3a140b-7725-4292-9a70-a7697c9a3661	1	41308682	41309583	2	-1.7226
8b3a140b-7725-4292-9a70-a7697c9a3661	1	41317411	54619932	7436	0.0048
8b3a140b-7725-4292-9a70-a7697c9a3661	1	54624527	54627618	2	-1.7145
8b3a140b-7725-4292-9a70-a7697c9a3661	1	54628716	72302815	12714	0.0001
8b3a140b-7725-4292-9a70-a7697c9a3661	1	72303233	72345450	45	-1.8767
8b3a140b-7725-4292-9a70-a7697c9a3661	1	72345465	94624486	14320	-0.001
8b3a140b-7725-4292-9a70-a7697c9a3661	1	94627109	94627785	3	-1.3085
8b3a140b-7725-4292-9a70-a7697c9a3661	1	94627854	103620877	5675	-0.0009
8b3a140b-7725-4292-9a70-a7697c9a3661	1	103621165	103717410	4	-1.3212
8b3a140b-7725-4292-9a70-a7697c9a3661	1	103717617	104497098	414	0.0265
8b3a140b-7725-4292-9a70-a7697c9a3661	1	104503262	104508392	4	-0.8518
8b3a140b-7725-4292-9a70-a7697c9a3661	1	104512295	105470132	498	-0.0005
8b3a140b-7725-4292-9a70-a7697c9a3661	1	105470754	105479753	18	0.4563
8b3a140b-7725-4292-9a70-a7697c9a3661	1	105481433	105501665	23	-0.0318
8b3a140b-7725-4292-9a70-a7697c9a3661	1	105502565	105515839	13	-0.5127
8b3a140b-7725-4292-9a70-a7697c9a3661	1	105517976	108187137	1901	0.0053
8b3a140b-7725-4292-9a70-a7697c9a3661	1	108191613	108194874	3	-3.4027
8b3a140b-7725-4292-9a70-a7697c9a3661	1	108196482	109684695	692	-0.0139
8b3a140b-7725-4292-9a70-a7697c9a3661	1	109684893	109691933	10	-1.4104
8b3a140b-7725-4292-9a70-a7697c9a3661	1	109692006	143714703	7232	-0.007
8b3a140b-7725-4292-9a70-a7697c9a3661	1	143734438	143751676	13	0.6174
8b3a140b-7725-4292-9a70-a7697c9a3661	1	143751730	152582700	2326	-0.0088
8b3a140b-7725-4292-9a70-a7697c9a3661	1	152583051	152614100	34	-0.8737
8b3a140b-7725-4292-9a70-a7697c9a3661	1	152614118	193186662	27233	-0.0002
8b3a140b-7725-4292-9a70-a7697c9a3661	1	193187149	193187218	4	-1.3477
8b3a140b-7725-4292-9a70-a7697c9a3661	1	193190593	198907465	3668	-0.0078
8b3a140b-7725-4292-9a70-a7697c9a3661	1	198907683	198907729	2	-2.4507
8b3a140b-7725-4292-9a70-a7697c9a3661	1	198909218	248930189	34563	-0.003
8b3a140b-7725-4292-9a70-a7697c9a3661	2	12784	4155990	2980	0.0108
8b3a140b-7725-4292-9a70-a7697c9a3661	2	4158097	4175577	37	-0.6626
8b3a140b-7725-4292-9a70-a7697c9a3661	2	4175922	7499242	2900	0.0069
8b3a140b-7725-4292-9a70-a7697c9a3661	2	7502934	7506841	2	-1.5227
8b3a140b-7725-4292-9a70-a7697c9a3661	2	7506876	13088971	4084	-0.001
8b3a140b-7725-4292-9a70-a7697c9a3661	2	13097957	13113118	12	-0.5562
8b3a140b-7725-4292-9a70-a7697c9a3661	2	13115133	18147073	3670	0.0013
8b3a140b-7725-4292-9a70-a7697c9a3661	2	18148503	18162041	19	0.6965
8b3a140b-7725-4292-9a70-a7697c9a3661	2	18162673	27729539	5809	0.0017
8b3a140b-7725-4292-9a70-a7697c9a3661	2	27729901	27731125	2	-1.3756
8b3a140b-7725-4292-9a70-a7697c9a3661	2	27734601	34466002	4535	-0.0037
8b3a140b-7725-4292-9a70-a7697c9a3661	2	34474248	34511990	46	0.5117
8b3a140b-7725-4292-9a70-a7697c9a3661	2	34512489	35750907	869	-0.0309
8b3a140b-7725-4292-9a70-a7697c9a3661	2	35752724	35762850	6	-1.8611
8b3a140b-7725-4292-9a70-a7697c9a3661	2	35762881	37531602	1394	0.0006
8b3a140b-7725-4292-9a70-a7697c9a3661	2	37535081	37535754	3	-1.4355
8b3a140b-7725-4292-9a70-a7697c9a3661	2	37542932	54432176	12166	-0.0068
8b3a140b-7725-4292-9a70-a7697c9a3661	2	54432570	54432843	2	-1.8674
8b3a140b-7725-4292-9a70-a7697c9a3661	2	54433658	57324344	2060	-0.0097
8b3a140b-7725-4292-9a70-a7697c9a3661	2	57324941	57325277	2	-1.7481
8b3a140b-7725-4292-9a70-a7697c9a3661	2	57327514	97537802	20353	0.0016
8b3a140b-7725-4292-9a70-a7697c9a3661	2	97540809	97545247	3	-1.7794
8b3a140b-7725-4292-9a70-a7697c9a3661	2	97545726	128880504	18950	-0.0074
8b3a140b-7725-4292-9a70-a7697c9a3661	2	128880904	128882741	15	-2.9462
8b3a140b-7725-4292-9a70-a7697c9a3661	2	128882755	130036283	872	-0.0138
8b3a140b-7725-4292-9a70-a7697c9a3661	2	130036310	130117303	14	-0.5926
8b3a140b-7725-4292-9a70-a7697c9a3661	2	130136424	146043719	9486	-0.0063
8b3a140b-7725-4292-9a70-a7697c9a3661	2	146043799	146045706	2	-4.5382
8b3a140b-7725-4292-9a70-a7697c9a3661	2	146046020	146106875	35	0.0509
8b3a140b-7725-4292-9a70-a7697c9a3661	2	146106889	146109366	21	0.8178
8b3a140b-7725-4292-9a70-a7697c9a3661	2	146120238	152929930	4193	-0.0096
8b3a140b-7725-4292-9a70-a7697c9a3661	2	152930677	152940270	5	-1.1493
8b3a140b-7725-4292-9a70-a7697c9a3661	2	152944055	179196928	16046	-0.0031
8b3a140b-7725-4292-9a70-a7697c9a3661	2	179202465	179214417	3	-2.5945
8b3a140b-7725-4292-9a70-a7697c9a3661	2	179218864	188259504	5440	-0.0046
8b3a140b-7725-4292-9a70-a7697c9a3661	2	188262203	188264331	2	-1.6894
8b3a140b-7725-4292-9a70-a7697c9a3661	2	188264452	192900230	2729	0.0054
8b3a140b-7725-4292-9a70-a7697c9a3661	2	192900659	192901403	2	-1.7753
8b3a140b-7725-4292-9a70-a7697c9a3661	2	192903583	194084959	535	-0.0074
8b3a140b-7725-4292-9a70-a7697c9a3661	2	194085242	194089351	4	-1.1781
8b3a140b-7725-4292-9a70-a7697c9a3661	2	194089371	207490231	7960	0.001
8b3a140b-7725-4292-9a70-a7697c9a3661	2	207490454	207494612	16	-0.953
8b3a140b-7725-4292-9a70-a7697c9a3661	2	207494752	242147305	22050	0.0003
8b3a140b-7725-4292-9a70-a7697c9a3661	3	20930	1054355	859	-0.0039
8b3a140b-7725-4292-9a70-a7697c9a3661	3	1054493	1054567	2	-2.3845
8b3a140b-7725-4292-9a70-a7697c9a3661	3	1057047	25696742	18545	0.0094
8b3a140b-7725-4292-9a70-a7697c9a3661	3	25702977	25703869	2	-1.7252
8b3a140b-7725-4292-9a70-a7697c9a3661	3	25704534	37928776	8176	0.0053
8b3a140b-7725-4292-9a70-a7697c9a3661	3	37928827	37945615	27	-0.5498
8b3a140b-7725-4292-9a70-a7697c9a3661	3	37945651	46763633	5535	0.002
8b3a140b-7725-4292-9a70-a7697c9a3661	3	46767898	46802910	21	0.3714
8b3a140b-7725-4292-9a70-a7697c9a3661	3	46802949	52989195	2500	-0.0049
8b3a140b-7725-4292-9a70-a7697c9a3661	3	52994359	53005084	36	-0.8426
8b3a140b-7725-4292-9a70-a7697c9a3661	3	53005100	54852823	1293	0.0006
8b3a140b-7725-4292-9a70-a7697c9a3661	3	54853841	54857379	4	-1.1269
8b3a140b-7725-4292-9a70-a7697c9a3661	3	54857807	63093825	6436	0.0125
8b3a140b-7725-4292-9a70-a7697c9a3661	3	63094356	63096440	3	-1.9961
8b3a140b-7725-4292-9a70-a7697c9a3661	3	63097197	68697013	4290	0.0094
8b3a140b-7725-4292-9a70-a7697c9a3661	3	68697108	68698213	13	-1.5355
8b3a140b-7725-4292-9a70-a7697c9a3661	3	68698262	162794951	54895	0.0012
8b3a140b-7725-4292-9a70-a7697c9a3661	3	162795304	162898127	62	0.4354
8b3a140b-7725-4292-9a70-a7697c9a3661	3	162906054	187863073	15312	-0.002
8b3a140b-7725-4292-9a70-a7697c9a3661	3	187869052	187878586	29	-0.606
8b3a140b-7725-4292-9a70-a7697c9a3661	3	187878673	189642965	1309	-0.0313
8b3a140b-7725-4292-9a70-a7697c9a3661	3	189645889	189646849	11	-0.9517
8b3a140b-7725-4292-9a70-a7697c9a3661	3	189653199	190624716	749	0.0049
8b3a140b-7725-4292-9a70-a7697c9a3661	3	190627729	190628429	2	-1.3128
8b3a140b-7725-4292-9a70-a7697c9a3661	3	190628736	192665388	1395	0.004
8b3a140b-7725-4292-9a70-a7697c9a3661	3	192665843	192672988	5	-0.9741
8b3a140b-7725-4292-9a70-a7697c9a3661	3	192674578	193160173	340	0.0308
8b3a140b-7725-4292-9a70-a7697c9a3661	3	193160256	193162684	6	1.2565
8b3a140b-7725-4292-9a70-a7697c9a3661	3	193162798	198111566	2681	-0.0013
8b3a140b-7725-4292-9a70-a7697c9a3661	3	198118345	198169247	17	-0.5151
8b3a140b-7725-4292-9a70-a7697c9a3661	4	68929	10208766	5697	-0.0021
8b3a140b-7725-4292-9a70-a7697c9a3661	4	10212536	10232642	31	-2.4144
8b3a140b-7725-4292-9a70-a7697c9a3661	4	10232984	32392452	15609	0.0008
8b3a140b-7725-4292-9a70-a7697c9a3661	4	32398929	32399891	5	-1.1308
8b3a140b-7725-4292-9a70-a7697c9a3661	4	32403692	34784878	1342	0.0249
8b3a140b-7725-4292-9a70-a7697c9a3661	4	34785333	34823103	37	0.6217
8b3a140b-7725-4292-9a70-a7697c9a3661	4	34828250	36922233	1381	-0.0036
8b3a140b-7725-4292-9a70-a7697c9a3661	4	36924919	36924948	2	-1.3176
8b3a140b-7725-4292-9a70-a7697c9a3661	4	36925399	43108255	4108	0.0034
8b3a140b-7725-4292-9a70-a7697c9a3661	4	43108770	43163242	50	-0.3312
8b3a140b-7725-4292-9a70-a7697c9a3661	4	43163457	43200772	22	0.1493
8b3a140b-7725-4292-9a70-a7697c9a3661	4	43201367	43204521	3	-1.8711
8b3a140b-7725-4292-9a70-a7697c9a3661	4	43204609	63831891	10975	0.0027
8b3a140b-7725-4292-9a70-a7697c9a3661	4	63832015	63842490	22	-0.5767
8b3a140b-7725-4292-9a70-a7697c9a3661	4	63842505	64971319	691	0.0097
8b3a140b-7725-4292-9a70-a7697c9a3661	4	64971333	64974300	7	-0.7506
8b3a140b-7725-4292-9a70-a7697c9a3661	4	64978333	68394833	2157	0.006
8b3a140b-7725-4292-9a70-a7697c9a3661	4	68395346	68422424	6	-1.5411
8b3a140b-7725-4292-9a70-a7697c9a3661	4	68429081	171448195	62373	-0.0008
8b3a140b-7725-4292-9a70-a7697c9a3661	4	171453733	171459811	14	-0.8626
8b3a140b-7725-4292-9a70-a7697c9a3661	4	171460247	189267889	12118	0.0099
8b3a140b-7725-4292-9a70-a7697c9a3661	4	189273964	189278110	4	-2.4667
8b3a140b-7725-4292-9a70-a7697c9a3661	4	189278617	190106768	350	-0.0333
8b3a140b-7725-4292-9a70-a7697c9a3661	5	15532	685633	306	0.003
8b3a140b-7725-4292-9a70-a7697c9a3661	5	698256	779766	28	0.6276
8b3a140b-7725-4292-9a70-a7697c9a3661	5	800724	46271006	30306	0.0065
8b3a140b-7725-4292-9a70-a7697c9a3661	5	46271828	46273400	6	-2.8698
8b3a140b-7725-4292-9a70-a7697c9a3661	5	46278110	58030200	5076	0.0064
8b3a140b-7725-4292-9a70-a7697c9a3661	5	58030336	58037706	31	-0.8742
8b3a140b-7725-4292-9a70-a7697c9a3661	5	58042530	76142713	10413	0.0027
8b3a140b-7725-4292-9a70-a7697c9a3661	5	76143397	76154548	29	-0.4024
8b3a140b-7725-4292-9a70-a7697c9a3661	5	76154637	101856019	14856	-0.005
8b3a140b-7725-4292-9a70-a7697c9a3661	5	101856050	101919324	54	0.5491
8b3a140b-7725-4292-9a70-a7697c9a3661	5	101920213	104515520	1453	0.0116
8b3a140b-7725-4292-9a70-a7697c9a3661	5	104524672	104524903	4	-1.8811
8b3a140b-7725-4292-9a70-a7697c9a3661	5	104525348	181363319	50181	0.0025
8b3a140b-7725-4292-9a70-a7697c9a3661	6	149661	303121	127	0.0073
8b3a140b-7725-4292-9a70-a7697c9a3661	6	314962	373453	68	0.4004
8b3a140b-7725-4292-9a70-a7697c9a3661	6	375277	26743855	20017	0.0012
8b3a140b-7725-4292-9a70-a7697c9a3661	6	26747492	26759781	5	-1.3759
8b3a140b-7725-4292-9a70-a7697c9a3661	6	26831719	29869411	1415	-0.0121
8b3a140b-7725-4292-9a70-a7697c9a3661	6	29869537	29881490	14	-1.0907
8b3a140b-7725-4292-9a70-a7697c9a3661	6	29882419	29950810	35	0.0859
8b3a140b-7725-4292-9a70-a7697c9a3661	6	29953297	29953350	2	-1.7038
8b3a140b-7725-4292-9a70-a7697c9a3661	6	29953446	31313046	625	-0.011
8b3a140b-7725-4292-9a70-a7697c9a3661	6	31318499	31319334	4	1.0016
8b3a140b-7725-4292-9a70-a7697c9a3661	6	31319445	31327629	3	2.6357
8b3a140b-7725-4292-9a70-a7697c9a3661	6	31328176	54066353	14253	-0.0021
8b3a140b-7725-4292-9a70-a7697c9a3661	6	54066432	54067057	6	2.942
8b3a140b-7725-4292-9a70-a7697c9a3661	6	54070550	64627049	4218	-0.008
8b3a140b-7725-4292-9a70-a7697c9a3661	6	64637651	64639099	2	-2.68
8b3a140b-7725-4292-9a70-a7697c9a3661	6	64640883	66301485	1104	-0.0159
8b3a140b-7725-4292-9a70-a7697c9a3661	6	66301708	66331020	30	-0.9369
8b3a140b-7725-4292-9a70-a7697c9a3661	6	66331558	66333004	5	-3.1248
8b3a140b-7725-4292-9a70-a7697c9a3661	6	66333299	66334030	7	-1.3385
8b3a140b-7725-4292-9a70-a7697c9a3661	6	66334250	66338736	8	-0.6036
8b3a140b-7725-4292-9a70-a7697c9a3661	6	66339513	66973914	518	-0.0118
8b3a140b-7725-4292-9a70-a7697c9a3661	6	66973928	66974638	6	-1.1592
8b3a140b-7725-4292-9a70-a7697c9a3661	6	66978190	76305231	5949	0.0009
8b3a140b-7725-4292-9a70-a7697c9a3661	6	76307183	76307339	6	-0.9422
8b3a140b-7725-4292-9a70-a7697c9a3661	6	76307352	76726815	293	-0.026
8b3a140b-7725-4292-9a70-a7697c9a3661	6	76730151	76743040	21	0.8249
8b3a140b-7725-4292-9a70-a7697c9a3661	6	76751356	78252864	972	0.0061
8b3a140b-7725-4292-9a70-a7697c9a3661	6	78252909	78325468	114	0.4676
8b3a140b-7725-4292-9a70-a7697c9a3661	6	78329517	80568270	1427	0.0106
8b3a140b-7725-4292-9a70-a7697c9a3661	6	80574472	80579817	33	-0.8459
8b3a140b-7725-4292-9a70-a7697c9a3661	6	80584624	99739764	11912	-0.0006
8b3a140b-7725-4292-9a70-a7697c9a3661	6	99740615	99740905	3	-1.9348
8b3a140b-7725-4292-9a70-a7697c9a3661	6	99740999	103280350	2082	0.0058
8b3a140b-7725-4292-9a70-a7697c9a3661	6	103282618	103304044	30	-0.55
8b3a140b-7725-4292-9a70-a7697c9a3661	6	103304060	125861617	13899	0.0022
8b3a140b-7725-4292-9a70-a7697c9a3661	6	125862546	125865630	3	-3.2382
8b3a140b-7725-4292-9a70-a7697c9a3661	6	125867747	133945130	5180	0.0062
8b3a140b-7725-4292-9a70-a7697c9a3661	6	133947933	133948494	2	-2.4965
8b3a140b-7725-4292-9a70-a7697c9a3661	6	133950934	170741917	25052	0.0028
8b3a140b-7725-4292-9a70-a7697c9a3661	7	43355	22395161	16029	0.0053
8b3a140b-7725-4292-9a70-a7697c9a3661	7	22395853	22396868	2	-2.9873
8b3a140b-7725-4292-9a70-a7697c9a3661	7	22399135	62663696	24517	0.0016
8b3a140b-7725-4292-9a70-a7697c9a3661	7	62695960	62696358	11	-0.8244
8b3a140b-7725-4292-9a70-a7697c9a3661	7	62701241	76678531	6186	-0.0016
8b3a140b-7725-4292-9a70-a7697c9a3661	7	76678662	76885896	92	-0.222
8b3a140b-7725-4292-9a70-a7697c9a3661	7	76894868	100727566	14695	0.001
8b3a140b-7725-4292-9a70-a7697c9a3661	7	100731621	100735219	3	-1.6301
8b3a140b-7725-4292-9a70-a7697c9a3661	7	100753382	134190079	20153	0.0019
8b3a140b-7725-4292-9a70-a7697c9a3661	7	134192101	134193123	5	-1.1917
8b3a140b-7725-4292-9a70-a7697c9a3661	7	134202082	142069891	5133	-0.0009
8b3a140b-7725-4292-9a70-a7697c9a3661	7	142070260	142090177	26	0.4132
8b3a140b-7725-4292-9a70-a7697c9a3661	7	142090279	143430613	826	0.0194
8b3a140b-7725-4292-9a70-a7697c9a3661	7	143430678	143434863	3	-1.496
8b3a140b-7725-4292-9a70-a7697c9a3661	7	143435460	153450553	5938	0.0014
8b3a140b-7725-4292-9a70-a7697c9a3661	7	153450560	153450627	2	-3.1847
8b3a140b-7725-4292-9a70-a7697c9a3661	7	153450630	159334314	4087	0.0104
8b3a140b-7725-4292-9a70-a7697c9a3661	8	81254	5210015	5283	0.0193
8b3a140b-7725-4292-9a70-a7697c9a3661	8	5211535	5218430	19	-0.6028
8b3a140b-7725-4292-9a70-a7697c9a3661	8	5218567	5221732	19	-0.0159
8b3a140b-7725-4292-9a70-a7697c9a3661	8	5223522	5231579	12	-0.6932
8b3a140b-7725-4292-9a70-a7697c9a3661	8	5232558	6968330	2281	0.0042
8b3a140b-7725-4292-9a70-a7697c9a3661	8	6968741	6969677	12	-0.7253
8b3a140b-7725-4292-9a70-a7697c9a3661	8	6975846	7329110	94	0.0915
8b3a140b-7725-4292-9a70-a7697c9a3661	8	7329124	7380381	20	-0.398
8b3a140b-7725-4292-9a70-a7697c9a3661	8	7380497	7473830	12	0.1678
8b3a140b-7725-4292-9a70-a7697c9a3661	8	7477487	7888457	12	0.6544
8b3a140b-7725-4292-9a70-a7697c9a3661	8	7888846	25116961	13681	0.0018
8b3a140b-7725-4292-9a70-a7697c9a3661	8	25117007	25126818	25	0.6308
8b3a140b-7725-4292-9a70-a7697c9a3661	8	25133589	27021561	1477	-0.01
8b3a140b-7725-4292-9a70-a7697c9a3661	8	27022006	27023165	6	-1.1059
8b3a140b-7725-4292-9a70-a7697c9a3661	8	27029290	36211336	5815	-0.0047
8b3a140b-7725-4292-9a70-a7697c9a3661	8	36215045	36219621	5	-0.9285
8b3a140b-7725-4292-9a70-a7697c9a3661	8	36220823	36472276	130	-0.0026
8b3a140b-7725-4292-9a70-a7697c9a3661	8	36473927	36524218	38	0.2443
8b3a140b-7725-4292-9a70-a7697c9a3661	8	36526163	38432841	1019	0.0013
8b3a140b-7725-4292-9a70-a7697c9a3661	8	38432976	38432991	2	-1.2396
8b3a140b-7725-4292-9a70-a7697c9a3661	8	38433569	38460696	48	0.0097
8b3a140b-7725-4292-9a70-a7697c9a3661	8	38460830	38460988	6	-0.6802
8b3a140b-7725-4292-9a70-a7697c9a3661	8	38461831	38763462	175	0.0273
8b3a140b-7725-4292-9a70-a7697c9a3661	8	38763780	38773628	4	-0.7535
8b3a140b-7725-4292-9a70-a7697c9a3661	8	38777911	39389592	279	-0.0013
8b3a140b-7725-4292-9a70-a7697c9a3661	8	39391223	39526605	52	-0.276
8b3a140b-7725-4292-9a70-a7697c9a3661	8	39527181	39636983	76	-0.0028
8b3a140b-7725-4292-9a70-a7697c9a3661	8	39637155	39640428	2	1.1072
8b3a140b-7725-4292-9a70-a7697c9a3661	8	39644678	40914477	998	-0.002
8b3a140b-7725-4292-9a70-a7697c9a3661	8	40920333	40920952	2	-2.0563
8b3a140b-7725-4292-9a70-a7697c9a3661	8	40926161	94545324	30618	-0.01
8b3a140b-7725-4292-9a70-a7697c9a3661	8	94545374	94545764	6	1.046
8b3a140b-7725-4292-9a70-a7697c9a3661	8	94545887	111279265	10251	-0.0103
8b3a140b-7725-4292-9a70-a7697c9a3661	8	111282050	111283031	9	1.1373
8b3a140b-7725-4292-9a70-a7697c9a3661	8	111288052	137810080	18657	-0.0157
8b3a140b-7725-4292-9a70-a7697c9a3661	8	137811491	137823317	10	-1.06
8b3a140b-7725-4292-9a70-a7697c9a3661	8	137823776	145072769	4221	-0.0056
8b3a140b-7725-4292-9a70-a7697c9a3661	9	46587	23363117	20397	0.0005
8b3a140b-7725-4292-9a70-a7697c9a3661	9	23363935	23380447	10	0.8228
8b3a140b-7725-4292-9a70-a7697c9a3661	9	23380836	38439975	10370	0.0014
8b3a140b-7725-4292-9a70-a7697c9a3661	9	38440757	38440949	3	-2.115
8b3a140b-7725-4292-9a70-a7697c9a3661	9	38441589	40999325	397	-0.0453
8b3a140b-7725-4292-9a70-a7697c9a3661	9	41001662	42014203	68	-0.4629
8b3a140b-7725-4292-9a70-a7697c9a3661	9	42037471	42202227	21	-1.9487
8b3a140b-7725-4292-9a70-a7697c9a3661	9	42211663	42308537	11	-1.1946
8b3a140b-7725-4292-9a70-a7697c9a3661	9	42501791	61374282	58	-0.2286
8b3a140b-7725-4292-9a70-a7697c9a3661	9	61378951	61668104	34	-1.3967
8b3a140b-7725-4292-9a70-a7697c9a3661	9	61680289	64467459	89	-0.066
8b3a140b-7725-4292-9a70-a7697c9a3661	9	64480563	66084268	43	-0.4408
8b3a140b-7725-4292-9a70-a7697c9a3661	9	66103744	138124242	47880	0.0008
8b3a140b-7725-4292-9a70-a7697c9a3661	9	138130866	138133487	4	-5.2894
8b3a140b-7725-4292-9a70-a7697c9a3661	9	138137547	138200944	13	-0.1346
8b3a140b-7725-4292-9a70-a7697c9a3661	10	45792	22365501	18008	-0.0031
8b3a140b-7725-4292-9a70-a7697c9a3661	10	22365527	22365746	2	-1.8434
8b3a140b-7725-4292-9a70-a7697c9a3661	10	22368105	24083828	1155	-0.0042
8b3a140b-7725-4292-9a70-a7697c9a3661	10	24086334	24089125	12	0.5732
8b3a140b-7725-4292-9a70-a7697c9a3661	10	24089979	26938239	1989	0.0047
8b3a140b-7725-4292-9a70-a7697c9a3661	10	26938752	26939544	8	0.7272
8b3a140b-7725-4292-9a70-a7697c9a3661	10	26941064	30957581	3012	-0.0056
8b3a140b-7725-4292-9a70-a7697c9a3661	10	30962405	30962893	12	-0.8109
8b3a140b-7725-4292-9a70-a7697c9a3661	10	30962956	43525019	5655	-0.0003
8b3a140b-7725-4292-9a70-a7697c9a3661	10	43526274	43526321	2	-1.5605
8b3a140b-7725-4292-9a70-a7697c9a3661	10	43527037	46248598	1646	0.0167
8b3a140b-7725-4292-9a70-a7697c9a3661	10	46248612	46248776	2	-2.091
8b3a140b-7725-4292-9a70-a7697c9a3661	10	46249048	65546400	12852	-0.0032
8b3a140b-7725-4292-9a70-a7697c9a3661	10	65546518	65554688	29	0.6031
8b3a140b-7725-4292-9a70-a7697c9a3661	10	65563037	88613353	15341	0.0008
8b3a140b-7725-4292-9a70-a7697c9a3661	10	88614088	88614881	3	-2.0138
8b3a140b-7725-4292-9a70-a7697c9a3661	10	88617220	133654968	30822	0.0083
8b3a140b-7725-4292-9a70-a7697c9a3661	11	198510	4949013	2418	-0.0181
8b3a140b-7725-4292-9a70-a7697c9a3661	11	4949047	4955042	28	0.571
8b3a140b-7725-4292-9a70-a7697c9a3661	11	4955781	5240009	250	-0.0057
8b3a140b-7725-4292-9a70-a7697c9a3661	11	5240144	5241002	3	-1.7347
8b3a140b-7725-4292-9a70-a7697c9a3661	11	5241063	5768371	533	-0.009
8b3a140b-7725-4292-9a70-a7697c9a3661	11	5768495	5788231	31	0.4233
8b3a140b-7725-4292-9a70-a7697c9a3661	11	5791130	18930146	9406	-0.0006
8b3a140b-7725-4292-9a70-a7697c9a3661	11	18930384	18940441	31	-0.4679
8b3a140b-7725-4292-9a70-a7697c9a3661	11	18940469	21825348	2596	0.0099
8b3a140b-7725-4292-9a70-a7697c9a3661	11	21825960	21827206	5	-1.1032
8b3a140b-7725-4292-9a70-a7697c9a3661	11	21829111	55609022	19150	-0.0002
8b3a140b-7725-4292-9a70-a7697c9a3661	11	55609035	55685533	50	0.4255
8b3a140b-7725-4292-9a70-a7697c9a3661	11	55686100	56188880	361	-0.0384
8b3a140b-7725-4292-9a70-a7697c9a3661	11	56189282	56192272	3	-1.5105
8b3a140b-7725-4292-9a70-a7697c9a3661	11	56199715	64572165	4663	-0.0039
8b3a140b-7725-4292-9a70-a7697c9a3661	11	64572645	65677419	377	-0.1282
8b3a140b-7725-4292-9a70-a7697c9a3661	11	65678846	92097323	15859	-0.0018
8b3a140b-7725-4292-9a70-a7697c9a3661	11	92097492	92097877	2	-1.6275
8b3a140b-7725-4292-9a70-a7697c9a3661	11	92099538	95125337	2185	0.0051
8b3a140b-7725-4292-9a70-a7697c9a3661	11	95127535	95127547	2	-2.0199
8b3a140b-7725-4292-9a70-a7697c9a3661	11	95127609	134954460	28687	0.0041
8b3a140b-7725-4292-9a70-a7697c9a3661	11	134954980	134970729	13	-0.5546
8b3a140b-7725-4292-9a70-a7697c9a3661	11	134972318	134992556	19	0.0243
8b3a140b-7725-4292-9a70-a7697c9a3661	11	134997954	135001697	3	-1.4198
8b3a140b-7725-4292-9a70-a7697c9a3661	11	135002410	135074876	50	-0.121
8b3a140b-7725-4292-9a70-a7697c9a3661	12	51460	760032	418	-0.0189
8b3a140b-7725-4292-9a70-a7697c9a3661	12	760097	766188	17	-0.7155
8b3a140b-7725-4292-9a70-a7697c9a3661	12	767080	9477960	5732	-0.001
8b3a140b-7725-4292-9a70-a7697c9a3661	12	9481274	9575696	24	1.5618
8b3a140b-7725-4292-9a70-a7697c9a3661	12	9582373	11068125	1034	-0.0104
8b3a140b-7725-4292-9a70-a7697c9a3661	12	11070111	11088933	9	-1.5443
8b3a140b-7725-4292-9a70-a7697c9a3661	12	11099275	11350579	127	-0.0397
8b3a140b-7725-4292-9a70-a7697c9a3661	12	11350939	11390472	35	-0.6327
8b3a140b-7725-4292-9a70-a7697c9a3661	12	11399258	31753738	14348	-0.0006
8b3a140b-7725-4292-9a70-a7697c9a3661	12	31754340	31756974	3	-2.2728
8b3a140b-7725-4292-9a70-a7697c9a3661	12	31764286	31910068	122	-0.0404
8b3a140b-7725-4292-9a70-a7697c9a3661	12	31914968	31915248	4	-1.2346
8b3a140b-7725-4292-9a70-a7697c9a3661	12	31919612	32177481	206	-0.043
8b3a140b-7725-4292-9a70-a7697c9a3661	12	32178261	32178735	2	-1.8098
8b3a140b-7725-4292-9a70-a7697c9a3661	12	32181558	32183982	3	-0.5866
8b3a140b-7725-4292-9a70-a7697c9a3661	12	32184028	33141564	669	-0.0048
8b3a140b-7725-4292-9a70-a7697c9a3661	12	33141577	33148472	7	-0.5925
8b3a140b-7725-4292-9a70-a7697c9a3661	12	33148492	33154144	25	0.5307
8b3a140b-7725-4292-9a70-a7697c9a3661	12	33154440	99398036	39240	-0.0006
8b3a140b-7725-4292-9a70-a7697c9a3661	12	99401515	99404956	31	-0.6893
8b3a140b-7725-4292-9a70-a7697c9a3661	12	99409315	129815137	20629	0.0051
8b3a140b-7725-4292-9a70-a7697c9a3661	12	129815208	129819736	2	-1.8475
8b3a140b-7725-4292-9a70-a7697c9a3661	12	129820102	133201603	2050	0.0176
8b3a140b-7725-4292-9a70-a7697c9a3661	13	18452809	23055025	2852	-0.0067
8b3a140b-7725-4292-9a70-a7697c9a3661	13	23055038	23059376	15	0.7628
8b3a140b-7725-4292-9a70-a7697c9a3661	13	23064056	37496998	10595	-0.0032
8b3a140b-7725-4292-9a70-a7697c9a3661	13	37497899	37514250	19	-0.807
8b3a140b-7725-4292-9a70-a7697c9a3661	13	37514472	37516994	6	0.2253
8b3a140b-7725-4292-9a70-a7697c9a3661	13	37517054	37519131	4	-0.7637
8b3a140b-7725-4292-9a70-a7697c9a3661	13	37519387	38478674	686	0.0009
8b3a140b-7725-4292-9a70-a7697c9a3661	13	38483435	38490920	3	-1.3514
8b3a140b-7725-4292-9a70-a7697c9a3661	13	38491096	57097752	11774	0.0007
8b3a140b-7725-4292-9a70-a7697c9a3661	13	57099677	57099696	2	-1.8093
8b3a140b-7725-4292-9a70-a7697c9a3661	13	57102230	57138666	22	-0.034
8b3a140b-7725-4292-9a70-a7697c9a3661	13	57139094	57139232	4	-1.1596
8b3a140b-7725-4292-9a70-a7697c9a3661	13	57174890	68668123	6923	0.0069
8b3a140b-7725-4292-9a70-a7697c9a3661	13	68674167	68676647	8	-1.1531
8b3a140b-7725-4292-9a70-a7697c9a3661	13	68676727	68686602	21	-0.5478
8b3a140b-7725-4292-9a70-a7697c9a3661	13	68687021	68694110	9	-1.1665
8b3a140b-7725-4292-9a70-a7697c9a3661	13	68694987	71902850	2059	0.0057
8b3a140b-7725-4292-9a70-a7697c9a3661	13	71903417	71906418	4	-2.8701
8b3a140b-7725-4292-9a70-a7697c9a3661	13	71906467	114342922	29051	-0.0009
8b3a140b-7725-4292-9a70-a7697c9a3661	14	18239283	21852699	1422	0.0081
8b3a140b-7725-4292-9a70-a7697c9a3661	14	21855405	21860397	12	-0.8648
8b3a140b-7725-4292-9a70-a7697c9a3661	14	21860829	106877229	53894	0.0013
8b3a140b-7725-4292-9a70-a7697c9a3661	15	19811075	20026653	47	-0.0218
8b3a140b-7725-4292-9a70-a7697c9a3661	15	20041119	20056983	3	1.5643
8b3a140b-7725-4292-9a70-a7697c9a3661	15	20059033	34447720	7386	0.0061
8b3a140b-7725-4292-9a70-a7697c9a3661	15	34453518	34454261	3	-2.7611
8b3a140b-7725-4292-9a70-a7697c9a3661	15	34455142	101928837	44059	0.0064
8b3a140b-7725-4292-9a70-a7697c9a3661	16	10777	35225338	20143	-0.0013
8b3a140b-7725-4292-9a70-a7697c9a3661	16	35232200	35556000	184	0.4884
8b3a140b-7725-4292-9a70-a7697c9a3661	16	35556063	78337711	20861	0.0013
8b3a140b-7725-4292-9a70-a7697c9a3661	16	78338543	78345778	13	1.0901
8b3a140b-7725-4292-9a70-a7697c9a3661	16	78347366	90096867	10612	0.0094
8b3a140b-7725-4292-9a70-a7697c9a3661	17	150733	53034620	27126	0.005
8b3a140b-7725-4292-9a70-a7697c9a3661	17	53035026	53035337	3	-1.5402
8b3a140b-7725-4292-9a70-a7697c9a3661	17	53036087	56081683	2118	-0.0047
8b3a140b-7725-4292-9a70-a7697c9a3661	17	56083553	56095230	26	-1.2427
8b3a140b-7725-4292-9a70-a7697c9a3661	17	56095462	57610128	1172	0.0053
8b3a140b-7725-4292-9a70-a7697c9a3661	17	57610972	57611632	2	-2.2665
8b3a140b-7725-4292-9a70-a7697c9a3661	17	57614632	80655063	13590	-0.0014
8b3a140b-7725-4292-9a70-a7697c9a3661	17	80655993	80660379	2	-1.6253
8b3a140b-7725-4292-9a70-a7697c9a3661	17	80660500	83091923	949	-0.0103
8b3a140b-7725-4292-9a70-a7697c9a3661	18	48133	97829	9	-0.3588
8b3a140b-7725-4292-9a70-a7697c9a3661	18	99048	288249	89	0.0079
8b3a140b-7725-4292-9a70-a7697c9a3661	18	288280	288395	4	-0.7711
8b3a140b-7725-4292-9a70-a7697c9a3661	18	290295	300783	26	0.0281
8b3a140b-7725-4292-9a70-a7697c9a3661	18	302052	304167	8	-0.6618
8b3a140b-7725-4292-9a70-a7697c9a3661	18	304251	307134	3	-2.2759
8b3a140b-7725-4292-9a70-a7697c9a3661	18	310037	40678763	22617	0.0042
8b3a140b-7725-4292-9a70-a7697c9a3661	18	40680456	40685425	19	-0.7206
8b3a140b-7725-4292-9a70-a7697c9a3661	18	40688060	66099904	17539	0.0057
8b3a140b-7725-4292-9a70-a7697c9a3661	18	66100052	66100686	2	-3.0398
8b3a140b-7725-4292-9a70-a7697c9a3661	18	66108359	73877512	5772	0.0019
8b3a140b-7725-4292-9a70-a7697c9a3661	18	73877993	73878069	2	-1.8898
8b3a140b-7725-4292-9a70-a7697c9a3661	18	73878983	80119835	4505	0.0222
8b3a140b-7725-4292-9a70-a7697c9a3661	18	80124685	80132754	5	-0.8763
8b3a140b-7725-4292-9a70-a7697c9a3661	18	80133560	80257174	75	-0.1156
8b3a140b-7725-4292-9a70-a7697c9a3661	19	90910	51628560	24737	-0.0014
8b3a140b-7725-4292-9a70-a7697c9a3661	19	51639099	51644944	11	-1.0534
8b3a140b-7725-4292-9a70-a7697c9a3661	19	51651652	58586487	4334	-0.0112
8b3a140b-7725-4292-9a70-a7697c9a3661	20	80664	726179	481	-0.0257
8b3a140b-7725-4292-9a70-a7697c9a3661	20	726954	731541	4	-1.7623
8b3a140b-7725-4292-9a70-a7697c9a3661	20	733142	1571528	694	0.0027
8b3a140b-7725-4292-9a70-a7697c9a3661	20	1571784	1580353	23	0.3923
8b3a140b-7725-4292-9a70-a7697c9a3661	20	1580934	1601446	35	1.5878
8b3a140b-7725-4292-9a70-a7697c9a3661	20	1601561	30193847	18755	0.0034
8b3a140b-7725-4292-9a70-a7697c9a3661	20	30206919	30271154	14	-0.833
8b3a140b-7725-4292-9a70-a7697c9a3661	20	30293217	49955136	11871	0.0067
8b3a140b-7725-4292-9a70-a7697c9a3661	20	49957579	49999680	18	-0.5119
8b3a140b-7725-4292-9a70-a7697c9a3661	20	50001086	63589896	10106	0.0025
8b3a140b-7725-4292-9a70-a7697c9a3661	20	63591105	63591304	2	-2.6067
8b3a140b-7725-4292-9a70-a7697c9a3661	20	63591871	64324800	309	0.0033
8b3a140b-7725-4292-9a70-a7697c9a3661	21	10354168	10775586	87	-0.2603
8b3a140b-7725-4292-9a70-a7697c9a3661	21	12973348	46659933	23718	-0.0016
8b3a140b-7725-4292-9a70-a7697c9a3661	21	46662780	46677045	12	-0.2699
8b3a140b-7725-4292-9a70-a7697c9a3661	22	15294547	18167915	1129	0.0067
8b3a140b-7725-4292-9a70-a7697c9a3661	22	18190590	18760941	7	-1.1088
8b3a140b-7725-4292-9a70-a7697c9a3661	22	18783014	19549206	386	-0.0368
8b3a140b-7725-4292-9a70-a7697c9a3661	22	19550956	19551004	2	-2.3296
8b3a140b-7725-4292-9a70-a7697c9a3661	22	19553642	22398127	1928	0.002
8b3a140b-7725-4292-9a70-a7697c9a3661	22	22398345	22398545	4	-1.6415
8b3a140b-7725-4292-9a70-a7697c9a3661	22	22402989	23929558	919	0.0309
8b3a140b-7725-4292-9a70-a7697c9a3661	22	23940911	23946247	5	-1.3837
8b3a140b-7725-4292-9a70-a7697c9a3661	22	23950883	23987520	9	-0.0624
8b3a140b-7725-4292-9a70-a7697c9a3661	22	23988078	23990739	4	-2.0323
8b3a140b-7725-4292-9a70-a7697c9a3661	22	23995113	50796027	18842	0.0087
8b3a140b-7725-4292-9a70-a7697c9a3661	X	251810	155952689	83542	0.0019
8b3a140b-7725-4292-9a70-a7697c9a3661	Y	2782397	6233384	784	-2.9898
8b3a140b-7725-4292-9a70-a7697c9a3661	Y	6249869	13478396	2481	-3.4654
8b3a140b-7725-4292-9a70-a7697c9a3661	Y	13478462	13482643	3	-7.7452
8b3a140b-7725-4292-9a70-a7697c9a3661	Y	13483009	22804854	3170	-3.4875
8b3a140b-7725-4292-9a70-a7697c9a3661	Y	22913244	56872112	202	-3.0787
