Sample	Chromosome	Start	End	Num_Probes	Segment_Mean
OWNED_p_TCGA_b102_105_SNP_N_GenomeWideSNP_6_B01_777100	1	51598	62639	8	-0.1263
OWNED_p_TCGA_b102_105_SNP_N_GenomeWideSNP_6_B01_777100	1	72033	218569	10	-1.1382
OWNED_p_TCGA_b102_105_SNP_N_GenomeWideSNP_6_B01_777100	1	218592	9510696	4814	0.0062
OWNED_p_TCGA_b102_105_SNP_N_GenomeWideSNP_6_B01_777100	1	9512000	9519452	3	-1.5655
OWNED_p_TCGA_b102_105_SNP_N_GenomeWideSNP_6_B01_777100	1	9524960	12762163	1668	0.0096
OWNED_p_TCGA_b102_105_SNP_N_GenomeWideSNP_6_B01_777100	1	12764515	12833184	34	-0.6301
OWNED_p_TCGA_b102_105_SNP_N_GenomeWideSNP_6_B01_777100	1	12833683	13561267	49	-0.1839
OWNED_p_TCGA_b102_105_SNP_N_GenomeWideSNP_6_B01_777100	1	13582502	34864261	12529	-2e-04
OWNED_p_TCGA_b102_105_SNP_N_GenomeWideSNP_6_B01_777100	1	34875241	34877078	20	-0.7036
OWNED_p_TCGA_b102_105_SNP_N_GenomeWideSNP_6_B01_777100	1	34886855	72541006	23758	0.0024
OWNED_p_TCGA_b102_105_SNP_N_GenomeWideSNP_6_B01_777100	1	72541086	72583736	47	-0.8272
OWNED_p_TCGA_b102_105_SNP_N_GenomeWideSNP_6_B01_777100	1	72584492	103958840	20068	0.0074
OWNED_p_TCGA_b102_105_SNP_N_GenomeWideSNP_6_B01_777100	1	103958859	104041509	20	-0.7775
OWNED_p_TCGA_b102_105_SNP_N_GenomeWideSNP_6_B01_777100	1	104058403	105803129	927	0.0035
OWNED_p_TCGA_b102_105_SNP_N_GenomeWideSNP_6_B01_777100	1	105803667	105825593	23	-0.3222
OWNED_p_TCGA_b102_105_SNP_N_GenomeWideSNP_6_B01_777100	1	105825613	105831539	7	0.1371
OWNED_p_TCGA_b102_105_SNP_N_GenomeWideSNP_6_B01_777100	1	105832124	105835738	3	1.0195
OWNED_p_TCGA_b102_105_SNP_N_GenomeWideSNP_6_B01_777100	1	105836461	110029038	2656	0.0056
OWNED_p_TCGA_b102_105_SNP_N_GenomeWideSNP_6_B01_777100	1	110034497	110041701	17	0.7672
OWNED_p_TCGA_b102_105_SNP_N_GenomeWideSNP_6_B01_777100	1	110044476	112491849	1955	0.0126
OWNED_p_TCGA_b102_105_SNP_N_GenomeWideSNP_6_B01_777100	1	112497488	112507728	36	0.3534
OWNED_p_TCGA_b102_105_SNP_N_GenomeWideSNP_6_B01_777100	1	112507736	143254130	5218	0.0019
OWNED_p_TCGA_b102_105_SNP_N_GenomeWideSNP_6_B01_777100	1	143257112	143591466	23	-0.4153
OWNED_p_TCGA_b102_105_SNP_N_GenomeWideSNP_6_B01_777100	1	143591512	150822330	2771	0.0037
OWNED_p_TCGA_b102_105_SNP_N_GenomeWideSNP_6_B01_777100	1	150822391	150853218	34	-0.4217
OWNED_p_TCGA_b102_105_SNP_N_GenomeWideSNP_6_B01_777100	1	150857118	157133197	3827	0.0012
OWNED_p_TCGA_b102_105_SNP_N_GenomeWideSNP_6_B01_777100	1	157135125	157136383	2	1.952
OWNED_p_TCGA_b102_105_SNP_N_GenomeWideSNP_6_B01_777100	1	157141442	173063028	11239	0.0083
OWNED_p_TCGA_b102_105_SNP_N_GenomeWideSNP_6_B01_777100	1	173063179	173068463	16	-0.5946
OWNED_p_TCGA_b102_105_SNP_N_GenomeWideSNP_6_B01_777100	1	173068477	195055851	14698	0.0093
OWNED_p_TCGA_b102_105_SNP_N_GenomeWideSNP_6_B01_777100	1	195056185	195068278	32	-0.3096
OWNED_p_TCGA_b102_105_SNP_N_GenomeWideSNP_6_B01_777100	1	195068407	195068695	6	0.1832
OWNED_p_TCGA_b102_105_SNP_N_GenomeWideSNP_6_B01_777100	1	195079130	195176268	68	-0.7229
OWNED_p_TCGA_b102_105_SNP_N_GenomeWideSNP_6_B01_777100	1	195180420	227877792	21789	0.0034
OWNED_p_TCGA_b102_105_SNP_N_GenomeWideSNP_6_B01_777100	1	227883479	227886819	3	-2.4364
OWNED_p_TCGA_b102_105_SNP_N_GenomeWideSNP_6_B01_777100	1	227887079	247191011	14028	0.0102
OWNED_p_TCGA_b102_105_SNP_N_GenomeWideSNP_6_B01_777100	2	2784	34506083	24059	0.0109
OWNED_p_TCGA_b102_105_SNP_N_GenomeWideSNP_6_B01_777100	2	34506375	34590017	57	0.5796
OWNED_p_TCGA_b102_105_SNP_N_GenomeWideSNP_6_B01_777100	2	34590561	52607972	13021	0.0208
OWNED_p_TCGA_b102_105_SNP_N_GenomeWideSNP_6_B01_777100	2	52607984	52608385	6	-0.9206
OWNED_p_TCGA_b102_105_SNP_N_GenomeWideSNP_6_B01_777100	2	52612257	76789539	15645	0.0107
OWNED_p_TCGA_b102_105_SNP_N_GenomeWideSNP_6_B01_777100	2	76794221	76810002	16	0.4342
OWNED_p_TCGA_b102_105_SNP_N_GenomeWideSNP_6_B01_777100	2	76810331	87198249	6378	0.0169
OWNED_p_TCGA_b102_105_SNP_N_GenomeWideSNP_6_B01_777100	2	87214683	87777487	189	0.5085
OWNED_p_TCGA_b102_105_SNP_N_GenomeWideSNP_6_B01_777100	2	87805782	97391786	1868	-0.0093
OWNED_p_TCGA_b102_105_SNP_N_GenomeWideSNP_6_B01_777100	2	97429511	97528621	12	-0.7962
OWNED_p_TCGA_b102_105_SNP_N_GenomeWideSNP_6_B01_777100	2	97533310	111972172	8258	0.0069
OWNED_p_TCGA_b102_105_SNP_N_GenomeWideSNP_6_B01_777100	2	111977011	112084296	22	0.4874
OWNED_p_TCGA_b102_105_SNP_N_GenomeWideSNP_6_B01_777100	2	112089640	114040538	1132	3e-04
OWNED_p_TCGA_b102_105_SNP_N_GenomeWideSNP_6_B01_777100	2	114040908	114100022	10	-0.8249
OWNED_p_TCGA_b102_105_SNP_N_GenomeWideSNP_6_B01_777100	2	114100823	129354948	9599	0.0148
OWNED_p_TCGA_b102_105_SNP_N_GenomeWideSNP_6_B01_777100	2	129354972	129356767	13	0.558
OWNED_p_TCGA_b102_105_SNP_N_GenomeWideSNP_6_B01_777100	2	129356785	130500166	876	0.0074
OWNED_p_TCGA_b102_105_SNP_N_GenomeWideSNP_6_B01_777100	2	130500753	130623816	24	-0.4742
OWNED_p_TCGA_b102_105_SNP_N_GenomeWideSNP_6_B01_777100	2	130625412	132590459	673	-0.0282
OWNED_p_TCGA_b102_105_SNP_N_GenomeWideSNP_6_B01_777100	2	132593135	132617094	13	-0.5189
OWNED_p_TCGA_b102_105_SNP_N_GenomeWideSNP_6_B01_777100	2	132625012	146581564	8902	0.0086
OWNED_p_TCGA_b102_105_SNP_N_GenomeWideSNP_6_B01_777100	2	146581653	146594865	19	0.8019
OWNED_p_TCGA_b102_105_SNP_N_GenomeWideSNP_6_B01_777100	2	146594880	208058999	36951	0.0091
OWNED_p_TCGA_b102_105_SNP_N_GenomeWideSNP_6_B01_777100	2	208063157	208066532	12	-0.9436
OWNED_p_TCGA_b102_105_SNP_N_GenomeWideSNP_6_B01_777100	2	208066976	242738129	22117	0.0019
OWNED_p_TCGA_b102_105_SNP_N_GenomeWideSNP_6_B01_777100	3	35345	6621543	5836	0.0436
OWNED_p_TCGA_b102_105_SNP_N_GenomeWideSNP_6_B01_777100	3	6626128	6626313	5	-0.6705
OWNED_p_TCGA_b102_105_SNP_N_GenomeWideSNP_6_B01_777100	3	6626409	6627591	11	-0.288
OWNED_p_TCGA_b102_105_SNP_N_GenomeWideSNP_6_B01_777100	3	6627676	6628244	6	-0.7291
OWNED_p_TCGA_b102_105_SNP_N_GenomeWideSNP_6_B01_777100	3	6628332	53007065	29890	0.01
OWNED_p_TCGA_b102_105_SNP_N_GenomeWideSNP_6_B01_777100	3	53007078	53014529	30	-0.5336
OWNED_p_TCGA_b102_105_SNP_N_GenomeWideSNP_6_B01_777100	3	53014717	60622530	5629	0.0173
OWNED_p_TCGA_b102_105_SNP_N_GenomeWideSNP_6_B01_777100	3	60622580	60623109	2	-1.4405
OWNED_p_TCGA_b102_105_SNP_N_GenomeWideSNP_6_B01_777100	3	60623172	75591244	11306	0.0034
OWNED_p_TCGA_b102_105_SNP_N_GenomeWideSNP_6_B01_777100	3	75597086	75643831	22	-0.3619
OWNED_p_TCGA_b102_105_SNP_N_GenomeWideSNP_6_B01_777100	3	75651239	75678936	9	-1.305
OWNED_p_TCGA_b102_105_SNP_N_GenomeWideSNP_6_B01_777100	3	75691329	100427453	11009	0.002
OWNED_p_TCGA_b102_105_SNP_N_GenomeWideSNP_6_B01_777100	3	100427524	100432111	30	-0.536
OWNED_p_TCGA_b102_105_SNP_N_GenomeWideSNP_6_B01_777100	3	100433654	108094285	4580	0.0055
OWNED_p_TCGA_b102_105_SNP_N_GenomeWideSNP_6_B01_777100	3	108096126	108100488	6	-2.8546
OWNED_p_TCGA_b102_105_SNP_N_GenomeWideSNP_6_B01_777100	3	108100532	131269711	14146	0.0015
OWNED_p_TCGA_b102_105_SNP_N_GenomeWideSNP_6_B01_777100	3	131269889	131281471	35	0.4079
OWNED_p_TCGA_b102_105_SNP_N_GenomeWideSNP_6_B01_777100	3	131281703	133472037	1446	-0.0031
OWNED_p_TCGA_b102_105_SNP_N_GenomeWideSNP_6_B01_777100	3	133475427	133478374	4	-1.4184
OWNED_p_TCGA_b102_105_SNP_N_GenomeWideSNP_6_B01_777100	3	133483167	163975665	18806	0.0118
OWNED_p_TCGA_b102_105_SNP_N_GenomeWideSNP_6_B01_777100	3	163976436	164007552	25	0.4957
OWNED_p_TCGA_b102_105_SNP_N_GenomeWideSNP_6_B01_777100	3	164011324	164023184	10	-0.5538
OWNED_p_TCGA_b102_105_SNP_N_GenomeWideSNP_6_B01_777100	3	164028410	164108689	48	0.3906
OWNED_p_TCGA_b102_105_SNP_N_GenomeWideSNP_6_B01_777100	3	164109266	199380515	21898	0.0131
OWNED_p_TCGA_b102_105_SNP_N_GenomeWideSNP_6_B01_777100	4	2281	4060257	1666	-0.0056
OWNED_p_TCGA_b102_105_SNP_N_GenomeWideSNP_6_B01_777100	4	4065502	4154245	34	-0.2372
OWNED_p_TCGA_b102_105_SNP_N_GenomeWideSNP_6_B01_777100	4	4161131	4227530	19	-0.6905
OWNED_p_TCGA_b102_105_SNP_N_GenomeWideSNP_6_B01_777100	4	4228074	9061021	3519	-0.0084
OWNED_p_TCGA_b102_105_SNP_N_GenomeWideSNP_6_B01_777100	4	9066075	9182418	34	-0.3498
OWNED_p_TCGA_b102_105_SNP_N_GenomeWideSNP_6_B01_777100	4	9183169	9819488	519	-0.0036
OWNED_p_TCGA_b102_105_SNP_N_GenomeWideSNP_6_B01_777100	4	9832514	9839895	22	0.5012
OWNED_p_TCGA_b102_105_SNP_N_GenomeWideSNP_6_B01_777100	4	9839910	64376535	33590	0.0062
OWNED_p_TCGA_b102_105_SNP_N_GenomeWideSNP_6_B01_777100	4	64380064	64390200	22	-0.8586
OWNED_p_TCGA_b102_105_SNP_N_GenomeWideSNP_6_B01_777100	4	64390349	64390853	6	-2.4495
OWNED_p_TCGA_b102_105_SNP_N_GenomeWideSNP_6_B01_777100	4	64399026	68902978	2851	0.0139
OWNED_p_TCGA_b102_105_SNP_N_GenomeWideSNP_6_B01_777100	4	68909443	68939354	4	0.8987
OWNED_p_TCGA_b102_105_SNP_N_GenomeWideSNP_6_B01_777100	4	68942668	70162241	418	0.0161
OWNED_p_TCGA_b102_105_SNP_N_GenomeWideSNP_6_B01_777100	4	70163001	70266713	54	-0.422
OWNED_p_TCGA_b102_105_SNP_N_GenomeWideSNP_6_B01_777100	4	70270740	115393149	27331	0.0066
OWNED_p_TCGA_b102_105_SNP_N_GenomeWideSNP_6_B01_777100	4	115394772	115406014	32	0.4285
OWNED_p_TCGA_b102_105_SNP_N_GenomeWideSNP_6_B01_777100	4	115407758	122501423	4335	0.0063
OWNED_p_TCGA_b102_105_SNP_N_GenomeWideSNP_6_B01_777100	4	122501918	122504585	28	-0.5419
OWNED_p_TCGA_b102_105_SNP_N_GenomeWideSNP_6_B01_777100	4	122510581	138304432	8864	0.0132
OWNED_p_TCGA_b102_105_SNP_N_GenomeWideSNP_6_B01_777100	4	138304557	138314571	22	-0.6121
OWNED_p_TCGA_b102_105_SNP_N_GenomeWideSNP_6_B01_777100	4	138327813	190426037	33584	0.0088
OWNED_p_TCGA_b102_105_SNP_N_GenomeWideSNP_6_B01_777100	4	190432112	190436258	4	-2.1901
OWNED_p_TCGA_b102_105_SNP_N_GenomeWideSNP_6_B01_777100	4	190436765	191022559	324	0.0603
OWNED_p_TCGA_b102_105_SNP_N_GenomeWideSNP_6_B01_777100	4	191028537	191261904	62	-0.1791
OWNED_p_TCGA_b102_105_SNP_N_GenomeWideSNP_6_B01_777100	5	68532	738504	305	-0.0387
OWNED_p_TCGA_b102_105_SNP_N_GenomeWideSNP_6_B01_777100	5	738748	826190	28	0.3533
OWNED_p_TCGA_b102_105_SNP_N_GenomeWideSNP_6_B01_777100	5	826547	12868865	9876	0.0133
OWNED_p_TCGA_b102_105_SNP_N_GenomeWideSNP_6_B01_777100	5	12872313	12891533	12	-0.9505
OWNED_p_TCGA_b102_105_SNP_N_GenomeWideSNP_6_B01_777100	5	12902201	17568801	3181	0.018
OWNED_p_TCGA_b102_105_SNP_N_GenomeWideSNP_6_B01_777100	5	17644656	17658073	14	-0.9689
OWNED_p_TCGA_b102_105_SNP_N_GenomeWideSNP_6_B01_777100	5	17658332	21412601	2297	0.0228
OWNED_p_TCGA_b102_105_SNP_N_GenomeWideSNP_6_B01_777100	5	21413596	21413610	2	-1.1346
OWNED_p_TCGA_b102_105_SNP_N_GenomeWideSNP_6_B01_777100	5	21421823	21487034	47	0.0205
OWNED_p_TCGA_b102_105_SNP_N_GenomeWideSNP_6_B01_777100	5	21487721	21487755	2	-2.2197
OWNED_p_TCGA_b102_105_SNP_N_GenomeWideSNP_6_B01_777100	5	21488195	101264251	45513	0.0157
OWNED_p_TCGA_b102_105_SNP_N_GenomeWideSNP_6_B01_777100	5	101264959	101265708	3	-2.1345
OWNED_p_TCGA_b102_105_SNP_N_GenomeWideSNP_6_B01_777100	5	101265764	103879120	1458	0.0228
OWNED_p_TCGA_b102_105_SNP_N_GenomeWideSNP_6_B01_777100	5	103888272	103888503	4	1.2595
OWNED_p_TCGA_b102_105_SNP_N_GenomeWideSNP_6_B01_777100	5	103888948	112539623	5813	0.0248
OWNED_p_TCGA_b102_105_SNP_N_GenomeWideSNP_6_B01_777100	5	112539995	112554749	15	-0.4373
OWNED_p_TCGA_b102_105_SNP_N_GenomeWideSNP_6_B01_777100	5	112555498	115723947	2279	0.0273
OWNED_p_TCGA_b102_105_SNP_N_GenomeWideSNP_6_B01_777100	5	115724017	115726533	2	-1.6599
OWNED_p_TCGA_b102_105_SNP_N_GenomeWideSNP_6_B01_777100	5	115727164	180307129	41967	0.0108
OWNED_p_TCGA_b102_105_SNP_N_GenomeWideSNP_6_B01_777100	5	180311316	180350709	19	-1.5427
OWNED_p_TCGA_b102_105_SNP_N_GenomeWideSNP_6_B01_777100	5	180365831	180722926	170	0.0182
OWNED_p_TCGA_b102_105_SNP_N_GenomeWideSNP_6_B01_777100	6	94661	199283	101	-0.0209
OWNED_p_TCGA_b102_105_SNP_N_GenomeWideSNP_6_B01_777100	6	202353	239837	23	-0.6307
OWNED_p_TCGA_b102_105_SNP_N_GenomeWideSNP_6_B01_777100	6	247306	29945167	21590	0.0051
OWNED_p_TCGA_b102_105_SNP_N_GenomeWideSNP_6_B01_777100	6	29945293	29957246	14	-0.7461
OWNED_p_TCGA_b102_105_SNP_N_GenomeWideSNP_6_B01_777100	6	29958175	31388802	671	-0.0393
OWNED_p_TCGA_b102_105_SNP_N_GenomeWideSNP_6_B01_777100	6	31394255	31404430	11	1.0218
OWNED_p_TCGA_b102_105_SNP_N_GenomeWideSNP_6_B01_777100	6	31417903	32539270	501	-0.0246
OWNED_p_TCGA_b102_105_SNP_N_GenomeWideSNP_6_B01_777100	6	32539530	32713554	62	0.5784
OWNED_p_TCGA_b102_105_SNP_N_GenomeWideSNP_6_B01_777100	6	32713862	32794174	46	0.0289
OWNED_p_TCGA_b102_105_SNP_N_GenomeWideSNP_6_B01_777100	6	32796593	32796831	3	1.4297
OWNED_p_TCGA_b102_105_SNP_N_GenomeWideSNP_6_B01_777100	6	32797302	32798808	8	0.464
OWNED_p_TCGA_b102_105_SNP_N_GenomeWideSNP_6_B01_777100	6	32798923	34045784	761	0.0122
OWNED_p_TCGA_b102_105_SNP_N_GenomeWideSNP_6_B01_777100	6	34045977	34050589	7	-0.8441
OWNED_p_TCGA_b102_105_SNP_N_GenomeWideSNP_6_B01_777100	6	34050683	46361937	7853	0.0034
OWNED_p_TCGA_b102_105_SNP_N_GenomeWideSNP_6_B01_777100	6	46367619	46367675	2	-2.247
OWNED_p_TCGA_b102_105_SNP_N_GenomeWideSNP_6_B01_777100	6	46367982	67045765	10504	0.0075
OWNED_p_TCGA_b102_105_SNP_N_GenomeWideSNP_6_B01_777100	6	67045779	67100980	64	0.2597
OWNED_p_TCGA_b102_105_SNP_N_GenomeWideSNP_6_B01_777100	6	67101104	77479216	6777	0.009
OWNED_p_TCGA_b102_105_SNP_N_GenomeWideSNP_6_B01_777100	6	77482588	77509476	29	0.3235
OWNED_p_TCGA_b102_105_SNP_N_GenomeWideSNP_6_B01_777100	6	77517792	79025824	981	0.0152
OWNED_p_TCGA_b102_105_SNP_N_GenomeWideSNP_6_B01_777100	6	79028416	79091659	108	-0.3672
OWNED_p_TCGA_b102_105_SNP_N_GenomeWideSNP_6_B01_777100	6	79091746	103142751	15048	0.0101
OWNED_p_TCGA_b102_105_SNP_N_GenomeWideSNP_6_B01_777100	6	103143849	103149867	2	-1.3688
OWNED_p_TCGA_b102_105_SNP_N_GenomeWideSNP_6_B01_777100	6	103151087	103837186	421	0.0076
OWNED_p_TCGA_b102_105_SNP_N_GenomeWideSNP_6_B01_777100	6	103837246	103868754	53	0.6167
OWNED_p_TCGA_b102_105_SNP_N_GenomeWideSNP_6_B01_777100	6	103872163	118029375	8779	0.0042
OWNED_p_TCGA_b102_105_SNP_N_GenomeWideSNP_6_B01_777100	6	118031050	118058327	17	-0.9407
OWNED_p_TCGA_b102_105_SNP_N_GenomeWideSNP_6_B01_777100	6	118074549	170892930	35384	0.0038
OWNED_p_TCGA_b102_105_SNP_N_GenomeWideSNP_6_B01_777100	7	52911	4548545	2432	0.0189
OWNED_p_TCGA_b102_105_SNP_N_GenomeWideSNP_6_B01_777100	7	4549794	4551636	2	-1.6514
OWNED_p_TCGA_b102_105_SNP_N_GenomeWideSNP_6_B01_777100	7	4551668	54347867	36106	0.0154
OWNED_p_TCGA_b102_105_SNP_N_GenomeWideSNP_6_B01_777100	7	54353999	54354011	6	-1.3895
OWNED_p_TCGA_b102_105_SNP_N_GenomeWideSNP_6_B01_777100	7	54360982	104945292	25948	0.0062
OWNED_p_TCGA_b102_105_SNP_N_GenomeWideSNP_6_B01_777100	7	104947660	104953756	3	-2.1387
OWNED_p_TCGA_b102_105_SNP_N_GenomeWideSNP_6_B01_777100	7	104954012	109228448	2842	0.0179
OWNED_p_TCGA_b102_105_SNP_N_GenomeWideSNP_6_B01_777100	7	109228480	109246174	19	0.4592
OWNED_p_TCGA_b102_105_SNP_N_GenomeWideSNP_6_B01_777100	7	109246342	125832792	10019	0.0116
OWNED_p_TCGA_b102_105_SNP_N_GenomeWideSNP_6_B01_777100	7	125832887	125834117	16	-0.4186
OWNED_p_TCGA_b102_105_SNP_N_GenomeWideSNP_6_B01_777100	7	125840002	133429192	4691	0.014
OWNED_p_TCGA_b102_105_SNP_N_GenomeWideSNP_6_B01_777100	7	133435717	133446205	26	-0.3893
OWNED_p_TCGA_b102_105_SNP_N_GenomeWideSNP_6_B01_777100	7	133446244	133893992	353	0.0253
OWNED_p_TCGA_b102_105_SNP_N_GenomeWideSNP_6_B01_777100	7	133896646	133903240	6	-0.6568
OWNED_p_TCGA_b102_105_SNP_N_GenomeWideSNP_6_B01_777100	7	133904569	135221828	910	-0.0031
OWNED_p_TCGA_b102_105_SNP_N_GenomeWideSNP_6_B01_777100	7	135222293	135223322	2	-1.4403
OWNED_p_TCGA_b102_105_SNP_N_GenomeWideSNP_6_B01_777100	7	135224054	141417001	3937	0.0018
OWNED_p_TCGA_b102_105_SNP_N_GenomeWideSNP_6_B01_777100	7	141417096	141445629	37	-0.4918
OWNED_p_TCGA_b102_105_SNP_N_GenomeWideSNP_6_B01_777100	7	141452011	143540378	1316	0.0382
OWNED_p_TCGA_b102_105_SNP_N_GenomeWideSNP_6_B01_777100	7	143542557	143681866	37	-0.44
OWNED_p_TCGA_b102_105_SNP_N_GenomeWideSNP_6_B01_777100	7	143682164	158819765	9679	0.0043
OWNED_p_TCGA_b102_105_SNP_N_GenomeWideSNP_6_B01_777100	8	21254	3771595	3434	0.0073
OWNED_p_TCGA_b102_105_SNP_N_GenomeWideSNP_6_B01_777100	8	3774468	3777342	21	-0.6642
OWNED_p_TCGA_b102_105_SNP_N_GenomeWideSNP_6_B01_777100	8	3777406	6932184	4339	0.0319
OWNED_p_TCGA_b102_105_SNP_N_GenomeWideSNP_6_B01_777100	8	6947243	7024229	21	-0.5075
OWNED_p_TCGA_b102_105_SNP_N_GenomeWideSNP_6_B01_777100	8	7027263	7980592	211	0.0627
OWNED_p_TCGA_b102_105_SNP_N_GenomeWideSNP_6_B01_777100	8	7980818	7999869	7	-1.0169
OWNED_p_TCGA_b102_105_SNP_N_GenomeWideSNP_6_B01_777100	8	8000007	12242625	3270	-0.017
OWNED_p_TCGA_b102_105_SNP_N_GenomeWideSNP_6_B01_777100	8	12260380	12291857	40	-1.2672
OWNED_p_TCGA_b102_105_SNP_N_GenomeWideSNP_6_B01_777100	8	12305298	57208867	28109	0.0087
OWNED_p_TCGA_b102_105_SNP_N_GenomeWideSNP_6_B01_777100	8	57212475	57258572	21	0.5159
OWNED_p_TCGA_b102_105_SNP_N_GenomeWideSNP_6_B01_777100	8	57261741	142688749	54944	0.009
OWNED_p_TCGA_b102_105_SNP_N_GenomeWideSNP_6_B01_777100	8	142689088	142689583	3	-1.2279
OWNED_p_TCGA_b102_105_SNP_N_GenomeWideSNP_6_B01_777100	8	142690172	146268959	1421	-0.015
OWNED_p_TCGA_b102_105_SNP_N_GenomeWideSNP_6_B01_777100	9	36587	2138966	2322	0.0037
OWNED_p_TCGA_b102_105_SNP_N_GenomeWideSNP_6_B01_777100	9	2139934	2140662	4	-4.4882
OWNED_p_TCGA_b102_105_SNP_N_GenomeWideSNP_6_B01_777100	9	2142115	23351805	18113	0.0166
OWNED_p_TCGA_b102_105_SNP_N_GenomeWideSNP_6_B01_777100	9	23353115	23363484	8	-1.575
OWNED_p_TCGA_b102_105_SNP_N_GenomeWideSNP_6_B01_777100	9	23368488	28034704	3545	0.0077
OWNED_p_TCGA_b102_105_SNP_N_GenomeWideSNP_6_B01_777100	9	28037588	28040691	5	-0.8805
OWNED_p_TCGA_b102_105_SNP_N_GenomeWideSNP_6_B01_777100	9	28045603	43117309	7339	0.0107
OWNED_p_TCGA_b102_105_SNP_N_GenomeWideSNP_6_B01_777100	9	43117841	44166248	72	-0.3581
OWNED_p_TCGA_b102_105_SNP_N_GenomeWideSNP_6_B01_777100	9	44173590	44569219	24	0.0906
OWNED_p_TCGA_b102_105_SNP_N_GenomeWideSNP_6_B01_777100	9	44667855	44813196	38	0.4441
OWNED_p_TCGA_b102_105_SNP_N_GenomeWideSNP_6_B01_777100	9	44815938	67673801	152	-0.1205
OWNED_p_TCGA_b102_105_SNP_N_GenomeWideSNP_6_B01_777100	9	67675871	67675877	4	1.0042
OWNED_p_TCGA_b102_105_SNP_N_GenomeWideSNP_6_B01_777100	9	67675879	68782816	125	-0.0939
OWNED_p_TCGA_b102_105_SNP_N_GenomeWideSNP_6_B01_777100	9	68795766	69121177	38	-0.4401
OWNED_p_TCGA_b102_105_SNP_N_GenomeWideSNP_6_B01_777100	9	69121803	92609467	16271	6e-04
OWNED_p_TCGA_b102_105_SNP_N_GenomeWideSNP_6_B01_777100	9	92609833	92609988	2	-1.8226
OWNED_p_TCGA_b102_105_SNP_N_GenomeWideSNP_6_B01_777100	9	92610284	140145139	31723	-6e-04
OWNED_p_TCGA_b102_105_SNP_N_GenomeWideSNP_6_B01_777100	9	140145149	140152764	5	-1.0178
OWNED_p_TCGA_b102_105_SNP_N_GenomeWideSNP_6_B01_777100	9	140152969	140211215	12	0.0072
OWNED_p_TCGA_b102_105_SNP_N_GenomeWideSNP_6_B01_777100	10	62759	24417680	19214	0.0052
OWNED_p_TCGA_b102_105_SNP_N_GenomeWideSNP_6_B01_777100	10	24417681	24418060	10	-1.4931
OWNED_p_TCGA_b102_105_SNP_N_GenomeWideSNP_6_B01_777100	10	24418914	41789725	9916	-0.0054
OWNED_p_TCGA_b102_105_SNP_N_GenomeWideSNP_6_B01_777100	10	41789900	42080059	39	-0.3619
OWNED_p_TCGA_b102_105_SNP_N_GenomeWideSNP_6_B01_777100	10	42083236	51500366	4488	-0.0069
OWNED_p_TCGA_b102_105_SNP_N_GenomeWideSNP_6_B01_777100	10	51510990	51527225	2	-2.4438
OWNED_p_TCGA_b102_105_SNP_N_GenomeWideSNP_6_B01_777100	10	51537240	106685014	36448	0.0046
OWNED_p_TCGA_b102_105_SNP_N_GenomeWideSNP_6_B01_777100	10	106685767	106685855	2	-1.7753
OWNED_p_TCGA_b102_105_SNP_N_GenomeWideSNP_6_B01_777100	10	106686002	135356694	20834	0.0025
OWNED_p_TCGA_b102_105_SNP_N_GenomeWideSNP_6_B01_777100	11	188510	81176453	49268	7e-04
OWNED_p_TCGA_b102_105_SNP_N_GenomeWideSNP_6_B01_777100	11	81181116	81194806	11	-3.3321
OWNED_p_TCGA_b102_105_SNP_N_GenomeWideSNP_6_B01_777100	11	81200280	81339851	116	0.0324
OWNED_p_TCGA_b102_105_SNP_N_GenomeWideSNP_6_B01_777100	11	81340294	81340307	2	-2.7085
OWNED_p_TCGA_b102_105_SNP_N_GenomeWideSNP_6_B01_777100	11	81340672	89114479	5176	0.0133
OWNED_p_TCGA_b102_105_SNP_N_GenomeWideSNP_6_B01_777100	11	89127597	89207189	14	-0.5376
OWNED_p_TCGA_b102_105_SNP_N_GenomeWideSNP_6_B01_777100	11	89220000	91420951	1377	0.0128
OWNED_p_TCGA_b102_105_SNP_N_GenomeWideSNP_6_B01_777100	11	91421460	91425687	9	0.5614
OWNED_p_TCGA_b102_105_SNP_N_GenomeWideSNP_6_B01_777100	11	91429698	134106222	30761	0.0039
OWNED_p_TCGA_b102_105_SNP_N_GenomeWideSNP_6_B01_777100	11	134107001	134107490	2	-1.9254
OWNED_p_TCGA_b102_105_SNP_N_GenomeWideSNP_6_B01_777100	11	134113081	134449982	282	-0.0391
OWNED_p_TCGA_b102_105_SNP_N_GenomeWideSNP_6_B01_777100	12	20703	2184593	1348	0.028
OWNED_p_TCGA_b102_105_SNP_N_GenomeWideSNP_6_B01_777100	12	2186254	2186456	4	-1.0084
OWNED_p_TCGA_b102_105_SNP_N_GenomeWideSNP_6_B01_777100	12	2186537	3197604	692	-0.0157
OWNED_p_TCGA_b102_105_SNP_N_GenomeWideSNP_6_B01_777100	12	3197712	3197732	2	-1.6452
OWNED_p_TCGA_b102_105_SNP_N_GenomeWideSNP_6_B01_777100	12	3197847	33185911	20792	0.0036
OWNED_p_TCGA_b102_105_SNP_N_GenomeWideSNP_6_B01_777100	12	33185927	33283288	77	0.3229
OWNED_p_TCGA_b102_105_SNP_N_GenomeWideSNP_6_B01_777100	12	33286409	127794839	58948	0.0052
OWNED_p_TCGA_b102_105_SNP_N_GenomeWideSNP_6_B01_777100	12	127796466	127798498	7	-0.8153
OWNED_p_TCGA_b102_105_SNP_N_GenomeWideSNP_6_B01_777100	12	127799941	130686668	2497	0.0022
OWNED_p_TCGA_b102_105_SNP_N_GenomeWideSNP_6_B01_777100	12	130698537	130718685	29	-0.4104
OWNED_p_TCGA_b102_105_SNP_N_GenomeWideSNP_6_B01_777100	12	130720146	132288262	553	-0.0194
OWNED_p_TCGA_b102_105_SNP_N_GenomeWideSNP_6_B01_777100	13	17924949	56611234	26066	0.0091
OWNED_p_TCGA_b102_105_SNP_N_GenomeWideSNP_6_B01_777100	13	56611237	56676381	44	-0.4155
OWNED_p_TCGA_b102_105_SNP_N_GenomeWideSNP_6_B01_777100	13	56687715	94733770	24436	0.0117
OWNED_p_TCGA_b102_105_SNP_N_GenomeWideSNP_6_B01_777100	13	94734859	94740493	4	-1.191
OWNED_p_TCGA_b102_105_SNP_N_GenomeWideSNP_6_B01_777100	13	94740821	114126499	13666	0.007
OWNED_p_TCGA_b102_105_SNP_N_GenomeWideSNP_6_B01_777100	14	18072124	19207186	79	-0.1587
OWNED_p_TCGA_b102_105_SNP_N_GenomeWideSNP_6_B01_777100	14	19213349	19493212	111	0.6051
OWNED_p_TCGA_b102_105_SNP_N_GenomeWideSNP_6_B01_777100	14	19494766	99226524	52010	0.0087
OWNED_p_TCGA_b102_105_SNP_N_GenomeWideSNP_6_B01_777100	14	99227544	99230133	2	-2.1748
OWNED_p_TCGA_b102_105_SNP_N_GenomeWideSNP_6_B01_777100	14	99232130	105609107	2873	-0.0108
OWNED_p_TCGA_b102_105_SNP_N_GenomeWideSNP_6_B01_777100	14	105612798	105632486	12	-1.7307
OWNED_p_TCGA_b102_105_SNP_N_GenomeWideSNP_6_B01_777100	14	105638145	105848388	102	-0.0155
OWNED_p_TCGA_b102_105_SNP_N_GenomeWideSNP_6_B01_777100	14	105854089	105891789	11	-0.6816
OWNED_p_TCGA_b102_105_SNP_N_GenomeWideSNP_6_B01_777100	14	105892781	106005593	88	0.1062
OWNED_p_TCGA_b102_105_SNP_N_GenomeWideSNP_6_B01_777100	14	106010833	106014879	3	1.1368
OWNED_p_TCGA_b102_105_SNP_N_GenomeWideSNP_6_B01_777100	14	106019613	106356482	214	-0.0233
OWNED_p_TCGA_b102_105_SNP_N_GenomeWideSNP_6_B01_777100	15	18276341	18466953	48	-0.2117
OWNED_p_TCGA_b102_105_SNP_N_GenomeWideSNP_6_B01_777100	15	18476969	18522250	5	-1.5251
OWNED_p_TCGA_b102_105_SNP_N_GenomeWideSNP_6_B01_777100	15	18524300	18792631	26	-0.0723
OWNED_p_TCGA_b102_105_SNP_N_GenomeWideSNP_6_B01_777100	15	18801994	18841578	26	0.3031
OWNED_p_TCGA_b102_105_SNP_N_GenomeWideSNP_6_B01_777100	15	18846002	18906589	40	0.8142
OWNED_p_TCGA_b102_105_SNP_N_GenomeWideSNP_6_B01_777100	15	18906699	19438545	136	0.3108
OWNED_p_TCGA_b102_105_SNP_N_GenomeWideSNP_6_B01_777100	15	19451059	19541614	22	-0.3158
OWNED_p_TCGA_b102_105_SNP_N_GenomeWideSNP_6_B01_777100	15	19548935	20088838	119	0.3819
OWNED_p_TCGA_b102_105_SNP_N_GenomeWideSNP_6_B01_777100	15	20224763	22220838	1005	0
OWNED_p_TCGA_b102_105_SNP_N_GenomeWideSNP_6_B01_777100	15	22225844	22284333	45	-0.4385
OWNED_p_TCGA_b102_105_SNP_N_GenomeWideSNP_6_B01_777100	15	22288371	67116869	28588	0.0065
OWNED_p_TCGA_b102_105_SNP_N_GenomeWideSNP_6_B01_777100	15	67118339	67118414	2	1.8629
OWNED_p_TCGA_b102_105_SNP_N_GenomeWideSNP_6_B01_777100	15	67124729	82331185	8694	0.0046
OWNED_p_TCGA_b102_105_SNP_N_GenomeWideSNP_6_B01_777100	15	82331721	82334554	7	-0.731
OWNED_p_TCGA_b102_105_SNP_N_GenomeWideSNP_6_B01_777100	15	82338281	96344431	10328	0.0089
OWNED_p_TCGA_b102_105_SNP_N_GenomeWideSNP_6_B01_777100	15	96344593	96370231	5	-0.9035
OWNED_p_TCGA_b102_105_SNP_N_GenomeWideSNP_6_B01_777100	15	96372776	100286563	2885	0.0144
OWNED_p_TCGA_b102_105_SNP_N_GenomeWideSNP_6_B01_777100	16	777	5134956	2215	-0.0135
OWNED_p_TCGA_b102_105_SNP_N_GenomeWideSNP_6_B01_777100	16	5136086	5146313	7	-0.8494
OWNED_p_TCGA_b102_105_SNP_N_GenomeWideSNP_6_B01_777100	16	5146511	12616379	7305	0.0048
OWNED_p_TCGA_b102_105_SNP_N_GenomeWideSNP_6_B01_777100	16	12616427	12621435	11	-0.666
OWNED_p_TCGA_b102_105_SNP_N_GenomeWideSNP_6_B01_777100	16	12621544	20521243	4466	-0.0163
OWNED_p_TCGA_b102_105_SNP_N_GenomeWideSNP_6_B01_777100	16	20523176	20525969	4	-1.1905
OWNED_p_TCGA_b102_105_SNP_N_GenomeWideSNP_6_B01_777100	16	20526403	21177769	384	0.0098
OWNED_p_TCGA_b102_105_SNP_N_GenomeWideSNP_6_B01_777100	16	21179866	21180593	2	-0.8263
OWNED_p_TCGA_b102_105_SNP_N_GenomeWideSNP_6_B01_777100	16	21185158	21422589	48	0.0141
OWNED_p_TCGA_b102_105_SNP_N_GenomeWideSNP_6_B01_777100	16	21428039	21498841	20	-0.5367
OWNED_p_TCGA_b102_105_SNP_N_GenomeWideSNP_6_B01_777100	16	21500956	22533120	382	-0.0325
OWNED_p_TCGA_b102_105_SNP_N_GenomeWideSNP_6_B01_777100	16	22533137	22533943	4	-1.8185
OWNED_p_TCGA_b102_105_SNP_N_GenomeWideSNP_6_B01_777100	16	22535389	22627690	58	-0.3407
OWNED_p_TCGA_b102_105_SNP_N_GenomeWideSNP_6_B01_777100	16	22627867	68697043	21160	-0.0027
OWNED_p_TCGA_b102_105_SNP_N_GenomeWideSNP_6_B01_777100	16	68709028	68755268	13	-0.8501
OWNED_p_TCGA_b102_105_SNP_N_GenomeWideSNP_6_B01_777100	16	68755831	72954559	2507	-0.0045
OWNED_p_TCGA_b102_105_SNP_N_GenomeWideSNP_6_B01_777100	16	72955488	72964880	6	-0.9066
OWNED_p_TCGA_b102_105_SNP_N_GenomeWideSNP_6_B01_777100	16	73009537	76929109	3212	0.0041
OWNED_p_TCGA_b102_105_SNP_N_GenomeWideSNP_6_B01_777100	16	76929941	76940641	14	1.0781
OWNED_p_TCGA_b102_105_SNP_N_GenomeWideSNP_6_B01_777100	16	76942239	88815036	10625	-0.0023
OWNED_p_TCGA_b102_105_SNP_N_GenomeWideSNP_6_B01_777100	17	526	16789475	10558	-8e-04
OWNED_p_TCGA_b102_105_SNP_N_GenomeWideSNP_6_B01_777100	17	16789645	16790204	2	-1.4743
OWNED_p_TCGA_b102_105_SNP_N_GenomeWideSNP_6_B01_777100	17	16791863	18260587	861	0.0033
OWNED_p_TCGA_b102_105_SNP_N_GenomeWideSNP_6_B01_777100	17	18296117	18352648	17	0.6933
OWNED_p_TCGA_b102_105_SNP_N_GenomeWideSNP_6_B01_777100	17	18353283	41564110	12064	0.0011
OWNED_p_TCGA_b102_105_SNP_N_GenomeWideSNP_6_B01_777100	17	41564451	42120174	141	-0.3758
OWNED_p_TCGA_b102_105_SNP_N_GenomeWideSNP_6_B01_777100	17	42139835	62871188	12228	0.0043
OWNED_p_TCGA_b102_105_SNP_N_GenomeWideSNP_6_B01_777100	17	62871849	62871955	3	-1.36
OWNED_p_TCGA_b102_105_SNP_N_GenomeWideSNP_6_B01_777100	17	62872379	70132849	5101	6e-04
OWNED_p_TCGA_b102_105_SNP_N_GenomeWideSNP_6_B01_777100	17	70134068	70134198	3	-1.2239
OWNED_p_TCGA_b102_105_SNP_N_GenomeWideSNP_6_B01_777100	17	70134229	71547039	603	3e-04
OWNED_p_TCGA_b102_105_SNP_N_GenomeWideSNP_6_B01_777100	17	71547286	71547707	2	-2.3569
OWNED_p_TCGA_b102_105_SNP_N_GenomeWideSNP_6_B01_777100	17	71548063	73906135	1361	-0.0047
OWNED_p_TCGA_b102_105_SNP_N_GenomeWideSNP_6_B01_777100	17	73907151	73907451	3	-1.1209
OWNED_p_TCGA_b102_105_SNP_N_GenomeWideSNP_6_B01_777100	17	73909999	78643088	2278	-0.0047
OWNED_p_TCGA_b102_105_SNP_N_GenomeWideSNP_6_B01_777100	18	1543	36514468	22808	-0.0055
OWNED_p_TCGA_b102_105_SNP_N_GenomeWideSNP_6_B01_777100	18	36514478	36524070	19	0.5332
OWNED_p_TCGA_b102_105_SNP_N_GenomeWideSNP_6_B01_777100	18	36524196	61848951	17472	-0.0082
OWNED_p_TCGA_b102_105_SNP_N_GenomeWideSNP_6_B01_777100	18	61851254	61878655	15	0.4369
OWNED_p_TCGA_b102_105_SNP_N_GenomeWideSNP_6_B01_777100	18	61878747	76116029	10426	0.0175
OWNED_p_TCGA_b102_105_SNP_N_GenomeWideSNP_6_B01_777100	19	41910	19692544	8533	-0.0065
OWNED_p_TCGA_b102_105_SNP_N_GenomeWideSNP_6_B01_777100	19	19696753	19697676	2	-1.7128
OWNED_p_TCGA_b102_105_SNP_N_GenomeWideSNP_6_B01_777100	19	19701768	51568057	13862	-0.0052
OWNED_p_TCGA_b102_105_SNP_N_GenomeWideSNP_6_B01_777100	19	51568781	51569742	2	-1.3579
OWNED_p_TCGA_b102_105_SNP_N_GenomeWideSNP_6_B01_777100	19	51573255	53093307	641	-0.0094
OWNED_p_TCGA_b102_105_SNP_N_GenomeWideSNP_6_B01_777100	19	53093323	53154946	9	-0.7237
OWNED_p_TCGA_b102_105_SNP_N_GenomeWideSNP_6_B01_777100	19	53155195	56834164	1858	-0.0042
OWNED_p_TCGA_b102_105_SNP_N_GenomeWideSNP_6_B01_777100	19	56834427	56840009	10	-0.8438
OWNED_p_TCGA_b102_105_SNP_N_GenomeWideSNP_6_B01_777100	19	56846717	58656216	1280	0.0036
OWNED_p_TCGA_b102_105_SNP_N_GenomeWideSNP_6_B01_777100	19	58656231	58669823	13	-0.2669
OWNED_p_TCGA_b102_105_SNP_N_GenomeWideSNP_6_B01_777100	19	58669962	58672243	5	-0.7447
OWNED_p_TCGA_b102_105_SNP_N_GenomeWideSNP_6_B01_777100	19	58672474	58686614	14	0.3037
OWNED_p_TCGA_b102_105_SNP_N_GenomeWideSNP_6_B01_777100	19	58686735	63009253	2633	-0.0103
OWNED_p_TCGA_b102_105_SNP_N_GenomeWideSNP_6_B01_777100	19	63009527	63032723	10	0.3946
OWNED_p_TCGA_b102_105_SNP_N_GenomeWideSNP_6_B01_777100	19	63035237	63044334	4	-0.8844
OWNED_p_TCGA_b102_105_SNP_N_GenomeWideSNP_6_B01_777100	19	63044969	63789666	416	-1e-04
OWNED_p_TCGA_b102_105_SNP_N_GenomeWideSNP_6_B01_777100	20	9305	1508288	1197	0.0028
OWNED_p_TCGA_b102_105_SNP_N_GenomeWideSNP_6_B01_777100	20	1508543	1530207	43	0.622
OWNED_p_TCGA_b102_105_SNP_N_GenomeWideSNP_6_B01_777100	20	1538257	62426597	41182	0.0037
OWNED_p_TCGA_b102_105_SNP_N_GenomeWideSNP_6_B01_777100	21	9758742	46921385	24378	0.0051
OWNED_p_TCGA_b102_105_SNP_N_GenomeWideSNP_6_B01_777100	22	14432528	18249213	1859	-0.0194
OWNED_p_TCGA_b102_105_SNP_N_GenomeWideSNP_6_B01_777100	22	18249263	18250147	2	-1.9059
OWNED_p_TCGA_b102_105_SNP_N_GenomeWideSNP_6_B01_777100	22	18251339	35391109	12354	-0.007
OWNED_p_TCGA_b102_105_SNP_N_GenomeWideSNP_6_B01_777100	22	35391343	35392476	2	-1.7522
OWNED_p_TCGA_b102_105_SNP_N_GenomeWideSNP_6_B01_777100	22	35395566	49581321	9315	-0.0085
OWNED_p_TCGA_b102_105_SNP_N_GenomeWideSNP_6_B01_777100	X	108477	154835548	84274	0.0099
OWNED_p_TCGA_b102_105_SNP_N_GenomeWideSNP_6_B01_777100	Y	2710438	57427647	8588	-0.9724
