GDC_Aliquot	Chromosome	Start	End	Num_Probes	Segment_Mean
7a784267-ce5c-4366-b404-1e44ede2e4a8	1	62920	599171	20	0.3902
7a784267-ce5c-4366-b404-1e44ede2e4a8	1	668210	15823420	8319	-0.006
7a784267-ce5c-4366-b404-1e44ede2e4a8	1	15827002	15827706	7	-2.0887
7a784267-ce5c-4366-b404-1e44ede2e4a8	1	15827744	15828515	3	-0.8324
7a784267-ce5c-4366-b404-1e44ede2e4a8	1	15839166	16864367	356	-0.0023
7a784267-ce5c-4366-b404-1e44ede2e4a8	1	16868660	16935752	53	0.4092
7a784267-ce5c-4366-b404-1e44ede2e4a8	1	16949746	72302815	34032	0.0017
7a784267-ce5c-4366-b404-1e44ede2e4a8	1	72303233	72345465	46	-1.5376
7a784267-ce5c-4366-b404-1e44ede2e4a8	1	72346221	103614714	20028	-0.0034
7a784267-ce5c-4366-b404-1e44ede2e4a8	1	103615687	103717410	8	-1.0075
7a784267-ce5c-4366-b404-1e44ede2e4a8	1	103717617	105476583	920	-0.0228
7a784267-ce5c-4366-b404-1e44ede2e4a8	1	105476614	105479753	16	0.8377
7a784267-ce5c-4366-b404-1e44ede2e4a8	1	105481433	108186662	1939	-0.0123
7a784267-ce5c-4366-b404-1e44ede2e4a8	1	108187137	108192255	3	-1.319
7a784267-ce5c-4366-b404-1e44ede2e4a8	1	108194874	109684893	696	0.0236
7a784267-ce5c-4366-b404-1e44ede2e4a8	1	109690352	109702376	14	-1.6523
7a784267-ce5c-4366-b404-1e44ede2e4a8	1	109703504	112147704	1949	0.0027
7a784267-ce5c-4366-b404-1e44ede2e4a8	1	112153343	112154576	21	-0.7032
7a784267-ce5c-4366-b404-1e44ede2e4a8	1	112154591	143541857	5169	0.0079
7a784267-ce5c-4366-b404-1e44ede2e4a8	1	143545399	143890323	119	-0.6507
7a784267-ce5c-4366-b404-1e44ede2e4a8	1	143893019	152789962	2531	0.0215
7a784267-ce5c-4366-b404-1e44ede2e4a8	1	152789978	152796224	28	0.6209
7a784267-ce5c-4366-b404-1e44ede2e4a8	1	152801429	174827418	14812	0.0025
7a784267-ce5c-4366-b404-1e44ede2e4a8	1	174827561	174832599	14	-0.8545
7a784267-ce5c-4366-b404-1e44ede2e4a8	1	174832702	240228440	44664	-0.002
7a784267-ce5c-4366-b404-1e44ede2e4a8	1	240230715	240230824	5	-1.8585
7a784267-ce5c-4366-b404-1e44ede2e4a8	1	240230839	248458851	5664	0.0098
7a784267-ce5c-4366-b404-1e44ede2e4a8	1	248461036	248471839	5	1.255
7a784267-ce5c-4366-b404-1e44ede2e4a8	1	248473963	248574146	18	-0.1998
7a784267-ce5c-4366-b404-1e44ede2e4a8	1	248585893	248633912	32	-2.8095
7a784267-ce5c-4366-b404-1e44ede2e4a8	1	248645563	248930189	140	0.0141
7a784267-ce5c-4366-b404-1e44ede2e4a8	2	12784	295255	180	0.0389
7a784267-ce5c-4366-b404-1e44ede2e4a8	2	296789	296852	3	-0.9667
7a784267-ce5c-4366-b404-1e44ede2e4a8	2	300879	3684956	2387	-0.0023
7a784267-ce5c-4366-b404-1e44ede2e4a8	2	3684997	3685683	3	-1.216
7a784267-ce5c-4366-b404-1e44ede2e4a8	2	3688948	7989207	3729	-0.0023
7a784267-ce5c-4366-b404-1e44ede2e4a8	2	7990754	7996487	8	-1.2611
7a784267-ce5c-4366-b404-1e44ede2e4a8	2	7999793	35593868	18563	0.0001
7a784267-ce5c-4366-b404-1e44ede2e4a8	2	35593931	35795438	173	-0.1355
7a784267-ce5c-4366-b404-1e44ede2e4a8	2	35795525	50602354	10775	0.0014
7a784267-ce5c-4366-b404-1e44ede2e4a8	2	50602419	51130564	380	-0.0893
7a784267-ce5c-4366-b404-1e44ede2e4a8	2	51133337	52527330	946	-0.0135
7a784267-ce5c-4366-b404-1e44ede2e4a8	2	52527342	52554404	39	-2.7372
7a784267-ce5c-4366-b404-1e44ede2e4a8	2	52560811	65597246	8327	-0.0053
7a784267-ce5c-4366-b404-1e44ede2e4a8	2	65597306	65602997	5	-0.8826
7a784267-ce5c-4366-b404-1e44ede2e4a8	2	65605075	88435998	14070	-0.0012
7a784267-ce5c-4366-b404-1e44ede2e4a8	2	88438988	88442781	6	-0.9751
7a784267-ce5c-4366-b404-1e44ede2e4a8	2	88444260	97359885	1449	0.0436
7a784267-ce5c-4366-b404-1e44ede2e4a8	2	97524284	97545247	8	-0.8898
7a784267-ce5c-4366-b404-1e44ede2e4a8	2	97545726	105770408	5153	0.0079
7a784267-ce5c-4366-b404-1e44ede2e4a8	2	105772455	105776342	9	-0.8364
7a784267-ce5c-4366-b404-1e44ede2e4a8	2	105778352	137730530	19089	0.004
7a784267-ce5c-4366-b404-1e44ede2e4a8	2	137731957	137737677	2	-1.8165
7a784267-ce5c-4366-b404-1e44ede2e4a8	2	137738322	183709219	28323	-0.0006
7a784267-ce5c-4366-b404-1e44ede2e4a8	2	183712465	183712596	3	-3.8875
7a784267-ce5c-4366-b404-1e44ede2e4a8	2	183716167	192352833	5034	-0.017
7a784267-ce5c-4366-b404-1e44ede2e4a8	2	192354481	195326397	1536	-0.0544
7a784267-ce5c-4366-b404-1e44ede2e4a8	2	195326661	195357342	9	0.3139
7a784267-ce5c-4366-b404-1e44ede2e4a8	2	195358559	195808809	244	-0.0175
7a784267-ce5c-4366-b404-1e44ede2e4a8	2	195811765	195812070	2	-1.1454
7a784267-ce5c-4366-b404-1e44ede2e4a8	2	195815325	197891107	1173	0.0027
7a784267-ce5c-4366-b404-1e44ede2e4a8	2	197893977	197896617	3	-1.1614
7a784267-ce5c-4366-b404-1e44ede2e4a8	2	197897818	221606293	14942	0.0037
7a784267-ce5c-4366-b404-1e44ede2e4a8	2	221606740	221606796	2	1.2519
7a784267-ce5c-4366-b404-1e44ede2e4a8	2	221607842	228029955	4231	-0.0014
7a784267-ce5c-4366-b404-1e44ede2e4a8	2	228030076	228046786	15	-0.4406
7a784267-ce5c-4366-b404-1e44ede2e4a8	2	228046961	232447215	2581	-0.0019
7a784267-ce5c-4366-b404-1e44ede2e4a8	2	232453368	232498721	16	0.5924
7a784267-ce5c-4366-b404-1e44ede2e4a8	2	232505075	242147305	6141	0.0029
7a784267-ce5c-4366-b404-1e44ede2e4a8	3	20930	6604856	5819	-0.0098
7a784267-ce5c-4366-b404-1e44ede2e4a8	3	6609441	6611645	23	-0.7472
7a784267-ce5c-4366-b404-1e44ede2e4a8	3	6613391	68697013	41959	0.0035
7a784267-ce5c-4366-b404-1e44ede2e4a8	3	68697108	68698262	14	-1.5189
7a784267-ce5c-4366-b404-1e44ede2e4a8	3	68699607	75863200	5004	0.0159
7a784267-ce5c-4366-b404-1e44ede2e4a8	3	75864091	89289664	7583	-0.0126
7a784267-ce5c-4366-b404-1e44ede2e4a8	3	89292561	89620865	207	0.031
7a784267-ce5c-4366-b404-1e44ede2e4a8	3	89622183	89629449	9	-1.085
7a784267-ce5c-4366-b404-1e44ede2e4a8	3	89636157	95737262	1254	-0.0099
7a784267-ce5c-4366-b404-1e44ede2e4a8	3	95748036	95749266	2	-3.5283
7a784267-ce5c-4366-b404-1e44ede2e4a8	3	95749836	99225754	1853	-0.0034
7a784267-ce5c-4366-b404-1e44ede2e4a8	3	99225775	99232120	34	0.3172
7a784267-ce5c-4366-b404-1e44ede2e4a8	3	99232539	104417687	2918	0.0009
7a784267-ce5c-4366-b404-1e44ede2e4a8	3	104417702	104417865	3	-1.2685
7a784267-ce5c-4366-b404-1e44ede2e4a8	3	104418494	125716589	13320	0.0021
7a784267-ce5c-4366-b404-1e44ede2e4a8	3	125717394	125750578	14	0.4807
7a784267-ce5c-4366-b404-1e44ede2e4a8	3	125756491	130044016	2457	-0.0009
7a784267-ce5c-4366-b404-1e44ede2e4a8	3	130044855	130087393	38	0.6943
7a784267-ce5c-4366-b404-1e44ede2e4a8	3	130088081	136300257	4027	0.0047
7a784267-ce5c-4366-b404-1e44ede2e4a8	3	136304109	136306584	2	1.459
7a784267-ce5c-4366-b404-1e44ede2e4a8	3	136319699	162790480	16238	0.0021
7a784267-ce5c-4366-b404-1e44ede2e4a8	3	162794869	162898127	64	0.392
7a784267-ce5c-4366-b404-1e44ede2e4a8	3	162906054	162996729	78	-0.1029
7a784267-ce5c-4366-b404-1e44ede2e4a8	3	162999939	163001774	2	-3.3969
7a784267-ce5c-4366-b404-1e44ede2e4a8	3	163008371	193160173	19102	-0.0053
7a784267-ce5c-4366-b404-1e44ede2e4a8	3	193160256	193168971	26	-0.4266
7a784267-ce5c-4366-b404-1e44ede2e4a8	3	193169072	195673928	1478	0.009
7a784267-ce5c-4366-b404-1e44ede2e4a8	3	195683075	195747892	41	-0.4103
7a784267-ce5c-4366-b404-1e44ede2e4a8	3	195751823	198169247	1166	0.0039
7a784267-ce5c-4366-b404-1e44ede2e4a8	4	68929	3969292	1584	-0.0287
7a784267-ce5c-4366-b404-1e44ede2e4a8	4	3982817	4176082	60	0.2606
7a784267-ce5c-4366-b404-1e44ede2e4a8	4	4180275	9455251	3515	0.0024
7a784267-ce5c-4366-b404-1e44ede2e4a8	4	9459504	9463248	3	2.136
7a784267-ce5c-4366-b404-1e44ede2e4a8	4	9469529	10221792	543	0.03
7a784267-ce5c-4366-b404-1e44ede2e4a8	4	10222004	10229874	27	-2.0691
7a784267-ce5c-4366-b404-1e44ede2e4a8	4	10232590	10388498	177	0.018
7a784267-ce5c-4366-b404-1e44ede2e4a8	4	10389091	10401122	19	0.37
7a784267-ce5c-4366-b404-1e44ede2e4a8	4	10401140	34777382	16783	0.0005
7a784267-ce5c-4366-b404-1e44ede2e4a8	4	34777403	34823103	41	0.3793
7a784267-ce5c-4366-b404-1e44ede2e4a8	4	34828250	49063964	8959	-0.0034
7a784267-ce5c-4366-b404-1e44ede2e4a8	4	49078996	49654496	36	0.2884
7a784267-ce5c-4366-b404-1e44ede2e4a8	4	49654578	63828222	7568	-0.0022
7a784267-ce5c-4366-b404-1e44ede2e4a8	4	63831751	63842505	27	0.3202
7a784267-ce5c-4366-b404-1e44ede2e4a8	4	63842540	68354665	2849	-0.0067
7a784267-ce5c-4366-b404-1e44ede2e4a8	4	68361130	68395346	7	0.7719
7a784267-ce5c-4366-b404-1e44ede2e4a8	4	68416487	68506285	17	0.138
7a784267-ce5c-4366-b404-1e44ede2e4a8	4	68509223	68655691	69	0.6467
7a784267-ce5c-4366-b404-1e44ede2e4a8	4	68663241	69255175	308	-0.0361
7a784267-ce5c-4366-b404-1e44ede2e4a8	4	69255532	69405833	78	0.2691
7a784267-ce5c-4366-b404-1e44ede2e4a8	4	69412731	69523998	89	-0.0502
7a784267-ce5c-4366-b404-1e44ede2e4a8	4	69524143	69525061	2	-2.4238
7a784267-ce5c-4366-b404-1e44ede2e4a8	4	69526170	137170949	40485	-0.0008
7a784267-ce5c-4366-b404-1e44ede2e4a8	4	137171041	137173818	17	-0.553
7a784267-ce5c-4366-b404-1e44ede2e4a8	4	137173967	154881396	10783	0.0091
7a784267-ce5c-4366-b404-1e44ede2e4a8	4	154881853	154881926	3	-3.7012
7a784267-ce5c-4366-b404-1e44ede2e4a8	4	154882047	154898344	10	-0.2963
7a784267-ce5c-4366-b404-1e44ede2e4a8	4	154898453	155935493	702	0.0159
7a784267-ce5c-4366-b404-1e44ede2e4a8	4	155939397	155939953	2	-1.8509
7a784267-ce5c-4366-b404-1e44ede2e4a8	4	155941209	171448195	9889	-0.0025
7a784267-ce5c-4366-b404-1e44ede2e4a8	4	171453733	171456293	8	-0.9879
7a784267-ce5c-4366-b404-1e44ede2e4a8	4	171456307	181136240	6252	-0.0162
7a784267-ce5c-4366-b404-1e44ede2e4a8	4	181136826	188196287	5025	0.0164
7a784267-ce5c-4366-b404-1e44ede2e4a8	4	188198048	190036988	1212	-0.0113
7a784267-ce5c-4366-b404-1e44ede2e4a8	4	190046094	190106768	5	0.9197
7a784267-ce5c-4366-b404-1e44ede2e4a8	5	15532	685633	306	0.0094
7a784267-ce5c-4366-b404-1e44ede2e4a8	5	698256	773453	27	1.1268
7a784267-ce5c-4366-b404-1e44ede2e4a8	5	779766	825192	18	0.5598
7a784267-ce5c-4366-b404-1e44ede2e4a8	5	825538	17760843	13111	0.0049
7a784267-ce5c-4366-b404-1e44ede2e4a8	5	17760931	21376735	2204	-0.0225
7a784267-ce5c-4366-b404-1e44ede2e4a8	5	21377730	21377744	2	1.2598
7a784267-ce5c-4366-b404-1e44ede2e4a8	5	21385957	21451168	46	0.03
7a784267-ce5c-4366-b404-1e44ede2e4a8	5	21451855	21452387	4	0.8451
7a784267-ce5c-4366-b404-1e44ede2e4a8	5	21454830	30888667	5531	-0.0208
7a784267-ce5c-4366-b404-1e44ede2e4a8	5	30888900	34799013	2756	0.0158
7a784267-ce5c-4366-b404-1e44ede2e4a8	5	34802251	34802279	2	-1.1891
7a784267-ce5c-4366-b404-1e44ede2e4a8	5	34803847	36787776	1404	0.0116
7a784267-ce5c-4366-b404-1e44ede2e4a8	5	36787993	36792526	4	-1.666
7a784267-ce5c-4366-b404-1e44ede2e4a8	5	36792713	46191782	5240	0.003
7a784267-ce5c-4366-b404-1e44ede2e4a8	5	46195781	46199333	4	-1.0664
7a784267-ce5c-4366-b404-1e44ede2e4a8	5	46209197	46251204	13	0.0755
7a784267-ce5c-4366-b404-1e44ede2e4a8	5	46270906	46273400	8	1.2376
7a784267-ce5c-4366-b404-1e44ede2e4a8	5	46278110	58025819	5075	0.0057
7a784267-ce5c-4366-b404-1e44ede2e4a8	5	58030200	58037688	31	1.7012
7a784267-ce5c-4366-b404-1e44ede2e4a8	5	58037706	180947523	76915	0.0001
7a784267-ce5c-4366-b404-1e44ede2e4a8	5	180951710	180991103	19	-0.8813
7a784267-ce5c-4366-b404-1e44ede2e4a8	5	181006225	181363319	170	0.0133
7a784267-ce5c-4366-b404-1e44ede2e4a8	6	149661	254283	101	0.0303
7a784267-ce5c-4366-b404-1e44ede2e4a8	6	257353	381149	101	0.4067
7a784267-ce5c-4366-b404-1e44ede2e4a8	6	382559	16087418	12364	0.0115
7a784267-ce5c-4366-b404-1e44ede2e4a8	6	16088037	16088500	4	-1.4122
7a784267-ce5c-4366-b404-1e44ede2e4a8	6	16088820	19039888	2205	0.0065
7a784267-ce5c-4366-b404-1e44ede2e4a8	6	19041950	19042587	3	-1.0874
7a784267-ce5c-4366-b404-1e44ede2e4a8	6	19044471	29869295	6879	0.0053
7a784267-ce5c-4366-b404-1e44ede2e4a8	6	29869410	29882603	20	-0.6281
7a784267-ce5c-4366-b404-1e44ede2e4a8	6	29903859	31313046	659	-0.0154
7a784267-ce5c-4366-b404-1e44ede2e4a8	6	31318499	31328674	11	1.1116
7a784267-ce5c-4366-b404-1e44ede2e4a8	6	31342147	78253172	27442	0.0003
7a784267-ce5c-4366-b404-1e44ede2e4a8	6	78259348	78325457	112	-0.7896
7a784267-ce5c-4366-b404-1e44ede2e4a8	6	78325468	93914950	9992	0.0044
7a784267-ce5c-4366-b404-1e44ede2e4a8	6	93915562	94965875	694	-0.0734
7a784267-ce5c-4366-b404-1e44ede2e4a8	6	94970302	103290458	4795	0.0044
7a784267-ce5c-4366-b404-1e44ede2e4a8	6	103290531	103314186	38	0.8658
7a784267-ce5c-4366-b404-1e44ede2e4a8	6	103317795	111706482	5181	0.0008
7a784267-ce5c-4366-b404-1e44ede2e4a8	6	111708401	111708953	3	-1.066
7a784267-ce5c-4366-b404-1e44ede2e4a8	6	111709365	133945130	13892	0.0016
7a784267-ce5c-4366-b404-1e44ede2e4a8	6	133947933	133948494	2	-2.7402
7a784267-ce5c-4366-b404-1e44ede2e4a8	6	133950934	170741917	25099	0.0069
7a784267-ce5c-4366-b404-1e44ede2e4a8	7	43355	3570080	1620	-0.0051
7a784267-ce5c-4366-b404-1e44ede2e4a8	7	3570211	3575168	28	-1.1743
7a784267-ce5c-4366-b404-1e44ede2e4a8	7	3578378	5126599	1086	0.0149
7a784267-ce5c-4366-b404-1e44ede2e4a8	7	5127531	5128884	2	1.2883
7a784267-ce5c-4366-b404-1e44ede2e4a8	7	5130782	8535838	2135	0.0064
7a784267-ce5c-4366-b404-1e44ede2e4a8	7	8536364	10493284	1561	-0.0627
7a784267-ce5c-4366-b404-1e44ede2e4a8	7	10495939	54318812	32055	0.0025
7a784267-ce5c-4366-b404-1e44ede2e4a8	7	54318816	54318824	5	-1.872
7a784267-ce5c-4366-b404-1e44ede2e4a8	7	54325795	97766150	21825	0.004
7a784267-ce5c-4366-b404-1e44ede2e4a8	7	97766153	97773163	14	-0.6589
7a784267-ce5c-4366-b404-1e44ede2e4a8	7	97774928	109793741	6602	0.0061
7a784267-ce5c-4366-b404-1e44ede2e4a8	7	109797035	109797715	15	-0.8138
7a784267-ce5c-4366-b404-1e44ede2e4a8	7	109797717	109801187	10	0.0988
7a784267-ce5c-4366-b404-1e44ede2e4a8	7	109801572	109813853	10	-2.1802
7a784267-ce5c-4366-b404-1e44ede2e4a8	7	109813925	126404920	10030	0.0002
7a784267-ce5c-4366-b404-1e44ede2e4a8	7	126405428	126406827	18	0.6393
7a784267-ce5c-4366-b404-1e44ede2e4a8	7	126412712	142063324	9921	0.007
7a784267-ce5c-4366-b404-1e44ede2e4a8	7	142069843	142092307	34	-0.7696
7a784267-ce5c-4366-b404-1e44ede2e4a8	7	142099190	159334314	10866	0.0015
7a784267-ce5c-4366-b404-1e44ede2e4a8	8	81254	7312952	7727	-0.0015
7a784267-ce5c-4366-b404-1e44ede2e4a8	8	7329110	7329124	2	2.3934
7a784267-ce5c-4366-b404-1e44ede2e4a8	8	7336299	15435453	5984	0.0126
7a784267-ce5c-4366-b404-1e44ede2e4a8	8	15436422	15437936	2	-3.5261
7a784267-ce5c-4366-b404-1e44ede2e4a8	8	15439194	25114672	7759	0.002
7a784267-ce5c-4366-b404-1e44ede2e4a8	8	25116928	25126818	27	0.8215
7a784267-ce5c-4366-b404-1e44ede2e4a8	8	25133589	39372664	9013	0.0053
7a784267-ce5c-4366-b404-1e44ede2e4a8	8	39372806	39529446	61	0.7607
7a784267-ce5c-4366-b404-1e44ede2e4a8	8	39530780	111279265	42013	0.0005
7a784267-ce5c-4366-b404-1e44ede2e4a8	8	111282050	111283016	9	1.3208
7a784267-ce5c-4366-b404-1e44ede2e4a8	8	111283031	145072769	22915	-0.0013
7a784267-ce5c-4366-b404-1e44ede2e4a8	9	46587	6695986	6377	0.014
7a784267-ce5c-4366-b404-1e44ede2e4a8	9	6701145	6708357	7	-0.8601
7a784267-ce5c-4366-b404-1e44ede2e4a8	9	6712314	11098891	4197	-0.0044
7a784267-ce5c-4366-b404-1e44ede2e4a8	9	11100680	12542478	1118	-0.077
7a784267-ce5c-4366-b404-1e44ede2e4a8	9	12547685	33005743	15856	-0.0041
7a784267-ce5c-4366-b404-1e44ede2e4a8	9	33005759	33005765	2	-1.5877
7a784267-ce5c-4366-b404-1e44ede2e4a8	9	33007208	33007570	4	0.7209
7a784267-ce5c-4366-b404-1e44ede2e4a8	9	33008115	39146302	3595	0.0044
7a784267-ce5c-4366-b404-1e44ede2e4a8	9	39146321	39337296	8	0.5214
7a784267-ce5c-4366-b404-1e44ede2e4a8	9	39342578	41025002	70	0.021
7a784267-ce5c-4366-b404-1e44ede2e4a8	9	41025371	41063004	8	-0.5478
7a784267-ce5c-4366-b404-1e44ede2e4a8	9	41064686	41741113	55	-0.0001
7a784267-ce5c-4366-b404-1e44ede2e4a8	9	42014203	42834329	79	0.4748
7a784267-ce5c-4366-b404-1e44ede2e4a8	9	42856247	63580418	82	-0.002
7a784267-ce5c-4366-b404-1e44ede2e4a8	9	63590317	63590325	5	1.9561
7a784267-ce5c-4366-b404-1e44ede2e4a8	9	63592670	138200944	48054	-0.0011
7a784267-ce5c-4366-b404-1e44ede2e4a8	10	45792	17885034	14852	0.0023
7a784267-ce5c-4366-b404-1e44ede2e4a8	10	17896194	17907840	2	-1.946
7a784267-ce5c-4366-b404-1e44ede2e4a8	10	17910884	24088745	4343	-0.0039
7a784267-ce5c-4366-b404-1e44ede2e4a8	10	24088746	24089125	10	1.4257
7a784267-ce5c-4366-b404-1e44ede2e4a8	10	24089979	26936975	1986	0.0065
7a784267-ce5c-4366-b404-1e44ede2e4a8	10	26937062	26939544	12	0.5189
7a784267-ce5c-4366-b404-1e44ede2e4a8	10	26941064	30957581	3020	0.0077
7a784267-ce5c-4366-b404-1e44ede2e4a8	10	30962405	30962797	9	-0.8126
7a784267-ce5c-4366-b404-1e44ede2e4a8	10	30962809	33671910	1817	0.0071
7a784267-ce5c-4366-b404-1e44ede2e4a8	10	33674094	33674225	2	-1.1086
7a784267-ce5c-4366-b404-1e44ede2e4a8	10	33677193	41796971	3030	0.0096
7a784267-ce5c-4366-b404-1e44ede2e4a8	10	41798237	42324502	37	0.2797
7a784267-ce5c-4366-b404-1e44ede2e4a8	10	42324837	45574604	2262	-0.0085
7a784267-ce5c-4366-b404-1e44ede2e4a8	10	45577424	45585913	8	-0.6093
7a784267-ce5c-4366-b404-1e44ede2e4a8	10	45587723	46146453	112	0.0744
7a784267-ce5c-4366-b404-1e44ede2e4a8	10	46154876	46446817	173	0.5659
7a784267-ce5c-4366-b404-1e44ede2e4a8	10	46489651	46967412	61	0.3118
7a784267-ce5c-4366-b404-1e44ede2e4a8	10	47002596	55097818	5431	-0.0035
7a784267-ce5c-4366-b404-1e44ede2e4a8	10	55105629	57156389	1447	-0.0565
7a784267-ce5c-4366-b404-1e44ede2e4a8	10	57158078	65546518	5810	-0.0069
7a784267-ce5c-4366-b404-1e44ede2e4a8	10	65548165	65554688	28	-1.8866
7a784267-ce5c-4366-b404-1e44ede2e4a8	10	65563037	76493093	6784	-0.0006
7a784267-ce5c-4366-b404-1e44ede2e4a8	10	76497303	76497852	2	1.7153
7a784267-ce5c-4366-b404-1e44ede2e4a8	10	76501509	133654968	39448	0.0063
7a784267-ce5c-4366-b404-1e44ede2e4a8	11	198510	4946420	2418	0.0041
7a784267-ce5c-4366-b404-1e44ede2e4a8	11	4947280	4952799	25	-1.895
7a784267-ce5c-4366-b404-1e44ede2e4a8	11	4953934	135074876	84393	-0.0002
7a784267-ce5c-4366-b404-1e44ede2e4a8	12	51460	9477960	6173	0.0081
7a784267-ce5c-4366-b404-1e44ede2e4a8	12	9481274	9575696	24	-1.5824
7a784267-ce5c-4366-b404-1e44ede2e4a8	12	9582373	31112123	15201	0.0054
7a784267-ce5c-4366-b404-1e44ede2e4a8	12	31116364	31254189	88	0.5978
7a784267-ce5c-4366-b404-1e44ede2e4a8	12	31256945	33141726	1297	0.0107
7a784267-ce5c-4366-b404-1e44ede2e4a8	12	33148472	33154144	25	-0.6004
7a784267-ce5c-4366-b404-1e44ede2e4a8	12	33154440	33891074	489	-0.025
7a784267-ce5c-4366-b404-1e44ede2e4a8	12	33896395	38120104	447	0.0786
7a784267-ce5c-4366-b404-1e44ede2e4a8	12	38120638	45510655	4657	-0.0077
7a784267-ce5c-4366-b404-1e44ede2e4a8	12	45512057	45515754	3	-2.4569
7a784267-ce5c-4366-b404-1e44ede2e4a8	12	45519509	74799430	17843	-0.0018
7a784267-ce5c-4366-b404-1e44ede2e4a8	12	74801897	74802841	3	-1.3161
7a784267-ce5c-4366-b404-1e44ede2e4a8	12	74803101	79759913	3271	-0.001
7a784267-ce5c-4366-b404-1e44ede2e4a8	12	79765255	79765300	3	1.0195
7a784267-ce5c-4366-b404-1e44ede2e4a8	12	79770335	99401515	12584	-0.0036
7a784267-ce5c-4366-b404-1e44ede2e4a8	12	99401690	99404374	24	0.4122
7a784267-ce5c-4366-b404-1e44ede2e4a8	12	99404412	133201603	22721	0.006
7a784267-ce5c-4366-b404-1e44ede2e4a8	13	18452809	23055071	2858	0.015
7a784267-ce5c-4366-b404-1e44ede2e4a8	13	23058539	23059376	12	-0.6151
7a784267-ce5c-4366-b404-1e44ede2e4a8	13	23064056	29455681	4824	0.0116
7a784267-ce5c-4366-b404-1e44ede2e4a8	13	29457425	29459091	2	-1.34
7a784267-ce5c-4366-b404-1e44ede2e4a8	13	29462056	37496998	5791	0.0096
7a784267-ce5c-4366-b404-1e44ede2e4a8	13	37497899	37510620	16	0.4921
7a784267-ce5c-4366-b404-1e44ede2e4a8	13	37514193	53432852	10455	0.0021
7a784267-ce5c-4366-b404-1e44ede2e4a8	13	53433709	70621684	10323	-0.0267
7a784267-ce5c-4366-b404-1e44ede2e4a8	13	70622329	71902850	773	0.0078
7a784267-ce5c-4366-b404-1e44ede2e4a8	13	71903417	71906418	4	-3.0657
7a784267-ce5c-4366-b404-1e44ede2e4a8	13	71906467	114342922	29102	-0.0061
7a784267-ce5c-4366-b404-1e44ede2e4a8	14	18239283	19689684	64	0.3357
7a784267-ce5c-4366-b404-1e44ede2e4a8	14	19732024	19954424	102	-0.3716
7a784267-ce5c-4366-b404-1e44ede2e4a8	14	19955213	20707115	571	-0.0101
7a784267-ce5c-4366-b404-1e44ede2e4a8	14	20707930	20707933	2	-1.3888
7a784267-ce5c-4366-b404-1e44ede2e4a8	14	20710239	23957515	2137	0.0073
7a784267-ce5c-4366-b404-1e44ede2e4a8	14	23975620	24015250	23	-0.7336
7a784267-ce5c-4366-b404-1e44ede2e4a8	14	24018934	73529070	31349	0.0017
7a784267-ce5c-4366-b404-1e44ede2e4a8	14	73534419	73554275	9	0.8623
7a784267-ce5c-4366-b404-1e44ede2e4a8	14	73563196	106416146	20920	-0.0008
7a784267-ce5c-4366-b404-1e44ede2e4a8	14	106418444	106475361	51	-0.6665
7a784267-ce5c-4366-b404-1e44ede2e4a8	14	106487515	106877229	193	0.0265
7a784267-ce5c-4366-b404-1e44ede2e4a8	15	19811075	20249006	65	0.1176
7a784267-ce5c-4366-b404-1e44ede2e4a8	15	20263311	20373168	22	-0.3501
7a784267-ce5c-4366-b404-1e44ede2e4a8	15	20376198	20376311	7	0.5151
7a784267-ce5c-4366-b404-1e44ede2e4a8	15	20380735	20385137	14	-0.9527
7a784267-ce5c-4366-b404-1e44ede2e4a8	15	20396301	21975606	67	-0.2209
7a784267-ce5c-4366-b404-1e44ede2e4a8	15	21997003	22385639	31	-0.5778
7a784267-ce5c-4366-b404-1e44ede2e4a8	15	22395047	22736939	41	0.0159
7a784267-ce5c-4366-b404-1e44ede2e4a8	15	22748221	22764966	6	-0.9817
7a784267-ce5c-4366-b404-1e44ede2e4a8	15	22766001	24112020	803	0.0227
7a784267-ce5c-4366-b404-1e44ede2e4a8	15	24112065	24266888	79	0.657
7a784267-ce5c-4366-b404-1e44ede2e4a8	15	24269473	24429740	64	0.0262
7a784267-ce5c-4366-b404-1e44ede2e4a8	15	24429986	24525366	53	-0.6509
7a784267-ce5c-4366-b404-1e44ede2e4a8	15	24526715	26783694	1658	0.0099
7a784267-ce5c-4366-b404-1e44ede2e4a8	15	26786920	26787478	3	-1.4722
7a784267-ce5c-4366-b404-1e44ede2e4a8	15	26788647	33324985	3632	0.017
7a784267-ce5c-4366-b404-1e44ede2e4a8	15	33325332	33326309	2	-1.3725
7a784267-ce5c-4366-b404-1e44ede2e4a8	15	33326618	53492691	12559	0.0026
7a784267-ce5c-4366-b404-1e44ede2e4a8	15	53492794	53492997	4	-0.89
7a784267-ce5c-4366-b404-1e44ede2e4a8	15	53493066	69037475	10555	0.0035
7a784267-ce5c-4366-b404-1e44ede2e4a8	15	69038945	69039020	2	1.4566
7a784267-ce5c-4366-b404-1e44ede2e4a8	15	69045335	76599170	4248	-0.0005
7a784267-ce5c-4366-b404-1e44ede2e4a8	15	76599286	76603434	20	-2.0558
7a784267-ce5c-4366-b404-1e44ede2e4a8	15	76609838	101928837	17613	0.0043
7a784267-ce5c-4366-b404-1e44ede2e4a8	16	10777	18335528	12775	0.0083
7a784267-ce5c-4366-b404-1e44ede2e4a8	16	18540265	18545889	3	1.696
7a784267-ce5c-4366-b404-1e44ede2e4a8	16	18583078	19933041	690	0.0066
7a784267-ce5c-4366-b404-1e44ede2e4a8	16	19934328	19954510	27	-0.9802
7a784267-ce5c-4366-b404-1e44ede2e4a8	16	19954553	66001840	20212	-0.0002
7a784267-ce5c-4366-b404-1e44ede2e4a8	16	66002241	66002860	4	-0.9415
7a784267-ce5c-4366-b404-1e44ede2e4a8	16	66009478	70105639	2005	0.0034
7a784267-ce5c-4366-b404-1e44ede2e4a8	16	70117657	70200633	18	0.4673
7a784267-ce5c-4366-b404-1e44ede2e4a8	16	70212022	75191124	2768	0.0062
7a784267-ce5c-4366-b404-1e44ede2e4a8	16	75194071	75194085	2	1.2012
7a784267-ce5c-4366-b404-1e44ede2e4a8	16	75195731	78338949	2740	0.0076
7a784267-ce5c-4366-b404-1e44ede2e4a8	16	78339440	78342480	4	-1.6921
7a784267-ce5c-4366-b404-1e44ede2e4a8	16	78342814	88683765	10024	0.0019
7a784267-ce5c-4366-b404-1e44ede2e4a8	16	88685120	89645564	400	-0.1124
7a784267-ce5c-4366-b404-1e44ede2e4a8	16	89646844	90096867	209	-0.0267
7a784267-ce5c-4366-b404-1e44ede2e4a8	17	150733	36109315	18259	-0.0001
7a784267-ce5c-4366-b404-1e44ede2e4a8	17	36109735	36157718	35	0.9331
7a784267-ce5c-4366-b404-1e44ede2e4a8	17	36200725	41265456	2524	-0.0019
7a784267-ce5c-4366-b404-1e44ede2e4a8	17	41266762	41274198	23	-0.6132
7a784267-ce5c-4366-b404-1e44ede2e4a8	17	41274279	46104213	2512	-0.0099
7a784267-ce5c-4366-b404-1e44ede2e4a8	17	46110126	46284643	109	-0.4553
7a784267-ce5c-4366-b404-1e44ede2e4a8	17	46284997	46446360	6	0.4038
7a784267-ce5c-4366-b404-1e44ede2e4a8	17	46569894	47807039	548	-0.0064
7a784267-ce5c-4366-b404-1e44ede2e4a8	17	47807949	47808390	2	-1.465
7a784267-ce5c-4366-b404-1e44ede2e4a8	17	47810585	83091923	21018	-0.0051
7a784267-ce5c-4366-b404-1e44ede2e4a8	18	48133	45973902	26329	0.0039
7a784267-ce5c-4366-b404-1e44ede2e4a8	18	45976320	45982136	6	1.1454
7a784267-ce5c-4366-b404-1e44ede2e4a8	18	45986287	64799828	13133	0.0052
7a784267-ce5c-4366-b404-1e44ede2e4a8	18	64802494	68215767	2381	-0.0237
7a784267-ce5c-4366-b404-1e44ede2e4a8	18	68216062	68216106	3	-1.044
7a784267-ce5c-4366-b404-1e44ede2e4a8	18	68228789	73626919	4069	-0.024
7a784267-ce5c-4366-b404-1e44ede2e4a8	18	73631071	75800138	1745	0.0006
7a784267-ce5c-4366-b404-1e44ede2e4a8	18	75802977	75803404	4	-0.9018
7a784267-ce5c-4366-b404-1e44ede2e4a8	18	75805674	78900693	2368	0.0015
7a784267-ce5c-4366-b404-1e44ede2e4a8	18	78902714	78904863	5	-1.0476
7a784267-ce5c-4366-b404-1e44ede2e4a8	18	78906449	80257174	703	-0.0018
7a784267-ce5c-4366-b404-1e44ede2e4a8	19	90910	35358407	16712	-0.0039
7a784267-ce5c-4366-b404-1e44ede2e4a8	19	35358420	35370946	22	-0.4808
7a784267-ce5c-4366-b404-1e44ede2e4a8	19	35375842	40854465	2774	-0.0097
7a784267-ce5c-4366-b404-1e44ede2e4a8	19	40855189	40886250	19	0.5808
7a784267-ce5c-4366-b404-1e44ede2e4a8	19	40886749	53013829	6192	-0.0068
7a784267-ce5c-4366-b404-1e44ede2e4a8	19	53015494	53048976	22	0.9956
7a784267-ce5c-4366-b404-1e44ede2e4a8	19	53050987	55761691	1531	0.0005
7a784267-ce5c-4366-b404-1e44ede2e4a8	19	55766684	55771701	6	-0.9544
7a784267-ce5c-4366-b404-1e44ede2e4a8	19	55774927	58586487	1839	-0.0068
7a784267-ce5c-4366-b404-1e44ede2e4a8	20	80664	1580141	1199	0.0004
7a784267-ce5c-4366-b404-1e44ede2e4a8	20	1580156	1601561	40	1.2882
7a784267-ce5c-4366-b404-1e44ede2e4a8	20	1609611	64324800	41151	0.0009
7a784267-ce5c-4366-b404-1e44ede2e4a8	21	10354168	10535758	28	0.135
7a784267-ce5c-4366-b404-1e44ede2e4a8	21	10535775	13008398	65	0.3498
7a784267-ce5c-4366-b404-1e44ede2e4a8	21	13013344	18263926	3158	0.0066
7a784267-ce5c-4366-b404-1e44ede2e4a8	21	18263989	18266147	3	-1.4606
7a784267-ce5c-4366-b404-1e44ede2e4a8	21	18266878	46677045	20613	-0.0058
7a784267-ce5c-4366-b404-1e44ede2e4a8	22	15294547	16708378	122	0.1457
7a784267-ce5c-4366-b404-1e44ede2e4a8	22	16712355	18161934	1007	0.0184
7a784267-ce5c-4366-b404-1e44ede2e4a8	22	18167915	18620743	5	0.4214
7a784267-ce5c-4366-b404-1e44ede2e4a8	22	18649244	18818348	5	2.4783
7a784267-ce5c-4366-b404-1e44ede2e4a8	22	18822581	23971817	3255	-0.0077
7a784267-ce5c-4366-b404-1e44ede2e4a8	22	23981995	23990739	6	0.8835
7a784267-ce5c-4366-b404-1e44ede2e4a8	22	23995113	25288441	825	0.0162
7a784267-ce5c-4366-b404-1e44ede2e4a8	22	25288864	25289870	2	1.3393
7a784267-ce5c-4366-b404-1e44ede2e4a8	22	25293106	42496433	11923	-0.004
7a784267-ce5c-4366-b404-1e44ede2e4a8	22	42496576	42529027	19	0.4948
7a784267-ce5c-4366-b404-1e44ede2e4a8	22	42529206	50796027	6108	-0.013
7a784267-ce5c-4366-b404-1e44ede2e4a8	X	251810	125269841	65761	-0.0009
7a784267-ce5c-4366-b404-1e44ede2e4a8	X	125269983	125273514	2	-1.5769
7a784267-ce5c-4366-b404-1e44ede2e4a8	X	125283350	144544539	11067	0.005
7a784267-ce5c-4366-b404-1e44ede2e4a8	X	144549969	144556163	4	-0.9717
7a784267-ce5c-4366-b404-1e44ede2e4a8	X	144556603	155554665	6714	0.0106
7a784267-ce5c-4366-b404-1e44ede2e4a8	X	155556117	155559990	7	-0.9658
7a784267-ce5c-4366-b404-1e44ede2e4a8	X	155574222	155646922	38	-0.1603
7a784267-ce5c-4366-b404-1e44ede2e4a8	X	155651443	155952689	52	0.1049
7a784267-ce5c-4366-b404-1e44ede2e4a8	Y	2782397	6233384	783	-2.804
7a784267-ce5c-4366-b404-1e44ede2e4a8	Y	6249869	25169825	5677	-3.3424
7a784267-ce5c-4366-b404-1e44ede2e4a8	Y	25472063	56872112	179	-2.7876
