Sample	Chromosome	Start	End	Num_Probes	Segment_Mean
LEMUR_p_TCGA_116_163_164_183_N_GenomeWideSNP_6_H02_914390	1	61735	16149343	8419	0.4492
LEMUR_p_TCGA_116_163_164_183_N_GenomeWideSNP_6_H02_914390	1	16149915	16153925	7	-0.3601
LEMUR_p_TCGA_116_163_164_183_N_GenomeWideSNP_6_H02_914390	1	16154201	16796742	283	0.4279
LEMUR_p_TCGA_116_163_164_183_N_GenomeWideSNP_6_H02_914390	1	16797756	17005776	65	0.7273
LEMUR_p_TCGA_116_163_164_183_N_GenomeWideSNP_6_H02_914390	1	17005978	17056457	37	0.3248
LEMUR_p_TCGA_116_163_164_183_N_GenomeWideSNP_6_H02_914390	1	17076467	17190004	23	0.7609
LEMUR_p_TCGA_116_163_164_183_N_GenomeWideSNP_6_H02_914390	1	17190862	25583341	5333	0.4492
LEMUR_p_TCGA_116_163_164_183_N_GenomeWideSNP_6_H02_914390	1	25593128	25646744	26	-1.2576
LEMUR_p_TCGA_116_163_164_183_N_GenomeWideSNP_6_H02_914390	1	25646946	25662005	4	-0.3544
LEMUR_p_TCGA_116_163_164_183_N_GenomeWideSNP_6_H02_914390	1	25662212	35091674	4969	0.4614
LEMUR_p_TCGA_116_163_164_183_N_GenomeWideSNP_6_H02_914390	1	35102654	35104491	20	-0.4062
LEMUR_p_TCGA_116_163_164_183_N_GenomeWideSNP_6_H02_914390	1	35114268	72763370	23867	0.5283
LEMUR_p_TCGA_116_163_164_183_N_GenomeWideSNP_6_H02_914390	1	72768418	72811148	48	-0.7467
LEMUR_p_TCGA_116_163_164_183_N_GenomeWideSNP_6_H02_914390	1	72811904	86362800	8870	0.5934
LEMUR_p_TCGA_116_163_164_183_N_GenomeWideSNP_6_H02_914390	1	86363292	86364390	2	-1.5578
LEMUR_p_TCGA_116_163_164_183_N_GenomeWideSNP_6_H02_914390	1	86364433	100887750	9245	0.5758
LEMUR_p_TCGA_116_163_164_183_N_GenomeWideSNP_6_H02_914390	1	100888007	100890276	2	-0.9938
LEMUR_p_TCGA_116_163_164_183_N_GenomeWideSNP_6_H02_914390	1	100894070	104159347	1975	0.5896
LEMUR_p_TCGA_116_163_164_183_N_GenomeWideSNP_6_H02_914390	1	104159384	104239986	17	1.0327
LEMUR_p_TCGA_116_163_164_183_N_GenomeWideSNP_6_H02_914390	1	104256880	106019236	932	0.6182
LEMUR_p_TCGA_116_163_164_183_N_GenomeWideSNP_6_H02_914390	1	106019310	106022375	15	1.3871
LEMUR_p_TCGA_116_163_164_183_N_GenomeWideSNP_6_H02_914390	1	106024055	110227500	2668	0.5803
LEMUR_p_TCGA_116_163_164_183_N_GenomeWideSNP_6_H02_914390	1	110227515	110240178	17	-0.119
LEMUR_p_TCGA_116_163_164_183_N_GenomeWideSNP_6_H02_914390	1	110242953	111377368	842	0.5333
LEMUR_p_TCGA_116_163_164_183_N_GenomeWideSNP_6_H02_914390	1	111377565	111388226	38	-0.5941
LEMUR_p_TCGA_116_163_164_183_N_GenomeWideSNP_6_H02_914390	1	111392067	111827749	323	0.5469
LEMUR_p_TCGA_116_163_164_183_N_GenomeWideSNP_6_H02_914390	1	111827816	111827982	2	1.7972
LEMUR_p_TCGA_116_163_164_183_N_GenomeWideSNP_6_H02_914390	1	111828326	112690326	752	0.5457
LEMUR_p_TCGA_116_163_164_183_N_GenomeWideSNP_6_H02_914390	1	112695965	112705956	26	-0.2826
LEMUR_p_TCGA_116_163_164_183_N_GenomeWideSNP_6_H02_914390	1	112706060	144842558	5243	0.5364
LEMUR_p_TCGA_116_163_164_183_N_GenomeWideSNP_6_H02_914390	1	144849539	144868360	5	2.2406
LEMUR_p_TCGA_116_163_164_183_N_GenomeWideSNP_6_H02_914390	1	144869084	149024808	1130	0.5791
LEMUR_p_TCGA_116_163_164_183_N_GenomeWideSNP_6_H02_914390	1	149036524	149436842	164	0.9154
LEMUR_p_TCGA_116_163_164_183_N_GenomeWideSNP_6_H02_914390	1	149521840	149578722	7	-0.4601
LEMUR_p_TCGA_116_163_164_183_N_GenomeWideSNP_6_H02_914390	1	149617451	152759678	1697	0.4996
LEMUR_p_TCGA_116_163_164_183_N_GenomeWideSNP_6_H02_914390	1	152761923	152768700	37	1.1011
LEMUR_p_TCGA_116_163_164_183_N_GenomeWideSNP_6_H02_914390	1	152773905	161353363	5218	0.5053
LEMUR_p_TCGA_116_163_164_183_N_GenomeWideSNP_6_H02_914390	1	161355007	161409230	28	-0.0356
LEMUR_p_TCGA_116_163_164_183_N_GenomeWideSNP_6_H02_914390	1	161446128	169216937	6099	0.5362
LEMUR_p_TCGA_116_163_164_183_N_GenomeWideSNP_6_H02_914390	1	169233974	169241766	7	1.3496
LEMUR_p_TCGA_116_163_164_183_N_GenomeWideSNP_6_H02_914390	1	169242401	179323738	6624	0.567
LEMUR_p_TCGA_116_163_164_183_N_GenomeWideSNP_6_H02_914390	1	179330528	179333315	4	-0.8369
LEMUR_p_TCGA_116_163_164_183_N_GenomeWideSNP_6_H02_914390	1	179339206	190830417	7675	0.5847
LEMUR_p_TCGA_116_163_164_183_N_GenomeWideSNP_6_H02_914390	1	190831895	190837365	6	-0.173
LEMUR_p_TCGA_116_163_164_183_N_GenomeWideSNP_6_H02_914390	1	190841884	193155792	1495	0.6069
LEMUR_p_TCGA_116_163_164_183_N_GenomeWideSNP_6_H02_914390	1	193156279	193156348	4	-0.8833
LEMUR_p_TCGA_116_163_164_183_N_GenomeWideSNP_6_H02_914390	1	193159723	196714873	2404	0.6146
LEMUR_p_TCGA_116_163_164_183_N_GenomeWideSNP_6_H02_914390	1	196727850	196732086	4	-1.7389
LEMUR_p_TCGA_116_163_164_183_N_GenomeWideSNP_6_H02_914390	1	196738623	196812507	90	0.7596
LEMUR_p_TCGA_116_163_164_183_N_GenomeWideSNP_6_H02_914390	1	196812530	196815791	2	4.1392
LEMUR_p_TCGA_116_163_164_183_N_GenomeWideSNP_6_H02_914390	1	196816730	202567553	3697	0.5587
LEMUR_p_TCGA_116_163_164_183_N_GenomeWideSNP_6_H02_914390	1	202567713	202567786	2	-0.8233
LEMUR_p_TCGA_116_163_164_183_N_GenomeWideSNP_6_H02_914390	1	202568542	229811169	18200	0.4901
LEMUR_p_TCGA_116_163_164_183_N_GenomeWideSNP_6_H02_914390	1	229816856	229820196	3	-1.2253
LEMUR_p_TCGA_116_163_164_183_N_GenomeWideSNP_6_H02_914390	1	229820456	240391740	8129	0.3397
LEMUR_p_TCGA_116_163_164_183_N_GenomeWideSNP_6_H02_914390	1	240394015	240394139	6	-0.9287
LEMUR_p_TCGA_116_163_164_183_N_GenomeWideSNP_6_H02_914390	1	240396105	248298552	5534	0.3335
LEMUR_p_TCGA_116_163_164_183_N_GenomeWideSNP_6_H02_914390	1	248299487	248300225	2	-1.4238
LEMUR_p_TCGA_116_163_164_183_N_GenomeWideSNP_6_H02_914390	1	248303192	249224388	399	0.3115
LEMUR_p_TCGA_116_163_164_183_N_GenomeWideSNP_6_H02_914390	2	12784	32995764	22773	-0.2046
LEMUR_p_TCGA_116_163_164_183_N_GenomeWideSNP_6_H02_914390	2	32996189	33012188	17	-0.6475
LEMUR_p_TCGA_116_163_164_183_N_GenomeWideSNP_6_H02_914390	2	33013339	34691069	1310	-0.2004
LEMUR_p_TCGA_116_163_164_183_N_GenomeWideSNP_6_H02_914390	2	34699315	34737163	47	-2.0093
LEMUR_p_TCGA_116_163_164_183_N_GenomeWideSNP_6_H02_914390	2	34737556	37987680	2461	-0.2065
LEMUR_p_TCGA_116_163_164_183_N_GenomeWideSNP_6_H02_914390	2	37989416	37990079	2	-1.9743
LEMUR_p_TCGA_116_163_164_183_N_GenomeWideSNP_6_H02_914390	2	37994076	52741737	10579	-0.1917
LEMUR_p_TCGA_116_163_164_183_N_GenomeWideSNP_6_H02_914390	2	52743925	52754881	8	0.7376
LEMUR_p_TCGA_116_163_164_183_N_GenomeWideSNP_6_H02_914390	2	52758753	52781412	29	0.1557
LEMUR_p_TCGA_116_163_164_183_N_GenomeWideSNP_6_H02_914390	2	52781497	52781542	4	0.7455
LEMUR_p_TCGA_116_163_164_183_N_GenomeWideSNP_6_H02_914390	2	52787949	90248497	23028	-0.1958
LEMUR_p_TCGA_116_163_164_183_N_GenomeWideSNP_6_H02_914390	2	90248524	106874722	6636	0.1069
LEMUR_p_TCGA_116_163_164_183_N_GenomeWideSNP_6_H02_914390	2	106880095	106885357	12	0.6968
LEMUR_p_TCGA_116_163_164_183_N_GenomeWideSNP_6_H02_914390	2	106887255	129638478	13462	0.0898
LEMUR_p_TCGA_116_163_164_183_N_GenomeWideSNP_6_H02_914390	2	129638502	129640297	13	-0.5293
LEMUR_p_TCGA_116_163_164_183_N_GenomeWideSNP_6_H02_914390	2	129640315	130793856	876	0.0555
LEMUR_p_TCGA_116_163_164_183_N_GenomeWideSNP_6_H02_914390	2	130793883	130849237	12	0.6928
LEMUR_p_TCGA_116_163_164_183_N_GenomeWideSNP_6_H02_914390	2	130849304	132731387	641	0.044
LEMUR_p_TCGA_116_163_164_183_N_GenomeWideSNP_6_H02_914390	2	132731650	132881513	46	0.3173
LEMUR_p_TCGA_116_163_164_183_N_GenomeWideSNP_6_H02_914390	2	132882672	132883131	2	1.4167
LEMUR_p_TCGA_116_163_164_183_N_GenomeWideSNP_6_H02_914390	2	132893026	146862085	8903	0.142
LEMUR_p_TCGA_116_163_164_183_N_GenomeWideSNP_6_H02_914390	2	146864404	146866934	24	0.9891
LEMUR_p_TCGA_116_163_164_183_N_GenomeWideSNP_6_H02_914390	2	146877806	182370174	21855	0.1423
LEMUR_p_TCGA_116_163_164_183_N_GenomeWideSNP_6_H02_914390	2	182372151	182817552	254	0.4054
LEMUR_p_TCGA_116_163_164_183_N_GenomeWideSNP_6_H02_914390	2	182818300	194976748	6938	0.1426
LEMUR_p_TCGA_116_163_164_183_N_GenomeWideSNP_6_H02_914390	2	194987693	194989558	3	-1.2471
LEMUR_p_TCGA_116_163_164_183_N_GenomeWideSNP_6_H02_914390	2	194989600	242976551	30029	0.1096
LEMUR_p_TCGA_116_163_164_183_N_GenomeWideSNP_6_H02_914390	2	242976880	243089456	80	-0.1349
LEMUR_p_TCGA_116_163_164_183_N_GenomeWideSNP_6_H02_914390	3	60345	12682783	10533	-0.1946
LEMUR_p_TCGA_116_163_164_183_N_GenomeWideSNP_6_H02_914390	3	12690657	12701406	36	0.061
LEMUR_p_TCGA_116_163_164_183_N_GenomeWideSNP_6_H02_914390	3	12701434	16239063	2371	-0.2319
LEMUR_p_TCGA_116_163_164_183_N_GenomeWideSNP_6_H02_914390	3	16240556	16241179	6	-2.9754
LEMUR_p_TCGA_116_163_164_183_N_GenomeWideSNP_6_H02_914390	3	16241325	63040149	30571	-0.1894
LEMUR_p_TCGA_116_163_164_183_N_GenomeWideSNP_6_H02_914390	3	63041182	63430848	320	0.1759
LEMUR_p_TCGA_116_163_164_183_N_GenomeWideSNP_6_H02_914390	3	63433571	65188453	1538	-0.1544
LEMUR_p_TCGA_116_163_164_183_N_GenomeWideSNP_6_H02_914390	3	65189235	65199568	30	-1.2305
LEMUR_p_TCGA_116_163_164_183_N_GenomeWideSNP_6_H02_914390	3	65199702	65203532	7	0.2178
LEMUR_p_TCGA_116_163_164_183_N_GenomeWideSNP_6_H02_914390	3	65203538	65210452	16	-0.8767
LEMUR_p_TCGA_116_163_164_183_N_GenomeWideSNP_6_H02_914390	3	65216349	68721327	2409	-0.162
LEMUR_p_TCGA_116_163_164_183_N_GenomeWideSNP_6_H02_914390	3	68722043	68747012	15	0.3493
LEMUR_p_TCGA_116_163_164_183_N_GenomeWideSNP_6_H02_914390	3	68747243	75421170	4877	-0.1819
LEMUR_p_TCGA_116_163_164_183_N_GenomeWideSNP_6_H02_914390	3	75427107	75516091	41	-0.5841
LEMUR_p_TCGA_116_163_164_183_N_GenomeWideSNP_6_H02_914390	3	75527182	106319692	15477	-0.0279
LEMUR_p_TCGA_116_163_164_183_N_GenomeWideSNP_6_H02_914390	3	106319855	106324895	3	-1.1964
LEMUR_p_TCGA_116_163_164_183_N_GenomeWideSNP_6_H02_914390	3	106325145	115912429	5841	0.0798
LEMUR_p_TCGA_116_163_164_183_N_GenomeWideSNP_6_H02_914390	3	115913202	116211209	234	0.4039
LEMUR_p_TCGA_116_163_164_183_N_GenomeWideSNP_6_H02_914390	3	116212243	126402966	6427	0.0592
LEMUR_p_TCGA_116_163_164_183_N_GenomeWideSNP_6_H02_914390	3	126407294	126415807	3	-0.5993
LEMUR_p_TCGA_116_163_164_183_N_GenomeWideSNP_6_H02_914390	3	126418081	129786739	1845	-0.1363
LEMUR_p_TCGA_116_163_164_183_N_GenomeWideSNP_6_H02_914390	3	129786753	129806998	44	-0.3674
LEMUR_p_TCGA_116_163_164_183_N_GenomeWideSNP_6_H02_914390	3	129808276	129868734	24	0.2255
LEMUR_p_TCGA_116_163_164_183_N_GenomeWideSNP_6_H02_914390	3	129871535	131706696	1146	-0.0955
LEMUR_p_TCGA_116_163_164_183_N_GenomeWideSNP_6_H02_914390	3	131708157	131708471	2	-2.1477
LEMUR_p_TCGA_116_163_164_183_N_GenomeWideSNP_6_H02_914390	3	131714999	137027956	3316	-0.0935
LEMUR_p_TCGA_116_163_164_183_N_GenomeWideSNP_6_H02_914390	3	137027958	137027962	3	1.1674
LEMUR_p_TCGA_116_163_164_183_N_GenomeWideSNP_6_H02_914390	3	137027963	145633406	5404	0.0169
LEMUR_p_TCGA_116_163_164_183_N_GenomeWideSNP_6_H02_914390	3	145641922	145641934	2	-1.7039
LEMUR_p_TCGA_116_163_164_183_N_GenomeWideSNP_6_H02_914390	3	145642365	162512739	10391	0.1178
LEMUR_p_TCGA_116_163_164_183_N_GenomeWideSNP_6_H02_914390	3	162513092	162530870	13	0.5165
LEMUR_p_TCGA_116_163_164_183_N_GenomeWideSNP_6_H02_914390	3	162532950	162540490	7	-1.7319
LEMUR_p_TCGA_116_163_164_183_N_GenomeWideSNP_6_H02_914390	3	162545716	162623853	44	0.5105
LEMUR_p_TCGA_116_163_164_183_N_GenomeWideSNP_6_H02_914390	3	162623881	186415520	14467	0.1211
LEMUR_p_TCGA_116_163_164_183_N_GenomeWideSNP_6_H02_914390	3	186415534	186434797	19	0.4933
LEMUR_p_TCGA_116_163_164_183_N_GenomeWideSNP_6_H02_914390	3	186436604	192877962	4715	0.1154
LEMUR_p_TCGA_116_163_164_183_N_GenomeWideSNP_6_H02_914390	3	192878045	192879006	5	1.3465
LEMUR_p_TCGA_116_163_164_183_N_GenomeWideSNP_6_H02_914390	3	192880473	195285898	1499	0.0686
LEMUR_p_TCGA_116_163_164_183_N_GenomeWideSNP_6_H02_914390	3	195383142	195442582	24	0.4263
LEMUR_p_TCGA_116_163_164_183_N_GenomeWideSNP_6_H02_914390	3	195446597	195455940	10	-0.0538
LEMUR_p_TCGA_116_163_164_183_N_GenomeWideSNP_6_H02_914390	3	195455956	195456889	3	-1.1749
LEMUR_p_TCGA_116_163_164_183_N_GenomeWideSNP_6_H02_914390	3	195460696	196963612	708	0.071
LEMUR_p_TCGA_116_163_164_183_N_GenomeWideSNP_6_H02_914390	3	196964038	197834148	437	-0.5576
LEMUR_p_TCGA_116_163_164_183_N_GenomeWideSNP_6_H02_914390	3	197834346	197896118	36	-0.0906
LEMUR_p_TCGA_116_163_164_183_N_GenomeWideSNP_6_H02_914390	4	12281	68821	59	-0.3417
LEMUR_p_TCGA_116_163_164_183_N_GenomeWideSNP_6_H02_914390	4	68911	9456977	5194	0.3126
LEMUR_p_TCGA_116_163_164_183_N_GenomeWideSNP_6_H02_914390	4	9461230	9470734	4	-0.8177
LEMUR_p_TCGA_116_163_164_183_N_GenomeWideSNP_6_H02_914390	4	9471258	10210294	550	0.334
LEMUR_p_TCGA_116_163_164_183_N_GenomeWideSNP_6_H02_914390	4	10210390	10228880	9	0.9897
LEMUR_p_TCGA_116_163_164_183_N_GenomeWideSNP_6_H02_914390	4	10228927	10390122	197	0.3968
LEMUR_p_TCGA_116_163_164_183_N_GenomeWideSNP_6_H02_914390	4	10390715	10399355	14	-0.0534
LEMUR_p_TCGA_116_163_164_183_N_GenomeWideSNP_6_H02_914390	4	10400156	34786500	16816	0.4216
LEMUR_p_TCGA_116_163_164_183_N_GenomeWideSNP_6_H02_914390	4	34786955	34824183	36	0.996
LEMUR_p_TCGA_116_163_164_183_N_GenomeWideSNP_6_H02_914390	4	34824725	45005755	6648	0.3972
LEMUR_p_TCGA_116_163_164_183_N_GenomeWideSNP_6_H02_914390	4	45006192	45006335	3	-3.2873
LEMUR_p_TCGA_116_163_164_183_N_GenomeWideSNP_6_H02_914390	4	45010969	61921726	8429	0.522
LEMUR_p_TCGA_116_163_164_183_N_GenomeWideSNP_6_H02_914390	4	61921856	62336016	234	-0.1052
LEMUR_p_TCGA_116_163_164_183_N_GenomeWideSNP_6_H02_914390	4	62339692	63667834	718	-0.6075
LEMUR_p_TCGA_116_163_164_183_N_GenomeWideSNP_6_H02_914390	4	63669936	63679630	9	-2.0651
LEMUR_p_TCGA_116_163_164_183_N_GenomeWideSNP_6_H02_914390	4	63684502	64697469	555	-0.6493
LEMUR_p_TCGA_116_163_164_183_N_GenomeWideSNP_6_H02_914390	4	64697517	64705785	20	0.023
LEMUR_p_TCGA_116_163_164_183_N_GenomeWideSNP_6_H02_914390	4	64707581	70120322	3270	-0.6417
LEMUR_p_TCGA_116_163_164_183_N_GenomeWideSNP_6_H02_914390	4	70120699	70232124	61	-0.2338
LEMUR_p_TCGA_116_163_164_183_N_GenomeWideSNP_6_H02_914390	4	70236151	91284943	13102	-0.6647
LEMUR_p_TCGA_116_163_164_183_N_GenomeWideSNP_6_H02_914390	4	91287152	91291498	8	-2.2134
LEMUR_p_TCGA_116_163_164_183_N_GenomeWideSNP_6_H02_914390	4	91294368	115173700	14202	-0.6505
LEMUR_p_TCGA_116_163_164_183_N_GenomeWideSNP_6_H02_914390	4	115175323	115179443	13	-1.1697
LEMUR_p_TCGA_116_163_164_183_N_GenomeWideSNP_6_H02_914390	4	115179456	115182175	10	-2.5629
LEMUR_p_TCGA_116_163_164_183_N_GenomeWideSNP_6_H02_914390	4	115184229	152789786	22095	-0.645
LEMUR_p_TCGA_116_163_164_183_N_GenomeWideSNP_6_H02_914390	4	152791533	152792567	12	-1.7828
LEMUR_p_TCGA_116_163_164_183_N_GenomeWideSNP_6_H02_914390	4	152792891	154799942	1322	-0.6822
LEMUR_p_TCGA_116_163_164_183_N_GenomeWideSNP_6_H02_914390	4	154803947	154808086	9	-1.9897
LEMUR_p_TCGA_116_163_164_183_N_GenomeWideSNP_6_H02_914390	4	154811058	172369346	11207	-0.6469
LEMUR_p_TCGA_116_163_164_183_N_GenomeWideSNP_6_H02_914390	4	172374884	172377724	11	0.7398
LEMUR_p_TCGA_116_163_164_183_N_GenomeWideSNP_6_H02_914390	4	172377776	172989148	397	-0.6329
LEMUR_p_TCGA_116_163_164_183_N_GenomeWideSNP_6_H02_914390	4	172989166	172989533	11	0.4567
LEMUR_p_TCGA_116_163_164_183_N_GenomeWideSNP_6_H02_914390	4	172995979	185245106	8209	-0.6811
LEMUR_p_TCGA_116_163_164_183_N_GenomeWideSNP_6_H02_914390	4	185245185	185245610	2	-3.3876
LEMUR_p_TCGA_116_163_164_183_N_GenomeWideSNP_6_H02_914390	4	185246047	191027923	3877	-0.7033
LEMUR_p_TCGA_116_163_164_183_N_GenomeWideSNP_6_H02_914390	5	15532	12800889	10227	0.0735
LEMUR_p_TCGA_116_163_164_183_N_GenomeWideSNP_6_H02_914390	5	12815780	12838533	14	-1.3893
LEMUR_p_TCGA_116_163_164_183_N_GenomeWideSNP_6_H02_914390	5	12849201	21376844	5492	0.1084
LEMUR_p_TCGA_116_163_164_183_N_GenomeWideSNP_6_H02_914390	5	21377839	21377853	2	2.1228
LEMUR_p_TCGA_116_163_164_183_N_GenomeWideSNP_6_H02_914390	5	21386066	21449219	44	0.0746
LEMUR_p_TCGA_116_163_164_183_N_GenomeWideSNP_6_H02_914390	5	21449276	21452438	6	1.2654
LEMUR_p_TCGA_116_163_164_183_N_GenomeWideSNP_6_H02_914390	5	21452496	27524452	3556	0.1404
LEMUR_p_TCGA_116_163_164_183_N_GenomeWideSNP_6_H02_914390	5	27525390	27525932	5	-0.9356
LEMUR_p_TCGA_116_163_164_183_N_GenomeWideSNP_6_H02_914390	5	27525945	49481184	11503	0.1027
LEMUR_p_TCGA_116_163_164_183_N_GenomeWideSNP_6_H02_914390	5	49496975	52402048	1689	-0.159
LEMUR_p_TCGA_116_163_164_183_N_GenomeWideSNP_6_H02_914390	5	52404519	52409439	3	-2.2605
LEMUR_p_TCGA_116_163_164_183_N_GenomeWideSNP_6_H02_914390	5	52411785	68829347	10693	-0.2028
LEMUR_p_TCGA_116_163_164_183_N_GenomeWideSNP_6_H02_914390	5	68846303	70254906	19	0.5722
LEMUR_p_TCGA_116_163_164_183_N_GenomeWideSNP_6_H02_914390	5	70306659	94132163	13789	-0.1875
LEMUR_p_TCGA_116_163_164_183_N_GenomeWideSNP_6_H02_914390	5	94133721	94133833	2	-1.918
LEMUR_p_TCGA_116_163_164_183_N_GenomeWideSNP_6_H02_914390	5	94136815	96050141	1199	-0.2083
LEMUR_p_TCGA_116_163_164_183_N_GenomeWideSNP_6_H02_914390	5	96053605	97006483	589	-0.6111
LEMUR_p_TCGA_116_163_164_183_N_GenomeWideSNP_6_H02_914390	5	97008582	98090982	639	-0.1573
LEMUR_p_TCGA_116_163_164_183_N_GenomeWideSNP_6_H02_914390	5	98095969	98266341	84	-0.5866
LEMUR_p_TCGA_116_163_164_183_N_GenomeWideSNP_6_H02_914390	5	98270264	105509144	4280	-0.1869
LEMUR_p_TCGA_116_163_164_183_N_GenomeWideSNP_6_H02_914390	5	105511631	105718514	97	-0.531
LEMUR_p_TCGA_116_163_164_183_N_GenomeWideSNP_6_H02_914390	5	105731197	151514171	29651	-0.1972
LEMUR_p_TCGA_116_163_164_183_N_GenomeWideSNP_6_H02_914390	5	151515386	151518063	9	-1.4042
LEMUR_p_TCGA_116_163_164_183_N_GenomeWideSNP_6_H02_914390	5	151518088	155475105	2662	-0.2079
LEMUR_p_TCGA_116_163_164_183_N_GenomeWideSNP_6_H02_914390	5	155476772	155482729	14	-0.9033
LEMUR_p_TCGA_116_163_164_183_N_GenomeWideSNP_6_H02_914390	5	155495250	167082941	7758	-0.2008
LEMUR_p_TCGA_116_163_164_183_N_GenomeWideSNP_6_H02_914390	5	167083732	167083930	2	-1.6288
LEMUR_p_TCGA_116_163_164_183_N_GenomeWideSNP_6_H02_914390	5	167085745	171235014	3229	-0.2305
LEMUR_p_TCGA_116_163_164_183_N_GenomeWideSNP_6_H02_914390	5	171235239	171238693	4	-1.799
LEMUR_p_TCGA_116_163_164_183_N_GenomeWideSNP_6_H02_914390	5	171238734	177198449	3834	-0.2633
LEMUR_p_TCGA_116_163_164_183_N_GenomeWideSNP_6_H02_914390	5	177227551	177232605	3	1.9089
LEMUR_p_TCGA_116_163_164_183_N_GenomeWideSNP_6_H02_914390	5	177254965	180378888	1815	-0.3078
LEMUR_p_TCGA_116_163_164_183_N_GenomeWideSNP_6_H02_914390	5	180380203	180406968	9	-1.1165
LEMUR_p_TCGA_116_163_164_183_N_GenomeWideSNP_6_H02_914390	5	180407230	180790320	179	-0.2484
LEMUR_p_TCGA_116_163_164_183_N_GenomeWideSNP_6_H02_914390	6	149661	254283	101	0.1107
LEMUR_p_TCGA_116_163_164_183_N_GenomeWideSNP_6_H02_914390	6	257353	294837	23	-0.5359
LEMUR_p_TCGA_116_163_164_183_N_GenomeWideSNP_6_H02_914390	6	302306	19040119	14680	0.1138
LEMUR_p_TCGA_116_163_164_183_N_GenomeWideSNP_6_H02_914390	6	19042181	19044869	8	-1.0445
LEMUR_p_TCGA_116_163_164_183_N_GenomeWideSNP_6_H02_914390	6	19044898	23060991	2929	0.1553
LEMUR_p_TCGA_116_163_164_183_N_GenomeWideSNP_6_H02_914390	6	23060995	23064254	3	-1.0296
LEMUR_p_TCGA_116_163_164_183_N_GenomeWideSNP_6_H02_914390	6	23067645	31280823	4691	0.1253
LEMUR_p_TCGA_116_163_164_183_N_GenomeWideSNP_6_H02_914390	6	31286276	31295406	7	-2.4236
LEMUR_p_TCGA_116_163_164_183_N_GenomeWideSNP_6_H02_914390	6	31295953	32497206	528	0.1522
LEMUR_p_TCGA_116_163_164_183_N_GenomeWideSNP_6_H02_914390	6	32501299	32530144	8	-1.013
LEMUR_p_TCGA_116_163_164_183_N_GenomeWideSNP_6_H02_914390	6	32530298	32587457	23	-0.0299
LEMUR_p_TCGA_116_163_164_183_N_GenomeWideSNP_6_H02_914390	6	32593021	32602107	7	-1.4476
LEMUR_p_TCGA_116_163_164_183_N_GenomeWideSNP_6_H02_914390	6	32602269	53931151	13764	0.1054
LEMUR_p_TCGA_116_163_164_183_N_GenomeWideSNP_6_H02_914390	6	53931230	53931855	6	-1.9734
LEMUR_p_TCGA_116_163_164_183_N_GenomeWideSNP_6_H02_914390	6	53935348	78971712	13303	0.1839
LEMUR_p_TCGA_116_163_164_183_N_GenomeWideSNP_6_H02_914390	6	78971781	79026686	93	-0.1757
LEMUR_p_TCGA_116_163_164_183_N_GenomeWideSNP_6_H02_914390	6	79026701	95181002	10395	0.1909
LEMUR_p_TCGA_116_163_164_183_N_GenomeWideSNP_6_H02_914390	6	95181217	95181515	2	-1.1218
LEMUR_p_TCGA_116_163_164_183_N_GenomeWideSNP_6_H02_914390	6	95187852	103738039	5112	0.2198
LEMUR_p_TCGA_116_163_164_183_N_GenomeWideSNP_6_H02_914390	6	103738084	103751338	17	-0.3734
LEMUR_p_TCGA_116_163_164_183_N_GenomeWideSNP_6_H02_914390	6	103751564	105323455	1011	0.2077
LEMUR_p_TCGA_116_163_164_183_N_GenomeWideSNP_6_H02_914390	6	105327727	105587720	145	3.085
LEMUR_p_TCGA_116_163_164_183_N_GenomeWideSNP_6_H02_914390	6	105588578	105636304	32	0.0172
LEMUR_p_TCGA_116_163_164_183_N_GenomeWideSNP_6_H02_914390	6	105640775	105779955	95	2.9226
LEMUR_p_TCGA_116_163_164_183_N_GenomeWideSNP_6_H02_914390	6	105781538	105899972	66	0.0025
LEMUR_p_TCGA_116_163_164_183_N_GenomeWideSNP_6_H02_914390	6	105907955	106222241	204	2.8316
LEMUR_p_TCGA_116_163_164_183_N_GenomeWideSNP_6_H02_914390	6	106222920	106348578	100	0.0258
LEMUR_p_TCGA_116_163_164_183_N_GenomeWideSNP_6_H02_914390	6	106351761	106464068	74	2.8119
LEMUR_p_TCGA_116_163_164_183_N_GenomeWideSNP_6_H02_914390	6	106469891	106487938	11	-0.0162
LEMUR_p_TCGA_116_163_164_183_N_GenomeWideSNP_6_H02_914390	6	106491032	106745161	179	2.9117
LEMUR_p_TCGA_116_163_164_183_N_GenomeWideSNP_6_H02_914390	6	106747131	106751387	5	-0.1619
LEMUR_p_TCGA_116_163_164_183_N_GenomeWideSNP_6_H02_914390	6	106757858	106794159	36	2.8584
LEMUR_p_TCGA_116_163_164_183_N_GenomeWideSNP_6_H02_914390	6	106794861	106877696	63	-0.0151
LEMUR_p_TCGA_116_163_164_183_N_GenomeWideSNP_6_H02_914390	6	106884592	106981285	69	0.9647
LEMUR_p_TCGA_116_163_164_183_N_GenomeWideSNP_6_H02_914390	6	106981421	107081022	95	2.8474
LEMUR_p_TCGA_116_163_164_183_N_GenomeWideSNP_6_H02_914390	6	107082196	107082675	3	-0.1715
LEMUR_p_TCGA_116_163_164_183_N_GenomeWideSNP_6_H02_914390	6	107085574	107091199	6	2.6181
LEMUR_p_TCGA_116_163_164_183_N_GenomeWideSNP_6_H02_914390	6	107091290	107128371	12	3.429
LEMUR_p_TCGA_116_163_164_183_N_GenomeWideSNP_6_H02_914390	6	107129085	107221942	83	2.7384
LEMUR_p_TCGA_116_163_164_183_N_GenomeWideSNP_6_H02_914390	6	107222467	107241055	11	0.0509
LEMUR_p_TCGA_116_163_164_183_N_GenomeWideSNP_6_H02_914390	6	107241341	107372212	81	2.8774
LEMUR_p_TCGA_116_163_164_183_N_GenomeWideSNP_6_H02_914390	6	107373042	107391987	17	-0.1575
LEMUR_p_TCGA_116_163_164_183_N_GenomeWideSNP_6_H02_914390	6	107396658	107457555	37	2.9386
LEMUR_p_TCGA_116_163_164_183_N_GenomeWideSNP_6_H02_914390	6	107458285	171051005	41845	0.1867
LEMUR_p_TCGA_116_163_164_183_N_GenomeWideSNP_6_H02_914390	7	43355	4229671	2149	0.0709
LEMUR_p_TCGA_116_163_164_183_N_GenomeWideSNP_6_H02_914390	7	4233222	4236043	3	-1.165
LEMUR_p_TCGA_116_163_164_183_N_GenomeWideSNP_6_H02_914390	7	4239039	24035127	15030	0.1572
LEMUR_p_TCGA_116_163_164_183_N_GenomeWideSNP_6_H02_914390	7	24039878	24040383	2	1.8077
LEMUR_p_TCGA_116_163_164_183_N_GenomeWideSNP_6_H02_914390	7	24040817	50187815	18231	0.1312
LEMUR_p_TCGA_116_163_164_183_N_GenomeWideSNP_6_H02_914390	7	50193102	51157314	777	-0.2348
LEMUR_p_TCGA_116_163_164_183_N_GenomeWideSNP_6_H02_914390	7	51157333	53218912	1542	0.1543
LEMUR_p_TCGA_116_163_164_183_N_GenomeWideSNP_6_H02_914390	7	53222388	53224225	3	-0.932
LEMUR_p_TCGA_116_163_164_183_N_GenomeWideSNP_6_H02_914390	7	53224572	64594065	3994	0.1369
LEMUR_p_TCGA_116_163_164_183_N_GenomeWideSNP_6_H02_914390	7	64594341	64595104	3	1.25
LEMUR_p_TCGA_116_163_164_183_N_GenomeWideSNP_6_H02_914390	7	64595118	64997972	185	0.1586
LEMUR_p_TCGA_116_163_164_183_N_GenomeWideSNP_6_H02_914390	7	65002681	65026492	5	-0.5414
LEMUR_p_TCGA_116_163_164_183_N_GenomeWideSNP_6_H02_914390	7	65051738	70420438	2966	0.0647
LEMUR_p_TCGA_116_163_164_183_N_GenomeWideSNP_6_H02_914390	7	70423250	70426141	2	-3.4368
LEMUR_p_TCGA_116_163_164_183_N_GenomeWideSNP_6_H02_914390	7	70428243	87572530	9564	0.1524
LEMUR_p_TCGA_116_163_164_183_N_GenomeWideSNP_6_H02_914390	7	87576216	87697843	74	-0.107
LEMUR_p_TCGA_116_163_164_183_N_GenomeWideSNP_6_H02_914390	7	87698037	97395462	6231	0.1473
LEMUR_p_TCGA_116_163_164_183_N_GenomeWideSNP_6_H02_914390	7	97395465	97401959	8	0.8627
LEMUR_p_TCGA_116_163_164_183_N_GenomeWideSNP_6_H02_914390	7	97401977	109433798	6644	0.0998
LEMUR_p_TCGA_116_163_164_183_N_GenomeWideSNP_6_H02_914390	7	109437092	109453803	32	0.6067
LEMUR_p_TCGA_116_163_164_183_N_GenomeWideSNP_6_H02_914390	7	109453819	121515756	7274	0.1672
LEMUR_p_TCGA_116_163_164_183_N_GenomeWideSNP_6_H02_914390	7	121519069	121572718	32	-0.2581
LEMUR_p_TCGA_116_163_164_183_N_GenomeWideSNP_6_H02_914390	7	121573646	125743714	2537	0.1645
LEMUR_p_TCGA_116_163_164_183_N_GenomeWideSNP_6_H02_914390	7	125744741	125744831	2	-1.3488
LEMUR_p_TCGA_116_163_164_183_N_GenomeWideSNP_6_H02_914390	7	125744916	126046543	207	0.2223
LEMUR_p_TCGA_116_163_164_183_N_GenomeWideSNP_6_H02_914390	7	126046600	126046877	4	1.2583
LEMUR_p_TCGA_116_163_164_183_N_GenomeWideSNP_6_H02_914390	7	126046878	130502130	2451	0.1165
LEMUR_p_TCGA_116_163_164_183_N_GenomeWideSNP_6_H02_914390	7	130519078	130713701	148	0.9283
LEMUR_p_TCGA_116_163_164_183_N_GenomeWideSNP_6_H02_914390	7	130717723	133778429	2100	0.1317
LEMUR_p_TCGA_116_163_164_183_N_GenomeWideSNP_6_H02_914390	7	133778468	133790443	30	0.622
LEMUR_p_TCGA_116_163_164_183_N_GenomeWideSNP_6_H02_914390	7	133795634	134397826	487	0.1481
LEMUR_p_TCGA_116_163_164_183_N_GenomeWideSNP_6_H02_914390	7	134400089	134400128	2	-1.2065
LEMUR_p_TCGA_116_163_164_183_N_GenomeWideSNP_6_H02_914390	7	134400693	156391790	14192	0.1241
LEMUR_p_TCGA_116_163_164_183_N_GenomeWideSNP_6_H02_914390	7	156393168	156394179	3	-4.0029
LEMUR_p_TCGA_116_163_164_183_N_GenomeWideSNP_6_H02_914390	7	156394908	156748924	182	0.0694
LEMUR_p_TCGA_116_163_164_183_N_GenomeWideSNP_6_H02_914390	7	156749036	157928460	705	-0.2957
LEMUR_p_TCGA_116_163_164_183_N_GenomeWideSNP_6_H02_914390	7	157928710	159127004	737	-0.6888
LEMUR_p_TCGA_116_163_164_183_N_GenomeWideSNP_6_H02_914390	8	31254	593041	326	-0.1833
LEMUR_p_TCGA_116_163_164_183_N_GenomeWideSNP_6_H02_914390	8	594944	595908	10	1.388
LEMUR_p_TCGA_116_163_164_183_N_GenomeWideSNP_6_H02_914390	8	601043	887943	186	-0.317
LEMUR_p_TCGA_116_163_164_183_N_GenomeWideSNP_6_H02_914390	8	892565	2874353	1779	0.116
LEMUR_p_TCGA_116_163_164_183_N_GenomeWideSNP_6_H02_914390	8	2889892	2890763	3	-1.4645
LEMUR_p_TCGA_116_163_164_183_N_GenomeWideSNP_6_H02_914390	8	2896524	11949551	8995	0.1209
LEMUR_p_TCGA_116_163_164_183_N_GenomeWideSNP_6_H02_914390	8	11987726	12001123	6	-1.0101
LEMUR_p_TCGA_116_163_164_183_N_GenomeWideSNP_6_H02_914390	8	12034307	24976202	10551	0.1296
LEMUR_p_TCGA_116_163_164_183_N_GenomeWideSNP_6_H02_914390	8	24976536	24991274	24	0.5185
LEMUR_p_TCGA_116_163_164_183_N_GenomeWideSNP_6_H02_914390	8	24991289	39361689	9083	0.1043
LEMUR_p_TCGA_116_163_164_183_N_GenomeWideSNP_6_H02_914390	8	39362929	39370474	4	-0.8909
LEMUR_p_TCGA_116_163_164_183_N_GenomeWideSNP_6_H02_914390	8	39374732	87885734	27261	0.1427
LEMUR_p_TCGA_116_163_164_183_N_GenomeWideSNP_6_H02_914390	8	87891805	87891810	2	-1.0843
LEMUR_p_TCGA_116_163_164_183_N_GenomeWideSNP_6_H02_914390	8	87892332	112294466	14802	0.1536
LEMUR_p_TCGA_116_163_164_183_N_GenomeWideSNP_6_H02_914390	8	112294670	112295245	5	-2.4897
LEMUR_p_TCGA_116_163_164_183_N_GenomeWideSNP_6_H02_914390	8	112295260	120152010	4974	0.1653
LEMUR_p_TCGA_116_163_164_183_N_GenomeWideSNP_6_H02_914390	8	120154784	120159446	4	-3.3822
LEMUR_p_TCGA_116_163_164_183_N_GenomeWideSNP_6_H02_914390	8	120162854	122422787	1475	0.1503
LEMUR_p_TCGA_116_163_164_183_N_GenomeWideSNP_6_H02_914390	8	122426155	122427029	2	-1.0632
LEMUR_p_TCGA_116_163_164_183_N_GenomeWideSNP_6_H02_914390	8	122427278	146298155	16490	0.118
LEMUR_p_TCGA_116_163_164_183_N_GenomeWideSNP_6_H02_914390	9	46587	197543	24	0.0934
LEMUR_p_TCGA_116_163_164_183_N_GenomeWideSNP_6_H02_914390	9	203310	492461	356	-0.2531
LEMUR_p_TCGA_116_163_164_183_N_GenomeWideSNP_6_H02_914390	9	495138	602903	132	0.7549
LEMUR_p_TCGA_116_163_164_183_N_GenomeWideSNP_6_H02_914390	9	606699	606961	4	1.8292
LEMUR_p_TCGA_116_163_164_183_N_GenomeWideSNP_6_H02_914390	9	607307	9001239	8132	0.7255
LEMUR_p_TCGA_116_163_164_183_N_GenomeWideSNP_6_H02_914390	9	9008618	9010032	3	2.0462
LEMUR_p_TCGA_116_163_164_183_N_GenomeWideSNP_6_H02_914390	9	9010336	9294413	239	0.771
LEMUR_p_TCGA_116_163_164_183_N_GenomeWideSNP_6_H02_914390	9	9294415	9308675	10	0.3025
LEMUR_p_TCGA_116_163_164_183_N_GenomeWideSNP_6_H02_914390	9	9311838	9328048	18	1.1963
LEMUR_p_TCGA_116_163_164_183_N_GenomeWideSNP_6_H02_914390	9	9328077	23361805	11553	0.7418
LEMUR_p_TCGA_116_163_164_183_N_GenomeWideSNP_6_H02_914390	9	23363115	23373484	8	-3.0024
LEMUR_p_TCGA_116_163_164_183_N_GenomeWideSNP_6_H02_914390	9	23378488	30792970	5517	0.5674
LEMUR_p_TCGA_116_163_164_183_N_GenomeWideSNP_6_H02_914390	9	30793248	35873245	3207	0.3064
LEMUR_p_TCGA_116_163_164_183_N_GenomeWideSNP_6_H02_914390	9	35874516	37033159	793	0.6894
LEMUR_p_TCGA_116_163_164_183_N_GenomeWideSNP_6_H02_914390	9	37033361	37034617	2	-0.4631
LEMUR_p_TCGA_116_163_164_183_N_GenomeWideSNP_6_H02_914390	9	37034669	37163530	61	0.6233
LEMUR_p_TCGA_116_163_164_183_N_GenomeWideSNP_6_H02_914390	9	37167839	38296609	707	0.2889
LEMUR_p_TCGA_116_163_164_183_N_GenomeWideSNP_6_H02_914390	9	38297366	38796107	439	0.68
LEMUR_p_TCGA_116_163_164_183_N_GenomeWideSNP_6_H02_914390	9	38796311	39084139	25	0.3058
LEMUR_p_TCGA_116_163_164_183_N_GenomeWideSNP_6_H02_914390	9	39089270	39283389	52	0.751
LEMUR_p_TCGA_116_163_164_183_N_GenomeWideSNP_6_H02_914390	9	39283453	43602726	131	0.4423
LEMUR_p_TCGA_116_163_164_183_N_GenomeWideSNP_6_H02_914390	9	43612162	43800186	27	1.077
LEMUR_p_TCGA_116_163_164_183_N_GenomeWideSNP_6_H02_914390	9	44114872	140252788	48106	0.503
LEMUR_p_TCGA_116_163_164_183_N_GenomeWideSNP_6_H02_914390	9	140252947	140255833	4	-0.457
LEMUR_p_TCGA_116_163_164_183_N_GenomeWideSNP_6_H02_914390	9	140273003	141091394	413	0.4716
LEMUR_p_TCGA_116_163_164_183_N_GenomeWideSNP_6_H02_914390	10	72809	6974139	6012	-0.0455
LEMUR_p_TCGA_116_163_164_183_N_GenomeWideSNP_6_H02_914390	10	6975676	6978117	2	-1.2742
LEMUR_p_TCGA_116_163_164_183_N_GenomeWideSNP_6_H02_914390	10	6978201	24375263	13235	0.059
LEMUR_p_TCGA_116_163_164_183_N_GenomeWideSNP_6_H02_914390	10	24377674	24378908	12	1.0185
LEMUR_p_TCGA_116_163_164_183_N_GenomeWideSNP_6_H02_914390	10	24378951	27223903	1992	0.0729
LEMUR_p_TCGA_116_163_164_183_N_GenomeWideSNP_6_H02_914390	10	27225904	27229993	14	0.5419
LEMUR_p_TCGA_116_163_164_183_N_GenomeWideSNP_6_H02_914390	10	27230675	29303281	1444	0.066
LEMUR_p_TCGA_116_163_164_183_N_GenomeWideSNP_6_H02_914390	10	29303592	29304156	2	-2.6906
LEMUR_p_TCGA_116_163_164_183_N_GenomeWideSNP_6_H02_914390	10	29305956	31246510	1586	0.0557
LEMUR_p_TCGA_116_163_164_183_N_GenomeWideSNP_6_H02_914390	10	31251334	31251822	12	-0.4183
LEMUR_p_TCGA_116_163_164_183_N_GenomeWideSNP_6_H02_914390	10	31251885	48958519	7944	0.0757
LEMUR_p_TCGA_116_163_164_183_N_GenomeWideSNP_6_H02_914390	10	49031175	49390308	26	0.4371
LEMUR_p_TCGA_116_163_164_183_N_GenomeWideSNP_6_H02_914390	10	49390449	51812707	1434	0.0636
LEMUR_p_TCGA_116_163_164_183_N_GenomeWideSNP_6_H02_914390	10	51817626	52005303	24	0.4224
LEMUR_p_TCGA_116_163_164_183_N_GenomeWideSNP_6_H02_914390	10	52006252	67307951	11013	0.0753
LEMUR_p_TCGA_116_163_164_183_N_GenomeWideSNP_6_H02_914390	10	67308017	67310955	13	0.5612
LEMUR_p_TCGA_116_163_164_183_N_GenomeWideSNP_6_H02_914390	10	67311130	68673445	1068	-0.0696
LEMUR_p_TCGA_116_163_164_183_N_GenomeWideSNP_6_H02_914390	10	68677644	68678084	2	-1.6732
LEMUR_p_TCGA_116_163_164_183_N_GenomeWideSNP_6_H02_914390	10	68679080	81994177	8441	-0.1353
LEMUR_p_TCGA_116_163_164_183_N_GenomeWideSNP_6_H02_914390	10	81994318	83800470	1262	-0.5265
LEMUR_p_TCGA_116_163_164_183_N_GenomeWideSNP_6_H02_914390	10	83801456	83804011	2	-2.6194
LEMUR_p_TCGA_116_163_164_183_N_GenomeWideSNP_6_H02_914390	10	83804090	135506704	35490	-0.5403
LEMUR_p_TCGA_116_163_164_183_N_GenomeWideSNP_6_H02_914390	11	198510	4967396	2463	-0.7081
LEMUR_p_TCGA_116_163_164_183_N_GenomeWideSNP_6_H02_914390	11	4967650	4976865	41	0.0715
LEMUR_p_TCGA_116_163_164_183_N_GenomeWideSNP_6_H02_914390	11	4976878	18940870	10219	-0.7046
LEMUR_p_TCGA_116_163_164_183_N_GenomeWideSNP_6_H02_914390	11	18949072	18971175	63	-0.0774
LEMUR_p_TCGA_116_163_164_183_N_GenomeWideSNP_6_H02_914390	11	18971380	22639720	3120	-0.6943
LEMUR_p_TCGA_116_163_164_183_N_GenomeWideSNP_6_H02_914390	11	22640845	22641750	2	-2.9555
LEMUR_p_TCGA_116_163_164_183_N_GenomeWideSNP_6_H02_914390	11	22642521	25660676	2160	-0.6407
LEMUR_p_TCGA_116_163_164_183_N_GenomeWideSNP_6_H02_914390	11	25662734	25664199	3	-2.7853
LEMUR_p_TCGA_116_163_164_183_N_GenomeWideSNP_6_H02_914390	11	25664801	32458219	4564	-0.6516
LEMUR_p_TCGA_116_163_164_183_N_GenomeWideSNP_6_H02_914390	11	32458624	32458807	2	-3.2954
LEMUR_p_TCGA_116_163_164_183_N_GenomeWideSNP_6_H02_914390	11	32462576	40082660	5362	-0.6729
LEMUR_p_TCGA_116_163_164_183_N_GenomeWideSNP_6_H02_914390	11	40083087	40426864	258	-1.3849
LEMUR_p_TCGA_116_163_164_183_N_GenomeWideSNP_6_H02_914390	11	40428718	42311108	1322	-0.627
LEMUR_p_TCGA_116_163_164_183_N_GenomeWideSNP_6_H02_914390	11	42314825	42320950	8	-1.951
LEMUR_p_TCGA_116_163_164_183_N_GenomeWideSNP_6_H02_914390	11	42323209	50524009	4581	-0.693
LEMUR_p_TCGA_116_163_164_183_N_GenomeWideSNP_6_H02_914390	11	50573226	55376280	420	-0.1681
LEMUR_p_TCGA_116_163_164_183_N_GenomeWideSNP_6_H02_914390	11	55376498	55453009	51	-0.9135
LEMUR_p_TCGA_116_163_164_183_N_GenomeWideSNP_6_H02_914390	11	55453576	58483300	1899	-0.2567
LEMUR_p_TCGA_116_163_164_183_N_GenomeWideSNP_6_H02_914390	11	58484471	59445407	512	-0.7241
LEMUR_p_TCGA_116_163_164_183_N_GenomeWideSNP_6_H02_914390	11	59445838	67472145	3823	-0.2784
LEMUR_p_TCGA_116_163_164_183_N_GenomeWideSNP_6_H02_914390	11	67472333	67749322	79	0.0125
LEMUR_p_TCGA_116_163_164_183_N_GenomeWideSNP_6_H02_914390	11	67764080	74098495	3309	-0.2947
LEMUR_p_TCGA_116_163_164_183_N_GenomeWideSNP_6_H02_914390	11	74098645	74114801	4	-2.3444
LEMUR_p_TCGA_116_163_164_183_N_GenomeWideSNP_6_H02_914390	11	74115817	74744595	377	-0.2519
LEMUR_p_TCGA_116_163_164_183_N_GenomeWideSNP_6_H02_914390	11	74746553	74746631	2	-1.6666
LEMUR_p_TCGA_116_163_164_183_N_GenomeWideSNP_6_H02_914390	11	74750776	90972178	10767	-0.227
LEMUR_p_TCGA_116_163_164_183_N_GenomeWideSNP_6_H02_914390	11	90973773	90973849	2	-2.8534
LEMUR_p_TCGA_116_163_164_183_N_GenomeWideSNP_6_H02_914390	11	90974786	95184355	3015	-0.212
LEMUR_p_TCGA_116_163_164_183_N_GenomeWideSNP_6_H02_914390	11	95186029	95186307	3	-1.5858
LEMUR_p_TCGA_116_163_164_183_N_GenomeWideSNP_6_H02_914390	11	95186913	122405236	19059	-0.2189
LEMUR_p_TCGA_116_163_164_183_N_GenomeWideSNP_6_H02_914390	11	122419576	122434043	5	-0.8141
LEMUR_p_TCGA_116_163_164_183_N_GenomeWideSNP_6_H02_914390	11	122438616	123443122	802	-0.3075
LEMUR_p_TCGA_116_163_164_183_N_GenomeWideSNP_6_H02_914390	11	123444231	123444722	2	-1.432
LEMUR_p_TCGA_116_163_164_183_N_GenomeWideSNP_6_H02_914390	11	123447713	128390163	3839	-0.2348
LEMUR_p_TCGA_116_163_164_183_N_GenomeWideSNP_6_H02_914390	11	128390216	128390791	10	-0.8523
LEMUR_p_TCGA_116_163_164_183_N_GenomeWideSNP_6_H02_914390	11	128390820	131742600	2450	-0.2557
LEMUR_p_TCGA_116_163_164_183_N_GenomeWideSNP_6_H02_914390	11	131743653	132177320	360	0.0942
LEMUR_p_TCGA_116_163_164_183_N_GenomeWideSNP_6_H02_914390	11	132182134	132185326	8	-0.2423
LEMUR_p_TCGA_116_163_164_183_N_GenomeWideSNP_6_H02_914390	11	132186477	134944770	2084	-0.7121
LEMUR_p_TCGA_116_163_164_183_N_GenomeWideSNP_6_H02_914390	12	150442	180697	6	-0.064
LEMUR_p_TCGA_116_163_164_183_N_GenomeWideSNP_6_H02_914390	12	191054	358015	112	-0.6937
LEMUR_p_TCGA_116_163_164_183_N_GenomeWideSNP_6_H02_914390	12	361241	1971278	964	-0.2468
LEMUR_p_TCGA_116_163_164_183_N_GenomeWideSNP_6_H02_914390	12	1976308	9630556	5122	0.0606
LEMUR_p_TCGA_116_163_164_183_N_GenomeWideSNP_6_H02_914390	12	9633870	9728292	25	1.1253
LEMUR_p_TCGA_116_163_164_183_N_GenomeWideSNP_6_H02_914390	12	9734969	11512492	1189	0.1005
LEMUR_p_TCGA_116_163_164_183_N_GenomeWideSNP_6_H02_914390	12	11512531	11522187	12	-0.7176
LEMUR_p_TCGA_116_163_164_183_N_GenomeWideSNP_6_H02_914390	12	11523026	11523542	2	0.7152
LEMUR_p_TCGA_116_163_164_183_N_GenomeWideSNP_6_H02_914390	12	11523565	11543406	15	-0.3258
LEMUR_p_TCGA_116_163_164_183_N_GenomeWideSNP_6_H02_914390	12	11552192	11799341	170	0.1027
LEMUR_p_TCGA_116_163_164_183_N_GenomeWideSNP_6_H02_914390	12	11803074	11803198	4	-0.8039
LEMUR_p_TCGA_116_163_164_183_N_GenomeWideSNP_6_H02_914390	12	11803256	23398795	7925	0.1302
LEMUR_p_TCGA_116_163_164_183_N_GenomeWideSNP_6_H02_914390	12	23401034	23403714	2	-0.9793
LEMUR_p_TCGA_116_163_164_183_N_GenomeWideSNP_6_H02_914390	12	23404163	38186749	8243	0.1129
LEMUR_p_TCGA_116_163_164_183_N_GenomeWideSNP_6_H02_914390	12	38207042	42904578	2884	-0.1914
LEMUR_p_TCGA_116_163_164_183_N_GenomeWideSNP_6_H02_914390	12	42907861	43099764	140	-0.7959
LEMUR_p_TCGA_116_163_164_183_N_GenomeWideSNP_6_H02_914390	12	43100267	45899504	1707	-0.2059
LEMUR_p_TCGA_116_163_164_183_N_GenomeWideSNP_6_H02_914390	12	45899825	45909537	5	0.9697
LEMUR_p_TCGA_116_163_164_183_N_GenomeWideSNP_6_H02_914390	12	45913292	57568141	6598	-0.2631
LEMUR_p_TCGA_116_163_164_183_N_GenomeWideSNP_6_H02_914390	12	57575233	57621709	11	3.3885
LEMUR_p_TCGA_116_163_164_183_N_GenomeWideSNP_6_H02_914390	12	57622821	57918002	120	-0.263
LEMUR_p_TCGA_116_163_164_183_N_GenomeWideSNP_6_H02_914390	12	57921188	57975570	32	0.0613
LEMUR_p_TCGA_116_163_164_183_N_GenomeWideSNP_6_H02_914390	12	57976647	58125438	66	-0.2816
LEMUR_p_TCGA_116_163_164_183_N_GenomeWideSNP_6_H02_914390	12	58133256	58158558	21	2.9248
LEMUR_p_TCGA_116_163_164_183_N_GenomeWideSNP_6_H02_914390	12	58162739	58850246	505	-0.1838
LEMUR_p_TCGA_116_163_164_183_N_GenomeWideSNP_6_H02_914390	12	58852848	58862111	13	3.1392
LEMUR_p_TCGA_116_163_164_183_N_GenomeWideSNP_6_H02_914390	12	58872558	58898549	30	-0.1157
LEMUR_p_TCGA_116_163_164_183_N_GenomeWideSNP_6_H02_914390	12	58900521	59006884	86	3.0751
LEMUR_p_TCGA_116_163_164_183_N_GenomeWideSNP_6_H02_914390	12	59008627	60556093	1028	-0.1438
LEMUR_p_TCGA_116_163_164_183_N_GenomeWideSNP_6_H02_914390	12	60557347	60577663	14	3.9629
LEMUR_p_TCGA_116_163_164_183_N_GenomeWideSNP_6_H02_914390	12	60578658	61610022	571	-0.1476
LEMUR_p_TCGA_116_163_164_183_N_GenomeWideSNP_6_H02_914390	12	61611330	61623650	18	3.5904
LEMUR_p_TCGA_116_163_164_183_N_GenomeWideSNP_6_H02_914390	12	61626765	64247657	1653	-0.1816
LEMUR_p_TCGA_116_163_164_183_N_GenomeWideSNP_6_H02_914390	12	64250233	64250898	3	3.5453
LEMUR_p_TCGA_116_163_164_183_N_GenomeWideSNP_6_H02_914390	12	64256052	64333645	45	-0.2368
LEMUR_p_TCGA_116_163_164_183_N_GenomeWideSNP_6_H02_914390	12	64335085	64339934	4	3.0992
LEMUR_p_TCGA_116_163_164_183_N_GenomeWideSNP_6_H02_914390	12	64346815	64928106	306	-0.2313
LEMUR_p_TCGA_116_163_164_183_N_GenomeWideSNP_6_H02_914390	12	64928957	64971147	23	0.1031
LEMUR_p_TCGA_116_163_164_183_N_GenomeWideSNP_6_H02_914390	12	64973433	66611511	967	-0.2205
LEMUR_p_TCGA_116_163_164_183_N_GenomeWideSNP_6_H02_914390	12	66616625	66654512	27	3.0627
LEMUR_p_TCGA_116_163_164_183_N_GenomeWideSNP_6_H02_914390	12	66657172	67560083	723	-0.2115
LEMUR_p_TCGA_116_163_164_183_N_GenomeWideSNP_6_H02_914390	12	67564152	67587768	15	3.1626
LEMUR_p_TCGA_116_163_164_183_N_GenomeWideSNP_6_H02_914390	12	67588216	70871858	2311	-0.1997
LEMUR_p_TCGA_116_163_164_183_N_GenomeWideSNP_6_H02_914390	12	70872675	70878027	9	-0.8797
LEMUR_p_TCGA_116_163_164_183_N_GenomeWideSNP_6_H02_914390	12	70879385	71314429	342	-0.1528
LEMUR_p_TCGA_116_163_164_183_N_GenomeWideSNP_6_H02_914390	12	71320774	71326013	3	4.2192
LEMUR_p_TCGA_116_163_164_183_N_GenomeWideSNP_6_H02_914390	12	71339300	73298808	1211	-0.1844
LEMUR_p_TCGA_116_163_164_183_N_GenomeWideSNP_6_H02_914390	12	73303228	73306020	4	2.8609
LEMUR_p_TCGA_116_163_164_183_N_GenomeWideSNP_6_H02_914390	12	73308563	133778189	39784	0.0895
LEMUR_p_TCGA_116_163_164_183_N_GenomeWideSNP_6_H02_914390	13	19026949	23629187	2897	-0.2611
LEMUR_p_TCGA_116_163_164_183_N_GenomeWideSNP_6_H02_914390	13	23629210	23633515	13	-2.4991
LEMUR_p_TCGA_116_163_164_183_N_GenomeWideSNP_6_H02_914390	13	23638195	33418336	7354	-0.2564
LEMUR_p_TCGA_116_163_164_183_N_GenomeWideSNP_6_H02_914390	13	33420042	57751096	15810	-0.6864
LEMUR_p_TCGA_116_163_164_183_N_GenomeWideSNP_6_H02_914390	13	57758270	57789714	35	-2.0868
LEMUR_p_TCGA_116_163_164_183_N_GenomeWideSNP_6_H02_914390	13	57790009	71439474	8368	-0.661
LEMUR_p_TCGA_116_163_164_183_N_GenomeWideSNP_6_H02_914390	13	71440508	90007381	11804	-1.4152
LEMUR_p_TCGA_116_163_164_183_N_GenomeWideSNP_6_H02_914390	13	90007568	108878296	13661	-0.6198
LEMUR_p_TCGA_116_163_164_183_N_GenomeWideSNP_6_H02_914390	13	108878403	115108397	4104	-0.1633
LEMUR_p_TCGA_116_163_164_183_N_GenomeWideSNP_6_H02_914390	14	19002124	20420239	188	0.0135
LEMUR_p_TCGA_116_163_164_183_N_GenomeWideSNP_6_H02_914390	14	20422583	20427502	10	-0.2419
LEMUR_p_TCGA_116_163_164_183_N_GenomeWideSNP_6_H02_914390	14	20427613	20433057	5	-1.1071
LEMUR_p_TCGA_116_163_164_183_N_GenomeWideSNP_6_H02_914390	14	20433101	22116895	1113	-0.2599
LEMUR_p_TCGA_116_163_164_183_N_GenomeWideSNP_6_H02_914390	14	22117398	22117475	2	-2.3083
LEMUR_p_TCGA_116_163_164_183_N_GenomeWideSNP_6_H02_914390	14	22121921	23099390	863	-0.1242
LEMUR_p_TCGA_116_163_164_183_N_GenomeWideSNP_6_H02_914390	14	23099619	23099685	2	-1.677
LEMUR_p_TCGA_116_163_164_183_N_GenomeWideSNP_6_H02_914390	14	23099742	70018047	29509	-0.1982
LEMUR_p_TCGA_116_163_164_183_N_GenomeWideSNP_6_H02_914390	14	70018368	70022467	8	-1.4043
LEMUR_p_TCGA_116_163_164_183_N_GenomeWideSNP_6_H02_914390	14	70022713	73995774	2626	-0.2516
LEMUR_p_TCGA_116_163_164_183_N_GenomeWideSNP_6_H02_914390	14	74001123	74029900	10	0.6209
LEMUR_p_TCGA_116_163_164_183_N_GenomeWideSNP_6_H02_914390	14	74029915	86460642	8278	-0.2227
LEMUR_p_TCGA_116_163_164_183_N_GenomeWideSNP_6_H02_914390	14	86460726	86490211	37	-1.0231
LEMUR_p_TCGA_116_163_164_183_N_GenomeWideSNP_6_H02_914390	14	86490334	107174572	12854	-0.2539
LEMUR_p_TCGA_116_163_164_183_N_GenomeWideSNP_6_H02_914390	14	107176213	107179496	7	-1.2239
LEMUR_p_TCGA_116_163_164_183_N_GenomeWideSNP_6_H02_914390	14	107179847	107285437	70	-0.2111
LEMUR_p_TCGA_116_163_164_183_N_GenomeWideSNP_6_H02_914390	15	20016328	24397392	1304	-0.2077
LEMUR_p_TCGA_116_163_164_183_N_GenomeWideSNP_6_H02_914390	15	24397562	24434532	23	-0.7998
LEMUR_p_TCGA_116_163_164_183_N_GenomeWideSNP_6_H02_914390	15	24442219	24571349	63	-0.1404
LEMUR_p_TCGA_116_163_164_183_N_GenomeWideSNP_6_H02_914390	15	24574757	24778891	101	0.2567
LEMUR_p_TCGA_116_163_164_183_N_GenomeWideSNP_6_H02_914390	15	24782267	39236247	9479	-0.2377
LEMUR_p_TCGA_116_163_164_183_N_GenomeWideSNP_6_H02_914390	15	39236370	39237168	3	-1.4711
LEMUR_p_TCGA_116_163_164_183_N_GenomeWideSNP_6_H02_914390	15	39238819	61802591	14339	-0.2567
LEMUR_p_TCGA_116_163_164_183_N_GenomeWideSNP_6_H02_914390	15	61806182	66897231	3151	0.0344
LEMUR_p_TCGA_116_163_164_183_N_GenomeWideSNP_6_H02_914390	15	66900946	72570693	3725	-0.2686
LEMUR_p_TCGA_116_163_164_183_N_GenomeWideSNP_6_H02_914390	15	72575735	76891241	2155	0.0217
LEMUR_p_TCGA_116_163_164_183_N_GenomeWideSNP_6_H02_914390	15	76891511	76895775	21	-2.1935
LEMUR_p_TCGA_116_163_164_183_N_GenomeWideSNP_6_H02_914390	15	76902179	102469040	17689	0.0558
LEMUR_p_TCGA_116_163_164_183_N_GenomeWideSNP_6_H02_914390	16	60777	17225640	12097	0.277
LEMUR_p_TCGA_116_163_164_183_N_GenomeWideSNP_6_H02_914390	16	17225837	17225850	2	-1.2286
LEMUR_p_TCGA_116_163_164_183_N_GenomeWideSNP_6_H02_914390	16	17226114	18931591	816	0.3825
LEMUR_p_TCGA_116_163_164_183_N_GenomeWideSNP_6_H02_914390	16	18932074	18983015	23	0.0788
LEMUR_p_TCGA_116_163_164_183_N_GenomeWideSNP_6_H02_914390	16	18987960	19011444	13	0.6647
LEMUR_p_TCGA_116_163_164_183_N_GenomeWideSNP_6_H02_914390	16	19015434	19944363	581	0.2357
LEMUR_p_TCGA_116_163_164_183_N_GenomeWideSNP_6_H02_914390	16	19945650	19965875	28	-0.6864
LEMUR_p_TCGA_116_163_164_183_N_GenomeWideSNP_6_H02_914390	16	19967362	54368954	12504	0.2726
LEMUR_p_TCGA_116_163_164_183_N_GenomeWideSNP_6_H02_914390	16	54369043	54369523	4	-0.9623
LEMUR_p_TCGA_116_163_164_183_N_GenomeWideSNP_6_H02_914390	16	54372863	55795214	1256	0.3119
LEMUR_p_TCGA_116_163_164_183_N_GenomeWideSNP_6_H02_914390	16	55796389	55822397	21	0.7125
LEMUR_p_TCGA_116_163_164_183_N_GenomeWideSNP_6_H02_914390	16	55822444	75536272	11846	0.3089
LEMUR_p_TCGA_116_163_164_183_N_GenomeWideSNP_6_H02_914390	16	75539408	75575997	20	0.849
LEMUR_p_TCGA_116_163_164_183_N_GenomeWideSNP_6_H02_914390	16	75575998	78371608	2566	0.3186
LEMUR_p_TCGA_116_163_164_183_N_GenomeWideSNP_6_H02_914390	16	78372440	78384738	16	-2.6761
LEMUR_p_TCGA_116_163_164_183_N_GenomeWideSNP_6_H02_914390	16	78384765	86770924	8840	0.2958
LEMUR_p_TCGA_116_163_164_183_N_GenomeWideSNP_6_H02_914390	16	86771069	86771845	3	1.1491
LEMUR_p_TCGA_116_163_164_183_N_GenomeWideSNP_6_H02_914390	16	86774324	90287535	1804	0.2738
LEMUR_p_TCGA_116_163_164_183_N_GenomeWideSNP_6_H02_914390	17	526	18283209	11415	-0.2392
LEMUR_p_TCGA_116_163_164_183_N_GenomeWideSNP_6_H02_914390	17	18283297	18283699	6	0.4649
LEMUR_p_TCGA_116_163_164_183_N_GenomeWideSNP_6_H02_914390	17	18283713	18319862	17	-0.1326
LEMUR_p_TCGA_116_163_164_183_N_GenomeWideSNP_6_H02_914390	17	18355392	18474646	31	0.407
LEMUR_p_TCGA_116_163_164_183_N_GenomeWideSNP_6_H02_914390	17	18496306	19003421	175	-0.1905
LEMUR_p_TCGA_116_163_164_183_N_GenomeWideSNP_6_H02_914390	17	19004063	19015652	2	1.1265
LEMUR_p_TCGA_116_163_164_183_N_GenomeWideSNP_6_H02_914390	17	19030156	34436708	6742	-0.2443
LEMUR_p_TCGA_116_163_164_183_N_GenomeWideSNP_6_H02_914390	17	34437128	34586294	41	0.7502
LEMUR_p_TCGA_116_163_164_183_N_GenomeWideSNP_6_H02_914390	17	34629696	39421708	2538	-0.2758
LEMUR_p_TCGA_116_163_164_183_N_GenomeWideSNP_6_H02_914390	17	39423014	39430531	24	1.6611
LEMUR_p_TCGA_116_163_164_183_N_GenomeWideSNP_6_H02_914390	17	39432724	44394420	2641	-0.283
LEMUR_p_TCGA_116_163_164_183_N_GenomeWideSNP_6_H02_914390	17	44401067	44752283	44	0.2916
LEMUR_p_TCGA_116_163_164_183_N_GenomeWideSNP_6_H02_914390	17	44752300	49227606	2311	-0.3141
LEMUR_p_TCGA_116_163_164_183_N_GenomeWideSNP_6_H02_914390	17	49228282	53622343	3037	0.1262
LEMUR_p_TCGA_116_163_164_183_N_GenomeWideSNP_6_H02_914390	17	53623010	53623116	2	-1.2272
LEMUR_p_TCGA_116_163_164_183_N_GenomeWideSNP_6_H02_914390	17	53626142	55687489	1667	0.0958
LEMUR_p_TCGA_116_163_164_183_N_GenomeWideSNP_6_H02_914390	17	55688333	55688993	2	-1.8913
LEMUR_p_TCGA_116_163_164_183_N_GenomeWideSNP_6_H02_914390	17	55691993	65208523	5129	0.0639
LEMUR_p_TCGA_116_163_164_183_N_GenomeWideSNP_6_H02_914390	17	65209339	65482042	141	0.4908
LEMUR_p_TCGA_116_163_164_183_N_GenomeWideSNP_6_H02_914390	17	65482142	67396741	1129	0.0906
LEMUR_p_TCGA_116_163_164_183_N_GenomeWideSNP_6_H02_914390	17	67397728	68957589	1157	0.3798
LEMUR_p_TCGA_116_163_164_183_N_GenomeWideSNP_6_H02_914390	17	68957963	68957993	2	-1.4276
LEMUR_p_TCGA_116_163_164_183_N_GenomeWideSNP_6_H02_914390	17	68960866	76289418	4718	0.4866
LEMUR_p_TCGA_116_163_164_183_N_GenomeWideSNP_6_H02_914390	17	76290899	76901465	378	0.8081
LEMUR_p_TCGA_116_163_164_183_N_GenomeWideSNP_6_H02_914390	17	76905119	77978239	595	0.4528
LEMUR_p_TCGA_116_163_164_183_N_GenomeWideSNP_6_H02_914390	17	77979216	77991228	3	0.9141
LEMUR_p_TCGA_116_163_164_183_N_GenomeWideSNP_6_H02_914390	17	77993096	78212495	148	0.2464
LEMUR_p_TCGA_116_163_164_183_N_GenomeWideSNP_6_H02_914390	17	78214199	78285436	39	0.5248
LEMUR_p_TCGA_116_163_164_183_N_GenomeWideSNP_6_H02_914390	17	78290095	81049726	1170	0.256
LEMUR_p_TCGA_116_163_164_183_N_GenomeWideSNP_6_H02_914390	18	11543	668258	455	0.4856
LEMUR_p_TCGA_116_163_164_183_N_GenomeWideSNP_6_H02_914390	18	668300	10345341	7169	1.0071
LEMUR_p_TCGA_116_163_164_183_N_GenomeWideSNP_6_H02_914390	18	10345799	11607290	921	0.6452
LEMUR_p_TCGA_116_163_164_183_N_GenomeWideSNP_6_H02_914390	18	11607467	11610492	4	1.0761
LEMUR_p_TCGA_116_163_164_183_N_GenomeWideSNP_6_H02_914390	18	11625900	14351752	1588	0.5867
LEMUR_p_TCGA_116_163_164_183_N_GenomeWideSNP_6_H02_914390	18	14352852	63717753	30252	0.2648
LEMUR_p_TCGA_116_163_164_183_N_GenomeWideSNP_6_H02_914390	18	63721579	63732807	16	-0.2421
LEMUR_p_TCGA_116_163_164_183_N_GenomeWideSNP_6_H02_914390	18	63732828	77996113	10426	0.3476
LEMUR_p_TCGA_116_163_164_183_N_GenomeWideSNP_6_H02_914390	18	77997606	78015057	11	-0.5001
LEMUR_p_TCGA_116_163_164_183_N_GenomeWideSNP_6_H02_914390	19	90910	20594676	8982	0.0421
LEMUR_p_TCGA_116_163_164_183_N_GenomeWideSNP_6_H02_914390	19	20596206	20721234	72	-0.2265
LEMUR_p_TCGA_116_163_164_183_N_GenomeWideSNP_6_H02_914390	19	20721462	21814919	623	0.3417
LEMUR_p_TCGA_116_163_164_183_N_GenomeWideSNP_6_H02_914390	19	21815640	21821731	5	1.0112
LEMUR_p_TCGA_116_163_164_183_N_GenomeWideSNP_6_H02_914390	19	21822322	24504061	1566	0.3078
LEMUR_p_TCGA_116_163_164_183_N_GenomeWideSNP_6_H02_914390	19	24504105	34903493	4922	-0.0286
LEMUR_p_TCGA_116_163_164_183_N_GenomeWideSNP_6_H02_914390	19	34905044	35855449	651	0.2332
LEMUR_p_TCGA_116_163_164_183_N_GenomeWideSNP_6_H02_914390	19	35856043	35861669	17	-0.5064
LEMUR_p_TCGA_116_163_164_183_N_GenomeWideSNP_6_H02_914390	19	35861779	40246340	2200	0.1061
LEMUR_p_TCGA_116_163_164_183_N_GenomeWideSNP_6_H02_914390	19	40248029	40285876	34	3.2252
LEMUR_p_TCGA_116_163_164_183_N_GenomeWideSNP_6_H02_914390	19	40290276	40703536	224	0.0256
LEMUR_p_TCGA_116_163_164_183_N_GenomeWideSNP_6_H02_914390	19	40706978	40708395	3	1.4728
LEMUR_p_TCGA_116_163_164_183_N_GenomeWideSNP_6_H02_914390	19	40711333	40717395	4	3.7858
LEMUR_p_TCGA_116_163_164_183_N_GenomeWideSNP_6_H02_914390	19	40720368	43354452	1296	0.0418
LEMUR_p_TCGA_116_163_164_183_N_GenomeWideSNP_6_H02_914390	19	43362652	43377287	6	3.298
LEMUR_p_TCGA_116_163_164_183_N_GenomeWideSNP_6_H02_914390	19	43378907	43846394	222	0.1763
LEMUR_p_TCGA_116_163_164_183_N_GenomeWideSNP_6_H02_914390	19	43852601	43856684	5	3.2927
LEMUR_p_TCGA_116_163_164_183_N_GenomeWideSNP_6_H02_914390	19	43866823	44168281	186	0.0158
LEMUR_p_TCGA_116_163_164_183_N_GenomeWideSNP_6_H02_914390	19	44169241	44191330	12	2.7335
LEMUR_p_TCGA_116_163_164_183_N_GenomeWideSNP_6_H02_914390	19	44193539	44198577	8	0.3971
LEMUR_p_TCGA_116_163_164_183_N_GenomeWideSNP_6_H02_914390	19	44199411	44516607	229	0.0122
LEMUR_p_TCGA_116_163_164_183_N_GenomeWideSNP_6_H02_914390	19	44516964	44534126	15	0.2887
LEMUR_p_TCGA_116_163_164_183_N_GenomeWideSNP_6_H02_914390	19	44535458	45190187	467	-0.2461
LEMUR_p_TCGA_116_163_164_183_N_GenomeWideSNP_6_H02_914390	19	45195839	45216013	23	3.0782
LEMUR_p_TCGA_116_163_164_183_N_GenomeWideSNP_6_H02_914390	19	45225345	45612330	142	-0.319
LEMUR_p_TCGA_116_163_164_183_N_GenomeWideSNP_6_H02_914390	19	45614840	45624987	12	2.6406
LEMUR_p_TCGA_116_163_164_183_N_GenomeWideSNP_6_H02_914390	19	45626117	45630887	4	-0.2746
LEMUR_p_TCGA_116_163_164_183_N_GenomeWideSNP_6_H02_914390	19	45631485	45670523	11	2.9129
LEMUR_p_TCGA_116_163_164_183_N_GenomeWideSNP_6_H02_914390	19	45681134	46652781	384	-0.2998
LEMUR_p_TCGA_116_163_164_183_N_GenomeWideSNP_6_H02_914390	19	46655387	46672147	9	3.1292
LEMUR_p_TCGA_116_163_164_183_N_GenomeWideSNP_6_H02_914390	19	46672822	46813033	72	-0.3054
LEMUR_p_TCGA_116_163_164_183_N_GenomeWideSNP_6_H02_914390	19	46816054	46824904	6	4.313
LEMUR_p_TCGA_116_163_164_183_N_GenomeWideSNP_6_H02_914390	19	46830052	47143779	153	-0.3072
LEMUR_p_TCGA_116_163_164_183_N_GenomeWideSNP_6_H02_914390	19	47146072	47158955	4	2.9088
LEMUR_p_TCGA_116_163_164_183_N_GenomeWideSNP_6_H02_914390	19	47166742	47331920	61	-0.2763
LEMUR_p_TCGA_116_163_164_183_N_GenomeWideSNP_6_H02_914390	19	47332685	49295596	955	0.0048
LEMUR_p_TCGA_116_163_164_183_N_GenomeWideSNP_6_H02_914390	19	49307461	49346360	12	2.7851
LEMUR_p_TCGA_116_163_164_183_N_GenomeWideSNP_6_H02_914390	19	49354522	50707717	542	0.0084
LEMUR_p_TCGA_116_163_164_183_N_GenomeWideSNP_6_H02_914390	19	50711865	50727668	8	2.4552
LEMUR_p_TCGA_116_163_164_183_N_GenomeWideSNP_6_H02_914390	19	50731685	52049899	729	-0.0083
LEMUR_p_TCGA_116_163_164_183_N_GenomeWideSNP_6_H02_914390	19	52058419	52084558	29	3.1375
LEMUR_p_TCGA_116_163_164_183_N_GenomeWideSNP_6_H02_914390	19	52089364	53109206	707	0.0603
LEMUR_p_TCGA_116_163_164_183_N_GenomeWideSNP_6_H02_914390	19	53110012	53123589	16	2.9007
LEMUR_p_TCGA_116_163_164_183_N_GenomeWideSNP_6_H02_914390	19	53125472	53316340	129	0.1002
LEMUR_p_TCGA_116_163_164_183_N_GenomeWideSNP_6_H02_914390	19	53319104	53376586	60	3.2244
LEMUR_p_TCGA_116_163_164_183_N_GenomeWideSNP_6_H02_914390	19	53378801	54306818	701	0.081
LEMUR_p_TCGA_116_163_164_183_N_GenomeWideSNP_6_H02_914390	19	54310961	54334379	7	3.0132
LEMUR_p_TCGA_116_163_164_183_N_GenomeWideSNP_6_H02_914390	19	54338042	55121269	388	0.0107
LEMUR_p_TCGA_116_163_164_183_N_GenomeWideSNP_6_H02_914390	19	55123190	55129905	7	3.3931
LEMUR_p_TCGA_116_163_164_183_N_GenomeWideSNP_6_H02_914390	19	55138377	55393722	153	0.1055
LEMUR_p_TCGA_116_163_164_183_N_GenomeWideSNP_6_H02_914390	19	55401657	55416785	9	3.2465
LEMUR_p_TCGA_116_163_164_183_N_GenomeWideSNP_6_H02_914390	19	55420039	55422997	3	0.095
LEMUR_p_TCGA_116_163_164_183_N_GenomeWideSNP_6_H02_914390	19	55426014	56273057	411	-0.2823
LEMUR_p_TCGA_116_163_164_183_N_GenomeWideSNP_6_H02_914390	19	56278050	56283067	6	0.8861
LEMUR_p_TCGA_116_163_164_183_N_GenomeWideSNP_6_H02_914390	19	56286293	56745782	353	-0.2588
LEMUR_p_TCGA_116_163_164_183_N_GenomeWideSNP_6_H02_914390	19	56750359	56751668	7	3.0615
LEMUR_p_TCGA_116_163_164_183_N_GenomeWideSNP_6_H02_914390	19	56752381	58808832	1353	-0.2625
LEMUR_p_TCGA_116_163_164_183_N_GenomeWideSNP_6_H02_914390	19	58813704	58828076	7	3.5704
LEMUR_p_TCGA_116_163_164_183_N_GenomeWideSNP_6_H02_914390	19	58829938	58902393	50	-0.1834
LEMUR_p_TCGA_116_163_164_183_N_GenomeWideSNP_6_H02_914390	19	58902662	58904531	5	0.5164
LEMUR_p_TCGA_116_163_164_183_N_GenomeWideSNP_6_H02_914390	19	58904592	59097854	74	-0.1874
LEMUR_p_TCGA_116_163_164_183_N_GenomeWideSNP_6_H02_914390	20	61305	1560999	1205	0.0915
LEMUR_p_TCGA_116_163_164_183_N_GenomeWideSNP_6_H02_914390	20	1561580	1582207	36	1.3859
LEMUR_p_TCGA_116_163_164_183_N_GenomeWideSNP_6_H02_914390	20	1590257	13049926	8878	0.1071
LEMUR_p_TCGA_116_163_164_183_N_GenomeWideSNP_6_H02_914390	20	13052350	15961689	2179	-0.6949
LEMUR_p_TCGA_116_163_164_183_N_GenomeWideSNP_6_H02_914390	20	15965919	15968880	3	-4.2609
LEMUR_p_TCGA_116_163_164_183_N_GenomeWideSNP_6_H02_914390	20	15968990	26305491	7725	-0.744
LEMUR_p_TCGA_116_163_164_183_N_GenomeWideSNP_6_H02_914390	20	26305579	29539691	32	0.3372
LEMUR_p_TCGA_116_163_164_183_N_GenomeWideSNP_6_H02_914390	20	29540629	48146229	11688	0.0496
LEMUR_p_TCGA_116_163_164_183_N_GenomeWideSNP_6_H02_914390	20	48146271	48234760	53	-0.9042
LEMUR_p_TCGA_116_163_164_183_N_GenomeWideSNP_6_H02_914390	20	48238437	62000155	10297	0.0517
LEMUR_p_TCGA_116_163_164_183_N_GenomeWideSNP_6_H02_914390	20	62000202	62315696	120	-0.2455
LEMUR_p_TCGA_116_163_164_183_N_GenomeWideSNP_6_H02_914390	20	62316155	62418939	43	-0.514
LEMUR_p_TCGA_116_163_164_183_N_GenomeWideSNP_6_H02_914390	20	62430238	62956153	206	-1.3725
LEMUR_p_TCGA_116_163_164_183_N_GenomeWideSNP_6_H02_914390	21	10736871	15211420	444	-0.3221
LEMUR_p_TCGA_116_163_164_183_N_GenomeWideSNP_6_H02_914390	21	15214314	17322142	1403	-0.6386
LEMUR_p_TCGA_116_163_164_183_N_GenomeWideSNP_6_H02_914390	21	17322343	21234580	2782	-0.1594
LEMUR_p_TCGA_116_163_164_183_N_GenomeWideSNP_6_H02_914390	21	21236964	23651134	1822	-0.6084
LEMUR_p_TCGA_116_163_164_183_N_GenomeWideSNP_6_H02_914390	21	23655900	23666999	10	-1.5985
LEMUR_p_TCGA_116_163_164_183_N_GenomeWideSNP_6_H02_914390	21	23669292	28513236	3771	-0.6378
LEMUR_p_TCGA_116_163_164_183_N_GenomeWideSNP_6_H02_914390	21	28514215	29018994	411	-0.1756
LEMUR_p_TCGA_116_163_164_183_N_GenomeWideSNP_6_H02_914390	21	29019013	33632443	3238	-0.6429
LEMUR_p_TCGA_116_163_164_183_N_GenomeWideSNP_6_H02_914390	21	33634625	35081039	915	-0.2397
LEMUR_p_TCGA_116_163_164_183_N_GenomeWideSNP_6_H02_914390	21	35084921	36993810	1485	-0.6533
LEMUR_p_TCGA_116_163_164_183_N_GenomeWideSNP_6_H02_914390	21	36998012	38692374	1111	-0.2547
LEMUR_p_TCGA_116_163_164_183_N_GenomeWideSNP_6_H02_914390	21	38695007	39763457	822	-0.6898
LEMUR_p_TCGA_116_163_164_183_N_GenomeWideSNP_6_H02_914390	21	39763539	40947257	1133	-0.2286
LEMUR_p_TCGA_116_163_164_183_N_GenomeWideSNP_6_H02_914390	21	40947315	40947352	2	-1.6746
LEMUR_p_TCGA_116_163_164_183_N_GenomeWideSNP_6_H02_914390	21	40947475	42122188	1098	-0.2242
LEMUR_p_TCGA_116_163_164_183_N_GenomeWideSNP_6_H02_914390	21	42123454	42124101	3	-1.7878
LEMUR_p_TCGA_116_163_164_183_N_GenomeWideSNP_6_H02_914390	21	42127721	44968053	2152	-0.2969
LEMUR_p_TCGA_116_163_164_183_N_GenomeWideSNP_6_H02_914390	21	44970873	44972812	2	-3.6749
LEMUR_p_TCGA_116_163_164_183_N_GenomeWideSNP_6_H02_914390	21	44973667	46384462	774	-0.299
LEMUR_p_TCGA_116_163_164_183_N_GenomeWideSNP_6_H02_914390	21	46384812	47700498	723	-0.7015
LEMUR_p_TCGA_116_163_164_183_N_GenomeWideSNP_6_H02_914390	21	47709814	48096957	262	-0.1644
LEMUR_p_TCGA_116_163_164_183_N_GenomeWideSNP_6_H02_914390	22	16052528	16152285	19	0.1222
LEMUR_p_TCGA_116_163_164_183_N_GenomeWideSNP_6_H02_914390	22	16205766	16205811	2	1.7273
LEMUR_p_TCGA_116_163_164_183_N_GenomeWideSNP_6_H02_914390	22	16206083	16248706	18	0.0805
LEMUR_p_TCGA_116_163_164_183_N_GenomeWideSNP_6_H02_914390	22	16281201	16425217	23	-0.3727
LEMUR_p_TCGA_116_163_164_183_N_GenomeWideSNP_6_H02_914390	22	16444867	18613557	1122	0.051
LEMUR_p_TCGA_116_163_164_183_N_GenomeWideSNP_6_H02_914390	22	18613737	18624771	7	0.3478
LEMUR_p_TCGA_116_163_164_183_N_GenomeWideSNP_6_H02_914390	22	18626129	18629028	7	-1.0421
LEMUR_p_TCGA_116_163_164_183_N_GenomeWideSNP_6_H02_914390	22	18630060	39290920	14270	0.0577
LEMUR_p_TCGA_116_163_164_183_N_GenomeWideSNP_6_H02_914390	22	39295255	39296904	3	-3.764
LEMUR_p_TCGA_116_163_164_183_N_GenomeWideSNP_6_H02_914390	22	39299114	49912045	7476	0.0152
LEMUR_p_TCGA_116_163_164_183_N_GenomeWideSNP_6_H02_914390	22	49912307	50859164	425	-0.2517
LEMUR_p_TCGA_116_163_164_183_N_GenomeWideSNP_6_H02_914390	22	50860932	51223995	189	-0.6324
LEMUR_p_TCGA_116_163_164_183_N_GenomeWideSNP_6_H02_914390	22	51231658	51234455	2	0.5569
LEMUR_p_TCGA_116_163_164_183_N_GenomeWideSNP_6_H02_914390	X	168477	682249	75	-0.0784
LEMUR_p_TCGA_116_163_164_183_N_GenomeWideSNP_6_H02_914390	X	682858	33840894	21114	0.2684
LEMUR_p_TCGA_116_163_164_183_N_GenomeWideSNP_6_H02_914390	X	33841190	34044373	157	-0.2368
LEMUR_p_TCGA_116_163_164_183_N_GenomeWideSNP_6_H02_914390	X	34046553	34077549	27	-0.8952
LEMUR_p_TCGA_116_163_164_183_N_GenomeWideSNP_6_H02_914390	X	34078794	53784003	10138	-0.1962
LEMUR_p_TCGA_116_163_164_183_N_GenomeWideSNP_6_H02_914390	X	53784780	56750472	1344	0.1526
LEMUR_p_TCGA_116_163_164_183_N_GenomeWideSNP_6_H02_914390	X	56750840	56860170	90	-0.17
LEMUR_p_TCGA_116_163_164_183_N_GenomeWideSNP_6_H02_914390	X	56865974	62006347	750	0.1546
LEMUR_p_TCGA_116_163_164_183_N_GenomeWideSNP_6_H02_914390	X	62016788	125474027	33345	-0.1765
LEMUR_p_TCGA_116_163_164_183_N_GenomeWideSNP_6_H02_914390	X	125474225	134929686	5134	0.1255
LEMUR_p_TCGA_116_163_164_183_N_GenomeWideSNP_6_H02_914390	X	134947387	134947830	2	-2.2516
LEMUR_p_TCGA_116_163_164_183_N_GenomeWideSNP_6_H02_914390	X	134947912	150288572	9983	0.1289
LEMUR_p_TCGA_116_163_164_183_N_GenomeWideSNP_6_H02_914390	X	150289016	150295459	4	1.021
LEMUR_p_TCGA_116_163_164_183_N_GenomeWideSNP_6_H02_914390	X	150296555	155182354	2432	0.0956
LEMUR_p_TCGA_116_163_164_183_N_GenomeWideSNP_6_H02_914390	Y	2650438	6101425	869	-2.7413
LEMUR_p_TCGA_116_163_164_183_N_GenomeWideSNP_6_H02_914390	Y	6107901	6296423	85	-4.211
LEMUR_p_TCGA_116_163_164_183_N_GenomeWideSNP_6_H02_914390	Y	6299046	7399842	468	-3.0981
LEMUR_p_TCGA_116_163_164_183_N_GenomeWideSNP_6_H02_914390	Y	7400746	9927195	1281	-3.5443
LEMUR_p_TCGA_116_163_164_183_N_GenomeWideSNP_6_H02_914390	Y	9927722	14000209	102	-2.5927
LEMUR_p_TCGA_116_163_164_183_N_GenomeWideSNP_6_H02_914390	Y	14001232	19924561	3021	-3.4036
LEMUR_p_TCGA_116_163_164_183_N_GenomeWideSNP_6_H02_914390	Y	19925237	21088297	539	-3.9411
LEMUR_p_TCGA_116_163_164_183_N_GenomeWideSNP_6_H02_914390	Y	21088485	23981777	1087	-3.4523
LEMUR_p_TCGA_116_163_164_183_N_GenomeWideSNP_6_H02_914390	Y	23982659	26241849	485	-3.8214
LEMUR_p_TCGA_116_163_164_183_N_GenomeWideSNP_6_H02_914390	Y	26244825	26598702	80	-2.7961
LEMUR_p_TCGA_116_163_164_183_N_GenomeWideSNP_6_H02_914390	Y	26604818	27367487	89	-4.3548
LEMUR_p_TCGA_116_163_164_183_N_GenomeWideSNP_6_H02_914390	Y	27436702	27529084	34	-2.0723
LEMUR_p_TCGA_116_163_164_183_N_GenomeWideSNP_6_H02_914390	Y	27535030	27559937	12	-4.0392
LEMUR_p_TCGA_116_163_164_183_N_GenomeWideSNP_6_H02_914390	Y	27560394	27717920	43	-2.5099
LEMUR_p_TCGA_116_163_164_183_N_GenomeWideSNP_6_H02_914390	Y	27718192	28452016	261	-3.9056
LEMUR_p_TCGA_116_163_164_183_N_GenomeWideSNP_6_H02_914390	Y	28457337	59018259	176	-2.8158
