GDC_Aliquot	Chromosome	Start	End	Num_Probes	Segment_Mean
b74f3652-d3d4-4950-864d-f78b16223ff5	1	62920	15823420	8342	0.0866
b74f3652-d3d4-4950-864d-f78b16223ff5	1	15827002	15827430	6	-1.6374
b74f3652-d3d4-4950-864d-f78b16223ff5	1	15827706	16569132	304	0.0622
b74f3652-d3d4-4950-864d-f78b16223ff5	1	16570326	16788139	53	0.37
b74f3652-d3d4-4950-864d-f78b16223ff5	1	16855942	25256850	5319	0.0904
b74f3652-d3d4-4950-864d-f78b16223ff5	1	25266637	25320455	24	-0.8255
b74f3652-d3d4-4950-864d-f78b16223ff5	1	25336819	34626073	4953	0.0931
b74f3652-d3d4-4950-864d-f78b16223ff5	1	34637053	34638890	20	-0.4938
b74f3652-d3d4-4950-864d-f78b16223ff5	1	34648667	72302815	23769	0.0902
b74f3652-d3d4-4950-864d-f78b16223ff5	1	72303233	72345450	45	-0.9024
b74f3652-d3d4-4950-864d-f78b16223ff5	1	72345465	86439880	9211	0.0939
b74f3652-d3d4-4950-864d-f78b16223ff5	1	86440231	86441313	2	1.4228
b74f3652-d3d4-4950-864d-f78b16223ff5	1	86443015	89009572	1731	0.098
b74f3652-d3d4-4950-864d-f78b16223ff5	1	89012275	89012522	2	-2.7042
b74f3652-d3d4-4950-864d-f78b16223ff5	1	89015841	92688464	2271	0.1066
b74f3652-d3d4-4950-864d-f78b16223ff5	1	92689790	92879898	78	-0.5014
b74f3652-d3d4-4950-864d-f78b16223ff5	1	92881371	103616762	6743	0.0946
b74f3652-d3d4-4950-864d-f78b16223ff5	1	103620877	103697364	4	-1.0021
b74f3652-d3d4-4950-864d-f78b16223ff5	1	103717410	105476583	921	0.0773
b74f3652-d3d4-4950-864d-f78b16223ff5	1	105476614	105479753	16	-1.6893
b74f3652-d3d4-4950-864d-f78b16223ff5	1	105481433	108187137	1939	0.0983
b74f3652-d3d4-4950-864d-f78b16223ff5	1	108191613	108194874	3	-3.1188
b74f3652-d3d4-4950-864d-f78b16223ff5	1	108196482	112147704	2658	0.1019
b74f3652-d3d4-4950-864d-f78b16223ff5	1	112153343	112154754	24	0.5396
b74f3652-d3d4-4950-864d-f78b16223ff5	1	112154768	121705338	5163	0.0981
b74f3652-d3d4-4950-864d-f78b16223ff5	1	143459641	143942271	128	-0.498
b74f3652-d3d4-4950-864d-f78b16223ff5	1	144432083	176446882	18429	0.0953
b74f3652-d3d4-4950-864d-f78b16223ff5	1	176448578	176449432	2	-1.6493
b74f3652-d3d4-4950-864d-f78b16223ff5	1	176454086	196758720	13600	0.0927
b74f3652-d3d4-4950-864d-f78b16223ff5	1	196761905	196843377	58	0.4612
b74f3652-d3d4-4950-864d-f78b16223ff5	1	196843400	196846661	2	-1.6409
b74f3652-d3d4-4950-864d-f78b16223ff5	1	196847600	208267557	7400	0.0966
b74f3652-d3d4-4950-864d-f78b16223ff5	1	208272375	208283592	29	0.5966
b74f3652-d3d4-4950-864d-f78b16223ff5	1	208284364	248574146	28215	0.0954
b74f3652-d3d4-4950-864d-f78b16223ff5	1	248585893	248646068	35	-0.4883
b74f3652-d3d4-4950-864d-f78b16223ff5	1	248661836	248930189	138	0.1064
b74f3652-d3d4-4950-864d-f78b16223ff5	2	12784	34295406	23998	0.0863
b74f3652-d3d4-4950-864d-f78b16223ff5	2	34298911	34300513	2	-1.8986
b74f3652-d3d4-4950-864d-f78b16223ff5	2	34300900	34466002	95	0.0859
b74f3652-d3d4-4950-864d-f78b16223ff5	2	34474248	34511990	46	0.7127
b74f3652-d3d4-4950-864d-f78b16223ff5	2	34512096	49305903	10730	0.0861
b74f3652-d3d4-4950-864d-f78b16223ff5	2	49308629	49314051	5	-0.996
b74f3652-d3d4-4950-864d-f78b16223ff5	2	49317902	52527423	2274	0.0882
b74f3652-d3d4-4950-864d-f78b16223ff5	2	52527590	52527743	3	-1.2
b74f3652-d3d4-4950-864d-f78b16223ff5	2	52531615	146104517	53305	0.0887
b74f3652-d3d4-4950-864d-f78b16223ff5	2	146106836	146109366	24	0.9749
b74f3652-d3d4-4950-864d-f78b16223ff5	2	146120238	187365744	25220	0.0883
b74f3652-d3d4-4950-864d-f78b16223ff5	2	187367266	187373679	5	-1.1943
b74f3652-d3d4-4950-864d-f78b16223ff5	2	187377226	211123543	13948	0.0891
b74f3652-d3d4-4950-864d-f78b16223ff5	2	211123653	211125464	11	-0.6199
b74f3652-d3d4-4950-864d-f78b16223ff5	2	211125630	221606293	6909	0.0871
b74f3652-d3d4-4950-864d-f78b16223ff5	2	221606740	221606796	2	1.3188
b74f3652-d3d4-4950-864d-f78b16223ff5	2	221607842	236894941	9908	0.0893
b74f3652-d3d4-4950-864d-f78b16223ff5	2	236895235	236895291	2	-1.553
b74f3652-d3d4-4950-864d-f78b16223ff5	2	236895339	242147305	3066	0.0911
b74f3652-d3d4-4950-864d-f78b16223ff5	3	20930	6516987	5756	-0.5386
b74f3652-d3d4-4950-864d-f78b16223ff5	3	6517493	6517762	2	-2.2396
b74f3652-d3d4-4950-864d-f78b16223ff5	3	6518318	6604856	49	-0.4907
b74f3652-d3d4-4950-864d-f78b16223ff5	3	6609441	6611645	23	-1.9269
b74f3652-d3d4-4950-864d-f78b16223ff5	3	6613391	21841892	10550	-0.5243
b74f3652-d3d4-4950-864d-f78b16223ff5	3	21843327	21844473	3	-2.1146
b74f3652-d3d4-4950-864d-f78b16223ff5	3	21844516	37935926	11207	-0.5172
b74f3652-d3d4-4950-864d-f78b16223ff5	3	37940970	37945437	17	-2.0116
b74f3652-d3d4-4950-864d-f78b16223ff5	3	37945615	43199781	3388	-0.5146
b74f3652-d3d4-4950-864d-f78b16223ff5	3	43201600	43646274	249	0.1144
b74f3652-d3d4-4950-864d-f78b16223ff5	3	43649494	46905597	1969	-0.5109
b74f3652-d3d4-4950-864d-f78b16223ff5	3	46907036	47987193	450	0.1163
b74f3652-d3d4-4950-864d-f78b16223ff5	3	47990154	52809855	1894	-0.4817
b74f3652-d3d4-4950-864d-f78b16223ff5	3	52815041	60792199	5931	0.104
b74f3652-d3d4-4950-864d-f78b16223ff5	3	60794907	60795294	4	-1.0687
b74f3652-d3d4-4950-864d-f78b16223ff5	3	60798502	61141148	333	0.1019
b74f3652-d3d4-4950-864d-f78b16223ff5	3	61141532	61142344	3	-1.0888
b74f3652-d3d4-4950-864d-f78b16223ff5	3	61145227	68682877	5907	0.0998
b74f3652-d3d4-4950-864d-f78b16223ff5	3	68697013	68698262	15	0.9625
b74f3652-d3d4-4950-864d-f78b16223ff5	3	68699607	74583231	4469	0.1016
b74f3652-d3d4-4950-864d-f78b16223ff5	3	74583550	74583962	2	-1.1072
b74f3652-d3d4-4950-864d-f78b16223ff5	3	74584977	75478031	441	0.0911
b74f3652-d3d4-4950-864d-f78b16223ff5	3	75478054	75660674	48	0.3481
b74f3652-d3d4-4950-864d-f78b16223ff5	3	75663676	81545929	3376	0.0969
b74f3652-d3d4-4950-864d-f78b16223ff5	3	81546941	81548156	3	-0.9923
b74f3652-d3d4-4950-864d-f78b16223ff5	3	81551646	99225788	7581	0.0935
b74f3652-d3d4-4950-864d-f78b16223ff5	3	99225919	99226455	7	-0.376
b74f3652-d3d4-4950-864d-f78b16223ff5	3	99226551	99230225	14	-0.9638
b74f3652-d3d4-4950-864d-f78b16223ff5	3	99230232	132270503	20198	0.0955
b74f3652-d3d4-4950-864d-f78b16223ff5	3	132273893	132276840	4	-0.91
b74f3652-d3d4-4950-864d-f78b16223ff5	3	132281633	149245189	10466	0.0931
b74f3652-d3d4-4950-864d-f78b16223ff5	3	149245608	149250334	25	-0.6255
b74f3652-d3d4-4950-864d-f78b16223ff5	3	149253293	160979079	7176	0.0955
b74f3652-d3d4-4950-864d-f78b16223ff5	3	160979325	160979945	2	-1.7201
b74f3652-d3d4-4950-864d-f78b16223ff5	3	160984308	162539099	1014	0.1106
b74f3652-d3d4-4950-864d-f78b16223ff5	3	162542687	162542960	2	-1.2012
b74f3652-d3d4-4950-864d-f78b16223ff5	3	162543233	162790480	143	0.0662
b74f3652-d3d4-4950-864d-f78b16223ff5	3	162794869	162863585	41	0.5419
b74f3652-d3d4-4950-864d-f78b16223ff5	3	162863680	162996729	101	0.1242
b74f3652-d3d4-4950-864d-f78b16223ff5	3	162999939	163001774	2	-2.7001
b74f3652-d3d4-4950-864d-f78b16223ff5	3	163008371	193162798	19110	0.0945
b74f3652-d3d4-4950-864d-f78b16223ff5	3	193162937	193165114	11	-1.0843
b74f3652-d3d4-4950-864d-f78b16223ff5	3	193168646	194920587	1161	0.0943
b74f3652-d3d4-4950-864d-f78b16223ff5	3	194920617	194921116	4	-0.946
b74f3652-d3d4-4950-864d-f78b16223ff5	3	194921751	198169114	1526	0.0698
b74f3652-d3d4-4950-864d-f78b16223ff5	3	198169131	198169247	3	1.2501
b74f3652-d3d4-4950-864d-f78b16223ff5	4	68929	10208766	5703	0.09
b74f3652-d3d4-4950-864d-f78b16223ff5	4	10221792	10229625	27	-1.2413
b74f3652-d3d4-4950-864d-f78b16223ff5	4	10229874	34777418	16988	0.0924
b74f3652-d3d4-4950-864d-f78b16223ff5	4	34777432	34817589	36	-0.398
b74f3652-d3d4-4950-864d-f78b16223ff5	4	34819718	63831751	16567	0.0911
b74f3652-d3d4-4950-864d-f78b16223ff5	4	63831799	63842540	27	0.5946
b74f3652-d3d4-4950-864d-f78b16223ff5	4	63850713	68478894	2872	0.0905
b74f3652-d3d4-4950-864d-f78b16223ff5	4	68494770	68620261	68	-1.3605
b74f3652-d3d4-4950-864d-f78b16223ff5	4	68623617	69523998	479	0.1203
b74f3652-d3d4-4950-864d-f78b16223ff5	4	69524143	69525061	2	-1.942
b74f3652-d3d4-4950-864d-f78b16223ff5	4	69526170	160958972	55205	0.0949
b74f3652-d3d4-4950-864d-f78b16223ff5	4	160958989	160963448	18	-0.57
b74f3652-d3d4-4950-864d-f78b16223ff5	4	160963756	170346931	5980	0.0958
b74f3652-d3d4-4950-864d-f78b16223ff5	4	170346943	170352007	6	-0.7097
b74f3652-d3d4-4950-864d-f78b16223ff5	4	170352863	172501178	1333	0.1011
b74f3652-d3d4-4950-864d-f78b16223ff5	4	172501190	172507492	9	0.7544
b74f3652-d3d4-4950-864d-f78b16223ff5	4	172519981	190106768	11842	0.091
b74f3652-d3d4-4950-864d-f78b16223ff5	5	15532	698390	309	0.0696
b74f3652-d3d4-4950-864d-f78b16223ff5	5	717264	773453	24	0.4769
b74f3652-d3d4-4950-864d-f78b16223ff5	5	779766	1134719	120	0.0439
b74f3652-d3d4-4950-864d-f78b16223ff5	5	1136190	1288579	125	0.457
b74f3652-d3d4-4950-864d-f78b16223ff5	5	1299214	12800777	9615	0.0921
b74f3652-d3d4-4950-864d-f78b16223ff5	5	12815668	12826538	11	-0.946
b74f3652-d3d4-4950-864d-f78b16223ff5	5	12833745	46271828	20477	0.0928
b74f3652-d3d4-4950-864d-f78b16223ff5	5	46272419	46273400	5	-1.8693
b74f3652-d3d4-4950-864d-f78b16223ff5	5	46278110	104515520	31949	0.0946
b74f3652-d3d4-4950-864d-f78b16223ff5	5	104524672	104524903	4	-1.0014
b74f3652-d3d4-4950-864d-f78b16223ff5	5	104525348	129543464	16785	0.0938
b74f3652-d3d4-4950-864d-f78b16223ff5	5	129545317	129545332	2	-1.3259
b74f3652-d3d4-4950-864d-f78b16223ff5	5	129546635	140838745	6429	0.0966
b74f3652-d3d4-4950-864d-f78b16223ff5	5	140839137	140864171	14	-0.4554
b74f3652-d3d4-4950-864d-f78b16223ff5	5	140872578	181363319	27020	0.0936
b74f3652-d3d4-4950-864d-f78b16223ff5	6	149661	29881490	21673	0.0994
b74f3652-d3d4-4950-864d-f78b16223ff5	6	29882419	29933799	19	-0.3275
b74f3652-d3d4-4950-864d-f78b16223ff5	6	29940692	31243089	594	0.1101
b74f3652-d3d4-4950-864d-f78b16223ff5	6	31261685	31261867	3	-1.0421
b74f3652-d3d4-4950-864d-f78b16223ff5	6	31262890	31318499	46	0.1448
b74f3652-d3d4-4950-864d-f78b16223ff5	6	31318528	31328176	7	1.1323
b74f3652-d3d4-4950-864d-f78b16223ff5	6	31328210	32486746	506	0.0893
b74f3652-d3d4-4950-864d-f78b16223ff5	6	32488906	32533522	13	1.2308
b74f3652-d3d4-4950-864d-f78b16223ff5	6	32540699	32658841	47	0.366
b74f3652-d3d4-4950-864d-f78b16223ff5	6	32682835	47138207	9273	0.0987
b74f3652-d3d4-4950-864d-f78b16223ff5	6	47138531	47276263	113	0.4894
b74f3652-d3d4-4950-864d-f78b16223ff5	6	47280164	50946613	2130	0.101
b74f3652-d3d4-4950-864d-f78b16223ff5	6	50947083	50947099	3	-1.697
b74f3652-d3d4-4950-864d-f78b16223ff5	6	50948562	54066477	2188	0.0936
b74f3652-d3d4-4950-864d-f78b16223ff5	6	54066582	54067057	4	-1.6743
b74f3652-d3d4-4950-864d-f78b16223ff5	6	54070550	55454878	888	0.0926
b74f3652-d3d4-4950-864d-f78b16223ff5	6	55454943	55455513	3	-1.0439
b74f3652-d3d4-4950-864d-f78b16223ff5	6	55455880	57245613	1031	0.0732
b74f3652-d3d4-4950-864d-f78b16223ff5	6	57245643	61556703	660	0.1568
b74f3652-d3d4-4950-864d-f78b16223ff5	6	61557956	76719978	9586	0.0893
b74f3652-d3d4-4950-864d-f78b16223ff5	6	76720013	76758749	27	0.4293
b74f3652-d3d4-4950-864d-f78b16223ff5	6	76758871	78253172	974	0.0986
b74f3652-d3d4-4950-864d-f78b16223ff5	6	78259348	78325310	111	0.6689
b74f3652-d3d4-4950-864d-f78b16223ff5	6	78325457	80575042	1438	0.0903
b74f3652-d3d4-4950-864d-f78b16223ff5	6	80575241	80579817	27	-0.8152
b74f3652-d3d4-4950-864d-f78b16223ff5	6	80584624	92465816	7524	0.1012
b74f3652-d3d4-4950-864d-f78b16223ff5	6	92468029	93171668	538	-0.5139
b74f3652-d3d4-4950-864d-f78b16223ff5	6	93175179	93744851	363	0.0861
b74f3652-d3d4-4950-864d-f78b16223ff5	6	93747318	101072213	4251	-0.5188
b74f3652-d3d4-4950-864d-f78b16223ff5	6	101074148	101075673	3	-2.331
b74f3652-d3d4-4950-864d-f78b16223ff5	6	101093986	103280350	1318	-0.5275
b74f3652-d3d4-4950-864d-f78b16223ff5	6	103282618	103314186	54	0.0297
b74f3652-d3d4-4950-864d-f78b16223ff5	6	103317795	105744953	1500	-0.5189
b74f3652-d3d4-4950-864d-f78b16223ff5	6	105745090	105745298	2	-3.2474
b74f3652-d3d4-4950-864d-f78b16223ff5	6	105748659	161827137	36314	-0.5202
b74f3652-d3d4-4950-864d-f78b16223ff5	6	161829490	162386662	519	0.1172
b74f3652-d3d4-4950-864d-f78b16223ff5	6	162387852	162441160	40	-1.0419
b74f3652-d3d4-4950-864d-f78b16223ff5	6	162441966	162948996	352	0.0886
b74f3652-d3d4-4950-864d-f78b16223ff5	6	162954728	163018091	31	-0.5799
b74f3652-d3d4-4950-864d-f78b16223ff5	6	163018599	165156340	1645	0.1083
b74f3652-d3d4-4950-864d-f78b16223ff5	6	165160548	167418404	1767	-0.5449
b74f3652-d3d4-4950-864d-f78b16223ff5	6	167419516	167893240	74	-0.1747
b74f3652-d3d4-4950-864d-f78b16223ff5	6	167893593	168015025	91	-0.5941
b74f3652-d3d4-4950-864d-f78b16223ff5	6	168016161	168016920	2	-2.8023
b74f3652-d3d4-4950-864d-f78b16223ff5	6	168017013	169047477	776	-0.5655
b74f3652-d3d4-4950-864d-f78b16223ff5	6	169047713	169582642	482	0.1195
b74f3652-d3d4-4950-864d-f78b16223ff5	6	169588241	169839768	160	-0.5098
b74f3652-d3d4-4950-864d-f78b16223ff5	6	169841876	169842735	2	-2.1894
b74f3652-d3d4-4950-864d-f78b16223ff5	6	169844571	170741917	370	-0.5281
b74f3652-d3d4-4950-864d-f78b16223ff5	7	43355	91578827	56469	0.0901
b74f3652-d3d4-4950-864d-f78b16223ff5	7	91589569	91589817	3	-1.6174
b74f3652-d3d4-4950-864d-f78b16223ff5	7	91595717	97756423	3847	0.1012
b74f3652-d3d4-4950-864d-f78b16223ff5	7	97756621	97766197	10	0.6525
b74f3652-d3d4-4950-864d-f78b16223ff5	7	97772620	105513065	3786	0.0855
b74f3652-d3d4-4950-864d-f78b16223ff5	7	105517093	105526073	5	-0.6774
b74f3652-d3d4-4950-864d-f78b16223ff5	7	105526329	109789520	2813	0.0903
b74f3652-d3d4-4950-864d-f78b16223ff5	7	109789870	109797700	20	0.4352
b74f3652-d3d4-4950-864d-f78b16223ff5	7	109797715	109800866	9	0.0734
b74f3652-d3d4-4950-864d-f78b16223ff5	7	109801155	109813801	11	0.8727
b74f3652-d3d4-4950-864d-f78b16223ff5	7	109813853	116294957	3899	0.0947
b74f3652-d3d4-4950-864d-f78b16223ff5	7	116295011	116301003	2	-1.3238
b74f3652-d3d4-4950-864d-f78b16223ff5	7	116301498	126404920	6131	0.0853
b74f3652-d3d4-4950-864d-f78b16223ff5	7	126405428	126406561	12	0.6682
b74f3652-d3d4-4950-864d-f78b16223ff5	7	126406822	134100424	4700	0.0895
b74f3652-d3d4-4950-864d-f78b16223ff5	7	134100442	134114444	36	0.4711
b74f3652-d3d4-4950-864d-f78b16223ff5	7	134121491	144207186	6426	0.0963
b74f3652-d3d4-4950-864d-f78b16223ff5	7	144249785	144295437	8	-0.6678
b74f3652-d3d4-4950-864d-f78b16223ff5	7	144306653	152081975	4778	0.0984
b74f3652-d3d4-4950-864d-f78b16223ff5	7	152089952	152092941	2	-1.1405
b74f3652-d3d4-4950-864d-f78b16223ff5	7	152094073	159334314	4875	0.0967
b74f3652-d3d4-4950-864d-f78b16223ff5	8	81254	3926665	3352	0.0956
b74f3652-d3d4-4950-864d-f78b16223ff5	8	3929538	3932584	24	-0.5322
b74f3652-d3d4-4950-864d-f78b16223ff5	8	3933696	7336299	4356	0.0983
b74f3652-d3d4-4950-864d-f78b16223ff5	8	7357089	7397588	21	-0.7703
b74f3652-d3d4-4950-864d-f78b16223ff5	8	7414835	8528932	337	0.0655
b74f3652-d3d4-4950-864d-f78b16223ff5	8	8530797	8537975	14	-1.1976
b74f3652-d3d4-4950-864d-f78b16223ff5	8	8538754	12092042	2913	0.0908
b74f3652-d3d4-4950-864d-f78b16223ff5	8	12130217	12143614	6	-0.9334
b74f3652-d3d4-4950-864d-f78b16223ff5	8	12176798	12419769	33	0.8722
b74f3652-d3d4-4950-864d-f78b16223ff5	8	12454103	18407644	5336	0.0923
b74f3652-d3d4-4950-864d-f78b16223ff5	8	18408647	18413675	4	-1.7443
b74f3652-d3d4-4950-864d-f78b16223ff5	8	18413877	40914477	15257	0.0945
b74f3652-d3d4-4950-864d-f78b16223ff5	8	40920333	40920952	2	-1.6882
b74f3652-d3d4-4950-864d-f78b16223ff5	8	40926161	67635434	14456	0.0915
b74f3652-d3d4-4950-864d-f78b16223ff5	8	67635897	67636165	6	-0.9092
b74f3652-d3d4-4950-864d-f78b16223ff5	8	67636256	111282417	26472	0.0923
b74f3652-d3d4-4950-864d-f78b16223ff5	8	111282441	111283016	5	-1.3393
b74f3652-d3d4-4950-864d-f78b16223ff5	8	111283031	119142545	4969	0.0908
b74f3652-d3d4-4950-864d-f78b16223ff5	8	119143515	119147207	3	-1.1638
b74f3652-d3d4-4950-864d-f78b16223ff5	8	119150615	143616763	17433	0.0967
b74f3652-d3d4-4950-864d-f78b16223ff5	8	143616987	143695297	42	-0.168
b74f3652-d3d4-4950-864d-f78b16223ff5	8	143697548	145072769	471	0.0869
b74f3652-d3d4-4950-864d-f78b16223ff5	9	46587	22492890	19829	-0.4896
b74f3652-d3d4-4950-864d-f78b16223ff5	9	22501914	22502700	2	-4.0567
b74f3652-d3d4-4950-864d-f78b16223ff5	9	22509341	23361807	580	-0.4925
b74f3652-d3d4-4950-864d-f78b16223ff5	9	23363117	23373486	8	0.6098
b74f3652-d3d4-4950-864d-f78b16223ff5	9	23378490	38767945	10669	-0.4842
b74f3652-d3d4-4950-864d-f78b16223ff5	9	38768086	61543517	283	-0.1719
b74f3652-d3d4-4950-864d-f78b16223ff5	9	61544101	61629689	18	-0.957
b74f3652-d3d4-4950-864d-f78b16223ff5	9	61633080	68328914	171	-0.1411
b74f3652-d3d4-4950-864d-f78b16223ff5	9	68335112	69774395	1178	-0.5075
b74f3652-d3d4-4950-864d-f78b16223ff5	9	69777744	69778683	2	0.8913
b74f3652-d3d4-4950-864d-f78b16223ff5	9	69782879	71663292	1418	-0.4999
b74f3652-d3d4-4950-864d-f78b16223ff5	9	71663335	71668693	7	-1.3534
b74f3652-d3d4-4950-864d-f78b16223ff5	9	71669415	77154478	3896	-0.5143
b74f3652-d3d4-4950-864d-f78b16223ff5	9	77155482	77162488	29	0.243
b74f3652-d3d4-4950-864d-f78b16223ff5	9	77171212	135507394	40356	-0.5138
b74f3652-d3d4-4950-864d-f78b16223ff5	9	135507503	135514719	11	-1.6407
b74f3652-d3d4-4950-864d-f78b16223ff5	9	135515225	138107414	911	-0.5389
b74f3652-d3d4-4950-864d-f78b16223ff5	9	138109449	138200944	60	-0.1471
b74f3652-d3d4-4950-864d-f78b16223ff5	10	45792	24086334	19197	0.0875
b74f3652-d3d4-4950-864d-f78b16223ff5	10	24088745	24089979	12	1.0857
b74f3652-d3d4-4950-864d-f78b16223ff5	10	24090022	26936975	1985	0.0797
b74f3652-d3d4-4950-864d-f78b16223ff5	10	26937062	26938795	6	-1.5883
b74f3652-d3d4-4950-864d-f78b16223ff5	10	26938836	36632572	6817	0.0848
b74f3652-d3d4-4950-864d-f78b16223ff5	10	36634046	36634063	2	-1.2071
b74f3652-d3d4-4950-864d-f78b16223ff5	10	36634314	65546518	16408	0.0881
b74f3652-d3d4-4950-864d-f78b16223ff5	10	65548165	65563037	29	0.5965
b74f3652-d3d4-4950-864d-f78b16223ff5	10	65563168	76493093	6785	0.0881
b74f3652-d3d4-4950-864d-f78b16223ff5	10	76497303	76497852	2	1.5384
b74f3652-d3d4-4950-864d-f78b16223ff5	10	76501509	105296521	18890	0.0905
b74f3652-d3d4-4950-864d-f78b16223ff5	10	105297280	105299412	3	-0.9914
b74f3652-d3d4-4950-864d-f78b16223ff5	10	105302718	109941164	3400	0.0966
b74f3652-d3d4-4950-864d-f78b16223ff5	10	109941554	110101453	87	0.4991
b74f3652-d3d4-4950-864d-f78b16223ff5	10	110108216	118971465	6231	0.0985
b74f3652-d3d4-4950-864d-f78b16223ff5	10	118972918	118973903	3	-1.5037
b74f3652-d3d4-4950-864d-f78b16223ff5	10	118975546	133654968	10840	0.0905
b74f3652-d3d4-4950-864d-f78b16223ff5	11	198510	3465494	1296	0.077
b74f3652-d3d4-4950-864d-f78b16223ff5	11	3466435	3467311	3	-1.1829
b74f3652-d3d4-4950-864d-f78b16223ff5	11	3485296	5773478	1946	0.0908
b74f3652-d3d4-4950-864d-f78b16223ff5	11	5776383	5788108	20	-0.2713
b74f3652-d3d4-4950-864d-f78b16223ff5	11	5788231	18919323	9409	0.0904
b74f3652-d3d4-4950-864d-f78b16223ff5	11	18927525	18930384	15	0.7033
b74f3652-d3d4-4950-864d-f78b16223ff5	11	18930645	18931442	7	1.2483
b74f3652-d3d4-4950-864d-f78b16223ff5	11	18931457	18940375	22	0.6802
b74f3652-d3d4-4950-864d-f78b16223ff5	11	18940441	45036788	18863	0.0904
b74f3652-d3d4-4950-864d-f78b16223ff5	11	45036931	45036947	2	-1.4754
b74f3652-d3d4-4950-864d-f78b16223ff5	11	45037400	55606572	2905	0.0995
b74f3652-d3d4-4950-864d-f78b16223ff5	11	55606712	55674842	46	-0.3622
b74f3652-d3d4-4950-864d-f78b16223ff5	11	55676735	135074876	52311	0.0891
b74f3652-d3d4-4950-864d-f78b16223ff5	12	51460	11066824	7235	0.0844
b74f3652-d3d4-4950-864d-f78b16223ff5	12	11068125	11088933	10	0.6287
b74f3652-d3d4-4950-864d-f78b16223ff5	12	11099275	33148472	15543	0.0905
b74f3652-d3d4-4950-864d-f78b16223ff5	12	33148492	33154440	26	-0.4025
b74f3652-d3d4-4950-864d-f78b16223ff5	12	33155426	39923841	1928	0.1151
b74f3652-d3d4-4950-864d-f78b16223ff5	12	39929769	40459588	404	0.4996
b74f3652-d3d4-4950-864d-f78b16223ff5	12	40463412	45506042	3257	0.0878
b74f3652-d3d4-4950-864d-f78b16223ff5	12	45510655	45512057	2	-1.1258
b74f3652-d3d4-4950-864d-f78b16223ff5	12	45514957	45515754	2	-2.8919
b74f3652-d3d4-4950-864d-f78b16223ff5	12	45519509	64068634	10891	0.0862
b74f3652-d3d4-4950-864d-f78b16223ff5	12	64069350	64302341	117	0.4669
b74f3652-d3d4-4950-864d-f78b16223ff5	12	64308317	90089573	16239	0.0853
b74f3652-d3d4-4950-864d-f78b16223ff5	12	90097892	90098297	7	-1.1142
b74f3652-d3d4-4950-864d-f78b16223ff5	12	90099780	97481891	5135	0.092
b74f3652-d3d4-4950-864d-f78b16223ff5	12	97481915	97485694	11	-0.4627
b74f3652-d3d4-4950-864d-f78b16223ff5	12	97485697	99372034	1289	0.0806
b74f3652-d3d4-4950-864d-f78b16223ff5	12	99373509	99409340	49	0.3322
b74f3652-d3d4-4950-864d-f78b16223ff5	12	99409355	122568941	15128	0.0903
b74f3652-d3d4-4950-864d-f78b16223ff5	12	122571110	122573967	2	2.5664
b74f3652-d3d4-4950-864d-f78b16223ff5	12	122575610	126509681	2535	0.0865
b74f3652-d3d4-4950-864d-f78b16223ff5	12	126510400	126522929	8	-0.7979
b74f3652-d3d4-4950-864d-f78b16223ff5	12	126523087	133201603	5040	0.0923
b74f3652-d3d4-4950-864d-f78b16223ff5	13	18452809	19199239	328	0.117
b74f3652-d3d4-4950-864d-f78b16223ff5	13	19199374	19203130	3	1.1241
b74f3652-d3d4-4950-864d-f78b16223ff5	13	19207320	24056776	3301	0.0903
b74f3652-d3d4-4950-864d-f78b16223ff5	13	24058001	24058911	4	-1.1811
b74f3652-d3d4-4950-864d-f78b16223ff5	13	24061115	24461469	361	0.1144
b74f3652-d3d4-4950-864d-f78b16223ff5	13	24465452	24465460	3	1.1415
b74f3652-d3d4-4950-864d-f78b16223ff5	13	24465540	31957984	5568	0.0963
b74f3652-d3d4-4950-864d-f78b16223ff5	13	31958485	31964286	18	-0.8984
b74f3652-d3d4-4950-864d-f78b16223ff5	13	31965910	37497899	3901	0.0828
b74f3652-d3d4-4950-864d-f78b16223ff5	13	37498087	37510620	15	0.8578
b74f3652-d3d4-4950-864d-f78b16223ff5	13	37514193	52520664	9903	0.0973
b74f3652-d3d4-4950-864d-f78b16223ff5	13	52523849	52531650	3	-1.9839
b74f3652-d3d4-4950-864d-f78b16223ff5	13	52543744	74754512	13800	0.0907
b74f3652-d3d4-4950-864d-f78b16223ff5	13	74762848	74762884	2	-1.2646
b74f3652-d3d4-4950-864d-f78b16223ff5	13	74764223	114342922	26954	0.0918
b74f3652-d3d4-4950-864d-f78b16223ff5	14	18239283	18415241	6	0.1552
b74f3652-d3d4-4950-864d-f78b16223ff5	14	18497148	18605867	6	-0.27
b74f3652-d3d4-4950-864d-f78b16223ff5	14	18625765	18646056	4	0.1685
b74f3652-d3d4-4950-864d-f78b16223ff5	14	18656322	18693043	9	0.6675
b74f3652-d3d4-4950-864d-f78b16223ff5	14	18950560	19387271	29	0.0867
b74f3652-d3d4-4950-864d-f78b16223ff5	14	19425567	19945512	104	-0.2349
b74f3652-d3d4-4950-864d-f78b16223ff5	14	19945699	105650524	54678	-0.5157
b74f3652-d3d4-4950-864d-f78b16223ff5	14	105653302	106416146	254	-0.3368
b74f3652-d3d4-4950-864d-f78b16223ff5	14	106418444	106462169	48	-1.3928
b74f3652-d3d4-4950-864d-f78b16223ff5	14	106462183	106877229	196	-0.4436
b74f3652-d3d4-4950-864d-f78b16223ff5	15	19811075	22227530	181	0.1474
b74f3652-d3d4-4950-864d-f78b16223ff5	15	22228782	22299523	25	-0.9385
b74f3652-d3d4-4950-864d-f78b16223ff5	15	22385639	24405917	989	0.0889
b74f3652-d3d4-4950-864d-f78b16223ff5	15	24418615	24480146	39	0.4271
b74f3652-d3d4-4950-864d-f78b16223ff5	15	24482084	30152073	3598	0.0739
b74f3652-d3d4-4950-864d-f78b16223ff5	15	30156392	30231102	9	-0.631
b74f3652-d3d4-4950-864d-f78b16223ff5	15	30252720	30307497	13	0.1967
b74f3652-d3d4-4950-864d-f78b16223ff5	15	30313650	30488460	8	-0.6555
b74f3652-d3d4-4950-864d-f78b16223ff5	15	30500366	32220019	1059	0.0782
b74f3652-d3d4-4950-864d-f78b16223ff5	15	32239115	32240890	2	-1.3787
b74f3652-d3d4-4950-864d-f78b16223ff5	15	32254157	41875287	6371	0.0795
b74f3652-d3d4-4950-864d-f78b16223ff5	15	41877905	41878144	2	-1.6312
b74f3652-d3d4-4950-864d-f78b16223ff5	15	41879264	76599170	21630	0.0747
b74f3652-d3d4-4950-864d-f78b16223ff5	15	76599286	76603434	20	-1.7941
b74f3652-d3d4-4950-864d-f78b16223ff5	15	76609838	83874498	4417	0.0725
b74f3652-d3d4-4950-864d-f78b16223ff5	15	83874650	83874798	3	-1.1497
b74f3652-d3d4-4950-864d-f78b16223ff5	15	83878525	84159599	177	0.078
b74f3652-d3d4-4950-864d-f78b16223ff5	15	84192594	84246373	2	1.2994
b74f3652-d3d4-4950-864d-f78b16223ff5	15	84388504	87549553	2291	0.0658
b74f3652-d3d4-4950-864d-f78b16223ff5	15	87551799	87553553	2	-2.2362
b74f3652-d3d4-4950-864d-f78b16223ff5	15	87553639	101928837	10723	0.0784
b74f3652-d3d4-4950-864d-f78b16223ff5	16	10777	14954987	11117	0.0852
b74f3652-d3d4-4950-864d-f78b16223ff5	16	14955003	14986523	37	-0.2421
b74f3652-d3d4-4950-864d-f78b16223ff5	16	14986598	16269368	599	0.0567
b74f3652-d3d4-4950-864d-f78b16223ff5	16	16419234	16419781	3	-1.5913
b74f3652-d3d4-4950-864d-f78b16223ff5	16	16435734	35225338	8417	0.0985
b74f3652-d3d4-4950-864d-f78b16223ff5	16	35232200	35530722	170	0.6257
b74f3652-d3d4-4950-864d-f78b16223ff5	16	35530845	78771845	21454	0.0928
b74f3652-d3d4-4950-864d-f78b16223ff5	16	78771866	78773172	2	-1.3216
b74f3652-d3d4-4950-864d-f78b16223ff5	16	78773337	83675961	5428	0.0882
b74f3652-d3d4-4950-864d-f78b16223ff5	16	83676061	84695234	1016	0.0231
b74f3652-d3d4-4950-864d-f78b16223ff5	16	84695879	90096867	3637	0.0851
b74f3652-d3d4-4950-864d-f78b16223ff5	17	150733	9932555	5666	0.0822
b74f3652-d3d4-4950-864d-f78b16223ff5	17	9935061	12335687	1780	-0.5139
b74f3652-d3d4-4950-864d-f78b16223ff5	17	12337746	18452078	3951	0.0969
b74f3652-d3d4-4950-864d-f78b16223ff5	17	18455632	18561907	26	-1.0839
b74f3652-d3d4-4950-864d-f78b16223ff5	17	18565883	41265433	9394	0.0924
b74f3652-d3d4-4950-864d-f78b16223ff5	17	41265456	41274279	25	-0.3001
b74f3652-d3d4-4950-864d-f78b16223ff5	17	41276472	43361222	1105	0.0788
b74f3652-d3d4-4950-864d-f78b16223ff5	17	43362318	43362553	2	-2.7951
b74f3652-d3d4-4950-864d-f78b16223ff5	17	43366336	46113318	1408	0.0803
b74f3652-d3d4-4950-864d-f78b16223ff5	17	46113719	46284643	105	-0.3213
b74f3652-d3d4-4950-864d-f78b16223ff5	17	46284997	79245925	19834	0.0925
b74f3652-d3d4-4950-864d-f78b16223ff5	17	79246197	79250962	9	-0.6618
b74f3652-d3d4-4950-864d-f78b16223ff5	17	79251108	82156653	1285	0.0815
b74f3652-d3d4-4950-864d-f78b16223ff5	17	82159344	82256888	34	-0.1681
b74f3652-d3d4-4950-864d-f78b16223ff5	17	82257710	83091923	415	0.077
b74f3652-d3d4-4950-864d-f78b16223ff5	18	48133	40680506	22795	0.104
b74f3652-d3d4-4950-864d-f78b16223ff5	18	40680516	40685425	15	0.6847
b74f3652-d3d4-4950-864d-f78b16223ff5	18	40688060	48405005	5182	0.104
b74f3652-d3d4-4950-864d-f78b16223ff5	18	48405987	48643189	162	0.5002
b74f3652-d3d4-4950-864d-f78b16223ff5	18	48644141	58263318	6563	0.1072
b74f3652-d3d4-4950-864d-f78b16223ff5	18	58263630	58268730	23	-0.8334
b74f3652-d3d4-4950-864d-f78b16223ff5	18	58271707	80257174	16011	0.106
b74f3652-d3d4-4950-864d-f78b16223ff5	19	90910	21632117	9610	0.08
b74f3652-d3d4-4950-864d-f78b16223ff5	19	21632838	21637067	2	-1.4959
b74f3652-d3d4-4950-864d-f78b16223ff5	19	21637309	35364547	7101	0.0904
b74f3652-d3d4-4950-864d-f78b16223ff5	19	35365141	35370946	19	-0.4811
b74f3652-d3d4-4950-864d-f78b16223ff5	19	35375842	55766684	10541	0.0899
b74f3652-d3d4-4950-864d-f78b16223ff5	19	55770704	55774927	6	-1.4733
b74f3652-d3d4-4950-864d-f78b16223ff5	19	55777575	58586487	1837	0.095
b74f3652-d3d4-4950-864d-f78b16223ff5	20	80664	64324800	42383	0.0849
b74f3652-d3d4-4950-864d-f78b16223ff5	21	10354168	10459828	18	-0.0165
b74f3652-d3d4-4950-864d-f78b16223ff5	21	10494350	10775586	69	-0.3819
b74f3652-d3d4-4950-864d-f78b16223ff5	21	12973348	46677045	23781	0.0928
b74f3652-d3d4-4950-864d-f78b16223ff5	22	15294547	17014661	300	0.1125
b74f3652-d3d4-4950-864d-f78b16223ff5	22	17018144	17018618	2	1.5154
b74f3652-d3d4-4950-864d-f78b16223ff5	22	17019000	18190590	828	0.0982
b74f3652-d3d4-4950-864d-f78b16223ff5	22	18392404	18822581	9	1.1942
b74f3652-d3d4-4950-864d-f78b16223ff5	22	18822597	25608728	4424	0.0845
b74f3652-d3d4-4950-864d-f78b16223ff5	22	25612136	25724256	61	0.4886
b74f3652-d3d4-4950-864d-f78b16223ff5	22	25724390	37346951	8805	0.0921
b74f3652-d3d4-4950-864d-f78b16223ff5	22	37352689	37353906	4	-0.8446
b74f3652-d3d4-4950-864d-f78b16223ff5	22	37354627	38145465	368	0.0571
b74f3652-d3d4-4950-864d-f78b16223ff5	22	38147125	38147446	3	-0.6926
b74f3652-d3d4-4950-864d-f78b16223ff5	22	38148126	38894915	394	0.1091
b74f3652-d3d4-4950-864d-f78b16223ff5	22	38899250	38904200	6	-0.377
b74f3652-d3d4-4950-864d-f78b16223ff5	22	38909916	38955461	35	0.0704
b74f3652-d3d4-4950-864d-f78b16223ff5	22	38967614	38993700	25	-0.596
b74f3652-d3d4-4950-864d-f78b16223ff5	22	38993715	50796027	8011	0.0866
b74f3652-d3d4-4950-864d-f78b16223ff5	X	251810	155952689	83659	0.0137
b74f3652-d3d4-4950-864d-f78b16223ff5	Y	2782397	3044140	132	-2.6637
b74f3652-d3d4-4950-864d-f78b16223ff5	Y	3047459	6071948	585	-2.2258
b74f3652-d3d4-4950-864d-f78b16223ff5	Y	6075631	56872112	5922	-2.735
