GDC_Aliquot	Chromosome	Start	End	Num_Probes	Segment_Mean
f510f435-4dda-489f-8e50-289151c2bbf0	1	62920	12779433	6491	0.0382
f510f435-4dda-489f-8e50-289151c2bbf0	1	12792599	13110913	35	-0.6976
f510f435-4dda-489f-8e50-289151c2bbf0	1	13114062	25256850	7495	0.0248
f510f435-4dda-489f-8e50-289151c2bbf0	1	25266637	25320455	24	-2.0489
f510f435-4dda-489f-8e50-289151c2bbf0	1	25336819	30145009	2272	0.0269
f510f435-4dda-489f-8e50-289151c2bbf0	1	30146358	30147019	4	-0.9473
f510f435-4dda-489f-8e50-289151c2bbf0	1	30150062	61648334	19165	0.0401
f510f435-4dda-489f-8e50-289151c2bbf0	1	61648509	61652515	3	-0.9173
f510f435-4dda-489f-8e50-289151c2bbf0	1	61654137	72303233	7295	0.0255
f510f435-4dda-489f-8e50-289151c2bbf0	1	72303253	72345465	45	-1.3606
f510f435-4dda-489f-8e50-289151c2bbf0	1	72346221	103616762	20034	0.0163
f510f435-4dda-489f-8e50-289151c2bbf0	1	103620877	103760781	7	0.9136
f510f435-4dda-489f-8e50-289151c2bbf0	1	103760879	109684695	3568	0.0197
f510f435-4dda-489f-8e50-289151c2bbf0	1	109684893	109692006	11	-0.6801
f510f435-4dda-489f-8e50-289151c2bbf0	1	109696900	112153465	1955	0.0253
f510f435-4dda-489f-8e50-289151c2bbf0	1	112153571	112163506	29	0.4045
f510f435-4dda-489f-8e50-289151c2bbf0	1	112163518	116651953	2881	0.0342
f510f435-4dda-489f-8e50-289151c2bbf0	1	116657749	116657782	2	-1.9723
f510f435-4dda-489f-8e50-289151c2bbf0	1	116663714	143734438	2371	0.0263
f510f435-4dda-489f-8e50-289151c2bbf0	1	143748012	143760271	21	0.5547
f510f435-4dda-489f-8e50-289151c2bbf0	1	143762042	152583051	2320	0.0316
f510f435-4dda-489f-8e50-289151c2bbf0	1	152583230	152614118	35	-0.6872
f510f435-4dda-489f-8e50-289151c2bbf0	1	152618018	152787202	167	-0.0005
f510f435-4dda-489f-8e50-289151c2bbf0	1	152789447	152796224	37	-1.6415
f510f435-4dda-489f-8e50-289151c2bbf0	1	152801429	174827418	14814	0.0245
f510f435-4dda-489f-8e50-289151c2bbf0	1	174827561	174832702	15	-0.5787
f510f435-4dda-489f-8e50-289151c2bbf0	1	174832716	189679027	9904	0.0304
f510f435-4dda-489f-8e50-289151c2bbf0	1	189679353	189679397	2	-1.6795
f510f435-4dda-489f-8e50-289151c2bbf0	1	189682917	189988970	242	0.0224
f510f435-4dda-489f-8e50-289151c2bbf0	1	189989653	189991050	10	-0.5322
f510f435-4dda-489f-8e50-289151c2bbf0	1	189991555	196762480	4488	0.0153
f510f435-4dda-489f-8e50-289151c2bbf0	1	196762956	196843377	56	0.3427
f510f435-4dda-489f-8e50-289151c2bbf0	1	196843400	240228440	29952	0.0269
f510f435-4dda-489f-8e50-289151c2bbf0	1	240230715	240230839	6	-1.7892
f510f435-4dda-489f-8e50-289151c2bbf0	1	240232805	248525314	5683	0.0155
f510f435-4dda-489f-8e50-289151c2bbf0	1	248546369	248645563	37	-0.6166
f510f435-4dda-489f-8e50-289151c2bbf0	1	248645808	248930189	140	0.0361
f510f435-4dda-489f-8e50-289151c2bbf0	2	12784	14563570	11039	0.0197
f510f435-4dda-489f-8e50-289151c2bbf0	2	14564825	14569968	12	-1.0025
f510f435-4dda-489f-8e50-289151c2bbf0	2	14570240	34466002	13039	0.0247
f510f435-4dda-489f-8e50-289151c2bbf0	2	34474248	34511990	46	0.6706
f510f435-4dda-489f-8e50-289151c2bbf0	2	34512096	52514599	13006	0.019
f510f435-4dda-489f-8e50-289151c2bbf0	2	52516787	52554384	40	0.4259
f510f435-4dda-489f-8e50-289151c2bbf0	2	52554404	53125409	462	0.0097
f510f435-4dda-489f-8e50-289151c2bbf0	2	53125492	53125682	2	-1.1535
f510f435-4dda-489f-8e50-289151c2bbf0	2	53129637	86710564	21459	0.0179
f510f435-4dda-489f-8e50-289151c2bbf0	2	86725947	86726731	2	-1.5622
f510f435-4dda-489f-8e50-289151c2bbf0	2	86743283	86901078	63	0.026
f510f435-4dda-489f-8e50-289151c2bbf0	2	86902080	86910262	2	-1.965
f510f435-4dda-489f-8e50-289151c2bbf0	2	86934730	87082140	12	-0.4044
f510f435-4dda-489f-8e50-289151c2bbf0	2	87082711	87516129	90	0.0884
f510f435-4dda-489f-8e50-289151c2bbf0	2	87516162	87528459	7	-0.7163
f510f435-4dda-489f-8e50-289151c2bbf0	2	87542032	97359885	1754	0.0099
f510f435-4dda-489f-8e50-289151c2bbf0	2	97524284	97560849	15	0.4599
f510f435-4dda-489f-8e50-289151c2bbf0	2	97562741	130036283	19856	0.0196
f510f435-4dda-489f-8e50-289151c2bbf0	2	130036310	130116915	13	-0.5229
f510f435-4dda-489f-8e50-289151c2bbf0	2	130117303	144840996	8783	0.0151
f510f435-4dda-489f-8e50-289151c2bbf0	2	144841410	144841627	2	-1.1545
f510f435-4dda-489f-8e50-289151c2bbf0	2	144842467	171254802	16014	0.0174
f510f435-4dda-489f-8e50-289151c2bbf0	2	171260240	171263693	6	-0.7988
f510f435-4dda-489f-8e50-289151c2bbf0	2	171266488	179196928	5027	0.0332
f510f435-4dda-489f-8e50-289151c2bbf0	2	179202465	179211936	2	-1.9912
f510f435-4dda-489f-8e50-289151c2bbf0	2	179214417	183709219	2866	0.0191
f510f435-4dda-489f-8e50-289151c2bbf0	2	183712465	183712596	3	-1.1382
f510f435-4dda-489f-8e50-289151c2bbf0	2	183716167	193823021	5725	0.0175
f510f435-4dda-489f-8e50-289151c2bbf0	2	193825580	193829074	2	2.0271
f510f435-4dda-489f-8e50-289151c2bbf0	2	193837590	232377647	23997	0.0245
f510f435-4dda-489f-8e50-289151c2bbf0	2	232377689	232406171	20	-0.8003
f510f435-4dda-489f-8e50-289151c2bbf0	2	232415091	242147305	6181	0.041
f510f435-4dda-489f-8e50-289151c2bbf0	3	20930	2922299	2536	-0.53
f510f435-4dda-489f-8e50-289151c2bbf0	3	2924444	2937591	16	-1.2227
f510f435-4dda-489f-8e50-289151c2bbf0	3	2937787	22015726	14021	-0.5183
f510f435-4dda-489f-8e50-289151c2bbf0	3	22015749	22015764	2	-2.8522
f510f435-4dda-489f-8e50-289151c2bbf0	3	22019950	68697108	31189	-0.5075
f510f435-4dda-489f-8e50-289151c2bbf0	3	68697133	68698262	13	-1.3479
f510f435-4dda-489f-8e50-289151c2bbf0	3	68699607	82059630	8603	-0.522
f510f435-4dda-489f-8e50-289151c2bbf0	3	82062201	82064038	3	-2.053
f510f435-4dda-489f-8e50-289151c2bbf0	3	82064741	83208682	623	-0.5097
f510f435-4dda-489f-8e50-289151c2bbf0	3	83210502	89622183	3560	0.0226
f510f435-4dda-489f-8e50-289151c2bbf0	3	89622197	89624679	6	-1.0199
f510f435-4dda-489f-8e50-289151c2bbf0	3	89624990	130067531	21867	0.0277
f510f435-4dda-489f-8e50-289151c2bbf0	3	130067896	130079892	23	0.5971
f510f435-4dda-489f-8e50-289151c2bbf0	3	130079938	132273893	1445	0.0256
f510f435-4dda-489f-8e50-289151c2bbf0	3	132273929	132276840	3	-2.5438
f510f435-4dda-489f-8e50-289151c2bbf0	3	132281633	134273383	1289	0.0331
f510f435-4dda-489f-8e50-289151c2bbf0	3	134273457	134273579	2	-1.1811
f510f435-4dda-489f-8e50-289151c2bbf0	3	134273898	134830033	341	0.0364
f510f435-4dda-489f-8e50-289151c2bbf0	3	134831585	134831735	2	1.1975
f510f435-4dda-489f-8e50-289151c2bbf0	3	134832502	136413440	989	0.0233
f510f435-4dda-489f-8e50-289151c2bbf0	3	136413863	136413881	2	-1.1458
f510f435-4dda-489f-8e50-289151c2bbf0	3	136423577	149245189	7843	0.0268
f510f435-4dda-489f-8e50-289151c2bbf0	3	149245608	149250334	25	-0.8437
f510f435-4dda-489f-8e50-289151c2bbf0	3	149253293	162815162	8351	0.0233
f510f435-4dda-489f-8e50-289151c2bbf0	3	162816942	162822221	4	-0.9245
f510f435-4dda-489f-8e50-289151c2bbf0	3	162822685	162822702	2	-2.6339
f510f435-4dda-489f-8e50-289151c2bbf0	3	162827928	162906109	46	-0.0688
f510f435-4dda-489f-8e50-289151c2bbf0	3	162908192	162908815	4	-1.5667
f510f435-4dda-489f-8e50-289151c2bbf0	3	162910826	193160113	19171	0.0272
f510f435-4dda-489f-8e50-289151c2bbf0	3	193160173	193165114	19	-0.6336
f510f435-4dda-489f-8e50-289151c2bbf0	3	193168646	195559056	1483	0.0338
f510f435-4dda-489f-8e50-289151c2bbf0	3	195656271	195747892	44	0.4297
f510f435-4dda-489f-8e50-289151c2bbf0	3	195751823	198111467	1148	0.0599
f510f435-4dda-489f-8e50-289151c2bbf0	3	198111566	198169247	18	-0.401
f510f435-4dda-489f-8e50-289151c2bbf0	4	68929	34777432	22715	0.0204
f510f435-4dda-489f-8e50-289151c2bbf0	4	34784878	34822561	37	-0.525
f510f435-4dda-489f-8e50-289151c2bbf0	4	34823103	172066777	82319	0.0178
f510f435-4dda-489f-8e50-289151c2bbf0	4	172067997	172068382	12	0.9411
f510f435-4dda-489f-8e50-289151c2bbf0	4	172074828	184829686	8569	0.0243
f510f435-4dda-489f-8e50-289151c2bbf0	4	184831853	184838776	8	-0.8669
f510f435-4dda-489f-8e50-289151c2bbf0	4	184842139	190036988	3500	0.0383
f510f435-4dda-489f-8e50-289151c2bbf0	4	190046094	190106768	5	-0.8569
f510f435-4dda-489f-8e50-289151c2bbf0	5	15532	58025819	35754	0.0194
f510f435-4dda-489f-8e50-289151c2bbf0	5	58030200	58037706	32	1.4531
f510f435-4dda-489f-8e50-289151c2bbf0	5	58042530	66334724	5147	0.0269
f510f435-4dda-489f-8e50-289151c2bbf0	5	66335177	81210060	8569	0.0477
f510f435-4dda-489f-8e50-289151c2bbf0	5	81210563	86815939	3234	0.0226
f510f435-4dda-489f-8e50-289151c2bbf0	5	86819561	86823329	3	-1.8718
f510f435-4dda-489f-8e50-289151c2bbf0	5	86825812	152134610	40663	0.0333
f510f435-4dda-489f-8e50-289151c2bbf0	5	152135825	152140710	15	-0.6285
f510f435-4dda-489f-8e50-289151c2bbf0	5	152140861	156054939	2665	0.0327
f510f435-4dda-489f-8e50-289151c2bbf0	5	156055000	156055719	8	0.5416
f510f435-4dda-489f-8e50-289151c2bbf0	5	156068240	157989045	1303	0.0301
f510f435-4dda-489f-8e50-289151c2bbf0	5	157989069	157993074	2	-1.2002
f510f435-4dda-489f-8e50-289151c2bbf0	5	157994612	160466641	1694	0.0331
f510f435-4dda-489f-8e50-289151c2bbf0	5	160467477	160467765	4	-0.9131
f510f435-4dda-489f-8e50-289151c2bbf0	5	160470494	177771448	11803	0.0324
f510f435-4dda-489f-8e50-289151c2bbf0	5	177800550	177805604	3	2.1885
f510f435-4dda-489f-8e50-289151c2bbf0	5	177827964	178680821	446	0.0496
f510f435-4dda-489f-8e50-289151c2bbf0	5	178682974	178685260	2	-1.9776
f510f435-4dda-489f-8e50-289151c2bbf0	5	178686162	181363319	1535	0.0383
f510f435-4dda-489f-8e50-289151c2bbf0	6	149661	294837	124	0.0297
f510f435-4dda-489f-8e50-289151c2bbf0	6	302306	380821	77	0.7587
f510f435-4dda-489f-8e50-289151c2bbf0	6	381149	29800928	21387	0.0344
f510f435-4dda-489f-8e50-289151c2bbf0	6	29802981	29810252	6	-0.7867
f510f435-4dda-489f-8e50-289151c2bbf0	6	29810332	32533522	1267	0.0335
f510f435-4dda-489f-8e50-289151c2bbf0	6	32540699	32658841	47	-0.7972
f510f435-4dda-489f-8e50-289151c2bbf0	6	32682835	32722250	44	0.0107
f510f435-4dda-489f-8e50-289151c2bbf0	6	32723020	32733056	5	-0.4707
f510f435-4dda-489f-8e50-289151c2bbf0	6	32733071	33970222	752	0.0453
f510f435-4dda-489f-8e50-289151c2bbf0	6	33970966	33974928	7	-0.8536
f510f435-4dda-489f-8e50-289151c2bbf0	6	33976809	54066353	12895	0.0319
f510f435-4dda-489f-8e50-289151c2bbf0	6	54066432	54067057	6	-1.6508
f510f435-4dda-489f-8e50-289151c2bbf0	6	54070550	54791875	483	0.0258
f510f435-4dda-489f-8e50-289151c2bbf0	6	54799790	54800460	2	-0.9656
f510f435-4dda-489f-8e50-289151c2bbf0	6	54803165	64627049	3743	0.0203
f510f435-4dda-489f-8e50-289151c2bbf0	6	64637651	64639099	2	1.2393
f510f435-4dda-489f-8e50-289151c2bbf0	6	64640883	66298393	1104	0.0238
f510f435-4dda-489f-8e50-289151c2bbf0	6	66299130	66328153	34	-0.7243
f510f435-4dda-489f-8e50-289151c2bbf0	6	66331020	66333004	6	-2.8071
f510f435-4dda-489f-8e50-289151c2bbf0	6	66333299	66338736	15	-0.7039
f510f435-4dda-489f-8e50-289151c2bbf0	6	66339513	68761052	1699	0.0199
f510f435-4dda-489f-8e50-289151c2bbf0	6	68761221	68761402	2	-3.309
f510f435-4dda-489f-8e50-289151c2bbf0	6	68761855	73882142	3299	0.011
f510f435-4dda-489f-8e50-289151c2bbf0	6	73882509	73891694	10	0.9048
f510f435-4dda-489f-8e50-289151c2bbf0	6	73893839	78259388	2771	0.0155
f510f435-4dda-489f-8e50-289151c2bbf0	6	78261980	78325468	111	0.4609
f510f435-4dda-489f-8e50-289151c2bbf0	6	78329517	103290101	15474	0.0174
f510f435-4dda-489f-8e50-289151c2bbf0	6	103290164	103314186	45	-1.3564
f510f435-4dda-489f-8e50-289151c2bbf0	6	103317795	125861617	13891	0.0157
f510f435-4dda-489f-8e50-289151c2bbf0	6	125862546	125865630	3	-2.7635
f510f435-4dda-489f-8e50-289151c2bbf0	6	125867747	168870185	29102	0.0275
f510f435-4dda-489f-8e50-289151c2bbf0	6	168870862	168871190	4	-0.8274
f510f435-4dda-489f-8e50-289151c2bbf0	6	168875233	170741917	1173	0.0391
f510f435-4dda-489f-8e50-289151c2bbf0	7	43355	54305455	38480	0.0151
f510f435-4dda-489f-8e50-289151c2bbf0	7	54318812	54318824	6	0.9291
f510f435-4dda-489f-8e50-289151c2bbf0	7	54325795	70955452	6127	0.0126
f510f435-4dda-489f-8e50-289151c2bbf0	7	70958264	70961155	2	-2.4022
f510f435-4dda-489f-8e50-289151c2bbf0	7	70963257	91728039	11938	0.0103
f510f435-4dda-489f-8e50-289151c2bbf0	7	91728135	91729225	6	0.8233
f510f435-4dda-489f-8e50-289151c2bbf0	7	91729456	97756621	3750	0.0146
f510f435-4dda-489f-8e50-289151c2bbf0	7	97756658	97773163	17	-0.5883
f510f435-4dda-489f-8e50-289151c2bbf0	7	97774928	109801187	6625	0.0205
f510f435-4dda-489f-8e50-289151c2bbf0	7	109801572	109813853	10	-0.6533
f510f435-4dda-489f-8e50-289151c2bbf0	7	109813925	128522840	11443	0.017
f510f435-4dda-489f-8e50-289151c2bbf0	7	128523281	128534838	3	-1.6417
f510f435-4dda-489f-8e50-289151c2bbf0	7	128535534	134074049	3276	0.0313
f510f435-4dda-489f-8e50-289151c2bbf0	7	134075798	134081717	6	-0.7406
f510f435-4dda-489f-8e50-289151c2bbf0	7	134082412	134093884	13	0.1166
f510f435-4dda-489f-8e50-289151c2bbf0	7	134093896	134121491	38	0.3815
f510f435-4dda-489f-8e50-289151c2bbf0	7	134124039	155723583	13791	0.0117
f510f435-4dda-489f-8e50-289151c2bbf0	7	155724940	155725052	2	-1.4888
f510f435-4dda-489f-8e50-289151c2bbf0	7	155729342	156592980	660	0.0315
f510f435-4dda-489f-8e50-289151c2bbf0	7	156599096	156601485	4	-0.9043
f510f435-4dda-489f-8e50-289151c2bbf0	7	156602214	159334314	1622	0.0349
f510f435-4dda-489f-8e50-289151c2bbf0	8	81254	2134242	1491	0.0159
f510f435-4dda-489f-8e50-289151c2bbf0	8	2134500	2134890	3	-1.0596
f510f435-4dda-489f-8e50-289151c2bbf0	8	2137191	2844412	545	0.0114
f510f435-4dda-489f-8e50-289151c2bbf0	8	2846011	2846377	7	-1.3052
f510f435-4dda-489f-8e50-289151c2bbf0	8	2849649	4382307	2210	0.0098
f510f435-4dda-489f-8e50-289151c2bbf0	8	4383403	4383418	2	-2.092
f510f435-4dda-489f-8e50-289151c2bbf0	8	4383532	7396819	3492	0.0223
f510f435-4dda-489f-8e50-289151c2bbf0	8	7397588	8212781	46	-0.472
f510f435-4dda-489f-8e50-289151c2bbf0	8	8214781	12092042	3219	0.0285
f510f435-4dda-489f-8e50-289151c2bbf0	8	12130217	12585546	56	-0.4185
f510f435-4dda-489f-8e50-289151c2bbf0	8	12616034	14652059	1948	-0.0009
f510f435-4dda-489f-8e50-289151c2bbf0	8	14652523	14652565	3	0.9565
f510f435-4dda-489f-8e50-289151c2bbf0	8	14652887	17061577	2116	0.016
f510f435-4dda-489f-8e50-289151c2bbf0	8	17061615	17062159	2	-1.1805
f510f435-4dda-489f-8e50-289151c2bbf0	8	17067188	17590041	473	-0.0145
f510f435-4dda-489f-8e50-289151c2bbf0	8	17592148	17592226	3	-1.1562
f510f435-4dda-489f-8e50-289151c2bbf0	8	17596651	18939152	1234	0.0141
f510f435-4dda-489f-8e50-289151c2bbf0	8	18939412	18940077	3	-2.6055
f510f435-4dda-489f-8e50-289151c2bbf0	8	18940698	20428045	1326	0.0168
f510f435-4dda-489f-8e50-289151c2bbf0	8	20428136	20428482	2	-1.3429
f510f435-4dda-489f-8e50-289151c2bbf0	8	20428579	25118687	3295	0.026
f510f435-4dda-489f-8e50-289151c2bbf0	8	25119021	25122039	7	-0.3307
f510f435-4dda-489f-8e50-289151c2bbf0	8	25122389	25122472	7	-1.3604
f510f435-4dda-489f-8e50-289151c2bbf0	8	25126554	27021561	1486	0.016
f510f435-4dda-489f-8e50-289151c2bbf0	8	27022006	27023165	6	-0.6427
f510f435-4dda-489f-8e50-289151c2bbf0	8	27029290	39373140	7533	0.0144
f510f435-4dda-489f-8e50-289151c2bbf0	8	39378084	39526605	55	0.4957
f510f435-4dda-489f-8e50-289151c2bbf0	8	39527181	63936079	13650	0.0172
f510f435-4dda-489f-8e50-289151c2bbf0	8	63936340	63936561	6	0.9775
f510f435-4dda-489f-8e50-289151c2bbf0	8	63936953	98200746	20583	0.012
f510f435-4dda-489f-8e50-289151c2bbf0	8	98202481	103478910	3135	0.0404
f510f435-4dda-489f-8e50-289151c2bbf0	8	103481275	111273427	4639	0.0141
f510f435-4dda-489f-8e50-289151c2bbf0	8	111276327	111283016	12	0.5462
f510f435-4dda-489f-8e50-289151c2bbf0	8	111283031	114622325	1826	0.0157
f510f435-4dda-489f-8e50-289151c2bbf0	8	114622424	114629502	33	-0.6775
f510f435-4dda-489f-8e50-289151c2bbf0	8	114638468	120814582	4192	0.0169
f510f435-4dda-489f-8e50-289151c2bbf0	8	120815228	120815257	3	-0.9067
f510f435-4dda-489f-8e50-289151c2bbf0	8	120816679	127175495	4403	0.0253
f510f435-4dda-489f-8e50-289151c2bbf0	8	127175748	127175953	3	1.0702
f510f435-4dda-489f-8e50-289151c2bbf0	8	127177129	127588837	306	0.0221
f510f435-4dda-489f-8e50-289151c2bbf0	8	127588957	127594422	12	-0.8975
f510f435-4dda-489f-8e50-289151c2bbf0	8	127601485	141451594	10612	0.027
f510f435-4dda-489f-8e50-289151c2bbf0	8	141453371	142423309	584	0.1046
f510f435-4dda-489f-8e50-289151c2bbf0	8	142423653	145072769	945	0.0437
f510f435-4dda-489f-8e50-289151c2bbf0	9	46587	22492890	19850	0.024
f510f435-4dda-489f-8e50-289151c2bbf0	9	22501914	22502700	2	-3.3855
f510f435-4dda-489f-8e50-289151c2bbf0	9	22509341	23361807	580	0.0132
f510f435-4dda-489f-8e50-289151c2bbf0	9	23363117	23373486	8	1.0279
f510f435-4dda-489f-8e50-289151c2bbf0	9	23378490	40018947	10756	0.0214
f510f435-4dda-489f-8e50-289151c2bbf0	9	40099591	40099921	2	1.4116
f510f435-4dda-489f-8e50-289151c2bbf0	9	40189830	42014203	98	0.0192
f510f435-4dda-489f-8e50-289151c2bbf0	9	42037471	42179276	20	-1.6368
f510f435-4dda-489f-8e50-289151c2bbf0	9	42202227	42302534	10	-0.3355
f510f435-4dda-489f-8e50-289151c2bbf0	9	42302678	42524983	4	-1.5568
f510f435-4dda-489f-8e50-289151c2bbf0	9	42546668	61405110	58	-0.2387
f510f435-4dda-489f-8e50-289151c2bbf0	9	61520021	61647899	30	-1.345
f510f435-4dda-489f-8e50-289151c2bbf0	9	61665362	64493528	95	-0.0344
f510f435-4dda-489f-8e50-289151c2bbf0	9	64495298	64543777	11	-0.5198
f510f435-4dda-489f-8e50-289151c2bbf0	9	64574862	102753540	24119	0.0256
f510f435-4dda-489f-8e50-289151c2bbf0	9	102753569	102754550	4	-1.1415
f510f435-4dda-489f-8e50-289151c2bbf0	9	102755399	133291001	21547	0.0342
f510f435-4dda-489f-8e50-289151c2bbf0	9	133295641	133298730	5	-0.8195
f510f435-4dda-489f-8e50-289151c2bbf0	9	133299121	135322259	1186	0.0282
f510f435-4dda-489f-8e50-289151c2bbf0	9	135323776	135324566	2	1.1304
f510f435-4dda-489f-8e50-289151c2bbf0	9	135325951	138200944	1107	0.0278
f510f435-4dda-489f-8e50-289151c2bbf0	10	45792	6612167	5653	0.0326
f510f435-4dda-489f-8e50-289151c2bbf0	10	6615813	6622192	23	-0.7229
f510f435-4dda-489f-8e50-289151c2bbf0	10	6622355	14175506	6322	0.0159
f510f435-4dda-489f-8e50-289151c2bbf0	10	14176968	14204823	28	0.5194
f510f435-4dda-489f-8e50-289151c2bbf0	10	14207418	133654968	78643	0.0215
f510f435-4dda-489f-8e50-289151c2bbf0	11	198510	4946420	2420	0.026
f510f435-4dda-489f-8e50-289151c2bbf0	11	4947280	4955042	30	0.6857
f510f435-4dda-489f-8e50-289151c2bbf0	11	4955781	5757293	775	0.0183
f510f435-4dda-489f-8e50-289151c2bbf0	11	5761695	5788231	43	0.2379
f510f435-4dda-489f-8e50-289151c2bbf0	11	5791130	6083587	235	-0.0043
f510f435-4dda-489f-8e50-289151c2bbf0	11	6083601	6100864	10	-0.511
f510f435-4dda-489f-8e50-289151c2bbf0	11	6101273	10205512	2788	0.0279
f510f435-4dda-489f-8e50-289151c2bbf0	11	10205846	10207181	3	-1.1213
f510f435-4dda-489f-8e50-289151c2bbf0	11	10211166	18927525	6372	0.0327
f510f435-4dda-489f-8e50-289151c2bbf0	11	18927562	18939837	37	-0.3393
f510f435-4dda-489f-8e50-289151c2bbf0	11	18939855	20822345	1679	0.0188
f510f435-4dda-489f-8e50-289151c2bbf0	11	20823306	20828212	3	-1.0302
f510f435-4dda-489f-8e50-289151c2bbf0	11	20828684	30154159	6624	0.0173
f510f435-4dda-489f-8e50-289151c2bbf0	11	30154241	30154307	2	1.3583
f510f435-4dda-489f-8e50-289151c2bbf0	11	30154474	48700215	12337	0.0168
f510f435-4dda-489f-8e50-289151c2bbf0	11	48702884	48712933	6	-0.7213
f510f435-4dda-489f-8e50-289151c2bbf0	11	48720621	49737435	394	0.0356
f510f435-4dda-489f-8e50-289151c2bbf0	11	49738003	49738504	5	-0.7887
f510f435-4dda-489f-8e50-289151c2bbf0	11	49739136	54743970	436	0.0327
f510f435-4dda-489f-8e50-289151c2bbf0	11	54762035	54766290	3	1.0776
f510f435-4dda-489f-8e50-289151c2bbf0	11	54782119	55608804	293	0.0222
f510f435-4dda-489f-8e50-289151c2bbf0	11	55609022	55686100	52	0.502
f510f435-4dda-489f-8e50-289151c2bbf0	11	55693207	86820076	17923	0.0275
f510f435-4dda-489f-8e50-289151c2bbf0	11	86833345	87018526	125	0.46
f510f435-4dda-489f-8e50-289151c2bbf0	11	87022755	93285549	4154	0.0171
f510f435-4dda-489f-8e50-289151c2bbf0	11	93287317	93292250	3	-1.8558
f510f435-4dda-489f-8e50-289151c2bbf0	11	93296295	112784575	13608	0.0203
f510f435-4dda-489f-8e50-289151c2bbf0	11	112784681	113402914	459	-0.1688
f510f435-4dda-489f-8e50-289151c2bbf0	11	113405439	121108435	5450	0.0405
f510f435-4dda-489f-8e50-289151c2bbf0	11	121108797	121110486	2	-0.936
f510f435-4dda-489f-8e50-289151c2bbf0	11	121110699	122368553	916	0.0405
f510f435-4dda-489f-8e50-289151c2bbf0	11	122368920	131359232	6711	0.0176
f510f435-4dda-489f-8e50-289151c2bbf0	11	131360350	133580098	1841	0.046
f510f435-4dda-489f-8e50-289151c2bbf0	11	133581647	133589978	7	-0.5841
f510f435-4dda-489f-8e50-289151c2bbf0	11	133590341	135074876	1092	0.037
f510f435-4dda-489f-8e50-289151c2bbf0	12	51460	9477960	6175	0.0308
f510f435-4dda-489f-8e50-289151c2bbf0	12	9481274	9575696	24	-1.5472
f510f435-4dda-489f-8e50-289151c2bbf0	12	9582373	11068125	1038	0.0111
f510f435-4dda-489f-8e50-289151c2bbf0	12	11070111	11088933	9	-1.4598
f510f435-4dda-489f-8e50-289151c2bbf0	12	11099275	11359558	134	0.0281
f510f435-4dda-489f-8e50-289151c2bbf0	12	11359597	11390472	28	0.3778
f510f435-4dda-489f-8e50-289151c2bbf0	12	11399258	33141726	15378	0.008
f510f435-4dda-489f-8e50-289151c2bbf0	12	33148472	33154440	27	-0.6872
f510f435-4dda-489f-8e50-289151c2bbf0	12	33155426	58323631	12783	0.0233
f510f435-4dda-489f-8e50-289151c2bbf0	12	58323655	58336379	9	-0.8893
f510f435-4dda-489f-8e50-289151c2bbf0	12	58337065	119546020	40189	0.0212
f510f435-4dda-489f-8e50-289151c2bbf0	12	119551082	119552956	16	-0.6517
f510f435-4dda-489f-8e50-289151c2bbf0	12	119556236	126509314	3995	0.0185
f510f435-4dda-489f-8e50-289151c2bbf0	12	126509681	126520044	8	-0.8135
f510f435-4dda-489f-8e50-289151c2bbf0	12	126522929	131636170	4470	0.0297
f510f435-4dda-489f-8e50-289151c2bbf0	12	131648039	131648790	13	-1.941
f510f435-4dda-489f-8e50-289151c2bbf0	12	131657925	133201603	559	0.0758
f510f435-4dda-489f-8e50-289151c2bbf0	13	18452809	37496998	13486	0.0166
f510f435-4dda-489f-8e50-289151c2bbf0	13	37497899	37510620	16	-2.1962
f510f435-4dda-489f-8e50-289151c2bbf0	13	37514193	38478674	701	0.0215
f510f435-4dda-489f-8e50-289151c2bbf0	13	38483435	38483919	2	-1.3754
f510f435-4dda-489f-8e50-289151c2bbf0	13	38490920	57184136	11823	0.0259
f510f435-4dda-489f-8e50-289151c2bbf0	13	57184155	57204246	33	-0.6086
f510f435-4dda-489f-8e50-289151c2bbf0	13	57215580	69813854	7643	0.0161
f510f435-4dda-489f-8e50-289151c2bbf0	13	69815320	69823114	4	-1.438
f510f435-4dda-489f-8e50-289151c2bbf0	13	69823252	71902850	1350	0.02
f510f435-4dda-489f-8e50-289151c2bbf0	13	71903417	71906418	4	-3.0561
f510f435-4dda-489f-8e50-289151c2bbf0	13	71906467	112879562	28448	0.0195
f510f435-4dda-489f-8e50-289151c2bbf0	13	112879747	112879894	3	1.3538
f510f435-4dda-489f-8e50-289151c2bbf0	13	112880521	114342922	647	0.0279
f510f435-4dda-489f-8e50-289151c2bbf0	14	18239283	18605732	11	-0.1287
f510f435-4dda-489f-8e50-289151c2bbf0	14	18605867	19954424	155	0.2761
f510f435-4dda-489f-8e50-289151c2bbf0	14	19955213	106877229	55248	0.0138
f510f435-4dda-489f-8e50-289151c2bbf0	15	19811075	20986779	154	0.0465
f510f435-4dda-489f-8e50-289151c2bbf0	15	20986997	21266108	15	0.6042
f510f435-4dda-489f-8e50-289151c2bbf0	15	21266481	24263561	967	0.0151
f510f435-4dda-489f-8e50-289151c2bbf0	15	24266888	24396250	55	0.4831
f510f435-4dda-489f-8e50-289151c2bbf0	15	24396515	53492842	17917	0.0295
f510f435-4dda-489f-8e50-289151c2bbf0	15	53492956	53493082	4	-0.9552
f510f435-4dda-489f-8e50-289151c2bbf0	15	53498050	71376776	12087	0.0333
f510f435-4dda-489f-8e50-289151c2bbf0	15	71379761	71380506	4	-1.2127
f510f435-4dda-489f-8e50-289151c2bbf0	15	71380846	92222525	12925	0.03
f510f435-4dda-489f-8e50-289151c2bbf0	15	92222644	92223064	3	1.771
f510f435-4dda-489f-8e50-289151c2bbf0	15	92223528	101859834	7413	0.0286
f510f435-4dda-489f-8e50-289151c2bbf0	15	101864933	101888850	7	-0.8256
f510f435-4dda-489f-8e50-289151c2bbf0	15	101888922	101928837	6	-0.2056
f510f435-4dda-489f-8e50-289151c2bbf0	16	10777	19933041	13467	0.0352
f510f435-4dda-489f-8e50-289151c2bbf0	16	19934328	19956040	29	-2.8393
f510f435-4dda-489f-8e50-289151c2bbf0	16	19958932	20046578	68	0.0218
f510f435-4dda-489f-8e50-289151c2bbf0	16	20047451	20047494	2	-1.4443
f510f435-4dda-489f-8e50-289151c2bbf0	16	20048355	21750145	946	0.0191
f510f435-4dda-489f-8e50-289151c2bbf0	16	21763785	21776197	5	-1.19
f510f435-4dda-489f-8e50-289151c2bbf0	16	21806139	22614263	270	0.0629
f510f435-4dda-489f-8e50-289151c2bbf0	16	22614281	22699421	58	-0.2157
f510f435-4dda-489f-8e50-289151c2bbf0	16	22701658	55761136	12090	0.0284
f510f435-4dda-489f-8e50-289151c2bbf0	16	55762477	55788532	22	-0.68
f510f435-4dda-489f-8e50-289151c2bbf0	16	55808442	82751220	19121	0.0218
f510f435-4dda-489f-8e50-289151c2bbf0	16	82751338	82751514	2	-2.2327
f510f435-4dda-489f-8e50-289151c2bbf0	16	82752297	87279998	4491	0.0338
f510f435-4dda-489f-8e50-289151c2bbf0	16	87281070	87281200	3	-0.9393
f510f435-4dda-489f-8e50-289151c2bbf0	16	87282723	88316374	556	0.0164
f510f435-4dda-489f-8e50-289151c2bbf0	16	88316868	89899864	632	0.1085
f510f435-4dda-489f-8e50-289151c2bbf0	16	89899949	90096867	112	-0.0038
f510f435-4dda-489f-8e50-289151c2bbf0	17	150733	18414080	11395	0.0383
f510f435-4dda-489f-8e50-289151c2bbf0	17	18452078	18550123	25	-1.4747
f510f435-4dda-489f-8e50-289151c2bbf0	17	18561272	36108874	6838	0.0365
f510f435-4dda-489f-8e50-289151c2bbf0	17	36109139	36157718	37	0.4172
f510f435-4dda-489f-8e50-289151c2bbf0	17	36200725	46120280	5068	0.0333
f510f435-4dda-489f-8e50-289151c2bbf0	17	46120732	46284997	100	-0.2217
f510f435-4dda-489f-8e50-289151c2bbf0	17	46286804	46446360	5	0.5545
f510f435-4dda-489f-8e50-289151c2bbf0	17	46569894	69538746	13474	0.0346
f510f435-4dda-489f-8e50-289151c2bbf0	17	69539982	69546606	2	-1.3081
f510f435-4dda-489f-8e50-289151c2bbf0	17	69548013	83091923	8093	0.0481
f510f435-4dda-489f-8e50-289151c2bbf0	18	48133	65535759	39933	0.0296
f510f435-4dda-489f-8e50-289151c2bbf0	18	65535772	65537481	15	0.8175
f510f435-4dda-489f-8e50-289151c2bbf0	18	65540037	78900693	10092	0.0361
f510f435-4dda-489f-8e50-289151c2bbf0	18	78902714	78904863	5	-1.0821
f510f435-4dda-489f-8e50-289151c2bbf0	18	78906449	80257174	703	0.0413
f510f435-4dda-489f-8e50-289151c2bbf0	19	90910	20411869	8916	0.0362
f510f435-4dda-489f-8e50-289151c2bbf0	19	20413400	20533583	68	-0.6156
f510f435-4dda-489f-8e50-289151c2bbf0	19	20538075	21632117	616	0.0515
f510f435-4dda-489f-8e50-289151c2bbf0	19	21632838	21637067	2	-1.8924
f510f435-4dda-489f-8e50-289151c2bbf0	19	21637309	35358420	7102	0.033
f510f435-4dda-489f-8e50-289151c2bbf0	19	35364451	35375842	22	0.456
f510f435-4dda-489f-8e50-289151c2bbf0	19	35375884	43193181	3865	0.0306
f510f435-4dda-489f-8e50-289151c2bbf0	19	43198881	43249358	21	-0.6258
f510f435-4dda-489f-8e50-289151c2bbf0	19	43252085	45244986	1170	0.0271
f510f435-4dda-489f-8e50-289151c2bbf0	19	45245096	45245997	2	-1.4339
f510f435-4dda-489f-8e50-289151c2bbf0	19	45253118	51639099	2974	0.0376
f510f435-4dda-489f-8e50-289151c2bbf0	19	51639362	51644944	10	-0.6277
f510f435-4dda-489f-8e50-289151c2bbf0	19	51651652	58586487	4334	0.0491
f510f435-4dda-489f-8e50-289151c2bbf0	20	80664	249875	137	0.0695
f510f435-4dda-489f-8e50-289151c2bbf0	20	249900	249915	2	-0.9443
f510f435-4dda-489f-8e50-289151c2bbf0	20	250119	1586808	1067	0.045
f510f435-4dda-489f-8e50-289151c2bbf0	20	1587007	1601561	33	-0.2868
f510f435-4dda-489f-8e50-289151c2bbf0	20	1609611	1613247	5	-1.8254
f510f435-4dda-489f-8e50-289151c2bbf0	20	1617300	12649334	8441	0.0204
f510f435-4dda-489f-8e50-289151c2bbf0	20	12650073	12650157	3	-1.0061
f510f435-4dda-489f-8e50-289151c2bbf0	20	12651396	17708719	4193	0.0252
f510f435-4dda-489f-8e50-289151c2bbf0	20	17709145	36521307	8714	0.0132
f510f435-4dda-489f-8e50-289151c2bbf0	20	36523081	64324800	19783	0.0341
f510f435-4dda-489f-8e50-289151c2bbf0	21	10354168	24190794	7846	0.0098
f510f435-4dda-489f-8e50-289151c2bbf0	21	24190862	24193276	2	-1.5088
f510f435-4dda-489f-8e50-289151c2bbf0	21	24198063	26908194	2013	0.0004
f510f435-4dda-489f-8e50-289151c2bbf0	21	26910341	26910533	3	-3.1442
f510f435-4dda-489f-8e50-289151c2bbf0	21	26911285	46677045	14002	0.0275
f510f435-4dda-489f-8e50-289151c2bbf0	22	15294547	18114671	1088	0.0142
f510f435-4dda-489f-8e50-289151c2bbf0	22	18116004	19996490	740	0.0725
f510f435-4dda-489f-8e50-289151c2bbf0	22	19996677	20000742	5	-0.668
f510f435-4dda-489f-8e50-289151c2bbf0	22	20000761	20760108	476	0.0785
f510f435-4dda-489f-8e50-289151c2bbf0	22	20760313	20761464	3	-0.7869
f510f435-4dda-489f-8e50-289151c2bbf0	22	20761521	22119654	809	0.0804
f510f435-4dda-489f-8e50-289151c2bbf0	22	22120134	22120255	4	-0.8464
f510f435-4dda-489f-8e50-289151c2bbf0	22	22127104	22149130	72	0.0757
f510f435-4dda-489f-8e50-289151c2bbf0	22	22149156	22149260	2	-0.9498
f510f435-4dda-489f-8e50-289151c2bbf0	22	22149460	22248292	168	0.1042
f510f435-4dda-489f-8e50-289151c2bbf0	22	22248379	22318746	10	-0.3254
f510f435-4dda-489f-8e50-289151c2bbf0	22	22318843	23110244	482	0.087
f510f435-4dda-489f-8e50-289151c2bbf0	22	23111380	23558260	295	0.0138
f510f435-4dda-489f-8e50-289151c2bbf0	22	23559518	23560433	2	-2.2352
f510f435-4dda-489f-8e50-289151c2bbf0	22	23563275	23987520	238	0.0131
f510f435-4dda-489f-8e50-289151c2bbf0	22	23988078	23989773	2	-2.6935
f510f435-4dda-489f-8e50-289151c2bbf0	22	23990431	44734586	14407	0.0347
f510f435-4dda-489f-8e50-289151c2bbf0	22	44737460	44740755	4	-0.8567
f510f435-4dda-489f-8e50-289151c2bbf0	22	44741026	48681058	3069	0.0339
f510f435-4dda-489f-8e50-289151c2bbf0	22	48681330	48682570	2	-1.1296
f510f435-4dda-489f-8e50-289151c2bbf0	22	48685333	50796027	1396	0.0583
f510f435-4dda-489f-8e50-289151c2bbf0	X	251810	50772588	30073	-0.3553
f510f435-4dda-489f-8e50-289151c2bbf0	X	50772693	50774301	2	3.4624
f510f435-4dda-489f-8e50-289151c2bbf0	X	50774547	79870452	10865	-0.3704
f510f435-4dda-489f-8e50-289151c2bbf0	X	79872654	81596223	871	0.294
f510f435-4dda-489f-8e50-289151c2bbf0	X	81596280	81597366	2	1.5926
f510f435-4dda-489f-8e50-289151c2bbf0	X	81600420	83659619	1031	0.2992
f510f435-4dda-489f-8e50-289151c2bbf0	X	83659683	83660794	4	-4.0904
f510f435-4dda-489f-8e50-289151c2bbf0	X	83666751	85735529	1190	0.3187
f510f435-4dda-489f-8e50-289151c2bbf0	X	85735560	85735832	2	2.2041
f510f435-4dda-489f-8e50-289151c2bbf0	X	85744347	88943048	2142	0.3331
f510f435-4dda-489f-8e50-289151c2bbf0	X	88943289	93262725	1636	0.2493
f510f435-4dda-489f-8e50-289151c2bbf0	X	93262766	105335137	6599	0.3305
f510f435-4dda-489f-8e50-289151c2bbf0	X	105335719	105339871	5	3.1049
f510f435-4dda-489f-8e50-289151c2bbf0	X	105342655	147194352	24177	0.3331
f510f435-4dda-489f-8e50-289151c2bbf0	X	147197388	147213611	8	-2.9126
f510f435-4dda-489f-8e50-289151c2bbf0	X	147225955	155952689	4907	0.3544
f510f435-4dda-489f-8e50-289151c2bbf0	Y	2782397	56872112	6640	-0.9067
