Sample	Chromosome	Start	End	Num_Probes	Segment_Mean
CHESS_p_TCGAb_112_347_367_NSP_GenomeWideSNP_6_E03_1438720	1	61735	5706560	2556	-0.1006
CHESS_p_TCGAb_112_347_367_NSP_GenomeWideSNP_6_E03_1438720	1	5706597	5707162	2	-1.6745
CHESS_p_TCGAb_112_347_367_NSP_GenomeWideSNP_6_E03_1438720	1	5707224	16970456	6190	-0.0677
CHESS_p_TCGAb_112_347_367_NSP_GenomeWideSNP_6_E03_1438720	1	17005734	17012741	15	-0.6039
CHESS_p_TCGAb_112_347_367_NSP_GenomeWideSNP_6_E03_1438720	1	17012785	17214822	54	-0.2211
CHESS_p_TCGAb_112_347_367_NSP_GenomeWideSNP_6_E03_1438720	1	17217283	17276241	56	-0.615
CHESS_p_TCGAb_112_347_367_NSP_GenomeWideSNP_6_E03_1438720	1	17277940	25604466	5270	-0.0632
CHESS_p_TCGAb_112_347_367_NSP_GenomeWideSNP_6_E03_1438720	1	25605058	25646689	14	0.4231
CHESS_p_TCGAb_112_347_367_NSP_GenomeWideSNP_6_E03_1438720	1	25646744	35091674	4962	-0.067
CHESS_p_TCGAb_112_347_367_NSP_GenomeWideSNP_6_E03_1438720	1	35102654	35104479	19	-0.6604
CHESS_p_TCGAb_112_347_367_NSP_GenomeWideSNP_6_E03_1438720	1	35104491	72750353	23812	-0.0339
CHESS_p_TCGAb_112_347_367_NSP_GenomeWideSNP_6_E03_1438720	1	72756113	72763370	9	-0.9172
CHESS_p_TCGAb_112_347_367_NSP_GenomeWideSNP_6_E03_1438720	1	72768418	72822505	57	0.347
CHESS_p_TCGAb_112_347_367_NSP_GenomeWideSNP_6_E03_1438720	1	72822797	89475255	10958	0.0033
CHESS_p_TCGAb_112_347_367_NSP_GenomeWideSNP_6_E03_1438720	1	89477958	89478205	2	-3.2854
CHESS_p_TCGAb_112_347_367_NSP_GenomeWideSNP_6_E03_1438720	1	89481524	104163787	9090	0.009
CHESS_p_TCGAb_112_347_367_NSP_GenomeWideSNP_6_E03_1438720	1	104178038	104268222	25	-0.4217
CHESS_p_TCGAb_112_347_367_NSP_GenomeWideSNP_6_E03_1438720	1	104303403	106019205	919	0.0013
CHESS_p_TCGAb_112_347_367_NSP_GenomeWideSNP_6_E03_1438720	1	106019236	106022375	16	1.1724
CHESS_p_TCGAb_112_347_367_NSP_GenomeWideSNP_6_E03_1438720	1	106024055	109651310	2375	0.0256
CHESS_p_TCGAb_112_347_367_NSP_GenomeWideSNP_6_E03_1438720	1	109652143	109659685	2	-1.3951
CHESS_p_TCGAb_112_347_367_NSP_GenomeWideSNP_6_E03_1438720	1	109659903	110227515	287	0.0389
CHESS_p_TCGAb_112_347_367_NSP_GenomeWideSNP_6_E03_1438720	1	110232974	110242953	17	1.0691
CHESS_p_TCGAb_112_347_367_NSP_GenomeWideSNP_6_E03_1438720	1	110244998	111370372	829	0.0258
CHESS_p_TCGAb_112_347_367_NSP_GenomeWideSNP_6_E03_1438720	1	111370395	111379573	26	0.3317
CHESS_p_TCGAb_112_347_367_NSP_GenomeWideSNP_6_E03_1438720	1	111379750	112690326	1098	0.0386
CHESS_p_TCGAb_112_347_367_NSP_GenomeWideSNP_6_E03_1438720	1	112695965	112697213	22	-0.534
CHESS_p_TCGAb_112_347_367_NSP_GenomeWideSNP_6_E03_1438720	1	112697241	152555527	8032	0.024
CHESS_p_TCGAb_112_347_367_NSP_GenomeWideSNP_6_E03_1438720	1	152555706	152586238	31	2.0766
CHESS_p_TCGAb_112_347_367_NSP_GenomeWideSNP_6_E03_1438720	1	152586278	152762046	180	0.0062
CHESS_p_TCGAb_112_347_367_NSP_GenomeWideSNP_6_E03_1438720	1	152762257	152768700	32	0.6179
CHESS_p_TCGAb_112_347_367_NSP_GenomeWideSNP_6_E03_1438720	1	152773905	210071062	38404	0.0228
CHESS_p_TCGAb_112_347_367_NSP_GenomeWideSNP_6_E03_1438720	1	210081613	210082065	2	-2.4289
CHESS_p_TCGAb_112_347_367_NSP_GenomeWideSNP_6_E03_1438720	1	210083984	213004455	1949	-0.0268
CHESS_p_TCGAb_112_347_367_NSP_GenomeWideSNP_6_E03_1438720	1	213005012	213010436	7	-1.0048
CHESS_p_TCGAb_112_347_367_NSP_GenomeWideSNP_6_E03_1438720	1	213014453	248577691	24896	-0.0199
CHESS_p_TCGAb_112_347_367_NSP_GenomeWideSNP_6_E03_1438720	1	248578622	248637264	24	0.451
CHESS_p_TCGAb_112_347_367_NSP_GenomeWideSNP_6_E03_1438720	1	248638626	248725234	24	-0.0107
CHESS_p_TCGAb_112_347_367_NSP_GenomeWideSNP_6_E03_1438720	1	248736075	248797213	35	-0.7712
CHESS_p_TCGAb_112_347_367_NSP_GenomeWideSNP_6_E03_1438720	1	248805339	249224388	145	-0.036
CHESS_p_TCGAb_112_347_367_NSP_GenomeWideSNP_6_E03_1438720	2	12784	4205687	2987	0.2604
CHESS_p_TCGAb_112_347_367_NSP_GenomeWideSNP_6_E03_1438720	2	4213864	4223725	40	-0.1992
CHESS_p_TCGAb_112_347_367_NSP_GenomeWideSNP_6_E03_1438720	2	4223833	8129338	3269	0.2793
CHESS_p_TCGAb_112_347_367_NSP_GenomeWideSNP_6_E03_1438720	2	8130885	8136618	8	-0.6134
CHESS_p_TCGAb_112_347_367_NSP_GenomeWideSNP_6_E03_1438720	2	8139924	34520473	17684	0.2836
CHESS_p_TCGAb_112_347_367_NSP_GenomeWideSNP_6_E03_1438720	2	34523978	34525580	2	-2.7574
CHESS_p_TCGAb_112_347_367_NSP_GenomeWideSNP_6_E03_1438720	2	34525967	34652579	83	0.2743
CHESS_p_TCGAb_112_347_367_NSP_GenomeWideSNP_6_E03_1438720	2	34652871	34737057	58	-0.1527
CHESS_p_TCGAb_112_347_367_NSP_GenomeWideSNP_6_E03_1438720	2	34737163	35097224	260	0.2759
CHESS_p_TCGAb_112_347_367_NSP_GenomeWideSNP_6_E03_1438720	2	35104222	35437253	195	0.0544
CHESS_p_TCGAb_112_347_367_NSP_GenomeWideSNP_6_E03_1438720	2	35437605	35585985	106	0.2744
CHESS_p_TCGAb_112_347_367_NSP_GenomeWideSNP_6_E03_1438720	2	35593330	35653475	68	0.6445
CHESS_p_TCGAb_112_347_367_NSP_GenomeWideSNP_6_E03_1438720	2	35653722	36075909	329	0.3468
CHESS_p_TCGAb_112_347_367_NSP_GenomeWideSNP_6_E03_1438720	2	36077455	37348087	1057	0.0263
CHESS_p_TCGAb_112_347_367_NSP_GenomeWideSNP_6_E03_1438720	2	37353011	38341468	762	0.4811
CHESS_p_TCGAb_112_347_367_NSP_GenomeWideSNP_6_E03_1438720	2	38344129	38375096	28	0.263
CHESS_p_TCGAb_112_347_367_NSP_GenomeWideSNP_6_E03_1438720	2	38375771	38376029	3	-0.6034
CHESS_p_TCGAb_112_347_367_NSP_GenomeWideSNP_6_E03_1438720	2	38376569	38408960	33	0.3628
CHESS_p_TCGAb_112_347_367_NSP_GenomeWideSNP_6_E03_1438720	2	38409220	38409844	2	-1.2013
CHESS_p_TCGAb_112_347_367_NSP_GenomeWideSNP_6_E03_1438720	2	38410270	39155489	464	0.3076
CHESS_p_TCGAb_112_347_367_NSP_GenomeWideSNP_6_E03_1438720	2	39164671	40176595	631	0.0178
CHESS_p_TCGAb_112_347_367_NSP_GenomeWideSNP_6_E03_1438720	2	40177136	42075529	1617	0.2964
CHESS_p_TCGAb_112_347_367_NSP_GenomeWideSNP_6_E03_1438720	2	42077568	47496880	3982	0.03
CHESS_p_TCGAb_112_347_367_NSP_GenomeWideSNP_6_E03_1438720	2	47501908	49103366	884	0.278
CHESS_p_TCGAb_112_347_367_NSP_GenomeWideSNP_6_E03_1438720	2	49105285	52754468	2620	0.0361
CHESS_p_TCGAb_112_347_367_NSP_GenomeWideSNP_6_E03_1438720	2	52754480	52781542	39	0.6787
CHESS_p_TCGAb_112_347_367_NSP_GenomeWideSNP_6_E03_1438720	2	52787949	87128201	21978	0.0299
CHESS_p_TCGAb_112_347_367_NSP_GenomeWideSNP_6_E03_1438720	2	87129203	87137385	2	-2.1779
CHESS_p_TCGAb_112_347_367_NSP_GenomeWideSNP_6_E03_1438720	2	87161853	97857927	2034	0.0295
CHESS_p_TCGAb_112_347_367_NSP_GenomeWideSNP_6_E03_1438720	2	97865337	97918357	21	0.5401
CHESS_p_TCGAb_112_347_367_NSP_GenomeWideSNP_6_E03_1438720	2	97918405	98118212	18	0.1206
CHESS_p_TCGAb_112_347_367_NSP_GenomeWideSNP_6_E03_1438720	2	98140747	98161710	8	-1.3869
CHESS_p_TCGAb_112_347_367_NSP_GenomeWideSNP_6_E03_1438720	2	98162189	106880095	5568	0.0138
CHESS_p_TCGAb_112_347_367_NSP_GenomeWideSNP_6_E03_1438720	2	106880713	106885357	11	-2.7458
CHESS_p_TCGAb_112_347_367_NSP_GenomeWideSNP_6_E03_1438720	2	106887255	129638078	13428	-0.0208
CHESS_p_TCGAb_112_347_367_NSP_GenomeWideSNP_6_E03_1438720	2	129638478	129640329	16	-0.7849
CHESS_p_TCGAb_112_347_367_NSP_GenomeWideSNP_6_E03_1438720	2	129646448	130793856	874	-0.0759
CHESS_p_TCGAb_112_347_367_NSP_GenomeWideSNP_6_E03_1438720	2	130793883	130826342	11	-0.8357
CHESS_p_TCGAb_112_347_367_NSP_GenomeWideSNP_6_E03_1438720	2	130849237	146862085	9579	-0.0828
CHESS_p_TCGAb_112_347_367_NSP_GenomeWideSNP_6_E03_1438720	2	146864404	146866934	24	0.8142
CHESS_p_TCGAb_112_347_367_NSP_GenomeWideSNP_6_E03_1438720	2	146877806	213181322	39999	-0.104
CHESS_p_TCGAb_112_347_367_NSP_GenomeWideSNP_6_E03_1438720	2	213186549	213191812	24	-0.8532
CHESS_p_TCGAb_112_347_367_NSP_GenomeWideSNP_6_E03_1438720	2	213191825	228240198	9849	-0.1404
CHESS_p_TCGAb_112_347_367_NSP_GenomeWideSNP_6_E03_1438720	2	228246529	228254272	6	0.8361
CHESS_p_TCGAb_112_347_367_NSP_GenomeWideSNP_6_E03_1438720	2	228258857	243089456	9189	-0.1459
CHESS_p_TCGAb_112_347_367_NSP_GenomeWideSNP_6_E03_1438720	3	60345	68598	4	-0.4137
CHESS_p_TCGAb_112_347_367_NSP_GenomeWideSNP_6_E03_1438720	3	69244	28798243	21474	0.0858
CHESS_p_TCGAb_112_347_367_NSP_GenomeWideSNP_6_E03_1438720	3	28798334	28799676	4	-1.6383
CHESS_p_TCGAb_112_347_367_NSP_GenomeWideSNP_6_E03_1438720	3	28801369	46783247	11727	0.05
CHESS_p_TCGAb_112_347_367_NSP_GenomeWideSNP_6_E03_1438720	3	46783250	46849589	45	-0.8129
CHESS_p_TCGAb_112_347_367_NSP_GenomeWideSNP_6_E03_1438720	3	46859479	68732028	14545	0.0246
CHESS_p_TCGAb_112_347_367_NSP_GenomeWideSNP_6_E03_1438720	3	68746164	68747413	15	-0.5592
CHESS_p_TCGAb_112_347_367_NSP_GenomeWideSNP_6_E03_1438720	3	68748758	129766586	34702	0.0232
CHESS_p_TCGAb_112_347_367_NSP_GenomeWideSNP_6_E03_1438720	3	129775858	129806236	50	0.5627
CHESS_p_TCGAb_112_347_367_NSP_GenomeWideSNP_6_E03_1438720	3	129806924	178884007	30340	0.0281
CHESS_p_TCGAb_112_347_367_NSP_GenomeWideSNP_6_E03_1438720	3	178884020	178884034	2	-1.2176
CHESS_p_TCGAb_112_347_367_NSP_GenomeWideSNP_6_E03_1438720	3	178884049	184223392	3022	0.0293
CHESS_p_TCGAb_112_347_367_NSP_GenomeWideSNP_6_E03_1438720	3	184223930	184224673	3	-1.2205
CHESS_p_TCGAb_112_347_367_NSP_GenomeWideSNP_6_E03_1438720	3	184225084	191280103	5015	0.0075
CHESS_p_TCGAb_112_347_367_NSP_GenomeWideSNP_6_E03_1438720	3	191284625	191284700	3	-1.3304
CHESS_p_TCGAb_112_347_367_NSP_GenomeWideSNP_6_E03_1438720	3	191285057	192874747	1123	-0.0232
CHESS_p_TCGAb_112_347_367_NSP_GenomeWideSNP_6_E03_1438720	3	192877902	192882903	20	-1.6138
CHESS_p_TCGAb_112_347_367_NSP_GenomeWideSNP_6_E03_1438720	3	192886435	195464866	1529	-0.0358
CHESS_p_TCGAb_112_347_367_NSP_GenomeWideSNP_6_E03_1438720	3	195473796	195474763	3	-1.0489
CHESS_p_TCGAb_112_347_367_NSP_GenomeWideSNP_6_E03_1438720	3	195478694	195661550	80	-0.0662
CHESS_p_TCGAb_112_347_367_NSP_GenomeWideSNP_6_E03_1438720	3	195690846	195701115	3	1.3136
CHESS_p_TCGAb_112_347_367_NSP_GenomeWideSNP_6_E03_1438720	3	195701163	196663321	457	0.0563
CHESS_p_TCGAb_112_347_367_NSP_GenomeWideSNP_6_E03_1438720	3	196663824	196674879	7	-0.6668
CHESS_p_TCGAb_112_347_367_NSP_GenomeWideSNP_6_E03_1438720	3	196676432	197896118	622	0.0375
CHESS_p_TCGAb_112_347_367_NSP_GenomeWideSNP_6_E03_1438720	4	12281	4113921	1704	0.0173
CHESS_p_TCGAb_112_347_367_NSP_GenomeWideSNP_6_E03_1438720	4	4118957	4184290	22	0.373
CHESS_p_TCGAb_112_347_367_NSP_GenomeWideSNP_6_E03_1438720	4	4184697	9451923	3513	-0.004
CHESS_p_TCGAb_112_347_367_NSP_GenomeWideSNP_6_E03_1438720	4	9461230	9464972	3	1.7776
CHESS_p_TCGAb_112_347_367_NSP_GenomeWideSNP_6_E03_1438720	4	9470734	10392354	757	0.0194
CHESS_p_TCGAb_112_347_367_NSP_GenomeWideSNP_6_E03_1438720	4	10393154	10400668	15	0.6265
CHESS_p_TCGAb_112_347_367_NSP_GenomeWideSNP_6_E03_1438720	4	10402718	25058232	10666	0.0222
CHESS_p_TCGAb_112_347_367_NSP_GenomeWideSNP_6_E03_1438720	4	25058914	25059462	5	-0.8966
CHESS_p_TCGAb_112_347_367_NSP_GenomeWideSNP_6_E03_1438720	4	25063548	60320033	20203	0.0328
CHESS_p_TCGAb_112_347_367_NSP_GenomeWideSNP_6_E03_1438720	4	60324949	60330445	5	0.9375
CHESS_p_TCGAb_112_347_367_NSP_GenomeWideSNP_6_E03_1438720	4	60331535	63667834	1951	0.0391
CHESS_p_TCGAb_112_347_367_NSP_GenomeWideSNP_6_E03_1438720	4	63669936	63671662	8	-0.7197
CHESS_p_TCGAb_112_347_367_NSP_GenomeWideSNP_6_E03_1438720	4	63679630	69261064	3445	0.0376
CHESS_p_TCGAb_112_347_367_NSP_GenomeWideSNP_6_E03_1438720	4	69282205	69288142	5	-1.6893
CHESS_p_TCGAb_112_347_367_NSP_GenomeWideSNP_6_E03_1438720	4	69294799	172369346	62536	0.0208
CHESS_p_TCGAb_112_347_367_NSP_GenomeWideSNP_6_E03_1438720	4	172374884	172377710	10	1.5936
CHESS_p_TCGAb_112_347_367_NSP_GenomeWideSNP_6_E03_1438720	4	172377724	172987857	397	0.0151
CHESS_p_TCGAb_112_347_367_NSP_GenomeWideSNP_6_E03_1438720	4	172987928	172989533	13	0.7666
CHESS_p_TCGAb_112_347_367_NSP_GenomeWideSNP_6_E03_1438720	4	172995979	191027923	12105	0.009
CHESS_p_TCGAb_112_347_367_NSP_GenomeWideSNP_6_E03_1438720	5	15532	10959306	8943	-0.001
CHESS_p_TCGAb_112_347_367_NSP_GenomeWideSNP_6_E03_1438720	5	10962227	10962734	2	-1.8818
CHESS_p_TCGAb_112_347_367_NSP_GenomeWideSNP_6_E03_1438720	5	10964326	12659630	1202	0.0169
CHESS_p_TCGAb_112_347_367_NSP_GenomeWideSNP_6_E03_1438720	5	12669547	12725039	18	0.4087
CHESS_p_TCGAb_112_347_367_NSP_GenomeWideSNP_6_E03_1438720	5	12725268	12833857	59	-0.0597
CHESS_p_TCGAb_112_347_367_NSP_GenomeWideSNP_6_E03_1438720	5	12837978	12838533	2	1.4392
CHESS_p_TCGAb_112_347_367_NSP_GenomeWideSNP_6_E03_1438720	5	12849201	19458788	4380	0.0364
CHESS_p_TCGAb_112_347_367_NSP_GenomeWideSNP_6_E03_1438720	5	19459021	19459263	2	-1.4844
CHESS_p_TCGAb_112_347_367_NSP_GenomeWideSNP_6_E03_1438720	5	19459627	21376844	1107	0.0422
CHESS_p_TCGAb_112_347_367_NSP_GenomeWideSNP_6_E03_1438720	5	21377839	21377853	2	-1.2112
CHESS_p_TCGAb_112_347_367_NSP_GenomeWideSNP_6_E03_1438720	5	21386066	25976052	2705	0.0297
CHESS_p_TCGAb_112_347_367_NSP_GenomeWideSNP_6_E03_1438720	5	25976262	25982060	4	0.9598
CHESS_p_TCGAb_112_347_367_NSP_GenomeWideSNP_6_E03_1438720	5	25987844	28643744	1518	0.0164
CHESS_p_TCGAb_112_347_367_NSP_GenomeWideSNP_6_E03_1438720	5	28645968	28720220	61	0.2832
CHESS_p_TCGAb_112_347_367_NSP_GenomeWideSNP_6_E03_1438720	5	28720692	39808632	7470	0.0298
CHESS_p_TCGAb_112_347_367_NSP_GenomeWideSNP_6_E03_1438720	5	39808954	39808969	2	-2.2599
CHESS_p_TCGAb_112_347_367_NSP_GenomeWideSNP_6_E03_1438720	5	39808985	57321646	8388	0.0252
CHESS_p_TCGAb_112_347_367_NSP_GenomeWideSNP_6_E03_1438720	5	57326027	57340073	34	-0.5163
CHESS_p_TCGAb_112_347_367_NSP_GenomeWideSNP_6_E03_1438720	5	57341014	103851221	26833	0.0183
CHESS_p_TCGAb_112_347_367_NSP_GenomeWideSNP_6_E03_1438720	5	103860373	103860604	4	-1.4748
CHESS_p_TCGAb_112_347_367_NSP_GenomeWideSNP_6_E03_1438720	5	103861049	133131129	19215	-0.0079
CHESS_p_TCGAb_112_347_367_NSP_GenomeWideSNP_6_E03_1438720	5	133131473	133135566	4	-0.9809
CHESS_p_TCGAb_112_347_367_NSP_GenomeWideSNP_6_E03_1438720	5	133138065	140218722	4000	-0.0344
CHESS_p_TCGAb_112_347_367_NSP_GenomeWideSNP_6_E03_1438720	5	140223836	140231839	10	-0.8802
CHESS_p_TCGAb_112_347_367_NSP_GenomeWideSNP_6_E03_1438720	5	140242479	163265709	15442	-0.0536
CHESS_p_TCGAb_112_347_367_NSP_GenomeWideSNP_6_E03_1438720	5	163268086	163268237	2	-1.4366
CHESS_p_TCGAb_112_347_367_NSP_GenomeWideSNP_6_E03_1438720	5	163268269	169112394	4163	-0.0579
CHESS_p_TCGAb_112_347_367_NSP_GenomeWideSNP_6_E03_1438720	5	169113075	169114005	2	-1.3352
CHESS_p_TCGAb_112_347_367_NSP_GenomeWideSNP_6_E03_1438720	5	169115353	171785292	1970	-0.06
CHESS_p_TCGAb_112_347_367_NSP_GenomeWideSNP_6_E03_1438720	5	171785637	171787120	2	-1.4793
CHESS_p_TCGAb_112_347_367_NSP_GenomeWideSNP_6_E03_1438720	5	171787895	176265982	3080	-0.056
CHESS_p_TCGAb_112_347_367_NSP_GenomeWideSNP_6_E03_1438720	5	176266039	176284713	7	-0.795
CHESS_p_TCGAb_112_347_367_NSP_GenomeWideSNP_6_E03_1438720	5	176309171	178113163	812	-0.0466
CHESS_p_TCGAb_112_347_367_NSP_GenomeWideSNP_6_E03_1438720	5	178118855	178123024	3	-1.2601
CHESS_p_TCGAb_112_347_367_NSP_GenomeWideSNP_6_E03_1438720	5	178125194	180790320	1547	-0.0521
CHESS_p_TCGAb_112_347_367_NSP_GenomeWideSNP_6_E03_1438720	6	149661	254283	101	0.0414
CHESS_p_TCGAb_112_347_367_NSP_GenomeWideSNP_6_E03_1438720	6	257353	294837	23	0.4725
CHESS_p_TCGAb_112_347_367_NSP_GenomeWideSNP_6_E03_1438720	6	302306	27117030	20324	0.0284
CHESS_p_TCGAb_112_347_367_NSP_GenomeWideSNP_6_E03_1438720	6	27121224	27189517	21	0.5988
CHESS_p_TCGAb_112_347_367_NSP_GenomeWideSNP_6_E03_1438720	6	27191383	29837188	1259	0.0363
CHESS_p_TCGAb_112_347_367_NSP_GenomeWideSNP_6_E03_1438720	6	29837314	29850196	15	-0.7447
CHESS_p_TCGAb_112_347_367_NSP_GenomeWideSNP_6_E03_1438720	6	29850274	31280823	669	0.011
CHESS_p_TCGAb_112_347_367_NSP_GenomeWideSNP_6_E03_1438720	6	31286276	31296451	11	-2.3629
CHESS_p_TCGAb_112_347_367_NSP_GenomeWideSNP_6_E03_1438720	6	31309924	32581889	551	-0.0197
CHESS_p_TCGAb_112_347_367_NSP_GenomeWideSNP_6_E03_1438720	6	32582203	32602107	10	-0.9672
CHESS_p_TCGAb_112_347_367_NSP_GenomeWideSNP_6_E03_1438720	6	32602269	45975798	8489	0.0369
CHESS_p_TCGAb_112_347_367_NSP_GenomeWideSNP_6_E03_1438720	6	45978143	45978236	3	-1.6446
CHESS_p_TCGAb_112_347_367_NSP_GenomeWideSNP_6_E03_1438720	6	45980557	53931084	5244	0.0189
CHESS_p_TCGAb_112_347_367_NSP_GenomeWideSNP_6_E03_1438720	6	53931151	53931855	7	-1.7402
CHESS_p_TCGAb_112_347_367_NSP_GenomeWideSNP_6_E03_1438720	6	53935348	58727708	2564	0.0489
CHESS_p_TCGAb_112_347_367_NSP_GenomeWideSNP_6_E03_1438720	6	58735137	58735358	3	-0.7586
CHESS_p_TCGAb_112_347_367_NSP_GenomeWideSNP_6_E03_1438720	6	58740102	62113349	93	0.0321
CHESS_p_TCGAb_112_347_367_NSP_GenomeWideSNP_6_E03_1438720	6	62113482	62240643	15	-0.3709
CHESS_p_TCGAb_112_347_367_NSP_GenomeWideSNP_6_E03_1438720	6	62240755	65336942	1679	0.0284
CHESS_p_TCGAb_112_347_367_NSP_GenomeWideSNP_6_E03_1438720	6	65347544	65348992	2	-3.077
CHESS_p_TCGAb_112_347_367_NSP_GenomeWideSNP_6_E03_1438720	6	65350776	66537341	814	0.0319
CHESS_p_TCGAb_112_347_367_NSP_GenomeWideSNP_6_E03_1438720	6	66537921	66539784	2	-1.3603
CHESS_p_TCGAb_112_347_367_NSP_GenomeWideSNP_6_E03_1438720	6	66540028	69470944	2039	0.0292
CHESS_p_TCGAb_112_347_367_NSP_GenomeWideSNP_6_E03_1438720	6	69471113	69475322	4	-0.829
CHESS_p_TCGAb_112_347_367_NSP_GenomeWideSNP_6_E03_1438720	6	69475930	70275155	500	0.0052
CHESS_p_TCGAb_112_347_367_NSP_GenomeWideSNP_6_E03_1438720	6	70276889	73218691	1945	-0.3139
CHESS_p_TCGAb_112_347_367_NSP_GenomeWideSNP_6_E03_1438720	6	73221841	73222063	2	-1.7581
CHESS_p_TCGAb_112_347_367_NSP_GenomeWideSNP_6_E03_1438720	6	73227795	74591858	846	-0.3128
CHESS_p_TCGAb_112_347_367_NSP_GenomeWideSNP_6_E03_1438720	6	74592225	74594734	6	-1.0032
CHESS_p_TCGAb_112_347_367_NSP_GenomeWideSNP_6_E03_1438720	6	74594754	75533512	616	-0.3145
CHESS_p_TCGAb_112_347_367_NSP_GenomeWideSNP_6_E03_1438720	6	75534180	75534581	4	-1.4879
CHESS_p_TCGAb_112_347_367_NSP_GenomeWideSNP_6_E03_1438720	6	75538320	75924559	256	-0.3112
CHESS_p_TCGAb_112_347_367_NSP_GenomeWideSNP_6_E03_1438720	6	75929448	75972791	27	0.2687
CHESS_p_TCGAb_112_347_367_NSP_GenomeWideSNP_6_E03_1438720	6	75981438	77436159	868	-0.3103
CHESS_p_TCGAb_112_347_367_NSP_GenomeWideSNP_6_E03_1438720	6	77436532	77467931	24	0.0729
CHESS_p_TCGAb_112_347_367_NSP_GenomeWideSNP_6_E03_1438720	6	77468466	78971802	981	-0.3072
CHESS_p_TCGAb_112_347_367_NSP_GenomeWideSNP_6_E03_1438720	6	78971834	79032592	101	-0.6208
CHESS_p_TCGAb_112_347_367_NSP_GenomeWideSNP_6_E03_1438720	6	79034940	81277985	1432	-0.3157
CHESS_p_TCGAb_112_347_367_NSP_GenomeWideSNP_6_E03_1438720	6	81277986	81295103	41	0.0161
CHESS_p_TCGAb_112_347_367_NSP_GenomeWideSNP_6_E03_1438720	6	81298477	103734829	13994	-0.3175
CHESS_p_TCGAb_112_347_367_NSP_GenomeWideSNP_6_E03_1438720	6	103737976	103765470	46	0.6322
CHESS_p_TCGAb_112_347_367_NSP_GenomeWideSNP_6_E03_1438720	6	103765670	170342783	43813	-0.3346
CHESS_p_TCGAb_112_347_367_NSP_GenomeWideSNP_6_E03_1438720	6	170347883	170348076	2	-2.476
CHESS_p_TCGAb_112_347_367_NSP_GenomeWideSNP_6_E03_1438720	6	170348114	170903916	326	-0.4095
CHESS_p_TCGAb_112_347_367_NSP_GenomeWideSNP_6_E03_1438720	6	170903919	171051005	12	0.0276
CHESS_p_TCGAb_112_347_367_NSP_GenomeWideSNP_6_E03_1438720	7	43355	17561739	12116	0.0161
CHESS_p_TCGAb_112_347_367_NSP_GenomeWideSNP_6_E03_1438720	7	17561865	17563177	2	-1.9416
CHESS_p_TCGAb_112_347_367_NSP_GenomeWideSNP_6_E03_1438720	7	17563282	110782696	56118	0.0369
CHESS_p_TCGAb_112_347_367_NSP_GenomeWideSNP_6_E03_1438720	7	110782996	110964550	123	-0.8573
CHESS_p_TCGAb_112_347_367_NSP_GenomeWideSNP_6_E03_1438720	7	110966249	126044974	9021	0.0875
CHESS_p_TCGAb_112_347_367_NSP_GenomeWideSNP_6_E03_1438720	7	126045482	126046877	14	0.9241
CHESS_p_TCGAb_112_347_367_NSP_GenomeWideSNP_6_E03_1438720	7	126046878	128104287	1381	0.097
CHESS_p_TCGAb_112_347_367_NSP_GenomeWideSNP_6_E03_1438720	7	128104859	128106870	2	1.3572
CHESS_p_TCGAb_112_347_367_NSP_GenomeWideSNP_6_E03_1438720	7	128107345	133789506	3339	0.0724
CHESS_p_TCGAb_112_347_367_NSP_GenomeWideSNP_6_E03_1438720	7	133789965	133795634	6	0.774
CHESS_p_TCGAb_112_347_367_NSP_GenomeWideSNP_6_E03_1438720	7	133795665	141763124	5202	0.06
CHESS_p_TCGAb_112_347_367_NSP_GenomeWideSNP_6_E03_1438720	7	141769643	141799160	47	-0.5668
CHESS_p_TCGAb_112_347_367_NSP_GenomeWideSNP_6_E03_1438720	7	141805542	142476719	445	0.1014
CHESS_p_TCGAb_112_347_367_NSP_GenomeWideSNP_6_E03_1438720	7	142476764	142486345	28	0.8889
CHESS_p_TCGAb_112_347_367_NSP_GenomeWideSNP_6_E03_1438720	7	142486495	143223918	471	0.0461
CHESS_p_TCGAb_112_347_367_NSP_GenomeWideSNP_6_E03_1438720	7	143226899	143227096	2	-1.2299
CHESS_p_TCGAb_112_347_367_NSP_GenomeWideSNP_6_E03_1438720	7	143227117	150701022	4552	0.0719
CHESS_p_TCGAb_112_347_367_NSP_GenomeWideSNP_6_E03_1438720	7	150702591	150710392	4	-1.518
CHESS_p_TCGAb_112_347_367_NSP_GenomeWideSNP_6_E03_1438720	7	150717679	152573935	953	0.082
CHESS_p_TCGAb_112_347_367_NSP_GenomeWideSNP_6_E03_1438720	7	152578863	152579987	2	-1.0973
CHESS_p_TCGAb_112_347_367_NSP_GenomeWideSNP_6_E03_1438720	7	152586523	154094780	1152	0.0759
CHESS_p_TCGAb_112_347_367_NSP_GenomeWideSNP_6_E03_1438720	7	154096200	154096640	2	-1.3823
CHESS_p_TCGAb_112_347_367_NSP_GenomeWideSNP_6_E03_1438720	7	154097574	154373885	159	0.0542
CHESS_p_TCGAb_112_347_367_NSP_GenomeWideSNP_6_E03_1438720	7	154376386	154377121	2	-1.5543
CHESS_p_TCGAb_112_347_367_NSP_GenomeWideSNP_6_E03_1438720	7	154377155	154389895	15	0.0552
CHESS_p_TCGAb_112_347_367_NSP_GenomeWideSNP_6_E03_1438720	7	154393171	154397079	3	1.4527
CHESS_p_TCGAb_112_347_367_NSP_GenomeWideSNP_6_E03_1438720	7	154399613	154550917	133	0.0262
CHESS_p_TCGAb_112_347_367_NSP_GenomeWideSNP_6_E03_1438720	7	154552343	154556618	2	-1.4442
CHESS_p_TCGAb_112_347_367_NSP_GenomeWideSNP_6_E03_1438720	7	154557874	157768293	2280	0.0541
CHESS_p_TCGAb_112_347_367_NSP_GenomeWideSNP_6_E03_1438720	7	157768397	157771611	4	-1
CHESS_p_TCGAb_112_347_367_NSP_GenomeWideSNP_6_E03_1438720	7	157777861	158117595	183	0.0053
CHESS_p_TCGAb_112_347_367_NSP_GenomeWideSNP_6_E03_1438720	7	158128588	158132165	2	2.8741
CHESS_p_TCGAb_112_347_367_NSP_GenomeWideSNP_6_E03_1438720	7	158136986	159127004	637	0.0657
CHESS_p_TCGAb_112_347_367_NSP_GenomeWideSNP_6_E03_1438720	8	31254	7024567	7812	0.1611
CHESS_p_TCGAb_112_347_367_NSP_GenomeWideSNP_6_E03_1438720	8	7029990	7193821	13	-1.023
CHESS_p_TCGAb_112_347_367_NSP_GenomeWideSNP_6_E03_1438720	8	7214611	7809906	175	0.4291
CHESS_p_TCGAb_112_347_367_NSP_GenomeWideSNP_6_E03_1438720	8	7826922	7866162	24	-0.8056
CHESS_p_TCGAb_112_347_367_NSP_GenomeWideSNP_6_E03_1438720	8	7935855	11949551	3264	0.1623
CHESS_p_TCGAb_112_347_367_NSP_GenomeWideSNP_6_E03_1438720	8	11987726	12001123	6	1.1921
CHESS_p_TCGAb_112_347_367_NSP_GenomeWideSNP_6_E03_1438720	8	12034307	12232281	12	0.0505
CHESS_p_TCGAb_112_347_367_NSP_GenomeWideSNP_6_E03_1438720	8	12232416	12234400	7	-0.6458
CHESS_p_TCGAb_112_347_367_NSP_GenomeWideSNP_6_E03_1438720	8	12239835	16206954	3569	0.1693
CHESS_p_TCGAb_112_347_367_NSP_GenomeWideSNP_6_E03_1438720	8	16207014	16212434	10	-0.4126
CHESS_p_TCGAb_112_347_367_NSP_GenomeWideSNP_6_E03_1438720	8	16212478	16259612	44	0.2467
CHESS_p_TCGAb_112_347_367_NSP_GenomeWideSNP_6_E03_1438720	8	16262235	16274661	28	-0.6497
CHESS_p_TCGAb_112_347_367_NSP_GenomeWideSNP_6_E03_1438720	8	16278695	24974577	6866	0.1492
CHESS_p_TCGAb_112_347_367_NSP_GenomeWideSNP_6_E03_1438720	8	24975500	24979987	17	0.5945
CHESS_p_TCGAb_112_347_367_NSP_GenomeWideSNP_6_E03_1438720	8	24984069	47525576	11860	0.1514
CHESS_p_TCGAb_112_347_367_NSP_GenomeWideSNP_6_E03_1438720	8	47527548	47536546	9	1.3014
CHESS_p_TCGAb_112_347_367_NSP_GenomeWideSNP_6_E03_1438720	8	47546095	70954676	14423	0.1667
CHESS_p_TCGAb_112_347_367_NSP_GenomeWideSNP_6_E03_1438720	8	70954705	70954720	2	-1.1411
CHESS_p_TCGAb_112_347_367_NSP_GenomeWideSNP_6_E03_1438720	8	70954834	72210748	693	0.1648
CHESS_p_TCGAb_112_347_367_NSP_GenomeWideSNP_6_E03_1438720	8	72212181	72216599	11	0.6345
CHESS_p_TCGAb_112_347_367_NSP_GenomeWideSNP_6_E03_1438720	8	72219863	79232764	4475	0.2021
CHESS_p_TCGAb_112_347_367_NSP_GenomeWideSNP_6_E03_1438720	8	79233287	79247430	4	-1.2879
CHESS_p_TCGAb_112_347_367_NSP_GenomeWideSNP_6_E03_1438720	8	79247666	94895754	8896	0.2299
CHESS_p_TCGAb_112_347_367_NSP_GenomeWideSNP_6_E03_1438720	8	94898487	94898694	2	-1.4345
CHESS_p_TCGAb_112_347_367_NSP_GenomeWideSNP_6_E03_1438720	8	94901695	137893470	28680	0.2546
CHESS_p_TCGAb_112_347_367_NSP_GenomeWideSNP_6_E03_1438720	8	137894500	137894514	2	-2.0741
CHESS_p_TCGAb_112_347_367_NSP_GenomeWideSNP_6_E03_1438720	8	137900733	137906091	4	0.908
CHESS_p_TCGAb_112_347_367_NSP_GenomeWideSNP_6_E03_1438720	8	137906562	145629651	4683	0.2474
CHESS_p_TCGAb_112_347_367_NSP_GenomeWideSNP_6_E03_1438720	8	145629681	145764560	42	-0.0051
CHESS_p_TCGAb_112_347_367_NSP_GenomeWideSNP_6_E03_1438720	8	145766685	146298155	244	0.2647
CHESS_p_TCGAb_112_347_367_NSP_GenomeWideSNP_6_E03_1438720	9	46587	16881699	15257	-0.3613
CHESS_p_TCGAb_112_347_367_NSP_GenomeWideSNP_6_E03_1438720	9	16882437	23361805	5155	-0.0307
CHESS_p_TCGAb_112_347_367_NSP_GenomeWideSNP_6_E03_1438720	9	23363115	23372399	7	0.9252
CHESS_p_TCGAb_112_347_367_NSP_GenomeWideSNP_6_E03_1438720	9	23373484	24503816	798	-0.0391
CHESS_p_TCGAb_112_347_367_NSP_GenomeWideSNP_6_E03_1438720	9	24504125	24519684	20	-0.8687
CHESS_p_TCGAb_112_347_367_NSP_GenomeWideSNP_6_E03_1438720	9	24519774	41600382	10020	-0.0166
CHESS_p_TCGAb_112_347_367_NSP_GenomeWideSNP_6_E03_1438720	9	41600614	43127845	54	0.2361
CHESS_p_TCGAb_112_347_367_NSP_GenomeWideSNP_6_E03_1438720	9	43151337	43602726	19	-0.1867
CHESS_p_TCGAb_112_347_367_NSP_GenomeWideSNP_6_E03_1438720	9	43612162	44205649	46	0.1665
CHESS_p_TCGAb_112_347_367_NSP_GenomeWideSNP_6_E03_1438720	9	44209795	44244880	11	-0.0951
CHESS_p_TCGAb_112_347_367_NSP_GenomeWideSNP_6_E03_1438720	9	44250853	44273241	11	-0.5801
CHESS_p_TCGAb_112_347_367_NSP_GenomeWideSNP_6_E03_1438720	9	44385979	44761954	22	-0.0108
CHESS_p_TCGAb_112_347_367_NSP_GenomeWideSNP_6_E03_1438720	9	44765660	44779852	5	-1.0421
CHESS_p_TCGAb_112_347_367_NSP_GenomeWideSNP_6_E03_1438720	9	44781290	79122346	6336	0.0051
CHESS_p_TCGAb_112_347_367_NSP_GenomeWideSNP_6_E03_1438720	9	79122755	79123279	10	-0.7703
CHESS_p_TCGAb_112_347_367_NSP_GenomeWideSNP_6_E03_1438720	9	79125310	141091394	42014	8e-04
CHESS_p_TCGAb_112_347_367_NSP_GenomeWideSNP_6_E03_1438720	10	72809	13049600	10915	0.0324
CHESS_p_TCGAb_112_347_367_NSP_GenomeWideSNP_6_E03_1438720	10	13049656	13050428	8	-1.0557
CHESS_p_TCGAb_112_347_367_NSP_GenomeWideSNP_6_E03_1438720	10	13050610	18121033	3945	0.0331
CHESS_p_TCGAb_112_347_367_NSP_GenomeWideSNP_6_E03_1438720	10	18128247	18136748	2	2.7024
CHESS_p_TCGAb_112_347_367_NSP_GenomeWideSNP_6_E03_1438720	10	18150761	27222045	6337	0.0354
CHESS_p_TCGAb_112_347_367_NSP_GenomeWideSNP_6_E03_1438720	10	27222320	27228473	15	0.4604
CHESS_p_TCGAb_112_347_367_NSP_GenomeWideSNP_6_E03_1438720	10	27229993	31246510	3028	0.0365
CHESS_p_TCGAb_112_347_367_NSP_GenomeWideSNP_6_E03_1438720	10	31251334	31251779	11	-0.6403
CHESS_p_TCGAb_112_347_367_NSP_GenomeWideSNP_6_E03_1438720	10	31251822	46543857	7265	0.0177
CHESS_p_TCGAb_112_347_367_NSP_GenomeWideSNP_6_E03_1438720	10	46585050	47047599	83	0.264
CHESS_p_TCGAb_112_347_367_NSP_GenomeWideSNP_6_E03_1438720	10	47055654	47067481	30	-0.1782
CHESS_p_TCGAb_112_347_367_NSP_GenomeWideSNP_6_E03_1438720	10	47068227	47078708	8	0.4473
CHESS_p_TCGAb_112_347_367_NSP_GenomeWideSNP_6_E03_1438720	10	47080242	47090863	10	-0.055
CHESS_p_TCGAb_112_347_367_NSP_GenomeWideSNP_6_E03_1438720	10	47094305	47419711	49	0.3963
CHESS_p_TCGAb_112_347_367_NSP_GenomeWideSNP_6_E03_1438720	10	47541189	66767197	12600	0.0302
CHESS_p_TCGAb_112_347_367_NSP_GenomeWideSNP_6_E03_1438720	10	66767977	66844316	54	0.547
CHESS_p_TCGAb_112_347_367_NSP_GenomeWideSNP_6_E03_1438720	10	66852707	67306158	319	0.0423
CHESS_p_TCGAb_112_347_367_NSP_GenomeWideSNP_6_E03_1438720	10	67306276	67322795	30	-0.3747
CHESS_p_TCGAb_112_347_367_NSP_GenomeWideSNP_6_E03_1438720	10	67322926	81385449	9240	0.0295
CHESS_p_TCGAb_112_347_367_NSP_GenomeWideSNP_6_E03_1438720	10	81409226	81572804	19	-0.3979
CHESS_p_TCGAb_112_347_367_NSP_GenomeWideSNP_6_E03_1438720	10	81580717	83942065	1611	0.0335
CHESS_p_TCGAb_112_347_367_NSP_GenomeWideSNP_6_E03_1438720	10	83944705	83944907	2	-1.9554
CHESS_p_TCGAb_112_347_367_NSP_GenomeWideSNP_6_E03_1438720	10	83945665	135506704	35369	-0.0516
CHESS_p_TCGAb_112_347_367_NSP_GenomeWideSNP_6_E03_1438720	11	198510	2526898	840	7e-04
CHESS_p_TCGAb_112_347_367_NSP_GenomeWideSNP_6_E03_1438720	11	2527306	2562501	20	-0.3625
CHESS_p_TCGAb_112_347_367_NSP_GenomeWideSNP_6_E03_1438720	11	2564330	4967376	1611	0.0255
CHESS_p_TCGAb_112_347_367_NSP_GenomeWideSNP_6_E03_1438720	11	4967396	4976493	37	0.7843
CHESS_p_TCGAb_112_347_367_NSP_GenomeWideSNP_6_E03_1438720	11	4976534	5788092	795	0.0248
CHESS_p_TCGAb_112_347_367_NSP_GenomeWideSNP_6_E03_1438720	11	5789601	5809338	31	-0.3287
CHESS_p_TCGAb_112_347_367_NSP_GenomeWideSNP_6_E03_1438720	11	5809461	6117976	246	0.0531
CHESS_p_TCGAb_112_347_367_NSP_GenomeWideSNP_6_E03_1438720	11	6120647	6122094	2	1.4713
CHESS_p_TCGAb_112_347_367_NSP_GenomeWideSNP_6_E03_1438720	11	6122503	16637323	7625	0.0257
CHESS_p_TCGAb_112_347_367_NSP_GenomeWideSNP_6_E03_1438720	11	16637462	16638042	5	-1.2873
CHESS_p_TCGAb_112_347_367_NSP_GenomeWideSNP_6_E03_1438720	11	16646088	34770057	13024	0.0187
CHESS_p_TCGAb_112_347_367_NSP_GenomeWideSNP_6_E03_1438720	11	34770302	34772427	2	-1.5137
CHESS_p_TCGAb_112_347_367_NSP_GenomeWideSNP_6_E03_1438720	11	34772501	49708375	9594	0.0281
CHESS_p_TCGAb_112_347_367_NSP_GenomeWideSNP_6_E03_1438720	11	49710861	49757671	19	-0.8242
CHESS_p_TCGAb_112_347_367_NSP_GenomeWideSNP_6_E03_1438720	11	49757767	55363340	760	0.033
CHESS_p_TCGAb_112_347_367_NSP_GenomeWideSNP_6_E03_1438720	11	55374032	55453009	59	-0.3313
CHESS_p_TCGAb_112_347_367_NSP_GenomeWideSNP_6_E03_1438720	11	55453576	89548104	19913	0.0401
CHESS_p_TCGAb_112_347_367_NSP_GenomeWideSNP_6_E03_1438720	11	89548892	89611344	6	-0.9361
CHESS_p_TCGAb_112_347_367_NSP_GenomeWideSNP_6_E03_1438720	11	89636197	101594384	8696	0.0321
CHESS_p_TCGAb_112_347_367_NSP_GenomeWideSNP_6_E03_1438720	11	101597860	101597964	4	-0.7471
CHESS_p_TCGAb_112_347_367_NSP_GenomeWideSNP_6_E03_1438720	11	101598212	103341938	1129	-0.0268
CHESS_p_TCGAb_112_347_367_NSP_GenomeWideSNP_6_E03_1438720	11	103343254	103380312	22	0.5168
CHESS_p_TCGAb_112_347_367_NSP_GenomeWideSNP_6_E03_1438720	11	103385248	134944770	22588	-0.0188
CHESS_p_TCGAb_112_347_367_NSP_GenomeWideSNP_6_E03_1438720	12	150442	9633870	6201	0.0858
CHESS_p_TCGAb_112_347_367_NSP_GenomeWideSNP_6_E03_1438720	12	9637909	9713674	21	-2.0522
CHESS_p_TCGAb_112_347_367_NSP_GenomeWideSNP_6_E03_1438720	12	9714954	9728292	3	-0.9109
CHESS_p_TCGAb_112_347_367_NSP_GenomeWideSNP_6_E03_1438720	12	9734969	11220827	1042	0.1038
CHESS_p_TCGAb_112_347_367_NSP_GenomeWideSNP_6_E03_1438720	12	11222368	11241532	10	-1.724
CHESS_p_TCGAb_112_347_367_NSP_GenomeWideSNP_6_E03_1438720	12	11251874	33294660	15578	0.0482
CHESS_p_TCGAb_112_347_367_NSP_GenomeWideSNP_6_E03_1438720	12	33301406	33307078	26	0.4514
CHESS_p_TCGAb_112_347_367_NSP_GenomeWideSNP_6_E03_1438720	12	33307374	38207042	892	0.029
CHESS_p_TCGAb_112_347_367_NSP_GenomeWideSNP_6_E03_1438720	12	38219293	38219777	3	-1.3144
CHESS_p_TCGAb_112_347_367_NSP_GenomeWideSNP_6_E03_1438720	12	38268840	52700967	8456	-0.0178
CHESS_p_TCGAb_112_347_367_NSP_GenomeWideSNP_6_E03_1438720	12	52702633	52713781	12	-0.607
CHESS_p_TCGAb_112_347_367_NSP_GenomeWideSNP_6_E03_1438720	12	52713803	99791814	29973	-0.0236
CHESS_p_TCGAb_112_347_367_NSP_GenomeWideSNP_6_E03_1438720	12	99795293	99798734	31	-0.717
CHESS_p_TCGAb_112_347_367_NSP_GenomeWideSNP_6_E03_1438720	12	99803093	132120715	22167	0.0047
CHESS_p_TCGAb_112_347_367_NSP_GenomeWideSNP_6_E03_1438720	12	132132584	132133335	13	-2.0625
CHESS_p_TCGAb_112_347_367_NSP_GenomeWideSNP_6_E03_1438720	12	132142331	133778189	571	-0.012
CHESS_p_TCGAb_112_347_367_NSP_GenomeWideSNP_6_E03_1438720	13	19026949	19319635	73	-0.034
CHESS_p_TCGAb_112_347_367_NSP_GenomeWideSNP_6_E03_1438720	13	19368654	19395638	10	-0.6478
CHESS_p_TCGAb_112_347_367_NSP_GenomeWideSNP_6_E03_1438720	13	19398553	23629187	2808	-0.0505
CHESS_p_TCGAb_112_347_367_NSP_GenomeWideSNP_6_E03_1438720	13	23629210	23633515	13	-2.366
CHESS_p_TCGAb_112_347_367_NSP_GenomeWideSNP_6_E03_1438720	13	23638195	38071135	10637	-0.0502
CHESS_p_TCGAb_112_347_367_NSP_GenomeWideSNP_6_E03_1438720	13	38072036	38084757	16	0.9649
CHESS_p_TCGAb_112_347_367_NSP_GenomeWideSNP_6_E03_1438720	13	38088330	48909185	7486	-0.0409
CHESS_p_TCGAb_112_347_367_NSP_GenomeWideSNP_6_E03_1438720	13	48909201	48911390	7	-1.0383
CHESS_p_TCGAb_112_347_367_NSP_GenomeWideSNP_6_E03_1438720	13	48917439	49531551	532	-0.0247
CHESS_p_TCGAb_112_347_367_NSP_GenomeWideSNP_6_E03_1438720	13	49533715	49536504	2	-3.3937
CHESS_p_TCGAb_112_347_367_NSP_GenomeWideSNP_6_E03_1438720	13	49537705	51244283	874	-0.0118
CHESS_p_TCGAb_112_347_367_NSP_GenomeWideSNP_6_E03_1438720	13	51245376	51247210	2	-1.3306
CHESS_p_TCGAb_112_347_367_NSP_GenomeWideSNP_6_E03_1438720	13	51247242	72476988	12654	-0.01
CHESS_p_TCGAb_112_347_367_NSP_GenomeWideSNP_6_E03_1438720	13	72477555	72480556	4	-3.6957
CHESS_p_TCGAb_112_347_367_NSP_GenomeWideSNP_6_E03_1438720	13	72480605	107897610	24196	0.0269
CHESS_p_TCGAb_112_347_367_NSP_GenomeWideSNP_6_E03_1438720	13	107901037	107901981	2	-3.3853
CHESS_p_TCGAb_112_347_367_NSP_GenomeWideSNP_6_E03_1438720	13	107902147	115108397	4926	0.0243
CHESS_p_TCGAb_112_347_367_NSP_GenomeWideSNP_6_E03_1438720	14	19002124	19191718	19	0.2599
CHESS_p_TCGAb_112_347_367_NSP_GenomeWideSNP_6_E03_1438720	14	19273625	19557041	21	-0.2089
CHESS_p_TCGAb_112_347_367_NSP_GenomeWideSNP_6_E03_1438720	14	19562139	19796184	20	0.6479
CHESS_p_TCGAb_112_347_367_NSP_GenomeWideSNP_6_E03_1438720	14	19801755	20157843	21	-0.2057
CHESS_p_TCGAb_112_347_367_NSP_GenomeWideSNP_6_E03_1438720	14	20200183	20422583	108	1.0663
CHESS_p_TCGAb_112_347_367_NSP_GenomeWideSNP_6_E03_1438720	14	20423372	35017871	9588	-0.0067
CHESS_p_TCGAb_112_347_367_NSP_GenomeWideSNP_6_E03_1438720	14	35020274	35020985	3	-1.067
CHESS_p_TCGAb_112_347_367_NSP_GenomeWideSNP_6_E03_1438720	14	35027042	47424244	7406	-0.0492
CHESS_p_TCGAb_112_347_367_NSP_GenomeWideSNP_6_E03_1438720	14	47428100	47428739	3	-1.455
CHESS_p_TCGAb_112_347_367_NSP_GenomeWideSNP_6_E03_1438720	14	47429751	57067695	6368	-0.0629
CHESS_p_TCGAb_112_347_367_NSP_GenomeWideSNP_6_E03_1438720	14	57067724	57068012	2	-1.5033
CHESS_p_TCGAb_112_347_367_NSP_GenomeWideSNP_6_E03_1438720	14	57068679	106460902	31486	-0.1198
CHESS_p_TCGAb_112_347_367_NSP_GenomeWideSNP_6_E03_1438720	14	106479675	106479941	2	-2.2521
CHESS_p_TCGAb_112_347_367_NSP_GenomeWideSNP_6_E03_1438720	14	106482128	106534144	23	0.0072
CHESS_p_TCGAb_112_347_367_NSP_GenomeWideSNP_6_E03_1438720	14	106535295	106561441	14	0.8751
CHESS_p_TCGAb_112_347_367_NSP_GenomeWideSNP_6_E03_1438720	14	106567100	106874361	143	-0.1126
CHESS_p_TCGAb_112_347_367_NSP_GenomeWideSNP_6_E03_1438720	14	106879831	106918094	50	-0.7386
CHESS_p_TCGAb_112_347_367_NSP_GenomeWideSNP_6_E03_1438720	14	106918108	107285437	225	-0.0495
CHESS_p_TCGAb_112_347_367_NSP_GenomeWideSNP_6_E03_1438720	15	20016328	20206939	48	-0.0201
CHESS_p_TCGAb_112_347_367_NSP_GenomeWideSNP_6_E03_1438720	15	20216955	20581451	51	0.4011
CHESS_p_TCGAb_112_347_367_NSP_GenomeWideSNP_6_E03_1438720	15	20581452	20586686	14	-0.1633
CHESS_p_TCGAb_112_347_367_NSP_GenomeWideSNP_6_E03_1438720	15	20586745	22587474	309	0.4934
CHESS_p_TCGAb_112_347_367_NSP_GenomeWideSNP_6_E03_1438720	15	22673399	24382443	875	-0.054
CHESS_p_TCGAb_112_347_367_NSP_GenomeWideSNP_6_E03_1438720	15	24383030	24434532	32	0.6647
CHESS_p_TCGAb_112_347_367_NSP_GenomeWideSNP_6_E03_1438720	15	24442219	32566511	4948	-0.0135
CHESS_p_TCGAb_112_347_367_NSP_GenomeWideSNP_6_E03_1438720	15	32575842	32599802	5	0.9143
CHESS_p_TCGAb_112_347_367_NSP_GenomeWideSNP_6_E03_1438720	15	32615301	61684205	18906	-0.001
CHESS_p_TCGAb_112_347_367_NSP_GenomeWideSNP_6_E03_1438720	15	61688169	61694643	10	-1.3457
CHESS_p_TCGAb_112_347_367_NSP_GenomeWideSNP_6_E03_1438720	15	61697674	102469040	26781	-0.0614
CHESS_p_TCGAb_112_347_367_NSP_GenomeWideSNP_6_E03_1438720	16	60777	32113692	20072	0.0337
CHESS_p_TCGAb_112_347_367_NSP_GenomeWideSNP_6_E03_1438720	16	32124331	32634641	87	0.3871
CHESS_p_TCGAb_112_347_367_NSP_GenomeWideSNP_6_E03_1438720	16	32634764	33241953	65	0.1094
CHESS_p_TCGAb_112_347_367_NSP_GenomeWideSNP_6_E03_1438720	16	33300894	33644022	91	0.3609
CHESS_p_TCGAb_112_347_367_NSP_GenomeWideSNP_6_E03_1438720	16	33644292	35158159	508	0.0053
CHESS_p_TCGAb_112_347_367_NSP_GenomeWideSNP_6_E03_1438720	16	35158251	55796594	6477	0.5347
CHESS_p_TCGAb_112_347_367_NSP_GenomeWideSNP_6_E03_1438720	16	55798222	55809224	9	1.373
CHESS_p_TCGAb_112_347_367_NSP_GenomeWideSNP_6_E03_1438720	16	55809466	63211090	4658	0.5537
CHESS_p_TCGAb_112_347_367_NSP_GenomeWideSNP_6_E03_1438720	16	63211443	63215469	2	-0.9472
CHESS_p_TCGAb_112_347_367_NSP_GenomeWideSNP_6_E03_1438720	16	63217861	70151527	4108	0.5548
CHESS_p_TCGAb_112_347_367_NSP_GenomeWideSNP_6_E03_1438720	16	70151560	70198396	15	0.0681
CHESS_p_TCGAb_112_347_367_NSP_GenomeWideSNP_6_E03_1438720	16	70211444	74364849	2420	0.522
CHESS_p_TCGAb_112_347_367_NSP_GenomeWideSNP_6_E03_1438720	16	74368691	74466905	19	0.1001
CHESS_p_TCGAb_112_347_367_NSP_GenomeWideSNP_6_E03_1438720	16	74466960	78371608	3205	0.5385
CHESS_p_TCGAb_112_347_367_NSP_GenomeWideSNP_6_E03_1438720	16	78372440	78384738	16	-3.1991
CHESS_p_TCGAb_112_347_367_NSP_GenomeWideSNP_6_E03_1438720	16	78384765	85778797	7701	0.5273
CHESS_p_TCGAb_112_347_367_NSP_GenomeWideSNP_6_E03_1438720	16	85782847	88037328	2005	-0.9233
CHESS_p_TCGAb_112_347_367_NSP_GenomeWideSNP_6_E03_1438720	16	88039150	88051561	4	-5.1862
CHESS_p_TCGAb_112_347_367_NSP_GenomeWideSNP_6_E03_1438720	16	88052161	88958282	319	-0.8885
CHESS_p_TCGAb_112_347_367_NSP_GenomeWideSNP_6_E03_1438720	16	88963600	88967053	2	-4.7737
CHESS_p_TCGAb_112_347_367_NSP_GenomeWideSNP_6_E03_1438720	16	88970318	90287535	547	-0.8949
CHESS_p_TCGAb_112_347_367_NSP_GenomeWideSNP_6_E03_1438720	17	526	7257455	4095	0.0131
CHESS_p_TCGAb_112_347_367_NSP_GenomeWideSNP_6_E03_1438720	17	7258027	7265806	3	-1.4834
CHESS_p_TCGAb_112_347_367_NSP_GenomeWideSNP_6_E03_1438720	17	7266476	18950867	7528	0.0117
CHESS_p_TCGAb_112_347_367_NSP_GenomeWideSNP_6_E03_1438720	17	18965222	19015652	5	-1.6566
CHESS_p_TCGAb_112_347_367_NSP_GenomeWideSNP_6_E03_1438720	17	19030156	39210143	9176	0.0551
CHESS_p_TCGAb_112_347_367_NSP_GenomeWideSNP_6_E03_1438720	17	39211908	39221607	12	-1.4837
CHESS_p_TCGAb_112_347_367_NSP_GenomeWideSNP_6_E03_1438720	17	39222806	39421708	118	0.0935
CHESS_p_TCGAb_112_347_367_NSP_GenomeWideSNP_6_E03_1438720	17	39423014	39430531	24	2.271
CHESS_p_TCGAb_112_347_367_NSP_GenomeWideSNP_6_E03_1438720	17	39432724	43648540	2163	0.0576
CHESS_p_TCGAb_112_347_367_NSP_GenomeWideSNP_6_E03_1438720	17	43655090	43664693	8	-0.9441
CHESS_p_TCGAb_112_347_367_NSP_GenomeWideSNP_6_E03_1438720	17	43675229	44117083	302	-0.0547
CHESS_p_TCGAb_112_347_367_NSP_GenomeWideSNP_6_E03_1438720	17	44117198	44151786	26	0.257
CHESS_p_TCGAb_112_347_367_NSP_GenomeWideSNP_6_E03_1438720	17	44153522	44364170	133	-0.1629
CHESS_p_TCGAb_112_347_367_NSP_GenomeWideSNP_6_E03_1438720	17	44394412	44752300	48	0.8601
CHESS_p_TCGAb_112_347_367_NSP_GenomeWideSNP_6_E03_1438720	17	44764994	81049726	21587	0.0261
CHESS_p_TCGAb_112_347_367_NSP_GenomeWideSNP_6_E03_1438720	18	11543	38260434	22805	0.0043
CHESS_p_TCGAb_112_347_367_NSP_GenomeWideSNP_6_E03_1438720	18	38260448	38265334	14	0.6749
CHESS_p_TCGAb_112_347_367_NSP_GenomeWideSNP_6_E03_1438720	18	38265363	63637562	17440	-0.0053
CHESS_p_TCGAb_112_347_367_NSP_GenomeWideSNP_6_E03_1438720	18	63637959	63640539	5	-1.0017
CHESS_p_TCGAb_112_347_367_NSP_GenomeWideSNP_6_E03_1438720	18	63643635	63767140	115	0.0342
CHESS_p_TCGAb_112_347_367_NSP_GenomeWideSNP_6_E03_1438720	18	63767288	63767922	2	-3.2208
CHESS_p_TCGAb_112_347_367_NSP_GenomeWideSNP_6_E03_1438720	18	63775595	67952950	3065	0.0151
CHESS_p_TCGAb_112_347_367_NSP_GenomeWideSNP_6_E03_1438720	18	67953675	67954028	2	-1.8665
CHESS_p_TCGAb_112_347_367_NSP_GenomeWideSNP_6_E03_1438720	18	67958982	68043466	60	-0.0467
CHESS_p_TCGAb_112_347_367_NSP_GenomeWideSNP_6_E03_1438720	18	68043479	68044094	2	-1.2038
CHESS_p_TCGAb_112_347_367_NSP_GenomeWideSNP_6_E03_1438720	18	68044309	76660693	6532	0.0046
CHESS_p_TCGAb_112_347_367_NSP_GenomeWideSNP_6_E03_1438720	18	76662714	76664863	5	-1.5924
CHESS_p_TCGAb_112_347_367_NSP_GenomeWideSNP_6_E03_1438720	18	76666449	78015057	704	-0.0318
CHESS_p_TCGAb_112_347_367_NSP_GenomeWideSNP_6_E03_1438720	19	90910	556632	123	-0.0075
CHESS_p_TCGAb_112_347_367_NSP_GenomeWideSNP_6_E03_1438720	19	575083	2093702	338	0.7614
CHESS_p_TCGAb_112_347_367_NSP_GenomeWideSNP_6_E03_1438720	19	2094592	5506659	1132	0.0379
CHESS_p_TCGAb_112_347_367_NSP_GenomeWideSNP_6_E03_1438720	19	5510239	5510653	3	-2.559
CHESS_p_TCGAb_112_347_367_NSP_GenomeWideSNP_6_E03_1438720	19	5510700	9273800	1807	0.0492
CHESS_p_TCGAb_112_347_367_NSP_GenomeWideSNP_6_E03_1438720	19	9274672	9277476	4	-3.5733
CHESS_p_TCGAb_112_347_367_NSP_GenomeWideSNP_6_E03_1438720	19	9278121	20746190	5654	0.0537
CHESS_p_TCGAb_112_347_367_NSP_GenomeWideSNP_6_E03_1438720	19	20759077	20759858	2	-1.4761
CHESS_p_TCGAb_112_347_367_NSP_GenomeWideSNP_6_E03_1438720	19	20765130	41226415	10479	0.0181
CHESS_p_TCGAb_112_347_367_NSP_GenomeWideSNP_6_E03_1438720	19	41230995	43674286	1176	-0.784
CHESS_p_TCGAb_112_347_367_NSP_GenomeWideSNP_6_E03_1438720	19	43686151	43697333	8	-2.8599
CHESS_p_TCGAb_112_347_367_NSP_GenomeWideSNP_6_E03_1438720	19	43703033	50378143	3183	-0.7999
CHESS_p_TCGAb_112_347_367_NSP_GenomeWideSNP_6_E03_1438720	19	50380858	50389830	2	-3.965
CHESS_p_TCGAb_112_347_367_NSP_GenomeWideSNP_6_E03_1438720	19	50398690	51425106	481	-0.8523
CHESS_p_TCGAb_112_347_367_NSP_GenomeWideSNP_6_E03_1438720	19	51425404	51425875	2	-3.6232
CHESS_p_TCGAb_112_347_367_NSP_GenomeWideSNP_6_E03_1438720	19	51426746	56282369	3000	-0.8071
CHESS_p_TCGAb_112_347_367_NSP_GenomeWideSNP_6_E03_1438720	19	56282535	56283067	3	-2.9396
CHESS_p_TCGAb_112_347_367_NSP_GenomeWideSNP_6_E03_1438720	19	56286293	59097854	1841	-0.8473
CHESS_p_TCGAb_112_347_367_NSP_GenomeWideSNP_6_E03_1438720	20	61305	1552503	1184	0.0232
CHESS_p_TCGAb_112_347_367_NSP_GenomeWideSNP_6_E03_1438720	20	1557190	1582207	57	-0.8297
CHESS_p_TCGAb_112_347_367_NSP_GenomeWideSNP_6_E03_1438720	20	1590257	4037528	1697	0.0359
CHESS_p_TCGAb_112_347_367_NSP_GenomeWideSNP_6_E03_1438720	20	4037627	4039184	5	-1.1048
CHESS_p_TCGAb_112_347_367_NSP_GenomeWideSNP_6_E03_1438720	20	4040740	49031332	29284	0.0147
CHESS_p_TCGAb_112_347_367_NSP_GenomeWideSNP_6_E03_1438720	20	49031872	59111045	8022	0.2756
CHESS_p_TCGAb_112_347_367_NSP_GenomeWideSNP_6_E03_1438720	20	59113709	59122693	7	-1.0239
CHESS_p_TCGAb_112_347_367_NSP_GenomeWideSNP_6_E03_1438720	20	59128381	62956153	2189	0.2551
CHESS_p_TCGAb_112_347_367_NSP_GenomeWideSNP_6_E03_1438720	21	10736871	48096957	24356	-0.1348
CHESS_p_TCGAb_112_347_367_NSP_GenomeWideSNP_6_E03_1438720	22	16052528	16152285	19	0.5212
CHESS_p_TCGAb_112_347_367_NSP_GenomeWideSNP_6_E03_1438720	22	16205766	16365495	26	-0.2226
CHESS_p_TCGAb_112_347_367_NSP_GenomeWideSNP_6_E03_1438720	22	16374972	16399151	9	0.8576
CHESS_p_TCGAb_112_347_367_NSP_GenomeWideSNP_6_E03_1438720	22	16402835	21816055	2819	0.003
CHESS_p_TCGAb_112_347_367_NSP_GenomeWideSNP_6_E03_1438720	22	21816452	21917323	25	-0.4003
CHESS_p_TCGAb_112_347_367_NSP_GenomeWideSNP_6_E03_1438720	22	21927902	24157250	1589	0.0011
CHESS_p_TCGAb_112_347_367_NSP_GenomeWideSNP_6_E03_1438720	22	24163003	24165861	4	-0.9513
CHESS_p_TCGAb_112_347_367_NSP_GenomeWideSNP_6_E03_1438720	22	24169707	36770657	9514	3e-04
CHESS_p_TCGAb_112_347_367_NSP_GenomeWideSNP_6_E03_1438720	22	36770874	36770918	2	-1.5991
CHESS_p_TCGAb_112_347_367_NSP_GenomeWideSNP_6_E03_1438720	22	36771232	37742992	668	0.0169
CHESS_p_TCGAb_112_347_367_NSP_GenomeWideSNP_6_E03_1438720	22	37748729	37749946	4	-1.1418
CHESS_p_TCGAb_112_347_367_NSP_GenomeWideSNP_6_E03_1438720	22	37750667	39290920	768	0.028
CHESS_p_TCGAb_112_347_367_NSP_GenomeWideSNP_6_E03_1438720	22	39295255	39296904	3	-3.7046
CHESS_p_TCGAb_112_347_367_NSP_GenomeWideSNP_6_E03_1438720	22	39299114	49503943	7071	0.0037
CHESS_p_TCGAb_112_347_367_NSP_GenomeWideSNP_6_E03_1438720	22	49504256	49504707	3	-1.3534
CHESS_p_TCGAb_112_347_367_NSP_GenomeWideSNP_6_E03_1438720	22	49505005	51234455	1007	-0.047
CHESS_p_TCGAb_112_347_367_NSP_GenomeWideSNP_6_E03_1438720	X	168477	2666353	95	0.3725
CHESS_p_TCGAb_112_347_367_NSP_GenomeWideSNP_6_E03_1438720	X	2703633	7103206	3303	-0.3192
CHESS_p_TCGAb_112_347_367_NSP_GenomeWideSNP_6_E03_1438720	X	7103283	7106206	3	-4.811
CHESS_p_TCGAb_112_347_367_NSP_GenomeWideSNP_6_E03_1438720	X	7108850	10433428	2449	-0.346
CHESS_p_TCGAb_112_347_367_NSP_GenomeWideSNP_6_E03_1438720	X	10433550	10434215	2	-3.7006
CHESS_p_TCGAb_112_347_367_NSP_GenomeWideSNP_6_E03_1438720	X	10435519	12934262	1775	-0.364
CHESS_p_TCGAb_112_347_367_NSP_GenomeWideSNP_6_E03_1438720	X	12934294	12949904	17	-1.9783
CHESS_p_TCGAb_112_347_367_NSP_GenomeWideSNP_6_E03_1438720	X	12949983	34586849	13552	-0.3193
CHESS_p_TCGAb_112_347_367_NSP_GenomeWideSNP_6_E03_1438720	X	34589601	34589900	2	-5.9651
CHESS_p_TCGAb_112_347_367_NSP_GenomeWideSNP_6_E03_1438720	X	34595722	53740408	9522	-0.2796
CHESS_p_TCGAb_112_347_367_NSP_GenomeWideSNP_6_E03_1438720	X	53743271	62435898	2301	0.3359
CHESS_p_TCGAb_112_347_367_NSP_GenomeWideSNP_6_E03_1438720	X	62441759	62470853	7	1.405
CHESS_p_TCGAb_112_347_367_NSP_GenomeWideSNP_6_E03_1438720	X	62471018	62478259	7	2.2388
CHESS_p_TCGAb_112_347_367_NSP_GenomeWideSNP_6_E03_1438720	X	62480899	62505868	12	1.4762
CHESS_p_TCGAb_112_347_367_NSP_GenomeWideSNP_6_E03_1438720	X	62517002	78547181	6914	0.3113
CHESS_p_TCGAb_112_347_367_NSP_GenomeWideSNP_6_E03_1438720	X	78547663	78554311	2	2.6233
CHESS_p_TCGAb_112_347_367_NSP_GenomeWideSNP_6_E03_1438720	X	78554569	103253775	13319	0.2962
CHESS_p_TCGAb_112_347_367_NSP_GenomeWideSNP_6_E03_1438720	X	103257989	103305358	59	1.3415
CHESS_p_TCGAb_112_347_367_NSP_GenomeWideSNP_6_E03_1438720	X	103311747	115138403	6261	0.2684
CHESS_p_TCGAb_112_347_367_NSP_GenomeWideSNP_6_E03_1438720	X	115141541	115150638	5	-2.0353
CHESS_p_TCGAb_112_347_367_NSP_GenomeWideSNP_6_E03_1438720	X	115156419	115758411	388	0.2934
CHESS_p_TCGAb_112_347_367_NSP_GenomeWideSNP_6_E03_1438720	X	115761527	154385156	22732	0.0254
CHESS_p_TCGAb_112_347_367_NSP_GenomeWideSNP_6_E03_1438720	X	154392382	154418294	10	-1.5068
CHESS_p_TCGAb_112_347_367_NSP_GenomeWideSNP_6_E03_1438720	X	154432253	154907075	189	0.1338
CHESS_p_TCGAb_112_347_367_NSP_GenomeWideSNP_6_E03_1438720	X	154909159	155182354	37	0.3764
CHESS_p_TCGAb_112_347_367_NSP_GenomeWideSNP_6_E03_1438720	Y	2650438	59018259	8622	-0.7204
