Sample	Chromosome	Start	End	Num_Probes	Segment_Mean
BEFIT_p_TCGAb32_SNP_S_GenomeWideSNP_6_D10_585012	1	3208470	12108120	4971	0.1604
BEFIT_p_TCGAb32_SNP_S_GenomeWideSNP_6_D10_585012	1	12109717	12153218	31	0.4525
BEFIT_p_TCGAb32_SNP_S_GenomeWideSNP_6_D10_585012	1	12154241	150670169	63764	0.1719
BEFIT_p_TCGAb32_SNP_S_GenomeWideSNP_6_D10_585012	1	150675300	150700815	15	0.6541
BEFIT_p_TCGAb32_SNP_S_GenomeWideSNP_6_D10_585012	1	150702108	151063073	192	0.1564
BEFIT_p_TCGAb32_SNP_S_GenomeWideSNP_6_D10_585012	1	151064208	151120026	34	0.7601
BEFIT_p_TCGAb32_SNP_S_GenomeWideSNP_6_D10_585012	1	151120384	158220993	3973	0.152
BEFIT_p_TCGAb32_SNP_S_GenomeWideSNP_6_D10_585012	1	158221413	158221618	2	-1.0512
BEFIT_p_TCGAb32_SNP_S_GenomeWideSNP_6_D10_585012	1	158229101	159070359	554	0.1633
BEFIT_p_TCGAb32_SNP_S_GenomeWideSNP_6_D10_585012	1	159070426	159070633	2	-0.9609
BEFIT_p_TCGAb32_SNP_S_GenomeWideSNP_6_D10_585012	1	159073875	217758334	37828	0.1733
BEFIT_p_TCGAb32_SNP_S_GenomeWideSNP_6_D10_585012	1	217758936	217760213	5	-0.4739
BEFIT_p_TCGAb32_SNP_S_GenomeWideSNP_6_D10_585012	1	217761847	231181675	8212	0.1733
BEFIT_p_TCGAb32_SNP_S_GenomeWideSNP_6_D10_585012	1	231183073	231192561	5	-0.8589
BEFIT_p_TCGAb32_SNP_S_GenomeWideSNP_6_D10_585012	1	231194039	245880329	9463	0.1678
BEFIT_p_TCGAb32_SNP_S_GenomeWideSNP_6_D10_585012	2	474222	130175619	68046	0.1546
BEFIT_p_TCGAb32_SNP_S_GenomeWideSNP_6_D10_585012	2	130176566	130176585	2	-1.2659
BEFIT_p_TCGAb32_SNP_S_GenomeWideSNP_6_D10_585012	2	130176678	219309014	49455	0.1613
BEFIT_p_TCGAb32_SNP_S_GenomeWideSNP_6_D10_585012	2	219312570	219348385	20	-0.7453
BEFIT_p_TCGAb32_SNP_S_GenomeWideSNP_6_D10_585012	2	219350845	222179257	1821	0.1764
BEFIT_p_TCGAb32_SNP_S_GenomeWideSNP_6_D10_585012	2	222179704	222179760	2	1.253
BEFIT_p_TCGAb32_SNP_S_GenomeWideSNP_6_D10_585012	2	222180806	242124735	11954	0.1438
BEFIT_p_TCGAb32_SNP_S_GenomeWideSNP_6_D10_585012	3	526235	36915745	20684	-0.2547
BEFIT_p_TCGAb32_SNP_S_GenomeWideSNP_6_D10_585012	3	36923941	36989727	33	-0.8818
BEFIT_p_TCGAb32_SNP_S_GenomeWideSNP_6_D10_585012	3	36990564	38136945	701	-0.2777
BEFIT_p_TCGAb32_SNP_S_GenomeWideSNP_6_D10_585012	3	38139072	38139378	2	-2.821
BEFIT_p_TCGAb32_SNP_S_GenomeWideSNP_6_D10_585012	3	38142639	72126191	19908	-0.2351
BEFIT_p_TCGAb32_SNP_S_GenomeWideSNP_6_D10_585012	3	72126324	72127451	2	-2.0497
BEFIT_p_TCGAb32_SNP_S_GenomeWideSNP_6_D10_585012	3	72127599	112656113	18882	-0.2393
BEFIT_p_TCGAb32_SNP_S_GenomeWideSNP_6_D10_585012	3	112678396	165676098	29272	0.074
BEFIT_p_TCGAb32_SNP_S_GenomeWideSNP_6_D10_585012	3	165681444	165757542	25	-0.7236
BEFIT_p_TCGAb32_SNP_S_GenomeWideSNP_6_D10_585012	3	165757755	199023074	16828	0.0776
BEFIT_p_TCGAb32_SNP_S_GenomeWideSNP_6_D10_585012	4	1043934	8596046	4195	0.1522
BEFIT_p_TCGAb32_SNP_S_GenomeWideSNP_6_D10_585012	4	8598118	8601088	3	-1.1804
BEFIT_p_TCGAb32_SNP_S_GenomeWideSNP_6_D10_585012	4	8601826	36173418	17578	0.1729
BEFIT_p_TCGAb32_SNP_S_GenomeWideSNP_6_D10_585012	4	36177006	36177383	2	-1.0836
BEFIT_p_TCGAb32_SNP_S_GenomeWideSNP_6_D10_585012	4	36179706	57743835	9807	0.167
BEFIT_p_TCGAb32_SNP_S_GenomeWideSNP_6_D10_585012	4	57798284	92157195	18846	-0.1183
BEFIT_p_TCGAb32_SNP_S_GenomeWideSNP_6_D10_585012	4	92157415	92157675	3	-1.3054
BEFIT_p_TCGAb32_SNP_S_GenomeWideSNP_6_D10_585012	4	92157760	158682709	36454	-0.1198
BEFIT_p_TCGAb32_SNP_S_GenomeWideSNP_6_D10_585012	4	158685119	158685377	3	-1.3581
BEFIT_p_TCGAb32_SNP_S_GenomeWideSNP_6_D10_585012	4	158688314	189836143	15805	-0.121
BEFIT_p_TCGAb32_SNP_S_GenomeWideSNP_6_D10_585012	5	967233	180293075	100505	0.1705
BEFIT_p_TCGAb32_SNP_S_GenomeWideSNP_6_D10_585012	6	959281	47734986	28103	-0.2639
BEFIT_p_TCGAb32_SNP_S_GenomeWideSNP_6_D10_585012	6	47735187	47739581	4	-1.6662
BEFIT_p_TCGAb32_SNP_S_GenomeWideSNP_6_D10_585012	6	47741886	170745844	68279	-0.2505
BEFIT_p_TCGAb32_SNP_S_GenomeWideSNP_6_D10_585012	7	671810	158077879	81304	0.1664
BEFIT_p_TCGAb32_SNP_S_GenomeWideSNP_6_D10_585012	8	607667	3885239	1700	-0.1391
BEFIT_p_TCGAb32_SNP_S_GenomeWideSNP_6_D10_585012	8	3885629	3885748	4	-1.3442
BEFIT_p_TCGAb32_SNP_S_GenomeWideSNP_6_D10_585012	8	3887002	27568705	14158	-0.1342
BEFIT_p_TCGAb32_SNP_S_GenomeWideSNP_6_D10_585012	8	27569190	27569315	2	-1.668
BEFIT_p_TCGAb32_SNP_S_GenomeWideSNP_6_D10_585012	8	27570687	34577807	4376	-0.1381
BEFIT_p_TCGAb32_SNP_S_GenomeWideSNP_6_D10_585012	8	34578353	34578711	2	-1.3464
BEFIT_p_TCGAb32_SNP_S_GenomeWideSNP_6_D10_585012	8	34581702	43052529	4497	-0.1392
BEFIT_p_TCGAb32_SNP_S_GenomeWideSNP_6_D10_585012	8	47580110	145304484	56776	0.1707
BEFIT_p_TCGAb32_SNP_S_GenomeWideSNP_6_D10_585012	9	779932	14860349	8033	-0.2422
BEFIT_p_TCGAb32_SNP_S_GenomeWideSNP_6_D10_585012	9	14861970	14868094	2	-1.6623
BEFIT_p_TCGAb32_SNP_S_GenomeWideSNP_6_D10_585012	9	14869268	78130809	20811	-0.2483
BEFIT_p_TCGAb32_SNP_S_GenomeWideSNP_6_D10_585012	9	78131314	78132397	3	-1.7666
BEFIT_p_TCGAb32_SNP_S_GenomeWideSNP_6_D10_585012	9	78132776	99967398	14430	-0.2445
BEFIT_p_TCGAb32_SNP_S_GenomeWideSNP_6_D10_585012	9	99967453	99967583	2	-2.2018
BEFIT_p_TCGAb32_SNP_S_GenomeWideSNP_6_D10_585012	9	99968064	140058573	24645	-0.2547
BEFIT_p_TCGAb32_SNP_S_GenomeWideSNP_6_D10_585012	10	405240	133777454	80432	-0.2553
BEFIT_p_TCGAb32_SNP_S_GenomeWideSNP_6_D10_585012	10	133782376	133782598	3	-2.1174
BEFIT_p_TCGAb32_SNP_S_GenomeWideSNP_6_D10_585012	10	133782936	135075077	335	-0.3038
BEFIT_p_TCGAb32_SNP_S_GenomeWideSNP_6_D10_585012	11	446120	18746396	11270	0.1669
BEFIT_p_TCGAb32_SNP_S_GenomeWideSNP_6_D10_585012	11	18749312	18757770	10	-0.3637
BEFIT_p_TCGAb32_SNP_S_GenomeWideSNP_6_D10_585012	11	18758916	50007872	19248	0.1713
BEFIT_p_TCGAb32_SNP_S_GenomeWideSNP_6_D10_585012	11	50011906	55996896	132	-0.073
BEFIT_p_TCGAb32_SNP_S_GenomeWideSNP_6_D10_585012	11	55998736	55998930	4	0.437
BEFIT_p_TCGAb32_SNP_S_GenomeWideSNP_6_D10_585012	11	55999085	78693927	10995	-0.1558
BEFIT_p_TCGAb32_SNP_S_GenomeWideSNP_6_D10_585012	11	78693947	78693962	2	-1.7512
BEFIT_p_TCGAb32_SNP_S_GenomeWideSNP_6_D10_585012	11	78694008	81409408	1940	-0.0997
BEFIT_p_TCGAb32_SNP_S_GenomeWideSNP_6_D10_585012	11	81410035	81410643	2	-1.479
BEFIT_p_TCGAb32_SNP_S_GenomeWideSNP_6_D10_585012	11	81411139	119281021	23653	-0.1223
BEFIT_p_TCGAb32_SNP_S_GenomeWideSNP_6_D10_585012	11	119287266	119289212	2	-1.6903
BEFIT_p_TCGAb32_SNP_S_GenomeWideSNP_6_D10_585012	11	119289343	126194764	4979	-0.1383
BEFIT_p_TCGAb32_SNP_S_GenomeWideSNP_6_D10_585012	11	126196159	126196279	2	-1.3973
BEFIT_p_TCGAb32_SNP_S_GenomeWideSNP_6_D10_585012	11	126197407	133647740	4987	-0.109
BEFIT_p_TCGAb32_SNP_S_GenomeWideSNP_6_D10_585012	12	760163	32725411	19181	0.1638
BEFIT_p_TCGAb32_SNP_S_GenomeWideSNP_6_D10_585012	12	32726670	32727326	3	-0.8153
BEFIT_p_TCGAb32_SNP_S_GenomeWideSNP_6_D10_585012	12	32735443	46431723	5304	0.1654
BEFIT_p_TCGAb32_SNP_S_GenomeWideSNP_6_D10_585012	12	46432702	46437061	3	-0.9943
BEFIT_p_TCGAb32_SNP_S_GenomeWideSNP_6_D10_585012	12	46437218	102659730	33445	0.167
BEFIT_p_TCGAb32_SNP_S_GenomeWideSNP_6_D10_585012	12	102660014	102661440	4	0.9866
BEFIT_p_TCGAb32_SNP_S_GenomeWideSNP_6_D10_585012	12	102661980	106156555	2481	0.1737
BEFIT_p_TCGAb32_SNP_S_GenomeWideSNP_6_D10_585012	12	106157295	106158672	2	-0.9311
BEFIT_p_TCGAb32_SNP_S_GenomeWideSNP_6_D10_585012	12	106161667	119071364	7734	0.1702
BEFIT_p_TCGAb32_SNP_S_GenomeWideSNP_6_D10_585012	12	119073235	119073543	2	-1.0797
BEFIT_p_TCGAb32_SNP_S_GenomeWideSNP_6_D10_585012	12	119074717	120092244	568	0.1254
BEFIT_p_TCGAb32_SNP_S_GenomeWideSNP_6_D10_585012	12	120092376	120095072	3	-0.8586
BEFIT_p_TCGAb32_SNP_S_GenomeWideSNP_6_D10_585012	12	120098155	131671419	5209	0.1626
BEFIT_p_TCGAb32_SNP_S_GenomeWideSNP_6_D10_585012	13	18348806	33691150	9437	-0.2719
BEFIT_p_TCGAb32_SNP_S_GenomeWideSNP_6_D10_585012	13	33691545	33696288	2	-1.8942
BEFIT_p_TCGAb32_SNP_S_GenomeWideSNP_6_D10_585012	13	33697204	84830172	28881	-0.2451
BEFIT_p_TCGAb32_SNP_S_GenomeWideSNP_6_D10_585012	13	84834152	86616828	1008	0.1942
BEFIT_p_TCGAb32_SNP_S_GenomeWideSNP_6_D10_585012	13	86633432	106180636	12525	-0.2459
BEFIT_p_TCGAb32_SNP_S_GenomeWideSNP_6_D10_585012	13	106182239	106182711	2	-1.6721
BEFIT_p_TCGAb32_SNP_S_GenomeWideSNP_6_D10_585012	13	106183236	114005560	4740	-0.271
BEFIT_p_TCGAb32_SNP_S_GenomeWideSNP_6_D10_585012	14	19571208	105059083	49401	-0.2573
BEFIT_p_TCGAb32_SNP_S_GenomeWideSNP_6_D10_585012	15	21238778	96055115	42530	0.1699
BEFIT_p_TCGAb32_SNP_S_GenomeWideSNP_6_D10_585012	15	96056131	96056932	3	-1.452
BEFIT_p_TCGAb32_SNP_S_GenomeWideSNP_6_D10_585012	15	96057231	99701830	1997	0.1538
BEFIT_p_TCGAb32_SNP_S_GenomeWideSNP_6_D10_585012	16	593460	87907437	40859	0.1704
BEFIT_p_TCGAb32_SNP_S_GenomeWideSNP_6_D10_585012	17	933971	52617863	23875	-0.2545
BEFIT_p_TCGAb32_SNP_S_GenomeWideSNP_6_D10_585012	17	52618286	52619832	2	-1.5051
BEFIT_p_TCGAb32_SNP_S_GenomeWideSNP_6_D10_585012	17	52620310	55273152	1424	-0.2516
BEFIT_p_TCGAb32_SNP_S_GenomeWideSNP_6_D10_585012	17	55274498	61477838	3019	0.095
BEFIT_p_TCGAb32_SNP_S_GenomeWideSNP_6_D10_585012	17	61479012	61479249	3	-1.4572
BEFIT_p_TCGAb32_SNP_S_GenomeWideSNP_6_D10_585012	17	61483694	78510305	8636	0.0963
BEFIT_p_TCGAb32_SNP_S_GenomeWideSNP_6_D10_585012	18	319586	75210228	42634	-0.2401
BEFIT_p_TCGAb32_SNP_S_GenomeWideSNP_6_D10_585012	19	235018	21502795	7890	0.1345
BEFIT_p_TCGAb32_SNP_S_GenomeWideSNP_6_D10_585012	19	21509143	21513514	2	-1.6754
BEFIT_p_TCGAb32_SNP_S_GenomeWideSNP_6_D10_585012	19	21514145	63570038	16048	0.1554
BEFIT_p_TCGAb32_SNP_S_GenomeWideSNP_6_D10_585012	20	403764	2152811	1091	0.1474
BEFIT_p_TCGAb32_SNP_S_GenomeWideSNP_6_D10_585012	20	2153125	2153941	4	-0.7719
BEFIT_p_TCGAb32_SNP_S_GenomeWideSNP_6_D10_585012	20	2153957	14196546	7667	0.1622
BEFIT_p_TCGAb32_SNP_S_GenomeWideSNP_6_D10_585012	20	14197517	14224686	10	-0.5808
BEFIT_p_TCGAb32_SNP_S_GenomeWideSNP_6_D10_585012	20	14228431	61690281	28492	0.1611
BEFIT_p_TCGAb32_SNP_S_GenomeWideSNP_6_D10_585012	21	14269492	21897983	4874	0.1826
BEFIT_p_TCGAb32_SNP_S_GenomeWideSNP_6_D10_585012	21	21901744	21902747	3	-1.361
BEFIT_p_TCGAb32_SNP_S_GenomeWideSNP_6_D10_585012	21	21904445	46503202	15703	0.1645
BEFIT_p_TCGAb32_SNP_S_GenomeWideSNP_6_D10_585012	22	15803930	28443488	4879	0.1483
BEFIT_p_TCGAb32_SNP_S_GenomeWideSNP_6_D10_585012	22	28443960	28480327	14	-0.2999
BEFIT_p_TCGAb32_SNP_S_GenomeWideSNP_6_D10_585012	22	28480549	47717016	12034	0.1468
BEFIT_p_TCGAb32_SNP_S_GenomeWideSNP_6_D10_585012	X	3167107	39595812	16411	0.338
BEFIT_p_TCGAb32_SNP_S_GenomeWideSNP_6_D10_585012	X	39600599	154558783	46922	-0.1184
