Sample	Chromosome	Start	End	Num_Probes	Segment_Mean
TARSI_p_TCGAb70_SNP_N_GenomeWideSNP_6_D05_742050	1	3218610	247813706	129118	0.0129
TARSI_p_TCGAb70_SNP_N_GenomeWideSNP_6_D05_742050	2	484222	242476062	131263	0.0121
TARSI_p_TCGAb70_SNP_N_GenomeWideSNP_6_D05_742050	3	2212571	78383279	44885	-0.579
TARSI_p_TCGAb70_SNP_N_GenomeWideSNP_6_D05_742050	3	78387430	85488740	3615	0.0176
TARSI_p_TCGAb70_SNP_N_GenomeWideSNP_6_D05_742050	3	85639252	85736086	61	-0.5857
TARSI_p_TCGAb70_SNP_N_GenomeWideSNP_6_D05_742050	3	85737646	85740434	3	-1.5746
TARSI_p_TCGAb70_SNP_N_GenomeWideSNP_6_D05_742050	3	85740661	85816397	43	-0.6371
TARSI_p_TCGAb70_SNP_N_GenomeWideSNP_6_D05_742050	3	85819283	197538677	57676	0.0188
TARSI_p_TCGAb70_SNP_N_GenomeWideSNP_6_D05_742050	4	1053934	188763651	102727	0.0111
TARSI_p_TCGAb70_SNP_N_GenomeWideSNP_6_D05_742050	5	914233	177649986	99082	0.0148
TARSI_p_TCGAb70_SNP_N_GenomeWideSNP_6_D05_742050	5	177650993	177704027	2	-2.7401
TARSI_p_TCGAb70_SNP_N_GenomeWideSNP_6_D05_742050	5	177704592	180360469	1404	0.0059
TARSI_p_TCGAb70_SNP_N_GenomeWideSNP_6_D05_742050	6	1014281	150920226	84916	0.0147
TARSI_p_TCGAb70_SNP_N_GenomeWideSNP_6_D05_742050	6	150920397	150940375	16	-1.005
TARSI_p_TCGAb70_SNP_N_GenomeWideSNP_6_D05_742050	6	150944728	170903919	11535	0.0164
TARSI_p_TCGAb70_SNP_N_GenomeWideSNP_6_D05_742050	7	705284	158385118	81304	0.0079
TARSI_p_TCGAb70_SNP_N_GenomeWideSNP_6_D05_742050	8	617667	37036477	21487	0.0098
TARSI_p_TCGAb70_SNP_N_GenomeWideSNP_6_D05_742050	8	37038507	37048234	16	-0.8482
TARSI_p_TCGAb70_SNP_N_GenomeWideSNP_6_D05_742050	8	37048590	52422832	5665	0.0103
TARSI_p_TCGAb70_SNP_N_GenomeWideSNP_6_D05_742050	8	52423105	52423223	2	-1.5183
TARSI_p_TCGAb70_SNP_N_GenomeWideSNP_6_D05_742050	8	52423460	145232496	54360	0.0137
TARSI_p_TCGAb70_SNP_N_GenomeWideSNP_6_D05_742050	9	789932	140938752	68009	0.0115
TARSI_p_TCGAb70_SNP_N_GenomeWideSNP_6_D05_742050	10	415240	135225087	80842	0.0052
TARSI_p_TCGAb70_SNP_N_GenomeWideSNP_6_D05_742050	11	456120	134142530	77226	0.0099
TARSI_p_TCGAb70_SNP_N_GenomeWideSNP_6_D05_742050	12	889902	85577001	46528	0.0067
TARSI_p_TCGAb70_SNP_N_GenomeWideSNP_6_D05_742050	12	85578064	115714529	18344	0.4128
TARSI_p_TCGAb70_SNP_N_GenomeWideSNP_6_D05_742050	12	115714575	115716504	7	-0.292
TARSI_p_TCGAb70_SNP_N_GenomeWideSNP_6_D05_742050	12	115716532	133161346	9059	0.4155
TARSI_p_TCGAb70_SNP_N_GenomeWideSNP_6_D05_742050	13	19450806	114987458	56642	0.0131
TARSI_p_TCGAb70_SNP_N_GenomeWideSNP_6_D05_742050	14	20501368	63427259	23635	0.0103
TARSI_p_TCGAb70_SNP_N_GenomeWideSNP_6_D05_742050	14	63427547	63430263	2	-1.4088
TARSI_p_TCGAb70_SNP_N_GenomeWideSNP_6_D05_742050	14	63430773	105988038	25802	0.0147
TARSI_p_TCGAb70_SNP_N_GenomeWideSNP_6_D05_742050	15	23687685	101884307	44516	0.0078
TARSI_p_TCGAb70_SNP_N_GenomeWideSNP_6_D05_742050	16	653459	59238307	22193	0.007
TARSI_p_TCGAb70_SNP_N_GenomeWideSNP_6_D05_742050	16	59240635	59254711	9	-0.8163
TARSI_p_TCGAb70_SNP_N_GenomeWideSNP_6_D05_742050	16	59258576	64422840	3184	0.0181
TARSI_p_TCGAb70_SNP_N_GenomeWideSNP_6_D05_742050	16	64423412	64428439	4	-0.9755
TARSI_p_TCGAb70_SNP_N_GenomeWideSNP_6_D05_742050	16	64430766	89379936	15398	0.0058
TARSI_p_TCGAb70_SNP_N_GenomeWideSNP_6_D05_742050	17	987221	80917016	36979	0.0019
TARSI_p_TCGAb70_SNP_N_GenomeWideSNP_6_D05_742050	18	329586	77109240	42660	0.0277
TARSI_p_TCGAb70_SNP_N_GenomeWideSNP_6_D05_742050	19	284018	58878226	23942	9e-04
TARSI_p_TCGAb70_SNP_N_GenomeWideSNP_6_D05_742050	20	455764	62219837	37286	0.0086
TARSI_p_TCGAb70_SNP_N_GenomeWideSNP_6_D05_742050	21	15347621	34286610	12050	0.0118
TARSI_p_TCGAb70_SNP_N_GenomeWideSNP_6_D05_742050	21	34290944	34293342	6	-0.7041
TARSI_p_TCGAb70_SNP_N_GenomeWideSNP_6_D05_742050	21	34293409	47678774	8521	0.0144
TARSI_p_TCGAb70_SNP_N_GenomeWideSNP_6_D05_742050	22	17423930	49331012	16921	0.0062
TARSI_p_TCGAb70_SNP_N_GenomeWideSNP_6_D05_742050	X	3157107	154905589	63650	0.0154
