GDC_Aliquot	Chromosome	Start	End	Num_Probes	Segment_Mean
6d24df6e-4962-4ca1-b475-75f177b01b41	1	62920	86341	11	-0.6687
6d24df6e-4962-4ca1-b475-75f177b01b41	1	98588	16782786	8641	-0.0086
6d24df6e-4962-4ca1-b475-75f177b01b41	1	16784801	16935393	59	0.4243
6d24df6e-4962-4ca1-b475-75f177b01b41	1	16935737	72302815	33843	-0.0029
6d24df6e-4962-4ca1-b475-75f177b01b41	1	72303233	72345450	45	-2.0708
6d24df6e-4962-4ca1-b475-75f177b01b41	1	72345465	89009572	10876	-0.0006
6d24df6e-4962-4ca1-b475-75f177b01b41	1	89012275	89012522	2	-3.1576
6d24df6e-4962-4ca1-b475-75f177b01b41	1	89015841	102277451	8335	0.0002
6d24df6e-4962-4ca1-b475-75f177b01b41	1	102278456	102278753	2	-1.742
6d24df6e-4962-4ca1-b475-75f177b01b41	1	102279211	107111598	2710	0.0104
6d24df6e-4962-4ca1-b475-75f177b01b41	1	107112980	107120873	11	-1.1669
6d24df6e-4962-4ca1-b475-75f177b01b41	1	107122811	109679105	1529	0.0029
6d24df6e-4962-4ca1-b475-75f177b01b41	1	109684695	109697556	14	-1.1283
6d24df6e-4962-4ca1-b475-75f177b01b41	1	109702376	110834746	829	0.0038
6d24df6e-4962-4ca1-b475-75f177b01b41	1	110834943	110841332	35	-0.7484
6d24df6e-4962-4ca1-b475-75f177b01b41	1	110841350	111769129	703	-0.0335
6d24df6e-4962-4ca1-b475-75f177b01b41	1	111769532	111769929	4	0.815
6d24df6e-4962-4ca1-b475-75f177b01b41	1	111770456	112153686	364	-0.0222
6d24df6e-4962-4ca1-b475-75f177b01b41	1	112153851	112154619	18	-0.685
6d24df6e-4962-4ca1-b475-75f177b01b41	1	112154754	143494500	5136	-0.0016
6d24df6e-4962-4ca1-b475-75f177b01b41	1	143541857	143893019	121	-0.8585
6d24df6e-4962-4ca1-b475-75f177b01b41	1	143921397	196745743	31816	0.0046
6d24df6e-4962-4ca1-b475-75f177b01b41	1	196758720	196846661	61	0.3924
6d24df6e-4962-4ca1-b475-75f177b01b41	1	196847600	248930189	35609	-0.0003
6d24df6e-4962-4ca1-b475-75f177b01b41	2	12784	7986566	6268	-0.0032
6d24df6e-4962-4ca1-b475-75f177b01b41	2	7986660	7999793	11	-0.87
6d24df6e-4962-4ca1-b475-75f177b01b41	2	8001470	48624013	27873	0.0039
6d24df6e-4962-4ca1-b475-75f177b01b41	2	48626833	48628795	2	-1.9302
6d24df6e-4962-4ca1-b475-75f177b01b41	2	48634765	52527590	2778	0.0135
6d24df6e-4962-4ca1-b475-75f177b01b41	2	52527727	52554404	35	-0.6902
6d24df6e-4962-4ca1-b475-75f177b01b41	2	52560811	54883534	1800	0.0138
6d24df6e-4962-4ca1-b475-75f177b01b41	2	54883985	54888143	3	-1.6682
6d24df6e-4962-4ca1-b475-75f177b01b41	2	54889359	87286164	20120	0.0033
6d24df6e-4962-4ca1-b475-75f177b01b41	2	87287256	87295819	3	-1.6325
6d24df6e-4962-4ca1-b475-75f177b01b41	2	87299357	106265083	7344	-0.0051
6d24df6e-4962-4ca1-b475-75f177b01b41	2	106265177	106270799	10	-0.739
6d24df6e-4962-4ca1-b475-75f177b01b41	2	106270952	107824280	987	0.0011
6d24df6e-4962-4ca1-b475-75f177b01b41	2	107830513	107864451	2	2.4124
6d24df6e-4962-4ca1-b475-75f177b01b41	2	107875632	127084661	11302	0.0026
6d24df6e-4962-4ca1-b475-75f177b01b41	2	127084748	127100370	12	-0.8835
6d24df6e-4962-4ca1-b475-75f177b01b41	2	127101070	130037806	1911	0.0049
6d24df6e-4962-4ca1-b475-75f177b01b41	2	130059766	130116915	11	-0.7887
6d24df6e-4962-4ca1-b475-75f177b01b41	2	130117303	212316590	49314	0.0043
6d24df6e-4962-4ca1-b475-75f177b01b41	2	212316597	212327101	26	-0.8413
6d24df6e-4962-4ca1-b475-75f177b01b41	2	212327402	242147305	18924	0.0034
6d24df6e-4962-4ca1-b475-75f177b01b41	3	20930	1205331	978	0.0134
6d24df6e-4962-4ca1-b475-75f177b01b41	3	1205460	1207972	7	-1.2664
6d24df6e-4962-4ca1-b475-75f177b01b41	3	1208950	8780118	6708	0.014
6d24df6e-4962-4ca1-b475-75f177b01b41	3	8783681	8816515	27	0.622
6d24df6e-4962-4ca1-b475-75f177b01b41	3	8825123	54171709	28615	-0.0009
6d24df6e-4962-4ca1-b475-75f177b01b41	3	54171823	54172049	3	-1.8942
6d24df6e-4962-4ca1-b475-75f177b01b41	3	54180592	56764676	1973	0.0048
6d24df6e-4962-4ca1-b475-75f177b01b41	3	56764721	56769147	2	-2.0172
6d24df6e-4962-4ca1-b475-75f177b01b41	3	56769419	68697013	9237	0.0058
6d24df6e-4962-4ca1-b475-75f177b01b41	3	68697108	68698262	14	1.1124
6d24df6e-4962-4ca1-b475-75f177b01b41	3	68699607	84649706	9859	0.0049
6d24df6e-4962-4ca1-b475-75f177b01b41	3	84649839	84653262	19	-0.7939
6d24df6e-4962-4ca1-b475-75f177b01b41	3	84653312	99229557	5965	0.0021
6d24df6e-4962-4ca1-b475-75f177b01b41	3	99229699	99230264	13	0.7216
6d24df6e-4962-4ca1-b475-75f177b01b41	3	99230312	125950205	16255	0.002
6d24df6e-4962-4ca1-b475-75f177b01b41	3	125954540	125957120	3	-2.6171
6d24df6e-4962-4ca1-b475-75f177b01b41	3	125961657	136300257	6420	0.001
6d24df6e-4962-4ca1-b475-75f177b01b41	3	136304109	136306584	2	-3.4324
6d24df6e-4962-4ca1-b475-75f177b01b41	3	136319699	162813082	16190	0.0056
6d24df6e-4962-4ca1-b475-75f177b01b41	3	162815162	162822702	7	-1.9487
6d24df6e-4962-4ca1-b475-75f177b01b41	3	162827928	175373237	7685	0.0092
6d24df6e-4962-4ca1-b475-75f177b01b41	3	175373337	175959633	373	0.138
6d24df6e-4962-4ca1-b475-75f177b01b41	3	175963725	193156958	11061	0.0039
6d24df6e-4962-4ca1-b475-75f177b01b41	3	193160113	193165114	20	-1.784
6d24df6e-4962-4ca1-b475-75f177b01b41	3	193168646	198169247	2683	0.0093
6d24df6e-4962-4ca1-b475-75f177b01b41	4	68929	10208766	5666	-0.0053
6d24df6e-4962-4ca1-b475-75f177b01b41	4	10221792	10232984	28	-1.1854
6d24df6e-4962-4ca1-b475-75f177b01b41	4	10233383	34777340	16894	-0.0017
6d24df6e-4962-4ca1-b475-75f177b01b41	4	34777353	34828250	44	-0.4547
6d24df6e-4962-4ca1-b475-75f177b01b41	4	34828291	68354665	19332	0.003
6d24df6e-4962-4ca1-b475-75f177b01b41	4	68361130	68478894	20	0.4864
6d24df6e-4962-4ca1-b475-75f177b01b41	4	68494770	68620261	68	-2.0395
6d24df6e-4962-4ca1-b475-75f177b01b41	4	68623617	69523998	477	0.0622
6d24df6e-4962-4ca1-b475-75f177b01b41	4	69524143	69525061	2	-2.8161
6d24df6e-4962-4ca1-b475-75f177b01b41	4	69526170	171448195	61580	0.0012
6d24df6e-4962-4ca1-b475-75f177b01b41	4	171453733	171456293	8	-1.6995
6d24df6e-4962-4ca1-b475-75f177b01b41	4	171456307	172066706	398	-0.0029
6d24df6e-4962-4ca1-b475-75f177b01b41	4	172066777	172068382	13	0.7499
6d24df6e-4962-4ca1-b475-75f177b01b41	4	172074828	187048187	10119	0.0082
6d24df6e-4962-4ca1-b475-75f177b01b41	4	187049935	187051053	3	-1.6488
6d24df6e-4962-4ca1-b475-75f177b01b41	4	187056923	189629950	1751	0.0324
6d24df6e-4962-4ca1-b475-75f177b01b41	4	189638490	189639085	2	-1.9014
6d24df6e-4962-4ca1-b475-75f177b01b41	4	189644494	190106768	150	0.0624
6d24df6e-4962-4ca1-b475-75f177b01b41	5	15532	667394	298	-0.0164
6d24df6e-4962-4ca1-b475-75f177b01b41	5	670630	760986	29	-0.3994
6d24df6e-4962-4ca1-b475-75f177b01b41	5	761010	7177627	5368	-0.0073
6d24df6e-4962-4ca1-b475-75f177b01b41	5	7177696	7189812	24	-1.0195
6d24df6e-4962-4ca1-b475-75f177b01b41	5	7202522	15719113	6397	0.0064
6d24df6e-4962-4ca1-b475-75f177b01b41	5	15719241	15720488	10	-5.6863
6d24df6e-4962-4ca1-b475-75f177b01b41	5	15723237	46271006	18380	0.0035
6d24df6e-4962-4ca1-b475-75f177b01b41	5	46271828	46273400	6	-3.0688
6d24df6e-4962-4ca1-b475-75f177b01b41	5	46278110	58030453	5059	-0.0024
6d24df6e-4962-4ca1-b475-75f177b01b41	5	58033288	58034306	9	-1.1207
6d24df6e-4962-4ca1-b475-75f177b01b41	5	58034492	104515520	26708	0.0044
6d24df6e-4962-4ca1-b475-75f177b01b41	5	104524672	104524903	4	1.9221
6d24df6e-4962-4ca1-b475-75f177b01b41	5	104525348	127121923	15235	0.0078
6d24df6e-4962-4ca1-b475-75f177b01b41	5	127122434	127122625	2	-1.7675
6d24df6e-4962-4ca1-b475-75f177b01b41	5	127127947	152134610	15357	0.0041
6d24df6e-4962-4ca1-b475-75f177b01b41	5	152135825	152138790	14	-0.9171
6d24df6e-4962-4ca1-b475-75f177b01b41	5	152140710	165947687	9154	-0.0031
6d24df6e-4962-4ca1-b475-75f177b01b41	5	165948002	165948024	2	-1.9611
6d24df6e-4962-4ca1-b475-75f177b01b41	5	165949215	176712904	7817	-0.001
6d24df6e-4962-4ca1-b475-75f177b01b41	5	176714687	176717470	2	-1.5292
6d24df6e-4962-4ca1-b475-75f177b01b41	5	176717685	177771448	420	-0.0203
6d24df6e-4962-4ca1-b475-75f177b01b41	5	177800550	177805604	3	3.4157
6d24df6e-4962-4ca1-b475-75f177b01b41	5	177827964	181363319	1976	-0.0052
6d24df6e-4962-4ca1-b475-75f177b01b41	6	149661	23742789	18111	0.0011
6d24df6e-4962-4ca1-b475-75f177b01b41	6	23744444	23745202	2	-3.4387
6d24df6e-4962-4ca1-b475-75f177b01b41	6	23747504	29869295	3416	0.0135
6d24df6e-4962-4ca1-b475-75f177b01b41	6	29869410	29882419	17	-1.4194
6d24df6e-4962-4ca1-b475-75f177b01b41	6	29882497	32463515	1159	0.0131
6d24df6e-4962-4ca1-b475-75f177b01b41	6	32481273	32641650	59	-0.3515
6d24df6e-4962-4ca1-b475-75f177b01b41	6	32656527	32658841	6	-1.7666
6d24df6e-4962-4ca1-b475-75f177b01b41	6	32682835	54066353	13629	0.0006
6d24df6e-4962-4ca1-b475-75f177b01b41	6	54066432	54067057	6	-2.2901
6d24df6e-4962-4ca1-b475-75f177b01b41	6	54070550	64627049	4210	0.0019
6d24df6e-4962-4ca1-b475-75f177b01b41	6	64637651	64639099	2	2.0483
6d24df6e-4962-4ca1-b475-75f177b01b41	6	64640883	78253172	8899	0.0098
6d24df6e-4962-4ca1-b475-75f177b01b41	6	78259348	78325468	112	0.2923
6d24df6e-4962-4ca1-b475-75f177b01b41	6	78329517	93942689	9966	0.0035
6d24df6e-4962-4ca1-b475-75f177b01b41	6	93942822	93947846	2	-1.5458
6d24df6e-4962-4ca1-b475-75f177b01b41	6	93949814	103286954	5426	0.0076
6d24df6e-4962-4ca1-b475-75f177b01b41	6	103290101	103314186	45	0.7397
6d24df6e-4962-4ca1-b475-75f177b01b41	6	103317795	157358463	34598	0.003
6d24df6e-4962-4ca1-b475-75f177b01b41	6	157360232	157375044	3	-1.8831
6d24df6e-4962-4ca1-b475-75f177b01b41	6	157375962	163496841	4376	-0.0042
6d24df6e-4962-4ca1-b475-75f177b01b41	6	163499085	163522397	13	-0.9851
6d24df6e-4962-4ca1-b475-75f177b01b41	6	163526842	170741917	4946	0.0004
6d24df6e-4962-4ca1-b475-75f177b01b41	7	43355	9135141	5371	-0.0038
6d24df6e-4962-4ca1-b475-75f177b01b41	7	9138746	9138993	4	-1.892
6d24df6e-4962-4ca1-b475-75f177b01b41	7	9139659	16657813	5957	0.0082
6d24df6e-4962-4ca1-b475-75f177b01b41	7	16660822	16662219	10	-0.921
6d24df6e-4962-4ca1-b475-75f177b01b41	7	16670083	54318812	26935	0.005
6d24df6e-4962-4ca1-b475-75f177b01b41	7	54318816	54318824	5	1.8846
6d24df6e-4962-4ca1-b475-75f177b01b41	7	54325795	56999885	1613	0
6d24df6e-4962-4ca1-b475-75f177b01b41	7	57001033	57016425	2	-1.8469
6d24df6e-4962-4ca1-b475-75f177b01b41	7	57048761	109793741	26696	0.0044
6d24df6e-4962-4ca1-b475-75f177b01b41	7	109797035	109797715	15	-0.9713
6d24df6e-4962-4ca1-b475-75f177b01b41	7	109797717	109801155	9	-0.2433
6d24df6e-4962-4ca1-b475-75f177b01b41	7	109801187	109813853	10	-2.33
6d24df6e-4962-4ca1-b475-75f177b01b41	7	109813925	115483517	3342	0.0116
6d24df6e-4962-4ca1-b475-75f177b01b41	7	115483765	115484256	2	-2.0321
6d24df6e-4962-4ca1-b475-75f177b01b41	7	115484293	120662233	3103	0.0076
6d24df6e-4962-4ca1-b475-75f177b01b41	7	120664313	120672705	7	-0.9585
6d24df6e-4962-4ca1-b475-75f177b01b41	7	120675165	126405428	3527	0.0041
6d24df6e-4962-4ca1-b475-75f177b01b41	7	126405502	126406824	14	-1.4173
6d24df6e-4962-4ca1-b475-75f177b01b41	7	126406825	126607677	140	-0.0018
6d24df6e-4962-4ca1-b475-75f177b01b41	7	126620696	126636978	8	0.8588
6d24df6e-4962-4ca1-b475-75f177b01b41	7	126638307	134100424	4527	0.0041
6d24df6e-4962-4ca1-b475-75f177b01b41	7	134100442	134113356	31	-0.5575
6d24df6e-4962-4ca1-b475-75f177b01b41	7	134113790	142063324	5168	-0.0077
6d24df6e-4962-4ca1-b475-75f177b01b41	7	142069843	142090403	31	-0.621
6d24df6e-4962-4ca1-b475-75f177b01b41	7	142092108	159334314	10805	0.0077
6d24df6e-4962-4ca1-b475-75f177b01b41	8	81254	3926665	3335	0.005
6d24df6e-4962-4ca1-b475-75f177b01b41	8	3929538	3932584	24	-0.8248
6d24df6e-4962-4ca1-b475-75f177b01b41	8	3933696	7886542	4383	0.0089
6d24df6e-4962-4ca1-b475-75f177b01b41	8	7888457	7941868	8	-1.1357
6d24df6e-4962-4ca1-b475-75f177b01b41	8	7974123	25117985	13616	0.0009
6d24df6e-4962-4ca1-b475-75f177b01b41	8	25118055	25133589	23	0.6565
6d24df6e-4962-4ca1-b475-75f177b01b41	8	25133612	26476744	1014	-0.0152
6d24df6e-4962-4ca1-b475-75f177b01b41	8	26480635	26483317	12	0.5981
6d24df6e-4962-4ca1-b475-75f177b01b41	8	26487304	32828250	4370	0.0065
6d24df6e-4962-4ca1-b475-75f177b01b41	8	32829101	32830895	3	-1.4514
6d24df6e-4962-4ca1-b475-75f177b01b41	8	32834588	38430945	3053	0.0059
6d24df6e-4962-4ca1-b475-75f177b01b41	8	38432841	38432991	3	-1.4221
6d24df6e-4962-4ca1-b475-75f177b01b41	8	38433569	39389592	510	0.0004
6d24df6e-4962-4ca1-b475-75f177b01b41	8	39391223	39527450	53	-0.5382
6d24df6e-4962-4ca1-b475-75f177b01b41	8	39527675	40326879	596	0.0262
6d24df6e-4962-4ca1-b475-75f177b01b41	8	40327031	40327331	3	-1.357
6d24df6e-4962-4ca1-b475-75f177b01b41	8	40327353	40914477	472	-0.0078
6d24df6e-4962-4ca1-b475-75f177b01b41	8	40920333	40920952	2	-2.8808
6d24df6e-4962-4ca1-b475-75f177b01b41	8	40926161	83696595	24296	0.0033
6d24df6e-4962-4ca1-b475-75f177b01b41	8	83698316	83698786	2	-1.8892
6d24df6e-4962-4ca1-b475-75f177b01b41	8	83701510	84345736	390	-0.0037
6d24df6e-4962-4ca1-b475-75f177b01b41	8	84345754	84356431	19	-0.7174
6d24df6e-4962-4ca1-b475-75f177b01b41	8	84358447	110220908	15488	0.0047
6d24df6e-4962-4ca1-b475-75f177b01b41	8	110223291	110224033	2	-1.5881
6d24df6e-4962-4ca1-b475-75f177b01b41	8	110230566	111282050	551	-0.0002
6d24df6e-4962-4ca1-b475-75f177b01b41	8	111282065	111283031	8	-2.2689
6d24df6e-4962-4ca1-b475-75f177b01b41	8	111288052	145072769	22800	-0.0028
6d24df6e-4962-4ca1-b475-75f177b01b41	9	46587	138200944	79016	0.0033
6d24df6e-4962-4ca1-b475-75f177b01b41	10	45792	65548259	44169	-0.0007
6d24df6e-4962-4ca1-b475-75f177b01b41	10	65548272	65563037	24	-0.7066
6d24df6e-4962-4ca1-b475-75f177b01b41	10	65563168	121427392	37099	-0.0006
6d24df6e-4962-4ca1-b475-75f177b01b41	10	121428750	121434324	2	-3.6349
6d24df6e-4962-4ca1-b475-75f177b01b41	10	121434484	130472507	6866	-0.0001
6d24df6e-4962-4ca1-b475-75f177b01b41	10	130472578	130472631	2	-2.7928
6d24df6e-4962-4ca1-b475-75f177b01b41	10	130472877	133654968	1982	-0.0227
6d24df6e-4962-4ca1-b475-75f177b01b41	11	198510	5766175	3218	-0.0085
6d24df6e-4962-4ca1-b475-75f177b01b41	11	5766850	5787909	32	0.711
6d24df6e-4962-4ca1-b475-75f177b01b41	11	5788108	48576870	29866	0.0011
6d24df6e-4962-4ca1-b475-75f177b01b41	11	48579882	48581124	2	-1.8952
6d24df6e-4962-4ca1-b475-75f177b01b41	11	48584766	54743970	885	0.0102
6d24df6e-4962-4ca1-b475-75f177b01b41	11	54762035	54766290	3	-1.9451
6d24df6e-4962-4ca1-b475-75f177b01b41	11	54782119	80256469	13524	0.0009
6d24df6e-4962-4ca1-b475-75f177b01b41	11	80256504	80256520	2	-3.1254
6d24df6e-4962-4ca1-b475-75f177b01b41	11	80256642	81787763	1300	0.0066
6d24df6e-4962-4ca1-b475-75f177b01b41	11	81792426	81806116	11	-0.8891
6d24df6e-4962-4ca1-b475-75f177b01b41	11	81811590	88662995	4618	0.0072
6d24df6e-4962-4ca1-b475-75f177b01b41	11	88663110	88663299	2	-2.2422
6d24df6e-4962-4ca1-b475-75f177b01b41	11	88663782	101723653	9284	0.007
6d24df6e-4962-4ca1-b475-75f177b01b41	11	101727129	101727233	4	1.6791
6d24df6e-4962-4ca1-b475-75f177b01b41	11	101727481	133431950	22387	0.001
6d24df6e-4962-4ca1-b475-75f177b01b41	11	133433415	133449571	16	-1.0652
6d24df6e-4962-4ca1-b475-75f177b01b41	11	133452827	135074876	1184	-0.0141
6d24df6e-4962-4ca1-b475-75f177b01b41	12	51460	2126723	1257	-0.0131
6d24df6e-4962-4ca1-b475-75f177b01b41	12	2136696	2149240	42	-0.8497
6d24df6e-4962-4ca1-b475-75f177b01b41	12	2150801	8194209	4207	0.0037
6d24df6e-4962-4ca1-b475-75f177b01b41	12	8204911	8215617	8	0.9419
6d24df6e-4962-4ca1-b475-75f177b01b41	12	8218118	9477960	625	0.0092
6d24df6e-4962-4ca1-b475-75f177b01b41	12	9481274	9575696	24	1.4571
6d24df6e-4962-4ca1-b475-75f177b01b41	12	9582373	11068125	1032	0.0143
6d24df6e-4962-4ca1-b475-75f177b01b41	12	11070111	11088933	9	-1.2175
6d24df6e-4962-4ca1-b475-75f177b01b41	12	11099275	33141726	15446	-0.0048
6d24df6e-4962-4ca1-b475-75f177b01b41	12	33148472	33155453	29	-0.7848
6d24df6e-4962-4ca1-b475-75f177b01b41	12	33155525	128744341	58641	0
6d24df6e-4962-4ca1-b475-75f177b01b41	12	128745968	128748000	7	-1.5323
6d24df6e-4962-4ca1-b475-75f177b01b41	12	128749443	131648066	2476	0.0007
6d24df6e-4962-4ca1-b475-75f177b01b41	12	131648123	131648777	10	-0.8352
6d24df6e-4962-4ca1-b475-75f177b01b41	12	131648790	133201603	557	-0.015
6d24df6e-4962-4ca1-b475-75f177b01b41	13	18452809	19547319	530	0.0031
6d24df6e-4962-4ca1-b475-75f177b01b41	13	19549755	19549770	2	-1.6656
6d24df6e-4962-4ca1-b475-75f177b01b41	13	19550361	23055048	2307	-0.0057
6d24df6e-4962-4ca1-b475-75f177b01b41	13	23055071	23059376	13	-2.4767
6d24df6e-4962-4ca1-b475-75f177b01b41	13	23064056	37496998	10553	-0.0031
6d24df6e-4962-4ca1-b475-75f177b01b41	13	37497899	37510620	16	-2.8274
6d24df6e-4962-4ca1-b475-75f177b01b41	13	37514193	78137861	25842	0.0044
6d24df6e-4962-4ca1-b475-75f177b01b41	13	78140723	78140799	2	-2.9146
6d24df6e-4962-4ca1-b475-75f177b01b41	13	78141265	114342922	24504	-0.0001
6d24df6e-4962-4ca1-b475-75f177b01b41	14	18239283	18661510	19	-0.4323
6d24df6e-4962-4ca1-b475-75f177b01b41	14	18662134	19185165	19	0.656
6d24df6e-4962-4ca1-b475-75f177b01b41	14	19185951	19650668	22	-0.2138
6d24df6e-4962-4ca1-b475-75f177b01b41	14	19667065	19954424	106	0.3395
6d24df6e-4962-4ca1-b475-75f177b01b41	14	19955213	21660693	1119	0.0007
6d24df6e-4962-4ca1-b475-75f177b01b41	14	21660702	22453246	649	0.0972
6d24df6e-4962-4ca1-b475-75f177b01b41	14	22453377	28594399	3858	-0.0013
6d24df6e-4962-4ca1-b475-75f177b01b41	14	28594626	28594671	2	-2.3435
6d24df6e-4962-4ca1-b475-75f177b01b41	14	28598299	69547262	25638	0.0034
6d24df6e-4962-4ca1-b475-75f177b01b41	14	69551330	69556009	11	-0.9339
6d24df6e-4962-4ca1-b475-75f177b01b41	14	69556227	106340102	23384	-0.0021
6d24df6e-4962-4ca1-b475-75f177b01b41	14	106340305	106365807	10	0.8809
6d24df6e-4962-4ca1-b475-75f177b01b41	14	106369985	106877229	269	0.047
6d24df6e-4962-4ca1-b475-75f177b01b41	15	19811075	20190276	56	-0.0337
6d24df6e-4962-4ca1-b475-75f177b01b41	15	20206125	20373168	32	-0.5603
6d24df6e-4962-4ca1-b475-75f177b01b41	15	20376198	20376202	5	0.2342
6d24df6e-4962-4ca1-b475-75f177b01b41	15	20376309	20384907	15	-1.1733
6d24df6e-4962-4ca1-b475-75f177b01b41	15	20385137	22413894	101	-0.5393
6d24df6e-4962-4ca1-b475-75f177b01b41	15	22455811	24424598	986	-0.0007
6d24df6e-4962-4ca1-b475-75f177b01b41	15	24429604	24480146	35	-0.6707
6d24df6e-4962-4ca1-b475-75f177b01b41	15	24482084	30156392	3576	-0.0099
6d24df6e-4962-4ca1-b475-75f177b01b41	15	30157841	30515739	32	-0.4661
6d24df6e-4962-4ca1-b475-75f177b01b41	15	30595753	32283641	1057	0.0049
6d24df6e-4962-4ca1-b475-75f177b01b41	15	32285940	32610782	20	-0.7284
6d24df6e-4962-4ca1-b475-75f177b01b41	15	32612414	76586021	27802	-0.0002
6d24df6e-4962-4ca1-b475-75f177b01b41	15	76598900	76603434	22	0.8952
6d24df6e-4962-4ca1-b475-75f177b01b41	15	76609838	101928837	17519	-0.0003
6d24df6e-4962-4ca1-b475-75f177b01b41	16	10777	21352084	14318	0.0026
6d24df6e-4962-4ca1-b475-75f177b01b41	16	21352501	21582134	28	-0.4592
6d24df6e-4962-4ca1-b475-75f177b01b41	16	21582313	22430699	360	0.0099
6d24df6e-4962-4ca1-b475-75f177b01b41	16	22546611	22699421	73	-0.385
6d24df6e-4962-4ca1-b475-75f177b01b41	16	22701658	55001776	11332	-0.0035
6d24df6e-4962-4ca1-b475-75f177b01b41	16	55002047	55004287	3	-2.1742
6d24df6e-4962-4ca1-b475-75f177b01b41	16	55005081	55762682	688	0.0131
6d24df6e-4962-4ca1-b475-75f177b01b41	16	55764310	55764867	3	2.1745
6d24df6e-4962-4ca1-b475-75f177b01b41	16	55770436	90096867	24790	-0.0035
6d24df6e-4962-4ca1-b475-75f177b01b41	17	150733	83091923	44802	-0.0011
6d24df6e-4962-4ca1-b475-75f177b01b41	18	48133	66054343	40098	0.0025
6d24df6e-4962-4ca1-b475-75f177b01b41	18	66060256	66065571	15	-0.686
6d24df6e-4962-4ca1-b475-75f177b01b41	18	66065592	66239629	144	0.0215
6d24df6e-4962-4ca1-b475-75f177b01b41	18	66240197	66244352	10	-0.9943
6d24df6e-4962-4ca1-b475-75f177b01b41	18	66244639	80257174	10217	0.0127
6d24df6e-4962-4ca1-b475-75f177b01b41	19	90910	37850859	17855	0.0018
6d24df6e-4962-4ca1-b475-75f177b01b41	19	37853484	37853577	2	-2.958
6d24df6e-4962-4ca1-b475-75f177b01b41	19	37855094	51626613	6777	-0.0028
6d24df6e-4962-4ca1-b475-75f177b01b41	19	51627084	51654016	22	-0.4573
6d24df6e-4962-4ca1-b475-75f177b01b41	19	51654162	58586487	4308	0.0042
6d24df6e-4962-4ca1-b475-75f177b01b41	20	80664	80671	7	-0.8419
6d24df6e-4962-4ca1-b475-75f177b01b41	20	80907	1580353	1188	0.0088
6d24df6e-4962-4ca1-b475-75f177b01b41	20	1580934	1613247	40	-1.2632
6d24df6e-4962-4ca1-b475-75f177b01b41	20	1617300	23877791	17246	-0.0022
6d24df6e-4962-4ca1-b475-75f177b01b41	20	23877977	23878085	2	-2.1112
6d24df6e-4962-4ca1-b475-75f177b01b41	20	23878751	45719923	10346	0.002
6d24df6e-4962-4ca1-b475-75f177b01b41	20	45721734	45749572	26	-0.9956
6d24df6e-4962-4ca1-b475-75f177b01b41	20	45752208	63107034	12837	-0.0008
6d24df6e-4962-4ca1-b475-75f177b01b41	20	63107240	64324800	465	-0.1066
6d24df6e-4962-4ca1-b475-75f177b01b41	21	10354168	13160229	109	-0.2511
6d24df6e-4962-4ca1-b475-75f177b01b41	21	13166157	46677045	23598	0.0003
6d24df6e-4962-4ca1-b475-75f177b01b41	22	15294547	15825930	35	0.0243
6d24df6e-4962-4ca1-b475-75f177b01b41	22	15869820	16982299	246	0.6039
6d24df6e-4962-4ca1-b475-75f177b01b41	22	16983056	18138194	821	-0.0094
6d24df6e-4962-4ca1-b475-75f177b01b41	22	18141598	18142004	2	1.2841
6d24df6e-4962-4ca1-b475-75f177b01b41	22	18143362	18146386	8	-1.1557
6d24df6e-4962-4ca1-b475-75f177b01b41	22	18147293	50796027	22033	-0.0092
6d24df6e-4962-4ca1-b475-75f177b01b41	X	251810	147277033	76965	-0.0035
6d24df6e-4962-4ca1-b475-75f177b01b41	X	147279480	147280837	4	-2.3908
6d24df6e-4962-4ca1-b475-75f177b01b41	X	147282109	152337437	3222	-0.0085
6d24df6e-4962-4ca1-b475-75f177b01b41	X	152342526	152348153	3	-1.9836
6d24df6e-4962-4ca1-b475-75f177b01b41	X	152348845	155952689	1500	-0.0035
6d24df6e-4962-4ca1-b475-75f177b01b41	Y	2782397	13478396	3246	-0.8423
6d24df6e-4962-4ca1-b475-75f177b01b41	Y	13478462	13491197	8	0.446
6d24df6e-4962-4ca1-b475-75f177b01b41	Y	13492145	56872112	3350	-0.807
