GDC_Aliquot	Chromosome	Start	End	Num_Probes	Segment_Mean
9c839e09-29c2-4787-a0e8-e6cce17039a2	1	62920	16785682	8699	0.0093
9c839e09-29c2-4787-a0e8-e6cce17039a2	1	16787932	16955930	61	-0.4753
9c839e09-29c2-4787-a0e8-e6cce17039a2	1	16956580	25256850	5257	0.0005
9c839e09-29c2-4787-a0e8-e6cce17039a2	1	25266637	25320455	24	0.578
9c839e09-29c2-4787-a0e8-e6cce17039a2	1	25336819	72303233	28733	0.0112
9c839e09-29c2-4787-a0e8-e6cce17039a2	1	72303253	72345393	42	1.9462
9c839e09-29c2-4787-a0e8-e6cce17039a2	1	72345465	105470754	20952	0.0107
9c839e09-29c2-4787-a0e8-e6cce17039a2	1	105476583	105479753	17	0.7325
9c839e09-29c2-4787-a0e8-e6cce17039a2	1	105481433	152582700	12219	0.0158
9c839e09-29c2-4787-a0e8-e6cce17039a2	1	152583051	152614100	35	0.4425
9c839e09-29c2-4787-a0e8-e6cce17039a2	1	152614118	152789447	169	0.0693
9c839e09-29c2-4787-a0e8-e6cce17039a2	1	152789463	152796224	36	0.7171
9c839e09-29c2-4787-a0e8-e6cce17039a2	1	152801429	196758720	29470	0.0195
9c839e09-29c2-4787-a0e8-e6cce17039a2	1	196761905	196832525	56	-0.3467
9c839e09-29c2-4787-a0e8-e6cce17039a2	1	196832720	217536548	14178	0.0139
9c839e09-29c2-4787-a0e8-e6cce17039a2	1	217537191	217537218	2	-2.6584
9c839e09-29c2-4787-a0e8-e6cce17039a2	1	217546221	248585893	21473	0.012
9c839e09-29c2-4787-a0e8-e6cce17039a2	1	248585918	248633912	31	-0.5241
9c839e09-29c2-4787-a0e8-e6cce17039a2	1	248645563	248930189	141	0.0626
9c839e09-29c2-4787-a0e8-e6cce17039a2	2	12784	14563570	11039	0.0154
9c839e09-29c2-4787-a0e8-e6cce17039a2	2	14564825	14569968	12	-0.8954
9c839e09-29c2-4787-a0e8-e6cce17039a2	2	14570240	34474248	13037	0.0131
9c839e09-29c2-4787-a0e8-e6cce17039a2	2	34476327	34476668	5	-2.8809
9c839e09-29c2-4787-a0e8-e6cce17039a2	2	34483565	34492841	23	-1.4598
9c839e09-29c2-4787-a0e8-e6cce17039a2	2	34492907	34511990	17	-2.5965
9c839e09-29c2-4787-a0e8-e6cce17039a2	2	34512096	146104517	66294	0.0162
9c839e09-29c2-4787-a0e8-e6cce17039a2	2	146106836	146109366	24	-1.8731
9c839e09-29c2-4787-a0e8-e6cce17039a2	2	146120238	155831344	5915	0.0085
9c839e09-29c2-4787-a0e8-e6cce17039a2	2	155832461	155839588	4	-1.8994
9c839e09-29c2-4787-a0e8-e6cce17039a2	2	155839624	184688889	17940	0.0056
9c839e09-29c2-4787-a0e8-e6cce17039a2	2	184690554	184690720	2	-2.3687
9c839e09-29c2-4787-a0e8-e6cce17039a2	2	184691344	185174746	235	-0.0149
9c839e09-29c2-4787-a0e8-e6cce17039a2	2	185175384	185177882	2	-2.6193
9c839e09-29c2-4787-a0e8-e6cce17039a2	2	185178166	242147305	34959	0.0108
9c839e09-29c2-4787-a0e8-e6cce17039a2	3	20930	6604856	5815	0.0407
9c839e09-29c2-4787-a0e8-e6cce17039a2	3	6609441	6611645	23	-0.7559
9c839e09-29c2-4787-a0e8-e6cce17039a2	3	6613391	130044855	76609	0.0145
9c839e09-29c2-4787-a0e8-e6cce17039a2	3	130047743	130087393	37	-1.6403
9c839e09-29c2-4787-a0e8-e6cce17039a2	3	130088081	136300257	4027	0.0099
9c839e09-29c2-4787-a0e8-e6cce17039a2	3	136304109	136306584	2	-2.8307
9c839e09-29c2-4787-a0e8-e6cce17039a2	3	136319699	149245189	7873	0.0154
9c839e09-29c2-4787-a0e8-e6cce17039a2	3	149245608	149250334	25	-0.8125
9c839e09-29c2-4787-a0e8-e6cce17039a2	3	149253293	198169247	30285	0.017
9c839e09-29c2-4787-a0e8-e6cce17039a2	4	68929	9455251	5158	0.0032
9c839e09-29c2-4787-a0e8-e6cce17039a2	4	9459504	9477699	6	1.5984
9c839e09-29c2-4787-a0e8-e6cce17039a2	4	9484440	10221792	542	-0.0035
9c839e09-29c2-4787-a0e8-e6cce17039a2	4	10222004	10229874	27	-2.2665
9c839e09-29c2-4787-a0e8-e6cce17039a2	4	10232590	64958440	34271	0.0175
9c839e09-29c2-4787-a0e8-e6cce17039a2	4	64958534	64958552	2	-2.4175
9c839e09-29c2-4787-a0e8-e6cce17039a2	4	64958595	65062680	97	0.0523
9c839e09-29c2-4787-a0e8-e6cce17039a2	4	65062779	65063741	2	-1.8577
9c839e09-29c2-4787-a0e8-e6cce17039a2	4	65067051	68395346	2087	0.0365
9c839e09-29c2-4787-a0e8-e6cce17039a2	4	68416487	68422424	5	-1.2314
9c839e09-29c2-4787-a0e8-e6cce17039a2	4	68429081	68506285	12	0.227
9c839e09-29c2-4787-a0e8-e6cce17039a2	4	68509223	68616004	60	0.6986
9c839e09-29c2-4787-a0e8-e6cce17039a2	4	68618331	108464432	24113	0.0101
9c839e09-29c2-4787-a0e8-e6cce17039a2	4	108466650	108467479	2	-3.7324
9c839e09-29c2-4787-a0e8-e6cce17039a2	4	108482941	151870485	25687	0.0145
9c839e09-29c2-4787-a0e8-e6cce17039a2	4	151870502	151871739	11	-1.0685
9c839e09-29c2-4787-a0e8-e6cce17039a2	4	151873644	190106768	25057	0.0234
9c839e09-29c2-4787-a0e8-e6cce17039a2	5	15532	181363319	112860	0.0151
9c839e09-29c2-4787-a0e8-e6cce17039a2	6	149661	29868964	21652	0.0115
9c839e09-29c2-4787-a0e8-e6cce17039a2	6	29869295	29882603	21	-0.5871
9c839e09-29c2-4787-a0e8-e6cce17039a2	6	29903859	30317628	203	0.0196
9c839e09-29c2-4787-a0e8-e6cce17039a2	6	30318178	30333823	3	-1.0297
9c839e09-29c2-4787-a0e8-e6cce17039a2	6	30338529	31313046	451	-0.0268
9c839e09-29c2-4787-a0e8-e6cce17039a2	6	31318499	31328674	11	-1.8519
9c839e09-29c2-4787-a0e8-e6cce17039a2	6	31342147	32523527	511	0.0306
9c839e09-29c2-4787-a0e8-e6cce17039a2	6	32525068	32576532	17	-0.8062
9c839e09-29c2-4787-a0e8-e6cce17039a2	6	32593518	32656527	30	-0.0274
9c839e09-29c2-4787-a0e8-e6cce17039a2	6	32656814	32658841	5	-1.7873
9c839e09-29c2-4787-a0e8-e6cce17039a2	6	32682835	103286950	42447	0.018
9c839e09-29c2-4787-a0e8-e6cce17039a2	6	103286954	103314186	46	0.776
9c839e09-29c2-4787-a0e8-e6cce17039a2	6	103317795	170741917	44169	0.0121
9c839e09-29c2-4787-a0e8-e6cce17039a2	7	43355	70955452	44606	0.0188
9c839e09-29c2-4787-a0e8-e6cce17039a2	7	70958264	70961155	2	-2.8762
9c839e09-29c2-4787-a0e8-e6cce17039a2	7	70963257	159334314	53214	0.0164
9c839e09-29c2-4787-a0e8-e6cce17039a2	8	81254	643041	322	-0.013
9c839e09-29c2-4787-a0e8-e6cce17039a2	8	644944	645875	8	1.0051
9c839e09-29c2-4787-a0e8-e6cce17039a2	8	645892	645908	2	4.7549
9c839e09-29c2-4787-a0e8-e6cce17039a2	8	656117	145072769	95175	0.0158
9c839e09-29c2-4787-a0e8-e6cce17039a2	9	46587	11246946	10689	0.0315
9c839e09-29c2-4787-a0e8-e6cce17039a2	9	11247136	12526333	990	0.1249
9c839e09-29c2-4787-a0e8-e6cce17039a2	9	12527414	14093847	1243	0.0286
9c839e09-29c2-4787-a0e8-e6cce17039a2	9	14094939	14098779	2	-2.0852
9c839e09-29c2-4787-a0e8-e6cce17039a2	9	14100317	22492890	6919	0.0094
9c839e09-29c2-4787-a0e8-e6cce17039a2	9	22501914	22502700	2	-3.8238
9c839e09-29c2-4787-a0e8-e6cce17039a2	9	22509341	27893411	3964	0.0165
9c839e09-29c2-4787-a0e8-e6cce17039a2	9	27896350	30702069	2067	0.0752
9c839e09-29c2-4787-a0e8-e6cce17039a2	9	30705382	40832327	5323	0.0219
9c839e09-29c2-4787-a0e8-e6cce17039a2	9	40887290	41569588	62	-0.2328
9c839e09-29c2-4787-a0e8-e6cce17039a2	9	41569590	42202227	46	-0.6942
9c839e09-29c2-4787-a0e8-e6cce17039a2	9	42211663	61405110	70	-0.0754
9c839e09-29c2-4787-a0e8-e6cce17039a2	9	61520021	61647899	30	-1.2282
9c839e09-29c2-4787-a0e8-e6cce17039a2	9	61665362	66880844	139	0.0083
9c839e09-29c2-4787-a0e8-e6cce17039a2	9	66881239	66883464	2	1.7473
9c839e09-29c2-4787-a0e8-e6cce17039a2	9	66901326	72765790	3345	0.0076
9c839e09-29c2-4787-a0e8-e6cce17039a2	9	72767809	72769671	3	-2.1339
9c839e09-29c2-4787-a0e8-e6cce17039a2	9	72769858	113909447	29159	0.011
9c839e09-29c2-4787-a0e8-e6cce17039a2	9	113910158	113910747	2	-2.0396
9c839e09-29c2-4787-a0e8-e6cce17039a2	9	113916601	130848110	11471	0.0066
9c839e09-29c2-4787-a0e8-e6cce17039a2	9	130849027	130849431	2	-3.3292
9c839e09-29c2-4787-a0e8-e6cce17039a2	9	130850128	138200944	3969	0.0164
9c839e09-29c2-4787-a0e8-e6cce17039a2	10	45792	24083828	19194	0.0091
9c839e09-29c2-4787-a0e8-e6cce17039a2	10	24086334	24089125	12	-1.9758
9c839e09-29c2-4787-a0e8-e6cce17039a2	10	24089979	26071156	1401	0.0132
9c839e09-29c2-4787-a0e8-e6cce17039a2	10	26072757	26074506	2	-1.4649
9c839e09-29c2-4787-a0e8-e6cce17039a2	10	26083653	27057233	666	-0.0063
9c839e09-29c2-4787-a0e8-e6cce17039a2	10	27058545	27059494	2	-2.4943
9c839e09-29c2-4787-a0e8-e6cce17039a2	10	27060633	30957581	2945	0.0085
9c839e09-29c2-4787-a0e8-e6cce17039a2	10	30962405	30964900	23	0.4304
9c839e09-29c2-4787-a0e8-e6cce17039a2	10	30965255	46146395	7253	0.009
9c839e09-29c2-4787-a0e8-e6cce17039a2	10	46146453	46446814	173	0.8997
9c839e09-29c2-4787-a0e8-e6cce17039a2	10	46446817	46526280	19	0.0914
9c839e09-29c2-4787-a0e8-e6cce17039a2	10	46526920	46792344	37	0.3952
9c839e09-29c2-4787-a0e8-e6cce17039a2	10	46804606	47369613	256	0.0343
9c839e09-29c2-4787-a0e8-e6cce17039a2	10	47371277	47385686	12	-1.1135
9c839e09-29c2-4787-a0e8-e6cce17039a2	10	47389005	54685856	4895	0.0155
9c839e09-29c2-4787-a0e8-e6cce17039a2	10	54693189	54708677	13	0.8093
9c839e09-29c2-4787-a0e8-e6cce17039a2	10	54712504	55156877	292	0.0348
9c839e09-29c2-4787-a0e8-e6cce17039a2	10	55156996	55423905	171	0.155
9c839e09-29c2-4787-a0e8-e6cce17039a2	10	55424059	55430389	2	-1.6589
9c839e09-29c2-4787-a0e8-e6cce17039a2	10	55436844	56035909	429	0.1079
9c839e09-29c2-4787-a0e8-e6cce17039a2	10	56037638	65548259	6626	0.0107
9c839e09-29c2-4787-a0e8-e6cce17039a2	10	65548272	65554688	24	-0.5354
9c839e09-29c2-4787-a0e8-e6cce17039a2	10	65563037	89178916	15817	0.0157
9c839e09-29c2-4787-a0e8-e6cce17039a2	10	89183210	89190337	13	-0.9694
9c839e09-29c2-4787-a0e8-e6cce17039a2	10	89190649	130455378	28373	0.0049
9c839e09-29c2-4787-a0e8-e6cce17039a2	10	130455610	132343535	1437	0.0792
9c839e09-29c2-4787-a0e8-e6cce17039a2	10	132344121	133654968	573	0.0157
9c839e09-29c2-4787-a0e8-e6cce17039a2	11	198510	5766175	3234	0.0189
9c839e09-29c2-4787-a0e8-e6cce17039a2	11	5766850	5791130	35	-0.5527
9c839e09-29c2-4787-a0e8-e6cce17039a2	11	5794956	7002310	891	0.0139
9c839e09-29c2-4787-a0e8-e6cce17039a2	11	7004042	7011072	3	-2.0249
9c839e09-29c2-4787-a0e8-e6cce17039a2	11	7011341	18919323	8508	0.0085
9c839e09-29c2-4787-a0e8-e6cce17039a2	11	18927525	18930146	14	1.0358
9c839e09-29c2-4787-a0e8-e6cce17039a2	11	18930384	18938568	19	1.4103
9c839e09-29c2-4787-a0e8-e6cce17039a2	11	18939550	18940441	12	0.8888
9c839e09-29c2-4787-a0e8-e6cce17039a2	11	18940469	25691342	5343	0.0245
9c839e09-29c2-4787-a0e8-e6cce17039a2	11	25691359	25691455	2	-2.5295
9c839e09-29c2-4787-a0e8-e6cce17039a2	11	25691665	54743970	16125	0.0161
9c839e09-29c2-4787-a0e8-e6cce17039a2	11	54762035	54766290	3	-2.0332
9c839e09-29c2-4787-a0e8-e6cce17039a2	11	54782119	55595864	285	0.0272
9c839e09-29c2-4787-a0e8-e6cce17039a2	11	55606556	55685533	59	-2.0389
9c839e09-29c2-4787-a0e8-e6cce17039a2	11	55686100	83957139	15993	0.0185
9c839e09-29c2-4787-a0e8-e6cce17039a2	11	83957142	83959277	2	-2.8915
9c839e09-29c2-4787-a0e8-e6cce17039a2	11	83959282	107359993	16362	0.0177
9c839e09-29c2-4787-a0e8-e6cce17039a2	11	107367930	107368402	7	-1.3608
9c839e09-29c2-4787-a0e8-e6cce17039a2	11	107381636	135074876	19925	0.0137
9c839e09-29c2-4787-a0e8-e6cce17039a2	12	51460	2126723	1266	0.0331
9c839e09-29c2-4787-a0e8-e6cce17039a2	12	2136696	2148754	41	-0.7013
9c839e09-29c2-4787-a0e8-e6cce17039a2	12	2148857	9481274	4867	0.0072
9c839e09-29c2-4787-a0e8-e6cce17039a2	12	9485313	9562969	22	-1.7517
9c839e09-29c2-4787-a0e8-e6cce17039a2	12	9575696	45510655	22203	0.0216
9c839e09-29c2-4787-a0e8-e6cce17039a2	12	45512057	45514957	2	-3.6641
9c839e09-29c2-4787-a0e8-e6cce17039a2	12	45515754	133201603	56441	0.0138
9c839e09-29c2-4787-a0e8-e6cce17039a2	13	18452809	114342922	64150	0.0179
9c839e09-29c2-4787-a0e8-e6cce17039a2	14	18239283	19650668	60	-0.0915
9c839e09-29c2-4787-a0e8-e6cce17039a2	14	19667065	19954424	106	0.2221
9c839e09-29c2-4787-a0e8-e6cce17039a2	14	19955213	21831825	1244	0.0108
9c839e09-29c2-4787-a0e8-e6cce17039a2	14	21832224	22530451	635	0.198
9c839e09-29c2-4787-a0e8-e6cce17039a2	14	22530607	106877229	53355	0.014
9c839e09-29c2-4787-a0e8-e6cce17039a2	15	19811075	20026653	47	-0.0519
9c839e09-29c2-4787-a0e8-e6cce17039a2	15	20041119	20376311	48	0.4413
9c839e09-29c2-4787-a0e8-e6cce17039a2	15	20380735	20381704	10	1.0221
9c839e09-29c2-4787-a0e8-e6cce17039a2	15	20384774	20986779	49	0.4775
9c839e09-29c2-4787-a0e8-e6cce17039a2	15	20986997	21262847	14	-0.2896
9c839e09-29c2-4787-a0e8-e6cce17039a2	15	21266108	22385639	39	0.6985
9c839e09-29c2-4787-a0e8-e6cce17039a2	15	22395047	30231102	4634	0.0354
9c839e09-29c2-4787-a0e8-e6cce17039a2	15	30252720	30269364	5	-1.253
9c839e09-29c2-4787-a0e8-e6cce17039a2	15	30281107	54490993	15032	0.0176
9c839e09-29c2-4787-a0e8-e6cce17039a2	15	54492834	54494727	2	-3.2533
9c839e09-29c2-4787-a0e8-e6cce17039a2	15	54495160	76598900	14036	0.006
9c839e09-29c2-4787-a0e8-e6cce17039a2	15	76599170	76603434	21	0.7414
9c839e09-29c2-4787-a0e8-e6cce17039a2	15	76609838	101928837	17613	0.0125
9c839e09-29c2-4787-a0e8-e6cce17039a2	16	10777	78337711	41230	0.0159
9c839e09-29c2-4787-a0e8-e6cce17039a2	16	78338543	78350841	16	1.0844
9c839e09-29c2-4787-a0e8-e6cce17039a2	16	78350868	90096867	10621	0.0232
9c839e09-29c2-4787-a0e8-e6cce17039a2	17	150733	36109139	18254	0.0189
9c839e09-29c2-4787-a0e8-e6cce17039a2	17	36109315	36460442	39	0.8663
9c839e09-29c2-4787-a0e8-e6cce17039a2	17	36463349	83091923	26741	0.0115
9c839e09-29c2-4787-a0e8-e6cce17039a2	18	48133	697273	501	0.0572
9c839e09-29c2-4787-a0e8-e6cce17039a2	18	697314	700153	2	-2.3927
9c839e09-29c2-4787-a0e8-e6cce17039a2	18	700171	58263318	34207	0.0163
9c839e09-29c2-4787-a0e8-e6cce17039a2	18	58263630	58268730	23	-0.7842
9c839e09-29c2-4787-a0e8-e6cce17039a2	18	58271707	71374796	9402	0.0174
9c839e09-29c2-4787-a0e8-e6cce17039a2	18	71375365	73581286	1743	0.1156
9c839e09-29c2-4787-a0e8-e6cce17039a2	18	73581381	80257174	4866	0.02
9c839e09-29c2-4787-a0e8-e6cce17039a2	19	90910	58586487	29105	0.015
9c839e09-29c2-4787-a0e8-e6cce17039a2	20	80664	1580353	1204	0.0231
9c839e09-29c2-4787-a0e8-e6cce17039a2	20	1580934	1613247	41	-0.8716
9c839e09-29c2-4787-a0e8-e6cce17039a2	20	1617300	64324800	41130	0.0177
9c839e09-29c2-4787-a0e8-e6cce17039a2	21	10354168	46677045	23860	0.021
9c839e09-29c2-4787-a0e8-e6cce17039a2	22	15294547	30776517	9452	0.0272
9c839e09-29c2-4787-a0e8-e6cce17039a2	22	30776755	30777875	2	-2.7947
9c839e09-29c2-4787-a0e8-e6cce17039a2	22	30784151	36942364	4700	0.0097
9c839e09-29c2-4787-a0e8-e6cce17039a2	22	36943022	36948392	3	-1.9374
9c839e09-29c2-4787-a0e8-e6cce17039a2	22	36949562	38894915	1031	-0.0018
9c839e09-29c2-4787-a0e8-e6cce17039a2	22	38899250	38900899	3	-3.0731
9c839e09-29c2-4787-a0e8-e6cce17039a2	22	38903109	46259171	4578	0.0165
9c839e09-29c2-4787-a0e8-e6cce17039a2	22	46259915	46259954	3	-1.6539
9c839e09-29c2-4787-a0e8-e6cce17039a2	22	46260665	50796027	3492	0.0322
9c839e09-29c2-4787-a0e8-e6cce17039a2	X	251810	33648968	20943	0.0149
9c839e09-29c2-4787-a0e8-e6cce17039a2	X	33651066	33652061	2	-4.5589
9c839e09-29c2-4787-a0e8-e6cce17039a2	X	33652973	50772588	9127	0.0064
9c839e09-29c2-4787-a0e8-e6cce17039a2	X	50772693	50774301	2	-3.4767
9c839e09-29c2-4787-a0e8-e6cce17039a2	X	50774547	115140441	29634	0.0139
9c839e09-29c2-4787-a0e8-e6cce17039a2	X	115152587	115152636	2	-3.298
9c839e09-29c2-4787-a0e8-e6cce17039a2	X	115153393	116940352	934	-0.0054
9c839e09-29c2-4787-a0e8-e6cce17039a2	X	116941831	116970899	14	0.9887
9c839e09-29c2-4787-a0e8-e6cce17039a2	X	116975018	117056105	60	-0.0649
9c839e09-29c2-4787-a0e8-e6cce17039a2	X	117056703	117057069	2	-3.9956
9c839e09-29c2-4787-a0e8-e6cce17039a2	X	117057721	155952689	22824	0.0107
9c839e09-29c2-4787-a0e8-e6cce17039a2	Y	2782397	56872112	6636	-0.9029
