GDC_Aliquot	Chromosome	Start	End	Num_Probes	Segment_Mean
351683ce-0cb9-4184-9c54-94c12787c959	1	62920	1696979	212	0.0049
351683ce-0cb9-4184-9c54-94c12787c959	1	1710664	1741164	14	0.7302
351683ce-0cb9-4184-9c54-94c12787c959	1	1756148	2621387	284	-0.011
351683ce-0cb9-4184-9c54-94c12787c959	1	2622185	21825156	11502	-0.3587
351683ce-0cb9-4184-9c54-94c12787c959	1	21825701	21833764	3	-2.4173
351683ce-0cb9-4184-9c54-94c12787c959	1	21837671	28753159	3446	-0.353
351683ce-0cb9-4184-9c54-94c12787c959	1	28753654	34626073	3535	0.0926
351683ce-0cb9-4184-9c54-94c12787c959	1	34637053	34638890	20	-0.6383
351683ce-0cb9-4184-9c54-94c12787c959	1	34648667	37697715	1632	0.0867
351683ce-0cb9-4184-9c54-94c12787c959	1	37698520	38119209	185	0.3652
351683ce-0cb9-4184-9c54-94c12787c959	1	38121474	55070330	9584	0.0941
351683ce-0cb9-4184-9c54-94c12787c959	1	55071525	55071608	2	-1.7422
351683ce-0cb9-4184-9c54-94c12787c959	1	55073564	61647430	5068	0.1031
351683ce-0cb9-4184-9c54-94c12787c959	1	61648334	61652515	4	-1.0054
351683ce-0cb9-4184-9c54-94c12787c959	1	61654137	72302815	7300	0.0943
351683ce-0cb9-4184-9c54-94c12787c959	1	72303233	72345450	45	0.633
351683ce-0cb9-4184-9c54-94c12787c959	1	72345465	103613021	20025	0.0916
351683ce-0cb9-4184-9c54-94c12787c959	1	103613109	103717410	13	-0.7259
351683ce-0cb9-4184-9c54-94c12787c959	1	103717617	105476583	920	0.0929
351683ce-0cb9-4184-9c54-94c12787c959	1	105476614	105479753	16	1.2371
351683ce-0cb9-4184-9c54-94c12787c959	1	105481433	109684893	2638	0.0946
351683ce-0cb9-4184-9c54-94c12787c959	1	109690352	109702376	14	1.1486
351683ce-0cb9-4184-9c54-94c12787c959	1	109703504	112147704	1949	0.0976
351683ce-0cb9-4184-9c54-94c12787c959	1	112153343	112154768	25	-0.3551
351683ce-0cb9-4184-9c54-94c12787c959	1	112163334	120885464	5064	0.0911
351683ce-0cb9-4184-9c54-94c12787c959	1	120885477	120954128	2	1.7183
351683ce-0cb9-4184-9c54-94c12787c959	1	120954165	143494500	97	0.1511
351683ce-0cb9-4184-9c54-94c12787c959	1	143541857	143748012	96	-0.715
351683ce-0cb9-4184-9c54-94c12787c959	1	143748074	143760271	20	-0.0139
351683ce-0cb9-4184-9c54-94c12787c959	1	143762042	143927887	8	-0.6144
351683ce-0cb9-4184-9c54-94c12787c959	1	143928045	152789570	2524	0.0916
351683ce-0cb9-4184-9c54-94c12787c959	1	152789781	152796224	32	0.6126
351683ce-0cb9-4184-9c54-94c12787c959	1	152801429	189679027	24737	0.0884
351683ce-0cb9-4184-9c54-94c12787c959	1	189679353	189679397	2	-1.8719
351683ce-0cb9-4184-9c54-94c12787c959	1	189682917	196745743	4739	0.0867
351683ce-0cb9-4184-9c54-94c12787c959	1	196758720	196832720	58	0.5117
351683ce-0cb9-4184-9c54-94c12787c959	1	196843377	206050479	6042	0.09
351683ce-0cb9-4184-9c54-94c12787c959	1	206053799	206058126	3	1.0712
351683ce-0cb9-4184-9c54-94c12787c959	1	206061689	209897717	2744	0.0975
351683ce-0cb9-4184-9c54-94c12787c959	1	209908268	209908720	2	-1.7897
351683ce-0cb9-4184-9c54-94c12787c959	1	209910639	248930189	27026	0.0911
351683ce-0cb9-4184-9c54-94c12787c959	2	12784	14563570	11043	0.0784
351683ce-0cb9-4184-9c54-94c12787c959	2	14564825	14569968	12	-0.8357
351683ce-0cb9-4184-9c54-94c12787c959	2	14570240	17035808	1789	0.0788
351683ce-0cb9-4184-9c54-94c12787c959	2	17036583	17056601	47	0.2862
351683ce-0cb9-4184-9c54-94c12787c959	2	17056638	17207005	106	0.099
351683ce-0cb9-4184-9c54-94c12787c959	2	17214800	17214962	2	1.3508
351683ce-0cb9-4184-9c54-94c12787c959	2	17215281	34476327	11099	0.083
351683ce-0cb9-4184-9c54-94c12787c959	2	34476516	34511446	43	-0.3226
351683ce-0cb9-4184-9c54-94c12787c959	2	34511990	35742970	870	0.0931
351683ce-0cb9-4184-9c54-94c12787c959	2	35750907	35761842	6	1.0517
351683ce-0cb9-4184-9c54-94c12787c959	2	35762850	41011095	3930	0.0884
351683ce-0cb9-4184-9c54-94c12787c959	2	41011303	41376313	288	0.1752
351683ce-0cb9-4184-9c54-94c12787c959	2	41376534	52516787	7914	0.0762
351683ce-0cb9-4184-9c54-94c12787c959	2	52527330	52554404	40	0.4514
351683ce-0cb9-4184-9c54-94c12787c959	2	52560811	57176742	3358	0.0812
351683ce-0cb9-4184-9c54-94c12787c959	2	57178889	57179424	5	0.835
351683ce-0cb9-4184-9c54-94c12787c959	2	57179588	81719737	15690	0.0726
351683ce-0cb9-4184-9c54-94c12787c959	2	81722839	81723371	2	-1.8076
351683ce-0cb9-4184-9c54-94c12787c959	2	81726408	85105322	1906	0.0663
351683ce-0cb9-4184-9c54-94c12787c959	2	85105337	85106283	2	-1.5429
351683ce-0cb9-4184-9c54-94c12787c959	2	85106853	86710564	964	0.0686
351683ce-0cb9-4184-9c54-94c12787c959	2	86725947	86726731	2	-2.0097
351683ce-0cb9-4184-9c54-94c12787c959	2	86743283	97199676	1905	0.1088
351683ce-0cb9-4184-9c54-94c12787c959	2	97199856	97211436	12	0.6717
351683ce-0cb9-4184-9c54-94c12787c959	2	97310327	97359885	13	0.0822
351683ce-0cb9-4184-9c54-94c12787c959	2	97524284	97545247	8	-1.2306
351683ce-0cb9-4184-9c54-94c12787c959	2	97545726	106264257	5571	0.0712
351683ce-0cb9-4184-9c54-94c12787c959	2	106265083	106268901	10	-0.563
351683ce-0cb9-4184-9c54-94c12787c959	2	106270799	109072516	1704	0.0805
351683ce-0cb9-4184-9c54-94c12787c959	2	109075969	109078660	3	-0.9238
351683ce-0cb9-4184-9c54-94c12787c959	2	109078954	109373831	219	0.0821
351683ce-0cb9-4184-9c54-94c12787c959	2	109375752	109376808	3	-1.0648
351683ce-0cb9-4184-9c54-94c12787c959	2	109377115	113391483	1831	0.0702
351683ce-0cb9-4184-9c54-94c12787c959	2	113396067	113407832	7	-0.9308
351683ce-0cb9-4184-9c54-94c12787c959	2	113416081	122719438	5731	0.0828
351683ce-0cb9-4184-9c54-94c12787c959	2	122722323	122724665	8	-0.8201
351683ce-0cb9-4184-9c54-94c12787c959	2	122726077	194755786	43721	0.072
351683ce-0cb9-4184-9c54-94c12787c959	2	194758953	195355833	358	0.1787
351683ce-0cb9-4184-9c54-94c12787c959	2	195357235	197200600	1091	0.0533
351683ce-0cb9-4184-9c54-94c12787c959	2	197200839	197200857	2	-1.1869
351683ce-0cb9-4184-9c54-94c12787c959	2	197201280	202830542	3186	0.0747
351683ce-0cb9-4184-9c54-94c12787c959	2	202834036	239406519	23609	0.0378
351683ce-0cb9-4184-9c54-94c12787c959	2	239407952	239411399	3	-1.0466
351683ce-0cb9-4184-9c54-94c12787c959	2	239415788	239421896	7	0.1446
351683ce-0cb9-4184-9c54-94c12787c959	2	239427277	239427983	3	-0.9856
351683ce-0cb9-4184-9c54-94c12787c959	2	239428763	242147305	1450	0.0344
351683ce-0cb9-4184-9c54-94c12787c959	3	20930	171308	140	-0.3567
351683ce-0cb9-4184-9c54-94c12787c959	3	171574	2203138	1791	-0.2781
351683ce-0cb9-4184-9c54-94c12787c959	3	2204373	46790347	31276	-0.3506
351683ce-0cb9-4184-9c54-94c12787c959	3	46790471	46790486	2	-2.2356
351683ce-0cb9-4184-9c54-94c12787c959	3	46790521	68697013	14581	-0.3468
351683ce-0cb9-4184-9c54-94c12787c959	3	68697108	68697861	9	1.3824
351683ce-0cb9-4184-9c54-94c12787c959	3	68698092	68698262	5	2.25
351683ce-0cb9-4184-9c54-94c12787c959	3	68699607	75519398	4928	-0.357
351683ce-0cb9-4184-9c54-94c12787c959	3	75523398	75537654	6	-2.1967
351683ce-0cb9-4184-9c54-94c12787c959	3	75546030	91390926	8128	-0.3448
351683ce-0cb9-4184-9c54-94c12787c959	3	91462299	99215668	2844	0.0866
351683ce-0cb9-4184-9c54-94c12787c959	3	99215760	99230577	42	0.5219
351683ce-0cb9-4184-9c54-94c12787c959	3	99232120	130044855	18709	0.0857
351683ce-0cb9-4184-9c54-94c12787c959	3	130047743	130087393	37	-1.5318
351683ce-0cb9-4184-9c54-94c12787c959	3	130088081	130412340	201	0.0689
351683ce-0cb9-4184-9c54-94c12787c959	3	130413358	130413787	3	-0.8724
351683ce-0cb9-4184-9c54-94c12787c959	3	130415719	136260856	3812	0.0869
351683ce-0cb9-4184-9c54-94c12787c959	3	136263793	136322050	15	0.4888
351683ce-0cb9-4184-9c54-94c12787c959	3	136328347	146661402	6360	0.0912
351683ce-0cb9-4184-9c54-94c12787c959	3	146665207	147765764	588	0.1663
351683ce-0cb9-4184-9c54-94c12787c959	3	147765947	162790480	9291	0.0861
351683ce-0cb9-4184-9c54-94c12787c959	3	162794869	162908207	70	0.8596
351683ce-0cb9-4184-9c54-94c12787c959	3	162908784	169012392	3443	0.0962
351683ce-0cb9-4184-9c54-94c12787c959	3	169015614	169020840	2	-2.1441
351683ce-0cb9-4184-9c54-94c12787c959	3	169022039	169631156	466	0.0844
351683ce-0cb9-4184-9c54-94c12787c959	3	169632074	169632816	2	1.2418
351683ce-0cb9-4184-9c54-94c12787c959	3	169634670	173457833	2390	0.0743
351683ce-0cb9-4184-9c54-94c12787c959	3	173458586	173522845	58	0.2708
351683ce-0cb9-4184-9c54-94c12787c959	3	173529689	173571890	23	0.7989
351683ce-0cb9-4184-9c54-94c12787c959	3	173582403	173742842	132	0.1114
351683ce-0cb9-4184-9c54-94c12787c959	3	173743395	173851126	79	0.2431
351683ce-0cb9-4184-9c54-94c12787c959	3	173856612	175353523	1046	0.0836
351683ce-0cb9-4184-9c54-94c12787c959	3	175353878	176211327	564	0.1644
351683ce-0cb9-4184-9c54-94c12787c959	3	176211495	195685341	12481	0.0859
351683ce-0cb9-4184-9c54-94c12787c959	3	195691392	195715711	16	-0.3055
351683ce-0cb9-4184-9c54-94c12787c959	3	195719726	195963975	104	-0.0152
351683ce-0cb9-4184-9c54-94c12787c959	3	195973611	195991894	6	-0.3865
351683ce-0cb9-4184-9c54-94c12787c959	3	195998433	198106673	1040	0.0896
351683ce-0cb9-4184-9c54-94c12787c959	3	198106848	198106887	3	-0.8508
351683ce-0cb9-4184-9c54-94c12787c959	3	198106927	198169247	36	0.2291
351683ce-0cb9-4184-9c54-94c12787c959	4	68929	10208766	5700	-0.3679
351683ce-0cb9-4184-9c54-94c12787c959	4	10212536	10229874	29	-0.797
351683ce-0cb9-4184-9c54-94c12787c959	4	10232590	34784878	16980	-0.3528
351683ce-0cb9-4184-9c54-94c12787c959	4	34785333	34823103	37	0.4493
351683ce-0cb9-4184-9c54-94c12787c959	4	34828250	48213630	8561	-0.3502
351683ce-0cb9-4184-9c54-94c12787c959	4	48218398	49113964	403	0.1694
351683ce-0cb9-4184-9c54-94c12787c959	4	49141246	57136991	3528	0.0824
351683ce-0cb9-4184-9c54-94c12787c959	4	57139619	57183027	35	0.1995
351683ce-0cb9-4184-9c54-94c12787c959	4	57185482	57234405	40	0.698
351683ce-0cb9-4184-9c54-94c12787c959	4	57236258	62802116	3428	0.0937
351683ce-0cb9-4184-9c54-94c12787c959	4	62804218	62805944	8	-1.9207
351683ce-0cb9-4184-9c54-94c12787c959	4	62813912	63826341	554	0.0877
351683ce-0cb9-4184-9c54-94c12787c959	4	63827261	63842540	30	-0.2877
351683ce-0cb9-4184-9c54-94c12787c959	4	63850713	68378716	2849	0.0882
351683ce-0cb9-4184-9c54-94c12787c959	4	68389352	68391041	2	-2.1704
351683ce-0cb9-4184-9c54-94c12787c959	4	68394355	68478894	17	0.1789
351683ce-0cb9-4184-9c54-94c12787c959	4	68494770	68620261	68	-0.3795
351683ce-0cb9-4184-9c54-94c12787c959	4	68623617	69257792	315	0.1604
351683ce-0cb9-4184-9c54-94c12787c959	4	69261926	69366081	54	-0.6782
351683ce-0cb9-4184-9c54-94c12787c959	4	69366304	160952454	55318	0.0852
351683ce-0cb9-4184-9c54-94c12787c959	4	160952506	160963432	28	0.4686
351683ce-0cb9-4184-9c54-94c12787c959	4	160963448	171455823	6674	0.0897
351683ce-0cb9-4184-9c54-94c12787c959	4	171456106	171456293	4	-1.2347
351683ce-0cb9-4184-9c54-94c12787c959	4	171456307	178430221	4274	0.0865
351683ce-0cb9-4184-9c54-94c12787c959	4	178430383	178728371	228	0.2243
351683ce-0cb9-4184-9c54-94c12787c959	4	178729591	189267889	7639	0.1009
351683ce-0cb9-4184-9c54-94c12787c959	4	189273964	189278110	4	-2.6919
351683ce-0cb9-4184-9c54-94c12787c959	4	189278617	190036988	345	0.1136
351683ce-0cb9-4184-9c54-94c12787c959	4	190046094	190106768	5	-0.4381
351683ce-0cb9-4184-9c54-94c12787c959	5	15532	231650	116	0.1112
351683ce-0cb9-4184-9c54-94c12787c959	5	232609	1639786	635	0.0319
351683ce-0cb9-4184-9c54-94c12787c959	5	1641700	8766408	6254	0.1286
351683ce-0cb9-4184-9c54-94c12787c959	5	8767865	8767932	2	-1.3671
351683ce-0cb9-4184-9c54-94c12787c959	5	8768417	21449167	8712	0.1217
351683ce-0cb9-4184-9c54-94c12787c959	5	21451091	21451889	4	-2.0415
351683ce-0cb9-4184-9c54-94c12787c959	5	21452329	45383300	14677	0.1148
351683ce-0cb9-4184-9c54-94c12787c959	5	45390579	50500824	427	0.2411
351683ce-0cb9-4184-9c54-94c12787c959	5	50507910	58030200	4936	0.1096
351683ce-0cb9-4184-9c54-94c12787c959	5	58030336	58037706	31	-0.3511
351683ce-0cb9-4184-9c54-94c12787c959	5	58042530	63270709	3435	0.1089
351683ce-0cb9-4184-9c54-94c12787c959	5	63271359	63913117	371	0.1976
351683ce-0cb9-4184-9c54-94c12787c959	5	63915782	69571467	3493	0.1023
351683ce-0cb9-4184-9c54-94c12787c959	5	69779150	69822308	4	1.4506
351683ce-0cb9-4184-9c54-94c12787c959	5	69937600	97709417	15617	0.112
351683ce-0cb9-4184-9c54-94c12787c959	5	97712762	97763980	44	-0.8473
351683ce-0cb9-4184-9c54-94c12787c959	5	97777698	97780983	6	0.3224
351683ce-0cb9-4184-9c54-94c12787c959	5	97781157	97784803	4	-0.7394
351683ce-0cb9-4184-9c54-94c12787c959	5	97789963	99136958	761	0.1075
351683ce-0cb9-4184-9c54-94c12787c959	5	99137191	100733747	906	0.1999
351683ce-0cb9-4184-9c54-94c12787c959	5	100737382	101683986	552	0.0949
351683ce-0cb9-4184-9c54-94c12787c959	5	101684021	102186533	363	0.2083
351683ce-0cb9-4184-9c54-94c12787c959	5	102195625	118050655	10675	0.1205
351683ce-0cb9-4184-9c54-94c12787c959	5	118050709	118053390	16	-0.3391
351683ce-0cb9-4184-9c54-94c12787c959	5	118068645	169067050	32964	0.118
351683ce-0cb9-4184-9c54-94c12787c959	5	169069057	169069059	2	-1.4048
351683ce-0cb9-4184-9c54-94c12787c959	5	169069085	175353327	4767	0.1198
351683ce-0cb9-4184-9c54-94c12787c959	5	175354616	175355116	2	-1.0591
351683ce-0cb9-4184-9c54-94c12787c959	5	175355147	176009608	409	0.1182
351683ce-0cb9-4184-9c54-94c12787c959	5	176011493	176042504	4	1.0002
351683ce-0cb9-4184-9c54-94c12787c959	5	176043321	177771448	723	0.1019
351683ce-0cb9-4184-9c54-94c12787c959	5	177800550	177805604	3	1.7296
351683ce-0cb9-4184-9c54-94c12787c959	5	177827964	180951888	1798	0.1146
351683ce-0cb9-4184-9c54-94c12787c959	5	180953203	180990660	15	0.5938
351683ce-0cb9-4184-9c54-94c12787c959	5	180990911	181363319	172	0.0834
351683ce-0cb9-4184-9c54-94c12787c959	6	149661	254283	101	-0.003
351683ce-0cb9-4184-9c54-94c12787c959	6	257353	303017	25	-0.7924
351683ce-0cb9-4184-9c54-94c12787c959	6	314962	380821	74	-0.2349
351683ce-0cb9-4184-9c54-94c12787c959	6	381149	19039888	14578	0.0718
351683ce-0cb9-4184-9c54-94c12787c959	6	19041950	19042587	3	-1.0317
351683ce-0cb9-4184-9c54-94c12787c959	6	19044471	29869295	6882	0.0699
351683ce-0cb9-4184-9c54-94c12787c959	6	29869410	29906865	22	-0.9256
351683ce-0cb9-4184-9c54-94c12787c959	6	29906932	31319445	663	0.0681
351683ce-0cb9-4184-9c54-94c12787c959	6	31319724	31328674	6	1.5653
351683ce-0cb9-4184-9c54-94c12787c959	6	31342147	32502142	506	0.067
351683ce-0cb9-4184-9c54-94c12787c959	6	32502190	32533522	10	1.3345
351683ce-0cb9-4184-9c54-94c12787c959	6	32540699	32605994	16	0.5548
351683ce-0cb9-4184-9c54-94c12787c959	6	32606237	32718419	67	0.1321
351683ce-0cb9-4184-9c54-94c12787c959	6	32720838	32721076	3	1.3399
351683ce-0cb9-4184-9c54-94c12787c959	6	32721547	33970222	762	0.0985
351683ce-0cb9-4184-9c54-94c12787c959	6	33970966	33974928	7	-1.2659
351683ce-0cb9-4184-9c54-94c12787c959	6	33976809	40861169	4600	0.0744
351683ce-0cb9-4184-9c54-94c12787c959	6	40871302	40871689	2	-1.4334
351683ce-0cb9-4184-9c54-94c12787c959	6	40877184	54066286	8296	0.0792
351683ce-0cb9-4184-9c54-94c12787c959	6	54066353	54067057	7	1.3287
351683ce-0cb9-4184-9c54-94c12787c959	6	54070550	57216828	1903	0.0767
351683ce-0cb9-4184-9c54-94c12787c959	6	57217080	58096364	173	0.1966
351683ce-0cb9-4184-9c54-94c12787c959	6	58099774	58100791	4	-0.7106
351683ce-0cb9-4184-9c54-94c12787c959	6	58106296	61047333	346	0.1568
351683ce-0cb9-4184-9c54-94c12787c959	6	61047530	63449746	1202	0.08
351683ce-0cb9-4184-9c54-94c12787c959	6	63455342	63459672	2	-0.9962
351683ce-0cb9-4184-9c54-94c12787c959	6	63461426	64627049	596	0.0708
351683ce-0cb9-4184-9c54-94c12787c959	6	64637651	64639099	2	1.7352
351683ce-0cb9-4184-9c54-94c12787c959	6	64640883	68976737	3012	0.0872
351683ce-0cb9-4184-9c54-94c12787c959	6	68977806	68977891	2	-1.7632
351683ce-0cb9-4184-9c54-94c12787c959	6	68981078	76726815	4928	0.084
351683ce-0cb9-4184-9c54-94c12787c959	6	76730151	76758921	27	0.4753
351683ce-0cb9-4184-9c54-94c12787c959	6	76759379	78253172	971	0.0909
351683ce-0cb9-4184-9c54-94c12787c959	6	78259348	78325468	113	0.5169
351683ce-0cb9-4184-9c54-94c12787c959	6	78329517	93797690	9925	0.0842
351683ce-0cb9-4184-9c54-94c12787c959	6	93797874	94965875	763	0.166
351683ce-0cb9-4184-9c54-94c12787c959	6	94970302	162476517	43285	0.076
351683ce-0cb9-4184-9c54-94c12787c959	6	162478539	162546064	67	-0.9169
351683ce-0cb9-4184-9c54-94c12787c959	6	162550516	170741917	5665	0.0741
351683ce-0cb9-4184-9c54-94c12787c959	7	43355	8228655	4602	0.1139
351683ce-0cb9-4184-9c54-94c12787c959	7	8228877	10556157	1878	0.1668
351683ce-0cb9-4184-9c54-94c12787c959	7	10560124	15392007	3907	0.1168
351683ce-0cb9-4184-9c54-94c12787c959	7	15392045	15393664	2	-1.562
351683ce-0cb9-4184-9c54-94c12787c959	7	15394440	16813184	1164	0.1266
351683ce-0cb9-4184-9c54-94c12787c959	7	16814242	17672804	678	0.1954
351683ce-0cb9-4184-9c54-94c12787c959	7	17672907	18871527	905	0.1223
351683ce-0cb9-4184-9c54-94c12787c959	7	18871731	19749316	906	0.1844
351683ce-0cb9-4184-9c54-94c12787c959	7	19749731	26092670	4791	0.1139
351683ce-0cb9-4184-9c54-94c12787c959	7	26102772	26105793	4	-3.2177
351683ce-0cb9-4184-9c54-94c12787c959	7	26107599	43373181	12057	0.1195
351683ce-0cb9-4184-9c54-94c12787c959	7	43375407	43384657	7	-1.0548
351683ce-0cb9-4184-9c54-94c12787c959	7	43386707	62663696	9717	0.1216
351683ce-0cb9-4184-9c54-94c12787c959	7	62695960	62701896	17	-0.31
351683ce-0cb9-4184-9c54-94c12787c959	7	62720732	88485024	13722	0.1267
351683ce-0cb9-4184-9c54-94c12787c959	7	88485909	90175307	1123	0.2147
351683ce-0cb9-4184-9c54-94c12787c959	7	90175693	97766150	4851	0.124
351683ce-0cb9-4184-9c54-94c12787c959	7	97766153	97773163	14	-0.5473
351683ce-0cb9-4184-9c54-94c12787c959	7	97774928	101437642	1558	0.1227
351683ce-0cb9-4184-9c54-94c12787c959	7	101438517	101438705	2	-1.3425
351683ce-0cb9-4184-9c54-94c12787c959	7	101442977	109800863	5063	0.1243
351683ce-0cb9-4184-9c54-94c12787c959	7	109800864	109813801	14	-0.3452
351683ce-0cb9-4184-9c54-94c12787c959	7	109813853	111180390	911	0.1389
351683ce-0cb9-4184-9c54-94c12787c959	7	111180419	111663603	299	0.2402
351683ce-0cb9-4184-9c54-94c12787c959	7	111669738	134100424	13533	0.1257
351683ce-0cb9-4184-9c54-94c12787c959	7	134100442	134114444	36	-0.2464
351683ce-0cb9-4184-9c54-94c12787c959	7	134121491	142063324	5194	0.1224
351683ce-0cb9-4184-9c54-94c12787c959	7	142069843	142092307	34	-0.6327
351683ce-0cb9-4184-9c54-94c12787c959	7	142099190	144295437	1211	0.1378
351683ce-0cb9-4184-9c54-94c12787c959	7	144306653	144312471	2	-1.7336
351683ce-0cb9-4184-9c54-94c12787c959	7	144326306	154598185	6414	0.1299
351683ce-0cb9-4184-9c54-94c12787c959	7	154601461	154607903	4	1.2625
351683ce-0cb9-4184-9c54-94c12787c959	7	154609120	159334314	3236	0.1243
351683ce-0cb9-4184-9c54-94c12787c959	8	81254	640379	321	-0.3112
351683ce-0cb9-4184-9c54-94c12787c959	8	643041	645875	9	0.4456
351683ce-0cb9-4184-9c54-94c12787c959	8	645892	645908	2	3.9237
351683ce-0cb9-4184-9c54-94c12787c959	8	656117	3926665	3020	-0.2859
351683ce-0cb9-4184-9c54-94c12787c959	8	3929538	3932584	22	-1.2271
351683ce-0cb9-4184-9c54-94c12787c959	8	3933696	7336299	4354	-0.2616
351683ce-0cb9-4184-9c54-94c12787c959	8	7357089	7397588	21	-1.2582
351683ce-0cb9-4184-9c54-94c12787c959	8	7414835	7974123	29	0.1838
351683ce-0cb9-4184-9c54-94c12787c959	8	7981252	8104937	8	-0.643
351683ce-0cb9-4184-9c54-94c12787c959	8	8110806	12376789	3242	-0.2907
351683ce-0cb9-4184-9c54-94c12787c959	8	12376891	12562158	31	0.0831
351683ce-0cb9-4184-9c54-94c12787c959	8	12562581	16412275	3535	-0.2853
351683ce-0cb9-4184-9c54-94c12787c959	8	16412448	16474825	53	-1.5037
351683ce-0cb9-4184-9c54-94c12787c959	8	16480126	25117007	6822	-0.2879
351683ce-0cb9-4184-9c54-94c12787c959	8	25117062	25133612	26	0.4246
351683ce-0cb9-4184-9c54-94c12787c959	8	25133720	39373140	9015	-0.2882
351683ce-0cb9-4184-9c54-94c12787c959	8	39378084	39529446	58	-2.2486
351683ce-0cb9-4184-9c54-94c12787c959	8	39530780	41192561	1248	-0.2845
351683ce-0cb9-4184-9c54-94c12787c959	8	41196737	41196748	2	-1.6275
351683ce-0cb9-4184-9c54-94c12787c959	8	41200481	42547773	866	-0.279
351683ce-0cb9-4184-9c54-94c12787c959	8	42548897	42635132	46	-1.9742
351683ce-0cb9-4184-9c54-94c12787c959	8	42638799	50131458	2449	-0.2586
351683ce-0cb9-4184-9c54-94c12787c959	8	50131475	52540154	1555	-0.3004
351683ce-0cb9-4184-9c54-94c12787c959	8	52543331	71300130	11733	-0.2402
351683ce-0cb9-4184-9c54-94c12787c959	8	71303076	71304364	8	-2.3006
351683ce-0cb9-4184-9c54-94c12787c959	8	71307628	111282852	24108	-0.2347
351683ce-0cb9-4184-9c54-94c12787c959	8	111282973	111283031	3	-3.1101
351683ce-0cb9-4184-9c54-94c12787c959	8	111288052	114615356	1817	-0.2329
351683ce-0cb9-4184-9c54-94c12787c959	8	114619065	114660731	45	0.0302
351683ce-0cb9-4184-9c54-94c12787c959	8	114661835	119139771	3103	-0.2346
351683ce-0cb9-4184-9c54-94c12787c959	8	119142545	119147207	4	-1.3555
351683ce-0cb9-4184-9c54-94c12787c959	8	119150615	131717380	8768	-0.2403
351683ce-0cb9-4184-9c54-94c12787c959	8	131717958	131718187	3	-1.3488
351683ce-0cb9-4184-9c54-94c12787c959	8	131719965	141013902	7403	-0.2328
351683ce-0cb9-4184-9c54-94c12787c959	8	141014137	144893845	1666	-0.3171
351683ce-0cb9-4184-9c54-94c12787c959	8	144894927	145072769	106	-0.1904
351683ce-0cb9-4184-9c54-94c12787c959	9	46587	125900	12	-0.1007
351683ce-0cb9-4184-9c54-94c12787c959	9	149481	9884561	9443	-0.3229
351683ce-0cb9-4184-9c54-94c12787c959	9	9884570	10403105	514	-0.2682
351683ce-0cb9-4184-9c54-94c12787c959	9	10404138	10404986	2	1.0396
351683ce-0cb9-4184-9c54-94c12787c959	9	10407943	12570076	1740	-0.2441
351683ce-0cb9-4184-9c54-94c12787c959	9	12570366	23545569	8845	-0.3295
351683ce-0cb9-4184-9c54-94c12787c959	9	23545663	23545957	2	-1.8134
351683ce-0cb9-4184-9c54-94c12787c959	9	23546393	28584573	3824	-0.3168
351683ce-0cb9-4184-9c54-94c12787c959	9	28585284	28939672	286	-0.2143
351683ce-0cb9-4184-9c54-94c12787c959	9	28939736	40229601	6520	-0.3284
351683ce-0cb9-4184-9c54-94c12787c959	9	40712794	61405110	187	-0.0943
351683ce-0cb9-4184-9c54-94c12787c959	9	61520021	61633080	29	0.4482
351683ce-0cb9-4184-9c54-94c12787c959	9	61647899	63580418	39	-0.1497
351683ce-0cb9-4184-9c54-94c12787c959	9	63590317	63592813	7	1.8372
351683ce-0cb9-4184-9c54-94c12787c959	9	63614182	68404657	139	-0.1631
351683ce-0cb9-4184-9c54-94c12787c959	9	68406745	77154478	6493	-0.336
351683ce-0cb9-4184-9c54-94c12787c959	9	77155482	77162488	29	0.3287
351683ce-0cb9-4184-9c54-94c12787c959	9	77171212	138200944	41378	-0.3333
351683ce-0cb9-4184-9c54-94c12787c959	10	45792	13007600	10912	0.0699
351683ce-0cb9-4184-9c54-94c12787c959	10	13007656	13008170	7	-0.894
351683ce-0cb9-4184-9c54-94c12787c959	10	13008428	14985722	1796	0.0685
351683ce-0cb9-4184-9c54-94c12787c959	10	14988086	15008463	8	-0.8181
351683ce-0cb9-4184-9c54-94c12787c959	10	15010498	17786034	2122	0.0664
351683ce-0cb9-4184-9c54-94c12787c959	10	17794576	17817444	3	-1.1481
351683ce-0cb9-4184-9c54-94c12787c959	10	17832081	20551816	2147	0.0671
351683ce-0cb9-4184-9c54-94c12787c959	10	20551871	20564605	8	-0.6767
351683ce-0cb9-4184-9c54-94c12787c959	10	20573498	26934974	4191	0.0716
351683ce-0cb9-4184-9c54-94c12787c959	10	26936975	26939544	13	0.6287
351683ce-0cb9-4184-9c54-94c12787c959	10	26941064	50070600	12210	0.0718
351683ce-0cb9-4184-9c54-94c12787c959	10	50081224	50132160	4	-2.545
351683ce-0cb9-4184-9c54-94c12787c959	10	50144008	74262716	16475	0.0776
351683ce-0cb9-4184-9c54-94c12787c959	10	74271851	74314707	20	-0.8666
351683ce-0cb9-4184-9c54-94c12787c959	10	74316624	80234421	4017	0.0763
351683ce-0cb9-4184-9c54-94c12787c959	10	80234562	80237322	2	-2.5587
351683ce-0cb9-4184-9c54-94c12787c959	10	80237692	133654968	36759	0.0735
351683ce-0cb9-4184-9c54-94c12787c959	11	198510	4949137	2427	0.0662
351683ce-0cb9-4184-9c54-94c12787c959	11	4950775	4955042	23	1.0075
351683ce-0cb9-4184-9c54-94c12787c959	11	4955781	5500921	540	0.0926
351683ce-0cb9-4184-9c54-94c12787c959	11	5500945	5501334	5	-0.8451
351683ce-0cb9-4184-9c54-94c12787c959	11	5502363	5766175	239	0.0837
351683ce-0cb9-4184-9c54-94c12787c959	11	5766850	5788108	33	-0.4315
351683ce-0cb9-4184-9c54-94c12787c959	11	5788231	49686823	30477	0.0821
351683ce-0cb9-4184-9c54-94c12787c959	11	49689309	49736119	16	-0.7262
351683ce-0cb9-4184-9c54-94c12787c959	11	49736215	54914139	490	0.1416
351683ce-0cb9-4184-9c54-94c12787c959	11	54924229	54934156	4	-1.5932
351683ce-0cb9-4184-9c54-94c12787c959	11	54940988	55606572	240	0.1387
351683ce-0cb9-4184-9c54-94c12787c959	11	55606712	55685533	57	0.6563
351683ce-0cb9-4184-9c54-94c12787c959	11	55686100	56289432	417	0.1613
351683ce-0cb9-4184-9c54-94c12787c959	11	56291818	78717773	11582	0.0644
351683ce-0cb9-4184-9c54-94c12787c959	11	78718467	86178616	5455	0.0899
351683ce-0cb9-4184-9c54-94c12787c959	11	86178906	86187779	16	-0.9402
351683ce-0cb9-4184-9c54-94c12787c959	11	86188770	135074876	34841	0.0815
351683ce-0cb9-4184-9c54-94c12787c959	12	51460	2898176	1835	0.0735
351683ce-0cb9-4184-9c54-94c12787c959	12	2898749	3012219	56	0.3685
351683ce-0cb9-4184-9c54-94c12787c959	12	3016874	9477960	4284	0.0667
351683ce-0cb9-4184-9c54-94c12787c959	12	9481274	9575696	24	1.4832
351683ce-0cb9-4184-9c54-94c12787c959	12	9582373	33141726	16582	0.0772
351683ce-0cb9-4184-9c54-94c12787c959	12	33148472	33155426	28	-0.5993
351683ce-0cb9-4184-9c54-94c12787c959	12	33155453	37593924	828	0.112
351683ce-0cb9-4184-9c54-94c12787c959	12	37618765	37620216	2	-1.3503
351683ce-0cb9-4184-9c54-94c12787c959	12	37640556	45510655	4758	0.0895
351683ce-0cb9-4184-9c54-94c12787c959	12	45512057	45515754	3	-2.5023
351683ce-0cb9-4184-9c54-94c12787c959	12	45519509	133201603	56447	0.0757
351683ce-0cb9-4184-9c54-94c12787c959	13	18452809	49620708	21856	0.0679
351683ce-0cb9-4184-9c54-94c12787c959	13	49621746	49622696	2	-1.248
351683ce-0cb9-4184-9c54-94c12787c959	13	49629627	52485081	1538	0.0857
351683ce-0cb9-4184-9c54-94c12787c959	13	52497017	52520664	7	-1.1929
351683ce-0cb9-4184-9c54-94c12787c959	13	52523849	114342922	40763	0.0713
351683ce-0cb9-4184-9c54-94c12787c959	14	18239283	19197351	40	-0.1267
351683ce-0cb9-4184-9c54-94c12787c959	14	19203845	19957701	130	-0.6432
351683ce-0cb9-4184-9c54-94c12787c959	14	19957752	69551330	31431	-0.3322
351683ce-0cb9-4184-9c54-94c12787c959	14	69551651	69556009	10	-1.5498
351683ce-0cb9-4184-9c54-94c12787c959	14	69556227	106396243	23536	-0.3467
351683ce-0cb9-4184-9c54-94c12787c959	14	106396870	106475361	59	0.0261
351683ce-0cb9-4184-9c54-94c12787c959	14	106487515	106877229	193	-0.3193
351683ce-0cb9-4184-9c54-94c12787c959	15	19811075	20206773	59	0.1684
351683ce-0cb9-4184-9c54-94c12787c959	15	20207225	22299523	147	0.9338
351683ce-0cb9-4184-9c54-94c12787c959	15	22385639	26693192	2641	0.0677
351683ce-0cb9-4184-9c54-94c12787c959	15	26693341	26693475	3	-1.2102
351683ce-0cb9-4184-9c54-94c12787c959	15	26695318	75119506	30442	0.0551
351683ce-0cb9-4184-9c54-94c12787c959	15	75125982	75156541	16	0.7157
351683ce-0cb9-4184-9c54-94c12787c959	15	75161712	81674821	3887	0.0577
351683ce-0cb9-4184-9c54-94c12787c959	15	81682553	81809042	78	0.2439
351683ce-0cb9-4184-9c54-94c12787c959	15	81809182	83871965	1089	0.0601
351683ce-0cb9-4184-9c54-94c12787c959	15	83871986	83874798	6	-0.8942
351683ce-0cb9-4184-9c54-94c12787c959	15	83878525	86001128	1128	0.0553
351683ce-0cb9-4184-9c54-94c12787c959	15	86002325	86003827	3	-1.2295
351683ce-0cb9-4184-9c54-94c12787c959	15	86004740	101928837	12065	0.0581
351683ce-0cb9-4184-9c54-94c12787c959	16	10777	191211	105	0.1021
351683ce-0cb9-4184-9c54-94c12787c959	16	191309	3220459	1026	0.0288
351683ce-0cb9-4184-9c54-94c12787c959	16	3222363	13032614	8762	0.091
351683ce-0cb9-4184-9c54-94c12787c959	16	13034401	13034747	4	-0.9562
351683ce-0cb9-4184-9c54-94c12787c959	16	13036417	14887120	1222	0.0873
351683ce-0cb9-4184-9c54-94c12787c959	16	14895982	15012406	51	-0.1854
351683ce-0cb9-4184-9c54-94c12787c959	16	15014730	19933041	2304	0.0793
351683ce-0cb9-4184-9c54-94c12787c959	16	19934328	19956040	29	-0.8539
351683ce-0cb9-4184-9c54-94c12787c959	16	19958932	20046578	68	0.0003
351683ce-0cb9-4184-9c54-94c12787c959	16	20047451	20047494	2	-1.7457
351683ce-0cb9-4184-9c54-94c12787c959	16	20048355	21401082	823	0.094
351683ce-0cb9-4184-9c54-94c12787c959	16	21503753	21588178	27	-0.2822
351683ce-0cb9-4184-9c54-94c12787c959	16	21590407	22591547	369	0.0689
351683ce-0cb9-4184-9c54-94c12787c959	16	22591843	22701658	62	-0.1276
351683ce-0cb9-4184-9c54-94c12787c959	16	22706267	55761136	12089	0.0895
351683ce-0cb9-4184-9c54-94c12787c959	16	55762477	55788532	22	-0.6977
351683ce-0cb9-4184-9c54-94c12787c959	16	55808442	78337711	14282	0.0892
351683ce-0cb9-4184-9c54-94c12787c959	16	78338543	78350868	17	1.0739
351683ce-0cb9-4184-9c54-94c12787c959	16	78351104	88611104	9991	0.0869
351683ce-0cb9-4184-9c54-94c12787c959	16	88611850	90038053	589	-0.0359
351683ce-0cb9-4184-9c54-94c12787c959	16	90038925	90096867	40	0.0952
351683ce-0cb9-4184-9c54-94c12787c959	17	150733	8307034	4515	0.0602
351683ce-0cb9-4184-9c54-94c12787c959	17	8307272	16786555	5966	0.0997
351683ce-0cb9-4184-9c54-94c12787c959	17	16798212	16834846	7	-0.9113
351683ce-0cb9-4184-9c54-94c12787c959	17	16838201	18413867	906	0.082
351683ce-0cb9-4184-9c54-94c12787c959	17	18413879	18561272	28	0.8226
351683ce-0cb9-4184-9c54-94c12787c959	17	18561907	41265456	9397	0.0783
351683ce-0cb9-4184-9c54-94c12787c959	17	41266762	41274198	23	-1.0479
351683ce-0cb9-4184-9c54-94c12787c959	17	41274279	46085732	2500	0.0744
351683ce-0cb9-4184-9c54-94c12787c959	17	46088437	46713445	140	0.4123
351683ce-0cb9-4184-9c54-94c12787c959	17	46713921	47936242	604	0.0575
351683ce-0cb9-4184-9c54-94c12787c959	17	47936284	73946836	16283	0.0836
351683ce-0cb9-4184-9c54-94c12787c959	17	73947162	79511815	3142	0.0546
351683ce-0cb9-4184-9c54-94c12787c959	17	79513733	79537688	3	-2.0863
351683ce-0cb9-4184-9c54-94c12787c959	17	79538536	83091923	1532	0.0645
351683ce-0cb9-4184-9c54-94c12787c959	18	48133	53677765	31728	0.0662
351683ce-0cb9-4184-9c54-94c12787c959	18	53680839	53684270	5	-0.9091
351683ce-0cb9-4184-9c54-94c12787c959	18	53685778	65537354	8220	0.0619
351683ce-0cb9-4184-9c54-94c12787c959	18	65537375	65994310	316	0.1598
351683ce-0cb9-4184-9c54-94c12787c959	18	65994440	67967306	1408	0.0623
351683ce-0cb9-4184-9c54-94c12787c959	18	67969395	68414306	360	0.1469
351683ce-0cb9-4184-9c54-94c12787c959	18	68414437	71234189	2017	0.0597
351683ce-0cb9-4184-9c54-94c12787c959	18	71237398	71237560	2	-0.9823
351683ce-0cb9-4184-9c54-94c12787c959	18	71238000	71381922	97	0.0609
351683ce-0cb9-4184-9c54-94c12787c959	18	71382253	73660097	1801	0.1383
351683ce-0cb9-4184-9c54-94c12787c959	18	73660519	79643088	4479	0.0583
351683ce-0cb9-4184-9c54-94c12787c959	18	79645731	79646203	3	-0.9557
351683ce-0cb9-4184-9c54-94c12787c959	18	79650607	80257174	314	0.0283
351683ce-0cb9-4184-9c54-94c12787c959	19	90910	35172871	16542	0.0836
351683ce-0cb9-4184-9c54-94c12787c959	19	35172940	35173140	5	-0.8671
351683ce-0cb9-4184-9c54-94c12787c959	19	35175144	35364547	170	0.041
351683ce-0cb9-4184-9c54-94c12787c959	19	35365141	35370946	19	-0.6914
351683ce-0cb9-4184-9c54-94c12787c959	19	35375842	58586487	12384	0.0766
351683ce-0cb9-4184-9c54-94c12787c959	20	80664	1581021	1206	0.0743
351683ce-0cb9-4184-9c54-94c12787c959	20	1586808	1613247	39	-0.2891
351683ce-0cb9-4184-9c54-94c12787c959	20	1617300	11025668	7228	0.0917
351683ce-0cb9-4184-9c54-94c12787c959	20	11025772	11025983	2	-1.3605
351683ce-0cb9-4184-9c54-94c12787c959	20	11026096	54028329	26423	0.0865
351683ce-0cb9-4184-9c54-94c12787c959	20	54031269	54042022	35	-0.7394
351683ce-0cb9-4184-9c54-94c12787c959	20	54042054	60535987	5263	0.0938
351683ce-0cb9-4184-9c54-94c12787c959	20	60538651	60547635	7	-0.7644
351683ce-0cb9-4184-9c54-94c12787c959	20	60553323	61973114	1211	0.0942
351683ce-0cb9-4184-9c54-94c12787c959	20	61983972	61984028	3	-0.7908
351683ce-0cb9-4184-9c54-94c12787c959	20	61992694	63591105	666	0.0833
351683ce-0cb9-4184-9c54-94c12787c959	20	63591304	64324800	310	-0.0068
351683ce-0cb9-4184-9c54-94c12787c959	21	10354168	13583316	269	0.1975
351683ce-0cb9-4184-9c54-94c12787c959	21	13612103	13677975	4	-1.0373
351683ce-0cb9-4184-9c54-94c12787c959	21	13803967	22153694	5954	0.0801
351683ce-0cb9-4184-9c54-94c12787c959	21	22154705	23499305	1027	0.1383
351683ce-0cb9-4184-9c54-94c12787c959	21	23504968	23642335	94	0.0358
351683ce-0cb9-4184-9c54-94c12787c959	21	23645175	23647566	5	-0.75
351683ce-0cb9-4184-9c54-94c12787c959	21	23649998	45244078	15699	0.0748
351683ce-0cb9-4184-9c54-94c12787c959	21	45244616	45665804	220	-0.0457
351683ce-0cb9-4184-9c54-94c12787c959	21	45670561	46677045	601	0.0575
351683ce-0cb9-4184-9c54-94c12787c959	22	15294547	15615994	16	0.1021
351683ce-0cb9-4184-9c54-94c12787c959	22	15617970	15772197	16	-0.6031
351683ce-0cb9-4184-9c54-94c12787c959	22	15825678	18131162	1073	0.0824
351683ce-0cb9-4184-9c54-94c12787c959	22	18131238	22176688	2134	0.0299
351683ce-0cb9-4184-9c54-94c12787c959	22	22177279	37346951	11190	0.0833
351683ce-0cb9-4184-9c54-94c12787c959	22	37352689	37353906	4	-1.0258
351683ce-0cb9-4184-9c54-94c12787c959	22	37354627	38891905	765	0.0737
351683ce-0cb9-4184-9c54-94c12787c959	22	38894915	38900899	4	0.7664
351683ce-0cb9-4184-9c54-94c12787c959	22	38903109	38955461	38	-0.0103
351683ce-0cb9-4184-9c54-94c12787c959	22	38967614	38979302	24	-0.7644
351683ce-0cb9-4184-9c54-94c12787c959	22	38993700	42501276	1890	0.0583
351683ce-0cb9-4184-9c54-94c12787c959	22	42503434	42508600	2	-1.446
351683ce-0cb9-4184-9c54-94c12787c959	22	42510995	42554485	22	-0.2312
351683ce-0cb9-4184-9c54-94c12787c959	22	42559425	48859457	4861	0.0877
351683ce-0cb9-4184-9c54-94c12787c959	22	48863149	49688382	748	0.0202
351683ce-0cb9-4184-9c54-94c12787c959	22	49689058	49691572	4	-1.6811
351683ce-0cb9-4184-9c54-94c12787c959	22	49691638	50796027	487	0.021
351683ce-0cb9-4184-9c54-94c12787c959	X	251810	155952689	83574	0.0015
351683ce-0cb9-4184-9c54-94c12787c959	Y	2782397	21961640	6340	-1.0164
351683ce-0cb9-4184-9c54-94c12787c959	Y	22159306	22197200	5	-0.1295
351683ce-0cb9-4184-9c54-94c12787c959	Y	22213784	56872112	294	-1.0008
