Sample	Chromosome	Start	End	Num_Probes	Segment_Mean
BUBBY_p_TCGA_b89_105_SNP_N_GenomeWideSNP_6_E07_777522	1	61735	98602	17	-0.2973
BUBBY_p_TCGA_b89_105_SNP_N_GenomeWideSNP_6_E07_777522	1	228706	235938	10	0.3398
BUBBY_p_TCGA_b89_105_SNP_N_GenomeWideSNP_6_E07_777522	1	356443	564621	5	-0.664
BUBBY_p_TCGA_b89_105_SNP_N_GenomeWideSNP_6_E07_777522	1	603590	16153497	8390	0.0383
BUBBY_p_TCGA_b89_105_SNP_N_GenomeWideSNP_6_E07_777522	1	16153536	16153925	5	0.9733
BUBBY_p_TCGA_b89_105_SNP_N_GenomeWideSNP_6_E07_777522	1	16154201	16953842	328	0.0412
BUBBY_p_TCGA_b89_105_SNP_N_GenomeWideSNP_6_E07_777522	1	16954295	16970456	19	-0.405
BUBBY_p_TCGA_b89_105_SNP_N_GenomeWideSNP_6_E07_777522	1	17005734	17195155	64	-0.0448
BUBBY_p_TCGA_b89_105_SNP_N_GenomeWideSNP_6_E07_777522	1	17203497	17262232	59	0.495
BUBBY_p_TCGA_b89_105_SNP_N_GenomeWideSNP_6_E07_777522	1	17262247	25583341	5274	0.0307
BUBBY_p_TCGA_b89_105_SNP_N_GenomeWideSNP_6_E07_777522	1	25593128	25646946	27	-1.7464
BUBBY_p_TCGA_b89_105_SNP_N_GenomeWideSNP_6_E07_777522	1	25646986	37903112	6499	0.026
BUBBY_p_TCGA_b89_105_SNP_N_GenomeWideSNP_6_E07_777522	1	37920683	37923399	3	-1.4142
BUBBY_p_TCGA_b89_105_SNP_N_GenomeWideSNP_6_E07_777522	1	37928447	65908494	17787	0.0202
BUBBY_p_TCGA_b89_105_SNP_N_GenomeWideSNP_6_E07_777522	1	65910125	65911607	2	-1.256
BUBBY_p_TCGA_b89_105_SNP_N_GenomeWideSNP_6_E07_777522	1	65911672	72750353	4570	0.0026
BUBBY_p_TCGA_b89_105_SNP_N_GenomeWideSNP_6_E07_777522	1	72756113	72763370	9	-1.1636
BUBBY_p_TCGA_b89_105_SNP_N_GenomeWideSNP_6_E07_777522	1	72768418	89475255	11034	0.0187
BUBBY_p_TCGA_b89_105_SNP_N_GenomeWideSNP_6_E07_777522	1	89477958	89478205	2	-2.8647
BUBBY_p_TCGA_b89_105_SNP_N_GenomeWideSNP_6_E07_777522	1	89481524	104225568	9123	0.0126
BUBBY_p_TCGA_b89_105_SNP_N_GenomeWideSNP_6_E07_777522	1	104239689	104303403	14	0.7479
BUBBY_p_TCGA_b89_105_SNP_N_GenomeWideSNP_6_E07_777522	1	104303501	109571177	3302	0.0047
BUBBY_p_TCGA_b89_105_SNP_N_GenomeWideSNP_6_E07_777522	1	109574526	109574647	2	-1.4216
BUBBY_p_TCGA_b89_105_SNP_N_GenomeWideSNP_6_E07_777522	1	109604241	110224384	289	0.0096
BUBBY_p_TCGA_b89_105_SNP_N_GenomeWideSNP_6_E07_777522	1	110224427	110246281	38	0.352
BUBBY_p_TCGA_b89_105_SNP_N_GenomeWideSNP_6_E07_777522	1	110250235	152756774	10222	0.0234
BUBBY_p_TCGA_b89_105_SNP_N_GenomeWideSNP_6_E07_777522	1	152756806	152762008	7	-0.3414
BUBBY_p_TCGA_b89_105_SNP_N_GenomeWideSNP_6_E07_777522	1	152762046	152762515	7	-0.7495
BUBBY_p_TCGA_b89_105_SNP_N_GenomeWideSNP_6_E07_777522	1	152762656	152768700	26	-0.3123
BUBBY_p_TCGA_b89_105_SNP_N_GenomeWideSNP_6_E07_777522	1	152773905	196714822	29566	0.0134
BUBBY_p_TCGA_b89_105_SNP_N_GenomeWideSNP_6_E07_777522	1	196714873	196812507	95	0.3131
BUBBY_p_TCGA_b89_105_SNP_N_GenomeWideSNP_6_E07_777522	1	196812530	196815791	2	-3.0923
BUBBY_p_TCGA_b89_105_SNP_N_GenomeWideSNP_6_E07_777522	1	196816730	208437821	7431	0.0153
BUBBY_p_TCGA_b89_105_SNP_N_GenomeWideSNP_6_E07_777522	1	208438984	208456937	31	0.7613
BUBBY_p_TCGA_b89_105_SNP_N_GenomeWideSNP_6_E07_777522	1	208457709	210071062	1361	0.0202
BUBBY_p_TCGA_b89_105_SNP_N_GenomeWideSNP_6_E07_777522	1	210081613	210082065	2	-1.4967
BUBBY_p_TCGA_b89_105_SNP_N_GenomeWideSNP_6_E07_777522	1	210083984	249224388	27141	0.0218
BUBBY_p_TCGA_b89_105_SNP_N_GenomeWideSNP_6_E07_777522	2	12784	41238235	29000	0.0092
BUBBY_p_TCGA_b89_105_SNP_N_GenomeWideSNP_6_E07_777522	2	41238443	41245887	23	-0.6416
BUBBY_p_TCGA_b89_105_SNP_N_GenomeWideSNP_6_E07_777522	2	41251233	49533042	5912	0.0139
BUBBY_p_TCGA_b89_105_SNP_N_GenomeWideSNP_6_E07_777522	2	49535768	49541190	5	-1.0725
BUBBY_p_TCGA_b89_105_SNP_N_GenomeWideSNP_6_E07_777522	2	49545041	52741737	2278	-0.0069
BUBBY_p_TCGA_b89_105_SNP_N_GenomeWideSNP_6_E07_777522	2	52743925	52754881	8	-1.0099
BUBBY_p_TCGA_b89_105_SNP_N_GenomeWideSNP_6_E07_777522	2	52758753	52764229	10	0.0787
BUBBY_p_TCGA_b89_105_SNP_N_GenomeWideSNP_6_E07_777522	2	52764255	52781295	15	0.4946
BUBBY_p_TCGA_b89_105_SNP_N_GenomeWideSNP_6_E07_777522	2	52781326	86937687	21959	0.0082
BUBBY_p_TCGA_b89_105_SNP_N_GenomeWideSNP_6_E07_777522	2	86953070	86953854	2	1.5085
BUBBY_p_TCGA_b89_105_SNP_N_GenomeWideSNP_6_E07_777522	2	86970406	114362015	11588	0.0126
BUBBY_p_TCGA_b89_105_SNP_N_GenomeWideSNP_6_E07_777522	2	114362414	114380821	3	-1.3308
BUBBY_p_TCGA_b89_105_SNP_N_GenomeWideSNP_6_E07_777522	2	114383552	146862085	20120	0.009
BUBBY_p_TCGA_b89_105_SNP_N_GenomeWideSNP_6_E07_777522	2	146864404	146866909	23	0.7662
BUBBY_p_TCGA_b89_105_SNP_N_GenomeWideSNP_6_E07_777522	2	146866934	156381959	5715	0.0149
BUBBY_p_TCGA_b89_105_SNP_N_GenomeWideSNP_6_E07_777522	2	156382239	156387833	3	-0.9054
BUBBY_p_TCGA_b89_105_SNP_N_GenomeWideSNP_6_E07_777522	2	156387855	159720707	1945	0.0063
BUBBY_p_TCGA_b89_105_SNP_N_GenomeWideSNP_6_E07_777522	2	159726269	159726490	2	-1.5164
BUBBY_p_TCGA_b89_105_SNP_N_GenomeWideSNP_6_E07_777522	2	159730093	180061655	12642	0.0162
BUBBY_p_TCGA_b89_105_SNP_N_GenomeWideSNP_6_E07_777522	2	180067192	180076663	2	-2.2626
BUBBY_p_TCGA_b89_105_SNP_N_GenomeWideSNP_6_E07_777522	2	180079144	243089456	38878	0.0082
BUBBY_p_TCGA_b89_105_SNP_N_GenomeWideSNP_6_E07_777522	3	60345	68746164	47883	0.015
BUBBY_p_TCGA_b89_105_SNP_N_GenomeWideSNP_6_E07_777522	3	68746259	68747413	14	-1.0413
BUBBY_p_TCGA_b89_105_SNP_N_GenomeWideSNP_6_E07_777522	3	68748758	162540490	55126	0.0143
BUBBY_p_TCGA_b89_105_SNP_N_GenomeWideSNP_6_E07_777522	3	162545716	162564055	9	1.0454
BUBBY_p_TCGA_b89_105_SNP_N_GenomeWideSNP_6_E07_777522	3	162567671	162615915	33	0.4634
BUBBY_p_TCGA_b89_105_SNP_N_GenomeWideSNP_6_E07_777522	3	162623842	162714517	78	-0.0454
BUBBY_p_TCGA_b89_105_SNP_N_GenomeWideSNP_6_E07_777522	3	162717727	162719562	2	-2.1522
BUBBY_p_TCGA_b89_105_SNP_N_GenomeWideSNP_6_E07_777522	3	162726159	168730180	3373	0.0049
BUBBY_p_TCGA_b89_105_SNP_N_GenomeWideSNP_6_E07_777522	3	168733402	168738628	2	-2.4393
BUBBY_p_TCGA_b89_105_SNP_N_GenomeWideSNP_6_E07_777522	3	168739827	192388265	15413	0.0149
BUBBY_p_TCGA_b89_105_SNP_N_GenomeWideSNP_6_E07_777522	3	192390750	192390777	2	-1.6417
BUBBY_p_TCGA_b89_105_SNP_N_GenomeWideSNP_6_E07_777522	3	192392367	192877902	343	0.0232
BUBBY_p_TCGA_b89_105_SNP_N_GenomeWideSNP_6_E07_777522	3	192877962	192882903	19	1.0277
BUBBY_p_TCGA_b89_105_SNP_N_GenomeWideSNP_6_E07_777522	3	192886435	195144438	1452	0.0241
BUBBY_p_TCGA_b89_105_SNP_N_GenomeWideSNP_6_E07_777522	3	195149421	195152141	2	-1.0552
BUBBY_p_TCGA_b89_105_SNP_N_GenomeWideSNP_6_E07_777522	3	195161297	195279210	30	0.1516
BUBBY_p_TCGA_b89_105_SNP_N_GenomeWideSNP_6_E07_777522	3	195284382	195442582	27	0.5701
BUBBY_p_TCGA_b89_105_SNP_N_GenomeWideSNP_6_E07_777522	3	195446597	197896118	1197	0.0336
BUBBY_p_TCGA_b89_105_SNP_N_GenomeWideSNP_6_E07_777522	4	12281	34779054	22840	0.0194
BUBBY_p_TCGA_b89_105_SNP_N_GenomeWideSNP_6_E07_777522	4	34786500	34829872	39	0.6759
BUBBY_p_TCGA_b89_105_SNP_N_GenomeWideSNP_6_E07_777522	4	34829913	64693940	16596	0.0108
BUBBY_p_TCGA_b89_105_SNP_N_GenomeWideSNP_6_E07_777522	4	64697469	64707605	23	-1.1009
BUBBY_p_TCGA_b89_105_SNP_N_GenomeWideSNP_6_E07_777522	4	64707754	64708258	6	-3.3876
BUBBY_p_TCGA_b89_105_SNP_N_GenomeWideSNP_6_E07_777522	4	64716431	69261064	2861	0.0148
BUBBY_p_TCGA_b89_105_SNP_N_GenomeWideSNP_6_E07_777522	4	69282205	69360489	19	-0.5234
BUBBY_p_TCGA_b89_105_SNP_N_GenomeWideSNP_6_E07_777522	4	69367142	69505115	69	0.3571
BUBBY_p_TCGA_b89_105_SNP_N_GenomeWideSNP_6_E07_777522	4	69506334	115173700	27756	0.0117
BUBBY_p_TCGA_b89_105_SNP_N_GenomeWideSNP_6_E07_777522	4	115175323	115182175	23	-1.6161
BUBBY_p_TCGA_b89_105_SNP_N_GenomeWideSNP_6_E07_777522	4	115184229	138092103	13262	0.0129
BUBBY_p_TCGA_b89_105_SNP_N_GenomeWideSNP_6_E07_777522	4	138092195	138093414	16	-0.9238
BUBBY_p_TCGA_b89_105_SNP_N_GenomeWideSNP_6_E07_777522	4	138094958	155802548	10853	0.014
BUBBY_p_TCGA_b89_105_SNP_N_GenomeWideSNP_6_E07_777522	4	155803005	155803078	3	1.3182
BUBBY_p_TCGA_b89_105_SNP_N_GenomeWideSNP_6_E07_777522	4	155803199	156860391	712	0.002
BUBBY_p_TCGA_b89_105_SNP_N_GenomeWideSNP_6_E07_777522	4	156860549	156861105	2	-1.6681
BUBBY_p_TCGA_b89_105_SNP_N_GenomeWideSNP_6_E07_777522	4	156862361	156954939	123	0.0054
BUBBY_p_TCGA_b89_105_SNP_N_GenomeWideSNP_6_E07_777522	4	156956632	156968298	6	0.6353
BUBBY_p_TCGA_b89_105_SNP_N_GenomeWideSNP_6_E07_777522	4	156968473	158184162	776	0.0056
BUBBY_p_TCGA_b89_105_SNP_N_GenomeWideSNP_6_E07_777522	4	158185912	158196483	4	-0.7645
BUBBY_p_TCGA_b89_105_SNP_N_GenomeWideSNP_6_E07_777522	4	158197510	161649228	2104	0.0168
BUBBY_p_TCGA_b89_105_SNP_N_GenomeWideSNP_6_E07_777522	4	161649523	161649673	2	1.1115
BUBBY_p_TCGA_b89_105_SNP_N_GenomeWideSNP_6_E07_777522	4	161653130	161874000	194	0.002
BUBBY_p_TCGA_b89_105_SNP_N_GenomeWideSNP_6_E07_777522	4	161880018	161884908	21	-0.7913
BUBBY_p_TCGA_b89_105_SNP_N_GenomeWideSNP_6_E07_777522	4	161884919	172369346	6681	0.0119
BUBBY_p_TCGA_b89_105_SNP_N_GenomeWideSNP_6_E07_777522	4	172374884	172377458	9	0.9096
BUBBY_p_TCGA_b89_105_SNP_N_GenomeWideSNP_6_E07_777522	4	172377710	191027923	12545	0.014
BUBBY_p_TCGA_b89_105_SNP_N_GenomeWideSNP_6_E07_777522	5	15532	57326163	35916	0.014
BUBBY_p_TCGA_b89_105_SNP_N_GenomeWideSNP_6_E07_777522	5	57326280	57333533	30	-0.4434
BUBBY_p_TCGA_b89_105_SNP_N_GenomeWideSNP_6_E07_777522	5	57338357	68846303	7303	0.0102
BUBBY_p_TCGA_b89_105_SNP_N_GenomeWideSNP_6_E07_777522	5	68867294	70391253	26	0.4997
BUBBY_p_TCGA_b89_105_SNP_N_GenomeWideSNP_6_E07_777522	5	70654072	78107908	4948	0.0144
BUBBY_p_TCGA_b89_105_SNP_N_GenomeWideSNP_6_E07_777522	5	78109991	78111171	3	-1.4429
BUBBY_p_TCGA_b89_105_SNP_N_GenomeWideSNP_6_E07_777522	5	78115511	97045121	10669	0.0193
BUBBY_p_TCGA_b89_105_SNP_N_GenomeWideSNP_6_E07_777522	5	97048466	97099320	43	-1.0017
BUBBY_p_TCGA_b89_105_SNP_N_GenomeWideSNP_6_E07_777522	5	97099684	140231536	27155	0.006
BUBBY_p_TCGA_b89_105_SNP_N_GenomeWideSNP_6_E07_777522	5	140231549	140231839	6	-1.0586
BUBBY_p_TCGA_b89_105_SNP_N_GenomeWideSNP_6_E07_777522	5	140241027	151514171	7553	0.0149
BUBBY_p_TCGA_b89_105_SNP_N_GenomeWideSNP_6_E07_777522	5	151515386	151518351	14	-0.7472
BUBBY_p_TCGA_b89_105_SNP_N_GenomeWideSNP_6_E07_777522	5	151520271	151520497	3	0.5066
BUBBY_p_TCGA_b89_105_SNP_N_GenomeWideSNP_6_E07_777522	5	151521211	152386668	555	0.0196
BUBBY_p_TCGA_b89_105_SNP_N_GenomeWideSNP_6_E07_777522	5	152387216	152406129	5	0.6107
BUBBY_p_TCGA_b89_105_SNP_N_GenomeWideSNP_6_E07_777522	5	152408193	155475105	2099	0.0126
BUBBY_p_TCGA_b89_105_SNP_N_GenomeWideSNP_6_E07_777522	5	155476772	155495259	18	-0.379
BUBBY_p_TCGA_b89_105_SNP_N_GenomeWideSNP_6_E07_777522	5	155500992	180790320	16838	0.0259
BUBBY_p_TCGA_b89_105_SNP_N_GenomeWideSNP_6_E07_777522	6	149661	318804	130	0.0325
BUBBY_p_TCGA_b89_105_SNP_N_GenomeWideSNP_6_E07_777522	6	320872	381149	72	0.3088
BUBBY_p_TCGA_b89_105_SNP_N_GenomeWideSNP_6_E07_777522	6	382559	26705106	20088	0.0226
BUBBY_p_TCGA_b89_105_SNP_N_GenomeWideSNP_6_E07_777522	6	26705574	26798300	38	0.302
BUBBY_p_TCGA_b89_105_SNP_N_GenomeWideSNP_6_E07_777522	6	26799498	26988347	66	-0.0678
BUBBY_p_TCGA_b89_105_SNP_N_GenomeWideSNP_6_E07_777522	6	26993617	26994345	2	-1.0964
BUBBY_p_TCGA_b89_105_SNP_N_GenomeWideSNP_6_E07_777522	6	26994606	29837072	1365	0.0348
BUBBY_p_TCGA_b89_105_SNP_N_GenomeWideSNP_6_E07_777522	6	29837187	29849267	16	-0.9777
BUBBY_p_TCGA_b89_105_SNP_N_GenomeWideSNP_6_E07_777522	6	29850196	32449050	1191	0.0167
BUBBY_p_TCGA_b89_105_SNP_N_GenomeWideSNP_6_E07_777522	6	32449523	32573771	36	0.6348
BUBBY_p_TCGA_b89_105_SNP_N_GenomeWideSNP_6_E07_777522	6	32574014	48930865	10461	0.0199
BUBBY_p_TCGA_b89_105_SNP_N_GenomeWideSNP_6_E07_777522	6	48931729	48935200	5	-0.9414
BUBBY_p_TCGA_b89_105_SNP_N_GenomeWideSNP_6_E07_777522	6	48946563	77436532	15637	0.0083
BUBBY_p_TCGA_b89_105_SNP_N_GenomeWideSNP_6_E07_777522	6	77439868	77452382	15	-0.7583
BUBBY_p_TCGA_b89_105_SNP_N_GenomeWideSNP_6_E07_777522	6	77452392	78969065	987	0.008
BUBBY_p_TCGA_b89_105_SNP_N_GenomeWideSNP_6_E07_777522	6	78969105	79034940	109	0.3342
BUBBY_p_TCGA_b89_105_SNP_N_GenomeWideSNP_6_E07_777522	6	79035027	103734829	15499	0.0084
BUBBY_p_TCGA_b89_105_SNP_N_GenomeWideSNP_6_E07_777522	6	103737976	103762061	46	-1.5089
BUBBY_p_TCGA_b89_105_SNP_N_GenomeWideSNP_6_E07_777522	6	103765470	124431774	12706	0.011
BUBBY_p_TCGA_b89_105_SNP_N_GenomeWideSNP_6_E07_777522	6	124435941	124470365	20	0.6223
BUBBY_p_TCGA_b89_105_SNP_N_GenomeWideSNP_6_E07_777522	6	124470761	143870425	12546	0.0153
BUBBY_p_TCGA_b89_105_SNP_N_GenomeWideSNP_6_E07_777522	6	143871188	143872597	4	-1.1175
BUBBY_p_TCGA_b89_105_SNP_N_GenomeWideSNP_6_E07_777522	6	143874147	171051005	18996	0.0221
BUBBY_p_TCGA_b89_105_SNP_N_GenomeWideSNP_6_E07_777522	7	43355	5158663	2742	0.0378
BUBBY_p_TCGA_b89_105_SNP_N_GenomeWideSNP_6_E07_777522	7	5162905	5168515	4	0.8567
BUBBY_p_TCGA_b89_105_SNP_N_GenomeWideSNP_6_E07_777522	7	5170413	5880258	306	0.0334
BUBBY_p_TCGA_b89_105_SNP_N_GenomeWideSNP_6_E07_777522	7	5883522	5885732	4	-0.9651
BUBBY_p_TCGA_b89_105_SNP_N_GenomeWideSNP_6_E07_777522	7	5889023	48580942	31282	0.011
BUBBY_p_TCGA_b89_105_SNP_N_GenomeWideSNP_6_E07_777522	7	48581852	48592025	8	-0.9342
BUBBY_p_TCGA_b89_105_SNP_N_GenomeWideSNP_6_E07_777522	7	48600179	54380373	4258	0.0141
BUBBY_p_TCGA_b89_105_SNP_N_GenomeWideSNP_6_E07_777522	7	54386505	54386517	6	-1.8251
BUBBY_p_TCGA_b89_105_SNP_N_GenomeWideSNP_6_E07_777522	7	54393488	66637239	3894	0.0178
BUBBY_p_TCGA_b89_105_SNP_N_GenomeWideSNP_6_E07_777522	7	66641374	66645232	5	-2.681
BUBBY_p_TCGA_b89_105_SNP_N_GenomeWideSNP_6_E07_777522	7	66647639	70420438	2399	0.033
BUBBY_p_TCGA_b89_105_SNP_N_GenomeWideSNP_6_E07_777522	7	70423250	70426141	2	-2.6365
BUBBY_p_TCGA_b89_105_SNP_N_GenomeWideSNP_6_E07_777522	7	70428243	76430488	2313	0.0294
BUBBY_p_TCGA_b89_105_SNP_N_GenomeWideSNP_6_E07_777522	7	76430850	76494552	69	-0.1633
BUBBY_p_TCGA_b89_105_SNP_N_GenomeWideSNP_6_E07_777522	7	76494967	76509189	25	0.1522
BUBBY_p_TCGA_b89_105_SNP_N_GenomeWideSNP_6_E07_777522	7	76509268	76509506	2	-1.4661
BUBBY_p_TCGA_b89_105_SNP_N_GenomeWideSNP_6_E07_777522	7	76510559	91031505	9459	0.0015
BUBBY_p_TCGA_b89_105_SNP_N_GenomeWideSNP_6_E07_777522	7	91031735	91040344	22	-0.82
BUBBY_p_TCGA_b89_105_SNP_N_GenomeWideSNP_6_E07_777522	7	91040425	109433777	10632	0.0204
BUBBY_p_TCGA_b89_105_SNP_N_GenomeWideSNP_6_E07_777522	7	109433785	109458896	44	-0.315
BUBBY_p_TCGA_b89_105_SNP_N_GenomeWideSNP_6_E07_777522	7	109458938	115582082	3639	0.0122
BUBBY_p_TCGA_b89_105_SNP_N_GenomeWideSNP_6_E07_777522	7	115583457	115586434	6	-1.0044
BUBBY_p_TCGA_b89_105_SNP_N_GenomeWideSNP_6_E07_777522	7	115587222	133775139	11101	0.0123
BUBBY_p_TCGA_b89_105_SNP_N_GenomeWideSNP_6_E07_777522	7	133775152	133798067	39	-0.3432
BUBBY_p_TCGA_b89_105_SNP_N_GenomeWideSNP_6_E07_777522	7	133798109	143909445	6572	0.0236
BUBBY_p_TCGA_b89_105_SNP_N_GenomeWideSNP_6_E07_777522	7	143911624	144066947	39	-0.6524
BUBBY_p_TCGA_b89_105_SNP_N_GenomeWideSNP_6_E07_777522	7	144074929	155936288	7712	0.0264
BUBBY_p_TCGA_b89_105_SNP_N_GenomeWideSNP_6_E07_777522	7	155938607	155942795	5	-1.1544
BUBBY_p_TCGA_b89_105_SNP_N_GenomeWideSNP_6_E07_777522	7	155944451	159127004	1984	0.038
BUBBY_p_TCGA_b89_105_SNP_N_GenomeWideSNP_6_E07_777522	8	31254	594973	329	0.0824
BUBBY_p_TCGA_b89_105_SNP_N_GenomeWideSNP_6_E07_777522	8	595220	595875	6	0.7135
BUBBY_p_TCGA_b89_105_SNP_N_GenomeWideSNP_6_E07_777522	8	595892	595908	2	3.9892
BUBBY_p_TCGA_b89_105_SNP_N_GenomeWideSNP_6_E07_777522	8	601043	3703884	2993	0.0264
BUBBY_p_TCGA_b89_105_SNP_N_GenomeWideSNP_6_E07_777522	8	3705722	3706253	3	-1.5381
BUBBY_p_TCGA_b89_105_SNP_N_GenomeWideSNP_6_E07_777522	8	3706683	6158191	3579	0.0058
BUBBY_p_TCGA_b89_105_SNP_N_GenomeWideSNP_6_E07_777522	8	6158260	6158327	3	1.0284
BUBBY_p_TCGA_b89_105_SNP_N_GenomeWideSNP_6_E07_777522	8	6158427	7216031	931	0.032
BUBBY_p_TCGA_b89_105_SNP_N_GenomeWideSNP_6_E07_777522	8	7216862	7744064	125	0.362
BUBBY_p_TCGA_b89_105_SNP_N_GenomeWideSNP_6_E07_777522	8	7745979	7747699	4	-0.3753
BUBBY_p_TCGA_b89_105_SNP_N_GenomeWideSNP_6_E07_777522	8	7752048	7798758	31	0.3905
BUBBY_p_TCGA_b89_105_SNP_N_GenomeWideSNP_6_E07_777522	8	7798851	12240162	3320	0.0399
BUBBY_p_TCGA_b89_105_SNP_N_GenomeWideSNP_6_E07_777522	8	12240182	12242515	12	0.5543
BUBBY_p_TCGA_b89_105_SNP_N_GenomeWideSNP_6_E07_777522	8	12242523	12247188	12	0.1022
BUBBY_p_TCGA_b89_105_SNP_N_GenomeWideSNP_6_E07_777522	8	12247322	12311638	25	0.4771
BUBBY_p_TCGA_b89_105_SNP_N_GenomeWideSNP_6_E07_777522	8	12321897	24974476	10476	0.0197
BUBBY_p_TCGA_b89_105_SNP_N_GenomeWideSNP_6_E07_777522	8	24974522	24984333	25	-2.3073
BUBBY_p_TCGA_b89_105_SNP_N_GenomeWideSNP_6_E07_777522	8	24991104	38288463	8531	0.0241
BUBBY_p_TCGA_b89_105_SNP_N_GenomeWideSNP_6_E07_777522	8	38290359	38290509	3	-1.4634
BUBBY_p_TCGA_b89_105_SNP_N_GenomeWideSNP_6_E07_777522	8	38291087	39230325	509	0.0203
BUBBY_p_TCGA_b89_105_SNP_N_GenomeWideSNP_6_E07_777522	8	39230659	39386965	60	0.6745
BUBBY_p_TCGA_b89_105_SNP_N_GenomeWideSNP_6_E07_777522	8	39388299	72210748	17920	0.0226
BUBBY_p_TCGA_b89_105_SNP_N_GenomeWideSNP_6_E07_777522	8	72212181	72216434	9	-0.609
BUBBY_p_TCGA_b89_105_SNP_N_GenomeWideSNP_6_E07_777522	8	72216501	95557552	13844	0.0097
BUBBY_p_TCGA_b89_105_SNP_N_GenomeWideSNP_6_E07_777522	8	95557602	95557992	6	0.8119
BUBBY_p_TCGA_b89_105_SNP_N_GenomeWideSNP_6_E07_777522	8	95558115	120154784	15277	0.0156
BUBBY_p_TCGA_b89_105_SNP_N_GenomeWideSNP_6_E07_777522	8	120155754	120159446	3	-0.9932
BUBBY_p_TCGA_b89_105_SNP_N_GenomeWideSNP_6_E07_777522	8	120162854	146298155	17969	0.0247
BUBBY_p_TCGA_b89_105_SNP_N_GenomeWideSNP_6_E07_777522	9	46587	6684955	6385	0.0154
BUBBY_p_TCGA_b89_105_SNP_N_GenomeWideSNP_6_E07_777522	9	6685029	6687217	2	-1.466
BUBBY_p_TCGA_b89_105_SNP_N_GenomeWideSNP_6_E07_777522	9	6689722	44629223	25105	0.0033
BUBBY_p_TCGA_b89_105_SNP_N_GenomeWideSNP_6_E07_777522	9	44727859	44795730	25	-1.1425
BUBBY_p_TCGA_b89_105_SNP_N_GenomeWideSNP_6_E07_777522	9	44805088	90522594	14644	0.016
BUBBY_p_TCGA_b89_105_SNP_N_GenomeWideSNP_6_E07_777522	9	90554151	90554219	2	-1.444
BUBBY_p_TCGA_b89_105_SNP_N_GenomeWideSNP_6_E07_777522	9	90557957	106566497	10624	0.0108
BUBBY_p_TCGA_b89_105_SNP_N_GenomeWideSNP_6_E07_777522	9	106568696	106569290	2	-2.621
BUBBY_p_TCGA_b89_105_SNP_N_GenomeWideSNP_6_E07_777522	9	106570702	136171214	20865	0.0189
BUBBY_p_TCGA_b89_105_SNP_N_GenomeWideSNP_6_E07_777522	9	136171412	136174305	4	-0.9452
BUBBY_p_TCGA_b89_105_SNP_N_GenomeWideSNP_6_E07_777522	9	136174696	138211368	1194	0.0304
BUBBY_p_TCGA_b89_105_SNP_N_GenomeWideSNP_6_E07_777522	9	138214105	138215622	2	-1.741
BUBBY_p_TCGA_b89_105_SNP_N_GenomeWideSNP_6_E07_777522	9	138216412	141091394	1114	0.0328
BUBBY_p_TCGA_b89_105_SNP_N_GenomeWideSNP_6_E07_777522	10	72759	4240107	3540	0.0169
BUBBY_p_TCGA_b89_105_SNP_N_GenomeWideSNP_6_E07_777522	10	4240722	4241405	3	-1.07
BUBBY_p_TCGA_b89_105_SNP_N_GenomeWideSNP_6_E07_777522	10	4241572	18173963	11367	0.0175
BUBBY_p_TCGA_b89_105_SNP_N_GenomeWideSNP_6_E07_777522	10	18185123	18199813	3	-1.8393
BUBBY_p_TCGA_b89_105_SNP_N_GenomeWideSNP_6_E07_777522	10	18223647	24377675	4347	0.0193
BUBBY_p_TCGA_b89_105_SNP_N_GenomeWideSNP_6_E07_777522	10	24377676	24378054	9	1.2627
BUBBY_p_TCGA_b89_105_SNP_N_GenomeWideSNP_6_E07_777522	10	24378908	47771030	12702	0.022
BUBBY_p_TCGA_b89_105_SNP_N_GenomeWideSNP_6_E07_777522	10	47897394	47948060	4	-1.7854
BUBBY_p_TCGA_b89_105_SNP_N_GenomeWideSNP_6_E07_777522	10	47960476	48902376	295	0.0499
BUBBY_p_TCGA_b89_105_SNP_N_GenomeWideSNP_6_E07_777522	10	48928791	48934756	2	-1.5326
BUBBY_p_TCGA_b89_105_SNP_N_GenomeWideSNP_6_E07_777522	10	48947018	67977892	13071	0.0071
BUBBY_p_TCGA_b89_105_SNP_N_GenomeWideSNP_6_E07_777522	10	67978807	67983410	6	-0.8046
BUBBY_p_TCGA_b89_105_SNP_N_GenomeWideSNP_6_E07_777522	10	67996867	82878159	9594	0.0241
BUBBY_p_TCGA_b89_105_SNP_N_GenomeWideSNP_6_E07_777522	10	82881330	82889783	10	-1.0288
BUBBY_p_TCGA_b89_105_SNP_N_GenomeWideSNP_6_E07_777522	10	82894469	135234192	36039	0.0167
BUBBY_p_TCGA_b89_105_SNP_N_GenomeWideSNP_6_E07_777522	10	135242873	135387867	112	0.6536
BUBBY_p_TCGA_b89_105_SNP_N_GenomeWideSNP_6_E07_777522	10	135387875	135506704	35	-0.016
BUBBY_p_TCGA_b89_105_SNP_N_GenomeWideSNP_6_E07_777522	11	198510	4239054	1791	0.0223
BUBBY_p_TCGA_b89_105_SNP_N_GenomeWideSNP_6_E07_777522	11	4250013	4335878	26	-0.815
BUBBY_p_TCGA_b89_105_SNP_N_GenomeWideSNP_6_E07_777522	11	4336067	5787405	1489	-0.005
BUBBY_p_TCGA_b89_105_SNP_N_GenomeWideSNP_6_E07_777522	11	5788080	5809048	31	-0.5695
BUBBY_p_TCGA_b89_105_SNP_N_GenomeWideSNP_6_E07_777522	11	5809139	6117976	248	-0.0319
BUBBY_p_TCGA_b89_105_SNP_N_GenomeWideSNP_6_E07_777522	11	6120647	6122094	2	-2.3537
BUBBY_p_TCGA_b89_105_SNP_N_GenomeWideSNP_6_E07_777522	11	6122503	24442174	13613	0.0159
BUBBY_p_TCGA_b89_105_SNP_N_GenomeWideSNP_6_E07_777522	11	24444249	24450257	6	-1.2462
BUBBY_p_TCGA_b89_105_SNP_N_GenomeWideSNP_6_E07_777522	11	24455176	38590961	10000	0.0112
BUBBY_p_TCGA_b89_105_SNP_N_GenomeWideSNP_6_E07_777522	11	38591526	38592891	3	-1.7903
BUBBY_p_TCGA_b89_105_SNP_N_GenomeWideSNP_6_E07_777522	11	38599637	56348087	8131	0.0087
BUBBY_p_TCGA_b89_105_SNP_N_GenomeWideSNP_6_E07_777522	11	56348546	56483315	78	0.6024
BUBBY_p_TCGA_b89_105_SNP_N_GenomeWideSNP_6_E07_777522	11	56483502	107230719	31803	0.013
BUBBY_p_TCGA_b89_105_SNP_N_GenomeWideSNP_6_E07_777522	11	107238656	107239128	7	-0.9309
BUBBY_p_TCGA_b89_105_SNP_N_GenomeWideSNP_6_E07_777522	11	107252362	134944770	19965	0.0236
BUBBY_p_TCGA_b89_105_SNP_N_GenomeWideSNP_6_E07_777522	12	150442	865970	418	0.0968
BUBBY_p_TCGA_b89_105_SNP_N_GenomeWideSNP_6_E07_777522	12	869109	874029	18	-0.8052
BUBBY_p_TCGA_b89_105_SNP_N_GenomeWideSNP_6_E07_777522	12	875354	45904438	28094	0.0166
BUBBY_p_TCGA_b89_105_SNP_N_GenomeWideSNP_6_E07_777522	12	45905840	45909537	3	-2.7079
BUBBY_p_TCGA_b89_105_SNP_N_GenomeWideSNP_6_E07_777522	12	45913292	70871858	15202	0.0158
BUBBY_p_TCGA_b89_105_SNP_N_GenomeWideSNP_6_E07_777522	12	70872675	70877750	5	-2.8215
BUBBY_p_TCGA_b89_105_SNP_N_GenomeWideSNP_6_E07_777522	12	70877765	70878027	4	-1.0763
BUBBY_p_TCGA_b89_105_SNP_N_GenomeWideSNP_6_E07_777522	12	70879385	133778189	41361	0.0205
BUBBY_p_TCGA_b89_105_SNP_N_GenomeWideSNP_6_E07_777522	13	19026949	23633004	2904	0.0166
BUBBY_p_TCGA_b89_105_SNP_N_GenomeWideSNP_6_E07_777522	13	23633131	23633515	6	0.7268
BUBBY_p_TCGA_b89_105_SNP_N_GenomeWideSNP_6_E07_777522	13	23638195	26209703	1949	0.0207
BUBBY_p_TCGA_b89_105_SNP_N_GenomeWideSNP_6_E07_777522	13	26210823	26221002	5	-0.8119
BUBBY_p_TCGA_b89_105_SNP_N_GenomeWideSNP_6_E07_777522	13	26223618	32532121	4784	0.019
BUBBY_p_TCGA_b89_105_SNP_N_GenomeWideSNP_6_E07_777522	13	32532622	32538423	18	-3.1435
BUBBY_p_TCGA_b89_105_SNP_N_GenomeWideSNP_6_E07_777522	13	32540047	39867902	5246	0.0232
BUBBY_p_TCGA_b89_105_SNP_N_GenomeWideSNP_6_E07_777522	13	39867917	39868092	3	-0.9194
BUBBY_p_TCGA_b89_105_SNP_N_GenomeWideSNP_6_E07_777522	13	39868130	47031713	4851	0.0226
BUBBY_p_TCGA_b89_105_SNP_N_GenomeWideSNP_6_E07_777522	13	47034809	47049466	4	-1.149
BUBBY_p_TCGA_b89_105_SNP_N_GenomeWideSNP_6_E07_777522	13	47049534	53059216	3730	0.0161
BUBBY_p_TCGA_b89_105_SNP_N_GenomeWideSNP_6_E07_777522	13	53071152	53094799	7	-0.9776
BUBBY_p_TCGA_b89_105_SNP_N_GenomeWideSNP_6_E07_777522	13	53097984	54671808	989	-0.0018
BUBBY_p_TCGA_b89_105_SNP_N_GenomeWideSNP_6_E07_777522	13	54674471	54678589	7	-1.0565
BUBBY_p_TCGA_b89_105_SNP_N_GenomeWideSNP_6_E07_777522	13	54679508	57751096	1635	0.0039
BUBBY_p_TCGA_b89_105_SNP_N_GenomeWideSNP_6_E07_777522	13	57758270	57778380	34	-0.574
BUBBY_p_TCGA_b89_105_SNP_N_GenomeWideSNP_6_E07_777522	13	57789714	64321552	3868	0.0024
BUBBY_p_TCGA_b89_105_SNP_N_GenomeWideSNP_6_E07_777522	13	64321881	64388271	41	0.4318
BUBBY_p_TCGA_b89_105_SNP_N_GenomeWideSNP_6_E07_777522	13	64392221	65352131	585	-0.0546
BUBBY_p_TCGA_b89_105_SNP_N_GenomeWideSNP_6_E07_777522	13	65352251	65353495	2	-1.4094
BUBBY_p_TCGA_b89_105_SNP_N_GenomeWideSNP_6_E07_777522	13	65356283	115108397	33683	0.0132
BUBBY_p_TCGA_b89_105_SNP_N_GenomeWideSNP_6_E07_777522	14	19002124	19422533	29	0.0562
BUBBY_p_TCGA_b89_105_SNP_N_GenomeWideSNP_6_E07_777522	14	19432799	20425911	165	-0.4614
BUBBY_p_TCGA_b89_105_SNP_N_GenomeWideSNP_6_E07_777522	14	20426547	106534144	54989	0.0157
BUBBY_p_TCGA_b89_105_SNP_N_GenomeWideSNP_6_E07_777522	14	106535295	106561441	14	0.6842
BUBBY_p_TCGA_b89_105_SNP_N_GenomeWideSNP_6_E07_777522	14	106567100	106783044	103	0.0137
BUBBY_p_TCGA_b89_105_SNP_N_GenomeWideSNP_6_E07_777522	14	106796025	106802053	7	-0.6942
BUBBY_p_TCGA_b89_105_SNP_N_GenomeWideSNP_6_E07_777522	14	106815943	106872062	32	0.0094
BUBBY_p_TCGA_b89_105_SNP_N_GenomeWideSNP_6_E07_777522	14	106874361	106939788	60	-0.6062
BUBBY_p_TCGA_b89_105_SNP_N_GenomeWideSNP_6_E07_777522	14	106943522	107285437	215	-0.0036
BUBBY_p_TCGA_b89_105_SNP_N_GenomeWideSNP_6_E07_777522	15	20016328	20412478	65	-0.0231
BUBBY_p_TCGA_b89_105_SNP_N_GenomeWideSNP_6_E07_777522	15	20416237	22587474	357	-0.7637
BUBBY_p_TCGA_b89_105_SNP_N_GenomeWideSNP_6_E07_777522	15	22673399	28709292	3815	0.0206
BUBBY_p_TCGA_b89_105_SNP_N_GenomeWideSNP_6_E07_777522	15	28911770	28943042	29	0.3515
BUBBY_p_TCGA_b89_105_SNP_N_GenomeWideSNP_6_E07_777522	15	28946446	76878362	30112	0.0164
BUBBY_p_TCGA_b89_105_SNP_N_GenomeWideSNP_6_E07_777522	15	76891241	76895775	22	-1.8994
BUBBY_p_TCGA_b89_105_SNP_N_GenomeWideSNP_6_E07_777522	15	76902179	97260131	13865	0.0184
BUBBY_p_TCGA_b89_105_SNP_N_GenomeWideSNP_6_E07_777522	15	97261358	97264678	6	-1.0267
BUBBY_p_TCGA_b89_105_SNP_N_GenomeWideSNP_6_E07_777522	15	97269781	102469040	3820	0.0271
BUBBY_p_TCGA_b89_105_SNP_N_GenomeWideSNP_6_E07_777522	16	60777	85827	4	0.7097
BUBBY_p_TCGA_b89_105_SNP_N_GenomeWideSNP_6_E07_777522	16	86125	650788	262	0.1658
BUBBY_p_TCGA_b89_105_SNP_N_GenomeWideSNP_6_E07_777522	16	650884	651407	7	0.552
BUBBY_p_TCGA_b89_105_SNP_N_GenomeWideSNP_6_E07_777522	16	651525	19944363	13261	0.0334
BUBBY_p_TCGA_b89_105_SNP_N_GenomeWideSNP_6_E07_777522	16	19945650	19967362	29	-0.7319
BUBBY_p_TCGA_b89_105_SNP_N_GenomeWideSNP_6_E07_777522	16	19970254	32878329	6666	0.0379
BUBBY_p_TCGA_b89_105_SNP_N_GenomeWideSNP_6_E07_777522	16	32878335	32916105	12	0.5828
BUBBY_p_TCGA_b89_105_SNP_N_GenomeWideSNP_6_E07_777522	16	32950253	55805555	7104	0.0182
BUBBY_p_TCGA_b89_105_SNP_N_GenomeWideSNP_6_E07_777522	16	55808421	55822397	11	0.4978
BUBBY_p_TCGA_b89_105_SNP_N_GenomeWideSNP_6_E07_777522	16	55822444	78371608	14436	0.0203
BUBBY_p_TCGA_b89_105_SNP_N_GenomeWideSNP_6_E07_777522	16	78372440	78384738	16	-2.456
BUBBY_p_TCGA_b89_105_SNP_N_GenomeWideSNP_6_E07_777522	16	78384765	80976361	3048	0.0263
BUBBY_p_TCGA_b89_105_SNP_N_GenomeWideSNP_6_E07_777522	16	80979433	80980497	4	-0.9669
BUBBY_p_TCGA_b89_105_SNP_N_GenomeWideSNP_6_E07_777522	16	80986257	88110422	6745	0.0314
BUBBY_p_TCGA_b89_105_SNP_N_GenomeWideSNP_6_E07_777522	16	88113663	88116130	5	-1.4455
BUBBY_p_TCGA_b89_105_SNP_N_GenomeWideSNP_6_E07_777522	16	88116483	90287535	848	0.1038
BUBBY_p_TCGA_b89_105_SNP_N_GenomeWideSNP_6_E07_777522	17	526	39421708	20980	0.0292
BUBBY_p_TCGA_b89_105_SNP_N_GenomeWideSNP_6_E07_777522	17	39423014	39430531	24	-0.9474
BUBBY_p_TCGA_b89_105_SNP_N_GenomeWideSNP_6_E07_777522	17	39432724	41418334	1103	0.0188
BUBBY_p_TCGA_b89_105_SNP_N_GenomeWideSNP_6_E07_777522	17	41419115	41443704	10	0.4537
BUBBY_p_TCGA_b89_105_SNP_N_GenomeWideSNP_6_E07_777522	17	41445145	42304644	476	0.0308
BUBBY_p_TCGA_b89_105_SNP_N_GenomeWideSNP_6_E07_777522	17	42304894	42305332	2	-1.1423
BUBBY_p_TCGA_b89_105_SNP_N_GenomeWideSNP_6_E07_777522	17	42308564	51238481	4853	0.0349
BUBBY_p_TCGA_b89_105_SNP_N_GenomeWideSNP_6_E07_777522	17	51240370	51309477	41	-0.2421
BUBBY_p_TCGA_b89_105_SNP_N_GenomeWideSNP_6_E07_777522	17	51309571	55687489	3214	0.027
BUBBY_p_TCGA_b89_105_SNP_N_GenomeWideSNP_6_E07_777522	17	55688333	55688993	2	-1.8176
BUBBY_p_TCGA_b89_105_SNP_N_GenomeWideSNP_6_E07_777522	17	55691993	72008065	9965	0.0258
BUBBY_p_TCGA_b89_105_SNP_N_GenomeWideSNP_6_E07_777522	17	72011580	72041498	24	0.3365
BUBBY_p_TCGA_b89_105_SNP_N_GenomeWideSNP_6_E07_777522	17	72041644	72224190	125	0.0711
BUBBY_p_TCGA_b89_105_SNP_N_GenomeWideSNP_6_E07_777522	17	72233638	72234103	2	-1.1561
BUBBY_p_TCGA_b89_105_SNP_N_GenomeWideSNP_6_E07_777522	17	72234331	81049726	4501	0.0468
BUBBY_p_TCGA_b89_105_SNP_N_GenomeWideSNP_6_E07_777522	18	11543	63717251	40388	0.0194
BUBBY_p_TCGA_b89_105_SNP_N_GenomeWideSNP_6_E07_777522	18	63717521	63728340	15	-0.6033
BUBBY_p_TCGA_b89_105_SNP_N_GenomeWideSNP_6_E07_777522	18	63732738	63767140	48	-0.0701
BUBBY_p_TCGA_b89_105_SNP_N_GenomeWideSNP_6_E07_777522	18	63767288	63775595	3	1.1856
BUBBY_p_TCGA_b89_105_SNP_N_GenomeWideSNP_6_E07_777522	18	63777130	63906866	97	-0.0239
BUBBY_p_TCGA_b89_105_SNP_N_GenomeWideSNP_6_E07_777522	18	63907434	63911589	10	-0.8565
BUBBY_p_TCGA_b89_105_SNP_N_GenomeWideSNP_6_E07_777522	18	63911876	66743345	2064	0.0064
BUBBY_p_TCGA_b89_105_SNP_N_GenomeWideSNP_6_E07_777522	18	66746106	66753326	38	-0.9639
BUBBY_p_TCGA_b89_105_SNP_N_GenomeWideSNP_6_E07_777522	18	66757696	78015057	8173	0.0107
BUBBY_p_TCGA_b89_105_SNP_N_GenomeWideSNP_6_E07_777522	19	90910	5506659	1599	0.0446
BUBBY_p_TCGA_b89_105_SNP_N_GenomeWideSNP_6_E07_777522	19	5510239	5510700	4	-1.2307
BUBBY_p_TCGA_b89_105_SNP_N_GenomeWideSNP_6_E07_777522	19	5513059	52142352	23367	0.0288
BUBBY_p_TCGA_b89_105_SNP_N_GenomeWideSNP_6_E07_777522	19	52142615	52148197	10	-0.9111
BUBBY_p_TCGA_b89_105_SNP_N_GenomeWideSNP_6_E07_777522	19	52154905	53513512	944	0.0389
BUBBY_p_TCGA_b89_105_SNP_N_GenomeWideSNP_6_E07_777522	19	53514327	53546855	24	0.6011
BUBBY_p_TCGA_b89_105_SNP_N_GenomeWideSNP_6_E07_777522	19	53547361	59097854	3418	0.0476
BUBBY_p_TCGA_b89_105_SNP_N_GenomeWideSNP_6_E07_777522	20	61305	1560999	1207	0.0288
BUBBY_p_TCGA_b89_105_SNP_N_GenomeWideSNP_6_E07_777522	20	1561580	1572218	26	-0.5633
BUBBY_p_TCGA_b89_105_SNP_N_GenomeWideSNP_6_E07_777522	20	1572243	26305579	18833	0.016
BUBBY_p_TCGA_b89_105_SNP_N_GenomeWideSNP_6_E07_777522	20	29420352	29529825	25	-0.5053
BUBBY_p_TCGA_b89_105_SNP_N_GenomeWideSNP_6_E07_777522	20	29529915	60548170	21443	0.0237
BUBBY_p_TCGA_b89_105_SNP_N_GenomeWideSNP_6_E07_777522	20	60559028	60559084	3	-0.9461
BUBBY_p_TCGA_b89_105_SNP_N_GenomeWideSNP_6_E07_777522	20	60567750	62956153	978	0.0475
BUBBY_p_TCGA_b89_105_SNP_N_GenomeWideSNP_6_E07_777522	21	10736871	44968053	22652	0.0108
BUBBY_p_TCGA_b89_105_SNP_N_GenomeWideSNP_6_E07_777522	21	44970873	44972812	2	2.0816
BUBBY_p_TCGA_b89_105_SNP_N_GenomeWideSNP_6_E07_777522	21	44973667	48096957	1766	0.0375
BUBBY_p_TCGA_b89_105_SNP_N_GenomeWideSNP_6_E07_777522	22	16052528	24271745	4591	0.081
BUBBY_p_TCGA_b89_105_SNP_N_GenomeWideSNP_6_E07_777522	22	24283016	24344422	33	0.5096
BUBBY_p_TCGA_b89_105_SNP_N_GenomeWideSNP_6_E07_777522	22	24350529	24396814	19	-1.7827
BUBBY_p_TCGA_b89_105_SNP_N_GenomeWideSNP_6_E07_777522	22	24401529	29869190	4351	0.0308
BUBBY_p_TCGA_b89_105_SNP_N_GenomeWideSNP_6_E07_777522	22	29870258	29870375	4	1.632
BUBBY_p_TCGA_b89_105_SNP_N_GenomeWideSNP_6_E07_777522	22	29881701	42907503	8446	0.0307
BUBBY_p_TCGA_b89_105_SNP_N_GenomeWideSNP_6_E07_777522	22	42910769	42977066	29	0.4083
BUBBY_p_TCGA_b89_105_SNP_N_GenomeWideSNP_6_E07_777522	22	42977190	51234455	6101	0.0294
BUBBY_p_TCGA_b89_105_SNP_N_GenomeWideSNP_6_E07_777522	X	168477	150292898	82187	0.0173
BUBBY_p_TCGA_b89_105_SNP_N_GenomeWideSNP_6_E07_777522	X	150293934	150295459	2	-2.5618
BUBBY_p_TCGA_b89_105_SNP_N_GenomeWideSNP_6_E07_777522	X	150296555	155182354	2433	0.0285
BUBBY_p_TCGA_b89_105_SNP_N_GenomeWideSNP_6_E07_777522	Y	2650438	6101425	871	-2.5968
BUBBY_p_TCGA_b89_105_SNP_N_GenomeWideSNP_6_E07_777522	Y	6107901	6313572	91	-3.9832
BUBBY_p_TCGA_b89_105_SNP_N_GenomeWideSNP_6_E07_777522	Y	6315579	8363587	1118	-3.1051
BUBBY_p_TCGA_b89_105_SNP_N_GenomeWideSNP_6_E07_777522	Y	8363850	9759564	547	-3.4261
BUBBY_p_TCGA_b89_105_SNP_N_GenomeWideSNP_6_E07_777522	Y	9774614	15590276	951	-3.0811
BUBBY_p_TCGA_b89_105_SNP_N_GenomeWideSNP_6_E07_777522	Y	15590342	15594523	3	-7.6439
BUBBY_p_TCGA_b89_105_SNP_N_GenomeWideSNP_6_E07_777522	Y	15594889	19165254	1879	-3.1397
BUBBY_p_TCGA_b89_105_SNP_N_GenomeWideSNP_6_E07_777522	Y	19166861	19182271	9	-5.9178
BUBBY_p_TCGA_b89_105_SNP_N_GenomeWideSNP_6_E07_777522	Y	19185349	19570632	193	-3.1516
BUBBY_p_TCGA_b89_105_SNP_N_GenomeWideSNP_6_E07_777522	Y	19571480	21088297	705	-3.7518
BUBBY_p_TCGA_b89_105_SNP_N_GenomeWideSNP_6_E07_777522	Y	21088485	23859163	1053	-3.1783
BUBBY_p_TCGA_b89_105_SNP_N_GenomeWideSNP_6_E07_777522	Y	23859468	24359931	112	-3.7387
BUBBY_p_TCGA_b89_105_SNP_N_GenomeWideSNP_6_E07_777522	Y	24361272	24515802	80	-3.0724
BUBBY_p_TCGA_b89_105_SNP_N_GenomeWideSNP_6_E07_777522	Y	24516081	24964952	79	-4.1201
BUBBY_p_TCGA_b89_105_SNP_N_GenomeWideSNP_6_E07_777522	Y	24979518	25975796	144	-3.4613
BUBBY_p_TCGA_b89_105_SNP_N_GenomeWideSNP_6_E07_777522	Y	25976129	26218232	98	-4.0137
BUBBY_p_TCGA_b89_105_SNP_N_GenomeWideSNP_6_E07_777522	Y	26222820	26598702	86	-2.9728
BUBBY_p_TCGA_b89_105_SNP_N_GenomeWideSNP_6_E07_777522	Y	26604818	27240184	83	-4.2861
BUBBY_p_TCGA_b89_105_SNP_N_GenomeWideSNP_6_E07_777522	Y	27254679	27720551	98	-2.8622
BUBBY_p_TCGA_b89_105_SNP_N_GenomeWideSNP_6_E07_777522	Y	27721084	28452016	258	-3.7492
BUBBY_p_TCGA_b89_105_SNP_N_GenomeWideSNP_6_E07_777522	Y	28457337	59018259	176	-2.7301
