Sample	Chromosome	Start	End	Num_Probes	Segment_Mean
MOWED_p_TCGAb3_39_40_41_42_STY_GenomeWideSNP_6_C08_1377446	1	3208470	7248788	2536	0.0507
MOWED_p_TCGAb3_39_40_41_42_STY_GenomeWideSNP_6_C08_1377446	1	7249107	7249262	2	-1.952
MOWED_p_TCGAb3_39_40_41_42_STY_GenomeWideSNP_6_C08_1377446	1	7253914	83846480	43144	0.0534
MOWED_p_TCGAb3_39_40_41_42_STY_GenomeWideSNP_6_C08_1377446	1	83846836	83849377	2	1.8742
MOWED_p_TCGAb3_39_40_41_42_STY_GenomeWideSNP_6_C08_1377446	1	83856712	245880329	82871	0.0565
MOWED_p_TCGAb3_39_40_41_42_STY_GenomeWideSNP_6_C08_1377446	2	474222	23318649	14682	0.0544
MOWED_p_TCGAb3_39_40_41_42_STY_GenomeWideSNP_6_C08_1377446	2	23320371	23327062	7	-0.8065
MOWED_p_TCGAb3_39_40_41_42_STY_GenomeWideSNP_6_C08_1377446	2	23329291	168843394	74179	0.0518
MOWED_p_TCGAb3_39_40_41_42_STY_GenomeWideSNP_6_C08_1377446	2	168845745	168853787	6	-0.9079
MOWED_p_TCGAb3_39_40_41_42_STY_GenomeWideSNP_6_C08_1377446	2	168854113	242124735	42039	0.0524
MOWED_p_TCGAb3_39_40_41_42_STY_GenomeWideSNP_6_C08_1377446	3	526235	21590810	11423	-0.4492
MOWED_p_TCGAb3_39_40_41_42_STY_GenomeWideSNP_6_C08_1377446	3	21591433	21591511	2	-2.4036
MOWED_p_TCGAb3_39_40_41_42_STY_GenomeWideSNP_6_C08_1377446	3	21591739	86344215	37342	-0.4524
MOWED_p_TCGAb3_39_40_41_42_STY_GenomeWideSNP_6_C08_1377446	3	86347892	86348505	2	-2.3117
MOWED_p_TCGAb3_39_40_41_42_STY_GenomeWideSNP_6_C08_1377446	3	86352852	96629276	2669	-0.4584
MOWED_p_TCGAb3_39_40_41_42_STY_GenomeWideSNP_6_C08_1377446	3	96630983	96631014	2	-2.2211
MOWED_p_TCGAb3_39_40_41_42_STY_GenomeWideSNP_6_C08_1377446	3	96631696	149784608	29224	-0.4465
MOWED_p_TCGAb3_39_40_41_42_STY_GenomeWideSNP_6_C08_1377446	3	149790148	149790165	2	-2.1336
MOWED_p_TCGAb3_39_40_41_42_STY_GenomeWideSNP_6_C08_1377446	3	149791084	199023074	25329	-0.4573
MOWED_p_TCGAb3_39_40_41_42_STY_GenomeWideSNP_6_C08_1377446	4	1043934	189836143	102450	0.0629
MOWED_p_TCGAb3_39_40_41_42_STY_GenomeWideSNP_6_C08_1377446	5	967233	11488767	7510	0.4431
MOWED_p_TCGAb3_39_40_41_42_STY_GenomeWideSNP_6_C08_1377446	5	11489286	11748787	185	0.1001
MOWED_p_TCGAb3_39_40_41_42_STY_GenomeWideSNP_6_C08_1377446	5	11749354	180293075	92495	0.4386
MOWED_p_TCGAb3_39_40_41_42_STY_GenomeWideSNP_6_C08_1377446	6	959281	170745844	96152	0.0563
MOWED_p_TCGAb3_39_40_41_42_STY_GenomeWideSNP_6_C08_1377446	7	671810	158077879	81096	0.0606
MOWED_p_TCGAb3_39_40_41_42_STY_GenomeWideSNP_6_C08_1377446	8	607667	145304484	81230	-0.4678
MOWED_p_TCGAb3_39_40_41_42_STY_GenomeWideSNP_6_C08_1377446	9	779932	140058573	67769	0.0507
MOWED_p_TCGAb3_39_40_41_42_STY_GenomeWideSNP_6_C08_1377446	10	405240	14680585	10315	0.0278
MOWED_p_TCGAb3_39_40_41_42_STY_GenomeWideSNP_6_C08_1377446	10	14680719	14680752	2	1.2818
MOWED_p_TCGAb3_39_40_41_42_STY_GenomeWideSNP_6_C08_1377446	10	14681365	82330687	36939	-0.1529
MOWED_p_TCGAb3_39_40_41_42_STY_GenomeWideSNP_6_C08_1377446	10	82333030	82333090	2	-2.1377
MOWED_p_TCGAb3_39_40_41_42_STY_GenomeWideSNP_6_C08_1377446	10	82333619	113026323	18879	-0.1993
MOWED_p_TCGAb3_39_40_41_42_STY_GenomeWideSNP_6_C08_1377446	10	113026683	113028558	2	-2.0778
MOWED_p_TCGAb3_39_40_41_42_STY_GenomeWideSNP_6_C08_1377446	10	113029155	135075077	14463	-0.2015
MOWED_p_TCGAb3_39_40_41_42_STY_GenomeWideSNP_6_C08_1377446	11	446120	133647740	76973	0.0538
MOWED_p_TCGAb3_39_40_41_42_STY_GenomeWideSNP_6_C08_1377446	12	760163	25614402	14502	0.0569
MOWED_p_TCGAb3_39_40_41_42_STY_GenomeWideSNP_6_C08_1377446	12	25614865	25617453	2	-1.8407
MOWED_p_TCGAb3_39_40_41_42_STY_GenomeWideSNP_6_C08_1377446	12	25620073	102464392	43074	0.0657
MOWED_p_TCGAb3_39_40_41_42_STY_GenomeWideSNP_6_C08_1377446	12	102464467	102466552	3	-1.137
MOWED_p_TCGAb3_39_40_41_42_STY_GenomeWideSNP_6_C08_1377446	12	102466844	119664735	10622	0.0683
MOWED_p_TCGAb3_39_40_41_42_STY_GenomeWideSNP_6_C08_1377446	12	119665377	119668217	5	-0.7968
MOWED_p_TCGAb3_39_40_41_42_STY_GenomeWideSNP_6_C08_1377446	12	119670932	131671419	5489	0.0693
MOWED_p_TCGAb3_39_40_41_42_STY_GenomeWideSNP_6_C08_1377446	13	18348806	39020136	13086	0.0533
MOWED_p_TCGAb3_39_40_41_42_STY_GenomeWideSNP_6_C08_1377446	13	39020521	39023391	5	-1.0476
MOWED_p_TCGAb3_39_40_41_42_STY_GenomeWideSNP_6_C08_1377446	13	39023453	80700642	22882	0.0537
MOWED_p_TCGAb3_39_40_41_42_STY_GenomeWideSNP_6_C08_1377446	13	80703687	80709685	2	-1.7504
MOWED_p_TCGAb3_39_40_41_42_STY_GenomeWideSNP_6_C08_1377446	13	80713866	106180636	15758	0.0568
MOWED_p_TCGAb3_39_40_41_42_STY_GenomeWideSNP_6_C08_1377446	13	106182239	106182711	2	1.5347
MOWED_p_TCGAb3_39_40_41_42_STY_GenomeWideSNP_6_C08_1377446	13	106183236	114005560	4732	0.0479
MOWED_p_TCGAb3_39_40_41_42_STY_GenomeWideSNP_6_C08_1377446	14	19571208	74140846	30345	0.0521
MOWED_p_TCGAb3_39_40_41_42_STY_GenomeWideSNP_6_C08_1377446	14	74143675	74144069	2	-1.9283
MOWED_p_TCGAb3_39_40_41_42_STY_GenomeWideSNP_6_C08_1377446	14	74146342	105059083	18938	0.0462
MOWED_p_TCGAb3_39_40_41_42_STY_GenomeWideSNP_6_C08_1377446	15	21238778	99701830	44403	0.0447
MOWED_p_TCGAb3_39_40_41_42_STY_GenomeWideSNP_6_C08_1377446	16	593460	87907437	40726	-0.0639
MOWED_p_TCGAb3_39_40_41_42_STY_GenomeWideSNP_6_C08_1377446	17	933971	78510305	36870	0.0368
MOWED_p_TCGAb3_39_40_41_42_STY_GenomeWideSNP_6_C08_1377446	18	319586	7013705	3337	0.0599
MOWED_p_TCGAb3_39_40_41_42_STY_GenomeWideSNP_6_C08_1377446	18	7013733	7013748	2	-1.238
MOWED_p_TCGAb3_39_40_41_42_STY_GenomeWideSNP_6_C08_1377446	18	7015506	9704184	1898	0.0593
MOWED_p_TCGAb3_39_40_41_42_STY_GenomeWideSNP_6_C08_1377446	18	9705004	9708881	2	1.7033
MOWED_p_TCGAb3_39_40_41_42_STY_GenomeWideSNP_6_C08_1377446	18	9710421	75210228	37285	0.0597
MOWED_p_TCGAb3_39_40_41_42_STY_GenomeWideSNP_6_C08_1377446	19	235018	63570038	23892	0.0277
MOWED_p_TCGAb3_39_40_41_42_STY_GenomeWideSNP_6_C08_1377446	20	403764	61690281	37160	0.0447
MOWED_p_TCGAb3_39_40_41_42_STY_GenomeWideSNP_6_C08_1377446	21	14269492	46503202	20517	0.0441
MOWED_p_TCGAb3_39_40_41_42_STY_GenomeWideSNP_6_C08_1377446	22	15803930	47717016	16875	0.0373
MOWED_p_TCGAb3_39_40_41_42_STY_GenomeWideSNP_6_C08_1377446	X	3167107	154558783	62956	0.0016
