GDC_Aliquot	Chromosome	Start	End	Num_Probes	Segment_Mean
d89f4f9e-36ca-47c2-a6f0-a23b1c2a7348	1	62920	6020227	2808	-0.7166
d89f4f9e-36ca-47c2-a6f0-a23b1c2a7348	1	6027774	8200774	1250	-0.6546
d89f4f9e-36ca-47c2-a6f0-a23b1c2a7348	1	8202575	8212414	11	-2.2846
d89f4f9e-36ca-47c2-a6f0-a23b1c2a7348	1	8212571	16686246	4580	-0.6566
d89f4f9e-36ca-47c2-a6f0-a23b1c2a7348	1	16689764	16956580	79	-0.2119
d89f4f9e-36ca-47c2-a6f0-a23b1c2a7348	1	16958425	25256850	5230	-0.6595
d89f4f9e-36ca-47c2-a6f0-a23b1c2a7348	1	25266637	25319693	21	-1.4838
d89f4f9e-36ca-47c2-a6f0-a23b1c2a7348	1	25320198	43951958	10215	-0.6533
d89f4f9e-36ca-47c2-a6f0-a23b1c2a7348	1	43954576	43955082	2	-3.6147
d89f4f9e-36ca-47c2-a6f0-a23b1c2a7348	1	43958033	47378864	1725	-0.6482
d89f4f9e-36ca-47c2-a6f0-a23b1c2a7348	1	47379261	49063920	1223	-0.7448
d89f4f9e-36ca-47c2-a6f0-a23b1c2a7348	1	49064166	53384853	2013	-0.6365
d89f4f9e-36ca-47c2-a6f0-a23b1c2a7348	1	53385493	112147704	39017	-0.7015
d89f4f9e-36ca-47c2-a6f0-a23b1c2a7348	1	112153343	112163460	29	-0.021
d89f4f9e-36ca-47c2-a6f0-a23b1c2a7348	1	112163496	143709858	5225	-0.6929
d89f4f9e-36ca-47c2-a6f0-a23b1c2a7348	1	143709910	145664420	65	-0.122
d89f4f9e-36ca-47c2-a6f0-a23b1c2a7348	1	145670653	152578988	2288	0.0815
d89f4f9e-36ca-47c2-a6f0-a23b1c2a7348	1	152579167	152607145	35	-0.1769
d89f4f9e-36ca-47c2-a6f0-a23b1c2a7348	1	152607349	152614118	8	-0.8064
d89f4f9e-36ca-47c2-a6f0-a23b1c2a7348	1	152618018	152784298	164	0.0818
d89f4f9e-36ca-47c2-a6f0-a23b1c2a7348	1	152784330	152795805	36	0.7084
d89f4f9e-36ca-47c2-a6f0-a23b1c2a7348	1	152795862	169247699	11286	0.0759
d89f4f9e-36ca-47c2-a6f0-a23b1c2a7348	1	169264736	169272528	7	-1.7747
d89f4f9e-36ca-47c2-a6f0-a23b1c2a7348	1	169273163	196745743	18179	0.0481
d89f4f9e-36ca-47c2-a6f0-a23b1c2a7348	1	196758720	196832312	56	-0.4665
d89f4f9e-36ca-47c2-a6f0-a23b1c2a7348	1	196832525	209897717	8791	0.069
d89f4f9e-36ca-47c2-a6f0-a23b1c2a7348	1	209908268	209910639	3	-1.7573
d89f4f9e-36ca-47c2-a6f0-a23b1c2a7348	1	209913207	248930189	27023	0.0573
d89f4f9e-36ca-47c2-a6f0-a23b1c2a7348	2	12784	4158097	2988	0.0434
d89f4f9e-36ca-47c2-a6f0-a23b1c2a7348	2	4166274	4182472	43	0.4139
d89f4f9e-36ca-47c2-a6f0-a23b1c2a7348	2	4187192	8634743	3799	0.0447
d89f4f9e-36ca-47c2-a6f0-a23b1c2a7348	2	8634774	8634870	2	-3.3932
d89f4f9e-36ca-47c2-a6f0-a23b1c2a7348	2	8635214	14562225	4208	0.0646
d89f4f9e-36ca-47c2-a6f0-a23b1c2a7348	2	14563383	14563399	2	1.7189
d89f4f9e-36ca-47c2-a6f0-a23b1c2a7348	2	14563508	23408828	6355	0.0335
d89f4f9e-36ca-47c2-a6f0-a23b1c2a7348	2	23410141	27514389	2060	0.1004
d89f4f9e-36ca-47c2-a6f0-a23b1c2a7348	2	27518370	34466002	4638	0.0468
d89f4f9e-36ca-47c2-a6f0-a23b1c2a7348	2	34474248	34483565	7	-2.2671
d89f4f9e-36ca-47c2-a6f0-a23b1c2a7348	2	34483583	34492841	22	-0.6826
d89f4f9e-36ca-47c2-a6f0-a23b1c2a7348	2	34492907	34511990	17	-1.9466
d89f4f9e-36ca-47c2-a6f0-a23b1c2a7348	2	34512096	52527330	13005	0.0548
d89f4f9e-36ca-47c2-a6f0-a23b1c2a7348	2	52527342	52554384	38	0.6476
d89f4f9e-36ca-47c2-a6f0-a23b1c2a7348	2	52554404	107824280	30439	0.0517
d89f4f9e-36ca-47c2-a6f0-a23b1c2a7348	2	107830513	107864451	2	2.506
d89f4f9e-36ca-47c2-a6f0-a23b1c2a7348	2	107875632	146106875	22832	0.0394
d89f4f9e-36ca-47c2-a6f0-a23b1c2a7348	2	146106889	146109366	21	0.7683
d89f4f9e-36ca-47c2-a6f0-a23b1c2a7348	2	146120238	179196928	20274	0.042
d89f4f9e-36ca-47c2-a6f0-a23b1c2a7348	2	179202465	179214417	3	-1.8737
d89f4f9e-36ca-47c2-a6f0-a23b1c2a7348	2	179218864	232378051	32586	0.0446
d89f4f9e-36ca-47c2-a6f0-a23b1c2a7348	2	232384437	232415432	21	-0.7048
d89f4f9e-36ca-47c2-a6f0-a23b1c2a7348	2	232415529	236894557	3105	0.0552
d89f4f9e-36ca-47c2-a6f0-a23b1c2a7348	2	236894657	236895291	6	-0.8514
d89f4f9e-36ca-47c2-a6f0-a23b1c2a7348	2	236895339	242147305	3065	0.0693
d89f4f9e-36ca-47c2-a6f0-a23b1c2a7348	3	20930	45216151	32128	0.0543
d89f4f9e-36ca-47c2-a6f0-a23b1c2a7348	3	45216455	53330112	3829	0.1037
d89f4f9e-36ca-47c2-a6f0-a23b1c2a7348	3	53332107	68697013	11837	0.052
d89f4f9e-36ca-47c2-a6f0-a23b1c2a7348	3	68697108	68698262	14	-0.8409
d89f4f9e-36ca-47c2-a6f0-a23b1c2a7348	3	68699607	75546030	4938	0.0499
d89f4f9e-36ca-47c2-a6f0-a23b1c2a7348	3	75547095	75632059	15	0.595
d89f4f9e-36ca-47c2-a6f0-a23b1c2a7348	3	75633167	99226455	10970	0.046
d89f4f9e-36ca-47c2-a6f0-a23b1c2a7348	3	99226551	99232120	25	-0.5282
d89f4f9e-36ca-47c2-a6f0-a23b1c2a7348	3	99232539	125716589	16237	0.0467
d89f4f9e-36ca-47c2-a6f0-a23b1c2a7348	3	125717394	125739919	11	0.8705
d89f4f9e-36ca-47c2-a6f0-a23b1c2a7348	3	125743486	162815162	22781	0.048
d89f4f9e-36ca-47c2-a6f0-a23b1c2a7348	3	162816942	162822702	6	-1.2204
d89f4f9e-36ca-47c2-a6f0-a23b1c2a7348	3	162827928	193162798	19224	0.05
d89f4f9e-36ca-47c2-a6f0-a23b1c2a7348	3	193162937	193165114	11	-0.8847
d89f4f9e-36ca-47c2-a6f0-a23b1c2a7348	3	193168646	198169247	2692	0.0678
d89f4f9e-36ca-47c2-a6f0-a23b1c2a7348	4	68929	9455251	5159	0.0739
d89f4f9e-36ca-47c2-a6f0-a23b1c2a7348	4	9459504	9477699	6	-0.8034
d89f4f9e-36ca-47c2-a6f0-a23b1c2a7348	4	9484440	10208766	540	0.0475
d89f4f9e-36ca-47c2-a6f0-a23b1c2a7348	4	10221792	10227256	7	-0.6528
d89f4f9e-36ca-47c2-a6f0-a23b1c2a7348	4	10227303	10229625	20	-1.5718
d89f4f9e-36ca-47c2-a6f0-a23b1c2a7348	4	10229874	34764149	16970	0.0318
d89f4f9e-36ca-47c2-a6f0-a23b1c2a7348	4	34768684	34828327	51	0.5036
d89f4f9e-36ca-47c2-a6f0-a23b1c2a7348	4	34828382	42932938	5380	0.0425
d89f4f9e-36ca-47c2-a6f0-a23b1c2a7348	4	42936786	42937441	2	1.5948
d89f4f9e-36ca-47c2-a6f0-a23b1c2a7348	4	42937675	57733549	7630	0.0397
d89f4f9e-36ca-47c2-a6f0-a23b1c2a7348	4	57733709	63280986	3231	-0.0191
d89f4f9e-36ca-47c2-a6f0-a23b1c2a7348	4	63281375	63286195	3	-2.961
d89f4f9e-36ca-47c2-a6f0-a23b1c2a7348	4	63288849	68361130	3184	-0.0162
d89f4f9e-36ca-47c2-a6f0-a23b1c2a7348	4	68378716	68439221	13	0.6693
d89f4f9e-36ca-47c2-a6f0-a23b1c2a7348	4	68450733	68506285	10	-0.2196
d89f4f9e-36ca-47c2-a6f0-a23b1c2a7348	4	68509223	68623617	66	0.5055
d89f4f9e-36ca-47c2-a6f0-a23b1c2a7348	4	68639397	69241068	306	0.0505
d89f4f9e-36ca-47c2-a6f0-a23b1c2a7348	4	69252259	69366406	64	0.3124
d89f4f9e-36ca-47c2-a6f0-a23b1c2a7348	4	69370433	114252544	27323	-0.0214
d89f4f9e-36ca-47c2-a6f0-a23b1c2a7348	4	114254167	114264667	31	0.5524
d89f4f9e-36ca-47c2-a6f0-a23b1c2a7348	4	114265409	154881396	24035	-0.0298
d89f4f9e-36ca-47c2-a6f0-a23b1c2a7348	4	154881853	154881926	3	-2.7318
d89f4f9e-36ca-47c2-a6f0-a23b1c2a7348	4	154882047	160958989	3922	-0.0327
d89f4f9e-36ca-47c2-a6f0-a23b1c2a7348	4	160959045	160963448	17	-2.036
d89f4f9e-36ca-47c2-a6f0-a23b1c2a7348	4	160963756	188300104	18025	-0.0174
d89f4f9e-36ca-47c2-a6f0-a23b1c2a7348	4	188300206	188300285	4	1.5821
d89f4f9e-36ca-47c2-a6f0-a23b1c2a7348	4	188301659	188844630	460	-0.0105
d89f4f9e-36ca-47c2-a6f0-a23b1c2a7348	4	188844689	190106768	682	0.0358
d89f4f9e-36ca-47c2-a6f0-a23b1c2a7348	5	15532	5680081	4402	0.0369
d89f4f9e-36ca-47c2-a6f0-a23b1c2a7348	5	5680243	5715019	45	0.4712
d89f4f9e-36ca-47c2-a6f0-a23b1c2a7348	5	5717261	12800777	5743	0.0423
d89f4f9e-36ca-47c2-a6f0-a23b1c2a7348	5	12815668	12838421	14	-1.0594
d89f4f9e-36ca-47c2-a6f0-a23b1c2a7348	5	12849089	46271006	20470	0.0452
d89f4f9e-36ca-47c2-a6f0-a23b1c2a7348	5	46271828	46273400	6	-2.0168
d89f4f9e-36ca-47c2-a6f0-a23b1c2a7348	5	46278110	69533520	12404	0.0421
d89f4f9e-36ca-47c2-a6f0-a23b1c2a7348	5	69550476	70017846	9	0.8259
d89f4f9e-36ca-47c2-a6f0-a23b1c2a7348	5	70017861	100402960	17148	0.0435
d89f4f9e-36ca-47c2-a6f0-a23b1c2a7348	5	100409280	100507719	46	-0.7689
d89f4f9e-36ca-47c2-a6f0-a23b1c2a7348	5	100512630	128614225	18564	0.0362
d89f4f9e-36ca-47c2-a6f0-a23b1c2a7348	5	128619915	128757127	83	-0.6689
d89f4f9e-36ca-47c2-a6f0-a23b1c2a7348	5	128758184	177771448	31955	0.0457
d89f4f9e-36ca-47c2-a6f0-a23b1c2a7348	5	177800550	177805604	3	2.147
d89f4f9e-36ca-47c2-a6f0-a23b1c2a7348	5	177827964	177963074	22	0.1692
d89f4f9e-36ca-47c2-a6f0-a23b1c2a7348	5	177963270	177973867	8	-1.0457
d89f4f9e-36ca-47c2-a6f0-a23b1c2a7348	5	177974381	180947523	1766	0.0795
d89f4f9e-36ca-47c2-a6f0-a23b1c2a7348	5	180951710	180991103	19	-1.5631
d89f4f9e-36ca-47c2-a6f0-a23b1c2a7348	5	181006225	181363319	168	-0.0241
d89f4f9e-36ca-47c2-a6f0-a23b1c2a7348	6	149661	29869410	21655	0.0574
d89f4f9e-36ca-47c2-a6f0-a23b1c2a7348	6	29869411	29881490	15	-0.7784
d89f4f9e-36ca-47c2-a6f0-a23b1c2a7348	6	29882419	31313046	664	0.0997
d89f4f9e-36ca-47c2-a6f0-a23b1c2a7348	6	31318499	31328674	11	-1.1975
d89f4f9e-36ca-47c2-a6f0-a23b1c2a7348	6	31342147	32638107	555	-0.0138
d89f4f9e-36ca-47c2-a6f0-a23b1c2a7348	6	32638979	43923119	7115	0.0913
d89f4f9e-36ca-47c2-a6f0-a23b1c2a7348	6	43923246	76705438	18750	0.0438
d89f4f9e-36ca-47c2-a6f0-a23b1c2a7348	6	76706116	76751356	42	0.3724
d89f4f9e-36ca-47c2-a6f0-a23b1c2a7348	6	76758214	78259348	976	0.0596
d89f4f9e-36ca-47c2-a6f0-a23b1c2a7348	6	78259388	78317255	100	0.3207
d89f4f9e-36ca-47c2-a6f0-a23b1c2a7348	6	78317411	125861617	29422	0.0476
d89f4f9e-36ca-47c2-a6f0-a23b1c2a7348	6	125862546	125865630	3	-1.7689
d89f4f9e-36ca-47c2-a6f0-a23b1c2a7348	6	125867747	162096842	24245	0.0463
d89f4f9e-36ca-47c2-a6f0-a23b1c2a7348	6	162099900	162389343	233	0.5317
d89f4f9e-36ca-47c2-a6f0-a23b1c2a7348	6	162392632	170741917	5800	0.0381
d89f4f9e-36ca-47c2-a6f0-a23b1c2a7348	7	43355	2865851	1017	0.0874
d89f4f9e-36ca-47c2-a6f0-a23b1c2a7348	7	2866423	39506174	27331	0.0547
d89f4f9e-36ca-47c2-a6f0-a23b1c2a7348	7	39508562	39508799	2	-1.5921
d89f4f9e-36ca-47c2-a6f0-a23b1c2a7348	7	39510390	57477327	12018	0.0467
d89f4f9e-36ca-47c2-a6f0-a23b1c2a7348	7	57477430	63715929	475	0.1647
d89f4f9e-36ca-47c2-a6f0-a23b1c2a7348	7	63730229	70486332	3432	0.06
d89f4f9e-36ca-47c2-a6f0-a23b1c2a7348	7	70487133	76803016	2564	0.1237
d89f4f9e-36ca-47c2-a6f0-a23b1c2a7348	7	76803341	76803371	2	-1.6105
d89f4f9e-36ca-47c2-a6f0-a23b1c2a7348	7	76809670	109793728	20083	0.0925
d89f4f9e-36ca-47c2-a6f0-a23b1c2a7348	7	109793741	109813801	35	0.5399
d89f4f9e-36ca-47c2-a6f0-a23b1c2a7348	7	109813853	142063324	19974	0.0969
d89f4f9e-36ca-47c2-a6f0-a23b1c2a7348	7	142069843	142087562	22	0.8095
d89f4f9e-36ca-47c2-a6f0-a23b1c2a7348	7	142087732	159334314	10875	0.1028
d89f4f9e-36ca-47c2-a6f0-a23b1c2a7348	8	81254	218484	11	0.4847
d89f4f9e-36ca-47c2-a6f0-a23b1c2a7348	8	220302	643041	311	0.0388
d89f4f9e-36ca-47c2-a6f0-a23b1c2a7348	8	644944	645875	8	0.9124
d89f4f9e-36ca-47c2-a6f0-a23b1c2a7348	8	645892	645908	2	3.1317
d89f4f9e-36ca-47c2-a6f0-a23b1c2a7348	8	656117	7433619	7422	0.0515
d89f4f9e-36ca-47c2-a6f0-a23b1c2a7348	8	7440674	7890177	20	-0.7283
d89f4f9e-36ca-47c2-a6f0-a23b1c2a7348	8	7919608	111282417	64814	0.0471
d89f4f9e-36ca-47c2-a6f0-a23b1c2a7348	8	111282441	111283031	6	-1.2487
d89f4f9e-36ca-47c2-a6f0-a23b1c2a7348	8	111288052	145072769	22920	0.0455
d89f4f9e-36ca-47c2-a6f0-a23b1c2a7348	9	46587	5079156	5238	0.0459
d89f4f9e-36ca-47c2-a6f0-a23b1c2a7348	9	5081416	5084352	16	0.6083
d89f4f9e-36ca-47c2-a6f0-a23b1c2a7348	9	5084367	6695986	1115	0.0614
d89f4f9e-36ca-47c2-a6f0-a23b1c2a7348	9	6701145	6708357	6	-1.5578
d89f4f9e-36ca-47c2-a6f0-a23b1c2a7348	9	6712314	13571609	6041	0.0508
d89f4f9e-36ca-47c2-a6f0-a23b1c2a7348	9	13575493	13575892	2	-2.3773
d89f4f9e-36ca-47c2-a6f0-a23b1c2a7348	9	13575930	22492890	7419	0.0396
d89f4f9e-36ca-47c2-a6f0-a23b1c2a7348	9	22501914	22502700	2	-2.0348
d89f4f9e-36ca-47c2-a6f0-a23b1c2a7348	9	22509341	37033162	10078	0.059
d89f4f9e-36ca-47c2-a6f0-a23b1c2a7348	9	37033364	37034620	2	-2.4655
d89f4f9e-36ca-47c2-a6f0-a23b1c2a7348	9	37034672	39138124	1220	0.0508
d89f4f9e-36ca-47c2-a6f0-a23b1c2a7348	9	39140235	40887290	61	0.399
d89f4f9e-36ca-47c2-a6f0-a23b1c2a7348	9	40922005	61405110	178	0.0783
d89f4f9e-36ca-47c2-a6f0-a23b1c2a7348	9	61520021	61647899	30	-1.1574
d89f4f9e-36ca-47c2-a6f0-a23b1c2a7348	9	61665362	103804216	24980	0.059
d89f4f9e-36ca-47c2-a6f0-a23b1c2a7348	9	103806415	103807009	2	-2.9026
d89f4f9e-36ca-47c2-a6f0-a23b1c2a7348	9	103808421	110262162	5100	0.0443
d89f4f9e-36ca-47c2-a6f0-a23b1c2a7348	9	110262509	110265889	3	-1.5771
d89f4f9e-36ca-47c2-a6f0-a23b1c2a7348	9	110270151	125968680	11262	0.0547
d89f4f9e-36ca-47c2-a6f0-a23b1c2a7348	9	125968725	133907134	4816	0.1111
d89f4f9e-36ca-47c2-a6f0-a23b1c2a7348	9	133909095	133909778	2	-1.5766
d89f4f9e-36ca-47c2-a6f0-a23b1c2a7348	9	133914031	137358495	1522	0.0961
d89f4f9e-36ca-47c2-a6f0-a23b1c2a7348	9	137361190	137361266	2	1.9205
d89f4f9e-36ca-47c2-a6f0-a23b1c2a7348	9	137361381	137741881	132	0.1329
d89f4f9e-36ca-47c2-a6f0-a23b1c2a7348	9	137742745	138200944	276	0.0116
d89f4f9e-36ca-47c2-a6f0-a23b1c2a7348	10	45792	24088745	19199	0.0575
d89f4f9e-36ca-47c2-a6f0-a23b1c2a7348	10	24088746	24089125	10	-1.8198
d89f4f9e-36ca-47c2-a6f0-a23b1c2a7348	10	24089979	46197797	12314	0.0603
d89f4f9e-36ca-47c2-a6f0-a23b1c2a7348	10	46203044	47078630	231	-0.1319
d89f4f9e-36ca-47c2-a6f0-a23b1c2a7348	10	47084322	65548951	12678	0.0435
d89f4f9e-36ca-47c2-a6f0-a23b1c2a7348	10	65548979	65554672	20	-0.5088
d89f4f9e-36ca-47c2-a6f0-a23b1c2a7348	10	65554688	80234421	9477	0.0695
d89f4f9e-36ca-47c2-a6f0-a23b1c2a7348	10	80234562	80237322	2	-1.6325
d89f4f9e-36ca-47c2-a6f0-a23b1c2a7348	10	80237692	133654968	36740	0.0566
d89f4f9e-36ca-47c2-a6f0-a23b1c2a7348	11	198510	4949137	2425	0.0658
d89f4f9e-36ca-47c2-a6f0-a23b1c2a7348	11	4950775	4952799	18	-1.4445
d89f4f9e-36ca-47c2-a6f0-a23b1c2a7348	11	4953934	5500921	544	0.0346
d89f4f9e-36ca-47c2-a6f0-a23b1c2a7348	11	5500945	5502363	6	-0.6783
d89f4f9e-36ca-47c2-a6f0-a23b1c2a7348	11	5503234	5766175	239	0.0281
d89f4f9e-36ca-47c2-a6f0-a23b1c2a7348	11	5766850	5787146	30	-0.5428
d89f4f9e-36ca-47c2-a6f0-a23b1c2a7348	11	5787818	18919323	9405	0.0607
d89f4f9e-36ca-47c2-a6f0-a23b1c2a7348	11	18927525	18931015	18	0.8873
d89f4f9e-36ca-47c2-a6f0-a23b1c2a7348	11	18931043	18931442	4	1.6354
d89f4f9e-36ca-47c2-a6f0-a23b1c2a7348	11	18931457	18949201	27	0.7876
d89f4f9e-36ca-47c2-a6f0-a23b1c2a7348	11	18949628	55575362	21742	0.0464
d89f4f9e-36ca-47c2-a6f0-a23b1c2a7348	11	55576449	55685058	72	0.4523
d89f4f9e-36ca-47c2-a6f0-a23b1c2a7348	11	55685501	58832737	1947	0.0429
d89f4f9e-36ca-47c2-a6f0-a23b1c2a7348	11	58833193	74313212	7595	0.0932
d89f4f9e-36ca-47c2-a6f0-a23b1c2a7348	11	74314244	74315183	2	-2.4472
d89f4f9e-36ca-47c2-a6f0-a23b1c2a7348	11	74318485	77206175	1653	0.0763
d89f4f9e-36ca-47c2-a6f0-a23b1c2a7348	11	77214030	111280594	23695	0.0455
d89f4f9e-36ca-47c2-a6f0-a23b1c2a7348	11	111282537	133347429	16129	0.0646
d89f4f9e-36ca-47c2-a6f0-a23b1c2a7348	11	133349755	135074876	1278	0.0151
d89f4f9e-36ca-47c2-a6f0-a23b1c2a7348	12	51460	760097	420	0.0403
d89f4f9e-36ca-47c2-a6f0-a23b1c2a7348	12	760112	764324	12	-0.5953
d89f4f9e-36ca-47c2-a6f0-a23b1c2a7348	12	764338	16327790	10547	0.065
d89f4f9e-36ca-47c2-a6f0-a23b1c2a7348	12	16327961	16328213	3	-1.3092
d89f4f9e-36ca-47c2-a6f0-a23b1c2a7348	12	16334102	17230746	547	0.039
d89f4f9e-36ca-47c2-a6f0-a23b1c2a7348	12	17231300	17233489	8	-0.846
d89f4f9e-36ca-47c2-a6f0-a23b1c2a7348	12	17234538	33141726	11243	0.0447
d89f4f9e-36ca-47c2-a6f0-a23b1c2a7348	12	33148472	33154440	27	-2.4148
d89f4f9e-36ca-47c2-a6f0-a23b1c2a7348	12	33155426	58381932	12867	0.0624
d89f4f9e-36ca-47c2-a6f0-a23b1c2a7348	12	58382277	102494506	28306	0.0415
d89f4f9e-36ca-47c2-a6f0-a23b1c2a7348	12	102497487	128049067	17129	0.067
d89f4f9e-36ca-47c2-a6f0-a23b1c2a7348	12	128049466	130718784	2430	0.0212
d89f4f9e-36ca-47c2-a6f0-a23b1c2a7348	12	130721804	133201603	1302	0.078
d89f4f9e-36ca-47c2-a6f0-a23b1c2a7348	13	18452809	19545474	531	0.048
d89f4f9e-36ca-47c2-a6f0-a23b1c2a7348	13	19547319	19901471	170	0.2189
d89f4f9e-36ca-47c2-a6f0-a23b1c2a7348	13	19908744	114342922	63443	0.0478
d89f4f9e-36ca-47c2-a6f0-a23b1c2a7348	14	18239283	19951992	164	0.4679
d89f4f9e-36ca-47c2-a6f0-a23b1c2a7348	14	19952080	21885921	1301	0.0846
d89f4f9e-36ca-47c2-a6f0-a23b1c2a7348	14	21891483	22496204	533	0.2034
d89f4f9e-36ca-47c2-a6f0-a23b1c2a7348	14	22497429	73540003	32239	0.0561
d89f4f9e-36ca-47c2-a6f0-a23b1c2a7348	14	73540147	73554275	7	-1.743
d89f4f9e-36ca-47c2-a6f0-a23b1c2a7348	14	73563196	78364127	3136	0.0738
d89f4f9e-36ca-47c2-a6f0-a23b1c2a7348	14	78364746	87328121	6009	0.0353
d89f4f9e-36ca-47c2-a6f0-a23b1c2a7348	14	87329548	106407612	11763	0.0732
d89f4f9e-36ca-47c2-a6f0-a23b1c2a7348	14	106407614	106462724	53	0.4481
d89f4f9e-36ca-47c2-a6f0-a23b1c2a7348	14	106475361	106877229	194	0.1084
d89f4f9e-36ca-47c2-a6f0-a23b1c2a7348	15	19811075	20001686	45	0.23
d89f4f9e-36ca-47c2-a6f0-a23b1c2a7348	15	20011702	20525226	88	0.5939
d89f4f9e-36ca-47c2-a6f0-a23b1c2a7348	15	20538669	21266991	38	0.1276
d89f4f9e-36ca-47c2-a6f0-a23b1c2a7348	15	21268107	22385639	36	0.7712
d89f4f9e-36ca-47c2-a6f0-a23b1c2a7348	15	22395047	30158166	4627	0.0709
d89f4f9e-36ca-47c2-a6f0-a23b1c2a7348	15	30199184	30628421	34	0.4657
d89f4f9e-36ca-47c2-a6f0-a23b1c2a7348	15	30633402	65521764	22506	0.0661
d89f4f9e-36ca-47c2-a6f0-a23b1c2a7348	15	65524604	65526049	3	-2.4094
d89f4f9e-36ca-47c2-a6f0-a23b1c2a7348	15	65530196	76599170	6543	0.0812
d89f4f9e-36ca-47c2-a6f0-a23b1c2a7348	15	76599286	76603434	20	-1.4726
d89f4f9e-36ca-47c2-a6f0-a23b1c2a7348	15	76609838	101928837	17614	0.0655
d89f4f9e-36ca-47c2-a6f0-a23b1c2a7348	16	10777	21552783	14400	0.0683
d89f4f9e-36ca-47c2-a6f0-a23b1c2a7348	16	21552867	21575403	9	-0.8834
d89f4f9e-36ca-47c2-a6f0-a23b1c2a7348	16	21577467	22576144	371	0.0888
d89f4f9e-36ca-47c2-a6f0-a23b1c2a7348	16	22576696	22690800	60	-0.4384
d89f4f9e-36ca-47c2-a6f0-a23b1c2a7348	16	22691516	76764575	24782	0.0701
d89f4f9e-36ca-47c2-a6f0-a23b1c2a7348	16	76764612	76772531	3	-1.6962
d89f4f9e-36ca-47c2-a6f0-a23b1c2a7348	16	76774655	78337711	1610	0.0677
d89f4f9e-36ca-47c2-a6f0-a23b1c2a7348	16	78338543	78350841	15	-1.6556
d89f4f9e-36ca-47c2-a6f0-a23b1c2a7348	16	78350868	90096867	10620	0.0681
d89f4f9e-36ca-47c2-a6f0-a23b1c2a7348	17	150733	2901898	1405	0.1124
d89f4f9e-36ca-47c2-a6f0-a23b1c2a7348	17	2905202	38741584	18076	0.08
d89f4f9e-36ca-47c2-a6f0-a23b1c2a7348	17	38742792	41062462	1214	0.1191
d89f4f9e-36ca-47c2-a6f0-a23b1c2a7348	17	41062718	41094387	25	-0.3451
d89f4f9e-36ca-47c2-a6f0-a23b1c2a7348	17	41095014	45472160	2263	0.1254
d89f4f9e-36ca-47c2-a6f0-a23b1c2a7348	17	45474517	46110945	370	-0.0363
d89f4f9e-36ca-47c2-a6f0-a23b1c2a7348	17	46111026	51217407	2447	0.0971
d89f4f9e-36ca-47c2-a6f0-a23b1c2a7348	17	51218628	74710490	15051	0.0695
d89f4f9e-36ca-47c2-a6f0-a23b1c2a7348	17	74711717	83091923	4190	0.1065
d89f4f9e-36ca-47c2-a6f0-a23b1c2a7348	18	48133	1723387	1173	0.0558
d89f4f9e-36ca-47c2-a6f0-a23b1c2a7348	18	1725757	1838111	90	-0.8097
d89f4f9e-36ca-47c2-a6f0-a23b1c2a7348	18	1841468	40678763	21524	0.055
d89f4f9e-36ca-47c2-a6f0-a23b1c2a7348	18	40680456	40690234	24	0.4727
d89f4f9e-36ca-47c2-a6f0-a23b1c2a7348	18	40690250	50106120	6331	0.0485
d89f4f9e-36ca-47c2-a6f0-a23b1c2a7348	18	50106781	50108858	4	-1.1217
d89f4f9e-36ca-47c2-a6f0-a23b1c2a7348	18	50108933	53677765	2569	0.0349
d89f4f9e-36ca-47c2-a6f0-a23b1c2a7348	18	53680839	53685778	6	-1.153
d89f4f9e-36ca-47c2-a6f0-a23b1c2a7348	18	53686141	66060256	8576	0.0388
d89f4f9e-36ca-47c2-a6f0-a23b1c2a7348	18	66060309	66061104	11	-1.0534
d89f4f9e-36ca-47c2-a6f0-a23b1c2a7348	18	66065502	72935074	5036	0.0455
d89f4f9e-36ca-47c2-a6f0-a23b1c2a7348	18	72935332	72939360	2	-1.6547
d89f4f9e-36ca-47c2-a6f0-a23b1c2a7348	18	72939433	78902828	4680	0.0448
d89f4f9e-36ca-47c2-a6f0-a23b1c2a7348	18	78903872	78904863	3	-1.5911
d89f4f9e-36ca-47c2-a6f0-a23b1c2a7348	18	78906449	80257174	703	0.0606
d89f4f9e-36ca-47c2-a6f0-a23b1c2a7348	19	90910	8346772	2941	0.1216
d89f4f9e-36ca-47c2-a6f0-a23b1c2a7348	19	8347288	8349417	2	-1.5693
d89f4f9e-36ca-47c2-a6f0-a23b1c2a7348	19	8356123	12422445	2027	0.1138
d89f4f9e-36ca-47c2-a6f0-a23b1c2a7348	19	12427951	12428068	2	-2.0056
d89f4f9e-36ca-47c2-a6f0-a23b1c2a7348	19	12428785	27330071	6196	0.1033
d89f4f9e-36ca-47c2-a6f0-a23b1c2a7348	19	27337678	33572191	4314	-0.6896
d89f4f9e-36ca-47c2-a6f0-a23b1c2a7348	19	33574626	55710154	11694	-0.6122
d89f4f9e-36ca-47c2-a6f0-a23b1c2a7348	19	55710155	58586487	1885	-0.6745
d89f4f9e-36ca-47c2-a6f0-a23b1c2a7348	20	80664	1579916	1198	0.0709
d89f4f9e-36ca-47c2-a6f0-a23b1c2a7348	20	1580141	1601446	40	1.1158
d89f4f9e-36ca-47c2-a6f0-a23b1c2a7348	20	1601561	6080833	3248	0.0845
d89f4f9e-36ca-47c2-a6f0-a23b1c2a7348	20	6080959	14812166	6686	0.0384
d89f4f9e-36ca-47c2-a6f0-a23b1c2a7348	20	14812188	14812192	2	-2.2395
d89f4f9e-36ca-47c2-a6f0-a23b1c2a7348	20	14812769	31693031	9105	0.0501
d89f4f9e-36ca-47c2-a6f0-a23b1c2a7348	20	31694420	38877670	3765	0.0994
d89f4f9e-36ca-47c2-a6f0-a23b1c2a7348	20	38878565	54065342	10924	0.0635
d89f4f9e-36ca-47c2-a6f0-a23b1c2a7348	20	54065374	54065389	2	-2.4633
d89f4f9e-36ca-47c2-a6f0-a23b1c2a7348	20	54065719	64284715	7403	0.0661
d89f4f9e-36ca-47c2-a6f0-a23b1c2a7348	20	64323342	64324800	5	-1.8644
d89f4f9e-36ca-47c2-a6f0-a23b1c2a7348	21	10354168	46677045	23862	0.0618
d89f4f9e-36ca-47c2-a6f0-a23b1c2a7348	22	15294547	20818210	2430	0.0533
d89f4f9e-36ca-47c2-a6f0-a23b1c2a7348	22	20818367	49005360	19711	0.0904
d89f4f9e-36ca-47c2-a6f0-a23b1c2a7348	22	49006106	49825066	726	-0.0031
d89f4f9e-36ca-47c2-a6f0-a23b1c2a7348	22	49829931	49833857	6	-1.1221
d89f4f9e-36ca-47c2-a6f0-a23b1c2a7348	22	49843947	50796027	397	0.0178
d89f4f9e-36ca-47c2-a6f0-a23b1c2a7348	X	251810	155952689	83635	0.012
d89f4f9e-36ca-47c2-a6f0-a23b1c2a7348	Y	2782397	17058562	5020	-2.5502
d89f4f9e-36ca-47c2-a6f0-a23b1c2a7348	Y	17067455	17067660	3	-7.6945
d89f4f9e-36ca-47c2-a6f0-a23b1c2a7348	Y	17070391	56872112	1614	-2.5714
