GDC_Aliquot	Chromosome	Start	End	Num_Probes	Segment_Mean
ddad746b-0a61-492c-987b-893dd5cf9797	1	62920	1696979	212	0.1116
ddad746b-0a61-492c-987b-893dd5cf9797	1	1710664	1756248	17	0.6907
ddad746b-0a61-492c-987b-893dd5cf9797	1	1756501	3291811	504	0.1187
ddad746b-0a61-492c-987b-893dd5cf9797	1	3296382	12777697	5751	0.0115
ddad746b-0a61-492c-987b-893dd5cf9797	1	12778601	13391364	51	0.3282
ddad746b-0a61-492c-987b-893dd5cf9797	1	13397641	16489035	2096	0.015
ddad746b-0a61-492c-987b-893dd5cf9797	1	16489595	16767520	54	0.399
ddad746b-0a61-492c-987b-893dd5cf9797	1	16767532	25118529	5225	0.0163
ddad746b-0a61-492c-987b-893dd5cf9797	1	25118991	25256850	105	0.1079
ddad746b-0a61-492c-987b-893dd5cf9797	1	25266637	25359353	35	0.5945
ddad746b-0a61-492c-987b-893dd5cf9797	1	25360708	34622124	4930	0.0135
ddad746b-0a61-492c-987b-893dd5cf9797	1	34622204	34650960	30	0.3541
ddad746b-0a61-492c-987b-893dd5cf9797	1	34652324	50805939	8994	0.0099
ddad746b-0a61-492c-987b-893dd5cf9797	1	50806391	50912187	42	0.2867
ddad746b-0a61-492c-987b-893dd5cf9797	1	50914141	53142899	1046	0.0102
ddad746b-0a61-492c-987b-893dd5cf9797	1	53144422	53144700	2	-1.8123
ddad746b-0a61-492c-987b-893dd5cf9797	1	53145180	61976059	6629	0.0084
ddad746b-0a61-492c-987b-893dd5cf9797	1	61976080	62000561	26	0.3644
ddad746b-0a61-492c-987b-893dd5cf9797	1	62002981	72284670	7004	0.009
ddad746b-0a61-492c-987b-893dd5cf9797	1	72290430	72297687	9	-0.6712
ddad746b-0a61-492c-987b-893dd5cf9797	1	72302735	72345465	48	1.9571
ddad746b-0a61-492c-987b-893dd5cf9797	1	72346221	90086866	11587	0.0036
ddad746b-0a61-492c-987b-893dd5cf9797	1	90090349	90093659	4	-1.299
ddad746b-0a61-492c-987b-893dd5cf9797	1	90094125	103614714	8430	0.0035
ddad746b-0a61-492c-987b-893dd5cf9797	1	103615687	103717410	8	-0.9211
ddad746b-0a61-492c-987b-893dd5cf9797	1	103717617	106337274	1500	-0.0015
ddad746b-0a61-492c-987b-893dd5cf9797	1	106337290	106337550	5	-1.0604
ddad746b-0a61-492c-987b-893dd5cf9797	1	106344506	106679096	205	0.0108
ddad746b-0a61-492c-987b-893dd5cf9797	1	106679528	106680860	5	-1.6682
ddad746b-0a61-492c-987b-893dd5cf9797	1	106682554	109679105	1852	0.0111
ddad746b-0a61-492c-987b-893dd5cf9797	1	109684695	109697556	15	1.241
ddad746b-0a61-492c-987b-893dd5cf9797	1	109702376	120118653	7025	0.0089
ddad746b-0a61-492c-987b-893dd5cf9797	1	120119682	147056317	448	0.1786
ddad746b-0a61-492c-987b-893dd5cf9797	1	147056959	152583051	2107	0.0352
ddad746b-0a61-492c-987b-893dd5cf9797	1	152583230	152613762	31	-2.2975
ddad746b-0a61-492c-987b-893dd5cf9797	1	152613802	189679027	24923	0.0074
ddad746b-0a61-492c-987b-893dd5cf9797	1	189679353	189679397	2	-2.0033
ddad746b-0a61-492c-987b-893dd5cf9797	1	189682917	196769493	4739	0.0089
ddad746b-0a61-492c-987b-893dd5cf9797	1	196769506	196846661	56	-0.4063
ddad746b-0a61-492c-987b-893dd5cf9797	1	196847600	216484506	13255	0.0068
ddad746b-0a61-492c-987b-893dd5cf9797	1	216493016	216493379	2	-2.3965
ddad746b-0a61-492c-987b-893dd5cf9797	1	216493522	248524544	22358	0.0137
ddad746b-0a61-492c-987b-893dd5cf9797	1	248524859	248645808	43	-0.6811
ddad746b-0a61-492c-987b-893dd5cf9797	1	248646068	248930189	139	0.0942
ddad746b-0a61-492c-987b-893dd5cf9797	2	12784	1315982	869	0.0713
ddad746b-0a61-492c-987b-893dd5cf9797	2	1316554	1318101	2	-1.9888
ddad746b-0a61-492c-987b-893dd5cf9797	2	1323864	4149699	2108	0.0258
ddad746b-0a61-492c-987b-893dd5cf9797	2	4151151	4192716	61	0.2906
ddad746b-0a61-492c-987b-893dd5cf9797	2	4194793	41011095	25876	0.0061
ddad746b-0a61-492c-987b-893dd5cf9797	2	41011303	41018747	22	-0.6338
ddad746b-0a61-492c-987b-893dd5cf9797	2	41024093	76325754	23528	0.0089
ddad746b-0a61-492c-987b-893dd5cf9797	2	76327650	76327985	2	-2.1649
ddad746b-0a61-492c-987b-893dd5cf9797	2	76328216	87186837	6691	0.0089
ddad746b-0a61-492c-987b-893dd5cf9797	2	87187229	87225631	15	0.676
ddad746b-0a61-492c-987b-893dd5cf9797	2	87228594	87286164	18	-0.0136
ddad746b-0a61-492c-987b-893dd5cf9797	2	87287256	87287267	2	-1.7044
ddad746b-0a61-492c-987b-893dd5cf9797	2	87295819	87489240	32	-0.0231
ddad746b-0a61-492c-987b-893dd5cf9797	2	87489506	87725148	37	0.3327
ddad746b-0a61-492c-987b-893dd5cf9797	2	87747102	88831554	468	0.0011
ddad746b-0a61-492c-987b-893dd5cf9797	2	88833611	94675825	381	0.2142
ddad746b-0a61-492c-987b-893dd5cf9797	2	94675975	97359885	876	0.0505
ddad746b-0a61-492c-987b-893dd5cf9797	2	97524284	97545247	8	-1.1867
ddad746b-0a61-492c-987b-893dd5cf9797	2	97545726	116831010	11302	0.0125
ddad746b-0a61-492c-987b-893dd5cf9797	2	116832191	116832277	2	-1.8174
ddad746b-0a61-492c-987b-893dd5cf9797	2	116833669	130037806	8544	0.015
ddad746b-0a61-492c-987b-893dd5cf9797	2	130059766	130244595	38	0.3873
ddad746b-0a61-492c-987b-893dd5cf9797	2	130246315	134035365	1981	0.0165
ddad746b-0a61-492c-987b-893dd5cf9797	2	134035703	134035716	2	-2.5291
ddad746b-0a61-492c-987b-893dd5cf9797	2	134036685	137748709	2372	0.013
ddad746b-0a61-492c-987b-893dd5cf9797	2	137751623	137754783	7	-0.9965
ddad746b-0a61-492c-987b-893dd5cf9797	2	137757882	146104517	5139	0.0078
ddad746b-0a61-492c-987b-893dd5cf9797	2	146106836	146109366	24	0.9313
ddad746b-0a61-492c-987b-893dd5cf9797	2	146120238	159292068	7934	0.0018
ddad746b-0a61-492c-987b-893dd5cf9797	2	159292264	159292530	2	3.5528
ddad746b-0a61-492c-987b-893dd5cf9797	2	159296327	207490614	29020	0.0089
ddad746b-0a61-492c-987b-893dd5cf9797	2	207490972	207494425	13	-0.7693
ddad746b-0a61-492c-987b-893dd5cf9797	2	207494612	219927541	7883	0.0071
ddad746b-0a61-492c-987b-893dd5cf9797	2	219937922	219939138	2	-2.0396
ddad746b-0a61-492c-987b-893dd5cf9797	2	219939185	223304593	2334	0.0055
ddad746b-0a61-492c-987b-893dd5cf9797	2	223309659	223310262	5	-1.1832
ddad746b-0a61-492c-987b-893dd5cf9797	2	223312156	230393900	4646	0.0028
ddad746b-0a61-492c-987b-893dd5cf9797	2	230400636	230401563	2	-2.341
ddad746b-0a61-492c-987b-893dd5cf9797	2	230402928	241537962	7012	0.0143
ddad746b-0a61-492c-987b-893dd5cf9797	2	241538554	242147305	188	0.159
ddad746b-0a61-492c-987b-893dd5cf9797	3	20930	133665	103	-0.0191
ddad746b-0a61-492c-987b-893dd5cf9797	3	136842	137168	2	-2.937
ddad746b-0a61-492c-987b-893dd5cf9797	3	137844	26773733	20074	0.0135
ddad746b-0a61-492c-987b-893dd5cf9797	3	26774212	26776168	5	-1.3903
ddad746b-0a61-492c-987b-893dd5cf9797	3	26778226	68697133	27587	0.0121
ddad746b-0a61-492c-987b-893dd5cf9797	3	68697295	68698262	12	-1.1232
ddad746b-0a61-492c-987b-893dd5cf9797	3	68699607	75409192	4881	-0.0042
ddad746b-0a61-492c-987b-893dd5cf9797	3	75412686	75870006	127	0.2732
ddad746b-0a61-492c-987b-893dd5cf9797	3	75872193	99225614	10903	0.0077
ddad746b-0a61-492c-987b-893dd5cf9797	3	99225632	99232539	38	-0.6254
ddad746b-0a61-492c-987b-893dd5cf9797	3	99232990	101575986	1338	-0.0041
ddad746b-0a61-492c-987b-893dd5cf9797	3	101582046	101586221	2	1.2025
ddad746b-0a61-492c-987b-893dd5cf9797	3	101587663	103248705	892	0.0033
ddad746b-0a61-492c-987b-893dd5cf9797	3	103248960	103250477	2	-1.6432
ddad746b-0a61-492c-987b-893dd5cf9797	3	103253860	125724765	14005	0.0049
ddad746b-0a61-492c-987b-893dd5cf9797	3	125727821	125747704	11	0.6517
ddad746b-0a61-492c-987b-893dd5cf9797	3	125750578	128665680	1823	0.0231
ddad746b-0a61-492c-987b-893dd5cf9797	3	128667759	128693488	14	1.0525
ddad746b-0a61-492c-987b-893dd5cf9797	3	128695318	130044016	621	0.0182
ddad746b-0a61-492c-987b-893dd5cf9797	3	130044855	130087393	38	-1.2875
ddad746b-0a61-492c-987b-893dd5cf9797	3	130088081	152625038	14105	0.0084
ddad746b-0a61-492c-987b-893dd5cf9797	3	152629305	152632243	12	0.6925
ddad746b-0a61-492c-987b-893dd5cf9797	3	152632261	162813082	6160	-0.005
ddad746b-0a61-492c-987b-893dd5cf9797	3	162815162	162822702	7	-1.8402
ddad746b-0a61-492c-987b-893dd5cf9797	3	162827928	193156958	19212	0.008
ddad746b-0a61-492c-987b-893dd5cf9797	3	193160113	193165114	20	1.3356
ddad746b-0a61-492c-987b-893dd5cf9797	3	193168646	195691392	1490	0.0132
ddad746b-0a61-492c-987b-893dd5cf9797	3	195695418	195747892	38	0.4826
ddad746b-0a61-492c-987b-893dd5cf9797	3	195751823	198169247	1166	0.0604
ddad746b-0a61-492c-987b-893dd5cf9797	4	68929	150499	45	-0.0326
ddad746b-0a61-492c-987b-893dd5cf9797	4	150792	936489	284	0.1839
ddad746b-0a61-492c-987b-893dd5cf9797	4	936638	3712714	1177	0.0152
ddad746b-0a61-492c-987b-893dd5cf9797	4	3713876	3715854	3	-1.1998
ddad746b-0a61-492c-987b-893dd5cf9797	4	3717299	3795695	34	0.0059
ddad746b-0a61-492c-987b-893dd5cf9797	4	3801135	4121101	85	0.1862
ddad746b-0a61-492c-987b-893dd5cf9797	4	4133219	4133854	4	1.0131
ddad746b-0a61-492c-987b-893dd5cf9797	4	4151033	4180275	14	0.1933
ddad746b-0a61-492c-987b-893dd5cf9797	4	4182970	10208766	4056	0.0169
ddad746b-0a61-492c-987b-893dd5cf9797	4	10221792	10233644	35	-1.8817
ddad746b-0a61-492c-987b-893dd5cf9797	4	10234518	34777238	16958	-0.0009
ddad746b-0a61-492c-987b-893dd5cf9797	4	34777340	34822561	43	0.6266
ddad746b-0a61-492c-987b-893dd5cf9797	4	34823103	35394098	374	0.0061
ddad746b-0a61-492c-987b-893dd5cf9797	4	35401353	35402718	4	-1.0471
ddad746b-0a61-492c-987b-893dd5cf9797	4	35403451	43144033	5148	0.0013
ddad746b-0a61-492c-987b-893dd5cf9797	4	43144118	43147945	7	-0.9709
ddad746b-0a61-492c-987b-893dd5cf9797	4	43148055	46194361	1757	0.0086
ddad746b-0a61-492c-987b-893dd5cf9797	4	46202166	46203069	2	-1.8941
ddad746b-0a61-492c-987b-893dd5cf9797	4	46204657	48081868	1032	0.003
ddad746b-0a61-492c-987b-893dd5cf9797	4	48082097	51851303	693	0.1011
ddad746b-0a61-492c-987b-893dd5cf9797	4	51851917	61071220	6037	0.0027
ddad746b-0a61-492c-987b-893dd5cf9797	4	61075217	61076234	2	1.8894
ddad746b-0a61-492c-987b-893dd5cf9797	4	61079968	68378716	4380	0.0005
ddad746b-0a61-492c-987b-893dd5cf9797	4	68389352	68418873	7	0.1961
ddad746b-0a61-492c-987b-893dd5cf9797	4	68422420	68422424	3	-2.4718
ddad746b-0a61-492c-987b-893dd5cf9797	4	68429081	68478894	9	0.23
ddad746b-0a61-492c-987b-893dd5cf9797	4	68494770	68663241	73	0.6913
ddad746b-0a61-492c-987b-893dd5cf9797	4	68671434	69255175	307	0.0608
ddad746b-0a61-492c-987b-893dd5cf9797	4	69255532	69272329	15	-0.729
ddad746b-0a61-492c-987b-893dd5cf9797	4	69277656	69366406	44	-2.7428
ddad746b-0a61-492c-987b-893dd5cf9797	4	69370433	69378363	6	-0.8697
ddad746b-0a61-492c-987b-893dd5cf9797	4	69381203	75553090	3732	-0.003
ddad746b-0a61-492c-987b-893dd5cf9797	4	75554292	75555670	2	-1.7844
ddad746b-0a61-492c-987b-893dd5cf9797	4	75555738	95475637	12352	0.0003
ddad746b-0a61-492c-987b-893dd5cf9797	4	95477213	95478455	3	-1.7913
ddad746b-0a61-492c-987b-893dd5cf9797	4	95479363	107145001	6788	-0.0009
ddad746b-0a61-492c-987b-893dd5cf9797	4	107145112	107152537	21	0.4615
ddad746b-0a61-492c-987b-893dd5cf9797	4	107152651	114254167	4419	0.001
ddad746b-0a61-492c-987b-893dd5cf9797	4	114254188	114261019	22	-1.5262
ddad746b-0a61-492c-987b-893dd5cf9797	4	114263073	137171041	13234	0.0065
ddad746b-0a61-492c-987b-893dd5cf9797	4	137171085	137173818	16	-0.6243
ddad746b-0a61-492c-987b-893dd5cf9797	4	137173967	141374692	2876	0.007
ddad746b-0a61-492c-987b-893dd5cf9797	4	141375769	141380346	5	0.8987
ddad746b-0a61-492c-987b-893dd5cf9797	4	141385688	143911133	1554	0.0077
ddad746b-0a61-492c-987b-893dd5cf9797	4	143921040	144003784	48	-0.6958
ddad746b-0a61-492c-987b-893dd5cf9797	4	144021663	154881396	6302	0.0058
ddad746b-0a61-492c-987b-893dd5cf9797	4	154881853	154881926	3	-3.7312
ddad746b-0a61-492c-987b-893dd5cf9797	4	154882047	160952773	3917	0.0024
ddad746b-0a61-492c-987b-893dd5cf9797	4	160952788	160966393	37	0.4013
ddad746b-0a61-492c-987b-893dd5cf9797	4	160966965	171448195	6649	0.0041
ddad746b-0a61-492c-987b-893dd5cf9797	4	171453733	171456625	12	1.5365
ddad746b-0a61-492c-987b-893dd5cf9797	4	171459220	186158230	9908	0.0062
ddad746b-0a61-492c-987b-893dd5cf9797	4	186158892	186159163	2	-2.4717
ddad746b-0a61-492c-987b-893dd5cf9797	4	186165948	189069532	2054	0.0221
ddad746b-0a61-492c-987b-893dd5cf9797	4	189071423	189071619	2	-1.5672
ddad746b-0a61-492c-987b-893dd5cf9797	4	189071997	189267889	164	0.0546
ddad746b-0a61-492c-987b-893dd5cf9797	4	189273964	189278110	4	1.3041
ddad746b-0a61-492c-987b-893dd5cf9797	4	189278617	190106768	349	0.1008
ddad746b-0a61-492c-987b-893dd5cf9797	5	15532	205901	107	0.1707
ddad746b-0a61-492c-987b-893dd5cf9797	5	217687	225833	3	-2.5767
ddad746b-0a61-492c-987b-893dd5cf9797	5	226228	685633	196	0.0754
ddad746b-0a61-492c-987b-893dd5cf9797	5	698256	773453	27	0.9061
ddad746b-0a61-492c-987b-893dd5cf9797	5	779766	1650231	424	0.1168
ddad746b-0a61-492c-987b-893dd5cf9797	5	1656002	11694831	8775	-0.0029
ddad746b-0a61-492c-987b-893dd5cf9797	5	11695675	11696242	2	-2.1719
ddad746b-0a61-492c-987b-893dd5cf9797	5	11696650	45423046	20856	0.0036
ddad746b-0a61-492c-987b-893dd5cf9797	5	45423517	46271828	269	0.1154
ddad746b-0a61-492c-987b-893dd5cf9797	5	46272419	46273400	5	-3.0462
ddad746b-0a61-492c-987b-893dd5cf9797	5	46278110	58023655	5067	0.005
ddad746b-0a61-492c-987b-893dd5cf9797	5	58025759	58036464	24	-0.4433
ddad746b-0a61-492c-987b-893dd5cf9797	5	58036504	58042530	11	0.1809
ddad746b-0a61-492c-987b-893dd5cf9797	5	58044246	58045317	3	-1.0539
ddad746b-0a61-492c-987b-893dd5cf9797	5	58046293	66181144	5032	0.0004
ddad746b-0a61-492c-987b-893dd5cf9797	5	66183134	66185520	3	-1.2207
ddad746b-0a61-492c-987b-893dd5cf9797	5	66188374	69448492	2225	-0.0022
ddad746b-0a61-492c-987b-893dd5cf9797	5	69450500	71364924	57	0.3459
ddad746b-0a61-492c-987b-893dd5cf9797	5	71365381	101828865	17967	-0.001
ddad746b-0a61-492c-987b-893dd5cf9797	5	101828882	101870907	59	-0.7709
ddad746b-0a61-492c-987b-893dd5cf9797	5	101871170	102127485	164	0.0134
ddad746b-0a61-492c-987b-893dd5cf9797	5	102128569	102129140	2	-2.4079
ddad746b-0a61-492c-987b-893dd5cf9797	5	102129402	172572533	46285	-0.007
ddad746b-0a61-492c-987b-893dd5cf9797	5	172573272	172573324	2	-1.8824
ddad746b-0a61-492c-987b-893dd5cf9797	5	172573775	174264079	1245	-0.0077
ddad746b-0a61-492c-987b-893dd5cf9797	5	174264567	174267719	3	0.9618
ddad746b-0a61-492c-987b-893dd5cf9797	5	174268775	175946505	1282	-0.0112
ddad746b-0a61-492c-987b-893dd5cf9797	5	175960543	176005602	10	0.6729
ddad746b-0a61-492c-987b-893dd5cf9797	5	176009608	178680821	1179	0.0217
ddad746b-0a61-492c-987b-893dd5cf9797	5	178682974	178685260	2	-2.6694
ddad746b-0a61-492c-987b-893dd5cf9797	5	178686162	181111233	1435	-0.0056
ddad746b-0a61-492c-987b-893dd5cf9797	5	181112725	181114186	2	-2.092
ddad746b-0a61-492c-987b-893dd5cf9797	5	181114251	181363319	97	-0.0272
ddad746b-0a61-492c-987b-893dd5cf9797	6	149661	254283	101	0.1278
ddad746b-0a61-492c-987b-893dd5cf9797	6	257353	380821	100	0.3761
ddad746b-0a61-492c-987b-893dd5cf9797	6	381149	382897	3	-1.3264
ddad746b-0a61-492c-987b-893dd5cf9797	6	384109	4464954	3351	0.0175
ddad746b-0a61-492c-987b-893dd5cf9797	6	4465014	4466747	4	-1.1108
ddad746b-0a61-492c-987b-893dd5cf9797	6	4467260	19042587	11207	0.0038
ddad746b-0a61-492c-987b-893dd5cf9797	6	19044471	19050511	7	0.9801
ddad746b-0a61-492c-987b-893dd5cf9797	6	19050737	29869295	6872	0.0055
ddad746b-0a61-492c-987b-893dd5cf9797	6	29869410	29913570	27	0.5763
ddad746b-0a61-492c-987b-893dd5cf9797	6	29928196	29928644	2	-2.4416
ddad746b-0a61-492c-987b-893dd5cf9797	6	29931120	32533522	1173	-0.0209
ddad746b-0a61-492c-987b-893dd5cf9797	6	32540699	32550992	5	-1.7087
ddad746b-0a61-492c-987b-893dd5cf9797	6	32559507	32627306	27	-0.1891
ddad746b-0a61-492c-987b-893dd5cf9797	6	32627455	32634330	3	-1.8264
ddad746b-0a61-492c-987b-893dd5cf9797	6	32634492	57421163	15707	0.0098
ddad746b-0a61-492c-987b-893dd5cf9797	6	57423133	61596563	619	0.1096
ddad746b-0a61-492c-987b-893dd5cf9797	6	61596616	65689879	2323	0.0032
ddad746b-0a61-492c-987b-893dd5cf9797	6	65690336	65693959	16	-0.8396
ddad746b-0a61-492c-987b-893dd5cf9797	6	65697234	73882509	5435	0.0131
ddad746b-0a61-492c-987b-893dd5cf9797	6	73882741	73893903	12	0.645
ddad746b-0a61-492c-987b-893dd5cf9797	6	73894003	76312261	1478	0.0072
ddad746b-0a61-492c-987b-893dd5cf9797	6	76313871	76317589	23	-1.0612
ddad746b-0a61-492c-987b-893dd5cf9797	6	76317890	76730151	268	0.018
ddad746b-0a61-492c-987b-893dd5cf9797	6	76730331	76743040	20	0.4996
ddad746b-0a61-492c-987b-893dd5cf9797	6	76751356	78240104	962	0.0234
ddad746b-0a61-492c-987b-893dd5cf9797	6	78240510	78325310	126	0.3222
ddad746b-0a61-492c-987b-893dd5cf9797	6	78325457	80575307	1440	-0.0065
ddad746b-0a61-492c-987b-893dd5cf9797	6	80575322	80579817	24	-0.939
ddad746b-0a61-492c-987b-893dd5cf9797	6	80584624	168870862	57045	0.0056
ddad746b-0a61-492c-987b-893dd5cf9797	6	168870977	168871190	2	-3.3959
ddad746b-0a61-492c-987b-893dd5cf9797	6	168875233	170741917	1173	0.0275
ddad746b-0a61-492c-987b-893dd5cf9797	7	43355	65765	29	0.7374
ddad746b-0a61-492c-987b-893dd5cf9797	7	68316	11994364	7646	0
ddad746b-0a61-492c-987b-893dd5cf9797	7	11996409	12086842	74	-1.1849
ddad746b-0a61-492c-987b-893dd5cf9797	7	12087484	13200229	828	-0.0198
ddad746b-0a61-492c-987b-893dd5cf9797	7	13200678	13201478	3	-1.5912
ddad746b-0a61-492c-987b-893dd5cf9797	7	13202193	19023259	4742	-0.0051
ddad746b-0a61-492c-987b-893dd5cf9797	7	19023325	19166349	232	0.1564
ddad746b-0a61-492c-987b-893dd5cf9797	7	19169903	22395161	2497	-0.0098
ddad746b-0a61-492c-987b-893dd5cf9797	7	22395853	22396868	2	-3.6064
ddad746b-0a61-492c-987b-893dd5cf9797	7	22399135	54305455	22406	-0.0137
ddad746b-0a61-492c-987b-893dd5cf9797	7	54318812	54318824	6	1.3913
ddad746b-0a61-492c-987b-893dd5cf9797	7	54325795	57402928	1797	0.0016
ddad746b-0a61-492c-987b-893dd5cf9797	7	57404269	63836455	575	0.163
ddad746b-0a61-492c-987b-893dd5cf9797	7	63837429	109789993	26050	-0.0024
ddad746b-0a61-492c-987b-893dd5cf9797	7	109793690	109818700	44	0.4147
ddad746b-0a61-492c-987b-893dd5cf9797	7	109818715	126405428	10026	0.0025
ddad746b-0a61-492c-987b-893dd5cf9797	7	126405502	126406561	11	-1.3789
ddad746b-0a61-492c-987b-893dd5cf9797	7	126406822	128288400	1275	-0.0205
ddad746b-0a61-492c-987b-893dd5cf9797	7	128288548	128306120	18	0.4529
ddad746b-0a61-492c-987b-893dd5cf9797	7	128306848	130046768	823	-0.0002
ddad746b-0a61-492c-987b-893dd5cf9797	7	130054898	130058927	2	-2.8911
ddad746b-0a61-492c-987b-893dd5cf9797	7	130059627	142069843	7807	-0.0083
ddad746b-0a61-492c-987b-893dd5cf9797	7	142069880	142090177	28	-0.5575
ddad746b-0a61-492c-987b-893dd5cf9797	7	142090279	143521765	902	0.0201
ddad746b-0a61-492c-987b-893dd5cf9797	7	143529806	143603307	5	1.5245
ddad746b-0a61-492c-987b-893dd5cf9797	7	143728285	153450132	5866	-0.0045
ddad746b-0a61-492c-987b-893dd5cf9797	7	153450432	154092950	446	0.1128
ddad746b-0a61-492c-987b-893dd5cf9797	7	154092965	154598185	411	-0.016
ddad746b-0a61-492c-987b-893dd5cf9797	7	154601461	154607903	4	-2.3226
ddad746b-0a61-492c-987b-893dd5cf9797	7	154609120	155088229	420	-0.0353
ddad746b-0a61-492c-987b-893dd5cf9797	7	155088968	155100782	51	0.2755
ddad746b-0a61-492c-987b-893dd5cf9797	7	155101281	155235607	176	0.0222
ddad746b-0a61-492c-987b-893dd5cf9797	7	155235954	155236821	2	-1.7315
ddad746b-0a61-492c-987b-893dd5cf9797	7	155238201	155413823	89	0.0126
ddad746b-0a61-492c-987b-893dd5cf9797	7	155414053	155414572	3	-1.3964
ddad746b-0a61-492c-987b-893dd5cf9797	7	155415881	155671335	174	-0.0556
ddad746b-0a61-492c-987b-893dd5cf9797	7	155673169	155674244	2	1.3392
ddad746b-0a61-492c-987b-893dd5cf9797	7	155676942	156330551	493	-0.0329
ddad746b-0a61-492c-987b-893dd5cf9797	7	156335270	156335312	2	1.7659
ddad746b-0a61-492c-987b-893dd5cf9797	7	156343048	159334314	1819	0.0306
ddad746b-0a61-492c-987b-893dd5cf9797	8	81254	643041	321	0.0523
ddad746b-0a61-492c-987b-893dd5cf9797	8	644944	645908	10	1.4726
ddad746b-0a61-492c-987b-893dd5cf9797	8	656117	2133225	1143	0.035
ddad746b-0a61-492c-987b-893dd5cf9797	8	2133366	2133385	2	-1.6299
ddad746b-0a61-492c-987b-893dd5cf9797	8	2133420	2844412	557	0.0327
ddad746b-0a61-492c-987b-893dd5cf9797	8	2846011	2846377	7	-1.7474
ddad746b-0a61-492c-987b-893dd5cf9797	8	2849649	4040309	1488	-0.0152
ddad746b-0a61-492c-987b-893dd5cf9797	8	4040699	4040818	4	-1.9509
ddad746b-0a61-492c-987b-893dd5cf9797	8	4042072	5047915	1591	0.0227
ddad746b-0a61-492c-987b-893dd5cf9797	8	5050163	5053774	10	-1.1517
ddad746b-0a61-492c-987b-893dd5cf9797	8	5053900	5679681	777	0.0129
ddad746b-0a61-492c-987b-893dd5cf9797	8	5680637	5682227	4	-1.4335
ddad746b-0a61-492c-987b-893dd5cf9797	8	5684064	7336299	1807	0.021
ddad746b-0a61-492c-987b-893dd5cf9797	8	7357089	7537162	35	-0.9205
ddad746b-0a61-492c-987b-893dd5cf9797	8	7598502	7941868	14	0.229
ddad746b-0a61-492c-987b-893dd5cf9797	8	7974123	8007744	4	1.9669
ddad746b-0a61-492c-987b-893dd5cf9797	8	8078333	14652059	5236	0.0181
ddad746b-0a61-492c-987b-893dd5cf9797	8	14652523	14652565	3	-1.9166
ddad746b-0a61-492c-987b-893dd5cf9797	8	14652887	16860729	1952	0.0182
ddad746b-0a61-492c-987b-893dd5cf9797	8	16861020	16861460	2	1.5551
ddad746b-0a61-492c-987b-893dd5cf9797	8	16862700	17379276	403	0.0263
ddad746b-0a61-492c-987b-893dd5cf9797	8	17379498	17380027	3	-2.0471
ddad746b-0a61-492c-987b-893dd5cf9797	8	17380099	39373140	15133	0.0232
ddad746b-0a61-492c-987b-893dd5cf9797	8	39378084	39529446	59	-2.326
ddad746b-0a61-492c-987b-893dd5cf9797	8	39530780	46083229	2617	0.0291
ddad746b-0a61-492c-987b-893dd5cf9797	8	46089253	46267692	52	0.3331
ddad746b-0a61-492c-987b-893dd5cf9797	8	46271659	50119451	1908	0.0251
ddad746b-0a61-492c-987b-893dd5cf9797	8	50119464	50119827	7	-2.4498
ddad746b-0a61-492c-987b-893dd5cf9797	8	50120863	106847912	34762	0.0188
ddad746b-0a61-492c-987b-893dd5cf9797	8	106847945	106847952	2	-1.6973
ddad746b-0a61-492c-987b-893dd5cf9797	8	106847973	111282417	2647	0.016
ddad746b-0a61-492c-987b-893dd5cf9797	8	111282441	111283016	5	-2.1237
ddad746b-0a61-492c-987b-893dd5cf9797	8	111283031	114622438	1828	0.0072
ddad746b-0a61-492c-987b-893dd5cf9797	8	114622478	114629502	31	-0.5906
ddad746b-0a61-492c-987b-893dd5cf9797	8	114638468	124834940	6897	0.02
ddad746b-0a61-492c-987b-893dd5cf9797	8	124837372	124837386	2	-1.7
ddad746b-0a61-492c-987b-893dd5cf9797	8	124838927	135151561	7882	0.0277
ddad746b-0a61-492c-987b-893dd5cf9797	8	135155714	135164184	7	-0.9085
ddad746b-0a61-492c-987b-893dd5cf9797	8	135166896	140981811	4436	0.0291
ddad746b-0a61-492c-987b-893dd5cf9797	8	140984319	145072769	1827	0.1087
ddad746b-0a61-492c-987b-893dd5cf9797	9	46587	27236646	23237	0.0109
ddad746b-0a61-492c-987b-893dd5cf9797	9	27248179	27248646	5	-1.2195
ddad746b-0a61-492c-987b-893dd5cf9797	9	27248729	39138124	7898	0.0118
ddad746b-0a61-492c-987b-893dd5cf9797	9	39140235	42574420	184	0.2857
ddad746b-0a61-492c-987b-893dd5cf9797	9	42585140	42720266	12	-0.4062
ddad746b-0a61-492c-987b-893dd5cf9797	9	42726239	66084268	207	0.1962
ddad746b-0a61-492c-987b-893dd5cf9797	9	66103744	115537471	33805	0.0127
ddad746b-0a61-492c-987b-893dd5cf9797	9	115539718	115540278	2	-2.3259
ddad746b-0a61-492c-987b-893dd5cf9797	9	115540751	130387722	9777	0.0146
ddad746b-0a61-492c-987b-893dd5cf9797	9	130388363	130388709	2	-4.6502
ddad746b-0a61-492c-987b-893dd5cf9797	9	130397633	135324566	3236	0.0276
ddad746b-0a61-492c-987b-893dd5cf9797	9	135325951	135473778	106	0.2434
ddad746b-0a61-492c-987b-893dd5cf9797	9	135474408	138116965	965	0.0339
ddad746b-0a61-492c-987b-893dd5cf9797	9	138116981	138138491	24	0.4325
ddad746b-0a61-492c-987b-893dd5cf9797	9	138138696	138200944	11	-0.1037
ddad746b-0a61-492c-987b-893dd5cf9797	10	45792	7056457	6128	0.0251
ddad746b-0a61-492c-987b-893dd5cf9797	10	7063906	7064415	2	-2.0253
ddad746b-0a61-492c-987b-893dd5cf9797	10	7065376	25350434	13908	0.0176
ddad746b-0a61-492c-987b-893dd5cf9797	10	25352008	25353061	3	-1.3918
ddad746b-0a61-492c-987b-893dd5cf9797	10	25353369	36412441	7811	0.0172
ddad746b-0a61-492c-987b-893dd5cf9797	10	36413642	36413712	2	-1.5479
ddad746b-0a61-492c-987b-893dd5cf9797	10	36414848	36839307	284	0.0046
ddad746b-0a61-492c-987b-893dd5cf9797	10	36842573	36842688	2	-2.6529
ddad746b-0a61-492c-987b-893dd5cf9797	10	36843198	133654968	62505	0.0217
ddad746b-0a61-492c-987b-893dd5cf9797	11	198510	4217176	1735	0.0164
ddad746b-0a61-492c-987b-893dd5cf9797	11	4217824	4280161	19	0.6005
ddad746b-0a61-492c-987b-893dd5cf9797	11	4286190	4325579	9	0.1028
ddad746b-0a61-492c-987b-893dd5cf9797	11	4331751	4365435	5	0.5911
ddad746b-0a61-492c-987b-893dd5cf9797	11	4365474	4946420	648	-0.0046
ddad746b-0a61-492c-987b-893dd5cf9797	11	4947280	4955042	30	-1.7344
ddad746b-0a61-492c-987b-893dd5cf9797	11	4955781	5772353	794	-0.0235
ddad746b-0a61-492c-987b-893dd5cf9797	11	5773015	5788231	24	-0.6217
ddad746b-0a61-492c-987b-893dd5cf9797	11	5791130	18919309	9401	0.0077
ddad746b-0a61-492c-987b-893dd5cf9797	11	18919323	18939855	40	0.6224
ddad746b-0a61-492c-987b-893dd5cf9797	11	18940050	103726272	51694	0.0089
ddad746b-0a61-492c-987b-893dd5cf9797	11	103728869	103729182	3	-1.8626
ddad746b-0a61-492c-987b-893dd5cf9797	11	103729855	107359993	2475	0.0108
ddad746b-0a61-492c-987b-893dd5cf9797	11	107367930	107368402	7	-2.4866
ddad746b-0a61-492c-987b-893dd5cf9797	11	107381636	134731897	19629	0.0076
ddad746b-0a61-492c-987b-893dd5cf9797	11	134732386	134733052	2	-1.9414
ddad746b-0a61-492c-987b-893dd5cf9797	11	134734098	135074876	282	0.0005
ddad746b-0a61-492c-987b-893dd5cf9797	12	51460	9477960	6175	0.0196
ddad746b-0a61-492c-987b-893dd5cf9797	12	9481274	9575696	24	-1.8478
ddad746b-0a61-492c-987b-893dd5cf9797	12	9582373	11022715	1009	0.0021
ddad746b-0a61-492c-987b-893dd5cf9797	12	11022815	11088933	38	0.3482
ddad746b-0a61-492c-987b-893dd5cf9797	12	11099275	11358643	132	0.1004
ddad746b-0a61-492c-987b-893dd5cf9797	12	11358644	11399668	31	0.5265
ddad746b-0a61-492c-987b-893dd5cf9797	12	11399818	12389946	838	0.0172
ddad746b-0a61-492c-987b-893dd5cf9797	12	12389980	12391332	10	-0.934
ddad746b-0a61-492c-987b-893dd5cf9797	12	12393825	31753738	13503	0.0002
ddad746b-0a61-492c-987b-893dd5cf9797	12	31754340	31756974	3	-1.9233
ddad746b-0a61-492c-987b-893dd5cf9797	12	31764286	33141653	1009	-0.0071
ddad746b-0a61-492c-987b-893dd5cf9797	12	33141688	33155453	32	0.4876
ddad746b-0a61-492c-987b-893dd5cf9797	12	33155525	33233822	43	-0.0158
ddad746b-0a61-492c-987b-893dd5cf9797	12	33235894	33242207	4	-4.893
ddad746b-0a61-492c-987b-893dd5cf9797	12	33242483	38628718	1142	0.0875
ddad746b-0a61-492c-987b-893dd5cf9797	12	38628758	130027299	58926	0.0021
ddad746b-0a61-492c-987b-893dd5cf9797	12	130028096	130034810	3	-1.634
ddad746b-0a61-492c-987b-893dd5cf9797	12	130035119	131636170	1334	0.0384
ddad746b-0a61-492c-987b-893dd5cf9797	12	131648039	131657925	14	0.8035
ddad746b-0a61-492c-987b-893dd5cf9797	12	131658450	132754951	357	-0.0121
ddad746b-0a61-492c-987b-893dd5cf9797	12	132756397	133201603	200	0.1729
ddad746b-0a61-492c-987b-893dd5cf9797	13	18452809	22974987	2781	0.0246
ddad746b-0a61-492c-987b-893dd5cf9797	13	22977530	22979379	5	-0.9688
ddad746b-0a61-492c-987b-893dd5cf9797	13	22982302	23058539	74	0.0537
ddad746b-0a61-492c-987b-893dd5cf9797	13	23058721	23059376	11	0.7374
ddad746b-0a61-492c-987b-893dd5cf9797	13	23064056	30035746	5259	0.001
ddad746b-0a61-492c-987b-893dd5cf9797	13	30036823	30037010	2	-2.8165
ddad746b-0a61-492c-987b-893dd5cf9797	13	30037819	37496998	5342	-0.001
ddad746b-0a61-492c-987b-893dd5cf9797	13	37497899	37510620	16	1.1956
ddad746b-0a61-492c-987b-893dd5cf9797	13	37514193	52520664	9896	0.0046
ddad746b-0a61-492c-987b-893dd5cf9797	13	52523849	52565009	6	0.9459
ddad746b-0a61-492c-987b-893dd5cf9797	13	52571523	71902850	11644	0.011
ddad746b-0a61-492c-987b-893dd5cf9797	13	71903417	71906418	4	1.3443
ddad746b-0a61-492c-987b-893dd5cf9797	13	71906467	72379759	385	0.0203
ddad746b-0a61-492c-987b-893dd5cf9797	13	72379792	72379916	2	-1.7257
ddad746b-0a61-492c-987b-893dd5cf9797	13	72380356	78137861	4059	0.0044
ddad746b-0a61-492c-987b-893dd5cf9797	13	78140723	78141265	3	-1.2834
ddad746b-0a61-492c-987b-893dd5cf9797	13	78141889	108131996	20514	0.0057
ddad746b-0a61-492c-987b-893dd5cf9797	13	108134199	108134431	2	-1.7357
ddad746b-0a61-492c-987b-893dd5cf9797	13	108135578	112862607	3471	0.0043
ddad746b-0a61-492c-987b-893dd5cf9797	13	112866048	112869676	2	-1.7163
ddad746b-0a61-492c-987b-893dd5cf9797	13	112869878	114342922	654	0.0331
ddad746b-0a61-492c-987b-893dd5cf9797	14	18239283	19326853	49	0.0526
ddad746b-0a61-492c-987b-893dd5cf9797	14	19367655	19952080	116	0.6251
ddad746b-0a61-492c-987b-893dd5cf9797	14	19954424	73534419	34062	0.0069
ddad746b-0a61-492c-987b-893dd5cf9797	14	73540003	73563196	9	1.2166
ddad746b-0a61-492c-987b-893dd5cf9797	14	73563211	98707855	17135	0.0085
ddad746b-0a61-492c-987b-893dd5cf9797	14	98711806	98726565	14	-0.9938
ddad746b-0a61-492c-987b-893dd5cf9797	14	98727670	98805553	62	-0.052
ddad746b-0a61-492c-987b-893dd5cf9797	14	98806902	98810133	3	-2.7246
ddad746b-0a61-492c-987b-893dd5cf9797	14	98810381	105542308	3433	0.0133
ddad746b-0a61-492c-987b-893dd5cf9797	14	105544971	106321086	230	0.1844
ddad746b-0a61-492c-987b-893dd5cf9797	14	106340102	106346129	7	-1.4841
ddad746b-0a61-492c-987b-893dd5cf9797	14	106360014	106416146	29	0.1172
ddad746b-0a61-492c-987b-893dd5cf9797	14	106418444	106462144	47	-0.5315
ddad746b-0a61-492c-987b-893dd5cf9797	14	106462169	106877229	197	0.0979
ddad746b-0a61-492c-987b-893dd5cf9797	15	19811075	20376309	94	0.0267
ddad746b-0a61-492c-987b-893dd5cf9797	15	20376311	20381230	6	-1.158
ddad746b-0a61-492c-987b-893dd5cf9797	15	20381406	24137883	972	0.0712
ddad746b-0a61-492c-987b-893dd5cf9797	15	24139418	24189385	29	-0.9105
ddad746b-0a61-492c-987b-893dd5cf9797	15	24197072	54836101	19031	0.0157
ddad746b-0a61-492c-987b-893dd5cf9797	15	54837774	54845408	17	-1.118
ddad746b-0a61-492c-987b-893dd5cf9797	15	54847092	65265798	7101	0.0051
ddad746b-0a61-492c-987b-893dd5cf9797	15	65270094	65270254	2	1.6083
ddad746b-0a61-492c-987b-893dd5cf9797	15	65272531	71320175	3891	0.0036
ddad746b-0a61-492c-987b-893dd5cf9797	15	71324122	71344482	18	0.401
ddad746b-0a61-492c-987b-893dd5cf9797	15	71347295	76598900	2748	0.0068
ddad746b-0a61-492c-987b-893dd5cf9797	15	76599170	76602857	13	-3.0123
ddad746b-0a61-492c-987b-893dd5cf9797	15	76603003	76603434	8	-0.7949
ddad746b-0a61-492c-987b-893dd5cf9797	15	76609838	101928837	17606	0.0143
ddad746b-0a61-492c-987b-893dd5cf9797	16	10777	391809	185	0.1847
ddad746b-0a61-492c-987b-893dd5cf9797	16	395897	396362	2	-1.1682
ddad746b-0a61-492c-987b-893dd5cf9797	16	399345	896896	158	0.1604
ddad746b-0a61-492c-987b-893dd5cf9797	16	898774	14348774	10590	-0.0044
ddad746b-0a61-492c-987b-893dd5cf9797	16	14351750	19933041	2520	0.0565
ddad746b-0a61-492c-987b-893dd5cf9797	16	19934328	19956040	29	-0.8958
ddad746b-0a61-492c-987b-893dd5cf9797	16	19958932	20489127	401	0.0097
ddad746b-0a61-492c-987b-893dd5cf9797	16	20489224	20562099	50	0.2626
ddad746b-0a61-492c-987b-893dd5cf9797	16	20564655	21336878	433	0.0021
ddad746b-0a61-492c-987b-893dd5cf9797	16	21338882	22706983	470	0.1457
ddad746b-0a61-492c-987b-893dd5cf9797	16	22707065	29268429	4201	0.0032
ddad746b-0a61-492c-987b-893dd5cf9797	16	29269203	29269734	3	-1.7072
ddad746b-0a61-492c-987b-893dd5cf9797	16	29270444	30295647	246	0.1423
ddad746b-0a61-492c-987b-893dd5cf9797	16	30308694	31946047	638	0.0038
ddad746b-0a61-492c-987b-893dd5cf9797	16	31948053	35225338	224	0.1753
ddad746b-0a61-492c-987b-893dd5cf9797	16	35232200	35533916	176	0.5917
ddad746b-0a61-492c-987b-893dd5cf9797	16	35540105	46575866	168	0.165
ddad746b-0a61-492c-987b-893dd5cf9797	16	46576262	48874271	1112	0.0081
ddad746b-0a61-492c-987b-893dd5cf9797	16	48876352	48876785	2	-1.6355
ddad746b-0a61-492c-987b-893dd5cf9797	16	48876823	55808470	5329	-0.0023
ddad746b-0a61-492c-987b-893dd5cf9797	16	55808544	55836505	13	0.5744
ddad746b-0a61-492c-987b-893dd5cf9797	16	55839497	70091271	8739	0.0023
ddad746b-0a61-492c-987b-893dd5cf9797	16	70105639	70164493	16	-0.5629
ddad746b-0a61-492c-987b-893dd5cf9797	16	70177541	78337711	5506	-0.0061
ddad746b-0a61-492c-987b-893dd5cf9797	16	78338543	78349243	15	0.9294
ddad746b-0a61-492c-987b-893dd5cf9797	16	78350841	88778524	10027	-0.0028
ddad746b-0a61-492c-987b-893dd5cf9797	16	88781871	90096867	582	0.1396
ddad746b-0a61-492c-987b-893dd5cf9797	17	150733	897328	403	0.1611
ddad746b-0a61-492c-987b-893dd5cf9797	17	897353	18375298	10960	0.0118
ddad746b-0a61-492c-987b-893dd5cf9797	17	18375438	18523147	41	0.4231
ddad746b-0a61-492c-987b-893dd5cf9797	17	18529764	21399695	1175	0.0269
ddad746b-0a61-492c-987b-893dd5cf9797	17	21414459	27127667	392	0.1498
ddad746b-0a61-492c-987b-893dd5cf9797	17	27128159	36098180	5269	0.0133
ddad746b-0a61-492c-987b-893dd5cf9797	17	36098851	36157718	44	0.5339
ddad746b-0a61-492c-987b-893dd5cf9797	17	36200725	41265456	2524	0.01
ddad746b-0a61-492c-987b-893dd5cf9797	17	41266762	41277074	35	0.8069
ddad746b-0a61-492c-987b-893dd5cf9797	17	41277149	46124088	2518	0.0354
ddad746b-0a61-492c-987b-893dd5cf9797	17	46127007	46446360	99	-0.2574
ddad746b-0a61-492c-987b-893dd5cf9797	17	46569894	67435149	12226	0.0101
ddad746b-0a61-492c-987b-893dd5cf9797	17	67444250	67448377	8	-0.8327
ddad746b-0a61-492c-987b-893dd5cf9797	17	67448766	70044239	1585	0.0172
ddad746b-0a61-492c-987b-893dd5cf9797	17	70044817	70044889	2	-1.7668
ddad746b-0a61-492c-987b-893dd5cf9797	17	70049030	78644609	5659	0.0226
ddad746b-0a61-492c-987b-893dd5cf9797	17	78647879	78648485	2	-1.7076
ddad746b-0a61-492c-987b-893dd5cf9797	17	78652444	83091923	2087	0.0248
ddad746b-0a61-492c-987b-893dd5cf9797	18	48133	14940790	10292	-0.0058
ddad746b-0a61-492c-987b-893dd5cf9797	18	14941017	20980564	123	0.1856
ddad746b-0a61-492c-987b-893dd5cf9797	18	20985841	40678763	12362	-0.0099
ddad746b-0a61-492c-987b-893dd5cf9797	18	40680456	40685425	19	0.6933
ddad746b-0a61-492c-987b-893dd5cf9797	18	40688060	66239629	17649	-0.0062
ddad746b-0a61-492c-987b-893dd5cf9797	18	66240197	66244124	9	-0.878
ddad746b-0a61-492c-987b-893dd5cf9797	18	66244352	79379940	9858	-0.0052
ddad746b-0a61-492c-987b-893dd5cf9797	18	79386876	80257174	409	0.106
ddad746b-0a61-492c-987b-893dd5cf9797	19	90910	12581187	5039	-0.0071
ddad746b-0a61-492c-987b-893dd5cf9797	19	12586552	12587288	2	-2.2768
ddad746b-0a61-492c-987b-893dd5cf9797	19	12589709	19701028	3442	0.0039
ddad746b-0a61-492c-987b-893dd5cf9797	19	19701386	20847822	685	0.1343
ddad746b-0a61-492c-987b-893dd5cf9797	19	20848709	22193513	763	0.0413
ddad746b-0a61-492c-987b-893dd5cf9797	19	22193575	22303994	73	0.2708
ddad746b-0a61-492c-987b-893dd5cf9797	19	22306056	22376896	37	-0.0155
ddad746b-0a61-492c-987b-893dd5cf9797	19	22377491	22441252	27	0.2589
ddad746b-0a61-492c-987b-893dd5cf9797	19	22449343	50824837	14135	0.0053
ddad746b-0a61-492c-987b-893dd5cf9797	19	50829011	50829130	2	-2.047
ddad746b-0a61-492c-987b-893dd5cf9797	19	50829225	50829982	3	-6.2202
ddad746b-0a61-492c-987b-893dd5cf9797	19	50835951	51627084	545	-0.0156
ddad746b-0a61-492c-987b-893dd5cf9797	19	51628383	51644944	16	0.5154
ddad746b-0a61-492c-987b-893dd5cf9797	19	51651652	52758334	746	0.0069
ddad746b-0a61-492c-987b-893dd5cf9797	19	52760544	52970820	162	0.1966
ddad746b-0a61-492c-987b-893dd5cf9797	19	52971136	53390939	309	-0.0234
ddad746b-0a61-492c-987b-893dd5cf9797	19	53391809	53864916	341	0.1232
ddad746b-0a61-492c-987b-893dd5cf9797	19	53871273	54801157	470	0.0209
ddad746b-0a61-492c-987b-893dd5cf9797	19	54801545	54802362	2	-1.8873
ddad746b-0a61-492c-987b-893dd5cf9797	19	54802832	54852069	21	0.3191
ddad746b-0a61-492c-987b-893dd5cf9797	19	54852441	58387975	2194	-0.0008
ddad746b-0a61-492c-987b-893dd5cf9797	19	58388597	58586487	89	0.2609
ddad746b-0a61-492c-987b-893dd5cf9797	20	80664	1580353	1204	0.0273
ddad746b-0a61-492c-987b-893dd5cf9797	20	1580934	1613247	41	1.7825
ddad746b-0a61-492c-987b-893dd5cf9797	20	1617300	12651396	8434	-0.0139
ddad746b-0a61-492c-987b-893dd5cf9797	20	12652088	12652207	2	-1.8845
ddad746b-0a61-492c-987b-893dd5cf9797	20	12652921	60564328	30500	-0.0038
ddad746b-0a61-492c-987b-893dd5cf9797	20	60567099	60567228	2	-1.9484
ddad746b-0a61-492c-987b-893dd5cf9797	20	60570516	63604928	1877	-0.0029
ddad746b-0a61-492c-987b-893dd5cf9797	20	63610189	64198605	233	0.1607
ddad746b-0a61-492c-987b-893dd5cf9797	20	64199115	64324800	67	-0.0439
ddad746b-0a61-492c-987b-893dd5cf9797	21	10354168	13583316	269	0.1202
ddad746b-0a61-492c-987b-893dd5cf9797	21	13612103	13677975	4	1.2486
ddad746b-0a61-492c-987b-893dd5cf9797	21	13803967	13966152	47	0.2053
ddad746b-0a61-492c-987b-893dd5cf9797	21	13968218	17012019	2078	0.0026
ddad746b-0a61-492c-987b-893dd5cf9797	21	17012454	17013556	4	-1.4607
ddad746b-0a61-492c-987b-893dd5cf9797	21	17013678	20108535	2206	0.0042
ddad746b-0a61-492c-987b-893dd5cf9797	21	20111137	20111245	2	-1.748
ddad746b-0a61-492c-987b-893dd5cf9797	21	20111867	28593306	6537	0.013
ddad746b-0a61-492c-987b-893dd5cf9797	21	28593964	28595155	3	-1.5784
ddad746b-0a61-492c-987b-893dd5cf9797	21	28598796	35978761	5191	0.0073
ddad746b-0a61-492c-987b-893dd5cf9797	21	35978882	35979008	3	1.3149
ddad746b-0a61-492c-987b-893dd5cf9797	21	35980822	43360089	5819	0.0091
ddad746b-0a61-492c-987b-893dd5cf9797	21	43361476	43363183	3	-1.2866
ddad746b-0a61-492c-987b-893dd5cf9797	21	43364401	43371963	10	0.3556
ddad746b-0a61-492c-987b-893dd5cf9797	21	43373304	44621875	478	0.0142
ddad746b-0a61-492c-987b-893dd5cf9797	21	44622253	44625568	7	-0.6584
ddad746b-0a61-492c-987b-893dd5cf9797	21	44629373	45429306	476	0.0239
ddad746b-0a61-492c-987b-893dd5cf9797	21	45435886	45506637	28	0.3122
ddad746b-0a61-492c-987b-893dd5cf9797	21	45511103	45513553	4	1.3
ddad746b-0a61-492c-987b-893dd5cf9797	21	45520594	46366609	453	0.0204
ddad746b-0a61-492c-987b-893dd5cf9797	21	46367201	46677045	231	0.1373
ddad746b-0a61-492c-987b-893dd5cf9797	22	15294547	18131162	1102	0.0177
ddad746b-0a61-492c-987b-893dd5cf9797	22	18131238	22398345	2353	0.1093
ddad746b-0a61-492c-987b-893dd5cf9797	22	22398407	22398545	3	-1.5103
ddad746b-0a61-492c-987b-893dd5cf9797	22	22402989	23408497	581	0.1494
ddad746b-0a61-492c-987b-893dd5cf9797	22	23410705	23929558	337	0.0391
ddad746b-0a61-492c-987b-893dd5cf9797	22	23940911	23950883	6	-0.7552
ddad746b-0a61-492c-987b-893dd5cf9797	22	23951669	23987520	8	0.0496
ddad746b-0a61-492c-987b-893dd5cf9797	22	23988078	23989773	2	-2.8043
ddad746b-0a61-492c-987b-893dd5cf9797	22	23990431	24385943	206	-0.0136
ddad746b-0a61-492c-987b-893dd5cf9797	22	24386503	24463649	41	0.2606
ddad746b-0a61-492c-987b-893dd5cf9797	22	24463699	24481324	9	-0.3183
ddad746b-0a61-492c-987b-893dd5cf9797	22	24481808	25289870	573	0.0066
ddad746b-0a61-492c-987b-893dd5cf9797	22	25293106	25410718	132	0.2259
ddad746b-0a61-492c-987b-893dd5cf9797	22	25410846	25514551	117	0.0177
ddad746b-0a61-492c-987b-893dd5cf9797	22	25514588	25519689	22	0.3932
ddad746b-0a61-492c-987b-893dd5cf9797	22	25519883	33667682	6032	0.004
ddad746b-0a61-492c-987b-893dd5cf9797	22	33670074	33706871	39	0.4925
ddad746b-0a61-492c-987b-893dd5cf9797	22	33708473	33799732	102	0.0826
ddad746b-0a61-492c-987b-893dd5cf9797	22	33799871	49439044	10934	0.0124
ddad746b-0a61-492c-987b-893dd5cf9797	22	49439437	50796027	658	0.1222
ddad746b-0a61-492c-987b-893dd5cf9797	X	251810	4356727	1178	0.0246
ddad746b-0a61-492c-987b-893dd5cf9797	X	4356740	4391487	40	-0.7827
ddad746b-0a61-492c-987b-893dd5cf9797	X	4394001	9946299	4294	0.0568
ddad746b-0a61-492c-987b-893dd5cf9797	X	9946907	9978972	20	-0.7738
ddad746b-0a61-492c-987b-893dd5cf9797	X	9981741	12032493	1347	0.0292
ddad746b-0a61-492c-987b-893dd5cf9797	X	12032975	12033472	2	-3.619
ddad746b-0a61-492c-987b-893dd5cf9797	X	12034573	13026191	879	0.0064
ddad746b-0a61-492c-987b-893dd5cf9797	X	13027871	13031807	6	-2.6458
ddad746b-0a61-492c-987b-893dd5cf9797	X	13032185	27675566	9029	0.0259
ddad746b-0a61-492c-987b-893dd5cf9797	X	27675835	27676082	2	-4.2737
ddad746b-0a61-492c-987b-893dd5cf9797	X	27676389	28667381	563	-0.0065
ddad746b-0a61-492c-987b-893dd5cf9797	X	28667395	28669878	2	-3.9477
ddad746b-0a61-492c-987b-893dd5cf9797	X	28670521	32672772	2766	0.0098
ddad746b-0a61-492c-987b-893dd5cf9797	X	32672857	32681897	9	-2.6911
ddad746b-0a61-492c-987b-893dd5cf9797	X	32682170	48023576	8683	0.028
ddad746b-0a61-492c-987b-893dd5cf9797	X	48027540	48144497	77	-3.8233
ddad746b-0a61-492c-987b-893dd5cf9797	X	48144628	50424879	840	0.045
ddad746b-0a61-492c-987b-893dd5cf9797	X	50425211	50425307	2	1.8648
ddad746b-0a61-492c-987b-893dd5cf9797	X	50427412	50914273	299	0.037
ddad746b-0a61-492c-987b-893dd5cf9797	X	50914624	50919388	5	-2.0147
ddad746b-0a61-492c-987b-893dd5cf9797	X	50923458	58103835	3064	0.0233
ddad746b-0a61-492c-987b-893dd5cf9797	X	58113794	63188424	250	0.2001
ddad746b-0a61-492c-987b-893dd5cf9797	X	63188485	63188573	4	1.6016
ddad746b-0a61-492c-987b-893dd5cf9797	X	63191419	63395179	59	0.2452
ddad746b-0a61-492c-987b-893dd5cf9797	X	63398173	65334732	771	0.0157
ddad746b-0a61-492c-987b-893dd5cf9797	X	65334847	65336563	2	-4.0938
ddad746b-0a61-492c-987b-893dd5cf9797	X	65336777	79699873	6383	0.0244
ddad746b-0a61-492c-987b-893dd5cf9797	X	79700007	79700024	2	-6.3266
ddad746b-0a61-492c-987b-893dd5cf9797	X	79700077	119941316	21630	0.0273
ddad746b-0a61-492c-987b-893dd5cf9797	X	119941489	119941987	2	-4.5995
ddad746b-0a61-492c-987b-893dd5cf9797	X	119942549	123113897	1831	0.0081
ddad746b-0a61-492c-987b-893dd5cf9797	X	123114007	123118246	12	-1.1756
ddad746b-0a61-492c-987b-893dd5cf9797	X	123118595	127852485	2810	0.0141
ddad746b-0a61-492c-987b-893dd5cf9797	X	127852914	127857178	4	-3.895
ddad746b-0a61-492c-987b-893dd5cf9797	X	127857664	155952689	16314	0.0291
ddad746b-0a61-492c-987b-893dd5cf9797	Y	2782397	7500247	1212	-0.8262
ddad746b-0a61-492c-987b-893dd5cf9797	Y	7502687	7524092	8	-3.3005
ddad746b-0a61-492c-987b-893dd5cf9797	Y	7527646	56872112	5415	-0.8314
