Sample	Chromosome	Start	End	Num_Probes	Segment_Mean
LEMUR_p_TCGA_116_163_164_183_N_GenomeWideSNP_6_C12_914502	1	61735	16149288	8417	0.0438
LEMUR_p_TCGA_116_163_164_183_N_GenomeWideSNP_6_C12_914502	1	16149343	16155010	12	0.7866
LEMUR_p_TCGA_116_163_164_183_N_GenomeWideSNP_6_C12_914502	1	16165661	25583341	5736	0.0381
LEMUR_p_TCGA_116_163_164_183_N_GenomeWideSNP_6_C12_914502	1	25593128	25646946	27	0.693
LEMUR_p_TCGA_116_163_164_183_N_GenomeWideSNP_6_C12_914502	1	25646986	41018091	8180	0.0387
LEMUR_p_TCGA_116_163_164_183_N_GenomeWideSNP_6_C12_914502	1	41020940	41049437	17	-0.4174
LEMUR_p_TCGA_116_163_164_183_N_GenomeWideSNP_6_C12_914502	1	41050493	55218030	7944	0.0275
LEMUR_p_TCGA_116_163_164_183_N_GenomeWideSNP_6_C12_914502	1	55218155	55270358	36	0.3474
LEMUR_p_TCGA_116_163_164_183_N_GenomeWideSNP_6_C12_914502	1	55270551	72750353	12670	0.022
LEMUR_p_TCGA_116_163_164_183_N_GenomeWideSNP_6_C12_914502	1	72756113	72763370	9	-0.8273
LEMUR_p_TCGA_116_163_164_183_N_GenomeWideSNP_6_C12_914502	1	72768418	72811148	47	1.6224
LEMUR_p_TCGA_116_163_164_183_N_GenomeWideSNP_6_C12_914502	1	72811904	104221531	20097	0.0191
LEMUR_p_TCGA_116_163_164_183_N_GenomeWideSNP_6_C12_914502	1	104221631	104239689	11	-1.1251
LEMUR_p_TCGA_116_163_164_183_N_GenomeWideSNP_6_C12_914502	1	104239986	110227515	3618	0.0189
LEMUR_p_TCGA_116_163_164_183_N_GenomeWideSNP_6_C12_914502	1	110232974	110240178	16	1.3198
LEMUR_p_TCGA_116_163_164_183_N_GenomeWideSNP_6_C12_914502	1	110242953	112696273	1962	0.0447
LEMUR_p_TCGA_116_163_164_183_N_GenomeWideSNP_6_C12_914502	1	112696308	112697241	19	0.5242
LEMUR_p_TCGA_116_163_164_183_N_GenomeWideSNP_6_C12_914502	1	112697376	120668364	5078	0.0202
LEMUR_p_TCGA_116_163_164_183_N_GenomeWideSNP_6_C12_914502	1	120671582	120693215	10	0.9452
LEMUR_p_TCGA_116_163_164_183_N_GenomeWideSNP_6_C12_914502	1	120696009	152555706	2949	0.0468
LEMUR_p_TCGA_116_163_164_183_N_GenomeWideSNP_6_C12_914502	1	152555767	152586238	30	-1.8776
LEMUR_p_TCGA_116_163_164_183_N_GenomeWideSNP_6_C12_914502	1	152586278	189791809	25155	0.0254
LEMUR_p_TCGA_116_163_164_183_N_GenomeWideSNP_6_C12_914502	1	189792735	189809410	13	-0.6112
LEMUR_p_TCGA_116_163_164_183_N_GenomeWideSNP_6_C12_914502	1	189810172	196738782	4611	0.0135
LEMUR_p_TCGA_116_163_164_183_N_GenomeWideSNP_6_C12_914502	1	196738981	196744200	11	-0.7591
LEMUR_p_TCGA_116_163_164_183_N_GenomeWideSNP_6_C12_914502	1	196747910	196843171	98	-0.2499
LEMUR_p_TCGA_116_163_164_183_N_GenomeWideSNP_6_C12_914502	1	196843420	196864527	23	-0.834
LEMUR_p_TCGA_116_163_164_183_N_GenomeWideSNP_6_C12_914502	1	196865094	248713868	35741	-0.0138
LEMUR_p_TCGA_116_163_164_183_N_GenomeWideSNP_6_C12_914502	1	248713991	248809369	42	-0.695
LEMUR_p_TCGA_116_163_164_183_N_GenomeWideSNP_6_C12_914502	1	248818483	248844912	11	-0.1158
LEMUR_p_TCGA_116_163_164_183_N_GenomeWideSNP_6_C12_914502	1	248845097	249224388	129	0.1043
LEMUR_p_TCGA_116_163_164_183_N_GenomeWideSNP_6_C12_914502	2	12784	86937687	59203	0.0163
LEMUR_p_TCGA_116_163_164_183_N_GenomeWideSNP_6_C12_914502	2	86953070	86953854	2	-2.1271
LEMUR_p_TCGA_116_163_164_183_N_GenomeWideSNP_6_C12_914502	2	86970406	87105653	56	-0.0033
LEMUR_p_TCGA_116_163_164_183_N_GenomeWideSNP_6_C12_914502	2	87105876	87128201	8	-0.5194
LEMUR_p_TCGA_116_163_164_183_N_GenomeWideSNP_6_C12_914502	2	87129203	87161853	3	-1.8016
LEMUR_p_TCGA_116_163_164_183_N_GenomeWideSNP_6_C12_914502	2	87172727	152131328	34709	0.0211
LEMUR_p_TCGA_116_163_164_183_N_GenomeWideSNP_6_C12_914502	2	152132130	152141953	15	-0.7044
LEMUR_p_TCGA_116_163_164_183_N_GenomeWideSNP_6_C12_914502	2	152142296	243089456	56090	0.024
LEMUR_p_TCGA_116_163_164_183_N_GenomeWideSNP_6_C12_914502	3	60345	2146283	1877	0.7953
LEMUR_p_TCGA_116_163_164_183_N_GenomeWideSNP_6_C12_914502	3	2146505	35077113	23839	0.4694
LEMUR_p_TCGA_116_163_164_183_N_GenomeWideSNP_6_C12_914502	3	35077946	60781027	15902	-0.3894
LEMUR_p_TCGA_116_163_164_183_N_GenomeWideSNP_6_C12_914502	3	60784223	65188453	3769	0.3695
LEMUR_p_TCGA_116_163_164_183_N_GenomeWideSNP_6_C12_914502	3	65189235	65210154	50	-0.1327
LEMUR_p_TCGA_116_163_164_183_N_GenomeWideSNP_6_C12_914502	3	65210299	65309731	98	0.343
LEMUR_p_TCGA_116_163_164_183_N_GenomeWideSNP_6_C12_914502	3	65309789	68746164	2326	0.0328
LEMUR_p_TCGA_116_163_164_183_N_GenomeWideSNP_6_C12_914502	3	68746259	68747413	14	-1.2035
LEMUR_p_TCGA_116_163_164_183_N_GenomeWideSNP_6_C12_914502	3	68748758	84699684	9946	0.0076
LEMUR_p_TCGA_116_163_164_183_N_GenomeWideSNP_6_C12_914502	3	84699758	84702136	14	-1.3873
LEMUR_p_TCGA_116_163_164_183_N_GenomeWideSNP_6_C12_914502	3	84702161	98945299	6008	0.0059
LEMUR_p_TCGA_116_163_164_183_N_GenomeWideSNP_6_C12_914502	3	98945395	98949056	13	-0.8301
LEMUR_p_TCGA_116_163_164_183_N_GenomeWideSNP_6_C12_914502	3	98949069	129786209	18770	0.0186
LEMUR_p_TCGA_116_163_164_183_N_GenomeWideSNP_6_C12_914502	3	129786286	129806236	45	-1.1671
LEMUR_p_TCGA_116_163_164_183_N_GenomeWideSNP_6_C12_914502	3	129806924	136019099	4037	0.0265
LEMUR_p_TCGA_116_163_164_183_N_GenomeWideSNP_6_C12_914502	3	136022951	136025426	2	-3.1052
LEMUR_p_TCGA_116_163_164_183_N_GenomeWideSNP_6_C12_914502	3	136038541	162540490	16277	0.0118
LEMUR_p_TCGA_116_163_164_183_N_GenomeWideSNP_6_C12_914502	3	162545716	162625995	48	0.4742
LEMUR_p_TCGA_116_163_164_183_N_GenomeWideSNP_6_C12_914502	3	162626572	165129482	1407	-0.0038
LEMUR_p_TCGA_116_163_164_183_N_GenomeWideSNP_6_C12_914502	3	165129538	165129566	2	1.9355
LEMUR_p_TCGA_116_163_164_183_N_GenomeWideSNP_6_C12_914502	3	165129833	167659756	1399	0.0061
LEMUR_p_TCGA_116_163_164_183_N_GenomeWideSNP_6_C12_914502	3	167660757	167661136	2	1.5884
LEMUR_p_TCGA_116_163_164_183_N_GenomeWideSNP_6_C12_914502	3	167665917	167917122	150	-0.0141
LEMUR_p_TCGA_116_163_164_183_N_GenomeWideSNP_6_C12_914502	3	167920258	167927374	4	-0.9612
LEMUR_p_TCGA_116_163_164_183_N_GenomeWideSNP_6_C12_914502	3	167928107	168730180	482	-0.0062
LEMUR_p_TCGA_116_163_164_183_N_GenomeWideSNP_6_C12_914502	3	168733402	168738628	2	-2.1564
LEMUR_p_TCGA_116_163_164_183_N_GenomeWideSNP_6_C12_914502	3	168739827	178936351	6659	0.0139
LEMUR_p_TCGA_116_163_164_183_N_GenomeWideSNP_6_C12_914502	3	178936529	178936584	2	-2.0159
LEMUR_p_TCGA_116_163_164_183_N_GenomeWideSNP_6_C12_914502	3	178936623	192878045	9094	0.0216
LEMUR_p_TCGA_116_163_164_183_N_GenomeWideSNP_6_C12_914502	3	192878195	192882903	17	-1.3131
LEMUR_p_TCGA_116_163_164_183_N_GenomeWideSNP_6_C12_914502	3	192886435	197896118	2707	0.0324
LEMUR_p_TCGA_116_163_164_183_N_GenomeWideSNP_6_C12_914502	4	12281	10210390	5805	0.0276
LEMUR_p_TCGA_116_163_164_183_N_GenomeWideSNP_6_C12_914502	4	10214160	10230812	24	-1.9775
LEMUR_p_TCGA_116_163_164_183_N_GenomeWideSNP_6_C12_914502	4	10230903	34779054	17004	0.0118
LEMUR_p_TCGA_116_163_164_183_N_GenomeWideSNP_6_C12_914502	4	34786500	34821340	36	0.5587
LEMUR_p_TCGA_116_163_164_183_N_GenomeWideSNP_6_C12_914502	4	34824183	61497136	14824	0.0186
LEMUR_p_TCGA_116_163_164_183_N_GenomeWideSNP_6_C12_914502	4	61500829	61501270	2	-4.7221
LEMUR_p_TCGA_116_163_164_183_N_GenomeWideSNP_6_C12_914502	4	61503976	63667834	1207	0.0177
LEMUR_p_TCGA_116_163_164_183_N_GenomeWideSNP_6_C12_914502	4	63669936	63671662	8	-1.4251
LEMUR_p_TCGA_116_163_164_183_N_GenomeWideSNP_6_C12_914502	4	63679630	161880141	59368	0.0087
LEMUR_p_TCGA_116_163_164_183_N_GenomeWideSNP_6_C12_914502	4	161880197	161884908	18	-0.9026
LEMUR_p_TCGA_116_163_164_183_N_GenomeWideSNP_6_C12_914502	4	161884919	168828414	4399	0.0074
LEMUR_p_TCGA_116_163_164_183_N_GenomeWideSNP_6_C12_914502	4	168828532	168828558	3	-1.4426
LEMUR_p_TCGA_116_163_164_183_N_GenomeWideSNP_6_C12_914502	4	168828722	172369346	2277	0.0285
LEMUR_p_TCGA_116_163_164_183_N_GenomeWideSNP_6_C12_914502	4	172374884	172377444	8	1.7498
LEMUR_p_TCGA_116_163_164_183_N_GenomeWideSNP_6_C12_914502	4	172377458	172989224	404	8e-04
LEMUR_p_TCGA_116_163_164_183_N_GenomeWideSNP_6_C12_914502	4	172989300	172989505	7	-1.6282
LEMUR_p_TCGA_116_163_164_183_N_GenomeWideSNP_6_C12_914502	4	172989519	188928442	10758	0.0126
LEMUR_p_TCGA_116_163_164_183_N_GenomeWideSNP_6_C12_914502	4	188931900	188936949	11	-1.3118
LEMUR_p_TCGA_116_163_164_183_N_GenomeWideSNP_6_C12_914502	4	188938234	190326382	1053	0.0107
LEMUR_p_TCGA_116_163_164_183_N_GenomeWideSNP_6_C12_914502	4	190326474	190329884	2	-2.3707
LEMUR_p_TCGA_116_163_164_183_N_GenomeWideSNP_6_C12_914502	4	190329930	191027923	306	-0.0117
LEMUR_p_TCGA_116_163_164_183_N_GenomeWideSNP_6_C12_914502	5	15532	15719350	12217	0.0267
LEMUR_p_TCGA_116_163_164_183_N_GenomeWideSNP_6_C12_914502	5	15720075	15720597	9	-0.9375
LEMUR_p_TCGA_116_163_164_183_N_GenomeWideSNP_6_C12_914502	5	15723346	21451200	3554	0.0104
LEMUR_p_TCGA_116_163_164_183_N_GenomeWideSNP_6_C12_914502	5	21451277	21452438	4	-2.4084
LEMUR_p_TCGA_116_163_164_183_N_GenomeWideSNP_6_C12_914502	5	21452496	57321646	20117	0.0133
LEMUR_p_TCGA_116_163_164_183_N_GenomeWideSNP_6_C12_914502	5	57326027	57333533	32	2.3329
LEMUR_p_TCGA_116_163_164_183_N_GenomeWideSNP_6_C12_914502	5	57338357	58303431	739	0.014
LEMUR_p_TCGA_116_163_164_183_N_GenomeWideSNP_6_C12_914502	5	58303558	58304570	5	-0.8649
LEMUR_p_TCGA_116_163_164_183_N_GenomeWideSNP_6_C12_914502	5	58304705	62846973	2854	0.0139
LEMUR_p_TCGA_116_163_164_183_N_GenomeWideSNP_6_C12_914502	5	62847173	62848698	2	-1.6672
LEMUR_p_TCGA_116_163_164_183_N_GenomeWideSNP_6_C12_914502	5	62851915	68846303	3705	0.0245
LEMUR_p_TCGA_116_163_164_183_N_GenomeWideSNP_6_C12_914502	5	68867294	69118135	5	-0.8904
LEMUR_p_TCGA_116_163_164_183_N_GenomeWideSNP_6_C12_914502	5	69233427	86111756	9673	0.0253
LEMUR_p_TCGA_116_163_164_183_N_GenomeWideSNP_6_C12_914502	5	86115378	86119146	3	-1.3348
LEMUR_p_TCGA_116_163_164_183_N_GenomeWideSNP_6_C12_914502	5	86121629	120932977	21609	0.0129
LEMUR_p_TCGA_116_163_164_183_N_GenomeWideSNP_6_C12_914502	5	120936233	120944560	5	-1.103
LEMUR_p_TCGA_116_163_164_183_N_GenomeWideSNP_6_C12_914502	5	120947041	130231810	5804	0.0338
LEMUR_p_TCGA_116_163_164_183_N_GenomeWideSNP_6_C12_914502	5	130240011	130245867	7	-0.9625
LEMUR_p_TCGA_116_163_164_183_N_GenomeWideSNP_6_C12_914502	5	130250524	140218722	5717	0.0258
LEMUR_p_TCGA_116_163_164_183_N_GenomeWideSNP_6_C12_914502	5	140223836	140231839	10	-0.808
LEMUR_p_TCGA_116_163_164_183_N_GenomeWideSNP_6_C12_914502	5	140241027	144083139	2473	0.0298
LEMUR_p_TCGA_116_163_164_183_N_GenomeWideSNP_6_C12_914502	5	144084296	144087096	3	-1.0596
LEMUR_p_TCGA_116_163_164_183_N_GenomeWideSNP_6_C12_914502	5	144087851	150177708	4094	0.0279
LEMUR_p_TCGA_116_163_164_183_N_GenomeWideSNP_6_C12_914502	5	150178240	150218604	17	-0.5613
LEMUR_p_TCGA_116_163_164_183_N_GenomeWideSNP_6_C12_914502	5	150223387	151514100	962	0.0424
LEMUR_p_TCGA_116_163_164_183_N_GenomeWideSNP_6_C12_914502	5	151514171	151520271	16	-0.6036
LEMUR_p_TCGA_116_163_164_183_N_GenomeWideSNP_6_C12_914502	5	151520422	166650318	10129	0.0141
LEMUR_p_TCGA_116_163_164_183_N_GenomeWideSNP_6_C12_914502	5	166659133	166659828	2	-2.6374
LEMUR_p_TCGA_116_163_164_183_N_GenomeWideSNP_6_C12_914502	5	166662590	180374523	9193	0.0318
LEMUR_p_TCGA_116_163_164_183_N_GenomeWideSNP_6_C12_914502	5	180378710	180418103	19	0.8156
LEMUR_p_TCGA_116_163_164_183_N_GenomeWideSNP_6_C12_914502	5	180433225	180790320	171	0.1466
LEMUR_p_TCGA_116_163_164_183_N_GenomeWideSNP_6_C12_914502	6	149661	258265	103	0.0379
LEMUR_p_TCGA_116_163_164_183_N_GenomeWideSNP_6_C12_914502	6	260376	381149	95	-0.8295
LEMUR_p_TCGA_116_163_164_183_N_GenomeWideSNP_6_C12_914502	6	382559	29837072	21548	0.0217
LEMUR_p_TCGA_116_163_164_183_N_GenomeWideSNP_6_C12_914502	6	29837187	29849267	16	1.0298
LEMUR_p_TCGA_116_163_164_183_N_GenomeWideSNP_6_C12_914502	6	29850196	31286305	672	0.073
LEMUR_p_TCGA_116_163_164_183_N_GenomeWideSNP_6_C12_914502	6	31286531	31296451	9	-1.5054
LEMUR_p_TCGA_116_163_164_183_N_GenomeWideSNP_6_C12_914502	6	31309924	77436532	26630	0.0231
LEMUR_p_TCGA_116_163_164_183_N_GenomeWideSNP_6_C12_914502	6	77439868	77452757	21	0.7565
LEMUR_p_TCGA_116_163_164_183_N_GenomeWideSNP_6_C12_914502	6	77461073	95180881	11472	0.0181
LEMUR_p_TCGA_116_163_164_183_N_GenomeWideSNP_6_C12_914502	6	95181002	95181515	3	-2.0433
LEMUR_p_TCGA_116_163_164_183_N_GenomeWideSNP_6_C12_914502	6	95187852	142182283	29325	0.0198
LEMUR_p_TCGA_116_163_164_183_N_GenomeWideSNP_6_C12_914502	6	142183549	142186569	2	-2.1193
LEMUR_p_TCGA_116_163_164_183_N_GenomeWideSNP_6_C12_914502	6	142187102	143871188	1096	0.0153
LEMUR_p_TCGA_116_163_164_183_N_GenomeWideSNP_6_C12_914502	6	143871690	143874262	5	-1.0359
LEMUR_p_TCGA_116_163_164_183_N_GenomeWideSNP_6_C12_914502	6	143875758	171051005	18992	0.0325
LEMUR_p_TCGA_116_163_164_183_N_GenomeWideSNP_6_C12_914502	7	43355	21966119	15715	0.0286
LEMUR_p_TCGA_116_163_164_183_N_GenomeWideSNP_6_C12_914502	7	21973207	21979517	3	-1.6569
LEMUR_p_TCGA_116_163_164_183_N_GenomeWideSNP_6_C12_914502	7	21980773	54386505	22872	0.02
LEMUR_p_TCGA_116_163_164_183_N_GenomeWideSNP_6_C12_914502	7	54386509	54386517	5	-2.9782
LEMUR_p_TCGA_116_163_164_183_N_GenomeWideSNP_6_C12_914502	7	54393488	85793125	14881	0.0163
LEMUR_p_TCGA_116_163_164_183_N_GenomeWideSNP_6_C12_914502	7	85793677	85803265	6	-1.1369
LEMUR_p_TCGA_116_163_164_183_N_GenomeWideSNP_6_C12_914502	7	85804327	88236043	1372	0.0108
LEMUR_p_TCGA_116_163_164_183_N_GenomeWideSNP_6_C12_914502	7	88239231	88256494	16	0.6846
LEMUR_p_TCGA_116_163_164_183_N_GenomeWideSNP_6_C12_914502	7	88257188	109437092	12547	0.0218
LEMUR_p_TCGA_116_163_164_183_N_GenomeWideSNP_6_C12_914502	7	109437093	109453858	33	0.5115
LEMUR_p_TCGA_116_163_164_183_N_GenomeWideSNP_6_C12_914502	7	109453910	110964531	1010	0.0261
LEMUR_p_TCGA_116_163_164_183_N_GenomeWideSNP_6_C12_914502	7	110964550	110971845	3	-1.4185
LEMUR_p_TCGA_116_163_164_183_N_GenomeWideSNP_6_C12_914502	7	110972427	126045556	9027	0.0115
LEMUR_p_TCGA_116_163_164_183_N_GenomeWideSNP_6_C12_914502	7	126045651	126046877	12	1.3549
LEMUR_p_TCGA_116_163_164_183_N_GenomeWideSNP_6_C12_914502	7	126046878	141759994	9938	0.0307
LEMUR_p_TCGA_116_163_164_183_N_GenomeWideSNP_6_C12_914502	7	141760830	141792107	46	-0.477
LEMUR_p_TCGA_116_163_164_183_N_GenomeWideSNP_6_C12_914502	7	141795281	142047396	196	0.0634
LEMUR_p_TCGA_116_163_164_183_N_GenomeWideSNP_6_C12_914502	7	142047648	142099968	3	-1.2816
LEMUR_p_TCGA_116_163_164_183_N_GenomeWideSNP_6_C12_914502	7	142099988	142474939	252	0.105
LEMUR_p_TCGA_116_163_164_183_N_GenomeWideSNP_6_C12_914502	7	142476719	142486115	28	0.8059
LEMUR_p_TCGA_116_163_164_183_N_GenomeWideSNP_6_C12_914502	7	142486345	143227096	474	0.0305
LEMUR_p_TCGA_116_163_164_183_N_GenomeWideSNP_6_C12_914502	7	143227117	143543865	87	-0.4206
LEMUR_p_TCGA_116_163_164_183_N_GenomeWideSNP_6_C12_914502	7	143545361	143873377	275	-0.0269
LEMUR_p_TCGA_116_163_164_183_N_GenomeWideSNP_6_C12_914502	7	143873952	144075518	47	0.4706
LEMUR_p_TCGA_116_163_164_183_N_GenomeWideSNP_6_C12_914502	7	144075749	150300735	3856	0.0152
LEMUR_p_TCGA_116_163_164_183_N_GenomeWideSNP_6_C12_914502	7	150300867	150301569	3	-1.5296
LEMUR_p_TCGA_116_163_164_183_N_GenomeWideSNP_6_C12_914502	7	150307922	154389895	2586	0.0211
LEMUR_p_TCGA_116_163_164_183_N_GenomeWideSNP_6_C12_914502	7	154393171	154399613	4	-1.9448
LEMUR_p_TCGA_116_163_164_183_N_GenomeWideSNP_6_C12_914502	7	154400830	159127004	3245	0.0371
LEMUR_p_TCGA_116_163_164_183_N_GenomeWideSNP_6_C12_914502	8	31254	593041	327	0.0892
LEMUR_p_TCGA_116_163_164_183_N_GenomeWideSNP_6_C12_914502	8	594944	595908	10	2.8019
LEMUR_p_TCGA_116_163_164_183_N_GenomeWideSNP_6_C12_914502	8	601043	3906209	3308	0.0434
LEMUR_p_TCGA_116_163_164_183_N_GenomeWideSNP_6_C12_914502	8	3907807	3908450	5	-1.6164
LEMUR_p_TCGA_116_163_164_183_N_GenomeWideSNP_6_C12_914502	8	3910096	7958599	4389	0.0316
LEMUR_p_TCGA_116_163_164_183_N_GenomeWideSNP_6_C12_914502	8	7958962	7962459	3	-1.497
LEMUR_p_TCGA_116_163_164_183_N_GenomeWideSNP_6_C12_914502	8	7962597	11877195	3250	0.0749
LEMUR_p_TCGA_116_163_164_183_N_GenomeWideSNP_6_C12_914502	8	11881859	12281121	76	-0.3483
LEMUR_p_TCGA_116_163_164_183_N_GenomeWideSNP_6_C12_914502	8	12291824	39246675	19550	0.0208
LEMUR_p_TCGA_116_163_164_183_N_GenomeWideSNP_6_C12_914502	8	39247111	39386965	57	0.827
LEMUR_p_TCGA_116_163_164_183_N_GenomeWideSNP_6_C12_914502	8	39388299	40183799	591	0.0122
LEMUR_p_TCGA_116_163_164_183_N_GenomeWideSNP_6_C12_914502	8	40183805	40194456	35	-0.8146
LEMUR_p_TCGA_116_163_164_183_N_GenomeWideSNP_6_C12_914502	8	40195639	50880234	3863	0.016
LEMUR_p_TCGA_116_163_164_183_N_GenomeWideSNP_6_C12_914502	8	50882830	50922608	34	-0.3264
LEMUR_p_TCGA_116_163_164_183_N_GenomeWideSNP_6_C12_914502	8	50926981	72210748	13392	0.0236
LEMUR_p_TCGA_116_163_164_183_N_GenomeWideSNP_6_C12_914502	8	72212181	72216434	9	-0.9363
LEMUR_p_TCGA_116_163_164_183_N_GenomeWideSNP_6_C12_914502	8	72216501	112291494	24143	0.0418
LEMUR_p_TCGA_116_163_164_183_N_GenomeWideSNP_6_C12_914502	8	112294279	112295260	9	-1.2733
LEMUR_p_TCGA_116_163_164_183_N_GenomeWideSNP_6_C12_914502	8	112300281	120152010	4974	0.0575
LEMUR_p_TCGA_116_163_164_183_N_GenomeWideSNP_6_C12_914502	8	120154784	120162854	5	-1.1303
LEMUR_p_TCGA_116_163_164_183_N_GenomeWideSNP_6_C12_914502	8	120163725	140320084	15003	0.0587
LEMUR_p_TCGA_116_163_164_183_N_GenomeWideSNP_6_C12_914502	8	140323589	140453852	105	0.4513
LEMUR_p_TCGA_116_163_164_183_N_GenomeWideSNP_6_C12_914502	8	140456545	144284479	2201	0.1305
LEMUR_p_TCGA_116_163_164_183_N_GenomeWideSNP_6_C12_914502	8	144290410	144310602	17	0.6442
LEMUR_p_TCGA_116_163_164_183_N_GenomeWideSNP_6_C12_914502	8	144310617	146298155	635	0.1332
LEMUR_p_TCGA_116_163_164_183_N_GenomeWideSNP_6_C12_914502	9	46587	23361805	20470	0.0275
LEMUR_p_TCGA_116_163_164_183_N_GenomeWideSNP_6_C12_914502	9	23363115	23373484	8	-2.7441
LEMUR_p_TCGA_116_163_164_183_N_GenomeWideSNP_6_C12_914502	9	23378488	96470097	29585	-0.0077
LEMUR_p_TCGA_116_163_164_183_N_GenomeWideSNP_6_C12_914502	9	96470711	96470957	2	-2.401
LEMUR_p_TCGA_116_163_164_183_N_GenomeWideSNP_6_C12_914502	9	96472946	106244066	6472	0.0288
LEMUR_p_TCGA_116_163_164_183_N_GenomeWideSNP_6_C12_914502	9	106244176	106253458	4	-1.1113
LEMUR_p_TCGA_116_163_164_183_N_GenomeWideSNP_6_C12_914502	9	106255685	107364969	879	0.0423
LEMUR_p_TCGA_116_163_164_183_N_GenomeWideSNP_6_C12_914502	9	107365056	107365156	4	-1.0669
LEMUR_p_TCGA_116_163_164_183_N_GenomeWideSNP_6_C12_914502	9	107365164	130139464	16776	0.0249
LEMUR_p_TCGA_116_163_164_183_N_GenomeWideSNP_6_C12_914502	9	130139765	141091394	5758	0.3256
LEMUR_p_TCGA_116_163_164_183_N_GenomeWideSNP_6_C12_914502	10	72809	17836592	14883	0.0266
LEMUR_p_TCGA_116_163_164_183_N_GenomeWideSNP_6_C12_914502	10	17859443	17894976	4	0.4667
LEMUR_p_TCGA_116_163_164_183_N_GenomeWideSNP_6_C12_914502	10	17927554	17949857	3	-2.0132
LEMUR_p_TCGA_116_163_164_183_N_GenomeWideSNP_6_C12_914502	10	17971816	47055711	16778	0.0165
LEMUR_p_TCGA_116_163_164_183_N_GenomeWideSNP_6_C12_914502	10	47058792	47062311	23	0.4599
LEMUR_p_TCGA_116_163_164_183_N_GenomeWideSNP_6_C12_914502	10	47062414	47142191	58	-0.055
LEMUR_p_TCGA_116_163_164_183_N_GenomeWideSNP_6_C12_914502	10	47142229	47566926	27	-0.3976
LEMUR_p_TCGA_116_163_164_183_N_GenomeWideSNP_6_C12_914502	10	47567724	54929854	4284	0.0343
LEMUR_p_TCGA_116_163_164_183_N_GenomeWideSNP_6_C12_914502	10	54929870	54939153	9	-1.1868
LEMUR_p_TCGA_116_163_164_183_N_GenomeWideSNP_6_C12_914502	10	54941401	67309010	8701	0.0283
LEMUR_p_TCGA_116_163_164_183_N_GenomeWideSNP_6_C12_914502	10	67310955	67314401	11	-0.8514
LEMUR_p_TCGA_116_163_164_183_N_GenomeWideSNP_6_C12_914502	10	67314430	135506704	46325	0.0223
LEMUR_p_TCGA_116_163_164_183_N_GenomeWideSNP_6_C12_914502	11	198510	4970243	2478	-0.4378
LEMUR_p_TCGA_116_163_164_183_N_GenomeWideSNP_6_C12_914502	11	4970277	4974029	23	-1.7909
LEMUR_p_TCGA_116_163_164_183_N_GenomeWideSNP_6_C12_914502	11	4975164	18940870	10252	-0.4697
LEMUR_p_TCGA_116_163_164_183_N_GenomeWideSNP_6_C12_914502	11	18949072	18952989	24	-1.9737
LEMUR_p_TCGA_116_163_164_183_N_GenomeWideSNP_6_C12_914502	11	18953004	18953128	4	-0.5093
LEMUR_p_TCGA_116_163_164_183_N_GenomeWideSNP_6_C12_914502	11	18954808	18960115	8	-4.6722
LEMUR_p_TCGA_116_163_164_183_N_GenomeWideSNP_6_C12_914502	11	18960750	34121640	10879	-0.4831
LEMUR_p_TCGA_116_163_164_183_N_GenomeWideSNP_6_C12_914502	11	34130241	55385668	10991	0.0287
LEMUR_p_TCGA_116_163_164_183_N_GenomeWideSNP_6_C12_914502	11	55386397	55442318	28	0.456
LEMUR_p_TCGA_116_163_164_183_N_GenomeWideSNP_6_C12_914502	11	55444211	71536872	8403	0.0382
LEMUR_p_TCGA_116_163_164_183_N_GenomeWideSNP_6_C12_914502	11	71539003	71557428	9	0.6667
LEMUR_p_TCGA_116_163_164_183_N_GenomeWideSNP_6_C12_914502	11	71562117	79967504	4901	0.0252
LEMUR_p_TCGA_116_163_164_183_N_GenomeWideSNP_6_C12_914502	11	79967513	79976207	15	-0.5367
LEMUR_p_TCGA_116_163_164_183_N_GenomeWideSNP_6_C12_914502	11	79976227	107582885	19421	0.0132
LEMUR_p_TCGA_116_163_164_183_N_GenomeWideSNP_6_C12_914502	11	107583087	107583378	2	-1.9924
LEMUR_p_TCGA_116_163_164_183_N_GenomeWideSNP_6_C12_914502	11	107584654	125077470	12124	0.029
LEMUR_p_TCGA_116_163_164_183_N_GenomeWideSNP_6_C12_914502	11	125077505	125080695	12	0.5368
LEMUR_p_TCGA_116_163_164_183_N_GenomeWideSNP_6_C12_914502	11	125080769	134944770	7566	0.0586
LEMUR_p_TCGA_116_163_164_183_N_GenomeWideSNP_6_C12_914502	12	150442	192220	9	0.0521
LEMUR_p_TCGA_116_163_164_183_N_GenomeWideSNP_6_C12_914502	12	192620	2252723	1282	0.4393
LEMUR_p_TCGA_116_163_164_183_N_GenomeWideSNP_6_C12_914502	12	2252794	2253004	3	-0.5494
LEMUR_p_TCGA_116_163_164_183_N_GenomeWideSNP_6_C12_914502	12	2253047	3352183	790	0.3784
LEMUR_p_TCGA_116_163_164_183_N_GenomeWideSNP_6_C12_914502	12	3352245	3356785	3	1.549
LEMUR_p_TCGA_116_163_164_183_N_GenomeWideSNP_6_C12_914502	12	3356953	8542090	3533	0.3663
LEMUR_p_TCGA_116_163_164_183_N_GenomeWideSNP_6_C12_914502	12	8552522	8584672	25	-0.1781
LEMUR_p_TCGA_116_163_164_183_N_GenomeWideSNP_6_C12_914502	12	8594894	9630556	563	0.3795
LEMUR_p_TCGA_116_163_164_183_N_GenomeWideSNP_6_C12_914502	12	9633870	9728292	25	1.2622
LEMUR_p_TCGA_116_163_164_183_N_GenomeWideSNP_6_C12_914502	12	9734969	11220724	1043	0.3458
LEMUR_p_TCGA_116_163_164_183_N_GenomeWideSNP_6_C12_914502	12	11220827	11241532	11	-1.0106
LEMUR_p_TCGA_116_163_164_183_N_GenomeWideSNP_6_C12_914502	12	11251874	33294660	15598	0.3542
LEMUR_p_TCGA_116_163_164_183_N_GenomeWideSNP_6_C12_914502	12	33301406	33307374	26	-2.5195
LEMUR_p_TCGA_116_163_164_183_N_GenomeWideSNP_6_C12_914502	12	33308360	40018551	1784	0.351
LEMUR_p_TCGA_116_163_164_183_N_GenomeWideSNP_6_C12_914502	12	40021272	40521896	322	0.7049
LEMUR_p_TCGA_116_163_164_183_N_GenomeWideSNP_6_C12_914502	12	40531064	45904438	3518	-0.4528
LEMUR_p_TCGA_116_163_164_183_N_GenomeWideSNP_6_C12_914502	12	45905840	45909537	3	-3.1271
LEMUR_p_TCGA_116_163_164_183_N_GenomeWideSNP_6_C12_914502	12	45913292	58468766	7009	-0.4521
LEMUR_p_TCGA_116_163_164_183_N_GenomeWideSNP_6_C12_914502	12	58469348	58469582	2	1.5418
LEMUR_p_TCGA_116_163_164_183_N_GenomeWideSNP_6_C12_914502	12	58469695	70870073	8167	-0.4738
LEMUR_p_TCGA_116_163_164_183_N_GenomeWideSNP_6_C12_914502	12	70871858	70877765	7	-1.7008
LEMUR_p_TCGA_116_163_164_183_N_GenomeWideSNP_6_C12_914502	12	70877921	91916072	13011	-0.4808
LEMUR_p_TCGA_116_163_164_183_N_GenomeWideSNP_6_C12_914502	12	91916307	91922157	6	-3.4548
LEMUR_p_TCGA_116_163_164_183_N_GenomeWideSNP_6_C12_914502	12	91922270	126144309	22426	-0.4591
LEMUR_p_TCGA_116_163_164_183_N_GenomeWideSNP_6_C12_914502	12	126146095	126146259	2	-2.2338
LEMUR_p_TCGA_116_163_164_183_N_GenomeWideSNP_6_C12_914502	12	126146314	133778189	5866	-0.43
LEMUR_p_TCGA_116_163_164_183_N_GenomeWideSNP_6_C12_914502	13	19026949	38072036	13567	0.0197
LEMUR_p_TCGA_116_163_164_183_N_GenomeWideSNP_6_C12_914502	13	38072224	38084757	15	-0.6264
LEMUR_p_TCGA_116_163_164_183_N_GenomeWideSNP_6_C12_914502	13	38088330	64224792	16390	-0.0086
LEMUR_p_TCGA_116_163_164_183_N_GenomeWideSNP_6_C12_914502	13	64224949	64242869	10	-0.9073
LEMUR_p_TCGA_116_163_164_183_N_GenomeWideSNP_6_C12_914502	13	64244496	69242255	3083	-0.048
LEMUR_p_TCGA_116_163_164_183_N_GenomeWideSNP_6_C12_914502	13	69248299	69268242	39	-0.742
LEMUR_p_TCGA_116_163_164_183_N_GenomeWideSNP_6_C12_914502	13	69269119	115108397	31232	-0.0052
LEMUR_p_TCGA_116_163_164_183_N_GenomeWideSNP_6_C12_914502	14	19002124	20527290	267	0.0302
LEMUR_p_TCGA_116_163_164_183_N_GenomeWideSNP_6_C12_914502	14	20527394	20537763	4	-1.382
LEMUR_p_TCGA_116_163_164_183_N_GenomeWideSNP_6_C12_914502	14	20538394	74006707	34069	0.0199
LEMUR_p_TCGA_116_163_164_183_N_GenomeWideSNP_6_C12_914502	14	74006851	74029900	8	1.0952
LEMUR_p_TCGA_116_163_164_183_N_GenomeWideSNP_6_C12_914502	14	74029915	88404560	9546	0.0021
LEMUR_p_TCGA_116_163_164_183_N_GenomeWideSNP_6_C12_914502	14	88404789	88405932	2	-1.6196
LEMUR_p_TCGA_116_163_164_183_N_GenomeWideSNP_6_C12_914502	14	88407996	92973188	2894	0.0164
LEMUR_p_TCGA_116_163_164_183_N_GenomeWideSNP_6_C12_914502	14	92973250	92974354	2	1.716
LEMUR_p_TCGA_116_163_164_183_N_GenomeWideSNP_6_C12_914502	14	92977105	107285437	8811	0.021
LEMUR_p_TCGA_116_163_164_183_N_GenomeWideSNP_6_C12_914502	15	20016328	20795340	152	0.0556
LEMUR_p_TCGA_116_163_164_183_N_GenomeWideSNP_6_C12_914502	15	20806357	22751094	274	0.3727
LEMUR_p_TCGA_116_163_164_183_N_GenomeWideSNP_6_C12_914502	15	22751245	76891511	33946	0.0272
LEMUR_p_TCGA_116_163_164_183_N_GenomeWideSNP_6_C12_914502	15	76891627	76895775	20	-2.304
LEMUR_p_TCGA_116_163_164_183_N_GenomeWideSNP_6_C12_914502	15	76902179	97817858	14247	0.0278
LEMUR_p_TCGA_116_163_164_183_N_GenomeWideSNP_6_C12_914502	15	97817899	97832187	9	-0.9034
LEMUR_p_TCGA_116_163_164_183_N_GenomeWideSNP_6_C12_914502	15	97833649	102469040	3432	0.0479
LEMUR_p_TCGA_116_163_164_183_N_GenomeWideSNP_6_C12_914502	16	60777	62016	3	-0.8869
LEMUR_p_TCGA_116_163_164_183_N_GenomeWideSNP_6_C12_914502	16	85827	22625771	14873	0.0486
LEMUR_p_TCGA_116_163_164_183_N_GenomeWideSNP_6_C12_914502	16	22626347	22703751	51	-0.3757
LEMUR_p_TCGA_116_163_164_183_N_GenomeWideSNP_6_C12_914502	16	22703862	23270292	403	0.0484
LEMUR_p_TCGA_116_163_164_183_N_GenomeWideSNP_6_C12_914502	16	23271996	23278081	3	-1.0358
LEMUR_p_TCGA_116_163_164_183_N_GenomeWideSNP_6_C12_914502	16	23280055	27790276	3194	0.0216
LEMUR_p_TCGA_116_163_164_183_N_GenomeWideSNP_6_C12_914502	16	27794349	27834971	42	0.3179
LEMUR_p_TCGA_116_163_164_183_N_GenomeWideSNP_6_C12_914502	16	27835781	32146886	1530	0.0589
LEMUR_p_TCGA_116_163_164_183_N_GenomeWideSNP_6_C12_914502	16	32158852	32588622	68	-0.4004
LEMUR_p_TCGA_116_163_164_183_N_GenomeWideSNP_6_C12_914502	16	32588901	32588909	5	-3.0687
LEMUR_p_TCGA_116_163_164_183_N_GenomeWideSNP_6_C12_914502	16	32609274	34197351	228	-0.2831
LEMUR_p_TCGA_116_163_164_183_N_GenomeWideSNP_6_C12_914502	16	34197602	78371608	21378	0.0354
LEMUR_p_TCGA_116_163_164_183_N_GenomeWideSNP_6_C12_914502	16	78372440	78384765	17	0.829
LEMUR_p_TCGA_116_163_164_183_N_GenomeWideSNP_6_C12_914502	16	78385001	85900827	7793	0.0569
LEMUR_p_TCGA_116_163_164_183_N_GenomeWideSNP_6_C12_914502	16	85900907	85911526	4	-0.7295
LEMUR_p_TCGA_116_163_164_183_N_GenomeWideSNP_6_C12_914502	16	85912166	85951332	43	0.0908
LEMUR_p_TCGA_116_163_164_183_N_GenomeWideSNP_6_C12_914502	16	85951354	85973028	24	0.4335
LEMUR_p_TCGA_116_163_164_183_N_GenomeWideSNP_6_C12_914502	16	85973059	86367189	463	0.0595
LEMUR_p_TCGA_116_163_164_183_N_GenomeWideSNP_6_C12_914502	16	86371123	86392392	36	0.3665
LEMUR_p_TCGA_116_163_164_183_N_GenomeWideSNP_6_C12_914502	16	86392449	86395647	6	1.1058
LEMUR_p_TCGA_116_163_164_183_N_GenomeWideSNP_6_C12_914502	16	86396232	90141355	2263	0.1042
LEMUR_p_TCGA_116_163_164_183_N_GenomeWideSNP_6_C12_914502	16	90146273	90287535	15	-0.2483
LEMUR_p_TCGA_116_163_164_183_N_GenomeWideSNP_6_C12_914502	17	526	39215116	20848	0.0415
LEMUR_p_TCGA_116_163_164_183_N_GenomeWideSNP_6_C12_914502	17	39215186	39221607	9	-1.0414
LEMUR_p_TCGA_116_163_164_183_N_GenomeWideSNP_6_C12_914502	17	39222806	39423026	120	0.1315
LEMUR_p_TCGA_116_163_164_183_N_GenomeWideSNP_6_C12_914502	17	39423057	39430450	21	1.9174
LEMUR_p_TCGA_116_163_164_183_N_GenomeWideSNP_6_C12_914502	17	39430531	44162307	2512	0.0623
LEMUR_p_TCGA_116_163_164_183_N_GenomeWideSNP_6_C12_914502	17	44162597	44394420	130	-0.2601
LEMUR_p_TCGA_116_163_164_183_N_GenomeWideSNP_6_C12_914502	17	44401067	44784982	49	-0.5725
LEMUR_p_TCGA_116_163_164_183_N_GenomeWideSNP_6_C12_914502	17	44785682	65431265	12250	0.0342
LEMUR_p_TCGA_116_163_164_183_N_GenomeWideSNP_6_C12_914502	17	65440366	65444493	8	-0.8044
LEMUR_p_TCGA_116_163_164_183_N_GenomeWideSNP_6_C12_914502	17	65444882	81049726	9366	0.0527
LEMUR_p_TCGA_116_163_164_183_N_GenomeWideSNP_6_C12_914502	18	11543	86591	7	0.0849
LEMUR_p_TCGA_116_163_164_183_N_GenomeWideSNP_6_C12_914502	18	90580	2799056	1975	-0.37
LEMUR_p_TCGA_116_163_164_183_N_GenomeWideSNP_6_C12_914502	18	2802588	38258705	20869	0.0187
LEMUR_p_TCGA_116_163_164_183_N_GenomeWideSNP_6_C12_914502	18	38258727	38265334	17	-0.8771
LEMUR_p_TCGA_116_163_164_183_N_GenomeWideSNP_6_C12_914502	18	38265363	63727545	17521	0.0193
LEMUR_p_TCGA_116_163_164_183_N_GenomeWideSNP_6_C12_914502	18	63727599	63732738	11	-1.2843
LEMUR_p_TCGA_116_163_164_183_N_GenomeWideSNP_6_C12_914502	18	63732763	63907434	148	-0.0166
LEMUR_p_TCGA_116_163_164_183_N_GenomeWideSNP_6_C12_914502	18	63907596	63909717	5	-6.0618
LEMUR_p_TCGA_116_163_164_183_N_GenomeWideSNP_6_C12_914502	18	63910456	63911589	4	-1.9918
LEMUR_p_TCGA_116_163_164_183_N_GenomeWideSNP_6_C12_914502	18	63911876	78015057	10282	0.0337
LEMUR_p_TCGA_116_163_164_183_N_GenomeWideSNP_6_C12_914502	19	90910	114299	3	0.324
LEMUR_p_TCGA_116_163_164_183_N_GenomeWideSNP_6_C12_914502	19	232496	6906850	2267	-0.3122
LEMUR_p_TCGA_116_163_164_183_N_GenomeWideSNP_6_C12_914502	19	6908589	6941161	17	0.2889
LEMUR_p_TCGA_116_163_164_183_N_GenomeWideSNP_6_C12_914502	19	6941267	8209584	582	-0.3268
LEMUR_p_TCGA_116_163_164_183_N_GenomeWideSNP_6_C12_914502	19	8215620	9274672	540	0.0581
LEMUR_p_TCGA_116_163_164_183_N_GenomeWideSNP_6_C12_914502	19	9275352	9277476	3	-1.0329
LEMUR_p_TCGA_116_163_164_183_N_GenomeWideSNP_6_C12_914502	19	9278121	12692001	1660	0.0607
LEMUR_p_TCGA_116_163_164_183_N_GenomeWideSNP_6_C12_914502	19	12697366	12698102	2	2.8387
LEMUR_p_TCGA_116_163_164_183_N_GenomeWideSNP_6_C12_914502	19	12700523	36845875	12210	0.0398
LEMUR_p_TCGA_116_163_164_183_N_GenomeWideSNP_6_C12_914502	19	36846150	36847498	10	-1.1726
LEMUR_p_TCGA_116_163_164_183_N_GenomeWideSNP_6_C12_914502	19	36847637	59097854	12056	0.0439
LEMUR_p_TCGA_116_163_164_183_N_GenomeWideSNP_6_C12_914502	20	61305	1552503	1186	0.0724
LEMUR_p_TCGA_116_163_164_183_N_GenomeWideSNP_6_C12_914502	20	1557190	1560999	21	-0.644
LEMUR_p_TCGA_116_163_164_183_N_GenomeWideSNP_6_C12_914502	20	1561580	1570737	9	0.2345
LEMUR_p_TCGA_116_163_164_183_N_GenomeWideSNP_6_C12_914502	20	1570752	1571103	5	-1.5441
LEMUR_p_TCGA_116_163_164_183_N_GenomeWideSNP_6_C12_914502	20	1571272	62956153	41285	0.037
LEMUR_p_TCGA_116_163_164_183_N_GenomeWideSNP_6_C12_914502	21	10736871	11013964	77	0.0826
LEMUR_p_TCGA_116_163_164_183_N_GenomeWideSNP_6_C12_914502	21	11018107	11173793	35	-0.4322
LEMUR_p_TCGA_116_163_164_183_N_GenomeWideSNP_6_C12_914502	21	11175912	15191676	326	0.0025
LEMUR_p_TCGA_116_163_164_183_N_GenomeWideSNP_6_C12_914502	21	15195228	15206017	5	-1.2455
LEMUR_p_TCGA_116_163_164_183_N_GenomeWideSNP_6_C12_914502	21	15206065	23655900	6028	0.007
LEMUR_p_TCGA_116_163_164_183_N_GenomeWideSNP_6_C12_914502	21	23657558	23666999	9	-1.3073
LEMUR_p_TCGA_116_163_164_183_N_GenomeWideSNP_6_C12_914502	21	23669292	42849584	14653	0.0202
LEMUR_p_TCGA_116_163_164_183_N_GenomeWideSNP_6_C12_914502	21	42851454	42855659	5	1.2868
LEMUR_p_TCGA_116_163_164_183_N_GenomeWideSNP_6_C12_914502	21	42855681	48096957	3282	0.0754
LEMUR_p_TCGA_116_163_164_183_N_GenomeWideSNP_6_C12_914502	22	16052528	26135993	5890	0.0923
LEMUR_p_TCGA_116_163_164_183_N_GenomeWideSNP_6_C12_914502	22	26138017	26138408	4	1.051
LEMUR_p_TCGA_116_163_164_183_N_GenomeWideSNP_6_C12_914502	22	26138438	37646328	8754	0.0344
LEMUR_p_TCGA_116_163_164_183_N_GenomeWideSNP_6_C12_914502	22	37647572	37648614	3	-1.5594
LEMUR_p_TCGA_116_163_164_183_N_GenomeWideSNP_6_C12_914502	22	37648899	39290920	818	0.0428
LEMUR_p_TCGA_116_163_164_183_N_GenomeWideSNP_6_C12_914502	22	39295255	39296904	3	-3.3848
LEMUR_p_TCGA_116_163_164_183_N_GenomeWideSNP_6_C12_914502	22	39299114	42776968	1895	0.0472
LEMUR_p_TCGA_116_163_164_183_N_GenomeWideSNP_6_C12_914502	22	42781623	42982572	102	0.3294
LEMUR_p_TCGA_116_163_164_183_N_GenomeWideSNP_6_C12_914502	22	42982798	49878131	5454	0.0385
LEMUR_p_TCGA_116_163_164_183_N_GenomeWideSNP_6_C12_914502	22	49878348	49882219	2	-1.4907
LEMUR_p_TCGA_116_163_164_183_N_GenomeWideSNP_6_C12_914502	22	49885698	51234455	639	0.1394
LEMUR_p_TCGA_116_163_164_183_N_GenomeWideSNP_6_C12_914502	X	168477	99319183	52256	0.0336
LEMUR_p_TCGA_116_163_164_183_N_GenomeWideSNP_6_C12_914502	X	99319790	99324652	5	-2.5646
LEMUR_p_TCGA_116_163_164_183_N_GenomeWideSNP_6_C12_914502	X	99325113	126522378	15286	0.0324
LEMUR_p_TCGA_116_163_164_183_N_GenomeWideSNP_6_C12_914502	X	126522852	127056871	339	-3.1658
LEMUR_p_TCGA_116_163_164_183_N_GenomeWideSNP_6_C12_914502	X	127060965	130475625	1856	0.0511
LEMUR_p_TCGA_116_163_164_183_N_GenomeWideSNP_6_C12_914502	X	130475763	130483165	4	-1.5474
LEMUR_p_TCGA_116_163_164_183_N_GenomeWideSNP_6_C12_914502	X	130486795	134848927	2257	0.0417
LEMUR_p_TCGA_116_163_164_183_N_GenomeWideSNP_6_C12_914502	X	134854929	134880074	8	-1.2646
LEMUR_p_TCGA_116_163_164_183_N_GenomeWideSNP_6_C12_914502	X	134891648	145455270	6822	-0.0139
LEMUR_p_TCGA_116_163_164_183_N_GenomeWideSNP_6_C12_914502	X	145455437	145458313	2	-4.0366
LEMUR_p_TCGA_116_163_164_183_N_GenomeWideSNP_6_C12_914502	X	145458937	155182354	5594	-0.0797
LEMUR_p_TCGA_116_163_164_183_N_GenomeWideSNP_6_C12_914502	Y	2650438	59018259	8634	-0.9584
