Sample	Chromosome	Start	End	Num_Probes	Segment_Mean
DADOS_p_TCGAb3_85_86_87_88_NSP_GenomeWideSNP_6_F05_1464712	1	61735	72776	8	-0.0598
DADOS_p_TCGAb3_85_86_87_88_NSP_GenomeWideSNP_6_F05_1464712	1	82170	17190004	8806	-0.532
DADOS_p_TCGAb3_85_86_87_88_NSP_GenomeWideSNP_6_F05_1464712	1	17190862	17277940	64	-0.2251
DADOS_p_TCGAb3_85_86_87_88_NSP_GenomeWideSNP_6_F05_1464712	1	17282425	17437330	115	-0.5943
DADOS_p_TCGAb3_85_86_87_88_NSP_GenomeWideSNP_6_F05_1464712	1	17437888	17439195	2	-2.3391
DADOS_p_TCGAb3_85_86_87_88_NSP_GenomeWideSNP_6_F05_1464712	1	17440854	25593128	5150	-0.5274
DADOS_p_TCGAb3_85_86_87_88_NSP_GenomeWideSNP_6_F05_1464712	1	25595881	25661501	28	-0.0615
DADOS_p_TCGAb3_85_86_87_88_NSP_GenomeWideSNP_6_F05_1464712	1	25662005	54366364	15615	-0.5168
DADOS_p_TCGAb3_85_86_87_88_NSP_GenomeWideSNP_6_F05_1464712	1	54368253	54368963	2	-2.8244
DADOS_p_TCGAb3_85_86_87_88_NSP_GenomeWideSNP_6_F05_1464712	1	54370264	55168298	467	-0.5271
DADOS_p_TCGAb3_85_86_87_88_NSP_GenomeWideSNP_6_F05_1464712	1	55168394	55168979	2	-2.056
DADOS_p_TCGAb3_85_86_87_88_NSP_GenomeWideSNP_6_F05_1464712	1	55171350	55785672	473	-0.5125
DADOS_p_TCGAb3_85_86_87_88_NSP_GenomeWideSNP_6_F05_1464712	1	55785774	55785815	2	-2.7421
DADOS_p_TCGAb3_85_86_87_88_NSP_GenomeWideSNP_6_F05_1464712	1	55786823	64703324	6708	-0.5298
DADOS_p_TCGAb3_85_86_87_88_NSP_GenomeWideSNP_6_F05_1464712	1	64703426	64704928	3	-2.142
DADOS_p_TCGAb3_85_86_87_88_NSP_GenomeWideSNP_6_F05_1464712	1	64707243	72771367	5575	-0.5233
DADOS_p_TCGAb3_85_86_87_88_NSP_GenomeWideSNP_6_F05_1464712	1	72771518	72802504	27	-1.0189
DADOS_p_TCGAb3_85_86_87_88_NSP_GenomeWideSNP_6_F05_1464712	1	72804578	86773046	9199	-0.532
DADOS_p_TCGAb3_85_86_87_88_NSP_GenomeWideSNP_6_F05_1464712	1	86776822	86778266	2	-2.4286
DADOS_p_TCGAb3_85_86_87_88_NSP_GenomeWideSNP_6_F05_1464712	1	86780082	112614704	16448	-0.531
DADOS_p_TCGAb3_85_86_87_88_NSP_GenomeWideSNP_6_F05_1464712	1	112614742	112619456	2	-2.6016
DADOS_p_TCGAb3_85_86_87_88_NSP_GenomeWideSNP_6_F05_1464712	1	112620519	112690326	56	-0.4959
DADOS_p_TCGAb3_85_86_87_88_NSP_GenomeWideSNP_6_F05_1464712	1	112695965	112697012	18	-1.7151
DADOS_p_TCGAb3_85_86_87_88_NSP_GenomeWideSNP_6_F05_1464712	1	112697174	120689060	5093	-0.5268
DADOS_p_TCGAb3_85_86_87_88_NSP_GenomeWideSNP_6_F05_1464712	1	120691121	144920927	213	0.0023
DADOS_p_TCGAb3_85_86_87_88_NSP_GenomeWideSNP_6_F05_1464712	1	144921857	145092494	70	-0.3888
DADOS_p_TCGAb3_85_86_87_88_NSP_GenomeWideSNP_6_F05_1464712	1	145092711	149545372	1178	-0.0113
DADOS_p_TCGAb3_85_86_87_88_NSP_GenomeWideSNP_6_F05_1464712	1	149545386	149617451	5	-1.1515
DADOS_p_TCGAb3_85_86_87_88_NSP_GenomeWideSNP_6_F05_1464712	1	149617488	152555527	1491	0.0389
DADOS_p_TCGAb3_85_86_87_88_NSP_GenomeWideSNP_6_F05_1464712	1	152555706	152586594	35	1.0355
DADOS_p_TCGAb3_85_86_87_88_NSP_GenomeWideSNP_6_F05_1464712	1	152590494	152759678	171	0.0281
DADOS_p_TCGAb3_85_86_87_88_NSP_GenomeWideSNP_6_F05_1464712	1	152761923	152767947	30	0.425
DADOS_p_TCGAb3_85_86_87_88_NSP_GenomeWideSNP_6_F05_1464712	1	152767963	169572947	11601	0.0362
DADOS_p_TCGAb3_85_86_87_88_NSP_GenomeWideSNP_6_F05_1464712	1	169576917	169581595	9	-0.6506
DADOS_p_TCGAb3_85_86_87_88_NSP_GenomeWideSNP_6_F05_1464712	1	169583197	174797333	3285	0.0304
DADOS_p_TCGAb3_85_86_87_88_NSP_GenomeWideSNP_6_F05_1464712	1	174797385	174797448	2	1.4225
DADOS_p_TCGAb3_85_86_87_88_NSP_GenomeWideSNP_6_F05_1464712	1	174797505	178660366	2528	0.0216
DADOS_p_TCGAb3_85_86_87_88_NSP_GenomeWideSNP_6_F05_1464712	1	178661226	178661477	3	-1.0696
DADOS_p_TCGAb3_85_86_87_88_NSP_GenomeWideSNP_6_F05_1464712	1	178661596	179319816	556	0.0293
DADOS_p_TCGAb3_85_86_87_88_NSP_GenomeWideSNP_6_F05_1464712	1	179323738	179339206	6	-0.8443
DADOS_p_TCGAb3_85_86_87_88_NSP_GenomeWideSNP_6_F05_1464712	1	179339262	189086935	6468	0.0263
DADOS_p_TCGAb3_85_86_87_88_NSP_GenomeWideSNP_6_F05_1464712	1	189086987	189087000	2	-1.2629
DADOS_p_TCGAb3_85_86_87_88_NSP_GenomeWideSNP_6_F05_1464712	1	189089417	189770705	466	0.0244
DADOS_p_TCGAb3_85_86_87_88_NSP_GenomeWideSNP_6_F05_1464712	1	189774645	189775972	10	-1.0989
DADOS_p_TCGAb3_85_86_87_88_NSP_GenomeWideSNP_6_F05_1464712	1	189776217	194448234	3181	0.03
DADOS_p_TCGAb3_85_86_87_88_NSP_GenomeWideSNP_6_F05_1464712	1	194451411	194455018	2	-2.0934
DADOS_p_TCGAb3_85_86_87_88_NSP_GenomeWideSNP_6_F05_1464712	1	194457016	196711187	1452	0.0238
DADOS_p_TCGAb3_85_86_87_88_NSP_GenomeWideSNP_6_F05_1464712	1	196714822	196801805	91	0.4934
DADOS_p_TCGAb3_85_86_87_88_NSP_GenomeWideSNP_6_F05_1464712	1	196801850	198306860	832	0.0401
DADOS_p_TCGAb3_85_86_87_88_NSP_GenomeWideSNP_6_F05_1464712	1	198306932	198307779	2	-3.1176
DADOS_p_TCGAb3_85_86_87_88_NSP_GenomeWideSNP_6_F05_1464712	1	198311359	199107702	553	0.0469
DADOS_p_TCGAb3_85_86_87_88_NSP_GenomeWideSNP_6_F05_1464712	1	199111363	199113840	9	-1.725
DADOS_p_TCGAb3_85_86_87_88_NSP_GenomeWideSNP_6_F05_1464712	1	199114238	221313677	15270	0.0308
DADOS_p_TCGAb3_85_86_87_88_NSP_GenomeWideSNP_6_F05_1464712	1	221313858	221314220	4	-1.2009
DADOS_p_TCGAb3_85_86_87_88_NSP_GenomeWideSNP_6_F05_1464712	1	221315697	229811169	5236	0.0338
DADOS_p_TCGAb3_85_86_87_88_NSP_GenomeWideSNP_6_F05_1464712	1	229816856	229820196	3	-3.571
DADOS_p_TCGAb3_85_86_87_88_NSP_GenomeWideSNP_6_F05_1464712	1	229820456	243048740	10214	0.0258
DADOS_p_TCGAb3_85_86_87_88_NSP_GenomeWideSNP_6_F05_1464712	1	243049874	243078263	51	-0.2905
DADOS_p_TCGAb3_85_86_87_88_NSP_GenomeWideSNP_6_F05_1464712	1	243080405	248736075	3626	0.0203
DADOS_p_TCGAb3_85_86_87_88_NSP_GenomeWideSNP_6_F05_1464712	1	248737447	248809109	38	-0.3489
DADOS_p_TCGAb3_85_86_87_88_NSP_GenomeWideSNP_6_F05_1464712	1	248809369	249224388	141	0.0237
DADOS_p_TCGAb3_85_86_87_88_NSP_GenomeWideSNP_6_F05_1464712	2	12784	41238235	28995	0.0229
DADOS_p_TCGAb3_85_86_87_88_NSP_GenomeWideSNP_6_F05_1464712	2	41238443	41245887	23	-0.6124
DADOS_p_TCGAb3_85_86_87_88_NSP_GenomeWideSNP_6_F05_1464712	2	41251233	52265663	7879	0.0283
DADOS_p_TCGAb3_85_86_87_88_NSP_GenomeWideSNP_6_F05_1464712	2	52266907	52273900	2	-1.3942
DADOS_p_TCGAb3_85_86_87_88_NSP_GenomeWideSNP_6_F05_1464712	2	52274829	70365447	11953	0.0278
DADOS_p_TCGAb3_85_86_87_88_NSP_GenomeWideSNP_6_F05_1464712	2	70368923	70369023	2	-1.4467
DADOS_p_TCGAb3_85_86_87_88_NSP_GenomeWideSNP_6_F05_1464712	2	70371571	76120604	3475	0.0358
DADOS_p_TCGAb3_85_86_87_88_NSP_GenomeWideSNP_6_F05_1464712	2	76120750	76134021	2	-1.3996
DADOS_p_TCGAb3_85_86_87_88_NSP_GenomeWideSNP_6_F05_1464712	2	76136551	89975620	7826	0.0194
DADOS_p_TCGAb3_85_86_87_88_NSP_GenomeWideSNP_6_F05_1464712	2	89995037	89999062	2	1.5233
DADOS_p_TCGAb3_85_86_87_88_NSP_GenomeWideSNP_6_F05_1464712	2	90001943	98118212	1189	0.0238
DADOS_p_TCGAb3_85_86_87_88_NSP_GenomeWideSNP_6_F05_1464712	2	98140747	98177312	15	-1.0377
DADOS_p_TCGAb3_85_86_87_88_NSP_GenomeWideSNP_6_F05_1464712	2	98179204	114362015	9431	0.0292
DADOS_p_TCGAb3_85_86_87_88_NSP_GenomeWideSNP_6_F05_1464712	2	114362414	114362416	2	-2.3748
DADOS_p_TCGAb3_85_86_87_88_NSP_GenomeWideSNP_6_F05_1464712	2	114380821	146862085	20116	0.0184
DADOS_p_TCGAb3_85_86_87_88_NSP_GenomeWideSNP_6_F05_1464712	2	146864404	146866707	21	0.5312
DADOS_p_TCGAb3_85_86_87_88_NSP_GenomeWideSNP_6_F05_1464712	2	146866798	154889809	4894	0.0242
DADOS_p_TCGAb3_85_86_87_88_NSP_GenomeWideSNP_6_F05_1464712	2	154895975	154896482	2	-1.3697
DADOS_p_TCGAb3_85_86_87_88_NSP_GenomeWideSNP_6_F05_1464712	2	154900223	180418211	15636	0.028
DADOS_p_TCGAb3_85_86_87_88_NSP_GenomeWideSNP_6_F05_1464712	2	180418333	180421888	26	-1.0924
DADOS_p_TCGAb3_85_86_87_88_NSP_GenomeWideSNP_6_F05_1464712	2	180421906	185316676	3174	0.0254
DADOS_p_TCGAb3_85_86_87_88_NSP_GenomeWideSNP_6_F05_1464712	2	185316880	185320059	4	1.2638
DADOS_p_TCGAb3_85_86_87_88_NSP_GenomeWideSNP_6_F05_1464712	2	185325519	189118923	2029	0.023
DADOS_p_TCGAb3_85_86_87_88_NSP_GenomeWideSNP_6_F05_1464712	2	189119928	189126930	4	-2.2979
DADOS_p_TCGAb3_85_86_87_88_NSP_GenomeWideSNP_6_F05_1464712	2	189129058	226954448	23365	0.0254
DADOS_p_TCGAb3_85_86_87_88_NSP_GenomeWideSNP_6_F05_1464712	2	226956763	226961418	9	-0.9842
DADOS_p_TCGAb3_85_86_87_88_NSP_GenomeWideSNP_6_F05_1464712	2	226963698	243089456	10050	0.0258
DADOS_p_TCGAb3_85_86_87_88_NSP_GenomeWideSNP_6_F05_1464712	3	60345	1913098	1682	-4e-04
DADOS_p_TCGAb3_85_86_87_88_NSP_GenomeWideSNP_6_F05_1464712	3	1913371	1925510	16	-1.1162
DADOS_p_TCGAb3_85_86_87_88_NSP_GenomeWideSNP_6_F05_1464712	3	1926105	22278765	15142	0.0198
DADOS_p_TCGAb3_85_86_87_88_NSP_GenomeWideSNP_6_F05_1464712	3	22278976	22283831	3	-1.2213
DADOS_p_TCGAb3_85_86_87_88_NSP_GenomeWideSNP_6_F05_1464712	3	22286540	37977417	10855	0.0268
DADOS_p_TCGAb3_85_86_87_88_NSP_GenomeWideSNP_6_F05_1464712	3	37982108	37986928	18	-0.9551
DADOS_p_TCGAb3_85_86_87_88_NSP_GenomeWideSNP_6_F05_1464712	3	37987106	68746164	20161	0.0274
DADOS_p_TCGAb3_85_86_87_88_NSP_GenomeWideSNP_6_F05_1464712	3	68746259	68747413	14	0.9458
DADOS_p_TCGAb3_85_86_87_88_NSP_GenomeWideSNP_6_F05_1464712	3	68748758	75009019	4655	0.0301
DADOS_p_TCGAb3_85_86_87_88_NSP_GenomeWideSNP_6_F05_1464712	3	75009142	75010215	2	-1.3211
DADOS_p_TCGAb3_85_86_87_88_NSP_GenomeWideSNP_6_F05_1464712	3	75012352	88452992	7374	0.0183
DADOS_p_TCGAb3_85_86_87_88_NSP_GenomeWideSNP_6_F05_1464712	3	88454307	88461973	5	-0.7968
DADOS_p_TCGAb3_85_86_87_88_NSP_GenomeWideSNP_6_F05_1464712	3	88467658	95693066	2175	0.0247
DADOS_p_TCGAb3_85_86_87_88_NSP_GenomeWideSNP_6_F05_1464712	3	95694964	95711037	13	-0.9659
DADOS_p_TCGAb3_85_86_87_88_NSP_GenomeWideSNP_6_F05_1464712	3	95715293	129763698	20528	0.0274
DADOS_p_TCGAb3_85_86_87_88_NSP_GenomeWideSNP_6_F05_1464712	3	129766586	129811239	58	-0.2878
DADOS_p_TCGAb3_85_86_87_88_NSP_GenomeWideSNP_6_F05_1464712	3	129811262	137027960	4489	0.0314
DADOS_p_TCGAb3_85_86_87_88_NSP_GenomeWideSNP_6_F05_1464712	3	137027962	137043220	30	-0.63
DADOS_p_TCGAb3_85_86_87_88_NSP_GenomeWideSNP_6_F05_1464712	3	137047387	154493381	10900	0.0209
DADOS_p_TCGAb3_85_86_87_88_NSP_GenomeWideSNP_6_F05_1464712	3	154494952	154495953	5	-1.494
DADOS_p_TCGAb3_85_86_87_88_NSP_GenomeWideSNP_6_F05_1464712	3	154496091	162477906	4832	0.0222
DADOS_p_TCGAb3_85_86_87_88_NSP_GenomeWideSNP_6_F05_1464712	3	162479616	162623853	97	-0.231
DADOS_p_TCGAb3_85_86_87_88_NSP_GenomeWideSNP_6_F05_1464712	3	162623881	176392074	8510	0.0229
DADOS_p_TCGAb3_85_86_87_88_NSP_GenomeWideSNP_6_F05_1464712	3	176392991	176396405	2	-1.3626
DADOS_p_TCGAb3_85_86_87_88_NSP_GenomeWideSNP_6_F05_1464712	3	176398329	176691008	192	0.0436
DADOS_p_TCGAb3_85_86_87_88_NSP_GenomeWideSNP_6_F05_1464712	3	176693589	176708802	32	-0.9992
DADOS_p_TCGAb3_85_86_87_88_NSP_GenomeWideSNP_6_F05_1464712	3	176710694	189360754	7961	0.0317
DADOS_p_TCGAb3_85_86_87_88_NSP_GenomeWideSNP_6_F05_1464712	3	189363678	189370988	12	-0.8221
DADOS_p_TCGAb3_85_86_87_88_NSP_GenomeWideSNP_6_F05_1464712	3	189371014	196665798	4595	0.0319
DADOS_p_TCGAb3_85_86_87_88_NSP_GenomeWideSNP_6_F05_1464712	3	196666059	196688124	16	-0.4067
DADOS_p_TCGAb3_85_86_87_88_NSP_GenomeWideSNP_6_F05_1464712	3	196688527	197896118	610	0.0023
DADOS_p_TCGAb3_85_86_87_88_NSP_GenomeWideSNP_6_F05_1464712	4	12281	3599450	1512	0.0119
DADOS_p_TCGAb3_85_86_87_88_NSP_GenomeWideSNP_6_F05_1464712	4	3599869	3602184	2	-1.5144
DADOS_p_TCGAb3_85_86_87_88_NSP_GenomeWideSNP_6_F05_1464712	4	3609390	9456977	3738	0.0275
DADOS_p_TCGAb3_85_86_87_88_NSP_GenomeWideSNP_6_F05_1464712	4	9461230	9479345	9	-1.0747
DADOS_p_TCGAb3_85_86_87_88_NSP_GenomeWideSNP_6_F05_1464712	4	9486087	10210390	546	0.0156
DADOS_p_TCGAb3_85_86_87_88_NSP_GenomeWideSNP_6_F05_1464712	4	10223416	10231498	28	-2.275
DADOS_p_TCGAb3_85_86_87_88_NSP_GenomeWideSNP_6_F05_1464712	4	10234214	11666187	1293	0.0268
DADOS_p_TCGAb3_85_86_87_88_NSP_GenomeWideSNP_6_F05_1464712	4	11666392	11671403	7	-0.7165
DADOS_p_TCGAb3_85_86_87_88_NSP_GenomeWideSNP_6_F05_1464712	4	11671528	21368693	6922	0.0254
DADOS_p_TCGAb3_85_86_87_88_NSP_GenomeWideSNP_6_F05_1464712	4	21372003	21376851	15	-1.9763
DADOS_p_TCGAb3_85_86_87_88_NSP_GenomeWideSNP_6_F05_1464712	4	21383740	23279975	1284	0.0115
DADOS_p_TCGAb3_85_86_87_88_NSP_GenomeWideSNP_6_F05_1464712	4	23280113	23280120	2	-1.9075
DADOS_p_TCGAb3_85_86_87_88_NSP_GenomeWideSNP_6_F05_1464712	4	23280435	69323519	27025	0.0249
DADOS_p_TCGAb3_85_86_87_88_NSP_GenomeWideSNP_6_F05_1464712	4	69325183	69540025	83	0.4241
DADOS_p_TCGAb3_85_86_87_88_NSP_GenomeWideSNP_6_F05_1464712	4	69551744	108068413	23318	0.0246
DADOS_p_TCGAb3_85_86_87_88_NSP_GenomeWideSNP_6_F05_1464712	4	108071519	108071888	4	1.0793
DADOS_p_TCGAb3_85_86_87_88_NSP_GenomeWideSNP_6_F05_1464712	4	108073507	111004006	1751	0.0269
DADOS_p_TCGAb3_85_86_87_88_NSP_GenomeWideSNP_6_F05_1464712	4	111004141	111006438	10	-0.9536
DADOS_p_TCGAb3_85_86_87_88_NSP_GenomeWideSNP_6_F05_1464712	4	111006500	112296987	803	0.022
DADOS_p_TCGAb3_85_86_87_88_NSP_GenomeWideSNP_6_F05_1464712	4	112297415	112309614	25	-0.9476
DADOS_p_TCGAb3_85_86_87_88_NSP_GenomeWideSNP_6_F05_1464712	4	112309634	115173700	1842	0.0283
DADOS_p_TCGAb3_85_86_87_88_NSP_GenomeWideSNP_6_F05_1464712	4	115175323	115175394	5	-1.7005
DADOS_p_TCGAb3_85_86_87_88_NSP_GenomeWideSNP_6_F05_1464712	4	115175412	115179352	6	-0.4462
DADOS_p_TCGAb3_85_86_87_88_NSP_GenomeWideSNP_6_F05_1464712	4	115179428	115182175	12	-2.4585
DADOS_p_TCGAb3_85_86_87_88_NSP_GenomeWideSNP_6_F05_1464712	4	115184229	125310929	6016	0.0237
DADOS_p_TCGAb3_85_86_87_88_NSP_GenomeWideSNP_6_F05_1464712	4	125317272	125318289	2	-3.2769
DADOS_p_TCGAb3_85_86_87_88_NSP_GenomeWideSNP_6_F05_1464712	4	125318298	125459405	96	0.0315
DADOS_p_TCGAb3_85_86_87_88_NSP_GenomeWideSNP_6_F05_1464712	4	125460351	125462935	3	-1.2511
DADOS_p_TCGAb3_85_86_87_88_NSP_GenomeWideSNP_6_F05_1464712	4	125463025	138092195	7148	0.0177
DADOS_p_TCGAb3_85_86_87_88_NSP_GenomeWideSNP_6_F05_1464712	4	138092239	138093414	15	-0.6986
DADOS_p_TCGAb3_85_86_87_88_NSP_GenomeWideSNP_6_F05_1464712	4	138094958	140232546	1531	0.0223
DADOS_p_TCGAb3_85_86_87_88_NSP_GenomeWideSNP_6_F05_1464712	4	140233523	140238360	5	-1.0803
DADOS_p_TCGAb3_85_86_87_88_NSP_GenomeWideSNP_6_F05_1464712	4	140239695	151876309	6872	0.0236
DADOS_p_TCGAb3_85_86_87_88_NSP_GenomeWideSNP_6_F05_1464712	4	151876325	151884306	25	-0.7153
DADOS_p_TCGAb3_85_86_87_88_NSP_GenomeWideSNP_6_F05_1464712	4	151884310	156594230	2927	0.0289
DADOS_p_TCGAb3_85_86_87_88_NSP_GenomeWideSNP_6_F05_1464712	4	156594268	156597995	14	-0.766
DADOS_p_TCGAb3_85_86_87_88_NSP_GenomeWideSNP_6_F05_1464712	4	156601935	172369346	10108	0.0175
DADOS_p_TCGAb3_85_86_87_88_NSP_GenomeWideSNP_6_F05_1464712	4	172374884	172377776	12	0.9037
DADOS_p_TCGAb3_85_86_87_88_NSP_GenomeWideSNP_6_F05_1464712	4	172380371	172987928	396	7e-04
DADOS_p_TCGAb3_85_86_87_88_NSP_GenomeWideSNP_6_F05_1464712	4	172989148	172989533	12	0.9072
DADOS_p_TCGAb3_85_86_87_88_NSP_GenomeWideSNP_6_F05_1464712	4	172995979	191027923	12136	0.0168
DADOS_p_TCGAb3_85_86_87_88_NSP_GenomeWideSNP_6_F05_1464712	5	15532	667485	299	-0.039
DADOS_p_TCGAb3_85_86_87_88_NSP_GenomeWideSNP_6_F05_1464712	5	667509	883342	79	-0.3181
DADOS_p_TCGAb3_85_86_87_88_NSP_GenomeWideSNP_6_F05_1464712	5	883834	5676447	4030	0.0128
DADOS_p_TCGAb3_85_86_87_88_NSP_GenomeWideSNP_6_F05_1464712	5	5678997	5680901	30	-0.8076
DADOS_p_TCGAb3_85_86_87_88_NSP_GenomeWideSNP_6_F05_1464712	5	5681001	15719350	7784	0.0204
DADOS_p_TCGAb3_85_86_87_88_NSP_GenomeWideSNP_6_F05_1464712	5	15720075	15720597	9	-0.9358
DADOS_p_TCGAb3_85_86_87_88_NSP_GenomeWideSNP_6_F05_1464712	5	15723346	21376844	3509	0.009
DADOS_p_TCGAb3_85_86_87_88_NSP_GenomeWideSNP_6_F05_1464712	5	21377839	21377853	2	-2.3203
DADOS_p_TCGAb3_85_86_87_88_NSP_GenomeWideSNP_6_F05_1464712	5	21386066	75579762	30799	0.0238
DADOS_p_TCGAb3_85_86_87_88_NSP_GenomeWideSNP_6_F05_1464712	5	75579952	75580696	3	-1.6237
DADOS_p_TCGAb3_85_86_87_88_NSP_GenomeWideSNP_6_F05_1464712	5	75581597	78107908	1685	0.0249
DADOS_p_TCGAb3_85_86_87_88_NSP_GenomeWideSNP_6_F05_1464712	5	78109991	78111171	3	-0.9427
DADOS_p_TCGAb3_85_86_87_88_NSP_GenomeWideSNP_6_F05_1464712	5	78115511	86115378	4702	0.0314
DADOS_p_TCGAb3_85_86_87_88_NSP_GenomeWideSNP_6_F05_1464712	5	86116321	86121629	3	-1.0578
DADOS_p_TCGAb3_85_86_87_88_NSP_GenomeWideSNP_6_F05_1464712	5	86122767	103851221	9895	0.0228
DADOS_p_TCGAb3_85_86_87_88_NSP_GenomeWideSNP_6_F05_1464712	5	103860373	103860604	4	2.5191
DADOS_p_TCGAb3_85_86_87_88_NSP_GenomeWideSNP_6_F05_1464712	5	103861049	123542081	13394	0.02
DADOS_p_TCGAb3_85_86_87_88_NSP_GenomeWideSNP_6_F05_1464712	5	123542098	123545722	10	-1.2275
DADOS_p_TCGAb3_85_86_87_88_NSP_GenomeWideSNP_6_F05_1464712	5	123545848	148330953	15207	0.027
DADOS_p_TCGAb3_85_86_87_88_NSP_GenomeWideSNP_6_F05_1464712	5	148331046	148333934	5	0.3804
DADOS_p_TCGAb3_85_86_87_88_NSP_GenomeWideSNP_6_F05_1464712	5	148336213	148345628	11	0.5763
DADOS_p_TCGAb3_85_86_87_88_NSP_GenomeWideSNP_6_F05_1464712	5	148346231	148354224	6	0.3408
DADOS_p_TCGAb3_85_86_87_88_NSP_GenomeWideSNP_6_F05_1464712	5	148354902	180790320	21718	0.0285
DADOS_p_TCGAb3_85_86_87_88_NSP_GenomeWideSNP_6_F05_1464712	6	149661	6026211	4864	0.0306
DADOS_p_TCGAb3_85_86_87_88_NSP_GenomeWideSNP_6_F05_1464712	6	6033931	6034436	3	-1.8094
DADOS_p_TCGAb3_85_86_87_88_NSP_GenomeWideSNP_6_F05_1464712	6	6037045	19042818	9944	0.0311
DADOS_p_TCGAb3_85_86_87_88_NSP_GenomeWideSNP_6_F05_1464712	6	19044702	19044898	6	1.6064
DADOS_p_TCGAb3_85_86_87_88_NSP_GenomeWideSNP_6_F05_1464712	6	19050742	27329045	5751	0.0227
DADOS_p_TCGAb3_85_86_87_88_NSP_GenomeWideSNP_6_F05_1464712	6	27330756	27332871	2	-1.398
DADOS_p_TCGAb3_85_86_87_88_NSP_GenomeWideSNP_6_F05_1464712	6	27335516	29837072	1188	0.0345
DADOS_p_TCGAb3_85_86_87_88_NSP_GenomeWideSNP_6_F05_1464712	6	29837187	29874642	22	-1.1407
DADOS_p_TCGAb3_85_86_87_88_NSP_GenomeWideSNP_6_F05_1464712	6	29874709	31286305	670	0.0498
DADOS_p_TCGAb3_85_86_87_88_NSP_GenomeWideSNP_6_F05_1464712	6	31286531	31296451	9	-1.6274
DADOS_p_TCGAb3_85_86_87_88_NSP_GenomeWideSNP_6_F05_1464712	6	31309924	48625375	10809	0.027
DADOS_p_TCGAb3_85_86_87_88_NSP_GenomeWideSNP_6_F05_1464712	6	48626930	48627602	4	-1.5264
DADOS_p_TCGAb3_85_86_87_88_NSP_GenomeWideSNP_6_F05_1464712	6	48629285	52624027	2521	0.0183
DADOS_p_TCGAb3_85_86_87_88_NSP_GenomeWideSNP_6_F05_1464712	6	52624070	52626269	5	-0.8614
DADOS_p_TCGAb3_85_86_87_88_NSP_GenomeWideSNP_6_F05_1464712	6	52626572	65336942	5348	0.0259
DADOS_p_TCGAb3_85_86_87_88_NSP_GenomeWideSNP_6_F05_1464712	6	65347544	65348992	2	-2.5051
DADOS_p_TCGAb3_85_86_87_88_NSP_GenomeWideSNP_6_F05_1464712	6	65350776	74591858	6166	0.0223
DADOS_p_TCGAb3_85_86_87_88_NSP_GenomeWideSNP_6_F05_1464712	6	74592225	74601410	10	0.8091
DADOS_p_TCGAb3_85_86_87_88_NSP_GenomeWideSNP_6_F05_1464712	6	74603555	74884210	165	0.0074
DADOS_p_TCGAb3_85_86_87_88_NSP_GenomeWideSNP_6_F05_1464712	6	74884669	74884816	2	-4.2133
DADOS_p_TCGAb3_85_86_87_88_NSP_GenomeWideSNP_6_F05_1464712	6	74889545	78987486	2631	0.0155
DADOS_p_TCGAb3_85_86_87_88_NSP_GenomeWideSNP_6_F05_1464712	6	78995090	79034940	79	0.3571
DADOS_p_TCGAb3_85_86_87_88_NSP_GenomeWideSNP_6_F05_1464712	6	79035027	134461940	34773	0.0249
DADOS_p_TCGAb3_85_86_87_88_NSP_GenomeWideSNP_6_F05_1464712	6	134465540	134466561	5	-0.8645
DADOS_p_TCGAb3_85_86_87_88_NSP_GenomeWideSNP_6_F05_1464712	6	134466694	165724052	21424	0.0283
DADOS_p_TCGAb3_85_86_87_88_NSP_GenomeWideSNP_6_F05_1464712	6	165731526	165731928	2	-1.6649
DADOS_p_TCGAb3_85_86_87_88_NSP_GenomeWideSNP_6_F05_1464712	6	165734652	171051005	3622	0.0057
DADOS_p_TCGAb3_85_86_87_88_NSP_GenomeWideSNP_6_F05_1464712	7	43355	4351495	2240	0.005
DADOS_p_TCGAb3_85_86_87_88_NSP_GenomeWideSNP_6_F05_1464712	7	4355070	4534797	173	-0.9095
DADOS_p_TCGAb3_85_86_87_88_NSP_GenomeWideSNP_6_F05_1464712	7	4540435	6122685	732	0.0361
DADOS_p_TCGAb3_85_86_87_88_NSP_GenomeWideSNP_6_F05_1464712	7	6125381	6135918	7	-1.0712
DADOS_p_TCGAb3_85_86_87_88_NSP_GenomeWideSNP_6_F05_1464712	7	6136863	47282889	30294	0.0294
DADOS_p_TCGAb3_85_86_87_88_NSP_GenomeWideSNP_6_F05_1464712	7	47285283	47288924	7	-0.9487
DADOS_p_TCGAb3_85_86_87_88_NSP_GenomeWideSNP_6_F05_1464712	7	47291954	53218912	4292	0.0298
DADOS_p_TCGAb3_85_86_87_88_NSP_GenomeWideSNP_6_F05_1464712	7	53222388	53222714	2	-1.5632
DADOS_p_TCGAb3_85_86_87_88_NSP_GenomeWideSNP_6_F05_1464712	7	53224225	54380373	848	0.0251
DADOS_p_TCGAb3_85_86_87_88_NSP_GenomeWideSNP_6_F05_1464712	7	54386505	54386517	6	1.544
DADOS_p_TCGAb3_85_86_87_88_NSP_GenomeWideSNP_6_F05_1464712	7	54393488	76049989	8473	0.0158
DADOS_p_TCGAb3_85_86_87_88_NSP_GenomeWideSNP_6_F05_1464712	7	76050132	76606812	284	0.2876
DADOS_p_TCGAb3_85_86_87_88_NSP_GenomeWideSNP_6_F05_1464712	7	76607295	90940224	9340	0.0168
DADOS_p_TCGAb3_85_86_87_88_NSP_GenomeWideSNP_6_F05_1464712	7	90941421	90954945	17	-0.817
DADOS_p_TCGAb3_85_86_87_88_NSP_GenomeWideSNP_6_F05_1464712	7	90957387	109437099	10719	0.0243
DADOS_p_TCGAb3_85_86_87_88_NSP_GenomeWideSNP_6_F05_1464712	7	109437100	109437757	8	0.7984
DADOS_p_TCGAb3_85_86_87_88_NSP_GenomeWideSNP_6_F05_1464712	7	109437772	109441212	10	-0.1303
DADOS_p_TCGAb3_85_86_87_88_NSP_GenomeWideSNP_6_F05_1464712	7	109441244	109453803	8	0.7967
DADOS_p_TCGAb3_85_86_87_88_NSP_GenomeWideSNP_6_F05_1464712	7	109453819	126044974	10046	0.0189
DADOS_p_TCGAb3_85_86_87_88_NSP_GenomeWideSNP_6_F05_1464712	7	126045482	126046615	12	-1.4096
DADOS_p_TCGAb3_85_86_87_88_NSP_GenomeWideSNP_6_F05_1464712	7	126046876	142474939	10438	0.0253
DADOS_p_TCGAb3_85_86_87_88_NSP_GenomeWideSNP_6_F05_1464712	7	142476719	142485853	25	-0.5235
DADOS_p_TCGAb3_85_86_87_88_NSP_GenomeWideSNP_6_F05_1464712	7	142485985	159127004	10586	0.0183
DADOS_p_TCGAb3_85_86_87_88_NSP_GenomeWideSNP_6_F05_1464712	8	31254	593041	327	-0.0737
DADOS_p_TCGAb3_85_86_87_88_NSP_GenomeWideSNP_6_F05_1464712	8	594944	595908	10	0.9419
DADOS_p_TCGAb3_85_86_87_88_NSP_GenomeWideSNP_6_F05_1464712	8	601043	2080289	1149	-0.0069
DADOS_p_TCGAb3_85_86_87_88_NSP_GenomeWideSNP_6_F05_1464712	8	2080394	2080495	2	-2.2043
DADOS_p_TCGAb3_85_86_87_88_NSP_GenomeWideSNP_6_F05_1464712	8	2080528	2246686	158	-0.0353
DADOS_p_TCGAb3_85_86_87_88_NSP_GenomeWideSNP_6_F05_1464712	8	2247094	2272426	28	-0.6853
DADOS_p_TCGAb3_85_86_87_88_NSP_GenomeWideSNP_6_F05_1464712	8	2280513	3787060	1768	0.0101
DADOS_p_TCGAb3_85_86_87_88_NSP_GenomeWideSNP_6_F05_1464712	8	3787083	3790106	22	-0.8255
DADOS_p_TCGAb3_85_86_87_88_NSP_GenomeWideSNP_6_F05_1464712	8	3791218	3996813	316	-9e-04
DADOS_p_TCGAb3_85_86_87_88_NSP_GenomeWideSNP_6_F05_1464712	8	3997063	4004012	34	-1.0992
DADOS_p_TCGAb3_85_86_87_88_NSP_GenomeWideSNP_6_F05_1464712	8	4004291	12232416	7508	0.0062
DADOS_p_TCGAb3_85_86_87_88_NSP_GenomeWideSNP_6_F05_1464712	8	12233640	12247486	36	-0.5386
DADOS_p_TCGAb3_85_86_87_88_NSP_GenomeWideSNP_6_F05_1464712	8	12260927	17436191	4613	0.0125
DADOS_p_TCGAb3_85_86_87_88_NSP_GenomeWideSNP_6_F05_1464712	8	17438490	17442597	9	-0.8871
DADOS_p_TCGAb3_85_86_87_88_NSP_GenomeWideSNP_6_F05_1464712	8	17447550	24972187	5875	0.0281
DADOS_p_TCGAb3_85_86_87_88_NSP_GenomeWideSNP_6_F05_1464712	8	24974443	24984069	22	0.4637
DADOS_p_TCGAb3_85_86_87_88_NSP_GenomeWideSNP_6_F05_1464712	8	24984141	30176241	3728	0.0287
DADOS_p_TCGAb3_85_86_87_88_NSP_GenomeWideSNP_6_F05_1464712	8	30182068	30182262	3	-0.9874
DADOS_p_TCGAb3_85_86_87_88_NSP_GenomeWideSNP_6_F05_1464712	8	30182338	39230183	5316	0.0232
DADOS_p_TCGAb3_85_86_87_88_NSP_GenomeWideSNP_6_F05_1464712	8	39230325	39384969	59	0.3907
DADOS_p_TCGAb3_85_86_87_88_NSP_GenomeWideSNP_6_F05_1464712	8	39385194	47024380	2636	0.0269
DADOS_p_TCGAb3_85_86_87_88_NSP_GenomeWideSNP_6_F05_1464712	8	47039099	47097321	15	0.5487
DADOS_p_TCGAb3_85_86_87_88_NSP_GenomeWideSNP_6_F05_1464712	8	47100803	50530153	1634	0.0155
DADOS_p_TCGAb3_85_86_87_88_NSP_GenomeWideSNP_6_F05_1464712	8	50530184	50532823	3	-3.6137
DADOS_p_TCGAb3_85_86_87_88_NSP_GenomeWideSNP_6_F05_1464712	8	50533656	58117486	4913	0.0257
DADOS_p_TCGAb3_85_86_87_88_NSP_GenomeWideSNP_6_F05_1464712	8	58118052	58130025	3	-1.225
DADOS_p_TCGAb3_85_86_87_88_NSP_GenomeWideSNP_6_F05_1464712	8	58132798	112291494	32875	0.0238
DADOS_p_TCGAb3_85_86_87_88_NSP_GenomeWideSNP_6_F05_1464712	8	112294279	112295260	9	1.0096
DADOS_p_TCGAb3_85_86_87_88_NSP_GenomeWideSNP_6_F05_1464712	8	112300281	120152010	4973	0.0139
DADOS_p_TCGAb3_85_86_87_88_NSP_GenomeWideSNP_6_F05_1464712	8	120154784	120159446	4	-2.906
DADOS_p_TCGAb3_85_86_87_88_NSP_GenomeWideSNP_6_F05_1464712	8	120162854	146298155	17970	0.0206
DADOS_p_TCGAb3_85_86_87_88_NSP_GenomeWideSNP_6_F05_1464712	9	46587	24500840	21275	0.0263
DADOS_p_TCGAb3_85_86_87_88_NSP_GenomeWideSNP_6_F05_1464712	9	24503816	24517682	20	-0.9018
DADOS_p_TCGAb3_85_86_87_88_NSP_GenomeWideSNP_6_F05_1464712	9	24519684	40911224	10044	0.0321
DADOS_p_TCGAb3_85_86_87_88_NSP_GenomeWideSNP_6_F05_1464712	9	41450153	42024172	45	0.3926
DADOS_p_TCGAb3_85_86_87_88_NSP_GenomeWideSNP_6_F05_1464712	9	42065266	44213647	83	-0.1793
DADOS_p_TCGAb3_85_86_87_88_NSP_GenomeWideSNP_6_F05_1464712	9	44214745	46038856	121	0.1325
DADOS_p_TCGAb3_85_86_87_88_NSP_GenomeWideSNP_6_F05_1464712	9	46038857	46183645	14	-0.3882
DADOS_p_TCGAb3_85_86_87_88_NSP_GenomeWideSNP_6_F05_1464712	9	46210365	66482198	31	0.4561
DADOS_p_TCGAb3_85_86_87_88_NSP_GenomeWideSNP_6_F05_1464712	9	66482237	69522825	193	-0.0403
DADOS_p_TCGAb3_85_86_87_88_NSP_GenomeWideSNP_6_F05_1464712	9	69533038	69637172	11	0.9437
DADOS_p_TCGAb3_85_86_87_88_NSP_GenomeWideSNP_6_F05_1464712	9	69644354	87595866	12140	0.0319
DADOS_p_TCGAb3_85_86_87_88_NSP_GenomeWideSNP_6_F05_1464712	9	87596922	87597827	2	-1.3216
DADOS_p_TCGAb3_85_86_87_88_NSP_GenomeWideSNP_6_F05_1464712	9	87600797	87727506	129	0.012
DADOS_p_TCGAb3_85_86_87_88_NSP_GenomeWideSNP_6_F05_1464712	9	87727643	87729029	3	-0.9193
DADOS_p_TCGAb3_85_86_87_88_NSP_GenomeWideSNP_6_F05_1464712	9	87730565	89151028	866	0.0329
DADOS_p_TCGAb3_85_86_87_88_NSP_GenomeWideSNP_6_F05_1464712	9	89155447	89156063	2	-1.5095
DADOS_p_TCGAb3_85_86_87_88_NSP_GenomeWideSNP_6_F05_1464712	9	89156866	119526621	21749	0.0305
DADOS_p_TCGAb3_85_86_87_88_NSP_GenomeWideSNP_6_F05_1464712	9	119526678	119526745	2	1.4034
DADOS_p_TCGAb3_85_86_87_88_NSP_GenomeWideSNP_6_F05_1464712	9	119526980	141091394	13236	0.0359
DADOS_p_TCGAb3_85_86_87_88_NSP_GenomeWideSNP_6_F05_1464712	10	72809	2911800	2306	0.0189
DADOS_p_TCGAb3_85_86_87_88_NSP_GenomeWideSNP_6_F05_1464712	10	2914486	2916766	6	-1.0794
DADOS_p_TCGAb3_85_86_87_88_NSP_GenomeWideSNP_6_F05_1464712	10	2916974	4287070	1276	0.016
DADOS_p_TCGAb3_85_86_87_88_NSP_GenomeWideSNP_6_F05_1464712	10	4290814	4291016	4	1.0121
DADOS_p_TCGAb3_85_86_87_88_NSP_GenomeWideSNP_6_F05_1464712	10	4294071	26675989	17298	0.0351
DADOS_p_TCGAb3_85_86_87_88_NSP_GenomeWideSNP_6_F05_1464712	10	26679548	26689767	8	-0.7392
DADOS_p_TCGAb3_85_86_87_88_NSP_GenomeWideSNP_6_F05_1464712	10	26691649	37454397	7535	0.0329
DADOS_p_TCGAb3_85_86_87_88_NSP_GenomeWideSNP_6_F05_1464712	10	37454706	37454722	2	-1.9737
DADOS_p_TCGAb3_85_86_87_88_NSP_GenomeWideSNP_6_F05_1464712	10	37455145	48883402	3829	0.0042
DADOS_p_TCGAb3_85_86_87_88_NSP_GenomeWideSNP_6_F05_1464712	10	48902376	48958519	6	-0.8561
DADOS_p_TCGAb3_85_86_87_88_NSP_GenomeWideSNP_6_F05_1464712	10	49031175	51830360	1467	0.0391
DADOS_p_TCGAb3_85_86_87_88_NSP_GenomeWideSNP_6_F05_1464712	10	51840984	51937979	7	0.9648
DADOS_p_TCGAb3_85_86_87_88_NSP_GenomeWideSNP_6_F05_1464712	10	51970630	67341553	11075	0.0238
DADOS_p_TCGAb3_85_86_87_88_NSP_GenomeWideSNP_6_F05_1464712	10	67343454	67343955	8	-0.8462
DADOS_p_TCGAb3_85_86_87_88_NSP_GenomeWideSNP_6_F05_1464712	10	67344767	107056279	25711	0.0295
DADOS_p_TCGAb3_85_86_87_88_NSP_GenomeWideSNP_6_F05_1464712	10	107057038	107059170	3	-3.7101
DADOS_p_TCGAb3_85_86_87_88_NSP_GenomeWideSNP_6_F05_1464712	10	107062476	132674165	18987	0.0286
DADOS_p_TCGAb3_85_86_87_88_NSP_GenomeWideSNP_6_F05_1464712	10	132674797	132674944	2	-1.3758
DADOS_p_TCGAb3_85_86_87_88_NSP_GenomeWideSNP_6_F05_1464712	10	132675510	132705660	37	0.0445
DADOS_p_TCGAb3_85_86_87_88_NSP_GenomeWideSNP_6_F05_1464712	10	132705836	132706450	2	-1.5185
DADOS_p_TCGAb3_85_86_87_88_NSP_GenomeWideSNP_6_F05_1464712	10	132709309	135349504	1501	-0.0068
DADOS_p_TCGAb3_85_86_87_88_NSP_GenomeWideSNP_6_F05_1464712	10	135349519	135506704	68	0.4619
DADOS_p_TCGAb3_85_86_87_88_NSP_GenomeWideSNP_6_F05_1464712	11	198510	733813	176	0.0519
DADOS_p_TCGAb3_85_86_87_88_NSP_GenomeWideSNP_6_F05_1464712	11	741820	743813	5	-1.0166
DADOS_p_TCGAb3_85_86_87_88_NSP_GenomeWideSNP_6_F05_1464712	11	745581	4967396	2296	0.0361
DADOS_p_TCGAb3_85_86_87_88_NSP_GenomeWideSNP_6_F05_1464712	11	4967650	4975705	30	-2.0873
DADOS_p_TCGAb3_85_86_87_88_NSP_GenomeWideSNP_6_F05_1464712	11	4976257	4976907	14	-0.6299
DADOS_p_TCGAb3_85_86_87_88_NSP_GenomeWideSNP_6_F05_1464712	11	4977011	5793441	795	0.03
DADOS_p_TCGAb3_85_86_87_88_NSP_GenomeWideSNP_6_F05_1464712	11	5793583	5809338	24	0.5228
DADOS_p_TCGAb3_85_86_87_88_NSP_GenomeWideSNP_6_F05_1464712	11	5809461	18940856	9429	0.035
DADOS_p_TCGAb3_85_86_87_88_NSP_GenomeWideSNP_6_F05_1464712	11	18940870	18971999	72	-0.3313
DADOS_p_TCGAb3_85_86_87_88_NSP_GenomeWideSNP_6_F05_1464712	11	18972152	48721767	20668	0.0251
DADOS_p_TCGAb3_85_86_87_88_NSP_GenomeWideSNP_6_F05_1464712	11	48724436	48807408	36	0.5775
DADOS_p_TCGAb3_85_86_87_88_NSP_GenomeWideSNP_6_F05_1464712	11	48844424	55376023	1144	0.0168
DADOS_p_TCGAb3_85_86_87_88_NSP_GenomeWideSNP_6_F05_1464712	11	55376236	55453576	55	-0.5546
DADOS_p_TCGAb3_85_86_87_88_NSP_GenomeWideSNP_6_F05_1464712	11	55460683	93697958	22764	0.0267
DADOS_p_TCGAb3_85_86_87_88_NSP_GenomeWideSNP_6_F05_1464712	11	93698060	93701588	8	-1.4875
DADOS_p_TCGAb3_85_86_87_88_NSP_GenomeWideSNP_6_F05_1464712	11	93704460	107230719	9693	0.0267
DADOS_p_TCGAb3_85_86_87_88_NSP_GenomeWideSNP_6_F05_1464712	11	107238656	107238814	5	-0.9907
DADOS_p_TCGAb3_85_86_87_88_NSP_GenomeWideSNP_6_F05_1464712	11	107238931	107239128	2	-3.0176
DADOS_p_TCGAb3_85_86_87_88_NSP_GenomeWideSNP_6_F05_1464712	11	107252362	134944770	19964	0.0291
DADOS_p_TCGAb3_85_86_87_88_NSP_GenomeWideSNP_6_F05_1464712	12	150442	8558636	5619	-0.5312
DADOS_p_TCGAb3_85_86_87_88_NSP_GenomeWideSNP_6_F05_1464712	12	8558792	8581141	19	0.0431
DADOS_p_TCGAb3_85_86_87_88_NSP_GenomeWideSNP_6_F05_1464712	12	8584672	9633870	566	-0.5405
DADOS_p_TCGAb3_85_86_87_88_NSP_GenomeWideSNP_6_F05_1464712	12	9637909	9728292	24	0.2686
DADOS_p_TCGAb3_85_86_87_88_NSP_GenomeWideSNP_6_F05_1464712	12	9734969	11220724	1044	-0.5292
DADOS_p_TCGAb3_85_86_87_88_NSP_GenomeWideSNP_6_F05_1464712	12	11220827	11241532	11	0.1181
DADOS_p_TCGAb3_85_86_87_88_NSP_GenomeWideSNP_6_F05_1464712	12	11251874	11512492	135	-0.5747
DADOS_p_TCGAb3_85_86_87_88_NSP_GenomeWideSNP_6_F05_1464712	12	11512531	11513181	3	-2.4503
DADOS_p_TCGAb3_85_86_87_88_NSP_GenomeWideSNP_6_F05_1464712	12	11514122	15565695	3034	-0.5205
DADOS_p_TCGAb3_85_86_87_88_NSP_GenomeWideSNP_6_F05_1464712	12	15567923	15573643	6	-1.8947
DADOS_p_TCGAb3_85_86_87_88_NSP_GenomeWideSNP_6_F05_1464712	12	15575137	29684484	9716	-0.5324
DADOS_p_TCGAb3_85_86_87_88_NSP_GenomeWideSNP_6_F05_1464712	12	29686273	31906672	1675	0.0306
DADOS_p_TCGAb3_85_86_87_88_NSP_GenomeWideSNP_6_F05_1464712	12	31907274	31909908	4	-1.0776
DADOS_p_TCGAb3_85_86_87_88_NSP_GenomeWideSNP_6_F05_1464712	12	31917220	37987726	1891	0.0058
DADOS_p_TCGAb3_85_86_87_88_NSP_GenomeWideSNP_6_F05_1464712	12	38012567	38034358	3	-1.4372
DADOS_p_TCGAb3_85_86_87_88_NSP_GenomeWideSNP_6_F05_1464712	12	38053139	87314330	30230	0.0266
DADOS_p_TCGAb3_85_86_87_88_NSP_GenomeWideSNP_6_F05_1464712	12	87321308	87386992	34	-1.056
DADOS_p_TCGAb3_85_86_87_88_NSP_GenomeWideSNP_6_F05_1464712	12	87392261	111481863	15914	0.029
DADOS_p_TCGAb3_85_86_87_88_NSP_GenomeWideSNP_6_F05_1464712	12	111482331	111486373	3	-1.5769
DADOS_p_TCGAb3_85_86_87_88_NSP_GenomeWideSNP_6_F05_1464712	12	111486820	114429329	1794	0.024
DADOS_p_TCGAb3_85_86_87_88_NSP_GenomeWideSNP_6_F05_1464712	12	114430154	114430163	2	-1.6704
DADOS_p_TCGAb3_85_86_87_88_NSP_GenomeWideSNP_6_F05_1464712	12	114430280	133778189	13377	0.0183
DADOS_p_TCGAb3_85_86_87_88_NSP_GenomeWideSNP_6_F05_1464712	13	19026949	24524626	3590	0.0207
DADOS_p_TCGAb3_85_86_87_88_NSP_GenomeWideSNP_6_F05_1464712	13	24526687	24527455	2	-1.5144
DADOS_p_TCGAb3_85_86_87_88_NSP_GenomeWideSNP_6_F05_1464712	13	24528368	25569345	829	0.0251
DADOS_p_TCGAb3_85_86_87_88_NSP_GenomeWideSNP_6_F05_1464712	13	25572918	25580632	8	-1.0658
DADOS_p_TCGAb3_85_86_87_88_NSP_GenomeWideSNP_6_F05_1464712	13	25581765	51545054	18290	0.0284
DADOS_p_TCGAb3_85_86_87_88_NSP_GenomeWideSNP_6_F05_1464712	13	51546911	51549198	2	1.6008
DADOS_p_TCGAb3_85_86_87_88_NSP_GenomeWideSNP_6_F05_1464712	13	51549557	57751096	3418	0.0214
DADOS_p_TCGAb3_85_86_87_88_NSP_GenomeWideSNP_6_F05_1464712	13	57758270	57789714	35	0.6116
DADOS_p_TCGAb3_85_86_87_88_NSP_GenomeWideSNP_6_F05_1464712	13	57790009	115108397	38181	0.0225
DADOS_p_TCGAb3_85_86_87_88_NSP_GenomeWideSNP_6_F05_1464712	14	19002124	21349608	905	0.0434
DADOS_p_TCGAb3_85_86_87_88_NSP_GenomeWideSNP_6_F05_1464712	14	21353099	21409981	23	-0.8828
DADOS_p_TCGAb3_85_86_87_88_NSP_GenomeWideSNP_6_F05_1464712	14	21413355	28665038	4738	0.03
DADOS_p_TCGAb3_85_86_87_88_NSP_GenomeWideSNP_6_F05_1464712	14	28668373	28670738	5	-1.3149
DADOS_p_TCGAb3_85_86_87_88_NSP_GenomeWideSNP_6_F05_1464712	14	28674626	106751284	49616	0.0288
DADOS_p_TCGAb3_85_86_87_88_NSP_GenomeWideSNP_6_F05_1464712	14	106753859	106753867	3	1.3784
DADOS_p_TCGAb3_85_86_87_88_NSP_GenomeWideSNP_6_F05_1464712	14	106754003	106796697	18	-0.2149
DADOS_p_TCGAb3_85_86_87_88_NSP_GenomeWideSNP_6_F05_1464712	14	106801355	106821736	8	-1.6647
DADOS_p_TCGAb3_85_86_87_88_NSP_GenomeWideSNP_6_F05_1464712	14	106825916	107285437	304	0.0235
DADOS_p_TCGAb3_85_86_87_88_NSP_GenomeWideSNP_6_F05_1464712	15	20016328	22560362	414	-0.185
DADOS_p_TCGAb3_85_86_87_88_NSP_GenomeWideSNP_6_F05_1464712	15	22566658	27918623	3403	0.0213
DADOS_p_TCGAb3_85_86_87_88_NSP_GenomeWideSNP_6_F05_1464712	15	27919497	27927806	13	-0.8169
DADOS_p_TCGAb3_85_86_87_88_NSP_GenomeWideSNP_6_F05_1464712	15	27928794	29316737	547	0.0209
DADOS_p_TCGAb3_85_86_87_88_NSP_GenomeWideSNP_6_F05_1464712	15	29317343	29320575	2	-1.7234
DADOS_p_TCGAb3_85_86_87_88_NSP_GenomeWideSNP_6_F05_1464712	15	29322021	102469040	47708	0.0318
DADOS_p_TCGAb3_85_86_87_88_NSP_GenomeWideSNP_6_F05_1464712	16	60777	15049658	11152	0.0261
DADOS_p_TCGAb3_85_86_87_88_NSP_GenomeWideSNP_6_F05_1464712	16	15049885	15116257	55	-0.657
DADOS_p_TCGAb3_85_86_87_88_NSP_GenomeWideSNP_6_F05_1464712	16	15125441	53458017	14104	0.0271
DADOS_p_TCGAb3_85_86_87_88_NSP_GenomeWideSNP_6_F05_1464712	16	53469387	53469807	3	1.6947
DADOS_p_TCGAb3_85_86_87_88_NSP_GenomeWideSNP_6_F05_1464712	16	53469929	90287535	27147	0.0261
DADOS_p_TCGAb3_85_86_87_88_NSP_GenomeWideSNP_6_F05_1464712	17	526	34436708	18402	0.0561
DADOS_p_TCGAb3_85_86_87_88_NSP_GenomeWideSNP_6_F05_1464712	17	34437128	34543343	40	0.7705
DADOS_p_TCGAb3_85_86_87_88_NSP_GenomeWideSNP_6_F05_1464712	17	34586294	39380430	2523	0.1559
DADOS_p_TCGAb3_85_86_87_88_NSP_GenomeWideSNP_6_F05_1464712	17	39387560	39393769	5	-0.7566
DADOS_p_TCGAb3_85_86_87_88_NSP_GenomeWideSNP_6_F05_1464712	17	39395856	39421708	12	0.1421
DADOS_p_TCGAb3_85_86_87_88_NSP_GenomeWideSNP_6_F05_1464712	17	39423014	39430531	24	0.7603
DADOS_p_TCGAb3_85_86_87_88_NSP_GenomeWideSNP_6_F05_1464712	17	39432724	39440956	18	-0.0751
DADOS_p_TCGAb3_85_86_87_88_NSP_GenomeWideSNP_6_F05_1464712	17	39441219	44401067	2623	0.1257
DADOS_p_TCGAb3_85_86_87_88_NSP_GenomeWideSNP_6_F05_1464712	17	44408662	44752283	43	-0.5193
DADOS_p_TCGAb3_85_86_87_88_NSP_GenomeWideSNP_6_F05_1464712	17	44752300	81049726	21634	0.155
DADOS_p_TCGAb3_85_86_87_88_NSP_GenomeWideSNP_6_F05_1464712	18	11543	100949	12	-0.7931
DADOS_p_TCGAb3_85_86_87_88_NSP_GenomeWideSNP_6_F05_1464712	18	117231	38258616	22837	0.0291
DADOS_p_TCGAb3_85_86_87_88_NSP_GenomeWideSNP_6_F05_1464712	18	38258705	38265389	21	-0.7189
DADOS_p_TCGAb3_85_86_87_88_NSP_GenomeWideSNP_6_F05_1464712	18	38268024	63204323	17155	0.0348
DADOS_p_TCGAb3_85_86_87_88_NSP_GenomeWideSNP_6_F05_1464712	18	63204419	63207257	10	-0.6112
DADOS_p_TCGAb3_85_86_87_88_NSP_GenomeWideSNP_6_F05_1464712	18	63207273	66742755	2590	0.0131
DADOS_p_TCGAb3_85_86_87_88_NSP_GenomeWideSNP_6_F05_1464712	18	66742788	66746106	3	1.4289
DADOS_p_TCGAb3_85_86_87_88_NSP_GenomeWideSNP_6_F05_1464712	18	66746244	78015057	8215	0.0132
DADOS_p_TCGAb3_85_86_87_88_NSP_GenomeWideSNP_6_F05_1464712	19	90910	20580487	8976	0.0393
DADOS_p_TCGAb3_85_86_87_88_NSP_GenomeWideSNP_6_F05_1464712	19	20582963	20588217	4	1.2163
DADOS_p_TCGAb3_85_86_87_88_NSP_GenomeWideSNP_6_F05_1464712	19	20588850	22269149	965	0.0211
DADOS_p_TCGAb3_85_86_87_88_NSP_GenomeWideSNP_6_F05_1464712	19	22270092	22270216	2	-1.3025
DADOS_p_TCGAb3_85_86_87_88_NSP_GenomeWideSNP_6_F05_1464712	19	22270806	22413940	93	-0.0502
DADOS_p_TCGAb3_85_86_87_88_NSP_GenomeWideSNP_6_F05_1464712	19	22415745	22438069	17	0.4748
DADOS_p_TCGAb3_85_86_87_88_NSP_GenomeWideSNP_6_F05_1464712	19	22438981	36827683	7235	0.0386
DADOS_p_TCGAb3_85_86_87_88_NSP_GenomeWideSNP_6_F05_1464712	19	36830311	36845875	2	1.5384
DADOS_p_TCGAb3_85_86_87_88_NSP_GenomeWideSNP_6_F05_1464712	19	36846150	41068931	2215	0.0395
DADOS_p_TCGAb3_85_86_87_88_NSP_GenomeWideSNP_6_F05_1464712	19	41070854	41071823	2	1.8109
DADOS_p_TCGAb3_85_86_87_88_NSP_GenomeWideSNP_6_F05_1464712	19	41077501	41345158	134	0.0573
DADOS_p_TCGAb3_85_86_87_88_NSP_GenomeWideSNP_6_F05_1464712	19	41348869	41360574	12	-0.4004
DADOS_p_TCGAb3_85_86_87_88_NSP_GenomeWideSNP_6_F05_1464712	19	41361094	41368999	11	-1.2069
DADOS_p_TCGAb3_85_86_87_88_NSP_GenomeWideSNP_6_F05_1464712	19	41369405	41375782	8	-0.5204
DADOS_p_TCGAb3_85_86_87_88_NSP_GenomeWideSNP_6_F05_1464712	19	41375797	52131813	5292	0.0303
DADOS_p_TCGAb3_85_86_87_88_NSP_GenomeWideSNP_6_F05_1464712	19	52142352	52148197	11	-0.7902
DADOS_p_TCGAb3_85_86_87_88_NSP_GenomeWideSNP_6_F05_1464712	19	52154905	55297883	2057	0.0206
DADOS_p_TCGAb3_85_86_87_88_NSP_GenomeWideSNP_6_F05_1464712	19	55298580	55333827	18	-0.9657
DADOS_p_TCGAb3_85_86_87_88_NSP_GenomeWideSNP_6_F05_1464712	19	55333884	59097854	2312	0.0304
DADOS_p_TCGAb3_85_86_87_88_NSP_GenomeWideSNP_6_F05_1464712	20	61305	1568006	1214	0.0158
DADOS_p_TCGAb3_85_86_87_88_NSP_GenomeWideSNP_6_F05_1464712	20	1568083	1598336	37	-0.319
DADOS_p_TCGAb3_85_86_87_88_NSP_GenomeWideSNP_6_F05_1464712	20	1599002	31566845	19726	0.0299
DADOS_p_TCGAb3_85_86_87_88_NSP_GenomeWideSNP_6_F05_1464712	20	31570971	31571022	2	-2.5237
DADOS_p_TCGAb3_85_86_87_88_NSP_GenomeWideSNP_6_F05_1464712	20	31571900	53487239	14794	0.0324
DADOS_p_TCGAb3_85_86_87_88_NSP_GenomeWideSNP_6_F05_1464712	20	53491517	53492110	6	-2.0439
DADOS_p_TCGAb3_85_86_87_88_NSP_GenomeWideSNP_6_F05_1464712	20	53493288	62956153	6737	0.0333
DADOS_p_TCGAb3_85_86_87_88_NSP_GenomeWideSNP_6_F05_1464712	21	10736871	11039219	79	0.1026
DADOS_p_TCGAb3_85_86_87_88_NSP_GenomeWideSNP_6_F05_1464712	21	11039272	14570284	80	-0.2273
DADOS_p_TCGAb3_85_86_87_88_NSP_GenomeWideSNP_6_F05_1464712	21	14570299	17123855	1599	0.0256
DADOS_p_TCGAb3_85_86_87_88_NSP_GenomeWideSNP_6_F05_1464712	21	17124102	17126820	2	1.6457
DADOS_p_TCGAb3_85_86_87_88_NSP_GenomeWideSNP_6_F05_1464712	21	17130370	17728224	357	0.0331
DADOS_p_TCGAb3_85_86_87_88_NSP_GenomeWideSNP_6_F05_1464712	21	17730160	17734247	4	-0.8423
DADOS_p_TCGAb3_85_86_87_88_NSP_GenomeWideSNP_6_F05_1464712	21	17734686	22810767	3704	0.0274
DADOS_p_TCGAb3_85_86_87_88_NSP_GenomeWideSNP_6_F05_1464712	21	22813609	22813622	2	-1.3297
DADOS_p_TCGAb3_85_86_87_88_NSP_GenomeWideSNP_6_F05_1464712	21	22818813	24022710	916	0.0286
DADOS_p_TCGAb3_85_86_87_88_NSP_GenomeWideSNP_6_F05_1464712	21	24023240	24023934	5	-1.0342
DADOS_p_TCGAb3_85_86_87_88_NSP_GenomeWideSNP_6_F05_1464712	21	24025470	44968053	15906	0.0295
DADOS_p_TCGAb3_85_86_87_88_NSP_GenomeWideSNP_6_F05_1464712	21	44970873	44972812	2	-2.388
DADOS_p_TCGAb3_85_86_87_88_NSP_GenomeWideSNP_6_F05_1464712	21	44973667	47011342	1111	0.0258
DADOS_p_TCGAb3_85_86_87_88_NSP_GenomeWideSNP_6_F05_1464712	21	47012609	47013876	2	1.6376
DADOS_p_TCGAb3_85_86_87_88_NSP_GenomeWideSNP_6_F05_1464712	21	47014139	48096957	652	0.0299
DADOS_p_TCGAb3_85_86_87_88_NSP_GenomeWideSNP_6_F05_1464712	22	16052528	18650979	1213	0.0227
DADOS_p_TCGAb3_85_86_87_88_NSP_GenomeWideSNP_6_F05_1464712	22	18655860	19006984	111	0.4641
DADOS_p_TCGAb3_85_86_87_88_NSP_GenomeWideSNP_6_F05_1464712	22	19024806	24337949	3298	-0.0056
DADOS_p_TCGAb3_85_86_87_88_NSP_GenomeWideSNP_6_F05_1464712	22	24344422	24396814	20	-1.6834
DADOS_p_TCGAb3_85_86_87_88_NSP_GenomeWideSNP_6_F05_1464712	22	24401529	51234455	18934	0.0337
DADOS_p_TCGAb3_85_86_87_88_NSP_GenomeWideSNP_6_F05_1464712	X	168477	2666353	95	-0.7071
DADOS_p_TCGAb3_85_86_87_88_NSP_GenomeWideSNP_6_F05_1464712	X	2703391	7385720	3540	-0.0061
DADOS_p_TCGAb3_85_86_87_88_NSP_GenomeWideSNP_6_F05_1464712	X	7385752	7390287	3	1.3482
DADOS_p_TCGAb3_85_86_87_88_NSP_GenomeWideSNP_6_F05_1464712	X	7390499	10155957	2118	0.0221
DADOS_p_TCGAb3_85_86_87_88_NSP_GenomeWideSNP_6_F05_1464712	X	10158538	10158910	3	-1.5353
DADOS_p_TCGAb3_85_86_87_88_NSP_GenomeWideSNP_6_F05_1464712	X	10159658	76353650	34167	0.0104
DADOS_p_TCGAb3_85_86_87_88_NSP_GenomeWideSNP_6_F05_1464712	X	76362292	76378656	2	-3.3522
DADOS_p_TCGAb3_85_86_87_88_NSP_GenomeWideSNP_6_F05_1464712	X	76378658	89963437	7103	-0.0064
DADOS_p_TCGAb3_85_86_87_88_NSP_GenomeWideSNP_6_F05_1464712	X	89967112	89975762	3	1.6182
DADOS_p_TCGAb3_85_86_87_88_NSP_GenomeWideSNP_6_F05_1464712	X	89976120	90048207	15	-0.3979
DADOS_p_TCGAb3_85_86_87_88_NSP_GenomeWideSNP_6_F05_1464712	X	90050418	92323279	943	-0.0536
DADOS_p_TCGAb3_85_86_87_88_NSP_GenomeWideSNP_6_F05_1464712	X	92323290	92380075	58	-0.3699
DADOS_p_TCGAb3_85_86_87_88_NSP_GenomeWideSNP_6_F05_1464712	X	92383590	100322179	4546	0.0108
DADOS_p_TCGAb3_85_86_87_88_NSP_GenomeWideSNP_6_F05_1464712	X	100322746	100326768	4	1.0963
DADOS_p_TCGAb3_85_86_87_88_NSP_GenomeWideSNP_6_F05_1464712	X	100335688	150779686	29402	0.0039
DADOS_p_TCGAb3_85_86_87_88_NSP_GenomeWideSNP_6_F05_1464712	X	150783728	150791294	3	1.4686
DADOS_p_TCGAb3_85_86_87_88_NSP_GenomeWideSNP_6_F05_1464712	X	150791868	154779497	1986	0.0132
DADOS_p_TCGAb3_85_86_87_88_NSP_GenomeWideSNP_6_F05_1464712	X	154779777	154780682	10	-0.8822
DADOS_p_TCGAb3_85_86_87_88_NSP_GenomeWideSNP_6_F05_1464712	X	154783013	154929308	79	0.0183
DADOS_p_TCGAb3_85_86_87_88_NSP_GenomeWideSNP_6_F05_1464712	X	154929498	155182354	19	-0.655
DADOS_p_TCGAb3_85_86_87_88_NSP_GenomeWideSNP_6_F05_1464712	Y	2650438	6101425	871	-2.3567
DADOS_p_TCGAb3_85_86_87_88_NSP_GenomeWideSNP_6_F05_1464712	Y	6107901	6426233	129	-3.5583
DADOS_p_TCGAb3_85_86_87_88_NSP_GenomeWideSNP_6_F05_1464712	Y	6426853	7399842	424	-2.7161
DADOS_p_TCGAb3_85_86_87_88_NSP_GenomeWideSNP_6_F05_1464712	Y	7400746	9823373	1220	-3.0804
DADOS_p_TCGAb3_85_86_87_88_NSP_GenomeWideSNP_6_F05_1464712	Y	9826040	15024621	679	-2.7659
DADOS_p_TCGAb3_85_86_87_88_NSP_GenomeWideSNP_6_F05_1464712	Y	15026424	15030817	5	-5.9074
DADOS_p_TCGAb3_85_86_87_88_NSP_GenomeWideSNP_6_F05_1464712	Y	15032288	19063565	2093	-2.9123
DADOS_p_TCGAb3_85_86_87_88_NSP_GenomeWideSNP_6_F05_1464712	Y	19068122	19297985	97	-3.5106
DADOS_p_TCGAb3_85_86_87_88_NSP_GenomeWideSNP_6_F05_1464712	Y	19300250	19584800	149	-2.8942
DADOS_p_TCGAb3_85_86_87_88_NSP_GenomeWideSNP_6_F05_1464712	Y	19585097	19634459	31	-4.1061
DADOS_p_TCGAb3_85_86_87_88_NSP_GenomeWideSNP_6_F05_1464712	Y	19636383	19924561	128	-3.059
DADOS_p_TCGAb3_85_86_87_88_NSP_GenomeWideSNP_6_F05_1464712	Y	19925237	20283620	142	-3.7884
DADOS_p_TCGAb3_85_86_87_88_NSP_GenomeWideSNP_6_F05_1464712	Y	20290833	20842231	272	-3.3654
DADOS_p_TCGAb3_85_86_87_88_NSP_GenomeWideSNP_6_F05_1464712	Y	20848128	21024613	93	-4.091
DADOS_p_TCGAb3_85_86_87_88_NSP_GenomeWideSNP_6_F05_1464712	Y	21025062	24017605	1135	-2.9222
DADOS_p_TCGAb3_85_86_87_88_NSP_GenomeWideSNP_6_F05_1464712	Y	24018367	26287832	469	-3.4391
DADOS_p_TCGAb3_85_86_87_88_NSP_GenomeWideSNP_6_F05_1464712	Y	26288175	26517533	75	-2.6905
DADOS_p_TCGAb3_85_86_87_88_NSP_GenomeWideSNP_6_F05_1464712	Y	26526212	27274970	89	-3.9523
DADOS_p_TCGAb3_85_86_87_88_NSP_GenomeWideSNP_6_F05_1464712	Y	27298371	27717920	92	-2.57
DADOS_p_TCGAb3_85_86_87_88_NSP_GenomeWideSNP_6_F05_1464712	Y	27718192	28452016	261	-3.6026
DADOS_p_TCGAb3_85_86_87_88_NSP_GenomeWideSNP_6_F05_1464712	Y	28457337	59018259	175	-2.532
