Sample	Chromosome	Start	End	Num_Probes	Segment_Mean
OWNED_p_TCGA_b102_105_SNP_N_GenomeWideSNP_6_A04_777156	1	61735	17114712	8807	-0.1655
OWNED_p_TCGA_b102_105_SNP_N_GenomeWideSNP_6_A04_777156	1	17177045	17261888	64	-0.5365
OWNED_p_TCGA_b102_105_SNP_N_GenomeWideSNP_6_A04_777156	1	17262232	25571269	5256	-0.1745
OWNED_p_TCGA_b102_105_SNP_N_GenomeWideSNP_6_A04_777156	1	25574471	25662212	38	0.3937
OWNED_p_TCGA_b102_105_SNP_N_GenomeWideSNP_6_A04_777156	1	25663310	72768418	28834	-0.149
OWNED_p_TCGA_b102_105_SNP_N_GenomeWideSNP_6_A04_777156	1	72768498	72811133	46	-1.0259
OWNED_p_TCGA_b102_105_SNP_N_GenomeWideSNP_6_A04_777156	1	72811148	111377368	24558	-0.1293
OWNED_p_TCGA_b102_105_SNP_N_GenomeWideSNP_6_A04_777156	1	111377565	111388226	38	-0.4972
OWNED_p_TCGA_b102_105_SNP_N_GenomeWideSNP_6_A04_777156	1	111392067	112695965	1079	-0.1402
OWNED_p_TCGA_b102_105_SNP_N_GenomeWideSNP_6_A04_777156	1	112696087	112697012	17	0.4293
OWNED_p_TCGA_b102_105_SNP_N_GenomeWideSNP_6_A04_777156	1	112697174	121436219	5188	-0.1413
OWNED_p_TCGA_b102_105_SNP_N_GenomeWideSNP_6_A04_777156	1	121447136	144842558	58	0.1716
OWNED_p_TCGA_b102_105_SNP_N_GenomeWideSNP_6_A04_777156	1	144849539	144849552	3	1.5816
OWNED_p_TCGA_b102_105_SNP_N_GenomeWideSNP_6_A04_777156	1	144865627	145372563	216	0.1014
OWNED_p_TCGA_b102_105_SNP_N_GenomeWideSNP_6_A04_777156	1	145382124	147829226	856	0.3513
OWNED_p_TCGA_b102_105_SNP_N_GenomeWideSNP_6_A04_777156	1	147831183	149758041	256	0.0253
OWNED_p_TCGA_b102_105_SNP_N_GenomeWideSNP_6_A04_777156	1	149769972	152555527	1459	0.305
OWNED_p_TCGA_b102_105_SNP_N_GenomeWideSNP_6_A04_777156	1	152555706	152586594	35	-0.4101
OWNED_p_TCGA_b102_105_SNP_N_GenomeWideSNP_6_A04_777156	1	152590494	152989321	375	0.353
OWNED_p_TCGA_b102_105_SNP_N_GenomeWideSNP_6_A04_777156	1	152991060	153000714	5	-0.4606
OWNED_p_TCGA_b102_105_SNP_N_GenomeWideSNP_6_A04_777156	1	153000978	181377529	19122	0.3347
OWNED_p_TCGA_b102_105_SNP_N_GenomeWideSNP_6_A04_777156	1	181377804	181378334	3	-0.8983
OWNED_p_TCGA_b102_105_SNP_N_GenomeWideSNP_6_A04_777156	1	181379512	210071062	19161	0.3411
OWNED_p_TCGA_b102_105_SNP_N_GenomeWideSNP_6_A04_777156	1	210081613	210082065	2	-1.1255
OWNED_p_TCGA_b102_105_SNP_N_GenomeWideSNP_6_A04_777156	1	210083984	227425301	11673	0.341
OWNED_p_TCGA_b102_105_SNP_N_GenomeWideSNP_6_A04_777156	1	227426072	227426406	3	-1.3595
OWNED_p_TCGA_b102_105_SNP_N_GenomeWideSNP_6_A04_777156	1	227429178	245636410	13210	0.3394
OWNED_p_TCGA_b102_105_SNP_N_GenomeWideSNP_6_A04_777156	1	245637039	245646904	11	-1.1745
OWNED_p_TCGA_b102_105_SNP_N_GenomeWideSNP_6_A04_777156	1	245649651	248753594	2038	0.3557
OWNED_p_TCGA_b102_105_SNP_N_GenomeWideSNP_6_A04_777156	1	248756758	248808864	29	0.7073
OWNED_p_TCGA_b102_105_SNP_N_GenomeWideSNP_6_A04_777156	1	248809109	249224388	142	0.3503
OWNED_p_TCGA_b102_105_SNP_N_GenomeWideSNP_6_A04_777156	2	12784	4205687	2989	0.1366
OWNED_p_TCGA_b102_105_SNP_N_GenomeWideSNP_6_A04_777156	2	4213864	4224019	42	-0.409
OWNED_p_TCGA_b102_105_SNP_N_GenomeWideSNP_6_A04_777156	2	4230062	14345791	7693	0.1214
OWNED_p_TCGA_b102_105_SNP_N_GenomeWideSNP_6_A04_777156	2	14348914	14372695	62	0.583
OWNED_p_TCGA_b102_105_SNP_N_GenomeWideSNP_6_A04_777156	2	14379327	34691069	13306	0.123
OWNED_p_TCGA_b102_105_SNP_N_GenomeWideSNP_6_A04_777156	2	34699315	34737057	46	0.7434
OWNED_p_TCGA_b102_105_SNP_N_GenomeWideSNP_6_A04_777156	2	34737163	37948570	2432	0.1385
OWNED_p_TCGA_b102_105_SNP_N_GenomeWideSNP_6_A04_777156	2	37959646	38002857	38	-0.19
OWNED_p_TCGA_b102_105_SNP_N_GenomeWideSNP_6_A04_777156	2	38003485	38954495	727	0.1111
OWNED_p_TCGA_b102_105_SNP_N_GenomeWideSNP_6_A04_777156	2	38955866	38972281	8	1.1522
OWNED_p_TCGA_b102_105_SNP_N_GenomeWideSNP_6_A04_777156	2	38972826	46489795	5517	0.1281
OWNED_p_TCGA_b102_105_SNP_N_GenomeWideSNP_6_A04_777156	2	46490132	46492272	3	-0.9498
OWNED_p_TCGA_b102_105_SNP_N_GenomeWideSNP_6_A04_777156	2	46492682	50605863	2777	0.1229
OWNED_p_TCGA_b102_105_SNP_N_GenomeWideSNP_6_A04_777156	2	50609971	50610041	2	-1.0398
OWNED_p_TCGA_b102_105_SNP_N_GenomeWideSNP_6_A04_777156	2	50611044	52764229	1536	0.1473
OWNED_p_TCGA_b102_105_SNP_N_GenomeWideSNP_6_A04_777156	2	52764255	52781275	14	-0.2836
OWNED_p_TCGA_b102_105_SNP_N_GenomeWideSNP_6_A04_777156	2	52781295	57394902	3366	0.1381
OWNED_p_TCGA_b102_105_SNP_N_GenomeWideSNP_6_A04_777156	2	57402044	57441923	68	0.9649
OWNED_p_TCGA_b102_105_SNP_N_GenomeWideSNP_6_A04_777156	2	57445471	85332445	17534	0.1272
OWNED_p_TCGA_b102_105_SNP_N_GenomeWideSNP_6_A04_777156	2	85332460	85333406	2	-1.2766
OWNED_p_TCGA_b102_105_SNP_N_GenomeWideSNP_6_A04_777156	2	85333976	87513287	1147	0.1254
OWNED_p_TCGA_b102_105_SNP_N_GenomeWideSNP_6_A04_777156	2	87514379	87514390	2	-1.3376
OWNED_p_TCGA_b102_105_SNP_N_GenomeWideSNP_6_A04_777156	2	87520356	97857927	1920	0.092
OWNED_p_TCGA_b102_105_SNP_N_GenomeWideSNP_6_A04_777156	2	97865337	97877173	15	-0.4359
OWNED_p_TCGA_b102_105_SNP_N_GenomeWideSNP_6_A04_777156	2	97886334	114362015	9460	0.1216
OWNED_p_TCGA_b102_105_SNP_N_GenomeWideSNP_6_A04_777156	2	114362414	114362416	2	-1.5577
OWNED_p_TCGA_b102_105_SNP_N_GenomeWideSNP_6_A04_777156	2	114380821	117588586	1944	0.1302
OWNED_p_TCGA_b102_105_SNP_N_GenomeWideSNP_6_A04_777156	2	117589767	117589853	2	-1.2079
OWNED_p_TCGA_b102_105_SNP_N_GenomeWideSNP_6_A04_777156	2	117591245	123477014	3759	0.1297
OWNED_p_TCGA_b102_105_SNP_N_GenomeWideSNP_6_A04_777156	2	123479899	123482241	9	-0.4187
OWNED_p_TCGA_b102_105_SNP_N_GenomeWideSNP_6_A04_777156	2	123483653	127714880	2776	0.1484
OWNED_p_TCGA_b102_105_SNP_N_GenomeWideSNP_6_A04_777156	2	127719856	127720068	2	-0.9663
OWNED_p_TCGA_b102_105_SNP_N_GenomeWideSNP_6_A04_777156	2	127724695	130795379	2005	0.1167
OWNED_p_TCGA_b102_105_SNP_N_GenomeWideSNP_6_A04_777156	2	130817339	130869952	13	-0.3561
OWNED_p_TCGA_b102_105_SNP_N_GenomeWideSNP_6_A04_777156	2	130874488	176605249	27687	0.1344
OWNED_p_TCGA_b102_105_SNP_N_GenomeWideSNP_6_A04_777156	2	176609637	176643561	25	-0.5239
OWNED_p_TCGA_b102_105_SNP_N_GenomeWideSNP_6_A04_777156	2	176648038	180061655	2188	-0.1423
OWNED_p_TCGA_b102_105_SNP_N_GenomeWideSNP_6_A04_777156	2	180067192	180076663	2	-1.2345
OWNED_p_TCGA_b102_105_SNP_N_GenomeWideSNP_6_A04_777156	2	180079144	184085453	2567	-0.123
OWNED_p_TCGA_b102_105_SNP_N_GenomeWideSNP_6_A04_777156	2	184085788	184089724	9	-1.41
OWNED_p_TCGA_b102_105_SNP_N_GenomeWideSNP_6_A04_777156	2	184093998	243089456	36238	-0.1343
OWNED_p_TCGA_b102_105_SNP_N_GenomeWideSNP_6_A04_777156	3	60345	6646543	5843	-0.1216
OWNED_p_TCGA_b102_105_SNP_N_GenomeWideSNP_6_A04_777156	3	6651128	6653332	23	-0.9417
OWNED_p_TCGA_b102_105_SNP_N_GenomeWideSNP_6_A04_777156	3	6655078	6707179	53	-0.1147
OWNED_p_TCGA_b102_105_SNP_N_GenomeWideSNP_6_A04_777156	3	6709275	26426191	13987	-0.4861
OWNED_p_TCGA_b102_105_SNP_N_GenomeWideSNP_6_A04_777156	3	26434124	26439343	4	-1.6299
OWNED_p_TCGA_b102_105_SNP_N_GenomeWideSNP_6_A04_777156	3	26445973	26611649	118	-0.5052
OWNED_p_TCGA_b102_105_SNP_N_GenomeWideSNP_6_A04_777156	3	26611667	26611885	4	-1.9801
OWNED_p_TCGA_b102_105_SNP_N_GenomeWideSNP_6_A04_777156	3	26611898	65189462	25265	-0.4822
OWNED_p_TCGA_b102_105_SNP_N_GenomeWideSNP_6_A04_777156	3	65189478	65216368	51	-0.1387
OWNED_p_TCGA_b102_105_SNP_N_GenomeWideSNP_6_A04_777156	3	65216483	68289793	2064	-0.4784
OWNED_p_TCGA_b102_105_SNP_N_GenomeWideSNP_6_A04_777156	3	68289861	68291509	2	-2.0746
OWNED_p_TCGA_b102_105_SNP_N_GenomeWideSNP_6_A04_777156	3	68293341	68725751	347	-0.5009
OWNED_p_TCGA_b102_105_SNP_N_GenomeWideSNP_6_A04_777156	3	68732028	68747413	16	0.5596
OWNED_p_TCGA_b102_105_SNP_N_GenomeWideSNP_6_A04_777156	3	68748758	71334477	1970	-0.4748
OWNED_p_TCGA_b102_105_SNP_N_GenomeWideSNP_6_A04_777156	3	71335790	125547824	30307	-0.1238
OWNED_p_TCGA_b102_105_SNP_N_GenomeWideSNP_6_A04_777156	3	125547912	125555670	2	-1.3833
OWNED_p_TCGA_b102_105_SNP_N_GenomeWideSNP_6_A04_777156	3	125556638	129762859	2438	-0.1479
OWNED_p_TCGA_b102_105_SNP_N_GenomeWideSNP_6_A04_777156	3	129763698	129819602	63	0.2153
OWNED_p_TCGA_b102_105_SNP_N_GenomeWideSNP_6_A04_777156	3	129819638	162495909	20250	-0.122
OWNED_p_TCGA_b102_105_SNP_N_GenomeWideSNP_6_A04_777156	3	162503122	162626603	80	0.2526
OWNED_p_TCGA_b102_105_SNP_N_GenomeWideSNP_6_A04_777156	3	162628614	197896118	21900	-0.1246
OWNED_p_TCGA_b102_105_SNP_N_GenomeWideSNP_6_A04_777156	4	12281	10210390	5797	-0.1795
OWNED_p_TCGA_b102_105_SNP_N_GenomeWideSNP_6_A04_777156	4	10223416	10235268	35	0.9949
OWNED_p_TCGA_b102_105_SNP_N_GenomeWideSNP_6_A04_777156	4	10236142	10390715	169	-0.1571
OWNED_p_TCGA_b102_105_SNP_N_GenomeWideSNP_6_A04_777156	4	10392354	10400668	16	-1.867
OWNED_p_TCGA_b102_105_SNP_N_GenomeWideSNP_6_A04_777156	4	10402718	26288818	11542	-0.1388
OWNED_p_TCGA_b102_105_SNP_N_GenomeWideSNP_6_A04_777156	4	26291985	26294776	3	-1.5236
OWNED_p_TCGA_b102_105_SNP_N_GenomeWideSNP_6_A04_777156	4	26295174	34779040	5246	-0.1267
OWNED_p_TCGA_b102_105_SNP_N_GenomeWideSNP_6_A04_777156	4	34779054	34829872	40	0.1946
OWNED_p_TCGA_b102_105_SNP_N_GenomeWideSNP_6_A04_777156	4	34829913	49643763	8995	-0.1344
OWNED_p_TCGA_b102_105_SNP_N_GenomeWideSNP_6_A04_777156	4	49649791	49658612	7	-0.8656
OWNED_p_TCGA_b102_105_SNP_N_GenomeWideSNP_6_A04_777156	4	52685699	64693940	7568	-0.1325
OWNED_p_TCGA_b102_105_SNP_N_GenomeWideSNP_6_A04_777156	4	64697469	64704293	7	-1.6322
OWNED_p_TCGA_b102_105_SNP_N_GenomeWideSNP_6_A04_777156	4	64705156	64705785	14	-0.4593
OWNED_p_TCGA_b102_105_SNP_N_GenomeWideSNP_6_A04_777156	4	64707581	64708258	8	-2.3256
OWNED_p_TCGA_b102_105_SNP_N_GenomeWideSNP_6_A04_777156	4	64716431	69374941	2882	-0.1321
OWNED_p_TCGA_b102_105_SNP_N_GenomeWideSNP_6_A04_777156	4	69374955	69558271	73	0.2133
OWNED_p_TCGA_b102_105_SNP_N_GenomeWideSNP_6_A04_777156	4	69582483	70121263	316	-0.1281
OWNED_p_TCGA_b102_105_SNP_N_GenomeWideSNP_6_A04_777156	4	70123510	70232124	57	0.1115
OWNED_p_TCGA_b102_105_SNP_N_GenomeWideSNP_6_A04_777156	4	70236151	86976094	10446	-0.1354
OWNED_p_TCGA_b102_105_SNP_N_GenomeWideSNP_6_A04_777156	4	86976391	86979764	18	-0.6891
OWNED_p_TCGA_b102_105_SNP_N_GenomeWideSNP_6_A04_777156	4	86979944	96245748	5464	-0.1216
OWNED_p_TCGA_b102_105_SNP_N_GenomeWideSNP_6_A04_777156	4	96246506	96247596	15	-0.5953
OWNED_p_TCGA_b102_105_SNP_N_GenomeWideSNP_6_A04_777156	4	96248616	98353604	1373	-0.1321
OWNED_p_TCGA_b102_105_SNP_N_GenomeWideSNP_6_A04_777156	4	98357434	98358305	2	-1.718
OWNED_p_TCGA_b102_105_SNP_N_GenomeWideSNP_6_A04_777156	4	98360786	115173700	10023	-0.127
OWNED_p_TCGA_b102_105_SNP_N_GenomeWideSNP_6_A04_777156	4	115175323	115185823	31	0.2361
OWNED_p_TCGA_b102_105_SNP_N_GenomeWideSNP_6_A04_777156	4	115186565	138092239	13237	-0.1189
OWNED_p_TCGA_b102_105_SNP_N_GenomeWideSNP_6_A04_777156	4	138092420	138093414	14	-0.9809
OWNED_p_TCGA_b102_105_SNP_N_GenomeWideSNP_6_A04_777156	4	138094958	191027923	33993	-0.1251
OWNED_p_TCGA_b102_105_SNP_N_GenomeWideSNP_6_A04_777156	5	15532	5807278	4564	0.1226
OWNED_p_TCGA_b102_105_SNP_N_GenomeWideSNP_6_A04_777156	5	5808762	5809068	3	-1.3421
OWNED_p_TCGA_b102_105_SNP_N_GenomeWideSNP_6_A04_777156	5	5810732	16517130	8182	0.1384
OWNED_p_TCGA_b102_105_SNP_N_GenomeWideSNP_6_A04_777156	5	16517367	16517739	2	-1.8219
OWNED_p_TCGA_b102_105_SNP_N_GenomeWideSNP_6_A04_777156	5	16520379	17515801	661	0.1245
OWNED_p_TCGA_b102_105_SNP_N_GenomeWideSNP_6_A04_777156	5	17601553	17625633	15	-0.6691
OWNED_p_TCGA_b102_105_SNP_N_GenomeWideSNP_6_A04_777156	5	17629520	46191884	17345	0.1357
OWNED_p_TCGA_b102_105_SNP_N_GenomeWideSNP_6_A04_777156	5	46195883	46199435	4	-1.1621
OWNED_p_TCGA_b102_105_SNP_N_GenomeWideSNP_6_A04_777156	5	46209299	46271108	15	0.1453
OWNED_p_TCGA_b102_105_SNP_N_GenomeWideSNP_6_A04_777156	5	46271930	46273502	6	1.0426
OWNED_p_TCGA_b102_105_SNP_N_GenomeWideSNP_6_A04_777156	5	46278212	49432831	20	-0.0135
OWNED_p_TCGA_b102_105_SNP_N_GenomeWideSNP_6_A04_777156	5	49441958	49597527	47	0.6279
OWNED_p_TCGA_b102_105_SNP_N_GenomeWideSNP_6_A04_777156	5	49607622	57321646	5014	0.1339
OWNED_p_TCGA_b102_105_SNP_N_GenomeWideSNP_6_A04_777156	5	57326027	57333533	32	1.1835
OWNED_p_TCGA_b102_105_SNP_N_GenomeWideSNP_6_A04_777156	5	57338357	68846303	7298	0.1434
OWNED_p_TCGA_b102_105_SNP_N_GenomeWideSNP_6_A04_777156	5	68867294	69118135	5	-1.1084
OWNED_p_TCGA_b102_105_SNP_N_GenomeWideSNP_6_A04_777156	5	69233427	86115378	9658	0.1362
OWNED_p_TCGA_b102_105_SNP_N_GenomeWideSNP_6_A04_777156	5	86116321	86119146	2	-2.3599
OWNED_p_TCGA_b102_105_SNP_N_GenomeWideSNP_6_A04_777156	5	86121629	98732711	6920	0.1405
OWNED_p_TCGA_b102_105_SNP_N_GenomeWideSNP_6_A04_777156	5	98733086	98772764	12	0.6318
OWNED_p_TCGA_b102_105_SNP_N_GenomeWideSNP_6_A04_777156	5	98773776	103851221	2955	0.1497
OWNED_p_TCGA_b102_105_SNP_N_GenomeWideSNP_6_A04_777156	5	103860373	103860604	4	1.396
OWNED_p_TCGA_b102_105_SNP_N_GenomeWideSNP_6_A04_777156	5	103861049	151514171	30802	0.1372
OWNED_p_TCGA_b102_105_SNP_N_GenomeWideSNP_6_A04_777156	5	151515386	151516788	9	-0.5987
OWNED_p_TCGA_b102_105_SNP_N_GenomeWideSNP_6_A04_777156	5	151518063	155472055	2656	0.1388
OWNED_p_TCGA_b102_105_SNP_N_GenomeWideSNP_6_A04_777156	5	155472133	155495250	20	-0.35
OWNED_p_TCGA_b102_105_SNP_N_GenomeWideSNP_6_A04_777156	5	155495253	180374523	16627	0.1282
OWNED_p_TCGA_b102_105_SNP_N_GenomeWideSNP_6_A04_777156	5	180378710	180433225	20	0.6683
OWNED_p_TCGA_b102_105_SNP_N_GenomeWideSNP_6_A04_777156	5	180442400	180790320	169	0.1308
OWNED_p_TCGA_b102_105_SNP_N_GenomeWideSNP_6_A04_777156	6	149661	254283	101	0.1134
OWNED_p_TCGA_b102_105_SNP_N_GenomeWideSNP_6_A04_777156	6	257353	376937	96	-0.2112
OWNED_p_TCGA_b102_105_SNP_N_GenomeWideSNP_6_A04_777156	6	378703	16254598	12494	0.1215
OWNED_p_TCGA_b102_105_SNP_N_GenomeWideSNP_6_A04_777156	6	16254869	16279684	12	-0.5029
OWNED_p_TCGA_b102_105_SNP_N_GenomeWideSNP_6_A04_777156	6	16283946	29653329	8871	0.125
OWNED_p_TCGA_b102_105_SNP_N_GenomeWideSNP_6_A04_777156	6	29653377	29675791	15	-0.3046
OWNED_p_TCGA_b102_105_SNP_N_GenomeWideSNP_6_A04_777156	6	29676316	29837072	144	0.0826
OWNED_p_TCGA_b102_105_SNP_N_GenomeWideSNP_6_A04_777156	6	29837187	29850196	17	-0.6993
OWNED_p_TCGA_b102_105_SNP_N_GenomeWideSNP_6_A04_777156	6	29850274	32622194	1253	0.1022
OWNED_p_TCGA_b102_105_SNP_N_GenomeWideSNP_6_A04_777156	6	32624304	32626618	6	-1.0116
OWNED_p_TCGA_b102_105_SNP_N_GenomeWideSNP_6_A04_777156	6	32650612	53931151	13734	0.1184
OWNED_p_TCGA_b102_105_SNP_N_GenomeWideSNP_6_A04_777156	6	53931230	53931855	6	1.1796
OWNED_p_TCGA_b102_105_SNP_N_GenomeWideSNP_6_A04_777156	6	53935348	74591858	10516	0.1362
OWNED_p_TCGA_b102_105_SNP_N_GenomeWideSNP_6_A04_777156	6	74592225	74597341	9	0.9814
OWNED_p_TCGA_b102_105_SNP_N_GenomeWideSNP_6_A04_777156	6	74601410	77436532	1769	0.1293
OWNED_p_TCGA_b102_105_SNP_N_GenomeWideSNP_6_A04_777156	6	77439868	77452757	21	-0.2381
OWNED_p_TCGA_b102_105_SNP_N_GenomeWideSNP_6_A04_777156	6	77461073	78962889	979	0.1527
OWNED_p_TCGA_b102_105_SNP_N_GenomeWideSNP_6_A04_777156	6	78969065	78971834	7	-0.2778
OWNED_p_TCGA_b102_105_SNP_N_GenomeWideSNP_6_A04_777156	6	78972088	78972796	8	-0.7754
OWNED_p_TCGA_b102_105_SNP_N_GenomeWideSNP_6_A04_777156	6	78972953	79035185	98	-0.2315
OWNED_p_TCGA_b102_105_SNP_N_GenomeWideSNP_6_A04_777156	6	79039234	134256975	34606	0.1404
OWNED_p_TCGA_b102_105_SNP_N_GenomeWideSNP_6_A04_777156	6	134257446	134272072	7	-0.5453
OWNED_p_TCGA_b102_105_SNP_N_GenomeWideSNP_6_A04_777156	6	134278046	134466561	124	0.1128
OWNED_p_TCGA_b102_105_SNP_N_GenomeWideSNP_6_A04_777156	6	134466694	134466906	2	-1.2377
OWNED_p_TCGA_b102_105_SNP_N_GenomeWideSNP_6_A04_777156	6	134466998	162587892	19010	0.1375
OWNED_p_TCGA_b102_105_SNP_N_GenomeWideSNP_6_A04_777156	6	162590018	162611608	21	-0.808
OWNED_p_TCGA_b102_105_SNP_N_GenomeWideSNP_6_A04_777156	6	162611892	171051005	5980	0.1324
OWNED_p_TCGA_b102_105_SNP_N_GenomeWideSNP_6_A04_777156	7	43355	148300	90	0.1582
OWNED_p_TCGA_b102_105_SNP_N_GenomeWideSNP_6_A04_777156	7	155066	158626	10	-0.482
OWNED_p_TCGA_b102_105_SNP_N_GenomeWideSNP_6_A04_777156	7	161442	29668591	21353	0.1333
OWNED_p_TCGA_b102_105_SNP_N_GenomeWideSNP_6_A04_777156	7	29670718	29686348	7	-0.8449
OWNED_p_TCGA_b102_105_SNP_N_GenomeWideSNP_6_A04_777156	7	29688165	126045556	55949	0.1281
OWNED_p_TCGA_b102_105_SNP_N_GenomeWideSNP_6_A04_777156	7	126045651	126046615	10	0.9409
OWNED_p_TCGA_b102_105_SNP_N_GenomeWideSNP_6_A04_777156	7	126046876	142044929	10163	0.1251
OWNED_p_TCGA_b102_105_SNP_N_GenomeWideSNP_6_A04_777156	7	142047109	142047648	6	0.9679
OWNED_p_TCGA_b102_105_SNP_N_GenomeWideSNP_6_A04_777156	7	142099013	142474939	254	0.11
OWNED_p_TCGA_b102_105_SNP_N_GenomeWideSNP_6_A04_777156	7	142476719	142486495	30	0.6304
OWNED_p_TCGA_b102_105_SNP_N_GenomeWideSNP_6_A04_777156	7	142486560	143218858	466	0.1426
OWNED_p_TCGA_b102_105_SNP_N_GenomeWideSNP_6_A04_777156	7	143218968	143398219	32	0.4492
OWNED_p_TCGA_b102_105_SNP_N_GenomeWideSNP_6_A04_777156	7	143408430	143896252	338	0.1512
OWNED_p_TCGA_b102_105_SNP_N_GenomeWideSNP_6_A04_777156	7	143904279	144051231	42	-0.1772
OWNED_p_TCGA_b102_105_SNP_N_GenomeWideSNP_6_A04_777156	7	144066947	144718367	430	0.144
OWNED_p_TCGA_b102_105_SNP_N_GenomeWideSNP_6_A04_777156	7	144720781	144754621	26	0.7439
OWNED_p_TCGA_b102_105_SNP_N_GenomeWideSNP_6_A04_777156	7	144755236	159127004	9236	0.1233
OWNED_p_TCGA_b102_105_SNP_N_GenomeWideSNP_6_A04_777156	8	31254	593041	327	-0.1329
OWNED_p_TCGA_b102_105_SNP_N_GenomeWideSNP_6_A04_777156	8	594944	595908	10	1.1044
OWNED_p_TCGA_b102_105_SNP_N_GenomeWideSNP_6_A04_777156	8	601043	2247688	1312	-0.1537
OWNED_p_TCGA_b102_105_SNP_N_GenomeWideSNP_6_A04_777156	8	2247827	2259358	13	-0.7421
OWNED_p_TCGA_b102_105_SNP_N_GenomeWideSNP_6_A04_777156	8	2270328	2701934	460	-0.12
OWNED_p_TCGA_b102_105_SNP_N_GenomeWideSNP_6_A04_777156	8	2703533	2703899	7	-1.2345
OWNED_p_TCGA_b102_105_SNP_N_GenomeWideSNP_6_A04_777156	8	2707171	6933758	5661	-0.1236
OWNED_p_TCGA_b102_105_SNP_N_GenomeWideSNP_6_A04_777156	8	6935820	7255110	68	-0.3537
OWNED_p_TCGA_b102_105_SNP_N_GenomeWideSNP_6_A04_777156	8	7267365	7738435	105	0.2931
OWNED_p_TCGA_b102_105_SNP_N_GenomeWideSNP_6_A04_777156	8	7744064	12291824	3398	-0.1506
OWNED_p_TCGA_b102_105_SNP_N_GenomeWideSNP_6_A04_777156	8	12304112	12311638	6	-0.9285
OWNED_p_TCGA_b102_105_SNP_N_GenomeWideSNP_6_A04_777156	8	12321897	39230659	19500	-0.1465
OWNED_p_TCGA_b102_105_SNP_N_GenomeWideSNP_6_A04_777156	8	39235603	39386965	58	0.6696
OWNED_p_TCGA_b102_105_SNP_N_GenomeWideSNP_6_A04_777156	8	39388299	69389217	16170	-0.1384
OWNED_p_TCGA_b102_105_SNP_N_GenomeWideSNP_6_A04_777156	8	69390886	69453414	36	0.2688
OWNED_p_TCGA_b102_105_SNP_N_GenomeWideSNP_6_A04_777156	8	69457857	112295081	25824	-0.133
OWNED_p_TCGA_b102_105_SNP_N_GenomeWideSNP_6_A04_777156	8	112295202	112295245	2	-1.7396
OWNED_p_TCGA_b102_105_SNP_N_GenomeWideSNP_6_A04_777156	8	112295260	140602616	20256	-0.1377
OWNED_p_TCGA_b102_105_SNP_N_GenomeWideSNP_6_A04_777156	8	140603502	140605715	7	0.7994
OWNED_p_TCGA_b102_105_SNP_N_GenomeWideSNP_6_A04_777156	8	140607031	144309792	2016	-0.1405
OWNED_p_TCGA_b102_105_SNP_N_GenomeWideSNP_6_A04_777156	8	144309825	144310602	7	0.4049
OWNED_p_TCGA_b102_105_SNP_N_GenomeWideSNP_6_A04_777156	8	144310617	144699157	120	-0.1768
OWNED_p_TCGA_b102_105_SNP_N_GenomeWideSNP_6_A04_777156	8	144705157	144718989	10	-0.8123
OWNED_p_TCGA_b102_105_SNP_N_GenomeWideSNP_6_A04_777156	8	144725063	146298155	500	-0.1207
OWNED_p_TCGA_b102_105_SNP_N_GenomeWideSNP_6_A04_777156	9	46587	6689722	6375	-0.1339
OWNED_p_TCGA_b102_105_SNP_N_GenomeWideSNP_6_A04_777156	9	6695017	6708357	12	-0.7087
OWNED_p_TCGA_b102_105_SNP_N_GenomeWideSNP_6_A04_777156	9	6712314	23361119	14053	-0.1296
OWNED_p_TCGA_b102_105_SNP_N_GenomeWideSNP_6_A04_777156	9	23361805	23373484	9	0.6764
OWNED_p_TCGA_b102_105_SNP_N_GenomeWideSNP_6_A04_777156	9	23378488	45706444	11084	-0.1347
OWNED_p_TCGA_b102_105_SNP_N_GenomeWideSNP_6_A04_777156	9	45723034	45749108	3	-1.259
OWNED_p_TCGA_b102_105_SNP_N_GenomeWideSNP_6_A04_777156	9	45915244	141091394	48306	-0.1442
OWNED_p_TCGA_b102_105_SNP_N_GenomeWideSNP_6_A04_777156	10	72759	13050005	10930	-0.1498
OWNED_p_TCGA_b102_105_SNP_N_GenomeWideSNP_6_A04_777156	10	13050023	13050170	4	-1.3003
OWNED_p_TCGA_b102_105_SNP_N_GenomeWideSNP_6_A04_777156	10	13050428	47771030	20990	-0.1474
OWNED_p_TCGA_b102_105_SNP_N_GenomeWideSNP_6_A04_777156	10	47897394	47960476	5	-1.0734
OWNED_p_TCGA_b102_105_SNP_N_GenomeWideSNP_6_A04_777156	10	47964192	51231576	1664	-0.1523
OWNED_p_TCGA_b102_105_SNP_N_GenomeWideSNP_6_A04_777156	10	51335029	51397071	2	1.2514
OWNED_p_TCGA_b102_105_SNP_N_GenomeWideSNP_6_A04_777156	10	51449369	57072305	3972	-0.1155
OWNED_p_TCGA_b102_105_SNP_N_GenomeWideSNP_6_A04_777156	10	57073531	57075825	2	-2.3854
OWNED_p_TCGA_b102_105_SNP_N_GenomeWideSNP_6_A04_777156	10	57075840	59203049	1580	-0.1009
OWNED_p_TCGA_b102_105_SNP_N_GenomeWideSNP_6_A04_777156	10	59210505	59210773	4	-1.4098
OWNED_p_TCGA_b102_105_SNP_N_GenomeWideSNP_6_A04_777156	10	59218495	67307923	5554	-0.133
OWNED_p_TCGA_b102_105_SNP_N_GenomeWideSNP_6_A04_777156	10	67307936	67328441	36	0.1722
OWNED_p_TCGA_b102_105_SNP_N_GenomeWideSNP_6_A04_777156	10	67329406	80183210	8307	-0.1493
OWNED_p_TCGA_b102_105_SNP_N_GenomeWideSNP_6_A04_777156	10	80184439	80187705	2	-1.9933
OWNED_p_TCGA_b102_105_SNP_N_GenomeWideSNP_6_A04_777156	10	80192718	92459927	8625	-0.1418
OWNED_p_TCGA_b102_105_SNP_N_GenomeWideSNP_6_A04_777156	10	92462715	92463291	4	-1.32
OWNED_p_TCGA_b102_105_SNP_N_GenomeWideSNP_6_A04_777156	10	92471580	95345426	1701	-0.143
OWNED_p_TCGA_b102_105_SNP_N_GenomeWideSNP_6_A04_777156	10	95345716	135432865	27614	0.1221
OWNED_p_TCGA_b102_105_SNP_N_GenomeWideSNP_6_A04_777156	10	135434551	135506704	6	-0.2397
OWNED_p_TCGA_b102_105_SNP_N_GenomeWideSNP_6_A04_777156	11	198510	4276004	1802	0.0966
OWNED_p_TCGA_b102_105_SNP_N_GenomeWideSNP_6_A04_777156	11	4276133	4359288	20	0.4875
OWNED_p_TCGA_b102_105_SNP_N_GenomeWideSNP_6_A04_777156	11	4384797	31393294	20071	0.1242
OWNED_p_TCGA_b102_105_SNP_N_GenomeWideSNP_6_A04_777156	11	31394268	31397080	2	-1.797
OWNED_p_TCGA_b102_105_SNP_N_GenomeWideSNP_6_A04_777156	11	31398207	49758856	11982	0.1287
OWNED_p_TCGA_b102_105_SNP_N_GenomeWideSNP_6_A04_777156	11	49759555	49766161	7	-0.737
OWNED_p_TCGA_b102_105_SNP_N_GenomeWideSNP_6_A04_777156	11	49766209	55376682	765	0.1058
OWNED_p_TCGA_b102_105_SNP_N_GenomeWideSNP_6_A04_777156	11	55377878	55475356	57	0.4186
OWNED_p_TCGA_b102_105_SNP_N_GenomeWideSNP_6_A04_777156	11	55475560	89759430	19935	0.1171
OWNED_p_TCGA_b102_105_SNP_N_GenomeWideSNP_6_A04_777156	11	89776846	89810338	5	-0.8465
OWNED_p_TCGA_b102_105_SNP_N_GenomeWideSNP_6_A04_777156	11	89818310	92022485	1588	0.1289
OWNED_p_TCGA_b102_105_SNP_N_GenomeWideSNP_6_A04_777156	11	92024786	92027899	6	-0.7883
OWNED_p_TCGA_b102_105_SNP_N_GenomeWideSNP_6_A04_777156	11	92028153	134944770	30839	0.127
OWNED_p_TCGA_b102_105_SNP_N_GenomeWideSNP_6_A04_777156	12	150442	8420824	5572	0.1139
OWNED_p_TCGA_b102_105_SNP_N_GenomeWideSNP_6_A04_777156	12	8428435	8595531	69	-0.1482
OWNED_p_TCGA_b102_105_SNP_N_GenomeWideSNP_6_A04_777156	12	8596353	11219423	1629	0.1266
OWNED_p_TCGA_b102_105_SNP_N_GenomeWideSNP_6_A04_777156	12	11220724	11241532	12	-0.6166
OWNED_p_TCGA_b102_105_SNP_N_GenomeWideSNP_6_A04_777156	12	11251874	16415698	3697	0.124
OWNED_p_TCGA_b102_105_SNP_N_GenomeWideSNP_6_A04_777156	12	16419405	16421325	3	-0.9513
OWNED_p_TCGA_b102_105_SNP_N_GenomeWideSNP_6_A04_777156	12	16428557	27645992	7677	0.1311
OWNED_p_TCGA_b102_105_SNP_N_GenomeWideSNP_6_A04_777156	12	27647741	27651362	28	-0.6091
OWNED_p_TCGA_b102_105_SNP_N_GenomeWideSNP_6_A04_777156	12	27657161	33301520	4171	0.1271
OWNED_p_TCGA_b102_105_SNP_N_GenomeWideSNP_6_A04_777156	12	33301534	33307374	24	-0.2911
OWNED_p_TCGA_b102_105_SNP_N_GenomeWideSNP_6_A04_777156	12	33308360	37987726	845	0.1588
OWNED_p_TCGA_b102_105_SNP_N_GenomeWideSNP_6_A04_777156	12	38012567	38014018	2	-0.985
OWNED_p_TCGA_b102_105_SNP_N_GenomeWideSNP_6_A04_777156	12	38034358	48724820	6492	0.1285
OWNED_p_TCGA_b102_105_SNP_N_GenomeWideSNP_6_A04_777156	12	48725019	48725415	5	-0.812
OWNED_p_TCGA_b102_105_SNP_N_GenomeWideSNP_6_A04_777156	12	48730036	64000945	8942	0.1102
OWNED_p_TCGA_b102_105_SNP_N_GenomeWideSNP_6_A04_777156	12	64001180	64003068	2	-0.9333
OWNED_p_TCGA_b102_105_SNP_N_GenomeWideSNP_6_A04_777156	12	64008816	66064944	1112	0.1132
OWNED_p_TCGA_b102_105_SNP_N_GenomeWideSNP_6_A04_777156	12	66065136	66070300	2	-1.0964
OWNED_p_TCGA_b102_105_SNP_N_GenomeWideSNP_6_A04_777156	12	66071160	70872675	3405	0.1263
OWNED_p_TCGA_b102_105_SNP_N_GenomeWideSNP_6_A04_777156	12	70876314	70878027	8	-1.493
OWNED_p_TCGA_b102_105_SNP_N_GenomeWideSNP_6_A04_777156	12	70879385	73937905	1936	0.1383
OWNED_p_TCGA_b102_105_SNP_N_GenomeWideSNP_6_A04_777156	12	73939518	73939556	2	1.3223
OWNED_p_TCGA_b102_105_SNP_N_GenomeWideSNP_6_A04_777156	12	73940383	87808176	8598	0.1345
OWNED_p_TCGA_b102_105_SNP_N_GenomeWideSNP_6_A04_777156	12	87808828	87809346	2	-0.9689
OWNED_p_TCGA_b102_105_SNP_N_GenomeWideSNP_6_A04_777156	12	87813387	91221162	2002	0.1388
OWNED_p_TCGA_b102_105_SNP_N_GenomeWideSNP_6_A04_777156	12	91225941	91226688	3	0.8842
OWNED_p_TCGA_b102_105_SNP_N_GenomeWideSNP_6_A04_777156	12	91229940	94559247	2250	0.1277
OWNED_p_TCGA_b102_105_SNP_N_GenomeWideSNP_6_A04_777156	12	94559713	94560009	2	-1.0653
OWNED_p_TCGA_b102_105_SNP_N_GenomeWideSNP_6_A04_777156	12	94562348	115087271	13726	0.1151
OWNED_p_TCGA_b102_105_SNP_N_GenomeWideSNP_6_A04_777156	12	115088212	115090409	2	-1.2916
OWNED_p_TCGA_b102_105_SNP_N_GenomeWideSNP_6_A04_777156	12	115090533	119273949	3161	0.115
OWNED_p_TCGA_b102_105_SNP_N_GenomeWideSNP_6_A04_777156	12	119274167	119274422	2	-0.9887
OWNED_p_TCGA_b102_105_SNP_N_GenomeWideSNP_6_A04_777156	12	119275400	132120715	9032	0.1175
OWNED_p_TCGA_b102_105_SNP_N_GenomeWideSNP_6_A04_777156	12	132132584	132133335	13	-0.3627
OWNED_p_TCGA_b102_105_SNP_N_GenomeWideSNP_6_A04_777156	12	132142331	133778189	572	0.1392
OWNED_p_TCGA_b102_105_SNP_N_GenomeWideSNP_6_A04_777156	13	19026949	24630915	3673	-0.1393
OWNED_p_TCGA_b102_105_SNP_N_GenomeWideSNP_6_A04_777156	13	24632140	24633050	4	-1.6031
OWNED_p_TCGA_b102_105_SNP_N_GenomeWideSNP_6_A04_777156	13	24635254	38072036	9869	-0.1478
OWNED_p_TCGA_b102_105_SNP_N_GenomeWideSNP_6_A04_777156	13	38072224	38084757	15	-0.5809
OWNED_p_TCGA_b102_105_SNP_N_GenomeWideSNP_6_A04_777156	13	38088330	49298365	7835	-0.1345
OWNED_p_TCGA_b102_105_SNP_N_GenomeWideSNP_6_A04_777156	13	49299514	49299533	2	-1.7584
OWNED_p_TCGA_b102_105_SNP_N_GenomeWideSNP_6_A04_777156	13	49300735	53094799	2065	-0.1283
OWNED_p_TCGA_b102_105_SNP_N_GenomeWideSNP_6_A04_777156	13	53097984	53105785	3	-1.2853
OWNED_p_TCGA_b102_105_SNP_N_GenomeWideSNP_6_A04_777156	13	53117879	72476988	11650	-0.1182
OWNED_p_TCGA_b102_105_SNP_N_GenomeWideSNP_6_A04_777156	13	72477555	72480556	4	-2.0352
OWNED_p_TCGA_b102_105_SNP_N_GenomeWideSNP_6_A04_777156	13	72480605	115108397	29110	-0.1294
OWNED_p_TCGA_b102_105_SNP_N_GenomeWideSNP_6_A04_777156	14	19002124	34426208	9367	-0.4612
OWNED_p_TCGA_b102_105_SNP_N_GenomeWideSNP_6_A04_777156	14	34426818	34428069	2	-2.1148
OWNED_p_TCGA_b102_105_SNP_N_GenomeWideSNP_6_A04_777156	14	34431675	41607529	4430	-0.4607
OWNED_p_TCGA_b102_105_SNP_N_GenomeWideSNP_6_A04_777156	14	41607634	41676340	19	0.0047
OWNED_p_TCGA_b102_105_SNP_N_GenomeWideSNP_6_A04_777156	14	41676361	106542277	41209	-0.4812
OWNED_p_TCGA_b102_105_SNP_N_GenomeWideSNP_6_A04_777156	14	106547314	106567100	11	0.3921
OWNED_p_TCGA_b102_105_SNP_N_GenomeWideSNP_6_A04_777156	14	106569463	106868286	139	-0.3813
OWNED_p_TCGA_b102_105_SNP_N_GenomeWideSNP_6_A04_777156	14	106868554	106943834	64	-0.0911
OWNED_p_TCGA_b102_105_SNP_N_GenomeWideSNP_6_A04_777156	14	106948568	107285437	214	-0.4811
OWNED_p_TCGA_b102_105_SNP_N_GenomeWideSNP_6_A04_777156	15	20016328	20192011	44	-0.0306
OWNED_p_TCGA_b102_105_SNP_N_GenomeWideSNP_6_A04_777156	15	20192169	20578421	54	0.3634
OWNED_p_TCGA_b102_105_SNP_N_GenomeWideSNP_6_A04_777156	15	20581451	20581564	7	-0.3118
OWNED_p_TCGA_b102_105_SNP_N_GenomeWideSNP_6_A04_777156	15	20585988	22587474	317	0.4981
OWNED_p_TCGA_b102_105_SNP_N_GenomeWideSNP_6_A04_777156	15	22673399	24669745	1006	0.1357
OWNED_p_TCGA_b102_105_SNP_N_GenomeWideSNP_6_A04_777156	15	24674751	24770513	61	-0.4875
OWNED_p_TCGA_b102_105_SNP_N_GenomeWideSNP_6_A04_777156	15	24771862	26560192	1317	0.1352
OWNED_p_TCGA_b102_105_SNP_N_GenomeWideSNP_6_A04_777156	15	26562152	26563156	2	-3.4422
OWNED_p_TCGA_b102_105_SNP_N_GenomeWideSNP_6_A04_777156	15	26563588	28604613	1422	0.1314
OWNED_p_TCGA_b102_105_SNP_N_GenomeWideSNP_6_A04_777156	15	28659924	28705281	2	-1.5522
OWNED_p_TCGA_b102_105_SNP_N_GenomeWideSNP_6_A04_777156	15	28706002	30523577	903	0.1565
OWNED_p_TCGA_b102_105_SNP_N_GenomeWideSNP_6_A04_777156	15	30544923	30920624	76	0.3847
OWNED_p_TCGA_b102_105_SNP_N_GenomeWideSNP_6_A04_777156	15	30925605	53784888	14315	0.1207
OWNED_p_TCGA_b102_105_SNP_N_GenomeWideSNP_6_A04_777156	15	53784991	53785279	6	-1.144
OWNED_p_TCGA_b102_105_SNP_N_GenomeWideSNP_6_A04_777156	15	53790247	61684205	5681	0.1274
OWNED_p_TCGA_b102_105_SNP_N_GenomeWideSNP_6_A04_777156	15	61688169	61697928	13	-0.7188
OWNED_p_TCGA_b102_105_SNP_N_GenomeWideSNP_6_A04_777156	15	61697954	76878362	9105	0.1098
OWNED_p_TCGA_b102_105_SNP_N_GenomeWideSNP_6_A04_777156	15	76891241	76895775	22	-1.3802
OWNED_p_TCGA_b102_105_SNP_N_GenomeWideSNP_6_A04_777156	15	76902179	84540738	4435	0.1174
OWNED_p_TCGA_b102_105_SNP_N_GenomeWideSNP_6_A04_777156	15	84542885	84543425	4	1.0254
OWNED_p_TCGA_b102_105_SNP_N_GenomeWideSNP_6_A04_777156	15	84543550	102469040	13232	0.1169
OWNED_p_TCGA_b102_105_SNP_N_GenomeWideSNP_6_A04_777156	16	60777	6957157	4270	0.1111
OWNED_p_TCGA_b102_105_SNP_N_GenomeWideSNP_6_A04_777156	16	6957887	6958454	4	-1.031
OWNED_p_TCGA_b102_105_SNP_N_GenomeWideSNP_6_A04_777156	16	6958848	15049658	6863	0.108
OWNED_p_TCGA_b102_105_SNP_N_GenomeWideSNP_6_A04_777156	16	15049885	15116257	55	-0.5204
OWNED_p_TCGA_b102_105_SNP_N_GenomeWideSNP_6_A04_777156	16	15125441	19944363	2331	0.1324
OWNED_p_TCGA_b102_105_SNP_N_GenomeWideSNP_6_A04_777156	16	19945650	19967362	29	-0.6457
OWNED_p_TCGA_b102_105_SNP_N_GenomeWideSNP_6_A04_777156	16	19970254	21360314	896	0.1089
OWNED_p_TCGA_b102_105_SNP_N_GenomeWideSNP_6_A04_777156	16	21360430	21593634	32	-0.1813
OWNED_p_TCGA_b102_105_SNP_N_GenomeWideSNP_6_A04_777156	16	21596313	21743132	96	-0.6381
OWNED_p_TCGA_b102_105_SNP_N_GenomeWideSNP_6_A04_777156	16	21746502	21949357	24	-0.2187
OWNED_p_TCGA_b102_105_SNP_N_GenomeWideSNP_6_A04_777156	16	21952934	32058495	5469	0.1104
OWNED_p_TCGA_b102_105_SNP_N_GenomeWideSNP_6_A04_777156	16	32080873	32588622	82	-0.1867
OWNED_p_TCGA_b102_105_SNP_N_GenomeWideSNP_6_A04_777156	16	32588901	32588906	4	-3.7212
OWNED_p_TCGA_b102_105_SNP_N_GenomeWideSNP_6_A04_777156	16	32588909	33922639	208	-0.1929
OWNED_p_TCGA_b102_105_SNP_N_GenomeWideSNP_6_A04_777156	16	33926303	90148449	32028	0.1203
OWNED_p_TCGA_b102_105_SNP_N_GenomeWideSNP_6_A04_777156	16	90155525	90287535	10	-0.1111
OWNED_p_TCGA_b102_105_SNP_N_GenomeWideSNP_6_A04_777156	17	526	16653252	10499	0.1067
OWNED_p_TCGA_b102_105_SNP_N_GenomeWideSNP_6_A04_777156	17	16654301	16722801	11	0.6581
OWNED_p_TCGA_b102_105_SNP_N_GenomeWideSNP_6_A04_777156	17	16735532	18358946	924	0.0841
OWNED_p_TCGA_b102_105_SNP_N_GenomeWideSNP_6_A04_777156	17	18358949	18453437	24	-1.2161
OWNED_p_TCGA_b102_105_SNP_N_GenomeWideSNP_6_A04_777156	17	18459272	26779053	2330	0.0885
OWNED_p_TCGA_b102_105_SNP_N_GenomeWideSNP_6_A04_777156	17	26781341	26782319	2	-1.4752
OWNED_p_TCGA_b102_105_SNP_N_GenomeWideSNP_6_A04_777156	17	26789271	38763876	6727	0.104
OWNED_p_TCGA_b102_105_SNP_N_GenomeWideSNP_6_A04_777156	17	38764056	38764426	3	1.0151
OWNED_p_TCGA_b102_105_SNP_N_GenomeWideSNP_6_A04_777156	17	38764681	39418372	432	0.14
OWNED_p_TCGA_b102_105_SNP_N_GenomeWideSNP_6_A04_777156	17	39421685	39430157	22	0.5828
OWNED_p_TCGA_b102_105_SNP_N_GenomeWideSNP_6_A04_777156	17	39430173	39430450	3	2.2938
OWNED_p_TCGA_b102_105_SNP_N_GenomeWideSNP_6_A04_777156	17	39430531	44401067	2640	0.0915
OWNED_p_TCGA_b102_105_SNP_N_GenomeWideSNP_6_A04_777156	17	44408662	44764994	45	0.4979
OWNED_p_TCGA_b102_105_SNP_N_GenomeWideSNP_6_A04_777156	17	44784652	67485078	13466	0.1099
OWNED_p_TCGA_b102_105_SNP_N_GenomeWideSNP_6_A04_777156	17	67488779	67490230	3	-1.0006
OWNED_p_TCGA_b102_105_SNP_N_GenomeWideSNP_6_A04_777156	17	67502138	76572929	5970	0.1071
OWNED_p_TCGA_b102_105_SNP_N_GenomeWideSNP_6_A04_777156	17	76574275	76597300	13	0.8092
OWNED_p_TCGA_b102_105_SNP_N_GenomeWideSNP_6_A04_777156	17	76597776	81049726	2149	0.0888
OWNED_p_TCGA_b102_105_SNP_N_GenomeWideSNP_6_A04_777156	18	11543	14144900	10066	0.1359
OWNED_p_TCGA_b102_105_SNP_N_GenomeWideSNP_6_A04_777156	18	14149483	14348517	45	-0.1587
OWNED_p_TCGA_b102_105_SNP_N_GenomeWideSNP_6_A04_777156	18	14350654	78015057	40660	0.1401
OWNED_p_TCGA_b102_105_SNP_N_GenomeWideSNP_6_A04_777156	19	90910	55312612	27007	0.0858
OWNED_p_TCGA_b102_105_SNP_N_GenomeWideSNP_6_A04_777156	19	55313000	55313817	2	-1.4833
OWNED_p_TCGA_b102_105_SNP_N_GenomeWideSNP_6_A04_777156	19	55314287	59097854	2318	0.1086
OWNED_p_TCGA_b102_105_SNP_N_GenomeWideSNP_6_A04_777156	20	61305	1560562	1200	0.1381
OWNED_p_TCGA_b102_105_SNP_N_GenomeWideSNP_6_A04_777156	20	1560787	1590455	43	0.7889
OWNED_p_TCGA_b102_105_SNP_N_GenomeWideSNP_6_A04_777156	20	1590534	14883002	10029	0.1254
OWNED_p_TCGA_b102_105_SNP_N_GenomeWideSNP_6_A04_777156	20	14883127	14901794	33	0.4116
OWNED_p_TCGA_b102_105_SNP_N_GenomeWideSNP_6_A04_777156	20	14902196	15301374	332	0.1466
OWNED_p_TCGA_b102_105_SNP_N_GenomeWideSNP_6_A04_777156	20	15301902	15302049	2	-1.807
OWNED_p_TCGA_b102_105_SNP_N_GenomeWideSNP_6_A04_777156	20	15302374	56495441	26524	0.1016
OWNED_p_TCGA_b102_105_SNP_N_GenomeWideSNP_6_A04_777156	20	56495557	56496929	5	-0.9479
OWNED_p_TCGA_b102_105_SNP_N_GenomeWideSNP_6_A04_777156	20	56499317	62956153	4281	0.1043
OWNED_p_TCGA_b102_105_SNP_N_GenomeWideSNP_6_A04_777156	21	10736871	10943554	35	-0.2742
OWNED_p_TCGA_b102_105_SNP_N_GenomeWideSNP_6_A04_777156	21	10953424	33240027	13564	0.1353
OWNED_p_TCGA_b102_105_SNP_N_GenomeWideSNP_6_A04_777156	21	33240048	33251549	2	-1.1632
OWNED_p_TCGA_b102_105_SNP_N_GenomeWideSNP_6_A04_777156	21	33254557	48096957	10799	0.1075
OWNED_p_TCGA_b102_105_SNP_N_GenomeWideSNP_6_A04_777156	22	16052528	16058854	4	0.4096
OWNED_p_TCGA_b102_105_SNP_N_GenomeWideSNP_6_A04_777156	22	16061342	18055605	775	0.0661
OWNED_p_TCGA_b102_105_SNP_N_GenomeWideSNP_6_A04_777156	22	18058748	18058885	2	1.5717
OWNED_p_TCGA_b102_105_SNP_N_GenomeWideSNP_6_A04_777156	22	18062891	22752462	2861	0.1312
OWNED_p_TCGA_b102_105_SNP_N_GenomeWideSNP_6_A04_777156	22	22752680	22752880	4	-1.4634
OWNED_p_TCGA_b102_105_SNP_N_GenomeWideSNP_6_A04_777156	22	22757321	24258389	917	0.1175
OWNED_p_TCGA_b102_105_SNP_N_GenomeWideSNP_6_A04_777156	22	24258416	24344422	54	0.3548
OWNED_p_TCGA_b102_105_SNP_N_GenomeWideSNP_6_A04_777156	22	24350529	24396814	19	-1.0603
OWNED_p_TCGA_b102_105_SNP_N_GenomeWideSNP_6_A04_777156	22	24401529	42897282	12778	0.0954
OWNED_p_TCGA_b102_105_SNP_N_GenomeWideSNP_6_A04_777156	22	42899440	42950491	24	0.7846
OWNED_p_TCGA_b102_105_SNP_N_GenomeWideSNP_6_A04_777156	22	42955431	51234455	6106	0.1042
OWNED_p_TCGA_b102_105_SNP_N_GenomeWideSNP_6_A04_777156	X	168477	76353650	40038	-0.0035
OWNED_p_TCGA_b102_105_SNP_N_GenomeWideSNP_6_A04_777156	X	76362292	76523952	17	0.6854
OWNED_p_TCGA_b102_105_SNP_N_GenomeWideSNP_6_A04_777156	X	76545159	112954146	19418	-0.0071
OWNED_p_TCGA_b102_105_SNP_N_GenomeWideSNP_6_A04_777156	X	112954773	112955597	3	2.4891
OWNED_p_TCGA_b102_105_SNP_N_GenomeWideSNP_6_A04_777156	X	112958295	137569539	14044	-0.0017
OWNED_p_TCGA_b102_105_SNP_N_GenomeWideSNP_6_A04_777156	X	137570471	137573864	12	0.7181
OWNED_p_TCGA_b102_105_SNP_N_GenomeWideSNP_6_A04_777156	X	137574074	141071725	2126	-0.012
OWNED_p_TCGA_b102_105_SNP_N_GenomeWideSNP_6_A04_777156	X	141072822	141108983	46	-4.2684
OWNED_p_TCGA_b102_105_SNP_N_GenomeWideSNP_6_A04_777156	X	141109027	155182354	8629	0.0035
OWNED_p_TCGA_b102_105_SNP_N_GenomeWideSNP_6_A04_777156	Y	2650438	9170545	2449	-0.8264
OWNED_p_TCGA_b102_105_SNP_N_GenomeWideSNP_6_A04_777156	Y	9171678	9387994	20	-1.2772
OWNED_p_TCGA_b102_105_SNP_N_GenomeWideSNP_6_A04_777156	Y	9388262	22229163	4367	-0.8154
OWNED_p_TCGA_b102_105_SNP_N_GenomeWideSNP_6_A04_777156	Y	22230641	22516524	14	-1.3748
OWNED_p_TCGA_b102_105_SNP_N_GenomeWideSNP_6_A04_777156	Y	22526494	59018259	1784	-0.8418
