GDC_Aliquot	Chromosome	Start	End	Num_Probes	Segment_Mean
86043784-6d99-4d90-8286-1f23ea51ba44	1	62920	98588	12	-0.5355
86043784-6d99-4d90-8286-1f23ea51ba44	1	98602	10610834	5343	-0.0041
86043784-6d99-4d90-8286-1f23ea51ba44	1	10611363	10619664	3	-2.5621
86043784-6d99-4d90-8286-1f23ea51ba44	1	10621749	16544783	3285	0.0019
86043784-6d99-4d90-8286-1f23ea51ba44	1	16569132	16689764	35	-0.3448
86043784-6d99-4d90-8286-1f23ea51ba44	1	16718963	16721984	6	-1.6316
86043784-6d99-4d90-8286-1f23ea51ba44	1	16766762	16935752	69	-0.6099
86043784-6d99-4d90-8286-1f23ea51ba44	1	16949746	25269390	5267	-0.0009
86043784-6d99-4d90-8286-1f23ea51ba44	1	25269456	25320455	22	-0.6298
86043784-6d99-4d90-8286-1f23ea51ba44	1	25336819	53554517	15355	0.0009
86043784-6d99-4d90-8286-1f23ea51ba44	1	53554869	53560571	2	-1.3716
86043784-6d99-4d90-8286-1f23ea51ba44	1	53561879	60889725	5484	0.0053
86043784-6d99-4d90-8286-1f23ea51ba44	1	60890295	60890385	2	-1.3771
86043784-6d99-4d90-8286-1f23ea51ba44	1	60893723	72297687	7885	0.0084
86043784-6d99-4d90-8286-1f23ea51ba44	1	72302735	72345465	48	-0.786
86043784-6d99-4d90-8286-1f23ea51ba44	1	72346221	74725098	1448	0.016
86043784-6d99-4d90-8286-1f23ea51ba44	1	74727351	74733606	3	-1.2426
86043784-6d99-4d90-8286-1f23ea51ba44	1	74734100	75585159	481	0.0123
86043784-6d99-4d90-8286-1f23ea51ba44	1	75589078	75589169	2	-3.6911
86043784-6d99-4d90-8286-1f23ea51ba44	1	75593824	78323769	1831	0.0049
86043784-6d99-4d90-8286-1f23ea51ba44	1	78323890	78329348	3	-1.0731
86043784-6d99-4d90-8286-1f23ea51ba44	1	78333055	109684893	19837	0.0117
86043784-6d99-4d90-8286-1f23ea51ba44	1	109690352	109697556	13	-2.3214
86043784-6d99-4d90-8286-1f23ea51ba44	1	109702376	112147704	1950	0.0071
86043784-6d99-4d90-8286-1f23ea51ba44	1	112153343	112163518	32	0.4394
86043784-6d99-4d90-8286-1f23ea51ba44	1	112163527	120144552	5054	0.0064
86043784-6d99-4d90-8286-1f23ea51ba44	1	120146498	121275630	22	-0.3078
86043784-6d99-4d90-8286-1f23ea51ba44	1	121347642	143748012	178	0.0557
86043784-6d99-4d90-8286-1f23ea51ba44	1	143748074	143796140	22	0.5746
86043784-6d99-4d90-8286-1f23ea51ba44	1	143811517	152583291	2325	0.0252
86043784-6d99-4d90-8286-1f23ea51ba44	1	152583319	152613762	29	0.4107
86043784-6d99-4d90-8286-1f23ea51ba44	1	152613802	152789447	171	-0.011
86043784-6d99-4d90-8286-1f23ea51ba44	1	152789463	152801429	37	0.5499
86043784-6d99-4d90-8286-1f23ea51ba44	1	152804279	187746723	23495	0.0089
86043784-6d99-4d90-8286-1f23ea51ba44	1	187748429	187752238	2	-2.4939
86043784-6d99-4d90-8286-1f23ea51ba44	1	187755479	196745743	5969	0.0106
86043784-6d99-4d90-8286-1f23ea51ba44	1	196758720	196832720	58	0.3602
86043784-6d99-4d90-8286-1f23ea51ba44	1	196843377	209897717	8787	0.0053
86043784-6d99-4d90-8286-1f23ea51ba44	1	209908268	209910639	3	-2.6474
86043784-6d99-4d90-8286-1f23ea51ba44	1	209913207	225875881	10821	0.0111
86043784-6d99-4d90-8286-1f23ea51ba44	1	225876476	225877045	2	-1.6683
86043784-6d99-4d90-8286-1f23ea51ba44	1	225877146	240655348	10687	0.0069
86043784-6d99-4d90-8286-1f23ea51ba44	1	240657216	240657773	3	-1.4607
86043784-6d99-4d90-8286-1f23ea51ba44	1	240662000	245962072	3728	0.0122
86043784-6d99-4d90-8286-1f23ea51ba44	1	245962282	246374394	283	0.1271
86043784-6d99-4d90-8286-1f23ea51ba44	1	246374465	248424525	1293	0.0239
86043784-6d99-4d90-8286-1f23ea51ba44	1	248429571	248473963	16	0.5012
86043784-6d99-4d90-8286-1f23ea51ba44	1	248475325	248572774	16	-0.1021
86043784-6d99-4d90-8286-1f23ea51ba44	1	248574146	248645808	35	-0.9395
86043784-6d99-4d90-8286-1f23ea51ba44	1	248646068	248930189	139	-0.0139
86043784-6d99-4d90-8286-1f23ea51ba44	2	12784	7498587	5922	0.0105
86043784-6d99-4d90-8286-1f23ea51ba44	2	7499242	7506841	3	1.4607
86043784-6d99-4d90-8286-1f23ea51ba44	2	7506876	14565932	5118	0.0063
86043784-6d99-4d90-8286-1f23ea51ba44	2	14566145	14569968	10	-0.8371
86043784-6d99-4d90-8286-1f23ea51ba44	2	14570240	34466002	13034	0.0039
86043784-6d99-4d90-8286-1f23ea51ba44	2	34474248	34511990	46	-3.0735
86043784-6d99-4d90-8286-1f23ea51ba44	2	34512096	35742319	869	0.0246
86043784-6d99-4d90-8286-1f23ea51ba44	2	35742970	35762881	9	0.7927
86043784-6d99-4d90-8286-1f23ea51ba44	2	35772407	41009424	3902	0.0139
86043784-6d99-4d90-8286-1f23ea51ba44	2	41009439	41011533	24	0.3479
86043784-6d99-4d90-8286-1f23ea51ba44	2	41011670	46262993	3895	0.0133
86043784-6d99-4d90-8286-1f23ea51ba44	2	46263662	46265133	2	-1.7933
86043784-6d99-4d90-8286-1f23ea51ba44	2	46265543	48622866	1505	0.0048
86043784-6d99-4d90-8286-1f23ea51ba44	2	48624013	48628795	3	-2.1513
86043784-6d99-4d90-8286-1f23ea51ba44	2	48634765	52527330	2784	0.0148
86043784-6d99-4d90-8286-1f23ea51ba44	2	52527342	52554404	39	-2.9595
86043784-6d99-4d90-8286-1f23ea51ba44	2	52560811	242147305	112343	0.0067
86043784-6d99-4d90-8286-1f23ea51ba44	3	20930	1214696	994	0.0822
86043784-6d99-4d90-8286-1f23ea51ba44	3	1215076	1215082	2	-1.4182
86043784-6d99-4d90-8286-1f23ea51ba44	3	1215168	2926956	1542	0.0986
86043784-6d99-4d90-8286-1f23ea51ba44	3	2927375	2931355	5	-1.6948
86043784-6d99-4d90-8286-1f23ea51ba44	3	2933398	68697108	45247	0.0269
86043784-6d99-4d90-8286-1f23ea51ba44	3	68697133	68698262	13	-1.5704
86043784-6d99-4d90-8286-1f23ea51ba44	3	68699607	75519398	4932	0.012
86043784-6d99-4d90-8286-1f23ea51ba44	3	75523398	75537654	6	-2.6447
86043784-6d99-4d90-8286-1f23ea51ba44	3	75546030	89337951	7693	0.0155
86043784-6d99-4d90-8286-1f23ea51ba44	3	89345442	89345592	8	-0.8317
86043784-6d99-4d90-8286-1f23ea51ba44	3	89355950	89356604	5	-0.0098
86043784-6d99-4d90-8286-1f23ea51ba44	3	89357795	89368137	35	-0.9278
86043784-6d99-4d90-8286-1f23ea51ba44	3	89370214	99218940	3235	0.0148
86043784-6d99-4d90-8286-1f23ea51ba44	3	99225614	99230443	33	-0.7402
86043784-6d99-4d90-8286-1f23ea51ba44	3	99230448	136300257	22782	0.0081
86043784-6d99-4d90-8286-1f23ea51ba44	3	136304109	136306584	2	-4.2139
86043784-6d99-4d90-8286-1f23ea51ba44	3	136319699	146661402	6363	0.0107
86043784-6d99-4d90-8286-1f23ea51ba44	3	146665207	146668345	4	1.0438
86043784-6d99-4d90-8286-1f23ea51ba44	3	146674197	162906109	9938	0.0159
86043784-6d99-4d90-8286-1f23ea51ba44	3	162908192	162908815	4	1.1127
86043784-6d99-4d90-8286-1f23ea51ba44	3	162910826	162996729	70	0.0906
86043784-6d99-4d90-8286-1f23ea51ba44	3	162999939	163001774	2	1.5933
86043784-6d99-4d90-8286-1f23ea51ba44	3	163008371	165333714	1250	0.0137
86043784-6d99-4d90-8286-1f23ea51ba44	3	165334669	165344699	30	0.3651
86043784-6d99-4d90-8286-1f23ea51ba44	3	165344711	167941968	1449	0.0115
86043784-6d99-4d90-8286-1f23ea51ba44	3	167943348	167948129	2	-1.0654
86043784-6d99-4d90-8286-1f23ea51ba44	3	167948496	169012392	636	0.0149
86043784-6d99-4d90-8286-1f23ea51ba44	3	169015614	169020840	2	1.5444
86043784-6d99-4d90-8286-1f23ea51ba44	3	169022039	175362822	4213	0.0207
86043784-6d99-4d90-8286-1f23ea51ba44	3	175362958	176059319	431	0.1051
86043784-6d99-4d90-8286-1f23ea51ba44	3	176060159	193156958	11085	0.01
86043784-6d99-4d90-8286-1f23ea51ba44	3	193160113	193165114	20	-1.8
86043784-6d99-4d90-8286-1f23ea51ba44	3	193168646	193416581	176	0.002
86043784-6d99-4d90-8286-1f23ea51ba44	3	193416596	193426315	9	-0.6081
86043784-6d99-4d90-8286-1f23ea51ba44	3	193426514	198142659	2503	0.0007
86043784-6d99-4d90-8286-1f23ea51ba44	3	198169114	198169247	4	0.8735
86043784-6d99-4d90-8286-1f23ea51ba44	4	68929	121682	37	0.6221
86043784-6d99-4d90-8286-1f23ea51ba44	4	141056	10208766	5667	-0.0069
86043784-6d99-4d90-8286-1f23ea51ba44	4	10221792	10229874	28	-2.4768
86043784-6d99-4d90-8286-1f23ea51ba44	4	10232590	10233644	7	-0.7227
86043784-6d99-4d90-8286-1f23ea51ba44	4	10234518	22043756	8755	-0.001
86043784-6d99-4d90-8286-1f23ea51ba44	4	22047014	22069078	23	-1.0429
86043784-6d99-4d90-8286-1f23ea51ba44	4	22072923	34785527	8200	0.0069
86043784-6d99-4d90-8286-1f23ea51ba44	4	34785541	34823103	34	0.5524
86043784-6d99-4d90-8286-1f23ea51ba44	4	34828250	40698556	3880	0.0005
86043784-6d99-4d90-8286-1f23ea51ba44	4	40701994	40702175	3	-3.9395
86043784-6d99-4d90-8286-1f23ea51ba44	4	40702670	43143057	1638	0.0198
86043784-6d99-4d90-8286-1f23ea51ba44	4	43143380	43154741	14	0.5417
86043784-6d99-4d90-8286-1f23ea51ba44	4	43154802	54353118	5057	0.0152
86043784-6d99-4d90-8286-1f23ea51ba44	4	54353318	54354188	9	-0.6521
86043784-6d99-4d90-8286-1f23ea51ba44	4	54355243	62802116	5395	0.0093
86043784-6d99-4d90-8286-1f23ea51ba44	4	62804218	62805944	8	-0.751
86043784-6d99-4d90-8286-1f23ea51ba44	4	62813912	68354665	3434	0.0157
86043784-6d99-4d90-8286-1f23ea51ba44	4	68361130	68391041	4	1.4296
86043784-6d99-4d90-8286-1f23ea51ba44	4	68394355	68418873	5	-0.1564
86043784-6d99-4d90-8286-1f23ea51ba44	4	68422420	68422424	3	-2.3844
86043784-6d99-4d90-8286-1f23ea51ba44	4	68429081	68509630	16	0.1048
86043784-6d99-4d90-8286-1f23ea51ba44	4	68524574	68618391	59	-0.4146
86043784-6d99-4d90-8286-1f23ea51ba44	4	68620122	156380587	52854	0.0058
86043784-6d99-4d90-8286-1f23ea51ba44	4	156384225	156386889	13	-0.9778
86043784-6d99-4d90-8286-1f23ea51ba44	4	156388375	160959045	2835	0.0081
86043784-6d99-4d90-8286-1f23ea51ba44	4	160959151	160963756	17	-0.741
86043784-6d99-4d90-8286-1f23ea51ba44	4	160963767	167885235	4352	0.0183
86043784-6d99-4d90-8286-1f23ea51ba44	4	167885432	168071290	161	-0.9993
86043784-6d99-4d90-8286-1f23ea51ba44	4	168072733	171448195	2150	0.0046
86043784-6d99-4d90-8286-1f23ea51ba44	4	171453733	171456559	10	1.7943
86043784-6d99-4d90-8286-1f23ea51ba44	4	171456573	172066777	399	-0.0077
86043784-6d99-4d90-8286-1f23ea51ba44	4	172067997	172068382	12	0.8742
86043784-6d99-4d90-8286-1f23ea51ba44	4	172074828	190106768	12081	0.0158
86043784-6d99-4d90-8286-1f23ea51ba44	5	15532	818426	341	-0.0261
86043784-6d99-4d90-8286-1f23ea51ba44	5	818640	825192	9	-1.233
86043784-6d99-4d90-8286-1f23ea51ba44	5	825538	26789387	18501	0.003
86043784-6d99-4d90-8286-1f23ea51ba44	5	26797651	26797735	2	-2.2899
86043784-6d99-4d90-8286-1f23ea51ba44	5	26803775	58025819	16894	0.0006
86043784-6d99-4d90-8286-1f23ea51ba44	5	58030200	58037706	32	2.7627
86043784-6d99-4d90-8286-1f23ea51ba44	5	58042530	63295956	3455	0.0012
86043784-6d99-4d90-8286-1f23ea51ba44	5	63296119	63602796	164	0.1515
86043784-6d99-4d90-8286-1f23ea51ba44	5	63603326	69550476	3676	-0.0024
86043784-6d99-4d90-8286-1f23ea51ba44	5	69571467	71095426	25	0.634
86043784-6d99-4d90-8286-1f23ea51ba44	5	71358245	82122944	6880	-0.0022
86043784-6d99-4d90-8286-1f23ea51ba44	5	82123459	82132219	4	-0.8327
86043784-6d99-4d90-8286-1f23ea51ba44	5	82141839	97698860	8706	0.0022
86043784-6d99-4d90-8286-1f23ea51ba44	5	97699837	99257749	871	0.0313
86043784-6d99-4d90-8286-1f23ea51ba44	5	99258129	99259605	2	-1.1394
86043784-6d99-4d90-8286-1f23ea51ba44	5	99260442	100457940	698	0.0698
86043784-6d99-4d90-8286-1f23ea51ba44	5	100465491	101752019	746	0.0031
86043784-6d99-4d90-8286-1f23ea51ba44	5	101754309	102315157	402	0.067
86043784-6d99-4d90-8286-1f23ea51ba44	5	102326454	104515520	1207	0.0007
86043784-6d99-4d90-8286-1f23ea51ba44	5	104524672	104524903	4	1.1365
86043784-6d99-4d90-8286-1f23ea51ba44	5	104525348	121262937	11471	0.0048
86043784-6d99-4d90-8286-1f23ea51ba44	5	121266021	121337662	49	-1.0948
86043784-6d99-4d90-8286-1f23ea51ba44	5	121338582	153561531	20200	-0.0101
86043784-6d99-4d90-8286-1f23ea51ba44	5	153568694	153569132	5	-1.2202
86043784-6d99-4d90-8286-1f23ea51ba44	5	153572032	156048095	1719	-0.0014
86043784-6d99-4d90-8286-1f23ea51ba44	5	156049762	156055719	14	-3.313
86043784-6d99-4d90-8286-1f23ea51ba44	5	156068240	177771448	14801	-0.0109
86043784-6d99-4d90-8286-1f23ea51ba44	5	177800550	177805604	3	1.7334
86043784-6d99-4d90-8286-1f23ea51ba44	5	177827964	177879634	7	0.0977
86043784-6d99-4d90-8286-1f23ea51ba44	5	177883336	177897736	3	-0.9183
86043784-6d99-4d90-8286-1f23ea51ba44	5	177926412	179498842	945	-0.0169
86043784-6d99-4d90-8286-1f23ea51ba44	5	179501760	179520653	11	-0.6374
86043784-6d99-4d90-8286-1f23ea51ba44	5	179520660	180947523	827	-0.0327
86043784-6d99-4d90-8286-1f23ea51ba44	5	180951710	180991103	19	-0.5725
86043784-6d99-4d90-8286-1f23ea51ba44	5	181006225	181363319	170	0.0389
86043784-6d99-4d90-8286-1f23ea51ba44	6	149661	254283	101	-0.0556
86043784-6d99-4d90-8286-1f23ea51ba44	6	257353	365720	91	-0.4064
86043784-6d99-4d90-8286-1f23ea51ba44	6	366333	8921957	7000	0.0121
86043784-6d99-4d90-8286-1f23ea51ba44	6	8925113	8932867	13	-0.6639
86043784-6d99-4d90-8286-1f23ea51ba44	6	8934759	26743855	13024	0.0082
86043784-6d99-4d90-8286-1f23ea51ba44	6	26747492	26749405	4	-1.2626
86043784-6d99-4d90-8286-1f23ea51ba44	6	26759781	28043874	585	0.01
86043784-6d99-4d90-8286-1f23ea51ba44	6	28051166	28053855	3	-1.2625
86043784-6d99-4d90-8286-1f23ea51ba44	6	28055973	29869295	828	0.0014
86043784-6d99-4d90-8286-1f23ea51ba44	6	29869410	29903859	21	0.4609
86043784-6d99-4d90-8286-1f23ea51ba44	6	29906865	31318528	659	0.026
86043784-6d99-4d90-8286-1f23ea51ba44	6	31318754	31328674	9	-1.7979
86043784-6d99-4d90-8286-1f23ea51ba44	6	31342147	32485152	501	0.003
86043784-6d99-4d90-8286-1f23ea51ba44	6	32486498	32502190	6	-1.3238
86043784-6d99-4d90-8286-1f23ea51ba44	6	32507164	32627306	41	-0.2004
86043784-6d99-4d90-8286-1f23ea51ba44	6	32627455	32634330	3	-2.2657
86043784-6d99-4d90-8286-1f23ea51ba44	6	32634492	54066286	13707	0.0072
86043784-6d99-4d90-8286-1f23ea51ba44	6	54066353	54067057	7	-1.7246
86043784-6d99-4d90-8286-1f23ea51ba44	6	54070550	58049858	2053	0.0073
86043784-6d99-4d90-8286-1f23ea51ba44	6	58050122	58051320	4	1.0161
86043784-6d99-4d90-8286-1f23ea51ba44	6	58060085	73880782	8325	0.0137
86043784-6d99-4d90-8286-1f23ea51ba44	6	73880906	73891694	13	0.5215
86043784-6d99-4d90-8286-1f23ea51ba44	6	73893839	76305231	1472	0.002
86043784-6d99-4d90-8286-1f23ea51ba44	6	76307183	76307209	3	-1.0482
86043784-6d99-4d90-8286-1f23ea51ba44	6	76307276	76708490	280	0.0213
86043784-6d99-4d90-8286-1f23ea51ba44	6	76708515	76758906	42	0.2753
86043784-6d99-4d90-8286-1f23ea51ba44	6	76758921	78181913	916	0.005
86043784-6d99-4d90-8286-1f23ea51ba44	6	78188798	78205328	11	0.4669
86043784-6d99-4d90-8286-1f23ea51ba44	6	78205539	78262117	52	0.0201
86043784-6d99-4d90-8286-1f23ea51ba44	6	78262371	78331916	108	0.2856
86043784-6d99-4d90-8286-1f23ea51ba44	6	78332002	78811345	312	0.0126
86043784-6d99-4d90-8286-1f23ea51ba44	6	78811845	78818857	2	-1.3977
86043784-6d99-4d90-8286-1f23ea51ba44	6	78821538	93924350	9683	0.0104
86043784-6d99-4d90-8286-1f23ea51ba44	6	93924611	93947846	10	0.4526
86043784-6d99-4d90-8286-1f23ea51ba44	6	93949814	94920300	656	0.0828
86043784-6d99-4d90-8286-1f23ea51ba44	6	94920886	95675233	183	0.0166
86043784-6d99-4d90-8286-1f23ea51ba44	6	95675795	95676845	3	0.7042
86043784-6d99-4d90-8286-1f23ea51ba44	6	95677248	96041347	207	-0.001
86043784-6d99-4d90-8286-1f23ea51ba44	6	96041940	96042152	2	-1.2349
86043784-6d99-4d90-8286-1f23ea51ba44	6	96044964	103286950	4415	0.0056
86043784-6d99-4d90-8286-1f23ea51ba44	6	103286954	103314186	47	0.8514
86043784-6d99-4d90-8286-1f23ea51ba44	6	103317795	170741917	44178	0.0108
86043784-6d99-4d90-8286-1f23ea51ba44	7	43355	8259708	4628	-0.0067
86043784-6d99-4d90-8286-1f23ea51ba44	7	8260312	10057148	1506	0.0524
86043784-6d99-4d90-8286-1f23ea51ba44	7	10057466	16890902	5468	-0.0017
86043784-6d99-4d90-8286-1f23ea51ba44	7	16891415	16891617	2	-1.1606
86043784-6d99-4d90-8286-1f23ea51ba44	7	16891842	18827809	1489	0.0135
86043784-6d99-4d90-8286-1f23ea51ba44	7	18828408	19749151	941	0.0651
86043784-6d99-4d90-8286-1f23ea51ba44	7	19749316	54305455	24439	-0.0057
86043784-6d99-4d90-8286-1f23ea51ba44	7	54318812	54318824	6	-1.9989
86043784-6d99-4d90-8286-1f23ea51ba44	7	54325795	56997653	1614	-0.0025
86043784-6d99-4d90-8286-1f23ea51ba44	7	56999885	57053307	5	-1.2709
86043784-6d99-4d90-8286-1f23ea51ba44	7	57060351	62695960	496	-0.0778
86043784-6d99-4d90-8286-1f23ea51ba44	7	62696111	62701896	16	-1.5045
86043784-6d99-4d90-8286-1f23ea51ba44	7	62720732	85741227	12196	-0.0065
86043784-6d99-4d90-8286-1f23ea51ba44	7	85741649	85742560	2	-2.1164
86043784-6d99-4d90-8286-1f23ea51ba44	7	85744435	88812987	1755	-0.0024
86043784-6d99-4d90-8286-1f23ea51ba44	7	88814781	90242406	938	0.0751
86043784-6d99-4d90-8286-1f23ea51ba44	7	90242436	93363915	2059	-0.0048
86043784-6d99-4d90-8286-1f23ea51ba44	7	93364628	93368341	4	-1.0469
86043784-6d99-4d90-8286-1f23ea51ba44	7	93371120	100095929	3874	-0.0056
86043784-6d99-4d90-8286-1f23ea51ba44	7	100097508	100110059	2	-1.1203
86043784-6d99-4d90-8286-1f23ea51ba44	7	100111122	100731621	157	0.0217
86043784-6d99-4d90-8286-1f23ea51ba44	7	100731642	100735219	2	-2.0742
86043784-6d99-4d90-8286-1f23ea51ba44	7	100753382	101409205	262	-0.0206
86043784-6d99-4d90-8286-1f23ea51ba44	7	101416451	101416668	2	-2.8063
86043784-6d99-4d90-8286-1f23ea51ba44	7	101419630	109793741	5052	0.0016
86043784-6d99-4d90-8286-1f23ea51ba44	7	109797035	109797715	15	-0.6177
86043784-6d99-4d90-8286-1f23ea51ba44	7	109797717	109801187	10	-0.0974
86043784-6d99-4d90-8286-1f23ea51ba44	7	109801572	109813853	10	-0.8567
86043784-6d99-4d90-8286-1f23ea51ba44	7	109813925	126404920	10032	0.0008
86043784-6d99-4d90-8286-1f23ea51ba44	7	126405428	126406561	12	1.0567
86043784-6d99-4d90-8286-1f23ea51ba44	7	126406822	126607677	143	0.0165
86043784-6d99-4d90-8286-1f23ea51ba44	7	126620696	126655831	23	0.4239
86043784-6d99-4d90-8286-1f23ea51ba44	7	126655865	134090386	4524	-0.0105
86043784-6d99-4d90-8286-1f23ea51ba44	7	134090399	134113805	41	-0.384
86043784-6d99-4d90-8286-1f23ea51ba44	7	134114093	143733941	6148	-0.0018
86043784-6d99-4d90-8286-1f23ea51ba44	7	143773027	143802294	6	0.8036
86043784-6d99-4d90-8286-1f23ea51ba44	7	143846758	153450553	5845	-0.0046
86043784-6d99-4d90-8286-1f23ea51ba44	7	153450560	153450627	2	-3.1775
86043784-6d99-4d90-8286-1f23ea51ba44	7	153450630	154378398	652	0.0081
86043784-6d99-4d90-8286-1f23ea51ba44	7	154379173	154379963	2	-1.4765
86043784-6d99-4d90-8286-1f23ea51ba44	7	154381147	155173669	770	-0.0192
86043784-6d99-4d90-8286-1f23ea51ba44	7	155173682	155175298	12	-0.4151
86043784-6d99-4d90-8286-1f23ea51ba44	7	155175395	155671335	333	-0.0052
86043784-6d99-4d90-8286-1f23ea51ba44	7	155673169	155674244	2	1.3177
86043784-6d99-4d90-8286-1f23ea51ba44	7	155676942	158321460	1676	-0.0157
86043784-6d99-4d90-8286-1f23ea51ba44	7	158322732	158323170	2	-1.3364
86043784-6d99-4d90-8286-1f23ea51ba44	7	158323699	159334314	639	-0.0055
86043784-6d99-4d90-8286-1f23ea51ba44	8	81254	3926665	3352	0.0267
86043784-6d99-4d90-8286-1f23ea51ba44	8	3929538	3932584	24	-0.8161
86043784-6d99-4d90-8286-1f23ea51ba44	8	3933696	6956923	4212	0.0607
86043784-6d99-4d90-8286-1f23ea51ba44	8	6957134	6957806	6	-0.949
86043784-6d99-4d90-8286-1f23ea51ba44	8	6958057	6968741	27	0.0976
86043784-6d99-4d90-8286-1f23ea51ba44	8	6968768	6969677	11	-0.878
86043784-6d99-4d90-8286-1f23ea51ba44	8	6975846	7336299	96	0.0022
86043784-6d99-4d90-8286-1f23ea51ba44	8	7357089	7473830	30	0.4813
86043784-6d99-4d90-8286-1f23ea51ba44	8	7477487	8139659	33	-0.0986
86043784-6d99-4d90-8286-1f23ea51ba44	8	8196822	8197738	2	-1.7625
86043784-6d99-4d90-8286-1f23ea51ba44	8	8212781	12143614	3227	0.0339
86043784-6d99-4d90-8286-1f23ea51ba44	8	12176798	12470324	35	-0.4935
86043784-6d99-4d90-8286-1f23ea51ba44	8	12496221	14718551	2043	0.0185
86043784-6d99-4d90-8286-1f23ea51ba44	8	14720091	14720102	2	-1.8418
86043784-6d99-4d90-8286-1f23ea51ba44	8	14720144	16078047	1221	0.0163
86043784-6d99-4d90-8286-1f23ea51ba44	8	16078315	16078419	2	-1.6423
86043784-6d99-4d90-8286-1f23ea51ba44	8	16084400	18617617	2271	0.0266
86043784-6d99-4d90-8286-1f23ea51ba44	8	18617770	18621647	8	-0.7037
86043784-6d99-4d90-8286-1f23ea51ba44	8	18621677	25116961	4871	0.0233
86043784-6d99-4d90-8286-1f23ea51ba44	8	25117007	25126818	25	0.8965
86043784-6d99-4d90-8286-1f23ea51ba44	8	25133589	36211336	7315	0.0129
86043784-6d99-4d90-8286-1f23ea51ba44	8	36215045	36219621	5	-1.0424
86043784-6d99-4d90-8286-1f23ea51ba44	8	36220823	39373140	1701	0.0171
86043784-6d99-4d90-8286-1f23ea51ba44	8	39378084	39529446	59	-2.9361
86043784-6d99-4d90-8286-1f23ea51ba44	8	39530780	74279457	19999	0.0073
86043784-6d99-4d90-8286-1f23ea51ba44	8	74280907	74281045	2	-1.4498
86043784-6d99-4d90-8286-1f23ea51ba44	8	74281423	77362515	1813	0.0039
86043784-6d99-4d90-8286-1f23ea51ba44	8	77363462	77363843	2	-1.2733
86043784-6d99-4d90-8286-1f23ea51ba44	8	77371029	85127671	4471	0.0111
86043784-6d99-4d90-8286-1f23ea51ba44	8	85128081	85128353	2	1.9957
86043784-6d99-4d90-8286-1f23ea51ba44	8	85133155	105996851	12499	0.0096
86043784-6d99-4d90-8286-1f23ea51ba44	8	105998797	106545414	399	0.0863
86043784-6d99-4d90-8286-1f23ea51ba44	8	106546141	114708750	4725	0.0087
86043784-6d99-4d90-8286-1f23ea51ba44	8	114709075	114874204	115	0.1658
86043784-6d99-4d90-8286-1f23ea51ba44	8	114879397	141078018	19169	0.0093
86043784-6d99-4d90-8286-1f23ea51ba44	8	141079981	142118607	648	-0.0764
86043784-6d99-4d90-8286-1f23ea51ba44	8	142119757	144441281	805	-0.0036
86043784-6d99-4d90-8286-1f23ea51ba44	8	144441636	144443098	2	-1.3983
86043784-6d99-4d90-8286-1f23ea51ba44	8	144452382	145072769	274	-0.0483
86043784-6d99-4d90-8286-1f23ea51ba44	9	46587	2147099	2316	0.0416
86043784-6d99-4d90-8286-1f23ea51ba44	9	2148837	2150662	6	-0.867
86043784-6d99-4d90-8286-1f23ea51ba44	9	2152115	2152141	2	1.4679
86043784-6d99-4d90-8286-1f23ea51ba44	9	2155085	5079156	2922	0.0025
86043784-6d99-4d90-8286-1f23ea51ba44	9	5081416	5081766	8	-0.8572
86043784-6d99-4d90-8286-1f23ea51ba44	9	5081852	10287013	4632	0.0261
86043784-6d99-4d90-8286-1f23ea51ba44	9	10287099	12850258	2028	0.0772
86043784-6d99-4d90-8286-1f23ea51ba44	9	12853152	28572282	12474	0.0075
86043784-6d99-4d90-8286-1f23ea51ba44	9	28574044	28975726	323	0.1002
86043784-6d99-4d90-8286-1f23ea51ba44	9	28981483	30426293	1010	0.0168
86043784-6d99-4d90-8286-1f23ea51ba44	9	30437398	30438488	4	-1.3454
86043784-6d99-4d90-8286-1f23ea51ba44	9	30440869	38439975	5101	0.0035
86043784-6d99-4d90-8286-1f23ea51ba44	9	38440757	38440949	3	-1.5007
86043784-6d99-4d90-8286-1f23ea51ba44	9	38441589	38989381	298	0.0296
86043784-6d99-4d90-8286-1f23ea51ba44	9	38996106	38996751	3	-1.0042
86043784-6d99-4d90-8286-1f23ea51ba44	9	39011605	39547492	57	0.0183
86043784-6d99-4d90-8286-1f23ea51ba44	9	39588611	39840169	6	1.0798
86043784-6d99-4d90-8286-1f23ea51ba44	9	40018947	42697878	140	-0.0256
86043784-6d99-4d90-8286-1f23ea51ba44	9	42698168	42727685	12	-0.7879
86043784-6d99-4d90-8286-1f23ea51ba44	9	42729302	63754823	157	-0.1426
86043784-6d99-4d90-8286-1f23ea51ba44	9	63762040	87907679	14289	-0.0001
86043784-6d99-4d90-8286-1f23ea51ba44	9	87939236	87939304	2	-2.3916
86043784-6d99-4d90-8286-1f23ea51ba44	9	87943042	138200944	33705	0.0051
86043784-6d99-4d90-8286-1f23ea51ba44	10	45792	6369412	5402	0.0021
86043784-6d99-4d90-8286-1f23ea51ba44	10	6369488	6369519	3	1.6983
86043784-6d99-4d90-8286-1f23ea51ba44	10	6376792	13678390	6085	0.0104
86043784-6d99-4d90-8286-1f23ea51ba44	10	13679763	13682349	3	-1.1033
86043784-6d99-4d90-8286-1f23ea51ba44	10	13685313	16424371	2276	-0.0038
86043784-6d99-4d90-8286-1f23ea51ba44	10	16425243	16428934	3	-1.0638
86043784-6d99-4d90-8286-1f23ea51ba44	10	16434272	20551945	3226	0.0002
86043784-6d99-4d90-8286-1f23ea51ba44	10	20561183	20564605	6	-1.5297
86043784-6d99-4d90-8286-1f23ea51ba44	10	20573498	22785490	1329	0.0144
86043784-6d99-4d90-8286-1f23ea51ba44	10	22787306	22793956	3	-1.2163
86043784-6d99-4d90-8286-1f23ea51ba44	10	22797302	24086334	862	-0.0046
86043784-6d99-4d90-8286-1f23ea51ba44	10	24088745	24089125	11	-2.6743
86043784-6d99-4d90-8286-1f23ea51ba44	10	24089979	30962419	5019	0.0025
86043784-6d99-4d90-8286-1f23ea51ba44	10	30962594	30962850	9	-0.8693
86043784-6d99-4d90-8286-1f23ea51ba44	10	30962893	46170858	7267	-0.0012
86043784-6d99-4d90-8286-1f23ea51ba44	10	46174452	46332377	165	-0.1283
86043784-6d99-4d90-8286-1f23ea51ba44	10	46333369	46657149	53	0.3828
86043784-6d99-4d90-8286-1f23ea51ba44	10	46693480	47437705	295	0.0112
86043784-6d99-4d90-8286-1f23ea51ba44	10	47460004	48125634	20	0.409
86043784-6d99-4d90-8286-1f23ea51ba44	10	48125747	49792548	1298	-0.0176
86043784-6d99-4d90-8286-1f23ea51ba44	10	49796090	49802852	5	-0.9366
86043784-6d99-4d90-8286-1f23ea51ba44	10	49806996	50070600	72	-0.0399
86043784-6d99-4d90-8286-1f23ea51ba44	10	50081224	50132160	4	-2.5514
86043784-6d99-4d90-8286-1f23ea51ba44	10	50144008	59598509	6975	0.0042
86043784-6d99-4d90-8286-1f23ea51ba44	10	59604357	59606737	17	-0.5012
86043784-6d99-4d90-8286-1f23ea51ba44	10	59609108	65548272	4021	0.0032
86043784-6d99-4d90-8286-1f23ea51ba44	10	65548833	65554688	23	0.6736
86043784-6d99-4d90-8286-1f23ea51ba44	10	65563037	87310039	14449	0.0019
86043784-6d99-4d90-8286-1f23ea51ba44	10	87310988	87348659	9	-0.9663
86043784-6d99-4d90-8286-1f23ea51ba44	10	87352872	95109306	5030	0.0031
86043784-6d99-4d90-8286-1f23ea51ba44	10	95109317	95109949	5	-0.925
86043784-6d99-4d90-8286-1f23ea51ba44	10	95115957	132896924	26405	-0.0009
86043784-6d99-4d90-8286-1f23ea51ba44	10	132901484	132966241	35	-0.2652
86043784-6d99-4d90-8286-1f23ea51ba44	10	132967114	133654968	291	-0.0066
86043784-6d99-4d90-8286-1f23ea51ba44	11	198510	4705210	2144	-0.0116
86043784-6d99-4d90-8286-1f23ea51ba44	11	4705388	4705661	5	-1.1799
86043784-6d99-4d90-8286-1f23ea51ba44	11	4707904	4946420	268	0.0274
86043784-6d99-4d90-8286-1f23ea51ba44	11	4947280	4955042	30	-2.095
86043784-6d99-4d90-8286-1f23ea51ba44	11	4955781	35134185	22077	0.0027
86043784-6d99-4d90-8286-1f23ea51ba44	11	35135481	35135572	2	-2.1561
86043784-6d99-4d90-8286-1f23ea51ba44	11	35136854	37008107	1536	0.0044
86043784-6d99-4d90-8286-1f23ea51ba44	11	37008123	37821229	547	0.0876
86043784-6d99-4d90-8286-1f23ea51ba44	11	37821374	49686823	7119	0.0022
86043784-6d99-4d90-8286-1f23ea51ba44	11	49689309	49736119	16	-0.8193
86043784-6d99-4d90-8286-1f23ea51ba44	11	49736215	54924229	493	0.0214
86043784-6d99-4d90-8286-1f23ea51ba44	11	54933825	54934156	3	-3.0519
86043784-6d99-4d90-8286-1f23ea51ba44	11	54940988	55606572	240	0.0403
86043784-6d99-4d90-8286-1f23ea51ba44	11	55606712	55685533	57	0.4401
86043784-6d99-4d90-8286-1f23ea51ba44	11	55686100	64995775	5172	0.0112
86043784-6d99-4d90-8286-1f23ea51ba44	11	64996657	65794786	297	-0.1034
86043784-6d99-4d90-8286-1f23ea51ba44	11	65796564	89923071	14399	0.0065
86043784-6d99-4d90-8286-1f23ea51ba44	11	89962925	90077170	6	-0.7583
86043784-6d99-4d90-8286-1f23ea51ba44	11	90085142	101723653	8684	0.0088
86043784-6d99-4d90-8286-1f23ea51ba44	11	101727129	101727233	4	-1.3617
86043784-6d99-4d90-8286-1f23ea51ba44	11	101727481	107783017	4109	0.013
86043784-6d99-4d90-8286-1f23ea51ba44	11	107783579	107800875	15	0.693
86043784-6d99-4d90-8286-1f23ea51ba44	11	107801319	135074876	19596	0.003
86043784-6d99-4d90-8286-1f23ea51ba44	12	51460	2126723	1264	-0.0081
86043784-6d99-4d90-8286-1f23ea51ba44	12	2136696	2149240	44	-0.9559
86043784-6d99-4d90-8286-1f23ea51ba44	12	2150801	118214077	73551	-0.0031
86043784-6d99-4d90-8286-1f23ea51ba44	12	118216338	118222125	3	-2.9723
86043784-6d99-4d90-8286-1f23ea51ba44	12	118228452	133201603	9995	0.0026
86043784-6d99-4d90-8286-1f23ea51ba44	13	18452809	19051129	215	-0.0897
86043784-6d99-4d90-8286-1f23ea51ba44	13	19051200	21098549	1204	0.0263
86043784-6d99-4d90-8286-1f23ea51ba44	13	21098586	21321896	154	-0.0659
86043784-6d99-4d90-8286-1f23ea51ba44	13	21322180	21322360	2	1.9608
86043784-6d99-4d90-8286-1f23ea51ba44	13	21322617	23051234	1271	-0.0009
86043784-6d99-4d90-8286-1f23ea51ba44	13	23051568	23051669	3	-0.9324
86043784-6d99-4d90-8286-1f23ea51ba44	13	23051898	23058539	10	-0.1053
86043784-6d99-4d90-8286-1f23ea51ba44	13	23058721	23064056	12	0.4914
86043784-6d99-4d90-8286-1f23ea51ba44	13	23064071	23585034	395	-0.0071
86043784-6d99-4d90-8286-1f23ea51ba44	13	23585386	23836927	192	0.1292
86043784-6d99-4d90-8286-1f23ea51ba44	13	23837744	29455681	4231	0.0094
86043784-6d99-4d90-8286-1f23ea51ba44	13	29457425	29459091	2	-1.4895
86043784-6d99-4d90-8286-1f23ea51ba44	13	29462056	37496998	5795	0.013
86043784-6d99-4d90-8286-1f23ea51ba44	13	37497899	37510620	16	-2.5751
86043784-6d99-4d90-8286-1f23ea51ba44	13	37514193	38478674	701	-0.0026
86043784-6d99-4d90-8286-1f23ea51ba44	13	38483435	38483919	2	-2.5331
86043784-6d99-4d90-8286-1f23ea51ba44	13	38490920	48957415	7327	0.0094
86043784-6d99-4d90-8286-1f23ea51ba44	13	48959579	48962368	2	-4.6698
86043784-6d99-4d90-8286-1f23ea51ba44	13	48963569	52527964	1873	0.0168
86043784-6d99-4d90-8286-1f23ea51ba44	13	52531650	52565009	4	-0.9555
86043784-6d99-4d90-8286-1f23ea51ba44	13	52571523	54606054	1313	0.007
86043784-6d99-4d90-8286-1f23ea51ba44	13	54610322	54827044	125	0.1314
86043784-6d99-4d90-8286-1f23ea51ba44	13	54830297	55518006	369	0.0164
86043784-6d99-4d90-8286-1f23ea51ba44	13	55522860	55540954	9	-0.4731
86043784-6d99-4d90-8286-1f23ea51ba44	13	55541240	57086623	757	0.0197
86043784-6d99-4d90-8286-1f23ea51ba44	13	57088872	57378273	192	0.1511
86043784-6d99-4d90-8286-1f23ea51ba44	13	57379244	71902850	8883	0.0181
86043784-6d99-4d90-8286-1f23ea51ba44	13	71903417	71906418	4	-3.839
86043784-6d99-4d90-8286-1f23ea51ba44	13	71906467	83212619	7685	0.011
86043784-6d99-4d90-8286-1f23ea51ba44	13	83212986	83237513	55	0.2581
86043784-6d99-4d90-8286-1f23ea51ba44	13	83237802	105128361	14774	0.0094
86043784-6d99-4d90-8286-1f23ea51ba44	13	105128737	105752039	499	0.0889
86043784-6d99-4d90-8286-1f23ea51ba44	13	105752241	114342922	6085	0.0057
86043784-6d99-4d90-8286-1f23ea51ba44	14	18239283	19732250	67	0.1528
86043784-6d99-4d90-8286-1f23ea51ba44	14	19732958	19954424	99	0.6022
86043784-6d99-4d90-8286-1f23ea51ba44	14	19955213	21954753	1390	0.0292
86043784-6d99-4d90-8286-1f23ea51ba44	14	21956321	22139542	146	0.0936
86043784-6d99-4d90-8286-1f23ea51ba44	14	22143351	22149479	17	0.5015
86043784-6d99-4d90-8286-1f23ea51ba44	14	22151835	22524749	324	0.1086
86043784-6d99-4d90-8286-1f23ea51ba44	14	22526139	40139724	11003	0.0098
86043784-6d99-4d90-8286-1f23ea51ba44	14	40144718	40147715	2	-2.8884
86043784-6d99-4d90-8286-1f23ea51ba44	14	40148961	106877229	42370	0.0061
86043784-6d99-4d90-8286-1f23ea51ba44	15	19811075	20190276	56	-0.0654
86043784-6d99-4d90-8286-1f23ea51ba44	15	20206125	22395047	152	-0.6724
86043784-6d99-4d90-8286-1f23ea51ba44	15	22413894	30215220	4627	-0.0035
86043784-6d99-4d90-8286-1f23ea51ba44	15	30215235	30297594	13	-1.2305
86043784-6d99-4d90-8286-1f23ea51ba44	15	30300815	30515739	14	-0.0488
86043784-6d99-4d90-8286-1f23ea51ba44	15	30595753	30608675	2	-1.9971
86043784-6d99-4d90-8286-1f23ea51ba44	15	30621384	32257550	1057	0.0171
86043784-6d99-4d90-8286-1f23ea51ba44	15	32283641	32307601	3	1.1144
86043784-6d99-4d90-8286-1f23ea51ba44	15	32323432	34421922	1502	0.0057
86043784-6d99-4d90-8286-1f23ea51ba44	15	34430601	34434988	5	-0.3885
86043784-6d99-4d90-8286-1f23ea51ba44	15	34435421	34526116	59	-0.8125
86043784-6d99-4d90-8286-1f23ea51ba44	15	34570058	53492691	11616	0.0009
86043784-6d99-4d90-8286-1f23ea51ba44	15	53492794	53493082	6	-3.4191
86043784-6d99-4d90-8286-1f23ea51ba44	15	53498050	101928837	32434	-0.0012
86043784-6d99-4d90-8286-1f23ea51ba44	16	10777	90096867	51853	-0.0022
86043784-6d99-4d90-8286-1f23ea51ba44	17	150733	6197464	3358	0.0045
86043784-6d99-4d90-8286-1f23ea51ba44	17	6197476	6197491	2	-2.4244
86043784-6d99-4d90-8286-1f23ea51ba44	17	6197723	8339592	1175	0.0016
86043784-6d99-4d90-8286-1f23ea51ba44	17	8344229	8344415	2	-3.1844
86043784-6d99-4d90-8286-1f23ea51ba44	17	8346140	14224401	4357	0.0114
86043784-6d99-4d90-8286-1f23ea51ba44	17	14226733	15747929	1138	0.0732
86043784-6d99-4d90-8286-1f23ea51ba44	17	15754770	16510295	338	0.0041
86043784-6d99-4d90-8286-1f23ea51ba44	17	16510898	16513106	6	-1.0807
86043784-6d99-4d90-8286-1f23ea51ba44	17	16513459	16749938	95	-0.0643
86043784-6d99-4d90-8286-1f23ea51ba44	17	16750987	16838470	15	-0.5938
86043784-6d99-4d90-8286-1f23ea51ba44	17	16853833	18375217	881	0.0087
86043784-6d99-4d90-8286-1f23ea51ba44	17	18375298	18379983	11	-0.4485
86043784-6d99-4d90-8286-1f23ea51ba44	17	18380170	18410516	9	0.0668
86043784-6d99-4d90-8286-1f23ea51ba44	17	18413799	18452078	5	-0.7326
86043784-6d99-4d90-8286-1f23ea51ba44	17	18455632	18565883	27	0.3944
86043784-6d99-4d90-8286-1f23ea51ba44	17	18571332	36109139	6832	0.0028
86043784-6d99-4d90-8286-1f23ea51ba44	17	36109315	36157718	36	0.5069
86043784-6d99-4d90-8286-1f23ea51ba44	17	36200725	41265456	2524	-0.0004
86043784-6d99-4d90-8286-1f23ea51ba44	17	41266762	41274279	24	-1.1514
86043784-6d99-4d90-8286-1f23ea51ba44	17	41276472	46085732	2500	-0.0084
86043784-6d99-4d90-8286-1f23ea51ba44	17	46088437	46124072	28	0.4879
86043784-6d99-4d90-8286-1f23ea51ba44	17	46124088	46286804	96	0.7595
86043784-6d99-4d90-8286-1f23ea51ba44	17	46323701	46446360	4	-1.5155
86043784-6d99-4d90-8286-1f23ea51ba44	17	46569894	52927530	3601	0.0075
86043784-6d99-4d90-8286-1f23ea51ba44	17	52928073	52935927	12	0.3594
86043784-6d99-4d90-8286-1f23ea51ba44	17	52939922	53138641	127	0.0699
86043784-6d99-4d90-8286-1f23ea51ba44	17	53141360	53194451	35	0.2663
86043784-6d99-4d90-8286-1f23ea51ba44	17	53197345	65472709	7140	-0.0005
86043784-6d99-4d90-8286-1f23ea51ba44	17	65472998	65473306	2	-1.5479
86043784-6d99-4d90-8286-1f23ea51ba44	17	65476910	69889125	2772	0.0052
86043784-6d99-4d90-8286-1f23ea51ba44	17	69889342	69895785	3	-2.6006
86043784-6d99-4d90-8286-1f23ea51ba44	17	69895877	80655063	6923	-0.0099
86043784-6d99-4d90-8286-1f23ea51ba44	17	80655993	80660379	2	1.6123
86043784-6d99-4d90-8286-1f23ea51ba44	17	80660500	83091923	950	-0.0006
86043784-6d99-4d90-8286-1f23ea51ba44	18	48133	40680456	22792	0.0043
86043784-6d99-4d90-8286-1f23ea51ba44	18	40680470	40689848	21	0.6474
86043784-6d99-4d90-8286-1f23ea51ba44	18	40690108	63211396	15431	0.0001
86043784-6d99-4d90-8286-1f23ea51ba44	18	63212453	63212566	3	-1.2859
86043784-6d99-4d90-8286-1f23ea51ba44	18	63213063	66054343	2055	0.0216
86043784-6d99-4d90-8286-1f23ea51ba44	18	66060256	66061104	12	-2.2862
86043784-6d99-4d90-8286-1f23ea51ba44	18	66065502	66065789	9	0.0707
86043784-6d99-4d90-8286-1f23ea51ba44	18	66065804	66065858	3	-0.733
86043784-6d99-4d90-8286-1f23ea51ba44	18	66066360	66095064	35	0.0034
86043784-6d99-4d90-8286-1f23ea51ba44	18	66099904	66108359	4	0.6302
86043784-6d99-4d90-8286-1f23ea51ba44	18	66109894	66239629	97	-0.0127
86043784-6d99-4d90-8286-1f23ea51ba44	18	66240197	66244124	9	-5.4138
86043784-6d99-4d90-8286-1f23ea51ba44	18	66244352	71506290	3794	0.0159
86043784-6d99-4d90-8286-1f23ea51ba44	18	71507145	73925436	1933	0.0686
86043784-6d99-4d90-8286-1f23ea51ba44	18	73925872	80257174	4544	0.0033
86043784-6d99-4d90-8286-1f23ea51ba44	19	90910	5506648	1593	-0.0086
86043784-6d99-4d90-8286-1f23ea51ba44	19	5510228	5510642	3	-1.598
86043784-6d99-4d90-8286-1f23ea51ba44	19	5510689	14004906	4050	-0.0014
86043784-6d99-4d90-8286-1f23ea51ba44	19	14012303	14051622	17	0.4697
86043784-6d99-4d90-8286-1f23ea51ba44	19	14055856	21528153	3882	-0.004
86043784-6d99-4d90-8286-1f23ea51ba44	19	21534501	21538872	2	-1.6879
86043784-6d99-4d90-8286-1f23ea51ba44	19	21539503	35172871	6992	-0.0018
86043784-6d99-4d90-8286-1f23ea51ba44	19	35172940	35173089	4	-1.0815
86043784-6d99-4d90-8286-1f23ea51ba44	19	35173140	35358420	169	-0.0244
86043784-6d99-4d90-8286-1f23ea51ba44	19	35364451	35370946	21	-0.7958
86043784-6d99-4d90-8286-1f23ea51ba44	19	35375842	51215611	7728	-0.004
86043784-6d99-4d90-8286-1f23ea51ba44	19	51216216	51217228	2	-1.7082
86043784-6d99-4d90-8286-1f23ea51ba44	19	51223357	58586487	4650	-0.0119
86043784-6d99-4d90-8286-1f23ea51ba44	20	80664	80668	5	-0.797
86043784-6d99-4d90-8286-1f23ea51ba44	20	80670	1580305	1198	-0.0087
86043784-6d99-4d90-8286-1f23ea51ba44	20	1580353	1613247	42	1.4825
86043784-6d99-4d90-8286-1f23ea51ba44	20	1617300	14521504	9711	0.0083
86043784-6d99-4d90-8286-1f23ea51ba44	20	14526964	14527263	2	-1.7969
86043784-6d99-4d90-8286-1f23ea51ba44	20	14528014	50165997	21051	0.0007
86043784-6d99-4d90-8286-1f23ea51ba44	20	50175182	50176256	2	-1.8907
86043784-6d99-4d90-8286-1f23ea51ba44	20	50178380	52031054	1379	0.0001
86043784-6d99-4d90-8286-1f23ea51ba44	20	52036258	52037861	4	-1.374
86043784-6d99-4d90-8286-1f23ea51ba44	20	52038037	54897841	2283	0.0052
86043784-6d99-4d90-8286-1f23ea51ba44	20	54908976	54922952	11	-0.8483
86043784-6d99-4d90-8286-1f23ea51ba44	20	54923019	64324800	6687	-0.0126
86043784-6d99-4d90-8286-1f23ea51ba44	21	10354168	10558276	51	0.0809
86043784-6d99-4d90-8286-1f23ea51ba44	21	10558331	12973348	37	-0.3881
86043784-6d99-4d90-8286-1f23ea51ba44	21	12992210	46677045	23776	0.0088
86043784-6d99-4d90-8286-1f23ea51ba44	22	15294547	15696762	19	0.0821
86043784-6d99-4d90-8286-1f23ea51ba44	22	15729257	15825678	14	-0.5223
86043784-6d99-4d90-8286-1f23ea51ba44	22	15825902	16804770	131	-0.0245
86043784-6d99-4d90-8286-1f23ea51ba44	22	16805257	16819011	4	0.9584
86043784-6d99-4d90-8286-1f23ea51ba44	22	16819430	23929558	4211	-0.0252
86043784-6d99-4d90-8286-1f23ea51ba44	22	23940911	23950883	6	-0.9297
86043784-6d99-4d90-8286-1f23ea51ba44	22	23951669	23987520	8	-0.133
86043784-6d99-4d90-8286-1f23ea51ba44	22	23988078	23990739	4	-2.229
86043784-6d99-4d90-8286-1f23ea51ba44	22	23995113	25415004	970	-0.0111
86043784-6d99-4d90-8286-1f23ea51ba44	22	25430519	25439490	3	-1.1449
86043784-6d99-4d90-8286-1f23ea51ba44	22	25440170	42508600	11782	0.0003
86043784-6d99-4d90-8286-1f23ea51ba44	22	42510995	42559782	24	-0.3643
86043784-6d99-4d90-8286-1f23ea51ba44	22	42561282	43162481	367	0.0015
86043784-6d99-4d90-8286-1f23ea51ba44	22	43162920	43164826	3	0.8555
86043784-6d99-4d90-8286-1f23ea51ba44	22	43165331	44737460	1257	0.0023
86043784-6d99-4d90-8286-1f23ea51ba44	22	44739926	44741026	4	-1.1021
86043784-6d99-4d90-8286-1f23ea51ba44	22	44750545	50796027	4466	-0.0107
86043784-6d99-4d90-8286-1f23ea51ba44	X	251810	19442472	11665	0.0125
86043784-6d99-4d90-8286-1f23ea51ba44	X	19448185	19450600	2	-4.0469
86043784-6d99-4d90-8286-1f23ea51ba44	X	19454127	103999203	41941	0.0021
86043784-6d99-4d90-8286-1f23ea51ba44	X	104003417	104050792	58	0.9872
86043784-6d99-4d90-8286-1f23ea51ba44	X	104083894	155952689	29739	0.0032
86043784-6d99-4d90-8286-1f23ea51ba44	Y	2782397	56872112	6639	-0.933
