Sample	Chromosome	Start	End	Num_Probes	Segment_Mean
TARSI_p_TCGAb70_SNP_N_GenomeWideSNP_6_C05_741910	1	3218610	247813706	128995	0.0149
TARSI_p_TCGAb70_SNP_N_GenomeWideSNP_6_C05_741910	2	484222	20400056	12867	0.0218
TARSI_p_TCGAb70_SNP_N_GenomeWideSNP_6_C05_741910	2	20400300	20401904	3	-1.4103
TARSI_p_TCGAb70_SNP_N_GenomeWideSNP_6_C05_741910	2	20405277	242476062	118294	0.0094
TARSI_p_TCGAb70_SNP_N_GenomeWideSNP_6_C05_741910	3	2212571	9325334	4155	0.0182
TARSI_p_TCGAb70_SNP_N_GenomeWideSNP_6_C05_741910	3	9325751	58091861	28100	-0.5074
TARSI_p_TCGAb70_SNP_N_GenomeWideSNP_6_C05_741910	3	58092346	84202817	15604	0.0156
TARSI_p_TCGAb70_SNP_N_GenomeWideSNP_6_C05_741910	3	84203494	84208364	2	-1.8667
TARSI_p_TCGAb70_SNP_N_GenomeWideSNP_6_C05_741910	3	84208546	197538677	58361	0.0145
TARSI_p_TCGAb70_SNP_N_GenomeWideSNP_6_C05_741910	4	1053934	134568479	73480	0.0015
TARSI_p_TCGAb70_SNP_N_GenomeWideSNP_6_C05_741910	4	134568899	134568987	2	-1.6533
TARSI_p_TCGAb70_SNP_N_GenomeWideSNP_6_C05_741910	4	134573586	164336324	16765	0.0049
TARSI_p_TCGAb70_SNP_N_GenomeWideSNP_6_C05_741910	4	164338027	164338653	4	-1.2265
TARSI_p_TCGAb70_SNP_N_GenomeWideSNP_6_C05_741910	4	164338760	188763651	12426	0.0019
TARSI_p_TCGAb70_SNP_N_GenomeWideSNP_6_C05_741910	5	914233	180360469	100435	0.0299
TARSI_p_TCGAb70_SNP_N_GenomeWideSNP_6_C05_741910	6	1014281	170903919	96397	0.0085
TARSI_p_TCGAb70_SNP_N_GenomeWideSNP_6_C05_741910	7	705284	158385118	81273	0.1321
TARSI_p_TCGAb70_SNP_N_GenomeWideSNP_6_C05_741910	8	617667	145232496	81462	-0.0285
TARSI_p_TCGAb70_SNP_N_GenomeWideSNP_6_C05_741910	9	789932	140938752	67934	-0.0932
TARSI_p_TCGAb70_SNP_N_GenomeWideSNP_6_C05_741910	10	415240	115927351	68362	-0.0026
TARSI_p_TCGAb70_SNP_N_GenomeWideSNP_6_C05_741910	10	115929928	115930776	2	-2.0604
TARSI_p_TCGAb70_SNP_N_GenomeWideSNP_6_C05_741910	10	115938936	135225087	12416	-0.0222
TARSI_p_TCGAb70_SNP_N_GenomeWideSNP_6_C05_741910	11	456120	128383077	73553	0.014
TARSI_p_TCGAb70_SNP_N_GenomeWideSNP_6_C05_741910	11	128383924	128387422	3	-1.431
TARSI_p_TCGAb70_SNP_N_GenomeWideSNP_6_C05_741910	11	128388721	134142530	3603	0.0163
TARSI_p_TCGAb70_SNP_N_GenomeWideSNP_6_C05_741910	12	889902	133161346	73880	0.096
TARSI_p_TCGAb70_SNP_N_GenomeWideSNP_6_C05_741910	13	19450806	63373781	25485	0.0093
TARSI_p_TCGAb70_SNP_N_GenomeWideSNP_6_C05_741910	13	63376850	63376944	2	-1.6242
TARSI_p_TCGAb70_SNP_N_GenomeWideSNP_6_C05_741910	13	63376974	66188213	1049	0.0149
TARSI_p_TCGAb70_SNP_N_GenomeWideSNP_6_C05_741910	13	66218209	67220115	509	0.4613
TARSI_p_TCGAb70_SNP_N_GenomeWideSNP_6_C05_741910	13	67230691	107382635	24806	2e-04
TARSI_p_TCGAb70_SNP_N_GenomeWideSNP_6_C05_741910	13	107384238	107384710	2	-1.5338
TARSI_p_TCGAb70_SNP_N_GenomeWideSNP_6_C05_741910	13	107385235	114987458	4743	0.0088
TARSI_p_TCGAb70_SNP_N_GenomeWideSNP_6_C05_741910	14	20501368	105988038	49393	-0.0992
TARSI_p_TCGAb70_SNP_N_GenomeWideSNP_6_C05_741910	15	23687685	101884307	44476	0.0162
TARSI_p_TCGAb70_SNP_N_GenomeWideSNP_6_C05_741910	16	653459	27041757	12461	0.0725
TARSI_p_TCGAb70_SNP_N_GenomeWideSNP_6_C05_741910	16	27041776	27042403	2	-1.4482
TARSI_p_TCGAb70_SNP_N_GenomeWideSNP_6_C05_741910	16	27044044	89379936	28299	0.0182
TARSI_p_TCGAb70_SNP_N_GenomeWideSNP_6_C05_741910	17	987221	80917016	36949	0.0096
TARSI_p_TCGAb70_SNP_N_GenomeWideSNP_6_C05_741910	18	329586	3589708	1345	-0.0981
TARSI_p_TCGAb70_SNP_N_GenomeWideSNP_6_C05_741910	18	3590273	3592145	2	-2.0385
TARSI_p_TCGAb70_SNP_N_GenomeWideSNP_6_C05_741910	18	3593896	22152236	8754	-0.0782
TARSI_p_TCGAb70_SNP_N_GenomeWideSNP_6_C05_741910	18	22152245	22159849	3	-1.2899
TARSI_p_TCGAb70_SNP_N_GenomeWideSNP_6_C05_741910	18	22159869	27601735	3375	-0.0724
TARSI_p_TCGAb70_SNP_N_GenomeWideSNP_6_C05_741910	18	27607686	27641982	24	-0.9401
TARSI_p_TCGAb70_SNP_N_GenomeWideSNP_6_C05_741910	18	27644624	77109240	29120	-0.0802
TARSI_p_TCGAb70_SNP_N_GenomeWideSNP_6_C05_741910	19	284018	58878226	23919	0.0094
TARSI_p_TCGAb70_SNP_N_GenomeWideSNP_6_C05_741910	20	455764	62219837	37240	0.0317
TARSI_p_TCGAb70_SNP_N_GenomeWideSNP_6_C05_741910	21	15347621	47678774	20566	0.0068
TARSI_p_TCGAb70_SNP_N_GenomeWideSNP_6_C05_741910	22	17423930	49331012	16904	0.0107
TARSI_p_TCGAb70_SNP_N_GenomeWideSNP_6_C05_741910	X	3157107	154905589	63771	8e-04
