GDC_Aliquot	Chromosome	Start	End	Num_Probes	Segment_Mean
dcc93038-1276-45d3-a209-c914ce4b9f77	1	62920	10186596	5091	0.0161
dcc93038-1276-45d3-a209-c914ce4b9f77	1	10189904	10189905	2	-1.3558
dcc93038-1276-45d3-a209-c914ce4b9f77	1	10189919	10311167	82	-0.0081
dcc93038-1276-45d3-a209-c914ce4b9f77	1	10311780	10317925	8	-0.5702
dcc93038-1276-45d3-a209-c914ce4b9f77	1	10321714	12832455	1331	0.022
dcc93038-1276-45d3-a209-c914ce4b9f77	1	12850124	12868035	7	0.6109
dcc93038-1276-45d3-a209-c914ce4b9f77	1	12922922	16542868	2125	0.0252
dcc93038-1276-45d3-a209-c914ce4b9f77	1	16544783	16679239	31	-0.809
dcc93038-1276-45d3-a209-c914ce4b9f77	1	16679281	16864367	27	-0.2567
dcc93038-1276-45d3-a209-c914ce4b9f77	1	16868660	16935737	52	0.3703
dcc93038-1276-45d3-a209-c914ce4b9f77	1	16935752	25256850	5264	0.0128
dcc93038-1276-45d3-a209-c914ce4b9f77	1	25266637	25284961	14	-0.4303
dcc93038-1276-45d3-a209-c914ce4b9f77	1	25289805	34626073	4961	0.0216
dcc93038-1276-45d3-a209-c914ce4b9f77	1	34637053	34648667	21	-0.6398
dcc93038-1276-45d3-a209-c914ce4b9f77	1	34649941	72303233	23769	0.0302
dcc93038-1276-45d3-a209-c914ce4b9f77	1	72303253	72345465	45	1.3702
dcc93038-1276-45d3-a209-c914ce4b9f77	1	72346221	102197851	19281	0.0337
dcc93038-1276-45d3-a209-c914ce4b9f77	1	102198253	102406316	176	0.1548
dcc93038-1276-45d3-a209-c914ce4b9f77	1	102411621	103615687	575	0.0331
dcc93038-1276-45d3-a209-c914ce4b9f77	1	103616725	103717410	7	-1.0596
dcc93038-1276-45d3-a209-c914ce4b9f77	1	103717617	105272977	799	0.0343
dcc93038-1276-45d3-a209-c914ce4b9f77	1	105278832	105279564	5	-0.6478
dcc93038-1276-45d3-a209-c914ce4b9f77	1	105282853	105470754	115	0.0839
dcc93038-1276-45d3-a209-c914ce4b9f77	1	105476583	105479101	10	0.7943
dcc93038-1276-45d3-a209-c914ce4b9f77	1	105479130	105479753	7	1.111
dcc93038-1276-45d3-a209-c914ce4b9f77	1	105481433	112147704	4601	0.0325
dcc93038-1276-45d3-a209-c914ce4b9f77	1	112153343	112163506	31	0.4537
dcc93038-1276-45d3-a209-c914ce4b9f77	1	112163518	121705338	5153	0.0288
dcc93038-1276-45d3-a209-c914ce4b9f77	1	143459641	143734438	97	-0.3194
dcc93038-1276-45d3-a209-c914ce4b9f77	1	143748012	144462189	41	0.1299
dcc93038-1276-45d3-a209-c914ce4b9f77	1	144469876	147238228	332	0.2978
dcc93038-1276-45d3-a209-c914ce4b9f77	1	147238323	147901760	448	0.3541
dcc93038-1276-45d3-a209-c914ce4b9f77	1	147905252	152583230	1525	0.2655
dcc93038-1276-45d3-a209-c914ce4b9f77	1	152583291	152614118	34	-1.6951
dcc93038-1276-45d3-a209-c914ce4b9f77	1	152618018	152778761	159	0.33
dcc93038-1276-45d3-a209-c914ce4b9f77	1	152782154	152796224	45	0.6162
dcc93038-1276-45d3-a209-c914ce4b9f77	1	152801429	161649136	5271	0.2889
dcc93038-1276-45d3-a209-c914ce4b9f77	1	161649159	161649222	3	1.1965
dcc93038-1276-45d3-a209-c914ce4b9f77	1	161649268	167795598	4898	0.2992
dcc93038-1276-45d3-a209-c914ce4b9f77	1	167796946	167797682	4	-0.9386
dcc93038-1276-45d3-a209-c914ce4b9f77	1	167799276	174827267	4637	0.2906
dcc93038-1276-45d3-a209-c914ce4b9f77	1	174827418	174832702	16	-0.646
dcc93038-1276-45d3-a209-c914ce4b9f77	1	174832716	179782742	3349	0.284
dcc93038-1276-45d3-a209-c914ce4b9f77	1	179782802	180438506	404	0.016
dcc93038-1276-45d3-a209-c914ce4b9f77	1	180441773	181624165	834	0.291
dcc93038-1276-45d3-a209-c914ce4b9f77	1	181624722	196762956	10060	0.0332
dcc93038-1276-45d3-a209-c914ce4b9f77	1	196769493	196859808	68	0.3164
dcc93038-1276-45d3-a209-c914ce4b9f77	1	196862194	209897717	8775	0.0349
dcc93038-1276-45d3-a209-c914ce4b9f77	1	209908268	209908720	2	-1.3459
dcc93038-1276-45d3-a209-c914ce4b9f77	1	209910639	248930189	27032	0.0311
dcc93038-1276-45d3-a209-c914ce4b9f77	2	12784	3680971	2568	0.0264
dcc93038-1276-45d3-a209-c914ce4b9f77	2	3684956	3688948	5	-2.0396
dcc93038-1276-45d3-a209-c914ce4b9f77	2	3694481	6551868	2519	0.0305
dcc93038-1276-45d3-a209-c914ce4b9f77	2	6554387	6566327	7	-1.084
dcc93038-1276-45d3-a209-c914ce4b9f77	2	6568590	14564825	5942	0.0262
dcc93038-1276-45d3-a209-c914ce4b9f77	2	14565932	14569968	11	-0.888
dcc93038-1276-45d3-a209-c914ce4b9f77	2	14570240	34466002	13040	0.0327
dcc93038-1276-45d3-a209-c914ce4b9f77	2	34474248	34512965	49	0.5739
dcc93038-1276-45d3-a209-c914ce4b9f77	2	34515572	35750907	869	0.0626
dcc93038-1276-45d3-a209-c914ce4b9f77	2	35752724	35761650	4	-1.6205
dcc93038-1276-45d3-a209-c914ce4b9f77	2	35761842	38145736	1901	0.0449
dcc93038-1276-45d3-a209-c914ce4b9f77	2	38146270	38146288	2	-1.6505
dcc93038-1276-45d3-a209-c914ce4b9f77	2	38146410	52510045	10215	0.0305
dcc93038-1276-45d3-a209-c914ce4b9f77	2	52510874	52554359	45	0.3181
dcc93038-1276-45d3-a209-c914ce4b9f77	2	52554366	76617340	15550	0.0297
dcc93038-1276-45d3-a209-c914ce4b9f77	2	76618047	76618300	5	-0.9885
dcc93038-1276-45d3-a209-c914ce4b9f77	2	76620460	78755575	1350	0.0336
dcc93038-1276-45d3-a209-c914ce4b9f77	2	78756907	79425767	548	0.0996
dcc93038-1276-45d3-a209-c914ce4b9f77	2	79425802	86710564	4472	0.0216
dcc93038-1276-45d3-a209-c914ce4b9f77	2	86725947	86726731	2	-1.6527
dcc93038-1276-45d3-a209-c914ce4b9f77	2	86743283	87516162	168	-0.025
dcc93038-1276-45d3-a209-c914ce4b9f77	2	87519870	87575400	11	-0.6376
dcc93038-1276-45d3-a209-c914ce4b9f77	2	87575894	88836539	494	0.0269
dcc93038-1276-45d3-a209-c914ce4b9f77	2	88836615	94681256	382	-0.1221
dcc93038-1276-45d3-a209-c914ce4b9f77	2	94682300	97537802	880	-0.0012
dcc93038-1276-45d3-a209-c914ce4b9f77	2	97540809	97545247	3	-1.3717
dcc93038-1276-45d3-a209-c914ce4b9f77	2	97545726	122719438	15073	0.0304
dcc93038-1276-45d3-a209-c914ce4b9f77	2	122722323	122724665	8	-0.6204
dcc93038-1276-45d3-a209-c914ce4b9f77	2	122726077	130026710	4778	0.0319
dcc93038-1276-45d3-a209-c914ce4b9f77	2	130031187	130068107	13	-0.5677
dcc93038-1276-45d3-a209-c914ce4b9f77	2	130068769	212316597	49583	0.0315
dcc93038-1276-45d3-a209-c914ce4b9f77	2	212321824	212327101	25	-0.5906
dcc93038-1276-45d3-a209-c914ce4b9f77	2	212327402	242147305	19018	0.0305
dcc93038-1276-45d3-a209-c914ce4b9f77	3	20930	3302363	2915	-0.2718
dcc93038-1276-45d3-a209-c914ce4b9f77	3	3303320	3303414	2	-2.8546
dcc93038-1276-45d3-a209-c914ce4b9f77	3	3303589	6604856	2896	-0.2934
dcc93038-1276-45d3-a209-c914ce4b9f77	3	6609441	6611645	23	-1.3345
dcc93038-1276-45d3-a209-c914ce4b9f77	3	6613391	20271633	9412	-0.3079
dcc93038-1276-45d3-a209-c914ce4b9f77	3	20273630	20274591	2	-2.1589
dcc93038-1276-45d3-a209-c914ce4b9f77	3	20286589	68697013	32508	-0.3041
dcc93038-1276-45d3-a209-c914ce4b9f77	3	68697108	68698262	14	-1.1648
dcc93038-1276-45d3-a209-c914ce4b9f77	3	68699607	99218940	15903	-0.3074
dcc93038-1276-45d3-a209-c914ce4b9f77	3	99225614	99230464	36	-1.0018
dcc93038-1276-45d3-a209-c914ce4b9f77	3	99230470	117501838	11273	-0.3006
dcc93038-1276-45d3-a209-c914ce4b9f77	3	117502092	117502457	2	-1.9197
dcc93038-1276-45d3-a209-c914ce4b9f77	3	117502540	130044016	7424	-0.3066
dcc93038-1276-45d3-a209-c914ce4b9f77	3	130044855	130079938	33	0.2467
dcc93038-1276-45d3-a209-c914ce4b9f77	3	130080170	136590609	4123	-0.3113
dcc93038-1276-45d3-a209-c914ce4b9f77	3	136594716	137088280	210	0.048
dcc93038-1276-45d3-a209-c914ce4b9f77	3	137089180	137314218	169	-0.252
dcc93038-1276-45d3-a209-c914ce4b9f77	3	137314418	137314420	2	1.0771
dcc93038-1276-45d3-a209-c914ce4b9f77	3	137314421	138779686	761	-0.3089
dcc93038-1276-45d3-a209-c914ce4b9f77	3	138788238	139156412	172	0.0151
dcc93038-1276-45d3-a209-c914ce4b9f77	3	139156760	139173937	19	-0.3695
dcc93038-1276-45d3-a209-c914ce4b9f77	3	139174473	139590036	257	0.0283
dcc93038-1276-45d3-a209-c914ce4b9f77	3	139590300	140177207	478	-0.3222
dcc93038-1276-45d3-a209-c914ce4b9f77	3	140184653	158613262	11459	0.0376
dcc93038-1276-45d3-a209-c914ce4b9f77	3	158619976	158621752	2	-1.3989
dcc93038-1276-45d3-a209-c914ce4b9f77	3	158623833	162405578	2343	0.0399
dcc93038-1276-45d3-a209-c914ce4b9f77	3	162419812	162424917	14	-1.1293
dcc93038-1276-45d3-a209-c914ce4b9f77	3	162426460	175362822	7985	0.047
dcc93038-1276-45d3-a209-c914ce4b9f77	3	175362958	175363437	4	-2.2509
dcc93038-1276-45d3-a209-c914ce4b9f77	3	175363536	195536070	13006	0.036
dcc93038-1276-45d3-a209-c914ce4b9f77	3	195536361	195730018	41	-0.3196
dcc93038-1276-45d3-a209-c914ce4b9f77	3	195733825	198107931	1150	0.0219
dcc93038-1276-45d3-a209-c914ce4b9f77	3	198108134	198169247	25	-0.1898
dcc93038-1276-45d3-a209-c914ce4b9f77	4	68929	10208766	5702	0.0224
dcc93038-1276-45d3-a209-c914ce4b9f77	4	10221792	10233644	35	1.313
dcc93038-1276-45d3-a209-c914ce4b9f77	4	10234518	10389091	171	-0.0284
dcc93038-1276-45d3-a209-c914ce4b9f77	4	10390730	10399044	15	-2.3664
dcc93038-1276-45d3-a209-c914ce4b9f77	4	10401094	34777382	16788	0.0337
dcc93038-1276-45d3-a209-c914ce4b9f77	4	34777403	34823103	41	-0.319
dcc93038-1276-45d3-a209-c914ce4b9f77	4	34828250	49203901	8974	0.0384
dcc93038-1276-45d3-a209-c914ce4b9f77	4	49204422	49588639	14	-0.5287
dcc93038-1276-45d3-a209-c914ce4b9f77	4	49618868	61071220	6069	0.0307
dcc93038-1276-45d3-a209-c914ce4b9f77	4	61075217	61076234	2	-1.364
dcc93038-1276-45d3-a209-c914ce4b9f77	4	61079968	62802116	939	0.0345
dcc93038-1276-45d3-a209-c914ce4b9f77	4	62804218	62805944	8	-0.6022
dcc93038-1276-45d3-a209-c914ce4b9f77	4	62813912	68354665	3435	0.0373
dcc93038-1276-45d3-a209-c914ce4b9f77	4	68361130	68391041	4	1.2334
dcc93038-1276-45d3-a209-c914ce4b9f77	4	68394355	68422424	8	-0.3677
dcc93038-1276-45d3-a209-c914ce4b9f77	4	68429081	114252500	27773	0.0327
dcc93038-1276-45d3-a209-c914ce4b9f77	4	114252544	114263073	25	0.4869
dcc93038-1276-45d3-a209-c914ce4b9f77	4	114263096	121360818	4340	0.0291
dcc93038-1276-45d3-a209-c914ce4b9f77	4	121361313	121363980	28	-0.7077
dcc93038-1276-45d3-a209-c914ce4b9f77	4	121369976	154881396	19670	0.0347
dcc93038-1276-45d3-a209-c914ce4b9f77	4	154881853	154881905	2	-2.2937
dcc93038-1276-45d3-a209-c914ce4b9f77	4	154881926	160958989	3921	0.0308
dcc93038-1276-45d3-a209-c914ce4b9f77	4	160959045	160963756	18	-0.455
dcc93038-1276-45d3-a209-c914ce4b9f77	4	160963767	172066777	7075	0.034
dcc93038-1276-45d3-a209-c914ce4b9f77	4	172067997	172068382	12	-1.7185
dcc93038-1276-45d3-a209-c914ce4b9f77	4	172074828	190106768	12080	0.0422
dcc93038-1276-45d3-a209-c914ce4b9f77	5	15532	698390	309	-0.0401
dcc93038-1276-45d3-a209-c914ce4b9f77	5	717264	823655	39	-0.371
dcc93038-1276-45d3-a209-c914ce4b9f77	5	823951	46271006	30330	0.0313
dcc93038-1276-45d3-a209-c914ce4b9f77	5	46271828	46273400	6	-2.2204
dcc93038-1276-45d3-a209-c914ce4b9f77	5	46278110	53399287	1947	0.0277
dcc93038-1276-45d3-a209-c914ce4b9f77	5	53399527	53400140	2	-2.0405
dcc93038-1276-45d3-a209-c914ce4b9f77	5	53401297	62277545	5994	0.0285
dcc93038-1276-45d3-a209-c914ce4b9f77	5	62279164	62280446	3	-2.4361
dcc93038-1276-45d3-a209-c914ce4b9f77	5	62286365	82122944	11364	0.0252
dcc93038-1276-45d3-a209-c914ce4b9f77	5	82123459	82131663	3	-2.4171
dcc93038-1276-45d3-a209-c914ce4b9f77	5	82132219	99141104	9531	0.0225
dcc93038-1276-45d3-a209-c914ce4b9f77	5	99143476	100227386	633	0.1204
dcc93038-1276-45d3-a209-c914ce4b9f77	5	100229863	105097721	2919	0.0394
dcc93038-1276-45d3-a209-c914ce4b9f77	5	105097893	105167266	45	-0.895
dcc93038-1276-45d3-a209-c914ce4b9f77	5	105168236	121072348	10865	0.0331
dcc93038-1276-45d3-a209-c914ce4b9f77	5	121072778	121073343	2	-1.5078
dcc93038-1276-45d3-a209-c914ce4b9f77	5	121073464	140827458	11859	0.0328
dcc93038-1276-45d3-a209-c914ce4b9f77	5	140838209	140872578	17	-0.4234
dcc93038-1276-45d3-a209-c914ce4b9f77	5	140874202	156049988	10213	0.0323
dcc93038-1276-45d3-a209-c914ce4b9f77	5	156051752	156068240	12	-0.739
dcc93038-1276-45d3-a209-c914ce4b9f77	5	156068247	180947523	16597	0.0245
dcc93038-1276-45d3-a209-c914ce4b9f77	5	180951710	180991103	19	-1.613
dcc93038-1276-45d3-a209-c914ce4b9f77	5	181006225	181363319	170	0.0164
dcc93038-1276-45d3-a209-c914ce4b9f77	6	149661	252145	96	-0.0294
dcc93038-1276-45d3-a209-c914ce4b9f77	6	252772	336218	49	0.3083
dcc93038-1276-45d3-a209-c914ce4b9f77	6	336809	2701830	1974	0.0469
dcc93038-1276-45d3-a209-c914ce4b9f77	6	2701887	2701901	2	-1.4265
dcc93038-1276-45d3-a209-c914ce4b9f77	6	2704200	29869411	19532	0.0333
dcc93038-1276-45d3-a209-c914ce4b9f77	6	29869537	29881490	14	-1.1072
dcc93038-1276-45d3-a209-c914ce4b9f77	6	29882419	31318528	665	0.0223
dcc93038-1276-45d3-a209-c914ce4b9f77	6	31318754	31342147	10	-1.6824
dcc93038-1276-45d3-a209-c914ce4b9f77	6	31349570	32717773	595	0.0524
dcc93038-1276-45d3-a209-c914ce4b9f77	6	32718088	32735385	19	0.5563
dcc93038-1276-45d3-a209-c914ce4b9f77	6	32743878	54066353	13646	0.0287
dcc93038-1276-45d3-a209-c914ce4b9f77	6	54066432	54067057	6	-1.2084
dcc93038-1276-45d3-a209-c914ce4b9f77	6	54070550	54711195	420	0.0322
dcc93038-1276-45d3-a209-c914ce4b9f77	6	54712240	54713240	4	-0.8809
dcc93038-1276-45d3-a209-c914ce4b9f77	6	54713280	60609639	1830	0.0294
dcc93038-1276-45d3-a209-c914ce4b9f77	6	60614807	60649356	18	0.3918
dcc93038-1276-45d3-a209-c914ce4b9f77	6	60649473	60663468	8	-0.293
dcc93038-1276-45d3-a209-c914ce4b9f77	6	60663570	60837956	79	0.1444
dcc93038-1276-45d3-a209-c914ce4b9f77	6	60842857	60879226	11	-0.1263
dcc93038-1276-45d3-a209-c914ce4b9f77	6	60880028	60990823	41	0.4618
dcc93038-1276-45d3-a209-c914ce4b9f77	6	60991721	64627049	1817	0.0405
dcc93038-1276-45d3-a209-c914ce4b9f77	6	64637651	64639099	2	1.2026
dcc93038-1276-45d3-a209-c914ce4b9f77	6	64640883	66298393	1104	0.0482
dcc93038-1276-45d3-a209-c914ce4b9f77	6	66299130	66339513	56	-0.5953
dcc93038-1276-45d3-a209-c914ce4b9f77	6	66339706	73882509	5002	0.0386
dcc93038-1276-45d3-a209-c914ce4b9f77	6	73882741	73891694	9	-2.7043
dcc93038-1276-45d3-a209-c914ce4b9f77	6	73893839	76711775	1760	0.0356
dcc93038-1276-45d3-a209-c914ce4b9f77	6	76712780	76759379	37	0.3099
dcc93038-1276-45d3-a209-c914ce4b9f77	6	76760534	78253172	970	0.055
dcc93038-1276-45d3-a209-c914ce4b9f77	6	78259348	78322600	108	0.6364
dcc93038-1276-45d3-a209-c914ce4b9f77	6	78322875	93744851	9890	0.0436
dcc93038-1276-45d3-a209-c914ce4b9f77	6	93747318	94915605	778	0.1075
dcc93038-1276-45d3-a209-c914ce4b9f77	6	94919986	103290101	4810	0.0293
dcc93038-1276-45d3-a209-c914ce4b9f77	6	103290164	103314186	45	0.7086
dcc93038-1276-45d3-a209-c914ce4b9f77	6	103317795	107635808	2686	0.0328
dcc93038-1276-45d3-a209-c914ce4b9f77	6	107636203	107636312	2	-2.1764
dcc93038-1276-45d3-a209-c914ce4b9f77	6	107638648	147686008	25199	0.0358
dcc93038-1276-45d3-a209-c914ce4b9f77	6	147687001	147687744	2	-1.9466
dcc93038-1276-45d3-a209-c914ce4b9f77	6	147693411	154639748	5104	0.0273
dcc93038-1276-45d3-a209-c914ce4b9f77	6	154642532	154644703	3	-1.0645
dcc93038-1276-45d3-a209-c914ce4b9f77	6	154645133	157358463	1777	0.0402
dcc93038-1276-45d3-a209-c914ce4b9f77	6	157360232	157408585	8	0.7208
dcc93038-1276-45d3-a209-c914ce4b9f77	6	157414539	170741917	9389	0.0354
dcc93038-1276-45d3-a209-c914ce4b9f77	7	43355	3987667	1983	0.0228
dcc93038-1276-45d3-a209-c914ce4b9f77	7	3987791	7018793	1511	-0.0098
dcc93038-1276-45d3-a209-c914ce4b9f77	7	7018950	22395161	12564	0.0431
dcc93038-1276-45d3-a209-c914ce4b9f77	7	22395853	22396868	2	-2.642
dcc93038-1276-45d3-a209-c914ce4b9f77	7	22399135	38286633	11331	0.0254
dcc93038-1276-45d3-a209-c914ce4b9f77	7	38286669	38317181	68	-0.2907
dcc93038-1276-45d3-a209-c914ce4b9f77	7	38317207	65498738	14220	0.0218
dcc93038-1276-45d3-a209-c914ce4b9f77	7	65501240	65601789	12	-0.5421
dcc93038-1276-45d3-a209-c914ce4b9f77	7	65602041	88634899	12743	0.0281
dcc93038-1276-45d3-a209-c914ce4b9f77	7	88635032	89744451	736	0.1099
dcc93038-1276-45d3-a209-c914ce4b9f77	7	89746799	89747230	3	-0.4078
dcc93038-1276-45d3-a209-c914ce4b9f77	7	89747390	109793741	11752	0.0298
dcc93038-1276-45d3-a209-c914ce4b9f77	7	109797035	109800866	23	-0.4018
dcc93038-1276-45d3-a209-c914ce4b9f77	7	109801155	109813853	12	-1.803
dcc93038-1276-45d3-a209-c914ce4b9f77	7	109813925	126405502	10031	0.0324
dcc93038-1276-45d3-a209-c914ce4b9f77	7	126405597	126406561	10	-0.99
dcc93038-1276-45d3-a209-c914ce4b9f77	7	126406822	134093899	4698	0.0271
dcc93038-1276-45d3-a209-c914ce4b9f77	7	134100424	134124039	39	-0.345
dcc93038-1276-45d3-a209-c914ce4b9f77	7	134130638	142063324	5187	0.0196
dcc93038-1276-45d3-a209-c914ce4b9f77	7	142069843	142092108	33	-0.5619
dcc93038-1276-45d3-a209-c914ce4b9f77	7	142092307	144176859	1202	0.021
dcc93038-1276-45d3-a209-c914ce4b9f77	7	144199159	144326306	13	-0.6251
dcc93038-1276-45d3-a209-c914ce4b9f77	7	144336758	154598185	6412	0.0293
dcc93038-1276-45d3-a209-c914ce4b9f77	7	154601461	154607903	4	-1.9188
dcc93038-1276-45d3-a209-c914ce4b9f77	7	154609120	159334314	3231	0.0077
dcc93038-1276-45d3-a209-c914ce4b9f77	8	81254	645875	330	0.0674
dcc93038-1276-45d3-a209-c914ce4b9f77	8	645892	645908	2	1.7411
dcc93038-1276-45d3-a209-c914ce4b9f77	8	656117	1418902	565	0.0435
dcc93038-1276-45d3-a209-c914ce4b9f77	8	1419196	1419436	2	-1.5133
dcc93038-1276-45d3-a209-c914ce4b9f77	8	1419522	3016831	1318	0.0503
dcc93038-1276-45d3-a209-c914ce4b9f77	8	3032370	3041754	6	-0.6946
dcc93038-1276-45d3-a209-c914ce4b9f77	8	3041776	4048687	1332	0.0568
dcc93038-1276-45d3-a209-c914ce4b9f77	8	4050285	4050928	5	-1.2357
dcc93038-1276-45d3-a209-c914ce4b9f77	8	4052574	4307107	495	0.0558
dcc93038-1276-45d3-a209-c914ce4b9f77	8	4307125	4309665	19	-0.3826
dcc93038-1276-45d3-a209-c914ce4b9f77	8	4309863	5736745	1924	0.0776
dcc93038-1276-45d3-a209-c914ce4b9f77	8	5741204	5746973	27	-0.6391
dcc93038-1276-45d3-a209-c914ce4b9f77	8	5749566	6168471	533	0.0997
dcc93038-1276-45d3-a209-c914ce4b9f77	8	6168786	7068218	1133	0.0067
dcc93038-1276-45d3-a209-c914ce4b9f77	8	7076236	8085660	90	-0.1588
dcc93038-1276-45d3-a209-c914ce4b9f77	8	8101440	8196822	9	-0.5168
dcc93038-1276-45d3-a209-c914ce4b9f77	8	8197738	8214781	3	-1.9937
dcc93038-1276-45d3-a209-c914ce4b9f77	8	8234503	128744020	76448	0.0298
dcc93038-1276-45d3-a209-c914ce4b9f77	8	128750889	128751839	2	-2.3548
dcc93038-1276-45d3-a209-c914ce4b9f77	8	128765208	141081754	9521	0.0389
dcc93038-1276-45d3-a209-c914ce4b9f77	8	141087091	145072769	1726	-0.0034
dcc93038-1276-45d3-a209-c914ce4b9f77	9	46587	6279247	6069	0.04
dcc93038-1276-45d3-a209-c914ce4b9f77	9	6281462	6309862	19	0.2431
dcc93038-1276-45d3-a209-c914ce4b9f77	9	6310446	11519198	4809	0.0632
dcc93038-1276-45d3-a209-c914ce4b9f77	9	11521973	12626538	863	0.1316
dcc93038-1276-45d3-a209-c914ce4b9f77	9	12627054	21198034	7183	0.0276
dcc93038-1276-45d3-a209-c914ce4b9f77	9	21201184	21210758	3	-1.0079
dcc93038-1276-45d3-a209-c914ce4b9f77	9	21214878	23361807	1482	0.0247
dcc93038-1276-45d3-a209-c914ce4b9f77	9	23363117	23373486	8	0.9332
dcc93038-1276-45d3-a209-c914ce4b9f77	9	23378490	25591901	1615	0.03
dcc93038-1276-45d3-a209-c914ce4b9f77	9	25591950	25592658	3	-1.1529
dcc93038-1276-45d3-a209-c914ce4b9f77	9	25597967	28276258	2120	0.0377
dcc93038-1276-45d3-a209-c914ce4b9f77	9	28278105	28279001	3	-0.9247
dcc93038-1276-45d3-a209-c914ce4b9f77	9	28281693	28572282	209	0.0384
dcc93038-1276-45d3-a209-c914ce4b9f77	9	28574044	28959081	310	0.1306
dcc93038-1276-45d3-a209-c914ce4b9f77	9	28959097	40769393	6508	0.0293
dcc93038-1276-45d3-a209-c914ce4b9f77	9	40796987	42825767	166	-0.2399
dcc93038-1276-45d3-a209-c914ce4b9f77	9	42834329	61405110	15	0.1602
dcc93038-1276-45d3-a209-c914ce4b9f77	9	61520021	61647899	30	0.5774
dcc93038-1276-45d3-a209-c914ce4b9f77	9	61665362	68391659	181	-0.1
dcc93038-1276-45d3-a209-c914ce4b9f77	9	68394191	111491213	30884	0.0307
dcc93038-1276-45d3-a209-c914ce4b9f77	9	111495106	111505235	7	0.7137
dcc93038-1276-45d3-a209-c914ce4b9f77	9	111505816	136532614	16422	0.0279
dcc93038-1276-45d3-a209-c914ce4b9f77	9	136536903	136537300	3	-0.9947
dcc93038-1276-45d3-a209-c914ce4b9f77	9	136539349	138123971	573	0.0218
dcc93038-1276-45d3-a209-c914ce4b9f77	9	138124041	138200944	20	-0.1853
dcc93038-1276-45d3-a209-c914ce4b9f77	10	45792	30957563	24219	0.0213
dcc93038-1276-45d3-a209-c914ce4b9f77	10	30957581	30962797	10	-0.5345
dcc93038-1276-45d3-a209-c914ce4b9f77	10	30962809	38770921	4825	0.0239
dcc93038-1276-45d3-a209-c914ce4b9f77	10	38777539	42330980	64	-0.187
dcc93038-1276-45d3-a209-c914ce4b9f77	10	42331264	46836986	2609	0.0232
dcc93038-1276-45d3-a209-c914ce4b9f77	10	46898735	46901552	2	1.66
dcc93038-1276-45d3-a209-c914ce4b9f77	10	46967412	55918783	5999	0.0298
dcc93038-1276-45d3-a209-c914ce4b9f77	10	55920745	65546518	6685	-0.3143
dcc93038-1276-45d3-a209-c914ce4b9f77	10	65548165	65563168	30	0.1664
dcc93038-1276-45d3-a209-c914ce4b9f77	10	65565695	133420636	46058	-0.3203
dcc93038-1276-45d3-a209-c914ce4b9f77	10	133420671	133573736	112	0.3414
dcc93038-1276-45d3-a209-c914ce4b9f77	10	133574363	133654968	34	-0.3701
dcc93038-1276-45d3-a209-c914ce4b9f77	11	198510	5500921	2989	0.0265
dcc93038-1276-45d3-a209-c914ce4b9f77	11	5500945	5501334	5	-0.9232
dcc93038-1276-45d3-a209-c914ce4b9f77	11	5502363	5762693	239	0.0489
dcc93038-1276-45d3-a209-c914ce4b9f77	11	5766175	5791130	36	0.6256
dcc93038-1276-45d3-a209-c914ce4b9f77	11	5794956	18927562	9405	0.0315
dcc93038-1276-45d3-a209-c914ce4b9f77	11	18927778	18939855	37	-0.3372
dcc93038-1276-45d3-a209-c914ce4b9f77	11	18940050	21733139	2527	0.0413
dcc93038-1276-45d3-a209-c914ce4b9f77	11	21735961	21741547	3	-1.2311
dcc93038-1276-45d3-a209-c914ce4b9f77	11	21741865	22322609	367	0.0118
dcc93038-1276-45d3-a209-c914ce4b9f77	11	22329922	22330059	2	-2.6897
dcc93038-1276-45d3-a209-c914ce4b9f77	11	22333699	36942293	10414	0.0309
dcc93038-1276-45d3-a209-c914ce4b9f77	11	36942730	37634995	469	0.115
dcc93038-1276-45d3-a209-c914ce4b9f77	11	37635189	49737435	7258	0.0302
dcc93038-1276-45d3-a209-c914ce4b9f77	11	49738003	49739136	6	-0.835
dcc93038-1276-45d3-a209-c914ce4b9f77	11	49744609	55609022	732	0.0414
dcc93038-1276-45d3-a209-c914ce4b9f77	11	55609035	55707880	63	0.3719
dcc93038-1276-45d3-a209-c914ce4b9f77	11	55708084	125205425	44707	0.0305
dcc93038-1276-45d3-a209-c914ce4b9f77	11	125205483	125213808	27	-0.9498
dcc93038-1276-45d3-a209-c914ce4b9f77	11	125218374	134731897	7260	0.0328
dcc93038-1276-45d3-a209-c914ce4b9f77	11	134732386	134734098	3	-1.1428
dcc93038-1276-45d3-a209-c914ce4b9f77	11	134737977	135074876	281	0.0342
dcc93038-1276-45d3-a209-c914ce4b9f77	12	51460	760032	419	0.0338
dcc93038-1276-45d3-a209-c914ce4b9f77	12	760097	764863	16	-0.8276
dcc93038-1276-45d3-a209-c914ce4b9f77	12	766188	8268228	5122	0.0288
dcc93038-1276-45d3-a209-c914ce4b9f77	12	8275839	8283642	2	-1.5138
dcc93038-1276-45d3-a209-c914ce4b9f77	12	8283732	8432076	57	-0.1925
dcc93038-1276-45d3-a209-c914ce4b9f77	12	8442298	11358643	1762	0.0362
dcc93038-1276-45d3-a209-c914ce4b9f77	12	11358644	11390472	30	-0.751
dcc93038-1276-45d3-a209-c914ce4b9f77	12	11399258	29010695	12318	0.0303
dcc93038-1276-45d3-a209-c914ce4b9f77	12	29011388	29011589	2	-1.3194
dcc93038-1276-45d3-a209-c914ce4b9f77	12	29015050	33141726	3062	0.0283
dcc93038-1276-45d3-a209-c914ce4b9f77	12	33148472	33149079	8	0.2892
dcc93038-1276-45d3-a209-c914ce4b9f77	12	33149267	33150444	5	0.9289
dcc93038-1276-45d3-a209-c914ce4b9f77	12	33150459	33187415	42	0.2381
dcc93038-1276-45d3-a209-c914ce4b9f77	12	33187588	33233822	17	-0.0492
dcc93038-1276-45d3-a209-c914ce4b9f77	12	33235894	33242207	4	-2.5935
dcc93038-1276-45d3-a209-c914ce4b9f77	12	33242483	45510655	5541	0.0388
dcc93038-1276-45d3-a209-c914ce4b9f77	12	45512057	45515754	3	-2.3163
dcc93038-1276-45d3-a209-c914ce4b9f77	12	45519509	79759913	21114	0.0245
dcc93038-1276-45d3-a209-c914ce4b9f77	12	79765255	79765300	3	1.4611
dcc93038-1276-45d3-a209-c914ce4b9f77	12	79770335	90089573	6121	0.0337
dcc93038-1276-45d3-a209-c914ce4b9f77	12	90097892	90098282	6	0.876
dcc93038-1276-45d3-a209-c914ce4b9f77	12	90098297	119790988	20308	0.0299
dcc93038-1276-45d3-a209-c914ce4b9f77	12	119791867	119791877	2	-1.7306
dcc93038-1276-45d3-a209-c914ce4b9f77	12	119792138	127436033	4665	0.0124
dcc93038-1276-45d3-a209-c914ce4b9f77	12	127436417	130619369	2823	0.0515
dcc93038-1276-45d3-a209-c914ce4b9f77	12	130619537	130619612	2	-1.2236
dcc93038-1276-45d3-a209-c914ce4b9f77	12	130619910	133201603	1396	0.0207
dcc93038-1276-45d3-a209-c914ce4b9f77	13	18452809	18600494	13	-0.4792
dcc93038-1276-45d3-a209-c914ce4b9f77	13	18601035	31957984	9551	0.0326
dcc93038-1276-45d3-a209-c914ce4b9f77	13	31958485	31964286	18	-0.9567
dcc93038-1276-45d3-a209-c914ce4b9f77	13	31965910	54743769	15223	0.0339
dcc93038-1276-45d3-a209-c914ce4b9f77	13	54747402	54904424	90	0.2184
dcc93038-1276-45d3-a209-c914ce4b9f77	13	54910007	57175549	1124	0.0238
dcc93038-1276-45d3-a209-c914ce4b9f77	13	57175585	57433813	178	0.2126
dcc93038-1276-45d3-a209-c914ce4b9f77	13	57441104	74447760	10775	0.0365
dcc93038-1276-45d3-a209-c914ce4b9f77	13	74447866	74448524	2	-1.481
dcc93038-1276-45d3-a209-c914ce4b9f77	13	74450476	97875020	15032	0.0356
dcc93038-1276-45d3-a209-c914ce4b9f77	13	97877870	97881576	7	-0.9194
dcc93038-1276-45d3-a209-c914ce4b9f77	13	97886045	105089430	5522	0.0295
dcc93038-1276-45d3-a209-c914ce4b9f77	13	105089948	105751635	530	0.137
dcc93038-1276-45d3-a209-c914ce4b9f77	13	105752039	114342922	6085	0.0299
dcc93038-1276-45d3-a209-c914ce4b9f77	14	18239283	19926759	150	-0.1814
dcc93038-1276-45d3-a209-c914ce4b9f77	14	19926968	22155699	1572	0.0251
dcc93038-1276-45d3-a209-c914ce4b9f77	14	22156145	22530451	324	-0.1415
dcc93038-1276-45d3-a209-c914ce4b9f77	14	22530607	41139155	11717	0.0301
dcc93038-1276-45d3-a209-c914ce4b9f77	14	41141293	41188146	15	-0.4538
dcc93038-1276-45d3-a209-c914ce4b9f77	14	41200899	73534419	20463	0.0286
dcc93038-1276-45d3-a209-c914ce4b9f77	14	73540003	73563196	9	0.7459
dcc93038-1276-45d3-a209-c914ce4b9f77	14	73563211	105588560	20651	0.0291
dcc93038-1276-45d3-a209-c914ce4b9f77	14	105612353	105701150	16	-1.0805
dcc93038-1276-45d3-a209-c914ce4b9f77	14	105728140	106321086	210	-0.1246
dcc93038-1276-45d3-a209-c914ce4b9f77	14	106340102	106346129	7	-0.8811
dcc93038-1276-45d3-a209-c914ce4b9f77	14	106360014	106416146	30	0.0902
dcc93038-1276-45d3-a209-c914ce4b9f77	14	106418444	106487827	53	-0.6479
dcc93038-1276-45d3-a209-c914ce4b9f77	14	106492557	106524409	17	-0.0663
dcc93038-1276-45d3-a209-c914ce4b9f77	14	106524618	106524704	2	-0.9546
dcc93038-1276-45d3-a209-c914ce4b9f77	14	106531859	106877229	172	0.0313
dcc93038-1276-45d3-a209-c914ce4b9f77	15	19811075	19904997	16	-0.0318
dcc93038-1276-45d3-a209-c914ce4b9f77	15	19907021	19957492	13	-0.4758
dcc93038-1276-45d3-a209-c914ce4b9f77	15	19958418	20001686	16	-0.0342
dcc93038-1276-45d3-a209-c914ce4b9f77	15	20011702	20376202	48	0.3795
dcc93038-1276-45d3-a209-c914ce4b9f77	15	20376309	20384907	15	1.121
dcc93038-1276-45d3-a209-c914ce4b9f77	15	20385137	20418953	20	0.692
dcc93038-1276-45d3-a209-c914ce4b9f77	15	20421755	21417107	47	0.0485
dcc93038-1276-45d3-a209-c914ce4b9f77	15	21975606	22299523	31	0.7327
dcc93038-1276-45d3-a209-c914ce4b9f77	15	22385639	24424598	993	0.0285
dcc93038-1276-45d3-a209-c914ce4b9f77	15	24429604	24469692	30	-0.681
dcc93038-1276-45d3-a209-c914ce4b9f77	15	24469711	30157841	3602	0.0266
dcc93038-1276-45d3-a209-c914ce4b9f77	15	30158166	30230885	6	-0.672
dcc93038-1276-45d3-a209-c914ce4b9f77	15	30231102	30515739	25	-0.0731
dcc93038-1276-45d3-a209-c914ce4b9f77	15	30595753	30608675	2	-1.6968
dcc93038-1276-45d3-a209-c914ce4b9f77	15	30621384	32151263	1043	0.0269
dcc93038-1276-45d3-a209-c914ce4b9f77	15	32151854	32212063	3	-1.0705
dcc93038-1276-45d3-a209-c914ce4b9f77	15	32217691	34421922	1518	0.0185
dcc93038-1276-45d3-a209-c914ce4b9f77	15	34430601	34526116	64	-0.6599
dcc93038-1276-45d3-a209-c914ce4b9f77	15	34570058	37407184	2016	0.0386
dcc93038-1276-45d3-a209-c914ce4b9f77	15	37414606	37415195	2	-1.5964
dcc93038-1276-45d3-a209-c914ce4b9f77	15	37415339	92261879	34708	0.0246
dcc93038-1276-45d3-a209-c914ce4b9f77	15	92261893	92263243	22	-0.386
dcc93038-1276-45d3-a209-c914ce4b9f77	15	92267541	101928837	7316	0.0368
dcc93038-1276-45d3-a209-c914ce4b9f77	16	10777	5853316	2974	-0.0011
dcc93038-1276-45d3-a209-c914ce4b9f77	16	5853631	8009712	2667	0.0666
dcc93038-1276-45d3-a209-c914ce4b9f77	16	8010439	35236333	14531	0.0206
dcc93038-1276-45d3-a209-c914ce4b9f77	16	35236927	35522700	166	0.4761
dcc93038-1276-45d3-a209-c914ce4b9f77	16	35526596	55762682	6600	0.026
dcc93038-1276-45d3-a209-c914ce4b9f77	16	55764310	55770436	4	1.6099
dcc93038-1276-45d3-a209-c914ce4b9f77	16	55771496	90096867	24931	0.0286
dcc93038-1276-45d3-a209-c914ce4b9f77	17	150733	46085732	23334	0.0209
dcc93038-1276-45d3-a209-c914ce4b9f77	17	46088437	46284997	123	0.7442
dcc93038-1276-45d3-a209-c914ce4b9f77	17	46286804	83091923	21572	0.0223
dcc93038-1276-45d3-a209-c914ce4b9f77	18	48133	14108789	10044	0.0465
dcc93038-1276-45d3-a209-c914ce4b9f77	18	14113929	15326742	348	-0.0454
dcc93038-1276-45d3-a209-c914ce4b9f77	18	15327547	65537298	29549	0.0453
dcc93038-1276-45d3-a209-c914ce4b9f77	18	65537340	65850430	201	0.164
dcc93038-1276-45d3-a209-c914ce4b9f77	18	65851250	71375365	3994	0.053
dcc93038-1276-45d3-a209-c914ce4b9f77	18	71377038	73279874	1474	0.1367
dcc93038-1276-45d3-a209-c914ce4b9f77	18	73280956	73281063	4	-0.7574
dcc93038-1276-45d3-a209-c914ce4b9f77	18	73281099	73909422	572	0.1261
dcc93038-1276-45d3-a209-c914ce4b9f77	18	73912168	80257174	4558	0.0411
dcc93038-1276-45d3-a209-c914ce4b9f77	19	90910	35358407	16703	0.0138
dcc93038-1276-45d3-a209-c914ce4b9f77	19	35358420	35370946	22	-0.6031
dcc93038-1276-45d3-a209-c914ce4b9f77	19	35375842	55766684	10540	0.0114
dcc93038-1276-45d3-a209-c914ce4b9f77	19	55770704	55771701	5	1.3265
dcc93038-1276-45d3-a209-c914ce4b9f77	19	55774927	55944674	170	0.0188
dcc93038-1276-45d3-a209-c914ce4b9f77	19	55946752	55956009	15	-0.3628
dcc93038-1276-45d3-a209-c914ce4b9f77	19	55957133	56963538	661	0.0253
dcc93038-1276-45d3-a209-c914ce4b9f77	19	56965903	56968114	5	-1.056
dcc93038-1276-45d3-a209-c914ce4b9f77	19	56970224	58586487	987	0.0044
dcc93038-1276-45d3-a209-c914ce4b9f77	20	80664	14940893	11333	0.0318
dcc93038-1276-45d3-a209-c914ce4b9f77	20	14941714	14943613	5	-0.877
dcc93038-1276-45d3-a209-c914ce4b9f77	20	14952250	61646245	29851	0.0208
dcc93038-1276-45d3-a209-c914ce4b9f77	20	61647346	61656669	5	-0.8004
dcc93038-1276-45d3-a209-c914ce4b9f77	20	61657593	64324800	1187	0.0243
dcc93038-1276-45d3-a209-c914ce4b9f77	21	10354168	13583316	269	0.0092
dcc93038-1276-45d3-a209-c914ce4b9f77	21	13612103	13803967	5	0.7365
dcc93038-1276-45d3-a209-c914ce4b9f77	21	13812646	22278814	6025	0.0306
dcc93038-1276-45d3-a209-c914ce4b9f77	21	22283580	22292338	9	-0.865
dcc93038-1276-45d3-a209-c914ce4b9f77	21	22294679	23773398	1159	0.0786
dcc93038-1276-45d3-a209-c914ce4b9f77	21	23774898	46677045	16395	0.027
dcc93038-1276-45d3-a209-c914ce4b9f77	22	15294547	19996490	1827	0.0144
dcc93038-1276-45d3-a209-c914ce4b9f77	22	19996677	19996688	2	-1.6053
dcc93038-1276-45d3-a209-c914ce4b9f77	22	19996878	38954217	13402	0.0163
dcc93038-1276-45d3-a209-c914ce4b9f77	22	38955461	38979302	25	-0.7062
dcc93038-1276-45d3-a209-c914ce4b9f77	22	38993700	44858015	3633	0.0245
dcc93038-1276-45d3-a209-c914ce4b9f77	22	44858046	44859580	4	-0.8132
dcc93038-1276-45d3-a209-c914ce4b9f77	22	44862577	46481341	1034	0.0263
dcc93038-1276-45d3-a209-c914ce4b9f77	22	46481492	46482140	2	-1.3245
dcc93038-1276-45d3-a209-c914ce4b9f77	22	46482141	50796027	3339	0.029
dcc93038-1276-45d3-a209-c914ce4b9f77	X	251810	63193211	33519	0.0104
dcc93038-1276-45d3-a209-c914ce4b9f77	X	63250575	63285991	21	1.287
dcc93038-1276-45d3-a209-c914ce4b9f77	X	63297125	101814271	19166	0.0045
dcc93038-1276-45d3-a209-c914ce4b9f77	X	101814352	101823541	4	-2.1149
dcc93038-1276-45d3-a209-c914ce4b9f77	X	101823570	155952689	30862	0.0102
dcc93038-1276-45d3-a209-c914ce4b9f77	Y	2782397	9329696	2227	-0.8924
dcc93038-1276-45d3-a209-c914ce4b9f77	Y	9330531	9550385	22	-1.4256
dcc93038-1276-45d3-a209-c914ce4b9f77	Y	9550653	21961640	4092	-0.8827
dcc93038-1276-45d3-a209-c914ce4b9f77	Y	22159306	22197200	5	-2.0915
dcc93038-1276-45d3-a209-c914ce4b9f77	Y	22213784	56872112	294	-0.9341
