GDC_Aliquot	Chromosome	Start	End	Num_Probes	Segment_Mean
9ac70fcf-8c13-4fe6-b259-29dbd51c5b4a	1	62920	2792747	520	0.0398
9ac70fcf-8c13-4fe6-b259-29dbd51c5b4a	1	2793053	3259896	202	0.152
9ac70fcf-8c13-4fe6-b259-29dbd51c5b4a	1	3260916	16864367	7980	0.0074
9ac70fcf-8c13-4fe6-b259-29dbd51c5b4a	1	16868660	16949746	54	-0.4854
9ac70fcf-8c13-4fe6-b259-29dbd51c5b4a	1	16951445	25266637	5261	0.0063
9ac70fcf-8c13-4fe6-b259-29dbd51c5b4a	1	25269390	25320253	22	0.6287
9ac70fcf-8c13-4fe6-b259-29dbd51c5b4a	1	25320455	72284670	28720	0.0063
9ac70fcf-8c13-4fe6-b259-29dbd51c5b4a	1	72290430	72297687	9	-0.9545
9ac70fcf-8c13-4fe6-b259-29dbd51c5b4a	1	72302735	72345465	48	1.3971
9ac70fcf-8c13-4fe6-b259-29dbd51c5b4a	1	72346221	103697364	20036	0.0023
9ac70fcf-8c13-4fe6-b259-29dbd51c5b4a	1	103717410	103760781	3	-1.0883
9ac70fcf-8c13-4fe6-b259-29dbd51c5b4a	1	103760879	105476583	918	-0.0149
9ac70fcf-8c13-4fe6-b259-29dbd51c5b4a	1	105476614	105479753	16	0.8858
9ac70fcf-8c13-4fe6-b259-29dbd51c5b4a	1	105481433	109684893	2636	0.0044
9ac70fcf-8c13-4fe6-b259-29dbd51c5b4a	1	109690352	109697533	12	-0.532
9ac70fcf-8c13-4fe6-b259-29dbd51c5b4a	1	109697556	110833598	837	-0.0056
9ac70fcf-8c13-4fe6-b259-29dbd51c5b4a	1	110834746	110849445	40	-0.7055
9ac70fcf-8c13-4fe6-b259-29dbd51c5b4a	1	110850675	111769129	707	0.0038
9ac70fcf-8c13-4fe6-b259-29dbd51c5b4a	1	111769532	111769929	4	0.8136
9ac70fcf-8c13-4fe6-b259-29dbd51c5b4a	1	111770456	112147704	363	0.0131
9ac70fcf-8c13-4fe6-b259-29dbd51c5b4a	1	112153343	112154390	18	-1.8644
9ac70fcf-8c13-4fe6-b259-29dbd51c5b4a	1	112154552	112154768	7	-0.7779
9ac70fcf-8c13-4fe6-b259-29dbd51c5b4a	1	112163334	121113917	5071	0.005
9ac70fcf-8c13-4fe6-b259-29dbd51c5b4a	1	121135839	143748590	189	0.137
9ac70fcf-8c13-4fe6-b259-29dbd51c5b4a	1	143748728	152583051	2342	0.0003
9ac70fcf-8c13-4fe6-b259-29dbd51c5b4a	1	152583230	152613762	31	-1.9202
9ac70fcf-8c13-4fe6-b259-29dbd51c5b4a	1	152613802	152614118	4	-0.8549
9ac70fcf-8c13-4fe6-b259-29dbd51c5b4a	1	152618018	152784298	164	0.0143
9ac70fcf-8c13-4fe6-b259-29dbd51c5b4a	1	152784330	152787202	3	-0.4421
9ac70fcf-8c13-4fe6-b259-29dbd51c5b4a	1	152789447	152801429	38	0.3476
9ac70fcf-8c13-4fe6-b259-29dbd51c5b4a	1	152804279	196758720	29461	0.005
9ac70fcf-8c13-4fe6-b259-29dbd51c5b4a	1	196761905	196832525	56	-0.3545
9ac70fcf-8c13-4fe6-b259-29dbd51c5b4a	1	196832720	236735742	27091	0.0038
9ac70fcf-8c13-4fe6-b259-29dbd51c5b4a	1	236736718	236738518	8	-0.6466
9ac70fcf-8c13-4fe6-b259-29dbd51c5b4a	1	236739064	248585893	8529	0.0047
9ac70fcf-8c13-4fe6-b259-29dbd51c5b4a	1	248585918	248633821	30	-0.7183
9ac70fcf-8c13-4fe6-b259-29dbd51c5b4a	1	248633912	248930189	142	0.0937
9ac70fcf-8c13-4fe6-b259-29dbd51c5b4a	2	12784	10000867	7712	0.0104
9ac70fcf-8c13-4fe6-b259-29dbd51c5b4a	2	10001063	10014845	3	-1.403
9ac70fcf-8c13-4fe6-b259-29dbd51c5b4a	2	10017647	11643841	1134	0.002
9ac70fcf-8c13-4fe6-b259-29dbd51c5b4a	2	11646508	11646706	2	-1.2545
9ac70fcf-8c13-4fe6-b259-29dbd51c5b4a	2	11647113	34466002	15234	0.0049
9ac70fcf-8c13-4fe6-b259-29dbd51c5b4a	2	34474248	34511990	46	0.5474
9ac70fcf-8c13-4fe6-b259-29dbd51c5b4a	2	34512096	44101859	7051	0.0115
9ac70fcf-8c13-4fe6-b259-29dbd51c5b4a	2	44110615	44112473	2	-1.4898
9ac70fcf-8c13-4fe6-b259-29dbd51c5b4a	2	44114837	51309666	5133	0.0021
9ac70fcf-8c13-4fe6-b259-29dbd51c5b4a	2	51311298	51313307	2	-1.7006
9ac70fcf-8c13-4fe6-b259-29dbd51c5b4a	2	51319583	87286164	22901	0.0044
9ac70fcf-8c13-4fe6-b259-29dbd51c5b4a	2	87287256	87295819	3	-1.2982
9ac70fcf-8c13-4fe6-b259-29dbd51c5b4a	2	87299357	106265177	7377	0.0122
9ac70fcf-8c13-4fe6-b259-29dbd51c5b4a	2	106266773	106268901	8	0.5913
9ac70fcf-8c13-4fe6-b259-29dbd51c5b4a	2	106270799	111522564	2636	0.0084
9ac70fcf-8c13-4fe6-b259-29dbd51c5b4a	2	111529956	111610248	14	0.4575
9ac70fcf-8c13-4fe6-b259-29dbd51c5b4a	2	111615592	113604438	1131	-0.0011
9ac70fcf-8c13-4fe6-b259-29dbd51c5b4a	2	113604837	113604839	2	-1.8334
9ac70fcf-8c13-4fe6-b259-29dbd51c5b4a	2	113623244	122719438	5706	0.0066
9ac70fcf-8c13-4fe6-b259-29dbd51c5b4a	2	122722323	122724665	8	-0.8004
9ac70fcf-8c13-4fe6-b259-29dbd51c5b4a	2	122726077	128880504	3890	0.0092
9ac70fcf-8c13-4fe6-b259-29dbd51c5b4a	2	128880904	128882741	15	-0.7063
9ac70fcf-8c13-4fe6-b259-29dbd51c5b4a	2	128882755	146104517	10416	0.0033
9ac70fcf-8c13-4fe6-b259-29dbd51c5b4a	2	146106836	146120238	25	0.8439
9ac70fcf-8c13-4fe6-b259-29dbd51c5b4a	2	146120827	212504894	40162	0.003
9ac70fcf-8c13-4fe6-b259-29dbd51c5b4a	2	212505638	212505978	2	-2.5316
9ac70fcf-8c13-4fe6-b259-29dbd51c5b4a	2	212508264	236894723	15815	0.0025
9ac70fcf-8c13-4fe6-b259-29dbd51c5b4a	2	236894890	236895291	4	-1.0424
9ac70fcf-8c13-4fe6-b259-29dbd51c5b4a	2	236895339	241841244	2936	0.0057
9ac70fcf-8c13-4fe6-b259-29dbd51c5b4a	2	241973315	242084107	97	-0.8541
9ac70fcf-8c13-4fe6-b259-29dbd51c5b4a	2	242087337	242147305	30	-0.1091
9ac70fcf-8c13-4fe6-b259-29dbd51c5b4a	3	20930	2370884	2060	0.0568
9ac70fcf-8c13-4fe6-b259-29dbd51c5b4a	3	2371106	2580003	150	-0.969
9ac70fcf-8c13-4fe6-b259-29dbd51c5b4a	3	2581078	37935926	25407	0.0118
9ac70fcf-8c13-4fe6-b259-29dbd51c5b4a	3	37940617	37945437	18	-0.514
9ac70fcf-8c13-4fe6-b259-29dbd51c5b4a	3	37945615	68697013	20134	0.0097
9ac70fcf-8c13-4fe6-b259-29dbd51c5b4a	3	68697108	68698262	14	1.0821
9ac70fcf-8c13-4fe6-b259-29dbd51c5b4a	3	68699607	130044016	34650	0.0041
9ac70fcf-8c13-4fe6-b259-29dbd51c5b4a	3	130044855	130087393	38	-1.5677
9ac70fcf-8c13-4fe6-b259-29dbd51c5b4a	3	130088081	162815162	20279	0.0052
9ac70fcf-8c13-4fe6-b259-29dbd51c5b4a	3	162816942	162822702	6	-1.4869
9ac70fcf-8c13-4fe6-b259-29dbd51c5b4a	3	162827928	162908192	47	0.218
9ac70fcf-8c13-4fe6-b259-29dbd51c5b4a	3	162908207	162908815	3	-1.4171
9ac70fcf-8c13-4fe6-b259-29dbd51c5b4a	3	162910826	193160113	19163	0.0162
9ac70fcf-8c13-4fe6-b259-29dbd51c5b4a	3	193160173	193168646	20	1.2253
9ac70fcf-8c13-4fe6-b259-29dbd51c5b4a	3	193168669	198111566	2674	0.0201
9ac70fcf-8c13-4fe6-b259-29dbd51c5b4a	3	198118345	198169247	17	-0.5446
9ac70fcf-8c13-4fe6-b259-29dbd51c5b4a	4	68929	10208766	5695	0.0145
9ac70fcf-8c13-4fe6-b259-29dbd51c5b4a	4	10221792	10229173	22	0.6951
9ac70fcf-8c13-4fe6-b259-29dbd51c5b4a	4	10229188	10389091	184	0.063
9ac70fcf-8c13-4fe6-b259-29dbd51c5b4a	4	10390730	10399044	16	-0.6351
9ac70fcf-8c13-4fe6-b259-29dbd51c5b4a	4	10401094	34777432	16784	0.0019
9ac70fcf-8c13-4fe6-b259-29dbd51c5b4a	4	34784878	34823103	38	0.5401
9ac70fcf-8c13-4fe6-b259-29dbd51c5b4a	4	34828250	40698556	3880	0.0062
9ac70fcf-8c13-4fe6-b259-29dbd51c5b4a	4	40701994	40702175	3	-1.9511
9ac70fcf-8c13-4fe6-b259-29dbd51c5b4a	4	40702670	61071220	11168	0.0081
9ac70fcf-8c13-4fe6-b259-29dbd51c5b4a	4	61075217	61076234	2	-1.6797
9ac70fcf-8c13-4fe6-b259-29dbd51c5b4a	4	61079968	63821843	1494	0.0043
9ac70fcf-8c13-4fe6-b259-29dbd51c5b4a	4	63821857	63839936	27	0.2403
9ac70fcf-8c13-4fe6-b259-29dbd51c5b4a	4	63840033	63850713	10	0.698
9ac70fcf-8c13-4fe6-b259-29dbd51c5b4a	4	63851308	68354665	2850	0.0077
9ac70fcf-8c13-4fe6-b259-29dbd51c5b4a	4	68361130	68395346	7	1.0232
9ac70fcf-8c13-4fe6-b259-29dbd51c5b4a	4	68416487	68472846	13	0.1241
9ac70fcf-8c13-4fe6-b259-29dbd51c5b4a	4	68478894	68725894	78	-0.2348
9ac70fcf-8c13-4fe6-b259-29dbd51c5b4a	4	68726064	69255545	305	0.0786
9ac70fcf-8c13-4fe6-b259-29dbd51c5b4a	4	69257792	69366406	57	-0.648
9ac70fcf-8c13-4fe6-b259-29dbd51c5b4a	4	69370433	95324597	15916	0.0055
9ac70fcf-8c13-4fe6-b259-29dbd51c5b4a	4	95325355	95327944	17	-0.9341
9ac70fcf-8c13-4fe6-b259-29dbd51c5b4a	4	95330552	114258196	11396	0.0048
9ac70fcf-8c13-4fe6-b259-29dbd51c5b4a	4	114258272	114261019	12	0.6514
9ac70fcf-8c13-4fe6-b259-29dbd51c5b4a	4	114263073	114513511	181	0.0074
9ac70fcf-8c13-4fe6-b259-29dbd51c5b4a	4	114517626	114520397	5	-1.1853
9ac70fcf-8c13-4fe6-b259-29dbd51c5b4a	4	114522539	115244948	426	0.0188
9ac70fcf-8c13-4fe6-b259-29dbd51c5b4a	4	115251455	115259214	26	-0.574
9ac70fcf-8c13-4fe6-b259-29dbd51c5b4a	4	115259399	124538250	5459	0.0052
9ac70fcf-8c13-4fe6-b259-29dbd51c5b4a	4	124539196	124541780	3	-1.1682
9ac70fcf-8c13-4fe6-b259-29dbd51c5b4a	4	124541870	137171085	7140	-0.0005
9ac70fcf-8c13-4fe6-b259-29dbd51c5b4a	4	137171266	137173967	16	-0.7059
9ac70fcf-8c13-4fe6-b259-29dbd51c5b4a	4	137187209	148317162	6908	0.0004
9ac70fcf-8c13-4fe6-b259-29dbd51c5b4a	4	148317860	148333453	5	-1.263
9ac70fcf-8c13-4fe6-b259-29dbd51c5b4a	4	148333518	154881396	3864	0.0068
9ac70fcf-8c13-4fe6-b259-29dbd51c5b4a	4	154881853	154881926	3	-2.7971
9ac70fcf-8c13-4fe6-b259-29dbd51c5b4a	4	154882047	160952848	3915	-0.0012
9ac70fcf-8c13-4fe6-b259-29dbd51c5b4a	4	160958866	160963756	21	-2.3271
9ac70fcf-8c13-4fe6-b259-29dbd51c5b4a	4	160963767	161555930	440	0.0193
9ac70fcf-8c13-4fe6-b259-29dbd51c5b4a	4	161556032	161559297	2	-2.416
9ac70fcf-8c13-4fe6-b259-29dbd51c5b4a	4	161559759	171448195	6224	0.0088
9ac70fcf-8c13-4fe6-b259-29dbd51c5b4a	4	171453733	171456559	10	2.0953
9ac70fcf-8c13-4fe6-b259-29dbd51c5b4a	4	171456573	172066777	399	0.0139
9ac70fcf-8c13-4fe6-b259-29dbd51c5b4a	4	172067997	172068382	12	0.6325
9ac70fcf-8c13-4fe6-b259-29dbd51c5b4a	4	172074828	178672657	4035	0.0045
9ac70fcf-8c13-4fe6-b259-29dbd51c5b4a	4	178672742	178673616	3	-1.1782
9ac70fcf-8c13-4fe6-b259-29dbd51c5b4a	4	178677254	190106768	8039	0.0193
9ac70fcf-8c13-4fe6-b259-29dbd51c5b4a	5	15532	676771	303	0.0387
9ac70fcf-8c13-4fe6-b259-29dbd51c5b4a	5	681187	801650	34	0.352
9ac70fcf-8c13-4fe6-b259-29dbd51c5b4a	5	808932	21376735	15327	0.0086
9ac70fcf-8c13-4fe6-b259-29dbd51c5b4a	5	21377730	21377744	2	-2.2252
9ac70fcf-8c13-4fe6-b259-29dbd51c5b4a	5	21385957	58034492	20098	0.0038
9ac70fcf-8c13-4fe6-b259-29dbd51c5b4a	5	58034507	58037706	19	-0.4082
9ac70fcf-8c13-4fe6-b259-29dbd51c5b4a	5	58042530	62277545	2836	0.0017
9ac70fcf-8c13-4fe6-b259-29dbd51c5b4a	5	62279164	62280446	3	-1.6207
9ac70fcf-8c13-4fe6-b259-29dbd51c5b4a	5	62286365	99246955	20930	0.0046
9ac70fcf-8c13-4fe6-b259-29dbd51c5b4a	5	99250085	100733170	860	0.0695
9ac70fcf-8c13-4fe6-b259-29dbd51c5b4a	5	100733747	104515520	2203	0.0009
9ac70fcf-8c13-4fe6-b259-29dbd51c5b4a	5	104524672	104524903	4	-1.1082
9ac70fcf-8c13-4fe6-b259-29dbd51c5b4a	5	104525348	150822643	29791	0.0008
9ac70fcf-8c13-4fe6-b259-29dbd51c5b4a	5	150825938	150839042	8	-0.7262
9ac70fcf-8c13-4fe6-b259-29dbd51c5b4a	5	150843825	151513403	482	-0.0031
9ac70fcf-8c13-4fe6-b259-29dbd51c5b4a	5	151514032	151514079	2	-1.314
9ac70fcf-8c13-4fe6-b259-29dbd51c5b4a	5	151514872	170436259	13264	-0.0009
9ac70fcf-8c13-4fe6-b259-29dbd51c5b4a	5	170438289	170442640	5	-1.1652
9ac70fcf-8c13-4fe6-b259-29dbd51c5b4a	5	170443310	176033084	3971	0.0037
9ac70fcf-8c13-4fe6-b259-29dbd51c5b4a	5	176038686	176050177	5	-1.3859
9ac70fcf-8c13-4fe6-b259-29dbd51c5b4a	5	176097194	177771448	721	0.0066
9ac70fcf-8c13-4fe6-b259-29dbd51c5b4a	5	177800550	177805604	3	1.4715
9ac70fcf-8c13-4fe6-b259-29dbd51c5b4a	5	177827964	181363319	1984	0.0089
9ac70fcf-8c13-4fe6-b259-29dbd51c5b4a	6	149661	315197	129	0.0704
9ac70fcf-8c13-4fe6-b259-29dbd51c5b4a	6	318804	385056	79	-0.1572
9ac70fcf-8c13-4fe6-b259-29dbd51c5b4a	6	385687	971216	510	0.082
9ac70fcf-8c13-4fe6-b259-29dbd51c5b4a	6	975025	18077851	13237	0.0068
9ac70fcf-8c13-4fe6-b259-29dbd51c5b4a	6	18080020	18080273	3	-1.1994
9ac70fcf-8c13-4fe6-b259-29dbd51c5b4a	6	18080968	25486091	5500	0.0079
9ac70fcf-8c13-4fe6-b259-29dbd51c5b4a	6	25488037	25713836	150	0.1353
9ac70fcf-8c13-4fe6-b259-29dbd51c5b4a	6	25714511	29869411	2044	0.0056
9ac70fcf-8c13-4fe6-b259-29dbd51c5b4a	6	29869537	29881490	14	-0.9294
9ac70fcf-8c13-4fe6-b259-29dbd51c5b4a	6	29882419	32523527	1184	-0.0024
9ac70fcf-8c13-4fe6-b259-29dbd51c5b4a	6	32525068	32689659	55	-0.5397
9ac70fcf-8c13-4fe6-b259-29dbd51c5b4a	6	32689904	73882142	24087	0.0081
9ac70fcf-8c13-4fe6-b259-29dbd51c5b4a	6	73882509	73891694	10	0.732
9ac70fcf-8c13-4fe6-b259-29dbd51c5b4a	6	73893839	76730151	1771	0.0024
9ac70fcf-8c13-4fe6-b259-29dbd51c5b4a	6	76730331	76742665	14	0.429
9ac70fcf-8c13-4fe6-b259-29dbd51c5b4a	6	76742675	78253157	982	-0.0029
9ac70fcf-8c13-4fe6-b259-29dbd51c5b4a	6	78253172	78270116	27	-0.4703
9ac70fcf-8c13-4fe6-b259-29dbd51c5b4a	6	78270631	78309991	45	-0.1175
9ac70fcf-8c13-4fe6-b259-29dbd51c5b4a	6	78310036	78325468	42	-0.3451
9ac70fcf-8c13-4fe6-b259-29dbd51c5b4a	6	78329517	103286954	15469	0.0123
9ac70fcf-8c13-4fe6-b259-29dbd51c5b4a	6	103290101	103314186	46	0.5562
9ac70fcf-8c13-4fe6-b259-29dbd51c5b4a	6	103317795	133945130	19070	0.0069
9ac70fcf-8c13-4fe6-b259-29dbd51c5b4a	6	133947933	133948494	2	1.3029
9ac70fcf-8c13-4fe6-b259-29dbd51c5b4a	6	133950934	170741917	25089	0.0072
9ac70fcf-8c13-4fe6-b259-29dbd51c5b4a	7	43355	6791305	3417	0.0101
9ac70fcf-8c13-4fe6-b259-29dbd51c5b4a	7	6797375	6799093	3	-1.6105
9ac70fcf-8c13-4fe6-b259-29dbd51c5b4a	7	6814479	70955452	41176	0.0083
9ac70fcf-8c13-4fe6-b259-29dbd51c5b4a	7	70958264	70961155	2	-2.2595
9ac70fcf-8c13-4fe6-b259-29dbd51c5b4a	7	70963257	76861124	2254	0.0052
9ac70fcf-8c13-4fe6-b259-29dbd51c5b4a	7	76861564	76883855	22	-0.3431
9ac70fcf-8c13-4fe6-b259-29dbd51c5b4a	7	76884413	88035924	7155	0.0003
9ac70fcf-8c13-4fe6-b259-29dbd51c5b4a	7	88041426	88043077	17	-0.9606
9ac70fcf-8c13-4fe6-b259-29dbd51c5b4a	7	88043631	88043854	5	0.5058
9ac70fcf-8c13-4fe6-b259-29dbd51c5b4a	7	88044017	88482045	262	-0.0193
9ac70fcf-8c13-4fe6-b259-29dbd51c5b4a	7	88485024	90245730	1177	0.0632
9ac70fcf-8c13-4fe6-b259-29dbd51c5b4a	7	90252497	97610045	4686	-0.0004
9ac70fcf-8c13-4fe6-b259-29dbd51c5b4a	7	97610108	97610688	3	-0.9708
9ac70fcf-8c13-4fe6-b259-29dbd51c5b4a	7	97622926	97756658	108	-0.0022
9ac70fcf-8c13-4fe6-b259-29dbd51c5b4a	7	97766148	97773163	16	-0.9741
9ac70fcf-8c13-4fe6-b259-29dbd51c5b4a	7	97774928	109797043	6605	0.0085
9ac70fcf-8c13-4fe6-b259-29dbd51c5b4a	7	109797044	109813853	28	-0.3853
9ac70fcf-8c13-4fe6-b259-29dbd51c5b4a	7	109813925	126405502	10029	0.0091
9ac70fcf-8c13-4fe6-b259-29dbd51c5b4a	7	126405597	126406823	12	1.0325
9ac70fcf-8c13-4fe6-b259-29dbd51c5b4a	7	126406824	134100442	4700	0.0071
9ac70fcf-8c13-4fe6-b259-29dbd51c5b4a	7	134100458	134110881	24	0.4599
9ac70fcf-8c13-4fe6-b259-29dbd51c5b4a	7	134110912	142059987	5195	-0.0006
9ac70fcf-8c13-4fe6-b259-29dbd51c5b4a	7	142060194	142092307	38	0.2982
9ac70fcf-8c13-4fe6-b259-29dbd51c5b4a	7	142099190	158435636	10300	0.0078
9ac70fcf-8c13-4fe6-b259-29dbd51c5b4a	7	158439106	159109202	408	0.1094
9ac70fcf-8c13-4fe6-b259-29dbd51c5b4a	7	159109258	159324952	142	0.0241
9ac70fcf-8c13-4fe6-b259-29dbd51c5b4a	7	159325204	159334314	12	-0.892
9ac70fcf-8c13-4fe6-b259-29dbd51c5b4a	8	81254	2844412	2038	0.0125
9ac70fcf-8c13-4fe6-b259-29dbd51c5b4a	8	2846011	2846377	7	-1.6619
9ac70fcf-8c13-4fe6-b259-29dbd51c5b4a	8	2849649	4145783	1662	0.0041
9ac70fcf-8c13-4fe6-b259-29dbd51c5b4a	8	4145941	4145956	2	-2.2832
9ac70fcf-8c13-4fe6-b259-29dbd51c5b4a	8	4146039	7167045	4007	0.0237
9ac70fcf-8c13-4fe6-b259-29dbd51c5b4a	8	7172468	7296545	6	-0.8202
9ac70fcf-8c13-4fe6-b259-29dbd51c5b4a	8	7312952	7886542	45	0.2187
9ac70fcf-8c13-4fe6-b259-29dbd51c5b4a	8	7888457	12092042	3244	0.0122
9ac70fcf-8c13-4fe6-b259-29dbd51c5b4a	8	12130217	12177488	8	0.731
9ac70fcf-8c13-4fe6-b259-29dbd51c5b4a	8	12323772	12418301	30	-0.5874
9ac70fcf-8c13-4fe6-b259-29dbd51c5b4a	8	12419769	12788880	111	-0.0125
9ac70fcf-8c13-4fe6-b259-29dbd51c5b4a	8	12791219	12795017	4	-1.2068
9ac70fcf-8c13-4fe6-b259-29dbd51c5b4a	8	12796024	13278197	457	0.0216
9ac70fcf-8c13-4fe6-b259-29dbd51c5b4a	8	13289272	13290193	4	-0.778
9ac70fcf-8c13-4fe6-b259-29dbd51c5b4a	8	13290343	13597927	309	0.0223
9ac70fcf-8c13-4fe6-b259-29dbd51c5b4a	8	13598021	13762147	208	0.1387
9ac70fcf-8c13-4fe6-b259-29dbd51c5b4a	8	13762375	16047096	2151	0.0072
9ac70fcf-8c13-4fe6-b259-29dbd51c5b4a	8	16048603	16135896	78	0.2125
9ac70fcf-8c13-4fe6-b259-29dbd51c5b4a	8	16136432	25114672	7090	0.0032
9ac70fcf-8c13-4fe6-b259-29dbd51c5b4a	8	25116928	25126735	26	0.6531
9ac70fcf-8c13-4fe6-b259-29dbd51c5b4a	8	25133589	43869321	11645	0.0003
9ac70fcf-8c13-4fe6-b259-29dbd51c5b4a	8	43881746	46456232	129	0.1803
9ac70fcf-8c13-4fe6-b259-29dbd51c5b4a	8	46471179	49967674	1769	0.0033
9ac70fcf-8c13-4fe6-b259-29dbd51c5b4a	8	49970270	50014421	35	0.2711
9ac70fcf-8c13-4fe6-b259-29dbd51c5b4a	8	50015798	50119451	72	0.0535
9ac70fcf-8c13-4fe6-b259-29dbd51c5b4a	8	50119464	50126775	15	0.2968
9ac70fcf-8c13-4fe6-b259-29dbd51c5b4a	8	50126859	51949954	1133	-0.011
9ac70fcf-8c13-4fe6-b259-29dbd51c5b4a	8	51959900	51960810	2	-1.4384
9ac70fcf-8c13-4fe6-b259-29dbd51c5b4a	8	51966398	59413898	5043	-0.0008
9ac70fcf-8c13-4fe6-b259-29dbd51c5b4a	8	59414721	59420249	6	-1.0833
9ac70fcf-8c13-4fe6-b259-29dbd51c5b4a	8	59421248	111279265	31215	0.0045
9ac70fcf-8c13-4fe6-b259-29dbd51c5b4a	8	111282050	111288052	11	0.6714
9ac70fcf-8c13-4fe6-b259-29dbd51c5b4a	8	111289023	114622258	1821	0.0024
9ac70fcf-8c13-4fe6-b259-29dbd51c5b4a	8	114622325	114629502	34	-0.5827
9ac70fcf-8c13-4fe6-b259-29dbd51c5b4a	8	114638468	114900020	176	0.0797
9ac70fcf-8c13-4fe6-b259-29dbd51c5b4a	8	114900533	136708152	15726	0.0002
9ac70fcf-8c13-4fe6-b259-29dbd51c5b4a	8	136715503	136731300	18	0.3507
9ac70fcf-8c13-4fe6-b259-29dbd51c5b4a	8	136731429	140557333	3105	0.004
9ac70fcf-8c13-4fe6-b259-29dbd51c5b4a	8	140558120	145072769	2016	0.0496
9ac70fcf-8c13-4fe6-b259-29dbd51c5b4a	9	46587	592306	477	0.0362
9ac70fcf-8c13-4fe6-b259-29dbd51c5b4a	9	592552	592567	2	-2.2119
9ac70fcf-8c13-4fe6-b259-29dbd51c5b4a	9	592718	602903	28	0.0674
9ac70fcf-8c13-4fe6-b259-29dbd51c5b4a	9	606699	606961	4	-2.1799
9ac70fcf-8c13-4fe6-b259-29dbd51c5b4a	9	607307	23361807	19907	0.0134
9ac70fcf-8c13-4fe6-b259-29dbd51c5b4a	9	23363117	23373486	8	-1.9174
9ac70fcf-8c13-4fe6-b259-29dbd51c5b4a	9	23378490	38439975	10385	0.0072
9ac70fcf-8c13-4fe6-b259-29dbd51c5b4a	9	38440757	38440949	3	-1.08
9ac70fcf-8c13-4fe6-b259-29dbd51c5b4a	9	38441589	41639988	450	0.009
9ac70fcf-8c13-4fe6-b259-29dbd51c5b4a	9	41644133	41666811	8	-0.7378
9ac70fcf-8c13-4fe6-b259-29dbd51c5b4a	9	41703463	42574420	43	0
9ac70fcf-8c13-4fe6-b259-29dbd51c5b4a	9	42585140	42726239	13	-0.6274
9ac70fcf-8c13-4fe6-b259-29dbd51c5b4a	9	42727685	138200944	48147	0.0043
9ac70fcf-8c13-4fe6-b259-29dbd51c5b4a	10	45792	24086334	19189	0.0015
9ac70fcf-8c13-4fe6-b259-29dbd51c5b4a	10	24088745	24089125	11	0.7762
9ac70fcf-8c13-4fe6-b259-29dbd51c5b4a	10	24089979	45798061	12228	-0.0026
9ac70fcf-8c13-4fe6-b259-29dbd51c5b4a	10	45798171	45817039	2	-1.3434
9ac70fcf-8c13-4fe6-b259-29dbd51c5b4a	10	45936113	46522571	237	0.0048
9ac70fcf-8c13-4fe6-b259-29dbd51c5b4a	10	46525652	46526280	14	-0.712
9ac70fcf-8c13-4fe6-b259-29dbd51c5b4a	10	46526920	65548259	12733	0.0096
9ac70fcf-8c13-4fe6-b259-29dbd51c5b4a	10	65548272	65563037	25	-0.45
9ac70fcf-8c13-4fe6-b259-29dbd51c5b4a	10	65563168	79684125	9233	0.0063
9ac70fcf-8c13-4fe6-b259-29dbd51c5b4a	10	79689251	79754434	8	-1.1188
9ac70fcf-8c13-4fe6-b259-29dbd51c5b4a	10	79763550	87215763	5193	0.0041
9ac70fcf-8c13-4fe6-b259-29dbd51c5b4a	10	87216840	87352872	15	-0.4724
9ac70fcf-8c13-4fe6-b259-29dbd51c5b4a	10	87353136	133561696	31732	0.0033
9ac70fcf-8c13-4fe6-b259-29dbd51c5b4a	10	133562190	133574371	6	-0.8378
9ac70fcf-8c13-4fe6-b259-29dbd51c5b4a	10	133576350	133654968	32	0.0079
9ac70fcf-8c13-4fe6-b259-29dbd51c5b4a	11	198510	4705210	2144	0.0086
9ac70fcf-8c13-4fe6-b259-29dbd51c5b4a	11	4705388	4705661	5	-0.8233
9ac70fcf-8c13-4fe6-b259-29dbd51c5b4a	11	4707904	4949013	270	0.0368
9ac70fcf-8c13-4fe6-b259-29dbd51c5b4a	11	4949047	4955042	28	0.792
9ac70fcf-8c13-4fe6-b259-29dbd51c5b4a	11	4955781	5499745	538	0.0147
9ac70fcf-8c13-4fe6-b259-29dbd51c5b4a	11	5500921	5501334	6	-0.7613
9ac70fcf-8c13-4fe6-b259-29dbd51c5b4a	11	5502363	6086560	511	0.0073
9ac70fcf-8c13-4fe6-b259-29dbd51c5b4a	11	6087039	6100864	8	0.6958
9ac70fcf-8c13-4fe6-b259-29dbd51c5b4a	11	6101273	18911502	9150	0.0012
9ac70fcf-8c13-4fe6-b259-29dbd51c5b4a	11	18912365	18949158	58	-0.3554
9ac70fcf-8c13-4fe6-b259-29dbd51c5b4a	11	18949201	37058915	13378	0.002
9ac70fcf-8c13-4fe6-b259-29dbd51c5b4a	11	37059105	37346034	248	0.0894
9ac70fcf-8c13-4fe6-b259-29dbd51c5b4a	11	37349207	37373384	10	-0.3522
9ac70fcf-8c13-4fe6-b259-29dbd51c5b4a	11	37374233	37677192	174	0.0901
9ac70fcf-8c13-4fe6-b259-29dbd51c5b4a	11	37682926	55595864	7945	-0.0012
9ac70fcf-8c13-4fe6-b259-29dbd51c5b4a	11	55606556	55685058	57	0.3896
9ac70fcf-8c13-4fe6-b259-29dbd51c5b4a	11	55685501	107359993	32350	0.0063
9ac70fcf-8c13-4fe6-b259-29dbd51c5b4a	11	107367930	107368402	7	-0.7032
9ac70fcf-8c13-4fe6-b259-29dbd51c5b4a	11	107381636	107778084	308	0.0065
9ac70fcf-8c13-4fe6-b259-29dbd51c5b4a	11	107783017	107800875	16	0.5813
9ac70fcf-8c13-4fe6-b259-29dbd51c5b4a	11	107801319	131556517	16852	0.0031
9ac70fcf-8c13-4fe6-b259-29dbd51c5b4a	11	131556906	131556971	2	1.4326
9ac70fcf-8c13-4fe6-b259-29dbd51c5b4a	11	131557143	135074876	2746	0.0141
9ac70fcf-8c13-4fe6-b259-29dbd51c5b4a	12	51460	4450862	3064	0.0281
9ac70fcf-8c13-4fe6-b259-29dbd51c5b4a	12	4453987	4454644	3	-1.1439
9ac70fcf-8c13-4fe6-b259-29dbd51c5b4a	12	4455026	8204911	2471	0.0045
9ac70fcf-8c13-4fe6-b259-29dbd51c5b4a	12	8209454	8215617	7	0.7744
9ac70fcf-8c13-4fe6-b259-29dbd51c5b4a	12	8218118	9481274	630	0.0161
9ac70fcf-8c13-4fe6-b259-29dbd51c5b4a	12	9485313	9575696	23	0.8386
9ac70fcf-8c13-4fe6-b259-29dbd51c5b4a	12	9582373	11351157	1178	-0.0018
9ac70fcf-8c13-4fe6-b259-29dbd51c5b4a	12	11358643	11390452	30	-0.8603
9ac70fcf-8c13-4fe6-b259-29dbd51c5b4a	12	11390472	31753738	14359	0.0067
9ac70fcf-8c13-4fe6-b259-29dbd51c5b4a	12	31754340	31756974	4	-1.3661
9ac70fcf-8c13-4fe6-b259-29dbd51c5b4a	12	31764286	33141611	1008	-0.0086
9ac70fcf-8c13-4fe6-b259-29dbd51c5b4a	12	33141653	33154440	31	-0.4671
9ac70fcf-8c13-4fe6-b259-29dbd51c5b4a	12	33155426	119546020	52956	0.0044
9ac70fcf-8c13-4fe6-b259-29dbd51c5b4a	12	119551082	119552956	16	-0.7669
9ac70fcf-8c13-4fe6-b259-29dbd51c5b4a	12	119556236	133201603	9043	0.015
9ac70fcf-8c13-4fe6-b259-29dbd51c5b4a	13	18452809	23058721	2858	0.0115
9ac70fcf-8c13-4fe6-b259-29dbd51c5b4a	13	23058737	23059376	10	-0.542
9ac70fcf-8c13-4fe6-b259-29dbd51c5b4a	13	23064056	37496998	10616	0.0035
9ac70fcf-8c13-4fe6-b259-29dbd51c5b4a	13	37497899	37510620	16	0.6921
9ac70fcf-8c13-4fe6-b259-29dbd51c5b4a	13	37514193	63771651	16418	0.0076
9ac70fcf-8c13-4fe6-b259-29dbd51c5b4a	13	63771686	63813557	34	0.554
9ac70fcf-8c13-4fe6-b259-29dbd51c5b4a	13	63814138	66598647	1712	0.0046
9ac70fcf-8c13-4fe6-b259-29dbd51c5b4a	13	66602087	66603651	2	-1.9954
9ac70fcf-8c13-4fe6-b259-29dbd51c5b4a	13	66604212	68668123	1279	0.0072
9ac70fcf-8c13-4fe6-b259-29dbd51c5b4a	13	68674167	68694110	38	-0.6164
9ac70fcf-8c13-4fe6-b259-29dbd51c5b4a	13	68694987	114342922	31154	0.0023
9ac70fcf-8c13-4fe6-b259-29dbd51c5b4a	14	18239283	19732958	68	0.121
9ac70fcf-8c13-4fe6-b259-29dbd51c5b4a	14	19735307	19955213	99	-0.2225
9ac70fcf-8c13-4fe6-b259-29dbd51c5b4a	14	19956767	21663908	1135	0.0104
9ac70fcf-8c13-4fe6-b259-29dbd51c5b4a	14	21667112	21926607	225	0.096
9ac70fcf-8c13-4fe6-b259-29dbd51c5b4a	14	21928047	21928296	4	-0.7733
9ac70fcf-8c13-4fe6-b259-29dbd51c5b4a	14	21928444	22536839	525	0.1049
9ac70fcf-8c13-4fe6-b259-29dbd51c5b4a	14	22537282	106321086	53062	0.004
9ac70fcf-8c13-4fe6-b259-29dbd51c5b4a	14	106340102	106346129	7	0.9473
9ac70fcf-8c13-4fe6-b259-29dbd51c5b4a	14	106360014	106877229	274	0.0361
9ac70fcf-8c13-4fe6-b259-29dbd51c5b4a	15	19811075	20026653	47	0.0232
9ac70fcf-8c13-4fe6-b259-29dbd51c5b4a	15	20041119	20056983	3	1.0788
9ac70fcf-8c13-4fe6-b259-29dbd51c5b4a	15	20059033	20373168	38	-0.1011
9ac70fcf-8c13-4fe6-b259-29dbd51c5b4a	15	20376198	20381230	12	-1.1235
9ac70fcf-8c13-4fe6-b259-29dbd51c5b4a	15	20381406	21975606	76	-0.1037
9ac70fcf-8c13-4fe6-b259-29dbd51c5b4a	15	21997003	21999319	2	-2.0009
9ac70fcf-8c13-4fe6-b259-29dbd51c5b4a	15	22003073	101928837	51364	0.0064
9ac70fcf-8c13-4fe6-b259-29dbd51c5b4a	16	10777	90096867	51854	0.0055
9ac70fcf-8c13-4fe6-b259-29dbd51c5b4a	17	150733	1037830	481	0.0519
9ac70fcf-8c13-4fe6-b259-29dbd51c5b4a	17	1042324	1047718	2	-1.4826
9ac70fcf-8c13-4fe6-b259-29dbd51c5b4a	17	1055442	18452078	10909	0.0043
9ac70fcf-8c13-4fe6-b259-29dbd51c5b4a	17	18455632	18561907	26	0.5774
9ac70fcf-8c13-4fe6-b259-29dbd51c5b4a	17	18565883	36109315	6834	0.0107
9ac70fcf-8c13-4fe6-b259-29dbd51c5b4a	17	36109735	36208249	37	0.534
9ac70fcf-8c13-4fe6-b259-29dbd51c5b4a	17	36460442	36480359	22	-0.0168
9ac70fcf-8c13-4fe6-b259-29dbd51c5b4a	17	36481143	36481158	2	-1.3892
9ac70fcf-8c13-4fe6-b259-29dbd51c5b4a	17	36481789	41266774	2500	-0.0005
9ac70fcf-8c13-4fe6-b259-29dbd51c5b4a	17	41266805	41274198	21	1.0571
9ac70fcf-8c13-4fe6-b259-29dbd51c5b4a	17	41274279	46136800	2537	0.008
9ac70fcf-8c13-4fe6-b259-29dbd51c5b4a	17	46137998	46284997	86	-0.3887
9ac70fcf-8c13-4fe6-b259-29dbd51c5b4a	17	46286804	58123113	7357	0.0093
9ac70fcf-8c13-4fe6-b259-29dbd51c5b4a	17	58134739	58143674	7	-0.6945
9ac70fcf-8c13-4fe6-b259-29dbd51c5b4a	17	58143767	60436879	1063	-0.0012
9ac70fcf-8c13-4fe6-b259-29dbd51c5b4a	17	60438764	60449144	13	0.6339
9ac70fcf-8c13-4fe6-b259-29dbd51c5b4a	17	60450601	79245925	11383	0.0093
9ac70fcf-8c13-4fe6-b259-29dbd51c5b4a	17	79246197	79251117	11	0.5522
9ac70fcf-8c13-4fe6-b259-29dbd51c5b4a	17	79251130	80630401	757	0.0094
9ac70fcf-8c13-4fe6-b259-29dbd51c5b4a	17	80631014	80639707	12	0.6055
9ac70fcf-8c13-4fe6-b259-29dbd51c5b4a	17	80641024	80891166	159	-0.0097
9ac70fcf-8c13-4fe6-b259-29dbd51c5b4a	17	80899153	80899214	2	1.3488
9ac70fcf-8c13-4fe6-b259-29dbd51c5b4a	17	80900130	83091923	802	0.0127
9ac70fcf-8c13-4fe6-b259-29dbd51c5b4a	18	48133	28613464	15053	0.0109
9ac70fcf-8c13-4fe6-b259-29dbd51c5b4a	18	28613572	28616166	5	-1.3308
9ac70fcf-8c13-4fe6-b259-29dbd51c5b4a	18	28616668	41092514	7985	0.0029
9ac70fcf-8c13-4fe6-b259-29dbd51c5b4a	18	41092749	41145733	62	0.1943
9ac70fcf-8c13-4fe6-b259-29dbd51c5b4a	18	41149462	42471713	898	0.021
9ac70fcf-8c13-4fe6-b259-29dbd51c5b4a	18	42476604	42477802	25	-0.7156
9ac70fcf-8c13-4fe6-b259-29dbd51c5b4a	18	42478430	80257174	26690	0.0119
9ac70fcf-8c13-4fe6-b259-29dbd51c5b4a	19	90910	45244986	21784	0.0044
9ac70fcf-8c13-4fe6-b259-29dbd51c5b4a	19	45245096	45245997	2	-1.7938
9ac70fcf-8c13-4fe6-b259-29dbd51c5b4a	19	45253118	47898966	1125	-0.0002
9ac70fcf-8c13-4fe6-b259-29dbd51c5b4a	19	47959373	47961965	15	-0.7647
9ac70fcf-8c13-4fe6-b259-29dbd51c5b4a	19	47965532	54801157	3874	0.0123
9ac70fcf-8c13-4fe6-b259-29dbd51c5b4a	19	54801545	54802362	2	-1.8326
9ac70fcf-8c13-4fe6-b259-29dbd51c5b4a	19	54802832	58586487	2305	0.0141
9ac70fcf-8c13-4fe6-b259-29dbd51c5b4a	20	80664	1580156	1201	0.0201
9ac70fcf-8c13-4fe6-b259-29dbd51c5b4a	20	1580276	1617300	45	-0.3262
9ac70fcf-8c13-4fe6-b259-29dbd51c5b4a	20	1617460	11708637	7770	0.0093
9ac70fcf-8c13-4fe6-b259-29dbd51c5b4a	20	11709628	11709769	2	-1.696
9ac70fcf-8c13-4fe6-b259-29dbd51c5b4a	20	11713578	50165997	22984	0.0038
9ac70fcf-8c13-4fe6-b259-29dbd51c5b4a	20	50175182	50176256	2	-1.384
9ac70fcf-8c13-4fe6-b259-29dbd51c5b4a	20	50178380	64324800	10360	0.0079
9ac70fcf-8c13-4fe6-b259-29dbd51c5b4a	21	10354168	13304407	162	0.0594
9ac70fcf-8c13-4fe6-b259-29dbd51c5b4a	21	13308798	13309153	3	1.1583
9ac70fcf-8c13-4fe6-b259-29dbd51c5b4a	21	13309307	45236969	22862	0.0058
9ac70fcf-8c13-4fe6-b259-29dbd51c5b4a	21	45237068	45647280	222	0.1202
9ac70fcf-8c13-4fe6-b259-29dbd51c5b4a	21	45647830	46677045	606	0.0221
9ac70fcf-8c13-4fe6-b259-29dbd51c5b4a	22	15294547	19360405	1404	0.0167
9ac70fcf-8c13-4fe6-b259-29dbd51c5b4a	22	19360635	19360676	2	-1.3871
9ac70fcf-8c13-4fe6-b259-29dbd51c5b4a	22	19361403	19797020	261	0.0531
9ac70fcf-8c13-4fe6-b259-29dbd51c5b4a	22	19798910	19805288	14	-0.74
9ac70fcf-8c13-4fe6-b259-29dbd51c5b4a	22	19806809	20595545	482	0.0568
9ac70fcf-8c13-4fe6-b259-29dbd51c5b4a	22	20595570	20596041	3	-1.2752
9ac70fcf-8c13-4fe6-b259-29dbd51c5b4a	22	20596277	20936049	361	0.0283
9ac70fcf-8c13-4fe6-b259-29dbd51c5b4a	22	20936191	20963788	35	0.3188
9ac70fcf-8c13-4fe6-b259-29dbd51c5b4a	22	20964108	33777419	9075	0.0141
9ac70fcf-8c13-4fe6-b259-29dbd51c5b4a	22	33778960	33778998	4	-2.2924
9ac70fcf-8c13-4fe6-b259-29dbd51c5b4a	22	33785435	40397256	4304	0.0097
9ac70fcf-8c13-4fe6-b259-29dbd51c5b4a	22	40398586	40398816	2	-1.5794
9ac70fcf-8c13-4fe6-b259-29dbd51c5b4a	22	40401668	50796027	7312	0.0191
9ac70fcf-8c13-4fe6-b259-29dbd51c5b4a	X	251810	136118706	71399	0.0077
9ac70fcf-8c13-4fe6-b259-29dbd51c5b4a	X	136118873	136119349	5	-5.3761
9ac70fcf-8c13-4fe6-b259-29dbd51c5b4a	X	136121214	150356368	9185	0.0062
9ac70fcf-8c13-4fe6-b259-29dbd51c5b4a	X	150356655	150362559	6	-1.8641
9ac70fcf-8c13-4fe6-b259-29dbd51c5b4a	X	150367445	155952689	2875	0.0096
9ac70fcf-8c13-4fe6-b259-29dbd51c5b4a	Y	2782397	56872112	6639	-0.9362
