GDC_Aliquot	Chromosome	Start	End	Num_Probes	Segment_Mean
b495ae30-6bbd-480d-b7fc-e5069c5832cc	1	62920	817186	32	0.5554
b495ae30-6bbd-480d-b7fc-e5069c5832cc	1	822089	16488499	8586	0.0259
b495ae30-6bbd-480d-b7fc-e5069c5832cc	1	16489035	16915871	92	0.4952
b495ae30-6bbd-480d-b7fc-e5069c5832cc	1	16918718	25256850	5287	0.0392
b495ae30-6bbd-480d-b7fc-e5069c5832cc	1	25266637	25336853	26	0.7872
b495ae30-6bbd-480d-b7fc-e5069c5832cc	1	25346663	72297687	28675	0.026
b495ae30-6bbd-480d-b7fc-e5069c5832cc	1	72302735	72346221	49	-1.1049
b495ae30-6bbd-480d-b7fc-e5069c5832cc	1	72346757	103560608	19981	0.0003
b495ae30-6bbd-480d-b7fc-e5069c5832cc	1	103566616	103761017	36	0.5553
b495ae30-6bbd-480d-b7fc-e5069c5832cc	1	103764621	105479101	924	-0.0199
b495ae30-6bbd-480d-b7fc-e5069c5832cc	1	105479130	105479753	7	-1.0954
b495ae30-6bbd-480d-b7fc-e5069c5832cc	1	105481433	108183838	1932	0.0043
b495ae30-6bbd-480d-b7fc-e5069c5832cc	1	108186662	108223733	21	-0.4121
b495ae30-6bbd-480d-b7fc-e5069c5832cc	1	108226680	108274557	2	-2.1355
b495ae30-6bbd-480d-b7fc-e5069c5832cc	1	108310648	109684893	675	0.0138
b495ae30-6bbd-480d-b7fc-e5069c5832cc	1	109690352	109697556	13	-1.5235
b495ae30-6bbd-480d-b7fc-e5069c5832cc	1	109702376	109709161	11	-0.5088
b495ae30-6bbd-480d-b7fc-e5069c5832cc	1	109709168	110788378	787	0.0043
b495ae30-6bbd-480d-b7fc-e5069c5832cc	1	110789023	110869657	106	0.2602
b495ae30-6bbd-480d-b7fc-e5069c5832cc	1	110872270	119979978	6100	0.0123
b495ae30-6bbd-480d-b7fc-e5069c5832cc	1	119981279	145687141	274	0.2921
b495ae30-6bbd-480d-b7fc-e5069c5832cc	1	145687602	152578849	2278	0.0404
b495ae30-6bbd-480d-b7fc-e5069c5832cc	1	152578988	152614118	44	0.8361
b495ae30-6bbd-480d-b7fc-e5069c5832cc	1	152618018	152787202	166	-0.041
b495ae30-6bbd-480d-b7fc-e5069c5832cc	1	152789447	152790039	11	0.4814
b495ae30-6bbd-480d-b7fc-e5069c5832cc	1	152790180	152795487	20	0.8865
b495ae30-6bbd-480d-b7fc-e5069c5832cc	1	152795783	160176383	4453	0.0204
b495ae30-6bbd-480d-b7fc-e5069c5832cc	1	160176704	160177013	3	-1.7102
b495ae30-6bbd-480d-b7fc-e5069c5832cc	1	160177153	174827267	10319	0.0203
b495ae30-6bbd-480d-b7fc-e5069c5832cc	1	174827418	174833014	23	0.5515
b495ae30-6bbd-480d-b7fc-e5069c5832cc	1	174833313	196745743	14617	0.0065
b495ae30-6bbd-480d-b7fc-e5069c5832cc	1	196758720	196843377	59	0.6684
b495ae30-6bbd-480d-b7fc-e5069c5832cc	1	196843400	198337730	823	0.02
b495ae30-6bbd-480d-b7fc-e5069c5832cc	1	198337802	198338649	2	-2.8378
b495ae30-6bbd-480d-b7fc-e5069c5832cc	1	198342229	242966050	31174	0.0084
b495ae30-6bbd-480d-b7fc-e5069c5832cc	1	242971405	243094761	21	0.6777
b495ae30-6bbd-480d-b7fc-e5069c5832cc	1	243105104	248546369	3549	0.0114
b495ae30-6bbd-480d-b7fc-e5069c5832cc	1	248550567	248633912	35	0.576
b495ae30-6bbd-480d-b7fc-e5069c5832cc	1	248645563	248930189	141	-0.0038
b495ae30-6bbd-480d-b7fc-e5069c5832cc	2	12784	151716	76	0.032
b495ae30-6bbd-480d-b7fc-e5069c5832cc	2	160009	232933	60	0.3457
b495ae30-6bbd-480d-b7fc-e5069c5832cc	2	233867	14163514	10522	0.0021
b495ae30-6bbd-480d-b7fc-e5069c5832cc	2	14163591	14170278	11	-0.861
b495ae30-6bbd-480d-b7fc-e5069c5832cc	2	14173035	34458223	13368	0.0194
b495ae30-6bbd-480d-b7fc-e5069c5832cc	2	34460213	34512489	50	-0.7308
b495ae30-6bbd-480d-b7fc-e5069c5832cc	2	34512965	52527330	12968	0.0024
b495ae30-6bbd-480d-b7fc-e5069c5832cc	2	52527342	52531977	14	0.8152
b495ae30-6bbd-480d-b7fc-e5069c5832cc	2	52537070	86881088	21955	0.0048
b495ae30-6bbd-480d-b7fc-e5069c5832cc	2	86882149	87520299	113	0.3685
b495ae30-6bbd-480d-b7fc-e5069c5832cc	2	87521464	89920951	688	0.0449
b495ae30-6bbd-480d-b7fc-e5069c5832cc	2	89928014	90228255	125	-0.5657
b495ae30-6bbd-480d-b7fc-e5069c5832cc	2	90230139	94675825	69	0.3682
b495ae30-6bbd-480d-b7fc-e5069c5832cc	2	94675975	95403809	247	0.0046
b495ae30-6bbd-480d-b7fc-e5069c5832cc	2	95405756	96089334	167	0.1902
b495ae30-6bbd-480d-b7fc-e5069c5832cc	2	96091371	97150698	416	0.0163
b495ae30-6bbd-480d-b7fc-e5069c5832cc	2	97156100	97624729	72	0.4823
b495ae30-6bbd-480d-b7fc-e5069c5832cc	2	97627711	207490231	66268	0.0097
b495ae30-6bbd-480d-b7fc-e5069c5832cc	2	207490454	207495072	20	-0.8072
b495ae30-6bbd-480d-b7fc-e5069c5832cc	2	207495422	242147305	22045	0.0137
b495ae30-6bbd-480d-b7fc-e5069c5832cc	3	20930	3837681	3440	-0.5761
b495ae30-6bbd-480d-b7fc-e5069c5832cc	3	3842373	44890200	28270	-0.5112
b495ae30-6bbd-480d-b7fc-e5069c5832cc	3	44892427	45293039	296	0.008
b495ae30-6bbd-480d-b7fc-e5069c5832cc	3	45293416	51875014	3041	-0.4513
b495ae30-6bbd-480d-b7fc-e5069c5832cc	3	51876286	51876350	2	-2.7885
b495ae30-6bbd-480d-b7fc-e5069c5832cc	3	51880142	53240586	652	-0.4646
b495ae30-6bbd-480d-b7fc-e5069c5832cc	3	53240672	56624119	2522	0.0116
b495ae30-6bbd-480d-b7fc-e5069c5832cc	3	56633452	57567470	539	-0.4601
b495ae30-6bbd-480d-b7fc-e5069c5832cc	3	57570671	61500233	3165	0.012
b495ae30-6bbd-480d-b7fc-e5069c5832cc	3	61504475	61508578	2	-3.1243
b495ae30-6bbd-480d-b7fc-e5069c5832cc	3	61509218	68682877	5644	0.0128
b495ae30-6bbd-480d-b7fc-e5069c5832cc	3	68697013	68698262	15	0.7319
b495ae30-6bbd-480d-b7fc-e5069c5832cc	3	68699607	75450448	4896	0.0048
b495ae30-6bbd-480d-b7fc-e5069c5832cc	3	75450463	75770101	77	0.494
b495ae30-6bbd-480d-b7fc-e5069c5832cc	3	75773308	82808214	4050	-0.0022
b495ae30-6bbd-480d-b7fc-e5069c5832cc	3	82808216	82823892	10	-1.4532
b495ae30-6bbd-480d-b7fc-e5069c5832cc	3	82831894	162795361	45853	0.0086
b495ae30-6bbd-480d-b7fc-e5069c5832cc	3	162795671	162906093	63	0.5466
b495ae30-6bbd-480d-b7fc-e5069c5832cc	3	162906109	167936569	2803	0.0089
b495ae30-6bbd-480d-b7fc-e5069c5832cc	3	167940485	167948129	5	-2.0136
b495ae30-6bbd-480d-b7fc-e5069c5832cc	3	167948496	169630215	1100	-0.0017
b495ae30-6bbd-480d-b7fc-e5069c5832cc	3	169631156	169635037	5	-1.3656
b495ae30-6bbd-480d-b7fc-e5069c5832cc	3	169636064	173434889	2364	0.0343
b495ae30-6bbd-480d-b7fc-e5069c5832cc	3	173434969	173434993	2	-1.7099
b495ae30-6bbd-480d-b7fc-e5069c5832cc	3	173435877	173491902	52	0.0486
b495ae30-6bbd-480d-b7fc-e5069c5832cc	3	173491991	173494583	9	-1.6516
b495ae30-6bbd-480d-b7fc-e5069c5832cc	3	173497944	183516354	6180	0.0025
b495ae30-6bbd-480d-b7fc-e5069c5832cc	3	183516595	183517412	2	-2.2285
b495ae30-6bbd-480d-b7fc-e5069c5832cc	3	183518232	193160173	6632	0.015
b495ae30-6bbd-480d-b7fc-e5069c5832cc	3	193160256	193168958	25	-0.8769
b495ae30-6bbd-480d-b7fc-e5069c5832cc	3	193168971	194879838	1132	0.0223
b495ae30-6bbd-480d-b7fc-e5069c5832cc	3	194883193	194883325	2	-3.4274
b495ae30-6bbd-480d-b7fc-e5069c5832cc	3	194885923	198169247	1546	0.0816
b495ae30-6bbd-480d-b7fc-e5069c5832cc	4	68929	3873169	1563	0.021
b495ae30-6bbd-480d-b7fc-e5069c5832cc	4	3876063	4174902	77	0.4097
b495ae30-6bbd-480d-b7fc-e5069c5832cc	4	4175446	8720526	3445	0.0209
b495ae30-6bbd-480d-b7fc-e5069c5832cc	4	8722817	9444321	54	0.3678
b495ae30-6bbd-480d-b7fc-e5069c5832cc	4	9445117	9455251	5	-0.4143
b495ae30-6bbd-480d-b7fc-e5069c5832cc	4	9459504	9477699	6	1.9672
b495ae30-6bbd-480d-b7fc-e5069c5832cc	4	9484440	9648974	45	0.378
b495ae30-6bbd-480d-b7fc-e5069c5832cc	4	9652366	10208670	494	0.0199
b495ae30-6bbd-480d-b7fc-e5069c5832cc	4	10208766	10234518	38	-0.8454
b495ae30-6bbd-480d-b7fc-e5069c5832cc	4	10236812	29639848	13896	0.0016
b495ae30-6bbd-480d-b7fc-e5069c5832cc	4	29643171	29651817	14	-1.1181
b495ae30-6bbd-480d-b7fc-e5069c5832cc	4	29654235	49204422	12045	0.009
b495ae30-6bbd-480d-b7fc-e5069c5832cc	4	49214614	49656595	22	0.961
b495ae30-6bbd-480d-b7fc-e5069c5832cc	4	51819533	54693891	1948	-0.0065
b495ae30-6bbd-480d-b7fc-e5069c5832cc	4	54694075	54694114	3	-1.9279
b495ae30-6bbd-480d-b7fc-e5069c5832cc	4	54694147	63828222	5601	-0.0048
b495ae30-6bbd-480d-b7fc-e5069c5832cc	4	63831751	63838575	7	-1.4289
b495ae30-6bbd-480d-b7fc-e5069c5832cc	4	63839438	63840033	13	-0.1783
b495ae30-6bbd-480d-b7fc-e5069c5832cc	4	63841863	63842540	8	-2.6354
b495ae30-6bbd-480d-b7fc-e5069c5832cc	4	63850713	68354665	2848	-0.0015
b495ae30-6bbd-480d-b7fc-e5069c5832cc	4	68361130	68391041	4	1.6795
b495ae30-6bbd-480d-b7fc-e5069c5832cc	4	68394355	68526096	27	-0.0567
b495ae30-6bbd-480d-b7fc-e5069c5832cc	4	68526396	68655691	62	0.6476
b495ae30-6bbd-480d-b7fc-e5069c5832cc	4	68663241	69252275	305	0.0405
b495ae30-6bbd-480d-b7fc-e5069c5832cc	4	69254604	69366406	62	-0.5399
b495ae30-6bbd-480d-b7fc-e5069c5832cc	4	69370433	131999680	37645	0.0029
b495ae30-6bbd-480d-b7fc-e5069c5832cc	4	131999693	136017824	2197	0.3874
b495ae30-6bbd-480d-b7fc-e5069c5832cc	4	136027909	172066777	22461	-0.0004
b495ae30-6bbd-480d-b7fc-e5069c5832cc	4	172067997	172068382	12	-1.5785
b495ae30-6bbd-480d-b7fc-e5069c5832cc	4	172074828	184906876	8616	-0.0049
b495ae30-6bbd-480d-b7fc-e5069c5832cc	4	184907164	184907523	2	-2.4027
b495ae30-6bbd-480d-b7fc-e5069c5832cc	4	184912855	189857111	3383	0.0151
b495ae30-6bbd-480d-b7fc-e5069c5832cc	4	189857379	190106768	62	0.5098
b495ae30-6bbd-480d-b7fc-e5069c5832cc	5	15532	742574	323	0.4001
b495ae30-6bbd-480d-b7fc-e5069c5832cc	5	760901	833513	29	1.2004
b495ae30-6bbd-480d-b7fc-e5069c5832cc	5	852451	15716018	11815	0.3893
b495ae30-6bbd-480d-b7fc-e5069c5832cc	5	15718383	15720488	11	-0.4591
b495ae30-6bbd-480d-b7fc-e5069c5832cc	5	15723237	19454175	2380	0.3744
b495ae30-6bbd-480d-b7fc-e5069c5832cc	5	19458679	19459518	3	-1.3855
b495ae30-6bbd-480d-b7fc-e5069c5832cc	5	19462162	27524345	4671	0.369
b495ae30-6bbd-480d-b7fc-e5069c5832cc	5	27525283	27525407	2	-2.1825
b495ae30-6bbd-480d-b7fc-e5069c5832cc	5	27525800	46271006	11421	0.3854
b495ae30-6bbd-480d-b7fc-e5069c5832cc	5	46271828	46273400	6	1.8348
b495ae30-6bbd-480d-b7fc-e5069c5832cc	5	46278110	50528219	151	0.5661
b495ae30-6bbd-480d-b7fc-e5069c5832cc	5	50529531	58025819	4917	0.3861
b495ae30-6bbd-480d-b7fc-e5069c5832cc	5	58030200	58045317	36	-0.382
b495ae30-6bbd-480d-b7fc-e5069c5832cc	5	58046293	99500868	23905	0.3856
b495ae30-6bbd-480d-b7fc-e5069c5832cc	5	99504170	99504922	2	-1.7867
b495ae30-6bbd-480d-b7fc-e5069c5832cc	5	99508633	104515520	2907	0.3969
b495ae30-6bbd-480d-b7fc-e5069c5832cc	5	104524672	104524903	4	1.9761
b495ae30-6bbd-480d-b7fc-e5069c5832cc	5	104525348	121038115	11310	0.375
b495ae30-6bbd-480d-b7fc-e5069c5832cc	5	121038689	121039556	2	-2.3606
b495ae30-6bbd-480d-b7fc-e5069c5832cc	5	121040179	127121923	3996	0.3803
b495ae30-6bbd-480d-b7fc-e5069c5832cc	5	127122434	127122625	2	-2.1199
b495ae30-6bbd-480d-b7fc-e5069c5832cc	5	127127947	173775504	30511	0.3865
b495ae30-6bbd-480d-b7fc-e5069c5832cc	5	173778055	173779213	7	-1.1727
b495ae30-6bbd-480d-b7fc-e5069c5832cc	5	173779368	177771448	2395	0.4028
b495ae30-6bbd-480d-b7fc-e5069c5832cc	5	177800550	177805604	3	2.7525
b495ae30-6bbd-480d-b7fc-e5069c5832cc	5	177827964	180951710	1794	0.4133
b495ae30-6bbd-480d-b7fc-e5069c5832cc	5	180951888	181006225	19	-0.5677
b495ae30-6bbd-480d-b7fc-e5069c5832cc	5	181006264	181363319	169	0.3953
b495ae30-6bbd-480d-b7fc-e5069c5832cc	6	149661	33970966	23659	0.0185
b495ae30-6bbd-480d-b7fc-e5069c5832cc	6	33974234	33974928	6	-2.0359
b495ae30-6bbd-480d-b7fc-e5069c5832cc	6	33976809	52745832	11873	0.02
b495ae30-6bbd-480d-b7fc-e5069c5832cc	6	52746001	52795748	45	0.5033
b495ae30-6bbd-480d-b7fc-e5069c5832cc	6	52797717	56430859	2481	-0.0008
b495ae30-6bbd-480d-b7fc-e5069c5832cc	6	56433681	56434126	2	-2.2555
b495ae30-6bbd-480d-b7fc-e5069c5832cc	6	56434519	57434226	464	0.0121
b495ae30-6bbd-480d-b7fc-e5069c5832cc	6	57434511	61813565	759	0.1288
b495ae30-6bbd-480d-b7fc-e5069c5832cc	6	61821315	65119199	1799	-0.011
b495ae30-6bbd-480d-b7fc-e5069c5832cc	6	65119497	65120961	3	-1.7431
b495ae30-6bbd-480d-b7fc-e5069c5832cc	6	65121674	69491373	2984	-0.0002
b495ae30-6bbd-480d-b7fc-e5069c5832cc	6	69494721	69511430	15	0.7214
b495ae30-6bbd-480d-b7fc-e5069c5832cc	6	69513415	73882085	2820	0.0041
b495ae30-6bbd-480d-b7fc-e5069c5832cc	6	73882142	73887625	10	-0.6967
b495ae30-6bbd-480d-b7fc-e5069c5832cc	6	73891694	78253172	2768	-0.0033
b495ae30-6bbd-480d-b7fc-e5069c5832cc	6	78259348	78342235	124	-0.5613
b495ae30-6bbd-480d-b7fc-e5069c5832cc	6	78342896	80574999	1420	-0.0088
b495ae30-6bbd-480d-b7fc-e5069c5832cc	6	80575042	80579817	28	-0.9118
b495ae30-6bbd-480d-b7fc-e5069c5832cc	6	80584624	113900791	20684	0.0032
b495ae30-6bbd-480d-b7fc-e5069c5832cc	6	113903677	113903852	2	-2.6285
b495ae30-6bbd-480d-b7fc-e5069c5832cc	6	113904647	163115391	32121	0.0074
b495ae30-6bbd-480d-b7fc-e5069c5832cc	6	163118257	163118308	2	-2.4606
b495ae30-6bbd-480d-b7fc-e5069c5832cc	6	163118360	165098431	1533	-0.0125
b495ae30-6bbd-480d-b7fc-e5069c5832cc	6	165098765	165106809	3	-1.9263
b495ae30-6bbd-480d-b7fc-e5069c5832cc	6	165108568	170741917	3761	-0.0124
b495ae30-6bbd-480d-b7fc-e5069c5832cc	7	43355	6845907	3425	0.0075
b495ae30-6bbd-480d-b7fc-e5069c5832cc	7	6853677	6951986	33	0.5114
b495ae30-6bbd-480d-b7fc-e5069c5832cc	7	6961976	8980507	1795	-0.0066
b495ae30-6bbd-480d-b7fc-e5069c5832cc	7	8980908	9010110	22	-0.7599
b495ae30-6bbd-480d-b7fc-e5069c5832cc	7	9010169	9175917	146	0.043
b495ae30-6bbd-480d-b7fc-e5069c5832cc	7	9183039	9183965	5	-1.1683
b495ae30-6bbd-480d-b7fc-e5069c5832cc	7	9184091	9857918	532	-0.0128
b495ae30-6bbd-480d-b7fc-e5069c5832cc	7	9857992	9859751	3	-2.0254
b495ae30-6bbd-480d-b7fc-e5069c5832cc	7	9862960	56641649	33997	0.0076
b495ae30-6bbd-480d-b7fc-e5069c5832cc	7	56641973	57891225	506	0.1368
b495ae30-6bbd-480d-b7fc-e5069c5832cc	7	57900929	62949068	146	0.4495
b495ae30-6bbd-480d-b7fc-e5069c5832cc	7	62958590	64335638	462	0.1417
b495ae30-6bbd-480d-b7fc-e5069c5832cc	7	64337242	65057242	367	-0.0304
b495ae30-6bbd-480d-b7fc-e5069c5832cc	7	65059538	65235714	33	0.4616
b495ae30-6bbd-480d-b7fc-e5069c5832cc	7	65242559	65452228	133	0.0808
b495ae30-6bbd-480d-b7fc-e5069c5832cc	7	65452891	65714988	58	0.3867
b495ae30-6bbd-480d-b7fc-e5069c5832cc	7	65718529	70955452	2891	0.0269
b495ae30-6bbd-480d-b7fc-e5069c5832cc	7	70958264	70961155	2	-2.233
b495ae30-6bbd-480d-b7fc-e5069c5832cc	7	70963257	76409947	2117	0.0261
b495ae30-6bbd-480d-b7fc-e5069c5832cc	7	76416723	76936433	181	0.2638
b495ae30-6bbd-480d-b7fc-e5069c5832cc	7	76940335	89751801	8252	-0.0043
b495ae30-6bbd-480d-b7fc-e5069c5832cc	7	89752539	89833391	41	0.3947
b495ae30-6bbd-480d-b7fc-e5069c5832cc	7	89836042	91397933	1087	0.02
b495ae30-6bbd-480d-b7fc-e5069c5832cc	7	91400153	91411412	29	-0.8666
b495ae30-6bbd-480d-b7fc-e5069c5832cc	7	91417678	109789870	10558	0.0205
b495ae30-6bbd-480d-b7fc-e5069c5832cc	7	109789993	109797700	19	0.506
b495ae30-6bbd-480d-b7fc-e5069c5832cc	7	109797715	109800866	9	1.2692
b495ae30-6bbd-480d-b7fc-e5069c5832cc	7	109801155	109813762	10	0.3947
b495ae30-6bbd-480d-b7fc-e5069c5832cc	7	109813801	111426603	1094	-0.0143
b495ae30-6bbd-480d-b7fc-e5069c5832cc	7	111429358	111519044	42	-0.895
b495ae30-6bbd-480d-b7fc-e5069c5832cc	7	111519840	154598185	26464	0.0144
b495ae30-6bbd-480d-b7fc-e5069c5832cc	7	154601461	154607903	4	-1.6806
b495ae30-6bbd-480d-b7fc-e5069c5832cc	7	154609120	158738832	2850	0.0237
b495ae30-6bbd-480d-b7fc-e5069c5832cc	7	158738853	158762265	12	-1.1206
b495ae30-6bbd-480d-b7fc-e5069c5832cc	7	158763651	159334314	367	0.053
b495ae30-6bbd-480d-b7fc-e5069c5832cc	8	81254	7064587	7677	-0.0378
b495ae30-6bbd-480d-b7fc-e5069c5832cc	8	7067590	8102048	94	0.4607
b495ae30-6bbd-480d-b7fc-e5069c5832cc	8	8104937	12143614	3230	-0.003
b495ae30-6bbd-480d-b7fc-e5069c5832cc	8	12176798	12496221	36	1.1559
b495ae30-6bbd-480d-b7fc-e5069c5832cc	8	12496252	12697234	39	0.5179
b495ae30-6bbd-480d-b7fc-e5069c5832cc	8	12698533	16115471	3258	-0.0175
b495ae30-6bbd-480d-b7fc-e5069c5832cc	8	16116081	16116236	2	-2.3126
b495ae30-6bbd-480d-b7fc-e5069c5832cc	8	16117499	25119126	7103	0.0089
b495ae30-6bbd-480d-b7fc-e5069c5832cc	8	25119160	25133893	25	0.7013
b495ae30-6bbd-480d-b7fc-e5069c5832cc	8	25134248	38455399	8509	-0.0009
b495ae30-6bbd-480d-b7fc-e5069c5832cc	8	38455633	38464003	49	0.3186
b495ae30-6bbd-480d-b7fc-e5069c5832cc	8	38464828	39372664	438	-0.0135
b495ae30-6bbd-480d-b7fc-e5069c5832cc	8	39372806	39530780	62	0.8203
b495ae30-6bbd-480d-b7fc-e5069c5832cc	8	39531260	40909965	1069	0.0029
b495ae30-6bbd-480d-b7fc-e5069c5832cc	8	40913994	40920952	4	-1.3035
b495ae30-6bbd-480d-b7fc-e5069c5832cc	8	40926161	43298622	1352	0.0146
b495ae30-6bbd-480d-b7fc-e5069c5832cc	8	43301655	46517387	288	0.1704
b495ae30-6bbd-480d-b7fc-e5069c5832cc	8	46524311	57458876	6653	0.013
b495ae30-6bbd-480d-b7fc-e5069c5832cc	8	57459134	57474854	22	0.5663
b495ae30-6bbd-480d-b7fc-e5069c5832cc	8	57478363	85499290	17055	0.0043
b495ae30-6bbd-480d-b7fc-e5069c5832cc	8	85501953	85645184	93	0.6525
b495ae30-6bbd-480d-b7fc-e5069c5832cc	8	85828731	111279265	15399	0.0088
b495ae30-6bbd-480d-b7fc-e5069c5832cc	8	111282050	111283031	10	1.6601
b495ae30-6bbd-480d-b7fc-e5069c5832cc	8	111288052	114626121	1831	-0.0141
b495ae30-6bbd-480d-b7fc-e5069c5832cc	8	114626166	114660731	28	0.5162
b495ae30-6bbd-480d-b7fc-e5069c5832cc	8	114661835	136812773	15977	0.0137
b495ae30-6bbd-480d-b7fc-e5069c5832cc	8	136813730	136850192	54	0.4045
b495ae30-6bbd-480d-b7fc-e5069c5832cc	8	136851164	144182542	4628	0.0344
b495ae30-6bbd-480d-b7fc-e5069c5832cc	8	144182963	145072769	355	0.1704
b495ae30-6bbd-480d-b7fc-e5069c5832cc	9	46587	1446459	1454	0.0114
b495ae30-6bbd-480d-b7fc-e5069c5832cc	9	1446987	1450010	10	-1.5625
b495ae30-6bbd-480d-b7fc-e5069c5832cc	9	1450274	39487690	29668	-0.0014
b495ae30-6bbd-480d-b7fc-e5069c5832cc	9	39547279	68367083	405	0.3874
b495ae30-6bbd-480d-b7fc-e5069c5832cc	9	68369685	90812368	16168	0.0079
b495ae30-6bbd-480d-b7fc-e5069c5832cc	9	90812412	90812816	2	-2.4491
b495ae30-6bbd-480d-b7fc-e5069c5832cc	9	90813394	90900919	110	0.0425
b495ae30-6bbd-480d-b7fc-e5069c5832cc	9	90907627	90912734	5	-0.843
b495ae30-6bbd-480d-b7fc-e5069c5832cc	9	90915207	91149387	224	0.0501
b495ae30-6bbd-480d-b7fc-e5069c5832cc	9	91152487	91152705	4	-1.6292
b495ae30-6bbd-480d-b7fc-e5069c5832cc	9	91158945	111217191	14101	0.0116
b495ae30-6bbd-480d-b7fc-e5069c5832cc	9	111218084	111218807	4	-2.2384
b495ae30-6bbd-480d-b7fc-e5069c5832cc	9	111220706	131383392	13578	0.0307
b495ae30-6bbd-480d-b7fc-e5069c5832cc	9	131385539	131387628	3	-2.4656
b495ae30-6bbd-480d-b7fc-e5069c5832cc	9	131389614	135322259	2513	0.0291
b495ae30-6bbd-480d-b7fc-e5069c5832cc	9	135323776	135324566	2	-2.5136
b495ae30-6bbd-480d-b7fc-e5069c5832cc	9	135325951	138200944	1107	0.0483
b495ae30-6bbd-480d-b7fc-e5069c5832cc	10	45792	3013886	2450	0.0191
b495ae30-6bbd-480d-b7fc-e5069c5832cc	10	3014658	3029355	17	-0.7023
b495ae30-6bbd-480d-b7fc-e5069c5832cc	10	3030575	5638879	2322	0.0253
b495ae30-6bbd-480d-b7fc-e5069c5832cc	10	5638921	5670403	16	-0.7743
b495ae30-6bbd-480d-b7fc-e5069c5832cc	10	5672594	6695422	932	0.0077
b495ae30-6bbd-480d-b7fc-e5069c5832cc	10	6696025	6696351	2	-3.4341
b495ae30-6bbd-480d-b7fc-e5069c5832cc	10	6696652	24086334	13417	0.0119
b495ae30-6bbd-480d-b7fc-e5069c5832cc	10	24088745	24089979	12	1.3409
b495ae30-6bbd-480d-b7fc-e5069c5832cc	10	24090022	41776590	9847	0.0133
b495ae30-6bbd-480d-b7fc-e5069c5832cc	10	41776663	42330980	42	0.6344
b495ae30-6bbd-480d-b7fc-e5069c5832cc	10	42331264	89178916	31107	0.0113
b495ae30-6bbd-480d-b7fc-e5069c5832cc	10	89183210	89183979	7	-1.9582
b495ae30-6bbd-480d-b7fc-e5069c5832cc	10	89188056	133654968	30335	0.0165
b495ae30-6bbd-480d-b7fc-e5069c5832cc	11	198510	672103	153	0.0061
b495ae30-6bbd-480d-b7fc-e5069c5832cc	11	677565	678561	3	-2.0497
b495ae30-6bbd-480d-b7fc-e5069c5832cc	11	681922	1796865	410	0.0222
b495ae30-6bbd-480d-b7fc-e5069c5832cc	11	1796982	1824690	12	-0.8894
b495ae30-6bbd-480d-b7fc-e5069c5832cc	11	1833341	4946420	1838	0.041
b495ae30-6bbd-480d-b7fc-e5069c5832cc	11	4947280	4952799	25	-1.5227
b495ae30-6bbd-480d-b7fc-e5069c5832cc	11	4953934	5498255	539	-0.0022
b495ae30-6bbd-480d-b7fc-e5069c5832cc	11	5498454	5502363	11	-0.6958
b495ae30-6bbd-480d-b7fc-e5069c5832cc	11	5503234	18919323	9668	0.0247
b495ae30-6bbd-480d-b7fc-e5069c5832cc	11	18927525	18950248	57	0.6311
b495ae30-6bbd-480d-b7fc-e5069c5832cc	11	18950452	48431719	20471	0.0056
b495ae30-6bbd-480d-b7fc-e5069c5832cc	11	48434205	48996010	200	0.2146
b495ae30-6bbd-480d-b7fc-e5069c5832cc	11	48999554	50096159	474	-0.0107
b495ae30-6bbd-480d-b7fc-e5069c5832cc	11	50101778	55606572	574	0.206
b495ae30-6bbd-480d-b7fc-e5069c5832cc	11	55606712	55679761	52	0.5931
b495ae30-6bbd-480d-b7fc-e5069c5832cc	11	55679856	55947343	201	0.1281
b495ae30-6bbd-480d-b7fc-e5069c5832cc	11	55947719	67734155	6028	0.0291
b495ae30-6bbd-480d-b7fc-e5069c5832cc	11	67736185	67981851	67	0.4971
b495ae30-6bbd-480d-b7fc-e5069c5832cc	11	67996609	135074876	45899	0.0137
b495ae30-6bbd-480d-b7fc-e5069c5832cc	12	51460	8157111	5512	0.0216
b495ae30-6bbd-480d-b7fc-e5069c5832cc	12	8157472	8432076	91	0.4406
b495ae30-6bbd-480d-b7fc-e5069c5832cc	12	8442298	9481274	558	0.0025
b495ae30-6bbd-480d-b7fc-e5069c5832cc	12	9485313	9561078	21	-1.0946
b495ae30-6bbd-480d-b7fc-e5069c5832cc	12	9562969	33213882	16613	0.0073
b495ae30-6bbd-480d-b7fc-e5069c5832cc	12	33216380	33216747	2	-2.3499
b495ae30-6bbd-480d-b7fc-e5069c5832cc	12	33220814	34028768	507	0.0237
b495ae30-6bbd-480d-b7fc-e5069c5832cc	12	34033626	37593924	282	0.1987
b495ae30-6bbd-480d-b7fc-e5069c5832cc	12	37618765	37620216	2	-1.9133
b495ae30-6bbd-480d-b7fc-e5069c5832cc	12	37640556	38290706	187	0.1947
b495ae30-6bbd-480d-b7fc-e5069c5832cc	12	38292165	131636170	60321	0.0124
b495ae30-6bbd-480d-b7fc-e5069c5832cc	12	131648039	131658450	15	0.8692
b495ae30-6bbd-480d-b7fc-e5069c5832cc	12	131658829	133201603	556	0.0001
b495ae30-6bbd-480d-b7fc-e5069c5832cc	13	18452809	18561151	10	0.5408
b495ae30-6bbd-480d-b7fc-e5069c5832cc	13	18561563	18740379	58	-0.1603
b495ae30-6bbd-480d-b7fc-e5069c5832cc	13	18741033	18842946	25	0.1908
b495ae30-6bbd-480d-b7fc-e5069c5832cc	13	18844220	37496998	13283	-0.5104
b495ae30-6bbd-480d-b7fc-e5069c5832cc	13	37497899	37510620	16	-2.1659
b495ae30-6bbd-480d-b7fc-e5069c5832cc	13	37514193	45864739	5757	-0.5157
b495ae30-6bbd-480d-b7fc-e5069c5832cc	13	45866512	45866547	2	-3.7478
b495ae30-6bbd-480d-b7fc-e5069c5832cc	13	45866937	53558866	4705	-0.4987
b495ae30-6bbd-480d-b7fc-e5069c5832cc	13	53563537	56079901	1469	-0.0138
b495ae30-6bbd-480d-b7fc-e5069c5832cc	13	56089076	60681337	2635	-0.5051
b495ae30-6bbd-480d-b7fc-e5069c5832cc	13	60682115	63638572	1708	0.0011
b495ae30-6bbd-480d-b7fc-e5069c5832cc	13	63641427	63643749	4	-1.8429
b495ae30-6bbd-480d-b7fc-e5069c5832cc	13	63644207	88787143	16188	-0.0009
b495ae30-6bbd-480d-b7fc-e5069c5832cc	13	88791095	88791236	2	-2.3326
b495ae30-6bbd-480d-b7fc-e5069c5832cc	13	88791890	98417249	6359	0.0029
b495ae30-6bbd-480d-b7fc-e5069c5832cc	13	98418672	98419598	2	-2.2932
b495ae30-6bbd-480d-b7fc-e5069c5832cc	13	98419874	114342922	11692	-0.006
b495ae30-6bbd-480d-b7fc-e5069c5832cc	14	18239283	18693043	25	0.273
b495ae30-6bbd-480d-b7fc-e5069c5832cc	14	18950560	19955213	142	0.8609
b495ae30-6bbd-480d-b7fc-e5069c5832cc	14	19956767	73534419	34009	0.0001
b495ae30-6bbd-480d-b7fc-e5069c5832cc	14	73540003	73554275	8	-1.7107
b495ae30-6bbd-480d-b7fc-e5069c5832cc	14	73563196	105963902	20717	0.0024
b495ae30-6bbd-480d-b7fc-e5069c5832cc	14	105965586	106321086	129	0.2919
b495ae30-6bbd-480d-b7fc-e5069c5832cc	14	106340102	106346129	7	-1.0364
b495ae30-6bbd-480d-b7fc-e5069c5832cc	14	106360014	106487515	82	0.333
b495ae30-6bbd-480d-b7fc-e5069c5832cc	14	106487827	106877229	192	0.0374
b495ae30-6bbd-480d-b7fc-e5069c5832cc	15	19811075	20206773	59	0.5218
b495ae30-6bbd-480d-b7fc-e5069c5832cc	15	20207225	22294951	144	-0.4385
b495ae30-6bbd-480d-b7fc-e5069c5832cc	15	22296480	24422282	993	0.0601
b495ae30-6bbd-480d-b7fc-e5069c5832cc	15	24424509	24473449	36	-0.4429
b495ae30-6bbd-480d-b7fc-e5069c5832cc	15	24480146	26979759	1785	0.0065
b495ae30-6bbd-480d-b7fc-e5069c5832cc	15	26981522	26982553	2	-1.8378
b495ae30-6bbd-480d-b7fc-e5069c5832cc	15	26983199	28137434	889	0.0086
b495ae30-6bbd-480d-b7fc-e5069c5832cc	15	28138816	29033132	197	0.2505
b495ae30-6bbd-480d-b7fc-e5069c5832cc	15	29033663	30201158	728	0.0116
b495ae30-6bbd-480d-b7fc-e5069c5832cc	15	30215220	30608675	30	0.5474
b495ae30-6bbd-480d-b7fc-e5069c5832cc	15	30621384	30788085	56	-0.0012
b495ae30-6bbd-480d-b7fc-e5069c5832cc	15	30790072	30818340	12	0.7507
b495ae30-6bbd-480d-b7fc-e5069c5832cc	15	30821161	35958752	3521	0.0307
b495ae30-6bbd-480d-b7fc-e5069c5832cc	15	35959253	35964949	2	-2.4623
b495ae30-6bbd-480d-b7fc-e5069c5832cc	15	35965157	47914023	7167	0.0237
b495ae30-6bbd-480d-b7fc-e5069c5832cc	15	47916046	47925808	10	-1.2585
b495ae30-6bbd-480d-b7fc-e5069c5832cc	15	47926024	76586021	18234	0.0246
b495ae30-6bbd-480d-b7fc-e5069c5832cc	15	76598900	76603003	15	1.0304
b495ae30-6bbd-480d-b7fc-e5069c5832cc	15	76603426	76609838	8	1.5732
b495ae30-6bbd-480d-b7fc-e5069c5832cc	15	76609853	93252301	11032	0.0316
b495ae30-6bbd-480d-b7fc-e5069c5832cc	15	93253049	93254765	3	-1.6723
b495ae30-6bbd-480d-b7fc-e5069c5832cc	15	93255507	93357383	137	0.0648
b495ae30-6bbd-480d-b7fc-e5069c5832cc	15	93357631	93396363	32	-0.5127
b495ae30-6bbd-480d-b7fc-e5069c5832cc	15	93399035	97257376	2956	0.0117
b495ae30-6bbd-480d-b7fc-e5069c5832cc	15	97264844	97288957	13	-0.9473
b495ae30-6bbd-480d-b7fc-e5069c5832cc	15	97290419	101928837	3412	0.0293
b495ae30-6bbd-480d-b7fc-e5069c5832cc	16	10777	6048265	3185	0.035
b495ae30-6bbd-480d-b7fc-e5069c5832cc	16	6052911	6059220	11	-0.768
b495ae30-6bbd-480d-b7fc-e5069c5832cc	16	6059338	6760310	918	-0.009
b495ae30-6bbd-480d-b7fc-e5069c5832cc	16	6760811	6761870	3	-1.8225
b495ae30-6bbd-480d-b7fc-e5069c5832cc	16	6762291	14662430	6957	0.0189
b495ae30-6bbd-480d-b7fc-e5069c5832cc	16	14665911	14993318	70	0.5158
b495ae30-6bbd-480d-b7fc-e5069c5832cc	16	14993319	19933041	2300	0.0487
b495ae30-6bbd-480d-b7fc-e5069c5832cc	16	19934328	19956040	29	-0.7467
b495ae30-6bbd-480d-b7fc-e5069c5832cc	16	19958932	22430699	1275	0.0612
b495ae30-6bbd-480d-b7fc-e5069c5832cc	16	22546611	22712343	85	0.3295
b495ae30-6bbd-480d-b7fc-e5069c5832cc	16	22714309	22978699	220	0.0533
b495ae30-6bbd-480d-b7fc-e5069c5832cc	16	22982108	22982589	2	-2.1536
b495ae30-6bbd-480d-b7fc-e5069c5832cc	16	22984225	31948830	4857	0.0363
b495ae30-6bbd-480d-b7fc-e5069c5832cc	16	31954295	35092694	130	0.4414
b495ae30-6bbd-480d-b7fc-e5069c5832cc	16	35093303	35225230	91	0.0341
b495ae30-6bbd-480d-b7fc-e5069c5832cc	16	35225338	35520357	167	0.6336
b495ae30-6bbd-480d-b7fc-e5069c5832cc	16	35521195	46576275	180	0.2608
b495ae30-6bbd-480d-b7fc-e5069c5832cc	16	46581419	51353926	2862	0.0178
b495ae30-6bbd-480d-b7fc-e5069c5832cc	16	51355117	51355642	3	-1.789
b495ae30-6bbd-480d-b7fc-e5069c5832cc	16	51359288	52915410	1221	0.0097
b495ae30-6bbd-480d-b7fc-e5069c5832cc	16	52915528	52920735	5	-1.1794
b495ae30-6bbd-480d-b7fc-e5069c5832cc	16	52929240	55762682	2316	0.03
b495ae30-6bbd-480d-b7fc-e5069c5832cc	16	55764310	55764867	3	1.8699
b495ae30-6bbd-480d-b7fc-e5069c5832cc	16	55770436	78337711	14274	0.0147
b495ae30-6bbd-480d-b7fc-e5069c5832cc	16	78338543	78350841	15	0.8293
b495ae30-6bbd-480d-b7fc-e5069c5832cc	16	78350868	81175217	3250	0.0093
b495ae30-6bbd-480d-b7fc-e5069c5832cc	16	81175773	81177943	7	-1.3723
b495ae30-6bbd-480d-b7fc-e5069c5832cc	16	81178464	82669218	1472	0.0169
b495ae30-6bbd-480d-b7fc-e5069c5832cc	16	82670477	82678427	17	-0.6949
b495ae30-6bbd-480d-b7fc-e5069c5832cc	16	82678710	90096867	5846	0.017
b495ae30-6bbd-480d-b7fc-e5069c5832cc	17	150733	15134796	9663	0.0276
b495ae30-6bbd-480d-b7fc-e5069c5832cc	17	15140609	15151185	30	-0.6919
b495ae30-6bbd-480d-b7fc-e5069c5832cc	17	15155674	16798212	766	0.0428
b495ae30-6bbd-480d-b7fc-e5069c5832cc	17	16806233	16815664	3	-1.7124
b495ae30-6bbd-480d-b7fc-e5069c5832cc	17	16815729	18414080	909	0.0392
b495ae30-6bbd-480d-b7fc-e5069c5832cc	17	18452078	18543365	24	1.5804
b495ae30-6bbd-480d-b7fc-e5069c5832cc	17	18550123	21399695	1166	0.0432
b495ae30-6bbd-480d-b7fc-e5069c5832cc	17	21414459	22513445	218	0.181
b495ae30-6bbd-480d-b7fc-e5069c5832cc	17	22520641	22530709	5	-0.9892
b495ae30-6bbd-480d-b7fc-e5069c5832cc	17	22531085	27095737	153	0.2384
b495ae30-6bbd-480d-b7fc-e5069c5832cc	17	27096218	33655122	3468	0.0276
b495ae30-6bbd-480d-b7fc-e5069c5832cc	17	33657111	33990702	306	-0.1389
b495ae30-6bbd-480d-b7fc-e5069c5832cc	17	33991654	41265433	4063	0.0386
b495ae30-6bbd-480d-b7fc-e5069c5832cc	17	41265456	41274198	24	-0.5849
b495ae30-6bbd-480d-b7fc-e5069c5832cc	17	41274279	46124088	2526	0.0471
b495ae30-6bbd-480d-b7fc-e5069c5832cc	17	46127007	46351954	96	-0.201
b495ae30-6bbd-480d-b7fc-e5069c5832cc	17	46446345	46446360	2	3.3466
b495ae30-6bbd-480d-b7fc-e5069c5832cc	17	46569894	47347811	360	0.0685
b495ae30-6bbd-480d-b7fc-e5069c5832cc	17	47351140	47364653	2	-1.5494
b495ae30-6bbd-480d-b7fc-e5069c5832cc	17	47367502	51402945	2082	0.0355
b495ae30-6bbd-480d-b7fc-e5069c5832cc	17	51403889	51404749	3	-1.7151
b495ae30-6bbd-480d-b7fc-e5069c5832cc	17	51406089	56083648	3349	0.0129
b495ae30-6bbd-480d-b7fc-e5069c5832cc	17	56083690	56094916	22	-1.1614
b495ae30-6bbd-480d-b7fc-e5069c5832cc	17	56095230	83091923	15708	0.0259
b495ae30-6bbd-480d-b7fc-e5069c5832cc	18	48133	2636606	1884	0.004
b495ae30-6bbd-480d-b7fc-e5069c5832cc	18	2636752	2642721	10	-0.8151
b495ae30-6bbd-480d-b7fc-e5069c5832cc	18	2643305	14104214	8140	0.0092
b495ae30-6bbd-480d-b7fc-e5069c5832cc	18	14108789	15098542	299	0.1369
b495ae30-6bbd-480d-b7fc-e5069c5832cc	18	15099163	15402409	61	0.474
b495ae30-6bbd-480d-b7fc-e5069c5832cc	18	20949392	65819178	29668	0.008
b495ae30-6bbd-480d-b7fc-e5069c5832cc	18	65819352	65819909	3	-2.4076
b495ae30-6bbd-480d-b7fc-e5069c5832cc	18	65829587	73291900	5512	-0.0011
b495ae30-6bbd-480d-b7fc-e5069c5832cc	18	73292554	73292877	3	-1.9026
b495ae30-6bbd-480d-b7fc-e5069c5832cc	18	73295978	80257174	5078	-0.0099
b495ae30-6bbd-480d-b7fc-e5069c5832cc	19	90910	19846860	8560	0.0378
b495ae30-6bbd-480d-b7fc-e5069c5832cc	19	19847731	21032768	693	0.2079
b495ae30-6bbd-480d-b7fc-e5069c5832cc	19	21032928	22098847	608	0.0341
b495ae30-6bbd-480d-b7fc-e5069c5832cc	19	22103300	22441252	200	0.2076
b495ae30-6bbd-480d-b7fc-e5069c5832cc	19	22449343	24025595	913	0.0235
b495ae30-6bbd-480d-b7fc-e5069c5832cc	19	24026745	27707531	244	0.3
b495ae30-6bbd-480d-b7fc-e5069c5832cc	19	27718103	42711176	9139	0.0336
b495ae30-6bbd-480d-b7fc-e5069c5832cc	19	42712819	43300610	241	0.2428
b495ae30-6bbd-480d-b7fc-e5069c5832cc	19	43301176	52706243	4841	0.0403
b495ae30-6bbd-480d-b7fc-e5069c5832cc	19	52707688	53760909	792	0.1609
b495ae30-6bbd-480d-b7fc-e5069c5832cc	19	53761862	55795036	1011	0.0185
b495ae30-6bbd-480d-b7fc-e5069c5832cc	19	55796217	55796444	4	-1.8524
b495ae30-6bbd-480d-b7fc-e5069c5832cc	19	55796481	58586487	1815	0.0385
b495ae30-6bbd-480d-b7fc-e5069c5832cc	20	80664	1569688	1174	0.0452
b495ae30-6bbd-480d-b7fc-e5069c5832cc	20	1571470	1617300	67	0.39
b495ae30-6bbd-480d-b7fc-e5069c5832cc	20	1617460	12909216	8694	0.0113
b495ae30-6bbd-480d-b7fc-e5069c5832cc	20	12909395	12909955	2	-2.3166
b495ae30-6bbd-480d-b7fc-e5069c5832cc	20	12911119	26215627	9999	0.0098
b495ae30-6bbd-480d-b7fc-e5069c5832cc	20	26217263	31256075	94	0.3974
b495ae30-6bbd-480d-b7fc-e5069c5832cc	20	31256170	64324800	22273	0.0247
b495ae30-6bbd-480d-b7fc-e5069c5832cc	21	10354168	14007481	327	0.2019
b495ae30-6bbd-480d-b7fc-e5069c5832cc	21	14008612	22441801	6091	-0.0074
b495ae30-6bbd-480d-b7fc-e5069c5832cc	21	22445044	22452378	11	-0.7789
b495ae30-6bbd-480d-b7fc-e5069c5832cc	21	22454904	46677045	17398	0.0163
b495ae30-6bbd-480d-b7fc-e5069c5832cc	22	15294547	15729257	20	-0.1036
b495ae30-6bbd-480d-b7fc-e5069c5832cc	22	15729272	16576248	50	0.5183
b495ae30-6bbd-480d-b7fc-e5069c5832cc	22	16577726	38894915	15099	0.0589
b495ae30-6bbd-480d-b7fc-e5069c5832cc	22	38899250	38900899	3	-2.8302
b495ae30-6bbd-480d-b7fc-e5069c5832cc	22	38903109	38910075	5	0.5389
b495ae30-6bbd-480d-b7fc-e5069c5832cc	22	38910409	38947852	27	-0.0654
b495ae30-6bbd-480d-b7fc-e5069c5832cc	22	38947911	38955461	6	0.3633
b495ae30-6bbd-480d-b7fc-e5069c5832cc	22	38967614	39017323	42	-0.2933
b495ae30-6bbd-480d-b7fc-e5069c5832cc	22	39028509	40397256	672	0.0523
b495ae30-6bbd-480d-b7fc-e5069c5832cc	22	40398586	40398816	2	-3.8577
b495ae30-6bbd-480d-b7fc-e5069c5832cc	22	40401668	48955650	6130	0.036
b495ae30-6bbd-480d-b7fc-e5069c5832cc	22	48956708	49471065	531	-0.0854
b495ae30-6bbd-480d-b7fc-e5069c5832cc	22	49471549	49472488	2	-2.4619
b495ae30-6bbd-480d-b7fc-e5069c5832cc	22	49479847	49692757	162	-0.021
b495ae30-6bbd-480d-b7fc-e5069c5832cc	22	49693160	49694314	3	-1.8365
b495ae30-6bbd-480d-b7fc-e5069c5832cc	22	49697404	50796027	478	0.0404
b495ae30-6bbd-480d-b7fc-e5069c5832cc	X	251810	2858112	150	0.0188
b495ae30-6bbd-480d-b7fc-e5069c5832cc	X	2858331	2859314	2	-2.6597
b495ae30-6bbd-480d-b7fc-e5069c5832cc	X	2859805	38078693	23290	0.0066
b495ae30-6bbd-480d-b7fc-e5069c5832cc	X	38079020	38082478	5	-1.6613
b495ae30-6bbd-480d-b7fc-e5069c5832cc	X	38090110	38437904	243	0.0033
b495ae30-6bbd-480d-b7fc-e5069c5832cc	X	38438304	38438789	5	-1.2451
b495ae30-6bbd-480d-b7fc-e5069c5832cc	X	38439675	56496107	8769	0.0388
b495ae30-6bbd-480d-b7fc-e5069c5832cc	X	56496246	56539828	17	0.6845
b495ae30-6bbd-480d-b7fc-e5069c5832cc	X	56542444	58247095	818	0.0549
b495ae30-6bbd-480d-b7fc-e5069c5832cc	X	58255236	62831804	96	0.325
b495ae30-6bbd-480d-b7fc-e5069c5832cc	X	62833584	148553014	46198	0.0202
b495ae30-6bbd-480d-b7fc-e5069c5832cc	X	148553275	148553693	2	-2.7999
b495ae30-6bbd-480d-b7fc-e5069c5832cc	X	148555145	152849443	2661	0.0253
b495ae30-6bbd-480d-b7fc-e5069c5832cc	X	152850003	152851624	2	-2.2884
b495ae30-6bbd-480d-b7fc-e5069c5832cc	X	152856204	153340068	331	0.0394
b495ae30-6bbd-480d-b7fc-e5069c5832cc	X	153341176	153343700	3	-1.5455
b495ae30-6bbd-480d-b7fc-e5069c5832cc	X	153347585	155952689	964	0.0333
b495ae30-6bbd-480d-b7fc-e5069c5832cc	Y	2782397	6249869	785	-2.485
b495ae30-6bbd-480d-b7fc-e5069c5832cc	Y	6252391	8497703	1085	-2.9822
b495ae30-6bbd-480d-b7fc-e5069c5832cc	Y	8499452	9554275	383	-3.356
b495ae30-6bbd-480d-b7fc-e5069c5832cc	Y	9554586	13478396	1012	-2.8769
b495ae30-6bbd-480d-b7fc-e5069c5832cc	Y	13478462	13482643	3	-7.866
b495ae30-6bbd-480d-b7fc-e5069c5832cc	Y	13483009	25971733	3200	-2.9894
b495ae30-6bbd-480d-b7fc-e5069c5832cc	Y	26077669	56872112	172	-2.4544
