GDC_Aliquot	Chromosome	Start	End	Num_Probes	Segment_Mean
c5ee5d19-7b0a-46f2-9c62-d7c8a5fece6f	1	62920	15827002	8330	0.0647
c5ee5d19-7b0a-46f2-9c62-d7c8a5fece6f	1	15827041	15843965	14	0.7875
c5ee5d19-7b0a-46f2-9c62-d7c8a5fece6f	1	15844541	16785682	346	0.0504
c5ee5d19-7b0a-46f2-9c62-d7c8a5fece6f	1	16787932	16935200	54	0.4489
c5ee5d19-7b0a-46f2-9c62-d7c8a5fece6f	1	16935302	19074197	1553	0.0682
c5ee5d19-7b0a-46f2-9c62-d7c8a5fece6f	1	19074911	19075474	2	-1.5418
c5ee5d19-7b0a-46f2-9c62-d7c8a5fece6f	1	19075896	25256850	3710	0.0627
c5ee5d19-7b0a-46f2-9c62-d7c8a5fece6f	1	25266637	25320198	22	-2.5463
c5ee5d19-7b0a-46f2-9c62-d7c8a5fece6f	1	25320253	34637053	4946	0.0668
c5ee5d19-7b0a-46f2-9c62-d7c8a5fece6f	1	34637069	34638890	19	-0.626
c5ee5d19-7b0a-46f2-9c62-d7c8a5fece6f	1	34648667	60511630	15595	0.0815
c5ee5d19-7b0a-46f2-9c62-d7c8a5fece6f	1	60517529	60517948	3	-1.3605
c5ee5d19-7b0a-46f2-9c62-d7c8a5fece6f	1	60518110	72302735	8151	0.0962
c5ee5d19-7b0a-46f2-9c62-d7c8a5fece6f	1	72302815	72345465	47	-1.5488
c5ee5d19-7b0a-46f2-9c62-d7c8a5fece6f	1	72346221	91727707	12704	0.1002
c5ee5d19-7b0a-46f2-9c62-d7c8a5fece6f	1	91728105	91730095	2	-2.2454
c5ee5d19-7b0a-46f2-9c62-d7c8a5fece6f	1	91730496	94882113	1926	0.0972
c5ee5d19-7b0a-46f2-9c62-d7c8a5fece6f	1	94883114	94883353	2	-2.23
c5ee5d19-7b0a-46f2-9c62-d7c8a5fece6f	1	94883716	105470754	6312	0.0924
c5ee5d19-7b0a-46f2-9c62-d7c8a5fece6f	1	105476583	105479753	17	-2.7129
c5ee5d19-7b0a-46f2-9c62-d7c8a5fece6f	1	105481433	105481515	4	-0.9028
c5ee5d19-7b0a-46f2-9c62-d7c8a5fece6f	1	105482176	107111598	1074	0.0884
c5ee5d19-7b0a-46f2-9c62-d7c8a5fece6f	1	107112980	107122811	12	-0.884
c5ee5d19-7b0a-46f2-9c62-d7c8a5fece6f	1	107122827	109690352	1543	0.0837
c5ee5d19-7b0a-46f2-9c62-d7c8a5fece6f	1	109690415	109697556	12	-1.7858
c5ee5d19-7b0a-46f2-9c62-d7c8a5fece6f	1	109702376	112147704	1946	0.0844
c5ee5d19-7b0a-46f2-9c62-d7c8a5fece6f	1	112153343	112163506	31	0.6881
c5ee5d19-7b0a-46f2-9c62-d7c8a5fece6f	1	112163518	152580550	7585	0.0962
c5ee5d19-7b0a-46f2-9c62-d7c8a5fece6f	1	152582700	152613641	32	0.668
c5ee5d19-7b0a-46f2-9c62-d7c8a5fece6f	1	152613762	152789532	176	0.0936
c5ee5d19-7b0a-46f2-9c62-d7c8a5fece6f	1	152789570	152795487	27	0.8388
c5ee5d19-7b0a-46f2-9c62-d7c8a5fece6f	1	152795783	153220702	337	0.0951
c5ee5d19-7b0a-46f2-9c62-d7c8a5fece6f	1	153221008	153225469	5	-1.1062
c5ee5d19-7b0a-46f2-9c62-d7c8a5fece6f	1	153228332	169017063	10740	0.0842
c5ee5d19-7b0a-46f2-9c62-d7c8a5fece6f	1	169017136	169017973	4	-1.2648
c5ee5d19-7b0a-46f2-9c62-d7c8a5fece6f	1	169020148	174827267	3712	0.0972
c5ee5d19-7b0a-46f2-9c62-d7c8a5fece6f	1	174827418	174832716	17	-0.6939
c5ee5d19-7b0a-46f2-9c62-d7c8a5fece6f	1	174832734	180524705	3797	0.0893
c5ee5d19-7b0a-46f2-9c62-d7c8a5fece6f	1	180524808	180525364	3	1.5556
c5ee5d19-7b0a-46f2-9c62-d7c8a5fece6f	1	180526534	196717009	10808	0.0995
c5ee5d19-7b0a-46f2-9c62-d7c8a5fece6f	1	196719029	196940515	149	0.2758
c5ee5d19-7b0a-46f2-9c62-d7c8a5fece6f	1	196944667	199142235	1311	0.1259
c5ee5d19-7b0a-46f2-9c62-d7c8a5fece6f	1	199142298	199145110	9	-0.7849
c5ee5d19-7b0a-46f2-9c62-d7c8a5fece6f	1	199145262	233097112	23041	0.0925
c5ee5d19-7b0a-46f2-9c62-d7c8a5fece6f	1	233097811	233098442	2	-2.3525
c5ee5d19-7b0a-46f2-9c62-d7c8a5fece6f	1	233098785	248930189	11372	0.0888
c5ee5d19-7b0a-46f2-9c62-d7c8a5fece6f	2	12784	3147886	2181	0.0653
c5ee5d19-7b0a-46f2-9c62-d7c8a5fece6f	2	3148670	3197646	65	-0.3155
c5ee5d19-7b0a-46f2-9c62-d7c8a5fece6f	2	3199226	4168879	744	0.0441
c5ee5d19-7b0a-46f2-9c62-d7c8a5fece6f	2	4169315	4172349	20	0.5162
c5ee5d19-7b0a-46f2-9c62-d7c8a5fece6f	2	4172353	14563570	8020	0.0829
c5ee5d19-7b0a-46f2-9c62-d7c8a5fece6f	2	14564825	14569897	11	-0.9698
c5ee5d19-7b0a-46f2-9c62-d7c8a5fece6f	2	14569968	34485834	13040	0.0832
c5ee5d19-7b0a-46f2-9c62-d7c8a5fece6f	2	34486267	34512096	34	-0.4775
c5ee5d19-7b0a-46f2-9c62-d7c8a5fece6f	2	34512489	52527423	12995	0.0908
c5ee5d19-7b0a-46f2-9c62-d7c8a5fece6f	2	52527590	52527743	3	-2.951
c5ee5d19-7b0a-46f2-9c62-d7c8a5fece6f	2	52531615	52554404	33	0.6761
c5ee5d19-7b0a-46f2-9c62-d7c8a5fece6f	2	52560811	54329413	1333	0.0831
c5ee5d19-7b0a-46f2-9c62-d7c8a5fece6f	2	54330344	54330439	2	-1.9579
c5ee5d19-7b0a-46f2-9c62-d7c8a5fece6f	2	54340453	87074984	20642	0.0837
c5ee5d19-7b0a-46f2-9c62-d7c8a5fece6f	2	87079825	87082140	2	-2.2469
c5ee5d19-7b0a-46f2-9c62-d7c8a5fece6f	2	87082711	97359885	1847	0.062
c5ee5d19-7b0a-46f2-9c62-d7c8a5fece6f	2	97524284	97545726	9	-1.4234
c5ee5d19-7b0a-46f2-9c62-d7c8a5fece6f	2	97550415	128880504	18957	0.0838
c5ee5d19-7b0a-46f2-9c62-d7c8a5fece6f	2	128880904	128882755	16	-0.612
c5ee5d19-7b0a-46f2-9c62-d7c8a5fece6f	2	128888874	130036283	874	0.1043
c5ee5d19-7b0a-46f2-9c62-d7c8a5fece6f	2	130036310	130116915	13	-0.5509
c5ee5d19-7b0a-46f2-9c62-d7c8a5fece6f	2	130117303	137706187	4354	0.0793
c5ee5d19-7b0a-46f2-9c62-d7c8a5fece6f	2	137707116	137707466	2	-2.3349
c5ee5d19-7b0a-46f2-9c62-d7c8a5fece6f	2	137707467	139894851	1315	0.086
c5ee5d19-7b0a-46f2-9c62-d7c8a5fece6f	2	139895528	139898391	3	-1.4517
c5ee5d19-7b0a-46f2-9c62-d7c8a5fece6f	2	139899738	153636625	8512	0.0921
c5ee5d19-7b0a-46f2-9c62-d7c8a5fece6f	2	153637941	153638632	2	-1.9872
c5ee5d19-7b0a-46f2-9c62-d7c8a5fece6f	2	153646014	183929124	18629	0.0962
c5ee5d19-7b0a-46f2-9c62-d7c8a5fece6f	2	183929673	183937714	17	-0.8188
c5ee5d19-7b0a-46f2-9c62-d7c8a5fece6f	2	183943862	242147305	35742	0.0893
c5ee5d19-7b0a-46f2-9c62-d7c8a5fece6f	3	20930	5626019	4888	-0.6889
c5ee5d19-7b0a-46f2-9c62-d7c8a5fece6f	3	5631953	5632733	2	-3.2449
c5ee5d19-7b0a-46f2-9c62-d7c8a5fece6f	3	5633029	16199049	7881	-0.6709
c5ee5d19-7b0a-46f2-9c62-d7c8a5fece6f	3	16199122	16199877	7	-3.3307
c5ee5d19-7b0a-46f2-9c62-d7c8a5fece6f	3	16202089	29391608	8974	-0.6535
c5ee5d19-7b0a-46f2-9c62-d7c8a5fece6f	3	29395914	29397082	6	-2.298
c5ee5d19-7b0a-46f2-9c62-d7c8a5fece6f	3	29397969	37935926	5662	-0.6442
c5ee5d19-7b0a-46f2-9c62-d7c8a5fece6f	3	37940617	37945316	16	-4.0491
c5ee5d19-7b0a-46f2-9c62-d7c8a5fece6f	3	37945392	68697133	20015	-0.6553
c5ee5d19-7b0a-46f2-9c62-d7c8a5fece6f	3	68697295	68698262	12	-1.9415
c5ee5d19-7b0a-46f2-9c62-d7c8a5fece6f	3	68699607	85939201	10620	-0.6526
c5ee5d19-7b0a-46f2-9c62-d7c8a5fece6f	3	85940779	130044016	23975	0.1102
c5ee5d19-7b0a-46f2-9c62-d7c8a5fece6f	3	130044855	130087393	38	-1.9068
c5ee5d19-7b0a-46f2-9c62-d7c8a5fece6f	3	130088081	142100042	7431	0.1086
c5ee5d19-7b0a-46f2-9c62-d7c8a5fece6f	3	142102103	142239803	73	0.8006
c5ee5d19-7b0a-46f2-9c62-d7c8a5fece6f	3	142244173	142367829	45	0.4595
c5ee5d19-7b0a-46f2-9c62-d7c8a5fece6f	3	142372631	142823192	204	0.1134
c5ee5d19-7b0a-46f2-9c62-d7c8a5fece6f	3	142823395	142827179	3	-1.2099
c5ee5d19-7b0a-46f2-9c62-d7c8a5fece6f	3	142827512	149245189	4142	0.1188
c5ee5d19-7b0a-46f2-9c62-d7c8a5fece6f	3	149245608	149250334	25	-0.8322
c5ee5d19-7b0a-46f2-9c62-d7c8a5fece6f	3	149253293	161651414	7549	0.1096
c5ee5d19-7b0a-46f2-9c62-d7c8a5fece6f	3	161651955	161651967	2	-2.1704
c5ee5d19-7b0a-46f2-9c62-d7c8a5fece6f	3	161652697	161735456	66	0.1394
c5ee5d19-7b0a-46f2-9c62-d7c8a5fece6f	3	161736158	161736784	2	-1.46
c5ee5d19-7b0a-46f2-9c62-d7c8a5fece6f	3	161738184	162790480	714	0.1235
c5ee5d19-7b0a-46f2-9c62-d7c8a5fece6f	3	162794869	162908207	70	0.8005
c5ee5d19-7b0a-46f2-9c62-d7c8a5fece6f	3	162908784	198111566	21854	0.1094
c5ee5d19-7b0a-46f2-9c62-d7c8a5fece6f	3	198118345	198169247	17	-0.586
c5ee5d19-7b0a-46f2-9c62-d7c8a5fece6f	4	68929	10208766	5700	0.0637
c5ee5d19-7b0a-46f2-9c62-d7c8a5fece6f	4	10212536	10233644	36	-2.6398
c5ee5d19-7b0a-46f2-9c62-d7c8a5fece6f	4	10234518	10388498	170	0.0586
c5ee5d19-7b0a-46f2-9c62-d7c8a5fece6f	4	10389091	10399044	17	0.7849
c5ee5d19-7b0a-46f2-9c62-d7c8a5fece6f	4	10401094	34771893	16777	0.1009
c5ee5d19-7b0a-46f2-9c62-d7c8a5fece6f	4	34777238	34819718	43	0.4751
c5ee5d19-7b0a-46f2-9c62-d7c8a5fece6f	4	34822561	34828250	3	1.2511
c5ee5d19-7b0a-46f2-9c62-d7c8a5fece6f	4	34828291	34839742	10	0.3875
c5ee5d19-7b0a-46f2-9c62-d7c8a5fece6f	4	34839764	48179954	8449	0.1002
c5ee5d19-7b0a-46f2-9c62-d7c8a5fece6f	4	48179969	48184674	12	0.6857
c5ee5d19-7b0a-46f2-9c62-d7c8a5fece6f	4	48184724	61071220	6577	0.0978
c5ee5d19-7b0a-46f2-9c62-d7c8a5fece6f	4	61075217	61076234	2	-1.9373
c5ee5d19-7b0a-46f2-9c62-d7c8a5fece6f	4	61079968	62802116	936	0.0975
c5ee5d19-7b0a-46f2-9c62-d7c8a5fece6f	4	62804218	62805944	8	-2.6284
c5ee5d19-7b0a-46f2-9c62-d7c8a5fece6f	4	62813912	68564004	3482	0.1052
c5ee5d19-7b0a-46f2-9c62-d7c8a5fece6f	4	68564418	68616004	34	-0.4577
c5ee5d19-7b0a-46f2-9c62-d7c8a5fece6f	4	68618331	69252275	314	0.088
c5ee5d19-7b0a-46f2-9c62-d7c8a5fece6f	4	69254604	69366406	62	-0.4785
c5ee5d19-7b0a-46f2-9c62-d7c8a5fece6f	4	69370433	95448032	16050	0.1059
c5ee5d19-7b0a-46f2-9c62-d7c8a5fece6f	4	95448519	95449454	4	-1.1785
c5ee5d19-7b0a-46f2-9c62-d7c8a5fece6f	4	95450680	107130343	6821	0.1089
c5ee5d19-7b0a-46f2-9c62-d7c8a5fece6f	4	107144594	107145685	12	-0.6172
c5ee5d19-7b0a-46f2-9c62-d7c8a5fece6f	4	107147078	107150731	10	0.1884
c5ee5d19-7b0a-46f2-9c62-d7c8a5fece6f	4	107152350	107156277	17	-0.722
c5ee5d19-7b0a-46f2-9c62-d7c8a5fece6f	4	107156334	111375816	2542	0.0992
c5ee5d19-7b0a-46f2-9c62-d7c8a5fece6f	4	111375831	111385924	19	-0.4013
c5ee5d19-7b0a-46f2-9c62-d7c8a5fece6f	4	111386201	114252544	1844	0.099
c5ee5d19-7b0a-46f2-9c62-d7c8a5fece6f	4	114254167	114260238	20	1.1531
c5ee5d19-7b0a-46f2-9c62-d7c8a5fece6f	4	114260672	115244712	612	0.1187
c5ee5d19-7b0a-46f2-9c62-d7c8a5fece6f	4	115244948	115261423	29	-0.4913
c5ee5d19-7b0a-46f2-9c62-d7c8a5fece6f	4	115261448	171448195	34005	0.1074
c5ee5d19-7b0a-46f2-9c62-d7c8a5fece6f	4	171453733	171456559	10	1.6149
c5ee5d19-7b0a-46f2-9c62-d7c8a5fece6f	4	171456573	186156129	9902	0.1085
c5ee5d19-7b0a-46f2-9c62-d7c8a5fece6f	4	186157784	186176244	13	-0.6557
c5ee5d19-7b0a-46f2-9c62-d7c8a5fece6f	4	186185716	186699490	383	0.0636
c5ee5d19-7b0a-46f2-9c62-d7c8a5fece6f	4	186700127	186700414	2	-2.9813
c5ee5d19-7b0a-46f2-9c62-d7c8a5fece6f	4	186700996	186940118	168	0.0934
c5ee5d19-7b0a-46f2-9c62-d7c8a5fece6f	4	186941043	186941364	2	-1.5316
c5ee5d19-7b0a-46f2-9c62-d7c8a5fece6f	4	186941933	188300104	867	0.1336
c5ee5d19-7b0a-46f2-9c62-d7c8a5fece6f	4	188300206	188300270	3	1.885
c5ee5d19-7b0a-46f2-9c62-d7c8a5fece6f	4	188300285	190036988	1137	0.093
c5ee5d19-7b0a-46f2-9c62-d7c8a5fece6f	4	190046094	190106768	5	-1.4735
c5ee5d19-7b0a-46f2-9c62-d7c8a5fece6f	5	15532	15718383	12164	0.0844
c5ee5d19-7b0a-46f2-9c62-d7c8a5fece6f	5	15719113	15720488	11	-0.8247
c5ee5d19-7b0a-46f2-9c62-d7c8a5fece6f	5	15723237	17828029	1344	0.0732
c5ee5d19-7b0a-46f2-9c62-d7c8a5fece6f	5	17828744	17829678	3	-1.3662
c5ee5d19-7b0a-46f2-9c62-d7c8a5fece6f	5	17833550	21434769	2171	0.0955
c5ee5d19-7b0a-46f2-9c62-d7c8a5fece6f	5	21435254	21452329	14	0.7442
c5ee5d19-7b0a-46f2-9c62-d7c8a5fece6f	5	21452387	53368411	16884	0.0995
c5ee5d19-7b0a-46f2-9c62-d7c8a5fece6f	5	53371327	53386544	12	-0.8471
c5ee5d19-7b0a-46f2-9c62-d7c8a5fece6f	5	53393088	58025819	3126	0.1068
c5ee5d19-7b0a-46f2-9c62-d7c8a5fece6f	5	58030200	58037706	32	1.3582
c5ee5d19-7b0a-46f2-9c62-d7c8a5fece6f	5	58042530	102127485	25507	0.1055
c5ee5d19-7b0a-46f2-9c62-d7c8a5fece6f	5	102129140	102129402	2	-2.1056
c5ee5d19-7b0a-46f2-9c62-d7c8a5fece6f	5	102137483	144839964	27097	0.105
c5ee5d19-7b0a-46f2-9c62-d7c8a5fece6f	5	144841016	144841341	2	-2.2725
c5ee5d19-7b0a-46f2-9c62-d7c8a5fece6f	5	144844308	152134610	4980	0.1053
c5ee5d19-7b0a-46f2-9c62-d7c8a5fece6f	5	152135825	152140710	15	-0.9382
c5ee5d19-7b0a-46f2-9c62-d7c8a5fece6f	5	152140861	156055186	2664	0.0974
c5ee5d19-7b0a-46f2-9c62-d7c8a5fece6f	5	156055427	156068249	9	0.7519
c5ee5d19-7b0a-46f2-9c62-d7c8a5fece6f	5	156073982	156993692	620	0.1136
c5ee5d19-7b0a-46f2-9c62-d7c8a5fece6f	5	156994920	156999228	5	-0.8506
c5ee5d19-7b0a-46f2-9c62-d7c8a5fece6f	5	157000282	157961154	653	0.0921
c5ee5d19-7b0a-46f2-9c62-d7c8a5fece6f	5	157961276	157972891	6	-1.6101
c5ee5d19-7b0a-46f2-9c62-d7c8a5fece6f	5	157974887	170306268	8678	0.0984
c5ee5d19-7b0a-46f2-9c62-d7c8a5fece6f	5	170306328	170310061	11	-0.4446
c5ee5d19-7b0a-46f2-9c62-d7c8a5fece6f	5	170310638	173775504	2411	0.0865
c5ee5d19-7b0a-46f2-9c62-d7c8a5fece6f	5	173778055	173778222	2	-1.8545
c5ee5d19-7b0a-46f2-9c62-d7c8a5fece6f	5	173778279	179676725	3467	0.073
c5ee5d19-7b0a-46f2-9c62-d7c8a5fece6f	5	179677049	179677132	4	-1.1068
c5ee5d19-7b0a-46f2-9c62-d7c8a5fece6f	5	179677599	180766199	619	0.0585
c5ee5d19-7b0a-46f2-9c62-d7c8a5fece6f	5	180766779	180768522	4	-2.3873
c5ee5d19-7b0a-46f2-9c62-d7c8a5fece6f	5	180769816	180947523	99	0.0416
c5ee5d19-7b0a-46f2-9c62-d7c8a5fece6f	5	180951710	180991103	19	-2.5347
c5ee5d19-7b0a-46f2-9c62-d7c8a5fece6f	5	181006225	181363319	170	0.0193
c5ee5d19-7b0a-46f2-9c62-d7c8a5fece6f	6	149661	285695	114	-0.5661
c5ee5d19-7b0a-46f2-9c62-d7c8a5fece6f	6	286393	375277	80	-0.1463
c5ee5d19-7b0a-46f2-9c62-d7c8a5fece6f	6	375759	4380668	3256	-0.6903
c5ee5d19-7b0a-46f2-9c62-d7c8a5fece6f	6	4381211	4381879	2	-3.4827
c5ee5d19-7b0a-46f2-9c62-d7c8a5fece6f	6	4383079	19039888	11220	-0.6661
c5ee5d19-7b0a-46f2-9c62-d7c8a5fece6f	6	19041950	19042587	3	-4.8658
c5ee5d19-7b0a-46f2-9c62-d7c8a5fece6f	6	19044471	31313046	7500	-0.6523
c5ee5d19-7b0a-46f2-9c62-d7c8a5fece6f	6	31318499	31328674	11	0.3175
c5ee5d19-7b0a-46f2-9c62-d7c8a5fece6f	6	31342147	32463515	491	-0.6935
c5ee5d19-7b0a-46f2-9c62-d7c8a5fece6f	6	32463775	32602588	34	1.3576
c5ee5d19-7b0a-46f2-9c62-d7c8a5fece6f	6	32605994	32722250	75	-0.3142
c5ee5d19-7b0a-46f2-9c62-d7c8a5fece6f	6	32723020	32723053	3	1.767
c5ee5d19-7b0a-46f2-9c62-d7c8a5fece6f	6	32732907	33970966	744	-0.6763
c5ee5d19-7b0a-46f2-9c62-d7c8a5fece6f	6	33974234	33974928	6	-2.6597
c5ee5d19-7b0a-46f2-9c62-d7c8a5fece6f	6	33976809	53642568	12460	-0.6639
c5ee5d19-7b0a-46f2-9c62-d7c8a5fece6f	6	53642829	53643529	4	-4.3451
c5ee5d19-7b0a-46f2-9c62-d7c8a5fece6f	6	53643874	65000836	4800	-0.6489
c5ee5d19-7b0a-46f2-9c62-d7c8a5fece6f	6	65001506	65003899	3	-4.41
c5ee5d19-7b0a-46f2-9c62-d7c8a5fece6f	6	65007491	65115735	76	-0.6331
c5ee5d19-7b0a-46f2-9c62-d7c8a5fece6f	6	65116654	65116738	2	-3.4606
c5ee5d19-7b0a-46f2-9c62-d7c8a5fece6f	6	65117744	70989162	3911	-0.6477
c5ee5d19-7b0a-46f2-9c62-d7c8a5fece6f	6	70994070	70994729	2	-3.8658
c5ee5d19-7b0a-46f2-9c62-d7c8a5fece6f	6	70995205	103286299	20189	-0.646
c5ee5d19-7b0a-46f2-9c62-d7c8a5fece6f	6	103286770	103314186	51	0.2805
c5ee5d19-7b0a-46f2-9c62-d7c8a5fece6f	6	103317795	162789336	38444	-0.6535
c5ee5d19-7b0a-46f2-9c62-d7c8a5fece6f	6	162793078	169095447	4509	-0.7243
c5ee5d19-7b0a-46f2-9c62-d7c8a5fece6f	6	169095999	170741917	957	-0.6737
c5ee5d19-7b0a-46f2-9c62-d7c8a5fece6f	7	43355	54305455	38452	0.084
c5ee5d19-7b0a-46f2-9c62-d7c8a5fece6f	7	54318812	54318824	6	-1.7767
c5ee5d19-7b0a-46f2-9c62-d7c8a5fece6f	7	54325795	75665490	7933	0.0593
c5ee5d19-7b0a-46f2-9c62-d7c8a5fece6f	7	75668304	97756339	13882	0.091
c5ee5d19-7b0a-46f2-9c62-d7c8a5fece6f	7	97756423	97788298	40	0.0296
c5ee5d19-7b0a-46f2-9c62-d7c8a5fece6f	7	97791337	97791340	3	-1.2247
c5ee5d19-7b0a-46f2-9c62-d7c8a5fece6f	7	97791778	101313284	1483	0.0503
c5ee5d19-7b0a-46f2-9c62-d7c8a5fece6f	7	101317674	101320594	4	-2.2889
c5ee5d19-7b0a-46f2-9c62-d7c8a5fece6f	7	101322320	101409205	35	-0.0579
c5ee5d19-7b0a-46f2-9c62-d7c8a5fece6f	7	101416451	101416668	2	-2.345
c5ee5d19-7b0a-46f2-9c62-d7c8a5fece6f	7	101419630	104827505	1856	0.0815
c5ee5d19-7b0a-46f2-9c62-d7c8a5fece6f	7	104830884	104831031	5	-0.9077
c5ee5d19-7b0a-46f2-9c62-d7c8a5fece6f	7	104831447	105462925	340	0.0781
c5ee5d19-7b0a-46f2-9c62-d7c8a5fece6f	7	105463963	105464366	2	-1.8425
c5ee5d19-7b0a-46f2-9c62-d7c8a5fece6f	7	105472042	109789993	2842	0.0964
c5ee5d19-7b0a-46f2-9c62-d7c8a5fece6f	7	109793690	109797717	20	0.837
c5ee5d19-7b0a-46f2-9c62-d7c8a5fece6f	7	109800860	109801572	10	0.0758
c5ee5d19-7b0a-46f2-9c62-d7c8a5fece6f	7	109801722	109818333	13	0.9141
c5ee5d19-7b0a-46f2-9c62-d7c8a5fece6f	7	109818700	126404920	10023	0.091
c5ee5d19-7b0a-46f2-9c62-d7c8a5fece6f	7	126405428	126406561	12	0.9881
c5ee5d19-7b0a-46f2-9c62-d7c8a5fece6f	7	126406822	128572423	1407	0.0671
c5ee5d19-7b0a-46f2-9c62-d7c8a5fece6f	7	128575495	128588707	3	-1.0094
c5ee5d19-7b0a-46f2-9c62-d7c8a5fece6f	7	128596450	129791154	582	0.0919
c5ee5d19-7b0a-46f2-9c62-d7c8a5fece6f	7	129791972	129800815	2	-1.4619
c5ee5d19-7b0a-46f2-9c62-d7c8a5fece6f	7	129802219	134100442	2697	0.0901
c5ee5d19-7b0a-46f2-9c62-d7c8a5fece6f	7	134100458	134105657	22	0.7347
c5ee5d19-7b0a-46f2-9c62-d7c8a5fece6f	7	134105690	154598185	12850	0.0781
c5ee5d19-7b0a-46f2-9c62-d7c8a5fece6f	7	154601461	154607903	4	-2.4084
c5ee5d19-7b0a-46f2-9c62-d7c8a5fece6f	7	154609120	155171878	562	0.0625
c5ee5d19-7b0a-46f2-9c62-d7c8a5fece6f	7	155171926	155178449	27	0.4113
c5ee5d19-7b0a-46f2-9c62-d7c8a5fece6f	7	155178759	155263552	75	0.1378
c5ee5d19-7b0a-46f2-9c62-d7c8a5fece6f	7	155264673	155282203	18	-1.0164
c5ee5d19-7b0a-46f2-9c62-d7c8a5fece6f	7	155284030	156330551	727	0.068
c5ee5d19-7b0a-46f2-9c62-d7c8a5fece6f	7	156335270	156335312	2	1.5915
c5ee5d19-7b0a-46f2-9c62-d7c8a5fece6f	7	156343048	157978145	1000	0.0633
c5ee5d19-7b0a-46f2-9c62-d7c8a5fece6f	7	157978221	157978919	2	-1.7744
c5ee5d19-7b0a-46f2-9c62-d7c8a5fece6f	7	157985169	159324709	803	0.052
c5ee5d19-7b0a-46f2-9c62-d7c8a5fece6f	7	159324804	159334314	15	-0.7662
c5ee5d19-7b0a-46f2-9c62-d7c8a5fece6f	8	81254	23544795	20157	-0.7162
c5ee5d19-7b0a-46f2-9c62-d7c8a5fece6f	8	23550227	23550358	5	-6.0362
c5ee5d19-7b0a-46f2-9c62-d7c8a5fece6f	8	23550392	25302149	1259	-0.6679
c5ee5d19-7b0a-46f2-9c62-d7c8a5fece6f	8	25302369	25302719	2	-5.1536
c5ee5d19-7b0a-46f2-9c62-d7c8a5fece6f	8	25303396	31358596	4155	-0.6939
c5ee5d19-7b0a-46f2-9c62-d7c8a5fece6f	8	31358972	31358987	2	-3.9209
c5ee5d19-7b0a-46f2-9c62-d7c8a5fece6f	8	31359373	39373140	4685	-0.6689
c5ee5d19-7b0a-46f2-9c62-d7c8a5fece6f	8	39378084	39529446	59	0.3147
c5ee5d19-7b0a-46f2-9c62-d7c8a5fece6f	8	39530780	46605288	2756	-0.6885
c5ee5d19-7b0a-46f2-9c62-d7c8a5fece6f	8	46605390	46624924	12	0.2519
c5ee5d19-7b0a-46f2-9c62-d7c8a5fece6f	8	46634473	53685534	4148	-0.6604
c5ee5d19-7b0a-46f2-9c62-d7c8a5fece6f	8	53687275	53687674	2	-3.4477
c5ee5d19-7b0a-46f2-9c62-d7c8a5fece6f	8	53687817	54877428	691	-0.6568
c5ee5d19-7b0a-46f2-9c62-d7c8a5fece6f	8	54878153	54937544	49	0.0702
c5ee5d19-7b0a-46f2-9c62-d7c8a5fece6f	8	54938629	55742314	601	-0.669
c5ee5d19-7b0a-46f2-9c62-d7c8a5fece6f	8	55748461	56599418	490	0.0991
c5ee5d19-7b0a-46f2-9c62-d7c8a5fece6f	8	56600345	56752025	99	-0.6249
c5ee5d19-7b0a-46f2-9c62-d7c8a5fece6f	8	56753979	60656877	2626	0.1072
c5ee5d19-7b0a-46f2-9c62-d7c8a5fece6f	8	60662433	60663969	2	-2.6182
c5ee5d19-7b0a-46f2-9c62-d7c8a5fece6f	8	60664239	96572722	21702	0.0948
c5ee5d19-7b0a-46f2-9c62-d7c8a5fece6f	8	96572962	96575273	2	-2.2899
c5ee5d19-7b0a-46f2-9c62-d7c8a5fece6f	8	96578094	111279265	8765	0.1056
c5ee5d19-7b0a-46f2-9c62-d7c8a5fece6f	8	111282050	111283031	10	3.538
c5ee5d19-7b0a-46f2-9c62-d7c8a5fece6f	8	111288052	142047413	21770	0.0957
c5ee5d19-7b0a-46f2-9c62-d7c8a5fece6f	8	142047414	142049377	3	-1.6816
c5ee5d19-7b0a-46f2-9c62-d7c8a5fece6f	8	142055279	145072769	1126	0.0741
c5ee5d19-7b0a-46f2-9c62-d7c8a5fece6f	9	46587	8001166	7723	0.083
c5ee5d19-7b0a-46f2-9c62-d7c8a5fece6f	9	8009205	8015596	10	-1.1464
c5ee5d19-7b0a-46f2-9c62-d7c8a5fece6f	9	8017065	8182214	153	0.0848
c5ee5d19-7b0a-46f2-9c62-d7c8a5fece6f	9	8184204	8205622	12	-0.5793
c5ee5d19-7b0a-46f2-9c62-d7c8a5fece6f	9	8206998	28044706	16065	0.104
c5ee5d19-7b0a-46f2-9c62-d7c8a5fece6f	9	28047590	28055879	7	-1.0893
c5ee5d19-7b0a-46f2-9c62-d7c8a5fece6f	9	28055902	29091099	787	0.0979
c5ee5d19-7b0a-46f2-9c62-d7c8a5fece6f	9	29094551	29097682	3	-3.1544
c5ee5d19-7b0a-46f2-9c62-d7c8a5fece6f	9	29101434	33724813	3254	0.0868
c5ee5d19-7b0a-46f2-9c62-d7c8a5fece6f	9	33728499	33728787	3	-2.8977
c5ee5d19-7b0a-46f2-9c62-d7c8a5fece6f	9	33732859	40949742	3179	0.0817
c5ee5d19-7b0a-46f2-9c62-d7c8a5fece6f	9	40952530	42302534	110	-0.1943
c5ee5d19-7b0a-46f2-9c62-d7c8a5fece6f	9	42302678	42546668	5	-1.6332
c5ee5d19-7b0a-46f2-9c62-d7c8a5fece6f	9	42566207	68391659	268	-0.0368
c5ee5d19-7b0a-46f2-9c62-d7c8a5fece6f	9	68394191	102753540	24035	0.0926
c5ee5d19-7b0a-46f2-9c62-d7c8a5fece6f	9	102753569	102755558	7	-1.7716
c5ee5d19-7b0a-46f2-9c62-d7c8a5fece6f	9	102759770	110227802	5815	0.1055
c5ee5d19-7b0a-46f2-9c62-d7c8a5fece6f	9	110229229	110233010	2	-1.9944
c5ee5d19-7b0a-46f2-9c62-d7c8a5fece6f	9	110236699	135319522	16906	0.0852
c5ee5d19-7b0a-46f2-9c62-d7c8a5fece6f	9	135322259	135323776	2	-1.9961
c5ee5d19-7b0a-46f2-9c62-d7c8a5fece6f	9	135324566	138200944	1108	0.0404
c5ee5d19-7b0a-46f2-9c62-d7c8a5fece6f	10	45792	6369253	5397	0.0772
c5ee5d19-7b0a-46f2-9c62-d7c8a5fece6f	10	6369395	6369519	5	-1.2436
c5ee5d19-7b0a-46f2-9c62-d7c8a5fece6f	10	6376792	6695422	341	0.0997
c5ee5d19-7b0a-46f2-9c62-d7c8a5fece6f	10	6696025	6696351	2	-1.7137
c5ee5d19-7b0a-46f2-9c62-d7c8a5fece6f	10	6696652	6898416	198	0.0778
c5ee5d19-7b0a-46f2-9c62-d7c8a5fece6f	10	6898586	6898781	3	1.3264
c5ee5d19-7b0a-46f2-9c62-d7c8a5fece6f	10	6899710	19415998	10086	0.0779
c5ee5d19-7b0a-46f2-9c62-d7c8a5fece6f	10	19416454	19418215	3	-1.7373
c5ee5d19-7b0a-46f2-9c62-d7c8a5fece6f	10	19418876	22785490	2281	0.0796
c5ee5d19-7b0a-46f2-9c62-d7c8a5fece6f	10	22787306	22793956	3	-1.7859
c5ee5d19-7b0a-46f2-9c62-d7c8a5fece6f	10	22797302	24088745	864	0.0745
c5ee5d19-7b0a-46f2-9c62-d7c8a5fece6f	10	24088746	24089125	10	-1.8997
c5ee5d19-7b0a-46f2-9c62-d7c8a5fece6f	10	24089979	24090110	4	-0.7545
c5ee5d19-7b0a-46f2-9c62-d7c8a5fece6f	10	24091731	30539878	4690	0.0817
c5ee5d19-7b0a-46f2-9c62-d7c8a5fece6f	10	30541291	30542076	7	-0.7001
c5ee5d19-7b0a-46f2-9c62-d7c8a5fece6f	10	30542525	45761333	7526	0.0764
c5ee5d19-7b0a-46f2-9c62-d7c8a5fece6f	10	45798061	45998155	5	0.9462
c5ee5d19-7b0a-46f2-9c62-d7c8a5fece6f	10	45999975	46260741	128	0.0443
c5ee5d19-7b0a-46f2-9c62-d7c8a5fece6f	10	46260985	46261104	3	-1.1486
c5ee5d19-7b0a-46f2-9c62-d7c8a5fece6f	10	46261128	46294181	42	0.111
c5ee5d19-7b0a-46f2-9c62-d7c8a5fece6f	10	46294944	46324327	42	-0.2432
c5ee5d19-7b0a-46f2-9c62-d7c8a5fece6f	10	46328716	46525728	21	0.0267
c5ee5d19-7b0a-46f2-9c62-d7c8a5fece6f	10	46525759	46525848	6	0.7705
c5ee5d19-7b0a-46f2-9c62-d7c8a5fece6f	10	46526046	46617422	32	0.0092
c5ee5d19-7b0a-46f2-9c62-d7c8a5fece6f	10	46618028	46632302	3	-1.1999
c5ee5d19-7b0a-46f2-9c62-d7c8a5fece6f	10	46657149	50070600	1690	0.0725
c5ee5d19-7b0a-46f2-9c62-d7c8a5fece6f	10	50081224	50132160	4	-1.9616
c5ee5d19-7b0a-46f2-9c62-d7c8a5fece6f	10	50144008	56756615	4852	0.0769
c5ee5d19-7b0a-46f2-9c62-d7c8a5fece6f	10	56756643	56767077	40	-0.6557
c5ee5d19-7b0a-46f2-9c62-d7c8a5fece6f	10	56772992	79754434	15373	0.0709
c5ee5d19-7b0a-46f2-9c62-d7c8a5fece6f	10	79763550	79838299	20	-0.587
c5ee5d19-7b0a-46f2-9c62-d7c8a5fece6f	10	79854946	130949480	35421	0.0723
c5ee5d19-7b0a-46f2-9c62-d7c8a5fece6f	10	130949770	130949880	2	-1.9078
c5ee5d19-7b0a-46f2-9c62-d7c8a5fece6f	10	130950398	133545395	1458	0.0575
c5ee5d19-7b0a-46f2-9c62-d7c8a5fece6f	10	133546639	133547593	2	-1.6092
c5ee5d19-7b0a-46f2-9c62-d7c8a5fece6f	10	133551641	133654968	53	0.0388
c5ee5d19-7b0a-46f2-9c62-d7c8a5fece6f	11	198510	5499745	2983	0.0648
c5ee5d19-7b0a-46f2-9c62-d7c8a5fece6f	11	5500921	5502363	7	-0.9494
c5ee5d19-7b0a-46f2-9c62-d7c8a5fece6f	11	5503234	5761729	231	0.093
c5ee5d19-7b0a-46f2-9c62-d7c8a5fece6f	11	5761746	5791130	42	0.5015
c5ee5d19-7b0a-46f2-9c62-d7c8a5fece6f	11	5794956	48576870	30025	0.0867
c5ee5d19-7b0a-46f2-9c62-d7c8a5fece6f	11	48579882	48581124	2	-1.8715
c5ee5d19-7b0a-46f2-9c62-d7c8a5fece6f	11	48584766	55608804	1185	0.0599
c5ee5d19-7b0a-46f2-9c62-d7c8a5fece6f	11	55609022	55685533	51	0.7694
c5ee5d19-7b0a-46f2-9c62-d7c8a5fece6f	11	55686100	76837146	10967	0.0711
c5ee5d19-7b0a-46f2-9c62-d7c8a5fece6f	11	76837164	76838168	2	-2.099
c5ee5d19-7b0a-46f2-9c62-d7c8a5fece6f	11	76839898	80256460	2264	0.0777
c5ee5d19-7b0a-46f2-9c62-d7c8a5fece6f	11	80256469	80256520	3	-3.4743
c5ee5d19-7b0a-46f2-9c62-d7c8a5fece6f	11	80256642	135074876	39000	0.09
c5ee5d19-7b0a-46f2-9c62-d7c8a5fece6f	12	51460	175888	68	-0.0817
c5ee5d19-7b0a-46f2-9c62-d7c8a5fece6f	12	178770	181540	2	1.8611
c5ee5d19-7b0a-46f2-9c62-d7c8a5fece6f	12	186359	754667	342	0.051
c5ee5d19-7b0a-46f2-9c62-d7c8a5fece6f	12	754908	776015	47	0.4056
c5ee5d19-7b0a-46f2-9c62-d7c8a5fece6f	12	776028	11350939	6910	0.0851
c5ee5d19-7b0a-46f2-9c62-d7c8a5fece6f	12	11351008	11390452	33	-0.8287
c5ee5d19-7b0a-46f2-9c62-d7c8a5fece6f	12	11390472	16266471	3524	0.0866
c5ee5d19-7b0a-46f2-9c62-d7c8a5fece6f	12	16268053	16268391	2	-2.5181
c5ee5d19-7b0a-46f2-9c62-d7c8a5fece6f	12	16275623	27493059	7667	0.0936
c5ee5d19-7b0a-46f2-9c62-d7c8a5fece6f	12	27494808	27498429	28	-0.8831
c5ee5d19-7b0a-46f2-9c62-d7c8a5fece6f	12	27504228	30086381	1875	0.091
c5ee5d19-7b0a-46f2-9c62-d7c8a5fece6f	12	30086486	30091000	24	-0.61
c5ee5d19-7b0a-46f2-9c62-d7c8a5fece6f	12	30091017	31220407	909	0.0825
c5ee5d19-7b0a-46f2-9c62-d7c8a5fece6f	12	31220460	31220512	2	-1.6927
c5ee5d19-7b0a-46f2-9c62-d7c8a5fece6f	12	31221053	37593924	2191	0.0933
c5ee5d19-7b0a-46f2-9c62-d7c8a5fece6f	12	37618765	37620216	2	-2.2426
c5ee5d19-7b0a-46f2-9c62-d7c8a5fece6f	12	37640556	48331259	6478	0.0949
c5ee5d19-7b0a-46f2-9c62-d7c8a5fece6f	12	48331456	48331632	3	-2.2586
c5ee5d19-7b0a-46f2-9c62-d7c8a5fece6f	12	48336253	58449676	5614	0.0886
c5ee5d19-7b0a-46f2-9c62-d7c8a5fece6f	12	58450075	58450183	2	-1.866
c5ee5d19-7b0a-46f2-9c62-d7c8a5fece6f	12	58450202	74833700	10517	0.0964
c5ee5d19-7b0a-46f2-9c62-d7c8a5fece6f	12	74835045	74835444	2	-1.5398
c5ee5d19-7b0a-46f2-9c62-d7c8a5fece6f	12	74837900	83769408	5746	0.0986
c5ee5d19-7b0a-46f2-9c62-d7c8a5fece6f	12	83769511	83771462	3	-1.9713
c5ee5d19-7b0a-46f2-9c62-d7c8a5fece6f	12	83771500	99398036	10079	0.1017
c5ee5d19-7b0a-46f2-9c62-d7c8a5fece6f	12	99401515	99404956	31	-0.5813
c5ee5d19-7b0a-46f2-9c62-d7c8a5fece6f	12	99409315	131242840	21760	0.0846
c5ee5d19-7b0a-46f2-9c62-d7c8a5fece6f	12	131248112	131250185	10	-0.9385
c5ee5d19-7b0a-46f2-9c62-d7c8a5fece6f	12	131250680	132640806	681	0.0778
c5ee5d19-7b0a-46f2-9c62-d7c8a5fece6f	12	132647687	132649610	3	-1.3648
c5ee5d19-7b0a-46f2-9c62-d7c8a5fece6f	12	132650245	133201603	251	0.0837
c5ee5d19-7b0a-46f2-9c62-d7c8a5fece6f	13	18452809	19547319	530	0.0988
c5ee5d19-7b0a-46f2-9c62-d7c8a5fece6f	13	19549755	19549770	2	-2.1939
c5ee5d19-7b0a-46f2-9c62-d7c8a5fece6f	13	19550361	22821846	2181	0.0897
c5ee5d19-7b0a-46f2-9c62-d7c8a5fece6f	13	22822138	23059376	154	-0.0764
c5ee5d19-7b0a-46f2-9c62-d7c8a5fece6f	13	23064056	57176962	23142	0.0939
c5ee5d19-7b0a-46f2-9c62-d7c8a5fece6f	13	57184136	57204246	34	-0.7362
c5ee5d19-7b0a-46f2-9c62-d7c8a5fece6f	13	57215580	64777057	4483	0.1032
c5ee5d19-7b0a-46f2-9c62-d7c8a5fece6f	13	64777999	64779363	3	-1.6138
c5ee5d19-7b0a-46f2-9c62-d7c8a5fece6f	13	64782151	97875020	21459	0.0999
c5ee5d19-7b0a-46f2-9c62-d7c8a5fece6f	13	97877870	97879211	6	-0.8773
c5ee5d19-7b0a-46f2-9c62-d7c8a5fece6f	13	97881576	110656446	10099	0.0888
c5ee5d19-7b0a-46f2-9c62-d7c8a5fece6f	13	110656920	110671373	2	-1.683
c5ee5d19-7b0a-46f2-9c62-d7c8a5fece6f	13	110675796	114342922	2030	0.0719
c5ee5d19-7b0a-46f2-9c62-d7c8a5fece6f	14	18239283	19110634	33	0.0994
c5ee5d19-7b0a-46f2-9c62-d7c8a5fece6f	14	19134873	19957350	135	-0.3661
c5ee5d19-7b0a-46f2-9c62-d7c8a5fece6f	14	19957701	22139542	1532	0.0719
c5ee5d19-7b0a-46f2-9c62-d7c8a5fece6f	14	22143351	22145736	11	-0.6873
c5ee5d19-7b0a-46f2-9c62-d7c8a5fece6f	14	22147511	68397594	29075	0.0895
c5ee5d19-7b0a-46f2-9c62-d7c8a5fece6f	14	68397740	68401095	4	-1.7015
c5ee5d19-7b0a-46f2-9c62-d7c8a5fece6f	14	68404041	73529070	3436	0.0858
c5ee5d19-7b0a-46f2-9c62-d7c8a5fece6f	14	73534419	73563196	10	-1.9268
c5ee5d19-7b0a-46f2-9c62-d7c8a5fece6f	14	73563211	78191329	2998	0.0515
c5ee5d19-7b0a-46f2-9c62-d7c8a5fece6f	14	78191410	85098248	4586	0.0971
c5ee5d19-7b0a-46f2-9c62-d7c8a5fece6f	14	85098551	85099620	12	-0.6058
c5ee5d19-7b0a-46f2-9c62-d7c8a5fece6f	14	85100404	88974902	2560	0.096
c5ee5d19-7b0a-46f2-9c62-d7c8a5fece6f	14	88975264	88980847	4	-1.0805
c5ee5d19-7b0a-46f2-9c62-d7c8a5fece6f	14	88981782	106412640	10734	0.0752
c5ee5d19-7b0a-46f2-9c62-d7c8a5fece6f	14	106416146	106462183	50	0.4367
c5ee5d19-7b0a-46f2-9c62-d7c8a5fece6f	14	106462724	106877229	195	0.0012
c5ee5d19-7b0a-46f2-9c62-d7c8a5fece6f	15	19811075	20373168	88	0.1463
c5ee5d19-7b0a-46f2-9c62-d7c8a5fece6f	15	20376198	20376202	5	-0.8947
c5ee5d19-7b0a-46f2-9c62-d7c8a5fece6f	15	20376309	20384907	15	0.6287
c5ee5d19-7b0a-46f2-9c62-d7c8a5fece6f	15	20385137	20670989	43	0.1578
c5ee5d19-7b0a-46f2-9c62-d7c8a5fece6f	15	20981071	21096887	16	-0.6862
c5ee5d19-7b0a-46f2-9c62-d7c8a5fece6f	15	21262847	30215235	4668	0.0732
c5ee5d19-7b0a-46f2-9c62-d7c8a5fece6f	15	30230885	30269364	7	-1.304
c5ee5d19-7b0a-46f2-9c62-d7c8a5fece6f	15	30281107	32507144	1091	0.0996
c5ee5d19-7b0a-46f2-9c62-d7c8a5fece6f	15	32519403	32584783	6	-1.1436
c5ee5d19-7b0a-46f2-9c62-d7c8a5fece6f	15	32610782	34438964	1490	0.0859
c5ee5d19-7b0a-46f2-9c62-d7c8a5fece6f	15	34439054	34502721	46	0.3894
c5ee5d19-7b0a-46f2-9c62-d7c8a5fece6f	15	34503285	52039283	10565	0.0827
c5ee5d19-7b0a-46f2-9c62-d7c8a5fece6f	15	52041111	52042450	2	-2.5361
c5ee5d19-7b0a-46f2-9c62-d7c8a5fece6f	15	52045233	53492691	1048	0.0839
c5ee5d19-7b0a-46f2-9c62-d7c8a5fece6f	15	53492794	53493066	5	-2.7578
c5ee5d19-7b0a-46f2-9c62-d7c8a5fece6f	15	53493082	57780522	2878	0.0859
c5ee5d19-7b0a-46f2-9c62-d7c8a5fece6f	15	57788419	57791230	6	-1.51
c5ee5d19-7b0a-46f2-9c62-d7c8a5fece6f	15	57796193	76599170	11903	0.0859
c5ee5d19-7b0a-46f2-9c62-d7c8a5fece6f	15	76599286	76602857	12	-3.2126
c5ee5d19-7b0a-46f2-9c62-d7c8a5fece6f	15	76603003	76603434	8	-0.9675
c5ee5d19-7b0a-46f2-9c62-d7c8a5fece6f	15	76609838	87274811	6663	0.0841
c5ee5d19-7b0a-46f2-9c62-d7c8a5fece6f	15	87275644	87327502	42	-0.9843
c5ee5d19-7b0a-46f2-9c62-d7c8a5fece6f	15	87333928	90229827	1949	0.0772
c5ee5d19-7b0a-46f2-9c62-d7c8a5fece6f	15	90232411	90232468	2	-3.3951
c5ee5d19-7b0a-46f2-9c62-d7c8a5fece6f	15	90233143	90337459	64	0.0545
c5ee5d19-7b0a-46f2-9c62-d7c8a5fece6f	15	90342485	90342547	2	-1.5423
c5ee5d19-7b0a-46f2-9c62-d7c8a5fece6f	15	90344088	92222644	1458	0.0886
c5ee5d19-7b0a-46f2-9c62-d7c8a5fece6f	15	92222918	92223064	2	-1.6994
c5ee5d19-7b0a-46f2-9c62-d7c8a5fece6f	15	92223528	101928837	7420	0.0843
c5ee5d19-7b0a-46f2-9c62-d7c8a5fece6f	16	10777	19933041	13449	0.0641
c5ee5d19-7b0a-46f2-9c62-d7c8a5fece6f	16	19934328	19959168	31	-1.0181
c5ee5d19-7b0a-46f2-9c62-d7c8a5fece6f	16	19959496	20046578	66	0.1585
c5ee5d19-7b0a-46f2-9c62-d7c8a5fece6f	16	20047451	20047494	2	-1.3372
c5ee5d19-7b0a-46f2-9c62-d7c8a5fece6f	16	20048355	20465821	313	0.084
c5ee5d19-7b0a-46f2-9c62-d7c8a5fece6f	16	20467276	20467290	2	-1.0542
c5ee5d19-7b0a-46f2-9c62-d7c8a5fece6f	16	20467360	21503753	509	0.0798
c5ee5d19-7b0a-46f2-9c62-d7c8a5fece6f	16	21503767	21586954	25	-0.4028
c5ee5d19-7b0a-46f2-9c62-d7c8a5fece6f	16	21588178	22631924	391	0.0557
c5ee5d19-7b0a-46f2-9c62-d7c8a5fece6f	16	22633481	22727362	67	-0.2376
c5ee5d19-7b0a-46f2-9c62-d7c8a5fece6f	16	22728349	55776295	12069	0.0713
c5ee5d19-7b0a-46f2-9c62-d7c8a5fece6f	16	55782331	55788532	6	1.0801
c5ee5d19-7b0a-46f2-9c62-d7c8a5fece6f	16	55808442	61576227	3590	0.0764
c5ee5d19-7b0a-46f2-9c62-d7c8a5fece6f	16	61576795	61576797	2	-1.6917
c5ee5d19-7b0a-46f2-9c62-d7c8a5fece6f	16	61581024	70164493	5172	0.0782
c5ee5d19-7b0a-46f2-9c62-d7c8a5fece6f	16	70177541	70212022	4	-1.2204
c5ee5d19-7b0a-46f2-9c62-d7c8a5fece6f	16	70212430	75244943	2797	0.0698
c5ee5d19-7b0a-46f2-9c62-d7c8a5fece6f	16	75245940	75247060	5	-0.8445
c5ee5d19-7b0a-46f2-9c62-d7c8a5fece6f	16	75248066	78337711	2704	0.0816
c5ee5d19-7b0a-46f2-9c62-d7c8a5fece6f	16	78338543	78350868	16	0.8958
c5ee5d19-7b0a-46f2-9c62-d7c8a5fece6f	16	78351104	81127429	3197	0.0833
c5ee5d19-7b0a-46f2-9c62-d7c8a5fece6f	16	81127478	81128132	2	-3.0361
c5ee5d19-7b0a-46f2-9c62-d7c8a5fece6f	16	81128159	86754815	5622	0.0592
c5ee5d19-7b0a-46f2-9c62-d7c8a5fece6f	16	86755101	86755202	2	-3.124
c5ee5d19-7b0a-46f2-9c62-d7c8a5fece6f	16	86756098	90096867	1770	0.0515
c5ee5d19-7b0a-46f2-9c62-d7c8a5fece6f	17	150733	6197464	3354	0.0671
c5ee5d19-7b0a-46f2-9c62-d7c8a5fece6f	17	6197476	6197491	2	-2.6363
c5ee5d19-7b0a-46f2-9c62-d7c8a5fece6f	17	6197723	15579201	6631	0.0606
c5ee5d19-7b0a-46f2-9c62-d7c8a5fece6f	17	15580307	15654216	19	-0.5767
c5ee5d19-7b0a-46f2-9c62-d7c8a5fece6f	17	15654426	46127007	13350	0.0604
c5ee5d19-7b0a-46f2-9c62-d7c8a5fece6f	17	46130778	46286804	93	-0.2723
c5ee5d19-7b0a-46f2-9c62-d7c8a5fece6f	17	46323701	46446345	3	0.7153
c5ee5d19-7b0a-46f2-9c62-d7c8a5fece6f	17	46446360	46569894	2	2.5208
c5ee5d19-7b0a-46f2-9c62-d7c8a5fece6f	17	46571001	46664059	2	-0.7325
c5ee5d19-7b0a-46f2-9c62-d7c8a5fece6f	17	46687628	56081095	5792	0.0737
c5ee5d19-7b0a-46f2-9c62-d7c8a5fece6f	17	56081683	56083553	2	-1.4372
c5ee5d19-7b0a-46f2-9c62-d7c8a5fece6f	17	56083648	56095230	25	-5.4101
c5ee5d19-7b0a-46f2-9c62-d7c8a5fece6f	17	56095462	58134739	1525	0.063
c5ee5d19-7b0a-46f2-9c62-d7c8a5fece6f	17	58135153	58136733	3	-6.3775
c5ee5d19-7b0a-46f2-9c62-d7c8a5fece6f	17	58140037	83091923	14195	0.0627
c5ee5d19-7b0a-46f2-9c62-d7c8a5fece6f	18	48133	40678132	22762	0.1095
c5ee5d19-7b0a-46f2-9c62-d7c8a5fece6f	18	40678205	40688060	32	0.5754
c5ee5d19-7b0a-46f2-9c62-d7c8a5fece6f	18	40689534	65533243	17113	0.1035
c5ee5d19-7b0a-46f2-9c62-d7c8a5fece6f	18	65535759	65540037	17	1.0848
c5ee5d19-7b0a-46f2-9c62-d7c8a5fece6f	18	65540145	66095064	416	0.1084
c5ee5d19-7b0a-46f2-9c62-d7c8a5fece6f	18	66099904	66100052	2	-1.972
c5ee5d19-7b0a-46f2-9c62-d7c8a5fece6f	18	66100686	80257174	10376	0.1031
c5ee5d19-7b0a-46f2-9c62-d7c8a5fece6f	19	90910	255578	4	-0.7184
c5ee5d19-7b0a-46f2-9c62-d7c8a5fece6f	19	255830	20052824	8709	0.0514
c5ee5d19-7b0a-46f2-9c62-d7c8a5fece6f	19	20053182	20965533	510	0.1566
c5ee5d19-7b0a-46f2-9c62-d7c8a5fece6f	19	20966673	27797510	2031	0.0697
c5ee5d19-7b0a-46f2-9c62-d7c8a5fece6f	19	27798320	27825364	21	-1.0741
c5ee5d19-7b0a-46f2-9c62-d7c8a5fece6f	19	27826435	54736440	15492	0.0656
c5ee5d19-7b0a-46f2-9c62-d7c8a5fece6f	19	54736513	54736528	2	-2.4385
c5ee5d19-7b0a-46f2-9c62-d7c8a5fece6f	19	54736640	54811794	20	0.1676
c5ee5d19-7b0a-46f2-9c62-d7c8a5fece6f	19	54812586	54837236	15	-1.073
c5ee5d19-7b0a-46f2-9c62-d7c8a5fece6f	19	54852069	55766684	442	0.0522
c5ee5d19-7b0a-46f2-9c62-d7c8a5fece6f	19	55770704	55771701	5	0.9881
c5ee5d19-7b0a-46f2-9c62-d7c8a5fece6f	19	55774927	58586487	1837	0.0741
c5ee5d19-7b0a-46f2-9c62-d7c8a5fece6f	20	80664	1571811	1180	0.0474
c5ee5d19-7b0a-46f2-9c62-d7c8a5fece6f	20	1576544	1601561	57	-0.5539
c5ee5d19-7b0a-46f2-9c62-d7c8a5fece6f	20	1609611	59498658	38043	0.0773
c5ee5d19-7b0a-46f2-9c62-d7c8a5fece6f	20	59498865	59502537	3	-1.5161
c5ee5d19-7b0a-46f2-9c62-d7c8a5fece6f	20	59503792	59805016	219	0.0679
c5ee5d19-7b0a-46f2-9c62-d7c8a5fece6f	20	59805142	59805790	2	-1.7176
c5ee5d19-7b0a-46f2-9c62-d7c8a5fece6f	20	59807594	64324800	2839	0.0582
c5ee5d19-7b0a-46f2-9c62-d7c8a5fece6f	21	10354168	10569525	54	0.1651
c5ee5d19-7b0a-46f2-9c62-d7c8a5fece6f	21	10571815	10756733	31	-0.4714
c5ee5d19-7b0a-46f2-9c62-d7c8a5fece6f	21	10775586	26908194	9764	0.095
c5ee5d19-7b0a-46f2-9c62-d7c8a5fece6f	21	26910341	26911285	4	-2.0653
c5ee5d19-7b0a-46f2-9c62-d7c8a5fece6f	21	26911831	46677045	13989	0.0783
c5ee5d19-7b0a-46f2-9c62-d7c8a5fece6f	22	15294547	50796027	23248	0.0712
c5ee5d19-7b0a-46f2-9c62-d7c8a5fece6f	X	251810	152973236	82345	0.0046
c5ee5d19-7b0a-46f2-9c62-d7c8a5fece6f	X	152974721	152974771	2	-2.1971
c5ee5d19-7b0a-46f2-9c62-d7c8a5fece6f	X	152976014	153412224	250	0.02
c5ee5d19-7b0a-46f2-9c62-d7c8a5fece6f	X	153412601	154606759	469	-0.0969
c5ee5d19-7b0a-46f2-9c62-d7c8a5fece6f	X	154608884	155952689	464	0.0483
c5ee5d19-7b0a-46f2-9c62-d7c8a5fece6f	Y	2782397	3137227	151	-3.5732
c5ee5d19-7b0a-46f2-9c62-d7c8a5fece6f	Y	3138099	6076562	569	-2.9213
c5ee5d19-7b0a-46f2-9c62-d7c8a5fece6f	Y	6080059	9326090	1504	-3.6993
c5ee5d19-7b0a-46f2-9c62-d7c8a5fece6f	Y	9326723	9554275	29	-5.3688
c5ee5d19-7b0a-46f2-9c62-d7c8a5fece6f	Y	9554586	56872112	4387	-3.5937
