Sample	Chromosome	Start	End	Num_Probes	Segment_Mean
MAULS_p_TCGA_189_190_SNP_N_GenomeWideSNP_6_B09_932688	1	61735	757469	46	0.076
MAULS_p_TCGA_189_190_SNP_N_GenomeWideSNP_6_B09_932688	1	757923	1495854	168	-0.4451
MAULS_p_TCGA_189_190_SNP_N_GenomeWideSNP_6_B09_932688	1	1498152	1672603	26	-1.5186
MAULS_p_TCGA_189_190_SNP_N_GenomeWideSNP_6_B09_932688	1	1687587	9304731	4423	-0.5069
MAULS_p_TCGA_189_190_SNP_N_GenomeWideSNP_6_B09_932688	1	9308037	9402403	59	0.4129
MAULS_p_TCGA_189_190_SNP_N_GenomeWideSNP_6_B09_932688	1	9404693	16797756	3944	-0.5
MAULS_p_TCGA_189_190_SNP_N_GenomeWideSNP_6_B09_932688	1	16803776	17283075	190	-0.1662
MAULS_p_TCGA_189_190_SNP_N_GenomeWideSNP_6_B09_932688	1	17284920	25583341	5247	-0.5041
MAULS_p_TCGA_189_190_SNP_N_GenomeWideSNP_6_B09_932688	1	25593128	25662212	31	0.2693
MAULS_p_TCGA_189_190_SNP_N_GenomeWideSNP_6_B09_932688	1	25663310	35091674	4949	-0.4949
MAULS_p_TCGA_189_190_SNP_N_GenomeWideSNP_6_B09_932688	1	35102654	35103036	6	-1.9774
MAULS_p_TCGA_189_190_SNP_N_GenomeWideSNP_6_B09_932688	1	35103142	35103510	4	-0.2174
MAULS_p_TCGA_189_190_SNP_N_GenomeWideSNP_6_B09_932688	1	35103827	35104491	10	-1.9719
MAULS_p_TCGA_189_190_SNP_N_GenomeWideSNP_6_B09_932688	1	35114268	72768418	23776	-0.5199
MAULS_p_TCGA_189_190_SNP_N_GenomeWideSNP_6_B09_932688	1	72768498	72811133	46	0.3953
MAULS_p_TCGA_189_190_SNP_N_GenomeWideSNP_6_B09_932688	1	72811148	121355881	30803	-0.5347
MAULS_p_TCGA_189_190_SNP_N_GenomeWideSNP_6_B09_932688	1	121436219	145266469	265	0.0214
MAULS_p_TCGA_189_190_SNP_N_GenomeWideSNP_6_B09_932688	1	145276271	145287875	6	1.0811
MAULS_p_TCGA_189_190_SNP_N_GenomeWideSNP_6_B09_932688	1	145288350	149024802	921	0.0869
MAULS_p_TCGA_189_190_SNP_N_GenomeWideSNP_6_B09_932688	1	149024808	149645033	176	-0.524
MAULS_p_TCGA_189_190_SNP_N_GenomeWideSNP_6_B09_932688	1	149659890	152555527	1486	0.074
MAULS_p_TCGA_189_190_SNP_N_GenomeWideSNP_6_B09_932688	1	152555706	152585718	28	-0.8209
MAULS_p_TCGA_189_190_SNP_N_GenomeWideSNP_6_B09_932688	1	152586117	188226229	24120	0.0661
MAULS_p_TCGA_189_190_SNP_N_GenomeWideSNP_6_B09_932688	1	188228976	188235090	2	-1.6939
MAULS_p_TCGA_189_190_SNP_N_GenomeWideSNP_6_B09_932688	1	188236122	196714873	5636	0.0377
MAULS_p_TCGA_189_190_SNP_N_GenomeWideSNP_6_B09_932688	1	196727850	196801442	86	0.4463
MAULS_p_TCGA_189_190_SNP_N_GenomeWideSNP_6_B09_932688	1	196801655	249224388	35958	0.0547
MAULS_p_TCGA_189_190_SNP_N_GenomeWideSNP_6_B09_932688	2	12784	4216452	2993	0.0489
MAULS_p_TCGA_189_190_SNP_N_GenomeWideSNP_6_B09_932688	2	4216469	4223567	33	0.4631
MAULS_p_TCGA_189_190_SNP_N_GenomeWideSNP_6_B09_932688	2	4223695	6400019	1805	0.041
MAULS_p_TCGA_189_190_SNP_N_GenomeWideSNP_6_B09_932688	2	6401909	6402160	2	-1.7995
MAULS_p_TCGA_189_190_SNP_N_GenomeWideSNP_6_B09_932688	2	6402296	34185761	18869	0.0513
MAULS_p_TCGA_189_190_SNP_N_GenomeWideSNP_6_B09_932688	2	34194663	34261098	45	0.6663
MAULS_p_TCGA_189_190_SNP_N_GenomeWideSNP_6_B09_932688	2	34261650	35975973	1273	0.012
MAULS_p_TCGA_189_190_SNP_N_GenomeWideSNP_6_B09_932688	2	35977790	35987916	6	-1.7007
MAULS_p_TCGA_189_190_SNP_N_GenomeWideSNP_6_B09_932688	2	35987947	41238009	3939	0.0507
MAULS_p_TCGA_189_190_SNP_N_GenomeWideSNP_6_B09_932688	2	41238048	41251724	33	-0.4674
MAULS_p_TCGA_189_190_SNP_N_GenomeWideSNP_6_B09_932688	2	41251754	97790279	32237	0.0488
MAULS_p_TCGA_189_190_SNP_N_GenomeWideSNP_6_B09_932688	2	97794344	97949121	52	0.4338
MAULS_p_TCGA_189_190_SNP_N_GenomeWideSNP_6_B09_932688	2	98013814	146865369	29566	0.0471
MAULS_p_TCGA_189_190_SNP_N_GenomeWideSNP_6_B09_932688	2	146865747	146866440	8	1.415
MAULS_p_TCGA_189_190_SNP_N_GenomeWideSNP_6_B09_932688	2	146866665	194987693	29042	0.0413
MAULS_p_TCGA_189_190_SNP_N_GenomeWideSNP_6_B09_932688	2	194987867	194989558	2	-2.9842
MAULS_p_TCGA_189_190_SNP_N_GenomeWideSNP_6_B09_932688	2	194989600	198374172	1965	0.0447
MAULS_p_TCGA_189_190_SNP_N_GenomeWideSNP_6_B09_932688	2	198393993	198404028	3	-1.5509
MAULS_p_TCGA_189_190_SNP_N_GenomeWideSNP_6_B09_932688	2	198407674	213181322	9042	0.0462
MAULS_p_TCGA_189_190_SNP_N_GenomeWideSNP_6_B09_932688	2	213186549	213191825	25	-0.9743
MAULS_p_TCGA_189_190_SNP_N_GenomeWideSNP_6_B09_932688	2	213192126	242719476	18908	0.0503
MAULS_p_TCGA_189_190_SNP_N_GenomeWideSNP_6_B09_932688	2	242719805	242775058	11	-0.5896
MAULS_p_TCGA_189_190_SNP_N_GenomeWideSNP_6_B09_932688	2	242782271	243089456	145	0.0578
MAULS_p_TCGA_189_190_SNP_N_GenomeWideSNP_6_B09_932688	3	60345	47399911	33525	-0.013
MAULS_p_TCGA_189_190_SNP_N_GenomeWideSNP_6_B09_932688	3	47400331	47405451	3	-1.5696
MAULS_p_TCGA_189_190_SNP_N_GenomeWideSNP_6_B09_932688	3	47409212	47478509	26	0.0307
MAULS_p_TCGA_189_190_SNP_N_GenomeWideSNP_6_B09_932688	3	47491822	47492720	2	-2.2768
MAULS_p_TCGA_189_190_SNP_N_GenomeWideSNP_6_B09_932688	3	47497214	53023211	2223	0.0226
MAULS_p_TCGA_189_190_SNP_N_GenomeWideSNP_6_B09_932688	3	53028375	53039279	40	-0.5898
MAULS_p_TCGA_189_190_SNP_N_GenomeWideSNP_6_B09_932688	3	53039455	68746164	12033	-0.0161
MAULS_p_TCGA_189_190_SNP_N_GenomeWideSNP_6_B09_932688	3	68746259	68747413	14	-1.524
MAULS_p_TCGA_189_190_SNP_N_GenomeWideSNP_6_B09_932688	3	68748758	98937784	15943	-0.0213
MAULS_p_TCGA_189_190_SNP_N_GenomeWideSNP_6_B09_932688	3	98944458	98949292	34	-0.576
MAULS_p_TCGA_189_190_SNP_N_GenomeWideSNP_6_B09_932688	3	98949301	129760622	18740	-0.0221
MAULS_p_TCGA_189_190_SNP_N_GenomeWideSNP_6_B09_932688	3	129761124	129806236	54	0.5702
MAULS_p_TCGA_189_190_SNP_N_GenomeWideSNP_6_B09_932688	3	129806924	136019099	4033	-0.0098
MAULS_p_TCGA_189_190_SNP_N_GenomeWideSNP_6_B09_932688	3	136022951	136025426	2	-3.3758
MAULS_p_TCGA_189_190_SNP_N_GenomeWideSNP_6_B09_932688	3	136038541	145633406	5852	-0.0224
MAULS_p_TCGA_189_190_SNP_N_GenomeWideSNP_6_B09_932688	3	145641922	145642365	3	-1.3839
MAULS_p_TCGA_189_190_SNP_N_GenomeWideSNP_6_B09_932688	3	145642413	162123366	10113	-0.0323
MAULS_p_TCGA_189_190_SNP_N_GenomeWideSNP_6_B09_932688	3	162137600	162142705	14	-0.9145
MAULS_p_TCGA_189_190_SNP_N_GenomeWideSNP_6_B09_932688	3	162144248	162513092	264	-0.0165
MAULS_p_TCGA_189_190_SNP_N_GenomeWideSNP_6_B09_932688	3	162513149	162615915	61	0.4865
MAULS_p_TCGA_189_190_SNP_N_GenomeWideSNP_6_B09_932688	3	162623842	192877902	19195	-0.0252
MAULS_p_TCGA_189_190_SNP_N_GenomeWideSNP_6_B09_932688	3	192877962	192882903	19	-1.4355
MAULS_p_TCGA_189_190_SNP_N_GenomeWideSNP_6_B09_932688	3	192886435	197896118	2704	0.0056
MAULS_p_TCGA_189_190_SNP_N_GenomeWideSNP_6_B09_932688	4	12281	4113921	1703	0.0764
MAULS_p_TCGA_189_190_SNP_N_GenomeWideSNP_6_B09_932688	4	4118957	4176614	17	0.6103
MAULS_p_TCGA_189_190_SNP_N_GenomeWideSNP_6_B09_932688	4	4176629	70130909	41031	0.0319
MAULS_p_TCGA_189_190_SNP_N_GenomeWideSNP_6_B09_932688	4	70131346	70232124	51	-0.6573
MAULS_p_TCGA_189_190_SNP_N_GenomeWideSNP_6_B09_932688	4	70236151	115173700	27365	0.0283
MAULS_p_TCGA_189_190_SNP_N_GenomeWideSNP_6_B09_932688	4	115175323	115179352	11	0.6034
MAULS_p_TCGA_189_190_SNP_N_GenomeWideSNP_6_B09_932688	4	115179428	115182175	12	1.3408
MAULS_p_TCGA_189_190_SNP_N_GenomeWideSNP_6_B09_932688	4	115184229	127357576	7326	0.0253
MAULS_p_TCGA_189_190_SNP_N_GenomeWideSNP_6_B09_932688	4	127364125	127365329	6	-1.1298
MAULS_p_TCGA_189_190_SNP_N_GenomeWideSNP_6_B09_932688	4	127365899	161041304	20077	0.0223
MAULS_p_TCGA_189_190_SNP_N_GenomeWideSNP_6_B09_932688	4	161052774	161070789	40	-0.7931
MAULS_p_TCGA_189_190_SNP_N_GenomeWideSNP_6_B09_932688	4	161083870	172369346	7287	0.0281
MAULS_p_TCGA_189_190_SNP_N_GenomeWideSNP_6_B09_932688	4	172374884	172377444	8	0.9921
MAULS_p_TCGA_189_190_SNP_N_GenomeWideSNP_6_B09_932688	4	172377458	172987827	398	0.0148
MAULS_p_TCGA_189_190_SNP_N_GenomeWideSNP_6_B09_932688	4	172987857	172989533	14	0.7813
MAULS_p_TCGA_189_190_SNP_N_GenomeWideSNP_6_B09_932688	4	172995979	173422522	232	0.0254
MAULS_p_TCGA_189_190_SNP_N_GenomeWideSNP_6_B09_932688	4	173424947	173428643	7	0.9059
MAULS_p_TCGA_189_190_SNP_N_GenomeWideSNP_6_B09_932688	4	173441132	178917176	3357	0.033
MAULS_p_TCGA_189_190_SNP_N_GenomeWideSNP_6_B09_932688	4	178922706	178923007	3	-1.8494
MAULS_p_TCGA_189_190_SNP_N_GenomeWideSNP_6_B09_932688	4	178924610	185759930	4981	0.0263
MAULS_p_TCGA_189_190_SNP_N_GenomeWideSNP_6_B09_932688	4	185763293	185769698	10	-1.4433
MAULS_p_TCGA_189_190_SNP_N_GenomeWideSNP_6_B09_932688	4	185778750	189221258	2352	0.0258
MAULS_p_TCGA_189_190_SNP_N_GenomeWideSNP_6_B09_932688	4	189221360	189221375	2	2.5994
MAULS_p_TCGA_189_190_SNP_N_GenomeWideSNP_6_B09_932688	4	189221424	189436915	210	0.112
MAULS_p_TCGA_189_190_SNP_N_GenomeWideSNP_6_B09_932688	4	189437086	189437410	8	-0.7993
MAULS_p_TCGA_189_190_SNP_N_GenomeWideSNP_6_B09_932688	4	189439872	191027923	959	0.0449
MAULS_p_TCGA_189_190_SNP_N_GenomeWideSNP_6_B09_932688	5	15532	698472	309	0.1183
MAULS_p_TCGA_189_190_SNP_N_GenomeWideSNP_6_B09_932688	5	698505	801571	35	0.4691
MAULS_p_TCGA_189_190_SNP_N_GenomeWideSNP_6_B09_932688	5	801765	17630475	13092	0.0639
MAULS_p_TCGA_189_190_SNP_N_GenomeWideSNP_6_B09_932688	5	17636805	17665341	12	-0.7945
MAULS_p_TCGA_189_190_SNP_N_GenomeWideSNP_6_B09_932688	5	17668235	46251306	17360	0.0587
MAULS_p_TCGA_189_190_SNP_N_GenomeWideSNP_6_B09_932688	5	46271008	46273502	8	-1.9399
MAULS_p_TCGA_189_190_SNP_N_GenomeWideSNP_6_B09_932688	5	46278212	106227331	33386	0.0551
MAULS_p_TCGA_189_190_SNP_N_GenomeWideSNP_6_B09_932688	5	106227464	106233117	22	-0.9307
MAULS_p_TCGA_189_190_SNP_N_GenomeWideSNP_6_B09_932688	5	106240576	117386617	7976	0.0561
MAULS_p_TCGA_189_190_SNP_N_GenomeWideSNP_6_B09_932688	5	117388422	117389085	11	-0.7151
MAULS_p_TCGA_189_190_SNP_N_GenomeWideSNP_6_B09_932688	5	117404340	151514171	21387	0.0578
MAULS_p_TCGA_189_190_SNP_N_GenomeWideSNP_6_B09_932688	5	151515386	151518351	14	-2.6026
MAULS_p_TCGA_189_190_SNP_N_GenomeWideSNP_6_B09_932688	5	151520271	179058681	18553	0.0591
MAULS_p_TCGA_189_190_SNP_N_GenomeWideSNP_6_B09_932688	5	179061463	179085636	19	0.6023
MAULS_p_TCGA_189_190_SNP_N_GenomeWideSNP_6_B09_932688	5	179085752	180372168	743	0.0987
MAULS_p_TCGA_189_190_SNP_N_GenomeWideSNP_6_B09_932688	5	180374484	180418103	21	0.7114
MAULS_p_TCGA_189_190_SNP_N_GenomeWideSNP_6_B09_932688	5	180433225	180790320	171	0.0347
MAULS_p_TCGA_189_190_SNP_N_GenomeWideSNP_6_B09_932688	6	149661	253861	99	0.1088
MAULS_p_TCGA_189_190_SNP_N_GenomeWideSNP_6_B09_932688	6	254267	294837	24	-0.6179
MAULS_p_TCGA_189_190_SNP_N_GenomeWideSNP_6_B09_932688	6	302306	33938743	23705	0.0578
MAULS_p_TCGA_189_190_SNP_N_GenomeWideSNP_6_B09_932688	6	33942011	33942611	5	-1.3725
MAULS_p_TCGA_189_190_SNP_N_GenomeWideSNP_6_B09_932688	6	33942705	53931151	12928	0.0702
MAULS_p_TCGA_189_190_SNP_N_GenomeWideSNP_6_B09_932688	6	53931230	53931855	6	1.4663
MAULS_p_TCGA_189_190_SNP_N_GenomeWideSNP_6_B09_932688	6	53935348	78971781	13294	0.0501
MAULS_p_TCGA_189_190_SNP_N_GenomeWideSNP_6_B09_932688	6	78971802	79041633	108	0.4821
MAULS_p_TCGA_189_190_SNP_N_GenomeWideSNP_6_B09_932688	6	79041719	103734829	15493	0.0545
MAULS_p_TCGA_189_190_SNP_N_GenomeWideSNP_6_B09_932688	6	103737976	103765670	47	0.5231
MAULS_p_TCGA_189_190_SNP_N_GenomeWideSNP_6_B09_932688	6	103765711	124534952	12770	0.0572
MAULS_p_TCGA_189_190_SNP_N_GenomeWideSNP_6_B09_932688	6	124537417	124566391	11	0.9452
MAULS_p_TCGA_189_190_SNP_N_GenomeWideSNP_6_B09_932688	6	124566831	157779495	22024	0.0484
MAULS_p_TCGA_189_190_SNP_N_GenomeWideSNP_6_B09_932688	6	157781264	157796076	3	-1.4897
MAULS_p_TCGA_189_190_SNP_N_GenomeWideSNP_6_B09_932688	6	157796994	169268583	8246	0.0618
MAULS_p_TCGA_189_190_SNP_N_GenomeWideSNP_6_B09_932688	6	169269053	169271161	5	-4.6725
MAULS_p_TCGA_189_190_SNP_N_GenomeWideSNP_6_B09_932688	6	169271285	171051005	1181	0.0794
MAULS_p_TCGA_189_190_SNP_N_GenomeWideSNP_6_B09_932688	7	43355	148300	90	0.0022
MAULS_p_TCGA_189_190_SNP_N_GenomeWideSNP_6_B09_932688	7	155066	158306	9	-1.3714
MAULS_p_TCGA_189_190_SNP_N_GenomeWideSNP_6_B09_932688	7	158626	38321132	27351	0.0595
MAULS_p_TCGA_189_190_SNP_N_GenomeWideSNP_6_B09_932688	7	38322918	38410436	119	0.362
MAULS_p_TCGA_189_190_SNP_N_GenomeWideSNP_6_B09_932688	7	38413047	48580942	6738	0.0611
MAULS_p_TCGA_189_190_SNP_N_GenomeWideSNP_6_B09_932688	7	48581852	48592025	8	-0.8609
MAULS_p_TCGA_189_190_SNP_N_GenomeWideSNP_6_B09_932688	7	48600179	53316829	3501	0.0449
MAULS_p_TCGA_189_190_SNP_N_GenomeWideSNP_6_B09_932688	7	53318387	53318785	2	-2.1114
MAULS_p_TCGA_189_190_SNP_N_GenomeWideSNP_6_B09_932688	7	53321683	54386505	755	0.0678
MAULS_p_TCGA_189_190_SNP_N_GenomeWideSNP_6_B09_932688	7	54386509	54386517	5	-1.9731
MAULS_p_TCGA_189_190_SNP_N_GenomeWideSNP_6_B09_932688	7	54393488	70420438	6295	0.0846
MAULS_p_TCGA_189_190_SNP_N_GenomeWideSNP_6_B09_932688	7	70423250	70426141	2	-3.4586
MAULS_p_TCGA_189_190_SNP_N_GenomeWideSNP_6_B09_932688	7	70428243	76505116	2400	0.0658
MAULS_p_TCGA_189_190_SNP_N_GenomeWideSNP_6_B09_932688	7	76505607	76513172	13	-0.7767
MAULS_p_TCGA_189_190_SNP_N_GenomeWideSNP_6_B09_932688	7	76513730	96915660	13121	0.0533
MAULS_p_TCGA_189_190_SNP_N_GenomeWideSNP_6_B09_932688	7	96920298	96923293	4	-1.6691
MAULS_p_TCGA_189_190_SNP_N_GenomeWideSNP_6_B09_932688	7	96923961	109433798	6960	0.0678
MAULS_p_TCGA_189_190_SNP_N_GenomeWideSNP_6_B09_932688	7	109437092	109437099	6	-1.8785
MAULS_p_TCGA_189_190_SNP_N_GenomeWideSNP_6_B09_932688	7	109437100	109441244	19	-0.1746
MAULS_p_TCGA_189_190_SNP_N_GenomeWideSNP_6_B09_932688	7	109441629	109453910	10	-2.5198
MAULS_p_TCGA_189_190_SNP_N_GenomeWideSNP_6_B09_932688	7	109453982	133785195	14758	0.0504
MAULS_p_TCGA_189_190_SNP_N_GenomeWideSNP_6_B09_932688	7	133785211	133795704	27	0.5801
MAULS_p_TCGA_189_190_SNP_N_GenomeWideSNP_6_B09_932688	7	133795841	141763124	5209	0.0604
MAULS_p_TCGA_189_190_SNP_N_GenomeWideSNP_6_B09_932688	7	141769643	141790183	39	-0.6065
MAULS_p_TCGA_189_190_SNP_N_GenomeWideSNP_6_B09_932688	7	141790203	142023231	175	0.0644
MAULS_p_TCGA_189_190_SNP_N_GenomeWideSNP_6_B09_932688	7	142023396	142030318	3	-1.236
MAULS_p_TCGA_189_190_SNP_N_GenomeWideSNP_6_B09_932688	7	142030769	142474939	276	0.1858
MAULS_p_TCGA_189_190_SNP_N_GenomeWideSNP_6_B09_932688	7	142476719	142486560	31	0.8637
MAULS_p_TCGA_189_190_SNP_N_GenomeWideSNP_6_B09_932688	7	142488688	143873952	834	0.0551
MAULS_p_TCGA_189_190_SNP_N_GenomeWideSNP_6_B09_932688	7	143896252	144074929	45	0.8519
MAULS_p_TCGA_189_190_SNP_N_GenomeWideSNP_6_B09_932688	7	144075518	159127004	9694	0.0705
MAULS_p_TCGA_189_190_SNP_N_GenomeWideSNP_6_B09_932688	8	31254	594973	329	0.0518
MAULS_p_TCGA_189_190_SNP_N_GenomeWideSNP_6_B09_932688	8	595220	595875	6	1.0026
MAULS_p_TCGA_189_190_SNP_N_GenomeWideSNP_6_B09_932688	8	595892	595908	2	4.0707
MAULS_p_TCGA_189_190_SNP_N_GenomeWideSNP_6_B09_932688	8	601043	5594267	5756	0.0466
MAULS_p_TCGA_189_190_SNP_N_GenomeWideSNP_6_B09_932688	8	5598726	5604327	26	-0.768
MAULS_p_TCGA_189_190_SNP_N_GenomeWideSNP_6_B09_932688	8	5604495	7217754	1729	0.0457
MAULS_p_TCGA_189_190_SNP_N_GenomeWideSNP_6_B09_932688	8	7221983	7809906	158	-0.3387
MAULS_p_TCGA_189_190_SNP_N_GenomeWideSNP_6_B09_932688	8	7826922	11949551	3290	0.0458
MAULS_p_TCGA_189_190_SNP_N_GenomeWideSNP_6_B09_932688	8	11987726	12001123	6	-1.9016
MAULS_p_TCGA_189_190_SNP_N_GenomeWideSNP_6_B09_932688	8	12034307	24972187	10536	0.0553
MAULS_p_TCGA_189_190_SNP_N_GenomeWideSNP_6_B09_932688	8	24974443	24984333	27	0.8021
MAULS_p_TCGA_189_190_SNP_N_GenomeWideSNP_6_B09_932688	8	24991104	39230325	9034	0.0462
MAULS_p_TCGA_189_190_SNP_N_GenomeWideSNP_6_B09_932688	8	39230659	39385194	59	0.855
MAULS_p_TCGA_189_190_SNP_N_GenomeWideSNP_6_B09_932688	8	39386965	40771996	1076	0.0537
MAULS_p_TCGA_189_190_SNP_N_GenomeWideSNP_6_B09_932688	8	40777852	40778471	2	-2.3593
MAULS_p_TCGA_189_190_SNP_N_GenomeWideSNP_6_B09_932688	8	40783680	112294466	40973	0.0433
MAULS_p_TCGA_189_190_SNP_N_GenomeWideSNP_6_B09_932688	8	112294670	112295260	6	1.4855
MAULS_p_TCGA_189_190_SNP_N_GenomeWideSNP_6_B09_932688	8	112300281	146298155	22923	0.0484
MAULS_p_TCGA_189_190_SNP_N_GenomeWideSNP_6_B09_932688	9	46587	7122749	6773	0.0491
MAULS_p_TCGA_189_190_SNP_N_GenomeWideSNP_6_B09_932688	9	7122872	7326970	257	-1.0816
MAULS_p_TCGA_189_190_SNP_N_GenomeWideSNP_6_B09_932688	9	7329102	9900132	2444	0.0369
MAULS_p_TCGA_189_190_SNP_N_GenomeWideSNP_6_B09_932688	9	9900480	9908821	17	-0.5372
MAULS_p_TCGA_189_190_SNP_N_GenomeWideSNP_6_B09_932688	9	9909203	22492889	10371	0.0368
MAULS_p_TCGA_189_190_SNP_N_GenomeWideSNP_6_B09_932688	9	22501913	22502699	2	-3.631
MAULS_p_TCGA_189_190_SNP_N_GenomeWideSNP_6_B09_932688	9	22509340	23361805	580	0.0325
MAULS_p_TCGA_189_190_SNP_N_GenomeWideSNP_6_B09_932688	9	23363115	23373484	8	-2.9402
MAULS_p_TCGA_189_190_SNP_N_GenomeWideSNP_6_B09_932688	9	23378488	25668205	1675	0.0333
MAULS_p_TCGA_189_190_SNP_N_GenomeWideSNP_6_B09_932688	9	25668442	25675730	4	-1.2515
MAULS_p_TCGA_189_190_SNP_N_GenomeWideSNP_6_B09_932688	9	25677215	90135027	23604	0.0519
MAULS_p_TCGA_189_190_SNP_N_GenomeWideSNP_6_B09_932688	9	90137475	90137909	3	-1.3547
MAULS_p_TCGA_189_190_SNP_N_GenomeWideSNP_6_B09_932688	9	90139009	90522594	376	0.0596
MAULS_p_TCGA_189_190_SNP_N_GenomeWideSNP_6_B09_932688	9	90554151	90554219	2	-2.0661
MAULS_p_TCGA_189_190_SNP_N_GenomeWideSNP_6_B09_932688	9	90557957	141091394	33779	0.0638
MAULS_p_TCGA_189_190_SNP_N_GenomeWideSNP_6_B09_932688	10	72809	36701369	27940	0.0569
MAULS_p_TCGA_189_190_SNP_N_GenomeWideSNP_6_B09_932688	10	36702570	36702640	2	-1.8344
MAULS_p_TCGA_189_190_SNP_N_GenomeWideSNP_6_B09_932688	10	36703776	42920807	1337	0.0598
MAULS_p_TCGA_189_190_SNP_N_GenomeWideSNP_6_B09_932688	10	42920884	42925722	4	1.2716
MAULS_p_TCGA_189_190_SNP_N_GenomeWideSNP_6_B09_932688	10	42926743	47392332	2458	0.0551
MAULS_p_TCGA_189_190_SNP_N_GenomeWideSNP_6_B09_932688	10	47401341	47657676	115	0.623
MAULS_p_TCGA_189_190_SNP_N_GenomeWideSNP_6_B09_932688	10	47659140	135506704	59196	0.0586
MAULS_p_TCGA_189_190_SNP_N_GenomeWideSNP_6_B09_932688	11	198510	5787405	3303	0.0723
MAULS_p_TCGA_189_190_SNP_N_GenomeWideSNP_6_B09_932688	11	5788080	5809461	34	0.46
MAULS_p_TCGA_189_190_SNP_N_GenomeWideSNP_6_B09_932688	11	5812360	18940870	9423	0.0651
MAULS_p_TCGA_189_190_SNP_N_GenomeWideSNP_6_B09_932688	11	18949072	18961329	44	0.7695
MAULS_p_TCGA_189_190_SNP_N_GenomeWideSNP_6_B09_932688	11	18961340	21424273	2289	0.0558
MAULS_p_TCGA_189_190_SNP_N_GenomeWideSNP_6_B09_932688	11	21425763	21425793	2	-1.7062
MAULS_p_TCGA_189_190_SNP_N_GenomeWideSNP_6_B09_932688	11	21425949	49713707	18782	0.0568
MAULS_p_TCGA_189_190_SNP_N_GenomeWideSNP_6_B09_932688	11	49713740	49757671	17	-0.8014
MAULS_p_TCGA_189_190_SNP_N_GenomeWideSNP_6_B09_932688	11	49757767	51183575	382	0.0688
MAULS_p_TCGA_189_190_SNP_N_GenomeWideSNP_6_B09_932688	11	51183694	51195051	4	-1.396
MAULS_p_TCGA_189_190_SNP_N_GenomeWideSNP_6_B09_932688	11	51205141	55359460	369	0.0854
MAULS_p_TCGA_189_190_SNP_N_GenomeWideSNP_6_B09_932688	11	55359518	55475639	81	-0.2794
MAULS_p_TCGA_189_190_SNP_N_GenomeWideSNP_6_B09_932688	11	55475801	80362033	13619	0.0792
MAULS_p_TCGA_189_190_SNP_N_GenomeWideSNP_6_B09_932688	11	80362308	81945127	1299	-0.5541
MAULS_p_TCGA_189_190_SNP_N_GenomeWideSNP_6_B09_932688	11	81947713	134944770	37463	0.061
MAULS_p_TCGA_189_190_SNP_N_GenomeWideSNP_6_B09_932688	12	150442	2235628	1264	0.0696
MAULS_p_TCGA_189_190_SNP_N_GenomeWideSNP_6_B09_932688	12	2235889	2257920	42	-0.6926
MAULS_p_TCGA_189_190_SNP_N_GenomeWideSNP_6_B09_932688	12	2258023	8536612	4306	0.0678
MAULS_p_TCGA_189_190_SNP_N_GenomeWideSNP_6_B09_932688	12	8542090	8575023	20	0.6241
MAULS_p_TCGA_189_190_SNP_N_GenomeWideSNP_6_B09_932688	12	8575334	9633870	570	0.0955
MAULS_p_TCGA_189_190_SNP_N_GenomeWideSNP_6_B09_932688	12	9637909	9728292	24	1.5067
MAULS_p_TCGA_189_190_SNP_N_GenomeWideSNP_6_B09_932688	12	9734969	28095493	12793	0.0491
MAULS_p_TCGA_189_190_SNP_N_GenomeWideSNP_6_B09_932688	12	28095558	28097644	10	-1.0549
MAULS_p_TCGA_189_190_SNP_N_GenomeWideSNP_6_B09_932688	12	28103460	30233058	1538	0.0332
MAULS_p_TCGA_189_190_SNP_N_GenomeWideSNP_6_B09_932688	12	30233330	30243614	27	-0.5786
MAULS_p_TCGA_189_190_SNP_N_GenomeWideSNP_6_B09_932688	12	30243631	39477327	3811	0.0605
MAULS_p_TCGA_189_190_SNP_N_GenomeWideSNP_6_B09_932688	12	39481561	39483113	5	-1.0974
MAULS_p_TCGA_189_190_SNP_N_GenomeWideSNP_6_B09_932688	12	39488048	126994913	55569	0.0587
MAULS_p_TCGA_189_190_SNP_N_GenomeWideSNP_6_B09_932688	12	126994946	127004590	7	-0.8725
MAULS_p_TCGA_189_190_SNP_N_GenomeWideSNP_6_B09_932688	12	127007475	132120715	4482	0.0546
MAULS_p_TCGA_189_190_SNP_N_GenomeWideSNP_6_B09_932688	12	132132584	132133226	8	0.9191
MAULS_p_TCGA_189_190_SNP_N_GenomeWideSNP_6_B09_932688	12	132133269	133778189	577	0.0925
MAULS_p_TCGA_189_190_SNP_N_GenomeWideSNP_6_B09_932688	13	19026949	38071135	13566	0.0529
MAULS_p_TCGA_189_190_SNP_N_GenomeWideSNP_6_B09_932688	13	38072036	38084757	16	-2.5922
MAULS_p_TCGA_189_190_SNP_N_GenomeWideSNP_6_B09_932688	13	38088330	64451552	16506	0.0545
MAULS_p_TCGA_189_190_SNP_N_GenomeWideSNP_6_B09_932688	13	64451621	64486119	22	-0.3906
MAULS_p_TCGA_189_190_SNP_N_GenomeWideSNP_6_B09_932688	13	64486134	98930839	22297	0.0493
MAULS_p_TCGA_189_190_SNP_N_GenomeWideSNP_6_B09_932688	13	98931784	98939167	14	0.6229
MAULS_p_TCGA_189_190_SNP_N_GenomeWideSNP_6_B09_932688	13	98941896	115108397	11887	0.0489
MAULS_p_TCGA_189_190_SNP_N_GenomeWideSNP_6_B09_932688	14	19002124	20550347	282	0.2061
MAULS_p_TCGA_189_190_SNP_N_GenomeWideSNP_6_B09_932688	14	20550540	20555196	3	-1.3298
MAULS_p_TCGA_189_190_SNP_N_GenomeWideSNP_6_B09_932688	14	20557267	23921587	2296	0.0967
MAULS_p_TCGA_189_190_SNP_N_GenomeWideSNP_6_B09_932688	14	23922189	23933013	4	1.4076
MAULS_p_TCGA_189_190_SNP_N_GenomeWideSNP_6_B09_932688	14	23935837	28481494	2961	0.0607
MAULS_p_TCGA_189_190_SNP_N_GenomeWideSNP_6_B09_932688	14	28483861	28484030	2	-1.8679
MAULS_p_TCGA_189_190_SNP_N_GenomeWideSNP_6_B09_932688	14	28484921	74001123	28775	0.0586
MAULS_p_TCGA_189_190_SNP_N_GenomeWideSNP_6_B09_932688	14	74006707	74029900	9	-1.8293
MAULS_p_TCGA_189_190_SNP_N_GenomeWideSNP_6_B09_932688	14	74029915	106460902	20788	0.0631
MAULS_p_TCGA_189_190_SNP_N_GenomeWideSNP_6_B09_932688	14	106479675	106479941	2	-2.4755
MAULS_p_TCGA_189_190_SNP_N_GenomeWideSNP_6_B09_932688	14	106482128	106777343	139	0.1132
MAULS_p_TCGA_189_190_SNP_N_GenomeWideSNP_6_B09_932688	14	106783044	106802053	8	-0.9284
MAULS_p_TCGA_189_190_SNP_N_GenomeWideSNP_6_B09_932688	14	106815943	106879831	34	-0.0083
MAULS_p_TCGA_189_190_SNP_N_GenomeWideSNP_6_B09_932688	14	106881352	106918108	50	-0.7156
MAULS_p_TCGA_189_190_SNP_N_GenomeWideSNP_6_B09_932688	14	106918649	107285437	224	0.1118
MAULS_p_TCGA_189_190_SNP_N_GenomeWideSNP_6_B09_932688	15	20016328	76891511	34353	0.0658
MAULS_p_TCGA_189_190_SNP_N_GenomeWideSNP_6_B09_932688	15	76891627	76895774	19	-2.2417
MAULS_p_TCGA_189_190_SNP_N_GenomeWideSNP_6_B09_932688	15	76895775	102469040	17692	0.0576
MAULS_p_TCGA_189_190_SNP_N_GenomeWideSNP_6_B09_932688	16	60777	854689	319	0.1117
MAULS_p_TCGA_189_190_SNP_N_GenomeWideSNP_6_B09_932688	16	862833	1297720	107	0.3877
MAULS_p_TCGA_189_190_SNP_N_GenomeWideSNP_6_B09_932688	16	1320593	32028306	19637	0.0861
MAULS_p_TCGA_189_190_SNP_N_GenomeWideSNP_6_B09_932688	16	32033386	33644022	260	-0.1996
MAULS_p_TCGA_189_190_SNP_N_GenomeWideSNP_6_B09_932688	16	33644292	55793078	6983	0.07
MAULS_p_TCGA_189_190_SNP_N_GenomeWideSNP_6_B09_932688	16	55794951	55842354	28	-0.5606
MAULS_p_TCGA_189_190_SNP_N_GenomeWideSNP_6_B09_932688	16	55842382	55858793	13	0.6761
MAULS_p_TCGA_189_190_SNP_N_GenomeWideSNP_6_B09_932688	16	55868439	70151527	8744	0.0659
MAULS_p_TCGA_189_190_SNP_N_GenomeWideSNP_6_B09_932688	16	70151560	70245925	19	0.7027
MAULS_p_TCGA_189_190_SNP_N_GenomeWideSNP_6_B09_932688	16	70246333	74364849	2419	0.0792
MAULS_p_TCGA_189_190_SNP_N_GenomeWideSNP_6_B09_932688	16	74368691	74456601	13	0.7051
MAULS_p_TCGA_189_190_SNP_N_GenomeWideSNP_6_B09_932688	16	74465396	78371608	3209	0.0721
MAULS_p_TCGA_189_190_SNP_N_GenomeWideSNP_6_B09_932688	16	78372440	78384738	16	-2.7336
MAULS_p_TCGA_189_190_SNP_N_GenomeWideSNP_6_B09_932688	16	78384765	80666221	2748	0.0644
MAULS_p_TCGA_189_190_SNP_N_GenomeWideSNP_6_B09_932688	16	80666388	80672429	3	-1.4707
MAULS_p_TCGA_189_190_SNP_N_GenomeWideSNP_6_B09_932688	16	80672704	90287535	7892	0.0821
MAULS_p_TCGA_189_190_SNP_N_GenomeWideSNP_6_B09_932688	17	526	15279692	9896	0.0606
MAULS_p_TCGA_189_190_SNP_N_GenomeWideSNP_6_B09_932688	17	15280642	15283859	2	-1.7288
MAULS_p_TCGA_189_190_SNP_N_GenomeWideSNP_6_B09_932688	17	15283969	18319862	1542	0.0621
MAULS_p_TCGA_189_190_SNP_N_GenomeWideSNP_6_B09_932688	17	18355392	18411923	17	0.7235
MAULS_p_TCGA_189_190_SNP_N_GenomeWideSNP_6_B09_932688	17	18412558	39418372	9506	0.0717
MAULS_p_TCGA_189_190_SNP_N_GenomeWideSNP_6_B09_932688	17	39421685	39430531	26	1.367
MAULS_p_TCGA_189_190_SNP_N_GenomeWideSNP_6_B09_932688	17	39432724	44213204	2548	0.0741
MAULS_p_TCGA_189_190_SNP_N_GenomeWideSNP_6_B09_932688	17	44213712	44764994	137	-0.4307
MAULS_p_TCGA_189_190_SNP_N_GenomeWideSNP_6_B09_932688	17	44784652	55687489	7010	0.0678
MAULS_p_TCGA_189_190_SNP_N_GenomeWideSNP_6_B09_932688	17	55688333	55688993	2	-2.3465
MAULS_p_TCGA_189_190_SNP_N_GenomeWideSNP_6_B09_932688	17	55691993	81049726	14603	0.0668
MAULS_p_TCGA_189_190_SNP_N_GenomeWideSNP_6_B09_932688	18	11543	8118484	5822	-0.5447
MAULS_p_TCGA_189_190_SNP_N_GenomeWideSNP_6_B09_932688	18	8119711	8119769	2	-4.6163
MAULS_p_TCGA_189_190_SNP_N_GenomeWideSNP_6_B09_932688	18	8119784	52491629	26572	-0.5351
MAULS_p_TCGA_189_190_SNP_N_GenomeWideSNP_6_B09_932688	18	52491791	52491880	2	-4.0491
MAULS_p_TCGA_189_190_SNP_N_GenomeWideSNP_6_B09_932688	18	52492395	78015057	18235	-0.552
MAULS_p_TCGA_189_190_SNP_N_GenomeWideSNP_6_B09_932688	19	90910	260912	10	0.5248
MAULS_p_TCGA_189_190_SNP_N_GenomeWideSNP_6_B09_932688	19	260970	348743	48	0.0404
MAULS_p_TCGA_189_190_SNP_N_GenomeWideSNP_6_B09_932688	19	352488	1022403	146	0.4817
MAULS_p_TCGA_189_190_SNP_N_GenomeWideSNP_6_B09_932688	19	1022781	24596750	11056	0.094
MAULS_p_TCGA_189_190_SNP_N_GenomeWideSNP_6_B09_932688	19	27747993	35849322	5528	-0.5079
MAULS_p_TCGA_189_190_SNP_N_GenomeWideSNP_6_B09_932688	19	35849493	35861848	22	0.2099
MAULS_p_TCGA_189_190_SNP_N_GenomeWideSNP_6_B09_932688	19	35866744	48527582	6319	-0.4645
MAULS_p_TCGA_189_190_SNP_N_GenomeWideSNP_6_B09_932688	19	48527604	48528656	2	-3.1199
MAULS_p_TCGA_189_190_SNP_N_GenomeWideSNP_6_B09_932688	19	48530430	59097854	6156	-0.4812
MAULS_p_TCGA_189_190_SNP_N_GenomeWideSNP_6_B09_932688	20	61305	1557190	1187	0.0875
MAULS_p_TCGA_189_190_SNP_N_GenomeWideSNP_6_B09_932688	20	1557219	1580537	53	-0.7381
MAULS_p_TCGA_189_190_SNP_N_GenomeWideSNP_6_B09_932688	20	1581768	62956153	41242	0.073
MAULS_p_TCGA_189_190_SNP_N_GenomeWideSNP_6_B09_932688	21	10736871	37927798	16954	0.0581
MAULS_p_TCGA_189_190_SNP_N_GenomeWideSNP_6_B09_932688	21	37927972	37929312	2	-2.3944
MAULS_p_TCGA_189_190_SNP_N_GenomeWideSNP_6_B09_932688	21	37930129	44382826	5319	0.0684
MAULS_p_TCGA_189_190_SNP_N_GenomeWideSNP_6_B09_932688	21	44383252	44546802	120	0.4523
MAULS_p_TCGA_189_190_SNP_N_GenomeWideSNP_6_B09_932688	21	44547247	45479055	521	0.0778
MAULS_p_TCGA_189_190_SNP_N_GenomeWideSNP_6_B09_932688	21	45485997	45557192	39	0.5409
MAULS_p_TCGA_189_190_SNP_N_GenomeWideSNP_6_B09_932688	21	45566507	48096957	1446	0.1033
MAULS_p_TCGA_189_190_SNP_N_GenomeWideSNP_6_B09_932688	22	16052528	25736676	5520	0.0882
MAULS_p_TCGA_189_190_SNP_N_GenomeWideSNP_6_B09_932688	22	25736677	25736678	2	2.151
MAULS_p_TCGA_189_190_SNP_N_GenomeWideSNP_6_B09_932688	22	25745901	35167697	7333	0.0767
MAULS_p_TCGA_189_190_SNP_N_GenomeWideSNP_6_B09_932688	22	35169509	35875018	587	0.4702
MAULS_p_TCGA_189_190_SNP_N_GenomeWideSNP_6_B09_932688	22	35875451	42890745	3986	0.0881
MAULS_p_TCGA_189_190_SNP_N_GenomeWideSNP_6_B09_932688	22	42892333	42955431	30	0.5606
MAULS_p_TCGA_189_190_SNP_N_GenomeWideSNP_6_B09_932688	22	42955788	42977190	10	-0.7641
MAULS_p_TCGA_189_190_SNP_N_GenomeWideSNP_6_B09_932688	22	42980051	51234455	6097	0.0786
MAULS_p_TCGA_189_190_SNP_N_GenomeWideSNP_6_B09_932688	X	168477	5602110	2271	-0.009
MAULS_p_TCGA_189_190_SNP_N_GenomeWideSNP_6_B09_932688	X	5602261	5618892	17	-0.6021
MAULS_p_TCGA_189_190_SNP_N_GenomeWideSNP_6_B09_932688	X	5620231	76349873	37851	0.003
MAULS_p_TCGA_189_190_SNP_N_GenomeWideSNP_6_B09_932688	X	76353650	76523952	17	1.0859
MAULS_p_TCGA_189_190_SNP_N_GenomeWideSNP_6_B09_932688	X	76545159	155182354	44413	0.0015
MAULS_p_TCGA_189_190_SNP_N_GenomeWideSNP_6_B09_932688	Y	2650438	2915500	134	-3.2215
MAULS_p_TCGA_189_190_SNP_N_GenomeWideSNP_6_B09_932688	Y	2915759	6101425	738	-2.5207
MAULS_p_TCGA_189_190_SNP_N_GenomeWideSNP_6_B09_932688	Y	6107901	6424299	128	-3.8986
MAULS_p_TCGA_189_190_SNP_N_GenomeWideSNP_6_B09_932688	Y	6426233	7399842	425	-2.9844
MAULS_p_TCGA_189_190_SNP_N_GenomeWideSNP_6_B09_932688	Y	7400746	15590276	2154	-3.3097
MAULS_p_TCGA_189_190_SNP_N_GenomeWideSNP_6_B09_932688	Y	15590342	15594523	3	-7.7452
MAULS_p_TCGA_189_190_SNP_N_GenomeWideSNP_6_B09_932688	Y	15594889	19063565	1842	-3.2727
MAULS_p_TCGA_189_190_SNP_N_GenomeWideSNP_6_B09_932688	Y	19068122	19291359	95	-3.8316
MAULS_p_TCGA_189_190_SNP_N_GenomeWideSNP_6_B09_932688	Y	19291648	19897503	291	-3.3369
MAULS_p_TCGA_189_190_SNP_N_GenomeWideSNP_6_B09_932688	Y	19898025	21024613	526	-3.8368
MAULS_p_TCGA_189_190_SNP_N_GenomeWideSNP_6_B09_932688	Y	21025062	23859163	1085	-3.3334
MAULS_p_TCGA_189_190_SNP_N_GenomeWideSNP_6_B09_932688	Y	23859468	26222820	514	-3.6883
MAULS_p_TCGA_189_190_SNP_N_GenomeWideSNP_6_B09_932688	Y	26223131	26510575	79	-2.7774
MAULS_p_TCGA_189_190_SNP_N_GenomeWideSNP_6_B09_932688	Y	26510799	27315972	94	-4.0275
MAULS_p_TCGA_189_190_SNP_N_GenomeWideSNP_6_B09_932688	Y	27367487	27695095	88	-2.7787
MAULS_p_TCGA_189_190_SNP_N_GenomeWideSNP_6_B09_932688	Y	27717799	28452016	263	-3.8188
MAULS_p_TCGA_189_190_SNP_N_GenomeWideSNP_6_B09_932688	Y	28457337	59018259	176	-2.7101
