GDC_Aliquot	Chromosome	Start	End	Num_Probes	Segment_Mean
0b3f3933-cdc3-4375-a494-933702c24bfe	1	62920	72303233	42794	0.0214
0b3f3933-cdc3-4375-a494-933702c24bfe	1	72303253	72346221	46	-0.8532
0b3f3933-cdc3-4375-a494-933702c24bfe	1	72346757	81726849	6064	0.012
0b3f3933-cdc3-4375-a494-933702c24bfe	1	81727075	81728200	2	1.2574
0b3f3933-cdc3-4375-a494-933702c24bfe	1	81737703	101178654	12454	0.013
0b3f3933-cdc3-4375-a494-933702c24bfe	1	101182772	101189736	2	-1.9452
0b3f3933-cdc3-4375-a494-933702c24bfe	1	101190114	152583051	14684	0.0217
0b3f3933-cdc3-4375-a494-933702c24bfe	1	152583230	152618018	36	1.0856
0b3f3933-cdc3-4375-a494-933702c24bfe	1	152618089	152789570	171	0.0089
0b3f3933-cdc3-4375-a494-933702c24bfe	1	152789781	152795783	27	0.5467
0b3f3933-cdc3-4375-a494-933702c24bfe	1	152795805	158989785	3684	0.0274
0b3f3933-cdc3-4375-a494-933702c24bfe	1	158992249	158993006	2	-1.3543
0b3f3933-cdc3-4375-a494-933702c24bfe	1	158997074	163322572	2963	0.0231
0b3f3933-cdc3-4375-a494-933702c24bfe	1	163324544	163324738	3	-0.9098
0b3f3933-cdc3-4375-a494-933702c24bfe	1	163325544	169247699	4637	0.0176
0b3f3933-cdc3-4375-a494-933702c24bfe	1	169264736	169272528	7	1.0092
0b3f3933-cdc3-4375-a494-933702c24bfe	1	169273163	209897717	27027	0.0164
0b3f3933-cdc3-4375-a494-933702c24bfe	1	209908268	209910639	3	-2.6662
0b3f3933-cdc3-4375-a494-933702c24bfe	1	209913207	248930189	27028	0.0156
0b3f3933-cdc3-4375-a494-933702c24bfe	2	12784	4158097	2987	0.0411
0b3f3933-cdc3-4375-a494-933702c24bfe	2	4166274	4176429	42	-0.6655
0b3f3933-cdc3-4375-a494-933702c24bfe	2	4182472	30251389	18288	0.0266
0b3f3933-cdc3-4375-a494-933702c24bfe	2	30255307	30256230	3	-1.022
0b3f3933-cdc3-4375-a494-933702c24bfe	2	30256991	34476327	2779	0.0293
0b3f3933-cdc3-4375-a494-933702c24bfe	2	34476516	34511446	43	-0.321
0b3f3933-cdc3-4375-a494-933702c24bfe	2	34511990	35761650	875	0.0383
0b3f3933-cdc3-4375-a494-933702c24bfe	2	35761842	35762881	3	1.0376
0b3f3933-cdc3-4375-a494-933702c24bfe	2	35772407	52527330	12126	0.0222
0b3f3933-cdc3-4375-a494-933702c24bfe	2	52527342	52554404	39	-3.2716
0b3f3933-cdc3-4375-a494-933702c24bfe	2	52560811	146104517	53271	0.0248
0b3f3933-cdc3-4375-a494-933702c24bfe	2	146106836	146109366	24	0.8103
0b3f3933-cdc3-4375-a494-933702c24bfe	2	146120238	193823021	28879	0.0211
0b3f3933-cdc3-4375-a494-933702c24bfe	2	193825580	193829074	2	2.42
0b3f3933-cdc3-4375-a494-933702c24bfe	2	193837590	207486030	8099	0.0252
0b3f3933-cdc3-4375-a494-933702c24bfe	2	207490188	207494795	20	-0.8244
0b3f3933-cdc3-4375-a494-933702c24bfe	2	207494836	207664950	91	0.0444
0b3f3933-cdc3-4375-a494-933702c24bfe	2	207665311	207665381	2	1.3084
0b3f3933-cdc3-4375-a494-933702c24bfe	2	207668388	242147305	21998	0.0245
0b3f3933-cdc3-4375-a494-933702c24bfe	3	20930	6139435	5372	-0.374
0b3f3933-cdc3-4375-a494-933702c24bfe	3	6141782	6143031	3	-1.8009
0b3f3933-cdc3-4375-a494-933702c24bfe	3	6143890	60501157	35836	-0.3805
0b3f3933-cdc3-4375-a494-933702c24bfe	3	60501281	60638982	172	0.106
0b3f3933-cdc3-4375-a494-933702c24bfe	3	60639082	60716449	74	-0.3803
0b3f3933-cdc3-4375-a494-933702c24bfe	3	60716464	61010264	294	0.0729
0b3f3933-cdc3-4375-a494-933702c24bfe	3	61010548	61033807	18	-0.448
0b3f3933-cdc3-4375-a494-933702c24bfe	3	61035239	61431288	321	0.0338
0b3f3933-cdc3-4375-a494-933702c24bfe	3	61436602	61658693	193	-0.3848
0b3f3933-cdc3-4375-a494-933702c24bfe	3	61662199	68697013	5512	0.0221
0b3f3933-cdc3-4375-a494-933702c24bfe	3	68697108	68698262	14	-2.0587
0b3f3933-cdc3-4375-a494-933702c24bfe	3	68699607	75366712	4871	0.0188
0b3f3933-cdc3-4375-a494-933702c24bfe	3	75372019	75590356	75	-0.8313
0b3f3933-cdc3-4375-a494-933702c24bfe	3	75596233	119012086	23264	0.0165
0b3f3933-cdc3-4375-a494-933702c24bfe	3	119014263	119036472	13	0.6117
0b3f3933-cdc3-4375-a494-933702c24bfe	3	119051205	119098846	28	1.0047
0b3f3933-cdc3-4375-a494-933702c24bfe	3	119099194	119101810	3	0.5428
0b3f3933-cdc3-4375-a494-933702c24bfe	3	119107036	123220310	2337	0.0224
0b3f3933-cdc3-4375-a494-933702c24bfe	3	123221530	123222108	2	-1.1133
0b3f3933-cdc3-4375-a494-933702c24bfe	3	123225512	130047743	4076	0.0245
0b3f3933-cdc3-4375-a494-933702c24bfe	3	130057015	130079938	31	0.4766
0b3f3933-cdc3-4375-a494-933702c24bfe	3	130080170	132273893	1443	0.018
0b3f3933-cdc3-4375-a494-933702c24bfe	3	132273929	132276840	3	-1.8073
0b3f3933-cdc3-4375-a494-933702c24bfe	3	132281633	143566923	6927	0.0116
0b3f3933-cdc3-4375-a494-933702c24bfe	3	143566958	143567132	4	1.5397
0b3f3933-cdc3-4375-a494-933702c24bfe	3	143567959	162807070	11914	0.021
0b3f3933-cdc3-4375-a494-933702c24bfe	3	162810842	162822702	10	-1.4548
0b3f3933-cdc3-4375-a494-933702c24bfe	3	162827928	171789161	5260	0.0219
0b3f3933-cdc3-4375-a494-933702c24bfe	3	171789488	172004018	138	0.1508
0b3f3933-cdc3-4375-a494-933702c24bfe	3	172005533	189642965	11321	0.0196
0b3f3933-cdc3-4375-a494-933702c24bfe	3	189645889	189653225	13	-0.8055
0b3f3933-cdc3-4375-a494-933702c24bfe	3	189654562	193160256	2493	0.0117
0b3f3933-cdc3-4375-a494-933702c24bfe	3	193160406	193165114	17	-1.1815
0b3f3933-cdc3-4375-a494-933702c24bfe	3	193168646	193856142	464	0.0026
0b3f3933-cdc3-4375-a494-933702c24bfe	3	193861172	193862597	4	-0.7932
0b3f3933-cdc3-4375-a494-933702c24bfe	3	193863470	195474595	996	0.022
0b3f3933-cdc3-4375-a494-933702c24bfe	3	195514028	195974457	149	0.5406
0b3f3933-cdc3-4375-a494-933702c24bfe	3	195982791	197099553	550	0.0451
0b3f3933-cdc3-4375-a494-933702c24bfe	3	197099818	197099906	2	1.1651
0b3f3933-cdc3-4375-a494-933702c24bfe	3	197103658	198169247	529	0.0604
0b3f3933-cdc3-4375-a494-933702c24bfe	4	68929	5631961	2826	0.0235
0b3f3933-cdc3-4375-a494-933702c24bfe	4	5634378	5634816	2	-1.0857
0b3f3933-cdc3-4375-a494-933702c24bfe	4	5636789	9455251	2331	0.0189
0b3f3933-cdc3-4375-a494-933702c24bfe	4	9459504	9477699	6	-1.1099
0b3f3933-cdc3-4375-a494-933702c24bfe	4	9484440	10208322	533	0.0205
0b3f3933-cdc3-4375-a494-933702c24bfe	4	10208339	10229874	34	0.4449
0b3f3933-cdc3-4375-a494-933702c24bfe	4	10232590	10389091	178	0.0372
0b3f3933-cdc3-4375-a494-933702c24bfe	4	10390730	10398887	15	-0.5332
0b3f3933-cdc3-4375-a494-933702c24bfe	4	10399044	34768684	16784	0.0164
0b3f3933-cdc3-4375-a494-933702c24bfe	4	34771893	34837370	55	0.3254
0b3f3933-cdc3-4375-a494-933702c24bfe	4	34839673	48092517	8327	0.0179
0b3f3933-cdc3-4375-a494-933702c24bfe	4	48093110	49656206	660	0.0862
0b3f3933-cdc3-4375-a494-933702c24bfe	4	49656595	60461594	5666	0.0122
0b3f3933-cdc3-4375-a494-933702c24bfe	4	60464276	60465899	2	1.0935
0b3f3933-cdc3-4375-a494-933702c24bfe	4	60469846	61071220	396	0.0124
0b3f3933-cdc3-4375-a494-933702c24bfe	4	61075217	61076234	2	1.6412
0b3f3933-cdc3-4375-a494-933702c24bfe	4	61079968	62802116	938	0.0163
0b3f3933-cdc3-4375-a494-933702c24bfe	4	62804218	62805944	8	-0.5229
0b3f3933-cdc3-4375-a494-933702c24bfe	4	62813912	63828222	556	0.031
0b3f3933-cdc3-4375-a494-933702c24bfe	4	63831751	63841887	22	-1.4061
0b3f3933-cdc3-4375-a494-933702c24bfe	4	63842036	63842540	6	-3.0719
0b3f3933-cdc3-4375-a494-933702c24bfe	4	63850713	68378716	2852	0.0146
0b3f3933-cdc3-4375-a494-933702c24bfe	4	68389352	68422424	10	1.1933
0b3f3933-cdc3-4375-a494-933702c24bfe	4	68429081	68506285	12	0.1396
0b3f3933-cdc3-4375-a494-933702c24bfe	4	68509223	68616004	60	-0.3804
0b3f3933-cdc3-4375-a494-933702c24bfe	4	68618331	86054941	10814	0.0152
0b3f3933-cdc3-4375-a494-933702c24bfe	4	86055238	86058791	19	-0.701
0b3f3933-cdc3-4375-a494-933702c24bfe	4	86058936	107130343	12427	0.0119
0b3f3933-cdc3-4375-a494-933702c24bfe	4	107144594	107155376	38	-0.6579
0b3f3933-cdc3-4375-a494-933702c24bfe	4	107156277	114252544	4407	0.0057
0b3f3933-cdc3-4375-a494-933702c24bfe	4	114254167	114261019	23	-1.7023
0b3f3933-cdc3-4375-a494-933702c24bfe	4	114263073	137161484	13236	0.0083
0b3f3933-cdc3-4375-a494-933702c24bfe	4	137163263	137172260	20	0.3829
0b3f3933-cdc3-4375-a494-933702c24bfe	4	137173804	141050018	2675	0.0077
0b3f3933-cdc3-4375-a494-933702c24bfe	4	141052676	141053153	3	-1.6668
0b3f3933-cdc3-4375-a494-933702c24bfe	4	141056157	148450114	4335	0.0084
0b3f3933-cdc3-4375-a494-933702c24bfe	4	148452206	148452236	2	-1.3184
0b3f3933-cdc3-4375-a494-933702c24bfe	4	148454025	154881396	3777	0.0136
0b3f3933-cdc3-4375-a494-933702c24bfe	4	154881853	154881926	3	0.9997
0b3f3933-cdc3-4375-a494-933702c24bfe	4	154882047	155145407	176	0.0068
0b3f3933-cdc3-4375-a494-933702c24bfe	4	155147382	155148537	3	-2.3935
0b3f3933-cdc3-4375-a494-933702c24bfe	4	155148727	155966937	604	0.0078
0b3f3933-cdc3-4375-a494-933702c24bfe	4	155967088	155967367	4	-1.0981
0b3f3933-cdc3-4375-a494-933702c24bfe	4	155969109	156035480	52	0.0202
0b3f3933-cdc3-4375-a494-933702c24bfe	4	156046823	156052053	16	-0.7609
0b3f3933-cdc3-4375-a494-933702c24bfe	4	156053545	160946924	3047	0.0086
0b3f3933-cdc3-4375-a494-933702c24bfe	4	160950451	160964121	49	0.2548
0b3f3933-cdc3-4375-a494-933702c24bfe	4	160964151	166443793	3532	0.0125
0b3f3933-cdc3-4375-a494-933702c24bfe	4	166446445	166447660	3	-1.1451
0b3f3933-cdc3-4375-a494-933702c24bfe	4	166447867	171448195	3121	0.0216
0b3f3933-cdc3-4375-a494-933702c24bfe	4	171453733	171456559	10	-0.9601
0b3f3933-cdc3-4375-a494-933702c24bfe	4	171456573	172066777	399	0.0067
0b3f3933-cdc3-4375-a494-933702c24bfe	4	172067997	172068382	12	-1.7273
0b3f3933-cdc3-4375-a494-933702c24bfe	4	172074828	188300104	10935	0.0196
0b3f3933-cdc3-4375-a494-933702c24bfe	4	188300206	188300221	2	-2.041
0b3f3933-cdc3-4375-a494-933702c24bfe	4	188300270	190106768	1144	0.0794
0b3f3933-cdc3-4375-a494-933702c24bfe	5	15532	896700	371	0.0122
0b3f3933-cdc3-4375-a494-933702c24bfe	5	905586	908425	3	-1.1571
0b3f3933-cdc3-4375-a494-933702c24bfe	5	913276	1772275	468	0.021
0b3f3933-cdc3-4375-a494-933702c24bfe	5	1773359	1778392	3	-1.1578
0b3f3933-cdc3-4375-a494-933702c24bfe	5	1778664	12800777	9348	0.013
0b3f3933-cdc3-4375-a494-933702c24bfe	5	12815668	12819964	9	-2.2427
0b3f3933-cdc3-4375-a494-933702c24bfe	5	12824299	21304436	5433	0.0161
0b3f3933-cdc3-4375-a494-933702c24bfe	5	21304579	21308123	4	-0.9815
0b3f3933-cdc3-4375-a494-933702c24bfe	5	21312104	21376735	30	0.1103
0b3f3933-cdc3-4375-a494-933702c24bfe	5	21377730	21377744	2	-2.3866
0b3f3933-cdc3-4375-a494-933702c24bfe	5	21385957	21449167	44	0.0588
0b3f3933-cdc3-4375-a494-933702c24bfe	5	21451091	21452329	5	-1.6196
0b3f3933-cdc3-4375-a494-933702c24bfe	5	21452387	25046598	2075	0.0031
0b3f3933-cdc3-4375-a494-933702c24bfe	5	25053311	25053532	3	-1.1953
0b3f3933-cdc3-4375-a494-933702c24bfe	5	25053895	34259309	5855	0.0107
0b3f3933-cdc3-4375-a494-933702c24bfe	5	34264242	34264450	3	-1.6394
0b3f3933-cdc3-4375-a494-933702c24bfe	5	34266449	58033703	12107	0.017
0b3f3933-cdc3-4375-a494-933702c24bfe	5	58033756	58036204	13	-0.1843
0b3f3933-cdc3-4375-a494-933702c24bfe	5	58036233	58037688	13	-0.5976
0b3f3933-cdc3-4375-a494-933702c24bfe	5	58037706	82122944	14204	0.0129
0b3f3933-cdc3-4375-a494-933702c24bfe	5	82123459	82131663	3	-3.0556
0b3f3933-cdc3-4375-a494-933702c24bfe	5	82132219	87636540	3149	0.0068
0b3f3933-cdc3-4375-a494-933702c24bfe	5	87637149	104515520	9487	0.3122
0b3f3933-cdc3-4375-a494-933702c24bfe	5	104524672	104524903	4	1.4981
0b3f3933-cdc3-4375-a494-933702c24bfe	5	104525348	110137730	3631	0.3141
0b3f3933-cdc3-4375-a494-933702c24bfe	5	110140022	110150753	10	0.9162
0b3f3933-cdc3-4375-a494-933702c24bfe	5	110152186	111330706	690	0.3196
0b3f3933-cdc3-4375-a494-933702c24bfe	5	111332435	111416509	52	0.545
0b3f3933-cdc3-4375-a494-933702c24bfe	5	111416612	111441950	31	0.2637
0b3f3933-cdc3-4375-a494-933702c24bfe	5	111444131	112412938	700	0.5395
0b3f3933-cdc3-4375-a494-933702c24bfe	5	112413302	115518988	2353	0.3064
0b3f3933-cdc3-4375-a494-933702c24bfe	5	115527109	115663033	74	0.0348
0b3f3933-cdc3-4375-a494-933702c24bfe	5	115671727	117752726	1652	0.3099
0b3f3933-cdc3-4375-a494-933702c24bfe	5	117753659	118009029	165	0.5468
0b3f3933-cdc3-4375-a494-933702c24bfe	5	118012812	118043633	22	0.2957
0b3f3933-cdc3-4375-a494-933702c24bfe	5	118043986	118046629	2	-0.793
0b3f3933-cdc3-4375-a494-933702c24bfe	5	118050394	120101763	1324	0.2999
0b3f3933-cdc3-4375-a494-933702c24bfe	5	120103068	121028716	611	0.5565
0b3f3933-cdc3-4375-a494-933702c24bfe	5	121030153	123616302	1667	0.3139
0b3f3933-cdc3-4375-a494-933702c24bfe	5	123621470	123980883	241	0.5252
0b3f3933-cdc3-4375-a494-933702c24bfe	5	123981016	180947523	36847	0.3085
0b3f3933-cdc3-4375-a494-933702c24bfe	5	180951710	180991103	19	0.7607
0b3f3933-cdc3-4375-a494-933702c24bfe	5	181006225	181363319	170	0.3663
0b3f3933-cdc3-4375-a494-933702c24bfe	6	149661	203878	33	0.1835
0b3f3933-cdc3-4375-a494-933702c24bfe	6	204023	205920	5	-0.5915
0b3f3933-cdc3-4375-a494-933702c24bfe	6	205947	253861	61	0.0822
0b3f3933-cdc3-4375-a494-933702c24bfe	6	254267	382559	102	0.3484
0b3f3933-cdc3-4375-a494-933702c24bfe	6	382897	23833219	18085	0.0209
0b3f3933-cdc3-4375-a494-933702c24bfe	6	23833764	23835115	2	-1.6733
0b3f3933-cdc3-4375-a494-933702c24bfe	6	23835765	29869295	3371	0.0245
0b3f3933-cdc3-4375-a494-933702c24bfe	6	29869410	29907031	24	-0.7305
0b3f3933-cdc3-4375-a494-933702c24bfe	6	29909182	32463515	1163	0.0132
0b3f3933-cdc3-4375-a494-933702c24bfe	6	32463775	32570802	29	-0.7662
0b3f3933-cdc3-4375-a494-933702c24bfe	6	32572834	33970222	837	0.0442
0b3f3933-cdc3-4375-a494-933702c24bfe	6	33970966	33974928	7	-1.2431
0b3f3933-cdc3-4375-a494-933702c24bfe	6	33976809	53642829	12546	0.0244
0b3f3933-cdc3-4375-a494-933702c24bfe	6	53642976	53643529	3	-1.4171
0b3f3933-cdc3-4375-a494-933702c24bfe	6	53643874	54066269	344	0.0068
0b3f3933-cdc3-4375-a494-933702c24bfe	6	54066286	54067057	8	-1.3376
0b3f3933-cdc3-4375-a494-933702c24bfe	6	54070550	57434226	1996	0.0106
0b3f3933-cdc3-4375-a494-933702c24bfe	6	57434511	61563957	593	0.0809
0b3f3933-cdc3-4375-a494-933702c24bfe	6	61566390	64175445	1379	-0.0039
0b3f3933-cdc3-4375-a494-933702c24bfe	6	64175965	64177807	2	-1.287
0b3f3933-cdc3-4375-a494-933702c24bfe	6	64178031	68976737	3271	0.0099
0b3f3933-cdc3-4375-a494-933702c24bfe	6	68977806	68981476	4	-1.0239
0b3f3933-cdc3-4375-a494-933702c24bfe	6	68987514	72098900	2018	0.0055
0b3f3933-cdc3-4375-a494-933702c24bfe	6	72099253	72099268	2	-1.1537
0b3f3933-cdc3-4375-a494-933702c24bfe	6	72099280	72864048	501	0.0188
0b3f3933-cdc3-4375-a494-933702c24bfe	6	72864501	72865445	2	-1.2882
0b3f3933-cdc3-4375-a494-933702c24bfe	6	72865545	73882142	621	0.0065
0b3f3933-cdc3-4375-a494-933702c24bfe	6	73882509	73885038	7	0.8682
0b3f3933-cdc3-4375-a494-933702c24bfe	6	73887573	76305231	1474	0.0032
0b3f3933-cdc3-4375-a494-933702c24bfe	6	76307183	76307209	3	-1.1663
0b3f3933-cdc3-4375-a494-933702c24bfe	6	76307276	76708370	279	-0.0131
0b3f3933-cdc3-4375-a494-933702c24bfe	6	76708490	76708515	2	-1.1145
0b3f3933-cdc3-4375-a494-933702c24bfe	6	76710479	76726815	15	0.042
0b3f3933-cdc3-4375-a494-933702c24bfe	6	76730151	76742956	19	-4.0002
0b3f3933-cdc3-4375-a494-933702c24bfe	6	76742972	76743040	2	-1.5199
0b3f3933-cdc3-4375-a494-933702c24bfe	6	76751356	76773045	33	-0.0143
0b3f3933-cdc3-4375-a494-933702c24bfe	6	76773069	76780074	4	0.5295
0b3f3933-cdc3-4375-a494-933702c24bfe	6	76781244	77319910	316	-0.0198
0b3f3933-cdc3-4375-a494-933702c24bfe	6	77321320	77321416	3	0.8411
0b3f3933-cdc3-4375-a494-933702c24bfe	6	77322441	78262064	626	0.0299
0b3f3933-cdc3-4375-a494-933702c24bfe	6	78262085	78317642	100	0.4074
0b3f3933-cdc3-4375-a494-933702c24bfe	6	78317798	100672130	13947	0.0149
0b3f3933-cdc3-4375-a494-933702c24bfe	6	100673373	100782984	59	0.2109
0b3f3933-cdc3-4375-a494-933702c24bfe	6	100783037	113900791	8202	0.0131
0b3f3933-cdc3-4375-a494-933702c24bfe	6	113903677	113903852	2	-2.5753
0b3f3933-cdc3-4375-a494-933702c24bfe	6	113904647	118227934	2480	0.0173
0b3f3933-cdc3-4375-a494-933702c24bfe	6	118232005	118639296	229	0.135
0b3f3933-cdc3-4375-a494-933702c24bfe	6	118640252	119635036	578	-0.0031
0b3f3933-cdc3-4375-a494-933702c24bfe	6	119635579	119641621	2	-1.235
0b3f3933-cdc3-4375-a494-933702c24bfe	6	119647957	135014291	9841	0.0092
0b3f3933-cdc3-4375-a494-933702c24bfe	6	135021116	135022100	2	-1.7164
0b3f3933-cdc3-4375-a494-933702c24bfe	6	135028432	162125684	18367	0.0141
0b3f3933-cdc3-4375-a494-933702c24bfe	6	162130067	162130081	2	-1.2961
0b3f3933-cdc3-4375-a494-933702c24bfe	6	162131177	164058804	1506	0.0293
0b3f3933-cdc3-4375-a494-933702c24bfe	6	164059874	164059989	3	-1.339
0b3f3933-cdc3-4375-a494-933702c24bfe	6	164064324	170741917	4499	0.0202
0b3f3933-cdc3-4375-a494-933702c24bfe	7	43355	65765	29	0.005
0b3f3933-cdc3-4375-a494-933702c24bfe	7	68316	68659	2	-1.5187
0b3f3933-cdc3-4375-a494-933702c24bfe	7	79263	11561345	7243	0.0244
0b3f3933-cdc3-4375-a494-933702c24bfe	7	11565388	11565881	4	-1.3182
0b3f3933-cdc3-4375-a494-933702c24bfe	7	11566205	17065476	4474	-0.0035
0b3f3933-cdc3-4375-a494-933702c24bfe	7	17066393	17748192	563	0.077
0b3f3933-cdc3-4375-a494-933702c24bfe	7	17754106	18844340	788	-0.0144
0b3f3933-cdc3-4375-a494-933702c24bfe	7	18844567	19723855	923	0.0758
0b3f3933-cdc3-4375-a494-933702c24bfe	7	19724266	32102645	9124	0.0168
0b3f3933-cdc3-4375-a494-933702c24bfe	7	32104749	32123476	5	-1.343
0b3f3933-cdc3-4375-a494-933702c24bfe	7	32125901	72110729	22250	0.0125
0b3f3933-cdc3-4375-a494-933702c24bfe	7	72110772	72111259	3	-1.7848
0b3f3933-cdc3-4375-a494-933702c24bfe	7	72115790	109789870	21522	0.0118
0b3f3933-cdc3-4375-a494-933702c24bfe	7	109789993	109813925	41	0.5502
0b3f3933-cdc3-4375-a494-933702c24bfe	7	109814172	159334314	30874	0.013
0b3f3933-cdc3-4375-a494-933702c24bfe	8	81254	643041	322	0.0475
0b3f3933-cdc3-4375-a494-933702c24bfe	8	644944	645875	8	1.609
0b3f3933-cdc3-4375-a494-933702c24bfe	8	645892	645908	2	5.6183
0b3f3933-cdc3-4375-a494-933702c24bfe	8	656117	1020301	230	0.0123
0b3f3933-cdc3-4375-a494-933702c24bfe	8	1022081	1025854	4	-0.7352
0b3f3933-cdc3-4375-a494-933702c24bfe	8	1030038	1190588	117	0.0364
0b3f3933-cdc3-4375-a494-933702c24bfe	8	1192037	1196999	6	-0.8477
0b3f3933-cdc3-4375-a494-933702c24bfe	8	1197266	4310980	3406	0.0078
0b3f3933-cdc3-4375-a494-933702c24bfe	8	4311094	4311141	2	2.2125
0b3f3933-cdc3-4375-a494-933702c24bfe	8	4311442	8085660	3693	0.0287
0b3f3933-cdc3-4375-a494-933702c24bfe	8	8101440	8234503	13	-0.8958
0b3f3933-cdc3-4375-a494-933702c24bfe	8	8235660	11302380	2701	0.0053
0b3f3933-cdc3-4375-a494-933702c24bfe	8	11306619	11306667	2	-1.7425
0b3f3933-cdc3-4375-a494-933702c24bfe	8	11309724	12143614	524	-0.0135
0b3f3933-cdc3-4375-a494-933702c24bfe	8	12176798	12418301	32	0.4252
0b3f3933-cdc3-4375-a494-933702c24bfe	8	12419769	13722552	1022	-0.0018
0b3f3933-cdc3-4375-a494-933702c24bfe	8	13729046	13752181	43	0.2674
0b3f3933-cdc3-4375-a494-933702c24bfe	8	13752255	25117062	9359	0.0103
0b3f3933-cdc3-4375-a494-933702c24bfe	8	25117985	25126708	21	0.6235
0b3f3933-cdc3-4375-a494-933702c24bfe	8	25126735	38430945	8511	0.005
0b3f3933-cdc3-4375-a494-933702c24bfe	8	38432841	38432991	3	-1.0193
0b3f3933-cdc3-4375-a494-933702c24bfe	8	38433569	38459895	43	0.1453
0b3f3933-cdc3-4375-a494-933702c24bfe	8	38460400	38460830	6	-0.2837
0b3f3933-cdc3-4375-a494-933702c24bfe	8	38460898	38479714	28	0.253
0b3f3933-cdc3-4375-a494-933702c24bfe	8	38484098	39368332	425	0.0032
0b3f3933-cdc3-4375-a494-933702c24bfe	8	39368369	39372806	6	0.2592
0b3f3933-cdc3-4375-a494-933702c24bfe	8	39373140	39529446	60	0.6262
0b3f3933-cdc3-4375-a494-933702c24bfe	8	39530780	46609495	2766	0.0036
0b3f3933-cdc3-4375-a494-933702c24bfe	8	46613954	46624924	10	0.7026
0b3f3933-cdc3-4375-a494-933702c24bfe	8	46634473	57434031	6570	0.0164
0b3f3933-cdc3-4375-a494-933702c24bfe	8	57435642	57436438	4	-0.975
0b3f3933-cdc3-4375-a494-933702c24bfe	8	57437208	63936340	4299	0.0131
0b3f3933-cdc3-4375-a494-933702c24bfe	8	63936355	63936561	5	1.4263
0b3f3933-cdc3-4375-a494-933702c24bfe	8	63936953	78262264	8699	0.0076
0b3f3933-cdc3-4375-a494-933702c24bfe	8	78266379	78273089	5	-0.9462
0b3f3933-cdc3-4375-a494-933702c24bfe	8	78276379	84345754	3524	0.0157
0b3f3933-cdc3-4375-a494-933702c24bfe	8	84350648	84356431	19	-0.8147
0b3f3933-cdc3-4375-a494-933702c24bfe	8	84358447	111279265	16114	0.0203
0b3f3933-cdc3-4375-a494-933702c24bfe	8	111282050	111283016	9	-1.6518
0b3f3933-cdc3-4375-a494-933702c24bfe	8	111283031	118095528	4112	0.0161
0b3f3933-cdc3-4375-a494-933702c24bfe	8	118097656	118100839	3	1.2432
0b3f3933-cdc3-4375-a494-933702c24bfe	8	118100997	128744020	7553	0.0073
0b3f3933-cdc3-4375-a494-933702c24bfe	8	128750889	128751839	2	-3.2945
0b3f3933-cdc3-4375-a494-933702c24bfe	8	128765208	136805041	6189	0.0106
0b3f3933-cdc3-4375-a494-933702c24bfe	8	136805163	136851637	69	0.1896
0b3f3933-cdc3-4375-a494-933702c24bfe	8	136851683	137810080	752	0.0055
0b3f3933-cdc3-4375-a494-933702c24bfe	8	137811491	137812781	4	-1.0062
0b3f3933-cdc3-4375-a494-933702c24bfe	8	137813527	138130829	277	0.0013
0b3f3933-cdc3-4375-a494-933702c24bfe	8	138131176	138132671	4	-0.8667
0b3f3933-cdc3-4375-a494-933702c24bfe	8	138133509	143616987	3446	0.0324
0b3f3933-cdc3-4375-a494-933702c24bfe	8	143622987	143625638	9	-0.6086
0b3f3933-cdc3-4375-a494-933702c24bfe	8	143636819	145072769	504	0.0538
0b3f3933-cdc3-4375-a494-933702c24bfe	9	46587	602903	508	0.0344
0b3f3933-cdc3-4375-a494-933702c24bfe	9	606699	606961	4	1.3599
0b3f3933-cdc3-4375-a494-933702c24bfe	9	607307	11633429	10479	0.0281
0b3f3933-cdc3-4375-a494-933702c24bfe	9	11633779	11681147	34	-0.867
0b3f3933-cdc3-4375-a494-933702c24bfe	9	11681155	12601031	714	0.0753
0b3f3933-cdc3-4375-a494-933702c24bfe	9	12601977	17674689	4189	0.0121
0b3f3933-cdc3-4375-a494-933702c24bfe	9	17674874	17702227	34	0.2548
0b3f3933-cdc3-4375-a494-933702c24bfe	9	17702540	19509907	1621	0.0125
0b3f3933-cdc3-4375-a494-933702c24bfe	9	19510858	19511098	2	1.2589
0b3f3933-cdc3-4375-a494-933702c24bfe	9	19511369	23361807	2849	0.018
0b3f3933-cdc3-4375-a494-933702c24bfe	9	23363117	23373486	8	0.8036
0b3f3933-cdc3-4375-a494-933702c24bfe	9	23378490	29094551	4339	0.0223
0b3f3933-cdc3-4375-a494-933702c24bfe	9	29094999	29097682	2	-2.8811
0b3f3933-cdc3-4375-a494-933702c24bfe	9	29101434	29963162	627	0.0017
0b3f3933-cdc3-4375-a494-933702c24bfe	9	29965086	29969779	4	-0.7976
0b3f3933-cdc3-4375-a494-933702c24bfe	9	29969870	39487653	5774	0.0211
0b3f3933-cdc3-4375-a494-933702c24bfe	9	39487690	66880844	373	0.1312
0b3f3933-cdc3-4375-a494-933702c24bfe	9	66881239	138200944	47964	0.0175
0b3f3933-cdc3-4375-a494-933702c24bfe	10	45792	17885034	14857	0.0183
0b3f3933-cdc3-4375-a494-933702c24bfe	10	17896194	17929793	4	0.9133
0b3f3933-cdc3-4375-a494-933702c24bfe	10	17934718	24274061	4496	0.0128
0b3f3933-cdc3-4375-a494-933702c24bfe	10	24274847	24276418	4	-1.0935
0b3f3933-cdc3-4375-a494-933702c24bfe	10	24277163	26934974	1837	0.0203
0b3f3933-cdc3-4375-a494-933702c24bfe	10	26936975	26939544	13	0.5892
0b3f3933-cdc3-4375-a494-933702c24bfe	10	26941064	41776663	7879	0.0111
0b3f3933-cdc3-4375-a494-933702c24bfe	10	41796253	42272195	33	0.274
0b3f3933-cdc3-4375-a494-933702c24bfe	10	42287436	42758139	263	0.0198
0b3f3933-cdc3-4375-a494-933702c24bfe	10	42766813	42766943	2	-1.3384
0b3f3933-cdc3-4375-a494-933702c24bfe	10	42769430	45565169	2001	0.0127
0b3f3933-cdc3-4375-a494-933702c24bfe	10	45569813	45585913	10	-0.473
0b3f3933-cdc3-4375-a494-933702c24bfe	10	45587723	46836986	343	0.0485
0b3f3933-cdc3-4375-a494-933702c24bfe	10	46898735	46967412	3	2.1591
0b3f3933-cdc3-4375-a494-933702c24bfe	10	47002596	56800912	6607	0.0171
0b3f3933-cdc3-4375-a494-933702c24bfe	10	56802662	56802953	2	-1.5453
0b3f3933-cdc3-4375-a494-933702c24bfe	10	56806751	65548165	6084	0.0143
0b3f3933-cdc3-4375-a494-933702c24bfe	10	65548178	65554672	26	0.5445
0b3f3933-cdc3-4375-a494-933702c24bfe	10	65554688	79625693	9234	0.0198
0b3f3933-cdc3-4375-a494-933702c24bfe	10	79649470	79754434	12	0.5428
0b3f3933-cdc3-4375-a494-933702c24bfe	10	79763550	98097831	12202	0.0115
0b3f3933-cdc3-4375-a494-933702c24bfe	10	98099240	98099449	2	-1.2721
0b3f3933-cdc3-4375-a494-933702c24bfe	10	98100055	124891959	18433	0.0125
0b3f3933-cdc3-4375-a494-933702c24bfe	10	124893322	124893415	3	-1.0035
0b3f3933-cdc3-4375-a494-933702c24bfe	10	124894452	133654968	6343	0.0221
0b3f3933-cdc3-4375-a494-933702c24bfe	11	198510	55490128	34415	0.0149
0b3f3933-cdc3-4375-a494-933702c24bfe	11	55492960	56249220	541	0.1437
0b3f3933-cdc3-4375-a494-933702c24bfe	11	56249987	80256460	12859	0.0191
0b3f3933-cdc3-4375-a494-933702c24bfe	11	80256469	80256520	3	-3.0184
0b3f3933-cdc3-4375-a494-933702c24bfe	11	80256642	135074876	39041	0.0125
0b3f3933-cdc3-4375-a494-933702c24bfe	12	51460	2136758	1267	0.0363
0b3f3933-cdc3-4375-a494-933702c24bfe	12	2136950	2148857	40	-0.8619
0b3f3933-cdc3-4375-a494-933702c24bfe	12	2148938	33148586	21486	0.0145
0b3f3933-cdc3-4375-a494-933702c24bfe	12	33148600	33154440	24	-0.6916
0b3f3933-cdc3-4375-a494-933702c24bfe	12	33155426	45506042	5591	0.0276
0b3f3933-cdc3-4375-a494-933702c24bfe	12	45510655	45515754	4	1.3138
0b3f3933-cdc3-4375-a494-933702c24bfe	12	45519509	63690554	10677	0.0148
0b3f3933-cdc3-4375-a494-933702c24bfe	12	63690664	63691356	3	-1.0715
0b3f3933-cdc3-4375-a494-933702c24bfe	12	63693918	131292887	44892	0.0154
0b3f3933-cdc3-4375-a494-933702c24bfe	12	131309623	131311902	5	0.9996
0b3f3933-cdc3-4375-a494-933702c24bfe	12	131319247	131636170	312	0.0054
0b3f3933-cdc3-4375-a494-933702c24bfe	12	131648039	131648790	13	-2.4181
0b3f3933-cdc3-4375-a494-933702c24bfe	12	131657925	133201603	559	0.0199
0b3f3933-cdc3-4375-a494-933702c24bfe	13	18452809	37496998	13485	0.0157
0b3f3933-cdc3-4375-a494-933702c24bfe	13	37497899	37510620	16	0.7671
0b3f3933-cdc3-4375-a494-933702c24bfe	13	37514193	38478674	700	0.0101
0b3f3933-cdc3-4375-a494-933702c24bfe	13	38483435	38483919	2	-2.8299
0b3f3933-cdc3-4375-a494-933702c24bfe	13	38490920	57176962	11825	0.0208
0b3f3933-cdc3-4375-a494-933702c24bfe	13	57184136	57352740	129	0.1707
0b3f3933-cdc3-4375-a494-933702c24bfe	13	57352749	68668123	6799	0.0168
0b3f3933-cdc3-4375-a494-933702c24bfe	13	68674167	68675349	7	-0.7668
0b3f3933-cdc3-4375-a494-933702c24bfe	13	68676647	68677373	6	-0.0072
0b3f3933-cdc3-4375-a494-933702c24bfe	13	68677517	68694110	25	-0.8382
0b3f3933-cdc3-4375-a494-933702c24bfe	13	68694987	71902850	2062	0.0165
0b3f3933-cdc3-4375-a494-933702c24bfe	13	71903417	71906467	5	0.7914
0b3f3933-cdc3-4375-a494-933702c24bfe	13	71912345	78088558	4404	0.0085
0b3f3933-cdc3-4375-a494-933702c24bfe	13	78091517	78091626	3	-1.054
0b3f3933-cdc3-4375-a494-933702c24bfe	13	78091981	114342922	24699	0.0115
0b3f3933-cdc3-4375-a494-933702c24bfe	14	18239283	19785633	85	-0.347
0b3f3933-cdc3-4375-a494-933702c24bfe	14	19791791	19954424	80	-0.91
0b3f3933-cdc3-4375-a494-933702c24bfe	14	19955213	22248739	1641	-0.3677
0b3f3933-cdc3-4375-a494-933702c24bfe	14	22249370	22490387	179	-0.5613
0b3f3933-cdc3-4375-a494-933702c24bfe	14	22490482	23934508	862	-0.3613
0b3f3933-cdc3-4375-a494-933702c24bfe	14	23934795	24031436	78	-0.1504
0b3f3933-cdc3-4375-a494-933702c24bfe	14	24031630	42381946	11611	-0.3868
0b3f3933-cdc3-4375-a494-933702c24bfe	14	42385220	42386514	6	-1.2701
0b3f3933-cdc3-4375-a494-933702c24bfe	14	42387773	43297644	558	-0.373
0b3f3933-cdc3-4375-a494-933702c24bfe	14	43305654	43307668	2	-2.1008
0b3f3933-cdc3-4375-a494-933702c24bfe	14	43308031	54290779	6744	-0.3693
0b3f3933-cdc3-4375-a494-933702c24bfe	14	54299754	54300409	2	-1.8849
0b3f3933-cdc3-4375-a494-933702c24bfe	14	54300931	73529070	12392	-0.3768
0b3f3933-cdc3-4375-a494-933702c24bfe	14	73534419	73563196	10	0.4328
0b3f3933-cdc3-4375-a494-933702c24bfe	14	73563211	105612353	20645	-0.3818
0b3f3933-cdc3-4375-a494-933702c24bfe	14	105612687	105691429	13	0.3709
0b3f3933-cdc3-4375-a494-933702c24bfe	14	105700900	106321086	212	-0.2614
0b3f3933-cdc3-4375-a494-933702c24bfe	14	106340102	106365807	11	-1.5578
0b3f3933-cdc3-4375-a494-933702c24bfe	14	106369985	106769689	199	-0.3818
0b3f3933-cdc3-4375-a494-933702c24bfe	14	106770215	106770361	3	-1.4439
0b3f3933-cdc3-4375-a494-933702c24bfe	14	106775945	106877229	68	-0.3448
0b3f3933-cdc3-4375-a494-933702c24bfe	15	19811075	20056983	50	0.1163
0b3f3933-cdc3-4375-a494-933702c24bfe	15	20059033	22483983	161	0.4524
0b3f3933-cdc3-4375-a494-933702c24bfe	15	22572323	89060951	41711	0.0253
0b3f3933-cdc3-4375-a494-933702c24bfe	15	89061059	89065388	3	-1.3118
0b3f3933-cdc3-4375-a494-933702c24bfe	15	89067466	101928837	9642	0.0218
0b3f3933-cdc3-4375-a494-933702c24bfe	16	10777	14964501	11146	0.0304
0b3f3933-cdc3-4375-a494-933702c24bfe	16	14965488	15031584	27	0.3906
0b3f3933-cdc3-4375-a494-933702c24bfe	16	15033033	19933041	2301	0.0557
0b3f3933-cdc3-4375-a494-933702c24bfe	16	19934328	19956040	29	-0.9444
0b3f3933-cdc3-4375-a494-933702c24bfe	16	19958932	22420049	1276	0.0432
0b3f3933-cdc3-4375-a494-933702c24bfe	16	22430653	22692541	73	0.2302
0b3f3933-cdc3-4375-a494-933702c24bfe	16	22693199	35225338	5326	0.0344
0b3f3933-cdc3-4375-a494-933702c24bfe	16	35232200	35522700	168	0.8325
0b3f3933-cdc3-4375-a494-933702c24bfe	16	35526596	35533134	4	-0.1901
0b3f3933-cdc3-4375-a494-933702c24bfe	16	35533625	46575866	172	0.1492
0b3f3933-cdc3-4375-a494-933702c24bfe	16	46576262	69954483	15168	0.0144
0b3f3933-cdc3-4375-a494-933702c24bfe	16	69990686	70179141	50	0.2452
0b3f3933-cdc3-4375-a494-933702c24bfe	16	70200633	78337711	5507	0.0196
0b3f3933-cdc3-4375-a494-933702c24bfe	16	78338543	78350868	16	-2.5845
0b3f3933-cdc3-4375-a494-933702c24bfe	16	78351104	83760390	6123	0.0203
0b3f3933-cdc3-4375-a494-933702c24bfe	16	83760392	83760401	2	-2.0666
0b3f3933-cdc3-4375-a494-933702c24bfe	16	83760419	90096867	4496	0.0155
0b3f3933-cdc3-4375-a494-933702c24bfe	17	150733	18413879	11392	0.0309
0b3f3933-cdc3-4375-a494-933702c24bfe	17	18414080	18529764	20	0.5344
0b3f3933-cdc3-4375-a494-933702c24bfe	17	18537646	41266805	9409	0.0331
0b3f3933-cdc3-4375-a494-933702c24bfe	17	41266825	41273934	19	-0.6125
0b3f3933-cdc3-4375-a494-933702c24bfe	17	41274198	46127007	2531	0.0305
0b3f3933-cdc3-4375-a494-933702c24bfe	17	46130778	46323701	95	-0.135
0b3f3933-cdc3-4375-a494-933702c24bfe	17	46351954	46569894	4	1.3092
0b3f3933-cdc3-4375-a494-933702c24bfe	17	46571001	83091923	21577	0.0232
0b3f3933-cdc3-4375-a494-933702c24bfe	18	48133	69539991	42942	0.0286
0b3f3933-cdc3-4375-a494-933702c24bfe	18	69540616	69550591	10	-0.8279
0b3f3933-cdc3-4375-a494-933702c24bfe	18	69552795	80257174	7809	0.0332
0b3f3933-cdc3-4375-a494-933702c24bfe	19	90910	58586487	29119	0.0312
0b3f3933-cdc3-4375-a494-933702c24bfe	20	80664	1580353	1204	0.0309
0b3f3933-cdc3-4375-a494-933702c24bfe	20	1580934	1613247	41	2.9489
0b3f3933-cdc3-4375-a494-933702c24bfe	20	1617300	50165997	30778	0.019
0b3f3933-cdc3-4375-a494-933702c24bfe	20	50175182	50176256	2	-2.5755
0b3f3933-cdc3-4375-a494-933702c24bfe	20	50178380	64324800	10366	0.0201
0b3f3933-cdc3-4375-a494-933702c24bfe	21	10354168	35970401	16342	0.0193
0b3f3933-cdc3-4375-a494-933702c24bfe	21	35970478	35973456	2	-1.6505
0b3f3933-cdc3-4375-a494-933702c24bfe	21	35973594	35977678	10	0.0974
0b3f3933-cdc3-4375-a494-933702c24bfe	21	35978761	35979008	4	1.1965
0b3f3933-cdc3-4375-a494-933702c24bfe	21	35980822	46677045	7516	0.0179
0b3f3933-cdc3-4375-a494-933702c24bfe	22	15294547	48872888	22047	0.0299
0b3f3933-cdc3-4375-a494-933702c24bfe	22	48874111	48874730	2	-3.0069
0b3f3933-cdc3-4375-a494-933702c24bfe	22	48877479	50796027	1232	0.0249
0b3f3933-cdc3-4375-a494-933702c24bfe	X	251810	24091338	14608	0.0083
0b3f3933-cdc3-4375-a494-933702c24bfe	X	24094307	24098320	5	-1.9493
0b3f3933-cdc3-4375-a494-933702c24bfe	X	24108067	140200262	59317	0.0063
0b3f3933-cdc3-4375-a494-933702c24bfe	X	140200284	140202494	4	-2.8102
0b3f3933-cdc3-4375-a494-933702c24bfe	X	140203496	155952689	9573	0.0109
0b3f3933-cdc3-4375-a494-933702c24bfe	Y	2782397	56872112	6638	-0.9599
