GDC_Aliquot	Chromosome	Start	End	Num_Probes	Segment_Mean
5f9958bb-56b5-4c4a-bf40-b812cc0cb88c	1	62920	1696479	211	-0.0528
5f9958bb-56b5-4c4a-bf40-b812cc0cb88c	1	1696979	1731957	11	0.9873
5f9958bb-56b5-4c4a-bf40-b812cc0cb88c	1	1732392	2917178	339	-0.0138
5f9958bb-56b5-4c4a-bf40-b812cc0cb88c	1	2917279	2924777	2	2.1802
5f9958bb-56b5-4c4a-bf40-b812cc0cb88c	1	2925315	15365044	7491	0.0069
5f9958bb-56b5-4c4a-bf40-b812cc0cb88c	1	15367550	15369563	2	1.8072
5f9958bb-56b5-4c4a-bf40-b812cc0cb88c	1	15372621	16767571	604	-0.0028
5f9958bb-56b5-4c4a-bf40-b812cc0cb88c	1	16773735	16863509	10	-0.9362
5f9958bb-56b5-4c4a-bf40-b812cc0cb88c	1	16864367	16956580	58	0.6642
5f9958bb-56b5-4c4a-bf40-b812cc0cb88c	1	16958425	25126804	5151	-0.0002
5f9958bb-56b5-4c4a-bf40-b812cc0cb88c	1	25129034	25129044	2	-2.1575
5f9958bb-56b5-4c4a-bf40-b812cc0cb88c	1	25129401	25256800	84	0.0027
5f9958bb-56b5-4c4a-bf40-b812cc0cb88c	1	25256850	25320198	23	0.7101
5f9958bb-56b5-4c4a-bf40-b812cc0cb88c	1	25320253	30445606	2528	-0.0038
5f9958bb-56b5-4c4a-bf40-b812cc0cb88c	1	30445720	30448028	2	-2.935
5f9958bb-56b5-4c4a-bf40-b812cc0cb88c	1	30450214	30450324	2	-0.8267
5f9958bb-56b5-4c4a-bf40-b812cc0cb88c	1	30450576	46044681	8731	0.0077
5f9958bb-56b5-4c4a-bf40-b812cc0cb88c	1	46046603	46048154	2	2.3498
5f9958bb-56b5-4c4a-bf40-b812cc0cb88c	1	46053881	72290430	17346	0.0065
5f9958bb-56b5-4c4a-bf40-b812cc0cb88c	1	72290459	72297687	8	-1.4273
5f9958bb-56b5-4c4a-bf40-b812cc0cb88c	1	72302735	72345465	48	1.2917
5f9958bb-56b5-4c4a-bf40-b812cc0cb88c	1	72346221	112154591	25469	0.0037
5f9958bb-56b5-4c4a-bf40-b812cc0cb88c	1	112154619	112154768	3	1.7047
5f9958bb-56b5-4c4a-bf40-b812cc0cb88c	1	112163334	121597150	5136	0.0101
5f9958bb-56b5-4c4a-bf40-b812cc0cb88c	1	121598439	143754798	119	0.6851
5f9958bb-56b5-4c4a-bf40-b812cc0cb88c	1	143759680	147770492	717	0.0239
5f9958bb-56b5-4c4a-bf40-b812cc0cb88c	1	147772142	147772337	2	2.2848
5f9958bb-56b5-4c4a-bf40-b812cc0cb88c	1	147774791	152787202	1787	0.0031
5f9958bb-56b5-4c4a-bf40-b812cc0cb88c	1	152789447	152796224	37	-1.9229
5f9958bb-56b5-4c4a-bf40-b812cc0cb88c	1	152801429	240228440	59190	0.0064
5f9958bb-56b5-4c4a-bf40-b812cc0cb88c	1	240230715	240230839	6	-1.8405
5f9958bb-56b5-4c4a-bf40-b812cc0cb88c	1	240232805	248574146	5663	0.0202
5f9958bb-56b5-4c4a-bf40-b812cc0cb88c	1	248585893	248633912	32	-0.9908
5f9958bb-56b5-4c4a-bf40-b812cc0cb88c	1	248645563	248703602	36	-0.0489
5f9958bb-56b5-4c4a-bf40-b812cc0cb88c	1	248703943	248713007	5	-1.0313
5f9958bb-56b5-4c4a-bf40-b812cc0cb88c	1	248713850	248930189	100	0.0493
5f9958bb-56b5-4c4a-bf40-b812cc0cb88c	2	12784	75640282	51814	0.0086
5f9958bb-56b5-4c4a-bf40-b812cc0cb88c	2	75640528	75640803	2	2.6981
5f9958bb-56b5-4c4a-bf40-b812cc0cb88c	2	75642270	89928014	7861	0.0102
5f9958bb-56b5-4c4a-bf40-b812cc0cb88c	2	89933871	90228237	123	-0.8143
5f9958bb-56b5-4c4a-bf40-b812cc0cb88c	2	90228255	114639481	10910	0.0062
5f9958bb-56b5-4c4a-bf40-b812cc0cb88c	2	114639550	114645637	13	-1.0706
5f9958bb-56b5-4c4a-bf40-b812cc0cb88c	2	114645655	146107615	19327	0.0004
5f9958bb-56b5-4c4a-bf40-b812cc0cb88c	2	146107675	146109366	16	1.3226
5f9958bb-56b5-4c4a-bf40-b812cc0cb88c	2	146120238	226089732	48848	0.0036
5f9958bb-56b5-4c4a-bf40-b812cc0cb88c	2	226092047	226096702	9	-1.063
5f9958bb-56b5-4c4a-bf40-b812cc0cb88c	2	226098982	242147305	9973	-0.0032
5f9958bb-56b5-4c4a-bf40-b812cc0cb88c	3	20930	128661409	81496	0.003
5f9958bb-56b5-4c4a-bf40-b812cc0cb88c	3	128662406	128693488	16	0.76
5f9958bb-56b5-4c4a-bf40-b812cc0cb88c	3	128695318	132270486	2088	0.0062
5f9958bb-56b5-4c4a-bf40-b812cc0cb88c	3	132270503	132276840	5	-1.9473
5f9958bb-56b5-4c4a-bf40-b812cc0cb88c	3	132281633	133306023	679	0.0143
5f9958bb-56b5-4c4a-bf40-b812cc0cb88c	3	133306038	133306053	2	1.9524
5f9958bb-56b5-4c4a-bf40-b812cc0cb88c	3	133306168	145908427	7720	0.0012
5f9958bb-56b5-4c4a-bf40-b812cc0cb88c	3	145911116	145944367	54	-0.926
5f9958bb-56b5-4c4a-bf40-b812cc0cb88c	3	145944685	162813082	10319	0
5f9958bb-56b5-4c4a-bf40-b812cc0cb88c	3	162815162	162822702	7	1.1162
5f9958bb-56b5-4c4a-bf40-b812cc0cb88c	3	162827928	193160113	19134	-0.0051
5f9958bb-56b5-4c4a-bf40-b812cc0cb88c	3	193160173	193165114	19	-1.3398
5f9958bb-56b5-4c4a-bf40-b812cc0cb88c	3	193168646	195719726	1497	0.0012
5f9958bb-56b5-4c4a-bf40-b812cc0cb88c	3	195719871	195737995	19	0.7311
5f9958bb-56b5-4c4a-bf40-b812cc0cb88c	3	195746925	198169247	1165	-0.0208
5f9958bb-56b5-4c4a-bf40-b812cc0cb88c	4	68929	9455251	5129	0.0089
5f9958bb-56b5-4c4a-bf40-b812cc0cb88c	4	9459504	9477699	5	1.7409
5f9958bb-56b5-4c4a-bf40-b812cc0cb88c	4	9484440	10208766	535	0.0324
5f9958bb-56b5-4c4a-bf40-b812cc0cb88c	4	10221792	10236812	34	-0.5079
5f9958bb-56b5-4c4a-bf40-b812cc0cb88c	4	10237337	21370416	8173	0.0111
5f9958bb-56b5-4c4a-bf40-b812cc0cb88c	4	21370660	21375167	11	-1.0066
5f9958bb-56b5-4c4a-bf40-b812cc0cb88c	4	21375183	34785333	8726	-0.0006
5f9958bb-56b5-4c4a-bf40-b812cc0cb88c	4	34785368	34828306	39	-0.5618
5f9958bb-56b5-4c4a-bf40-b812cc0cb88c	4	34828327	40698556	3860	0.0027
5f9958bb-56b5-4c4a-bf40-b812cc0cb88c	4	40701994	40702175	3	-2.5084
5f9958bb-56b5-4c4a-bf40-b812cc0cb88c	4	40702670	63828222	12616	0.007
5f9958bb-56b5-4c4a-bf40-b812cc0cb88c	4	63831751	63852325	31	0.6393
5f9958bb-56b5-4c4a-bf40-b812cc0cb88c	4	63856498	68354665	2839	-0.0003
5f9958bb-56b5-4c4a-bf40-b812cc0cb88c	4	68361130	68389352	3	-1.5354
5f9958bb-56b5-4c4a-bf40-b812cc0cb88c	4	68394355	68509223	21	0.1336
5f9958bb-56b5-4c4a-bf40-b812cc0cb88c	4	68509237	68618391	62	0.7689
5f9958bb-56b5-4c4a-bf40-b812cc0cb88c	4	68620122	69266404	324	0.0071
5f9958bb-56b5-4c4a-bf40-b812cc0cb88c	4	69266652	69376311	53	-0.6136
5f9958bb-56b5-4c4a-bf40-b812cc0cb88c	4	69377178	114252544	27203	0.0023
5f9958bb-56b5-4c4a-bf40-b812cc0cb88c	4	114254167	114261019	23	-1.9615
5f9958bb-56b5-4c4a-bf40-b812cc0cb88c	4	114263073	172066777	34914	0.0038
5f9958bb-56b5-4c4a-bf40-b812cc0cb88c	4	172067997	172068382	12	-1.9548
5f9958bb-56b5-4c4a-bf40-b812cc0cb88c	4	172074828	182809497	7226	-0.0039
5f9958bb-56b5-4c4a-bf40-b812cc0cb88c	4	182810584	182810591	2	2.0098
5f9958bb-56b5-4c4a-bf40-b812cc0cb88c	4	182814109	190106768	4809	-0.0102
5f9958bb-56b5-4c4a-bf40-b812cc0cb88c	5	15532	177771448	110388	0.0051
5f9958bb-56b5-4c4a-bf40-b812cc0cb88c	5	177800550	177805604	3	3.1912
5f9958bb-56b5-4c4a-bf40-b812cc0cb88c	5	177827964	180953203	1790	0.0084
5f9958bb-56b5-4c4a-bf40-b812cc0cb88c	5	180960138	180979968	8	-0.8862
5f9958bb-56b5-4c4a-bf40-b812cc0cb88c	5	180980230	181363319	178	-0.0129
5f9958bb-56b5-4c4a-bf40-b812cc0cb88c	6	149661	26855247	20162	0.0526
5f9958bb-56b5-4c4a-bf40-b812cc0cb88c	6	26855781	26859166	2	2.3377
5f9958bb-56b5-4c4a-bf40-b812cc0cb88c	6	26862132	29869295	1396	0.026
5f9958bb-56b5-4c4a-bf40-b812cc0cb88c	6	29869410	29869747	6	-1.3344
5f9958bb-56b5-4c4a-bf40-b812cc0cb88c	6	29873174	31385912	743	0.0259
5f9958bb-56b5-4c4a-bf40-b812cc0cb88c	6	31392318	31483699	85	-0.9909
5f9958bb-56b5-4c4a-bf40-b812cc0cb88c	6	31488057	32722250	455	0.0382
5f9958bb-56b5-4c4a-bf40-b812cc0cb88c	6	32723020	32723053	3	2.3927
5f9958bb-56b5-4c4a-bf40-b812cc0cb88c	6	32732907	34156636	872	0.0184
5f9958bb-56b5-4c4a-bf40-b812cc0cb88c	6	34157504	34157777	2	1.7675
5f9958bb-56b5-4c4a-bf40-b812cc0cb88c	6	34164601	35534839	691	0.0572
5f9958bb-56b5-4c4a-bf40-b812cc0cb88c	6	35536371	35590945	30	0.6291
5f9958bb-56b5-4c4a-bf40-b812cc0cb88c	6	35594387	54066286	12008	0.0513
5f9958bb-56b5-4c4a-bf40-b812cc0cb88c	6	54066353	54067057	7	1.6765
5f9958bb-56b5-4c4a-bf40-b812cc0cb88c	6	54070550	78259348	13118	0.0536
5f9958bb-56b5-4c4a-bf40-b812cc0cb88c	6	78259388	78325457	110	0.4431
5f9958bb-56b5-4c4a-bf40-b812cc0cb88c	6	78325468	103286954	15409	0.0528
5f9958bb-56b5-4c4a-bf40-b812cc0cb88c	6	103290101	103314174	44	0.8878
5f9958bb-56b5-4c4a-bf40-b812cc0cb88c	6	103314186	119946531	10116	0.05
5f9958bb-56b5-4c4a-bf40-b812cc0cb88c	6	119947560	119953236	2	-2.2027
5f9958bb-56b5-4c4a-bf40-b812cc0cb88c	6	119953757	170741917	33879	0.0498
5f9958bb-56b5-4c4a-bf40-b812cc0cb88c	7	43355	53383781	37683	0.1767
5f9958bb-56b5-4c4a-bf40-b812cc0cb88c	7	53387910	53398482	8	-1.2084
5f9958bb-56b5-4c4a-bf40-b812cc0cb88c	7	53401260	54299223	645	0.1822
5f9958bb-56b5-4c4a-bf40-b812cc0cb88c	7	54318812	54318824	6	2.5101
5f9958bb-56b5-4c4a-bf40-b812cc0cb88c	7	54325795	64190920	2540	0.1638
5f9958bb-56b5-4c4a-bf40-b812cc0cb88c	7	64191467	64197383	2	2.5938
5f9958bb-56b5-4c4a-bf40-b812cc0cb88c	7	64201778	70955452	3569	0.1682
5f9958bb-56b5-4c4a-bf40-b812cc0cb88c	7	70958264	70961155	2	-2.4394
5f9958bb-56b5-4c4a-bf40-b812cc0cb88c	7	70963257	97777749	15664	0.1859
5f9958bb-56b5-4c4a-bf40-b812cc0cb88c	7	97788295	97788298	2	-2.014
5f9958bb-56b5-4c4a-bf40-b812cc0cb88c	7	97791337	109793741	6555	0.1684
5f9958bb-56b5-4c4a-bf40-b812cc0cb88c	7	109797035	109797041	5	1.2682
5f9958bb-56b5-4c4a-bf40-b812cc0cb88c	7	109797042	109801187	20	0.2237
5f9958bb-56b5-4c4a-bf40-b812cc0cb88c	7	109801572	109813853	9	1.2119
5f9958bb-56b5-4c4a-bf40-b812cc0cb88c	7	109813925	115650075	3448	0.1904
5f9958bb-56b5-4c4a-bf40-b812cc0cb88c	7	115653804	115657739	2	-1.7092
5f9958bb-56b5-4c4a-bf40-b812cc0cb88c	7	115659814	119507968	2396	0.1769
5f9958bb-56b5-4c4a-bf40-b812cc0cb88c	7	119508031	119509749	2	-2.1711
5f9958bb-56b5-4c4a-bf40-b812cc0cb88c	7	119509763	126405502	4153	0.1842
5f9958bb-56b5-4c4a-bf40-b812cc0cb88c	7	126405597	126406823	12	-0.9181
5f9958bb-56b5-4c4a-bf40-b812cc0cb88c	7	126406824	159334314	20742	0.1732
5f9958bb-56b5-4c4a-bf40-b812cc0cb88c	8	81254	5213421	5272	-0.0064
5f9958bb-56b5-4c4a-bf40-b812cc0cb88c	8	5213748	5218787	21	-1.2909
5f9958bb-56b5-4c4a-bf40-b812cc0cb88c	8	5219065	13741668	6749	-0.0071
5f9958bb-56b5-4c4a-bf40-b812cc0cb88c	8	13741714	13742870	18	-1.0131
5f9958bb-56b5-4c4a-bf40-b812cc0cb88c	8	13742882	16339682	2413	0.0008
5f9958bb-56b5-4c4a-bf40-b812cc0cb88c	8	16349445	16349614	8	-1.8289
5f9958bb-56b5-4c4a-bf40-b812cc0cb88c	8	16354575	16402103	47	0.0357
5f9958bb-56b5-4c4a-bf40-b812cc0cb88c	8	16404738	16431309	33	-0.6909
5f9958bb-56b5-4c4a-bf40-b812cc0cb88c	8	16435493	32821348	12248	0.0046
5f9958bb-56b5-4c4a-bf40-b812cc0cb88c	8	32825580	32830895	7	1.8252
5f9958bb-56b5-4c4a-bf40-b812cc0cb88c	8	32834588	39373140	3565	-0.0077
5f9958bb-56b5-4c4a-bf40-b812cc0cb88c	8	39378084	39531496	61	0.5909
5f9958bb-56b5-4c4a-bf40-b812cc0cb88c	8	39531510	60942282	11686	-0.0007
5f9958bb-56b5-4c4a-bf40-b812cc0cb88c	8	60944435	60954797	11	-1.0245
5f9958bb-56b5-4c4a-bf40-b812cc0cb88c	8	60957888	111279265	30139	0.0021
5f9958bb-56b5-4c4a-bf40-b812cc0cb88c	8	111282050	111283031	9	1.7333
5f9958bb-56b5-4c4a-bf40-b812cc0cb88c	8	111288052	141566354	21387	0.0031
5f9958bb-56b5-4c4a-bf40-b812cc0cb88c	8	141566973	141568434	4	-1.6972
5f9958bb-56b5-4c4a-bf40-b812cc0cb88c	8	141569069	145072769	1438	-0.0357
5f9958bb-56b5-4c4a-bf40-b812cc0cb88c	9	46587	41741113	31115	-0.1501
5f9958bb-56b5-4c4a-bf40-b812cc0cb88c	9	42014203	42230926	23	0.4261
5f9958bb-56b5-4c4a-bf40-b812cc0cb88c	9	42259927	61550809	82	0.0184
5f9958bb-56b5-4c4a-bf40-b812cc0cb88c	9	61554116	61692082	21	0.6964
5f9958bb-56b5-4c4a-bf40-b812cc0cb88c	9	61692688	63580418	34	-0.1409
5f9958bb-56b5-4c4a-bf40-b812cc0cb88c	9	63590317	63592813	7	3.5328
5f9958bb-56b5-4c4a-bf40-b812cc0cb88c	9	63614182	64467459	46	-0.0313
5f9958bb-56b5-4c4a-bf40-b812cc0cb88c	9	64480563	64800092	23	0.4506
5f9958bb-56b5-4c4a-bf40-b812cc0cb88c	9	64813222	69413646	919	-0.1377
5f9958bb-56b5-4c4a-bf40-b812cc0cb88c	9	69413658	69434112	17	0.7495
5f9958bb-56b5-4c4a-bf40-b812cc0cb88c	9	69434688	138200944	46799	-0.1493
5f9958bb-56b5-4c4a-bf40-b812cc0cb88c	10	45792	78480449	52530	-0.1928
5f9958bb-56b5-4c4a-bf40-b812cc0cb88c	10	78480732	78484841	3	-2.5495
5f9958bb-56b5-4c4a-bf40-b812cc0cb88c	10	78484866	89178916	7411	-0.1917
5f9958bb-56b5-4c4a-bf40-b812cc0cb88c	10	89183210	89188273	11	-1.1584
5f9958bb-56b5-4c4a-bf40-b812cc0cb88c	10	89188333	132146250	29575	-0.1882
5f9958bb-56b5-4c4a-bf40-b812cc0cb88c	10	132147013	132147990	2	-2.5393
5f9958bb-56b5-4c4a-bf40-b812cc0cb88c	10	132151983	133654968	653	-0.2195
5f9958bb-56b5-4c4a-bf40-b812cc0cb88c	11	198510	4280146	1750	-0.0062
5f9958bb-56b5-4c4a-bf40-b812cc0cb88c	11	4280161	4363567	14	0.7174
5f9958bb-56b5-4c4a-bf40-b812cc0cb88c	11	4365435	4946420	649	0.015
5f9958bb-56b5-4c4a-bf40-b812cc0cb88c	11	4947280	4955781	31	0.5947
5f9958bb-56b5-4c4a-bf40-b812cc0cb88c	11	4957152	5762452	777	0.0248
5f9958bb-56b5-4c4a-bf40-b812cc0cb88c	11	5762693	5791130	37	0.6414
5f9958bb-56b5-4c4a-bf40-b812cc0cb88c	11	5794956	55595864	31059	0.0057
5f9958bb-56b5-4c4a-bf40-b812cc0cb88c	11	55606556	55685533	59	-2.0235
5f9958bb-56b5-4c4a-bf40-b812cc0cb88c	11	55686100	92097323	21208	0.0018
5f9958bb-56b5-4c4a-bf40-b812cc0cb88c	11	92097492	92097877	2	2.2925
5f9958bb-56b5-4c4a-bf40-b812cc0cb88c	11	92099538	135074876	30850	0.0043
5f9958bb-56b5-4c4a-bf40-b812cc0cb88c	12	51460	756804	414	0.0088
5f9958bb-56b5-4c4a-bf40-b812cc0cb88c	12	759943	764863	18	-0.7346
5f9958bb-56b5-4c4a-bf40-b812cc0cb88c	12	766188	8404097	5141	0.0087
5f9958bb-56b5-4c4a-bf40-b812cc0cb88c	12	8405892	8423870	15	1.2607
5f9958bb-56b5-4c4a-bf40-b812cc0cb88c	12	8428232	9498795	564	-0.0214
5f9958bb-56b5-4c4a-bf40-b812cc0cb88c	12	9499454	9562969	17	-2.0952
5f9958bb-56b5-4c4a-bf40-b812cc0cb88c	12	9575696	45506042	22086	0.0036
5f9958bb-56b5-4c4a-bf40-b812cc0cb88c	12	45510655	45515754	4	1.5934
5f9958bb-56b5-4c4a-bf40-b812cc0cb88c	12	45519509	129785032	54119	0.0012
5f9958bb-56b5-4c4a-bf40-b812cc0cb88c	12	129785457	129790046	2	-2.3098
5f9958bb-56b5-4c4a-bf40-b812cc0cb88c	12	129791193	133201603	2070	0.0022
5f9958bb-56b5-4c4a-bf40-b812cc0cb88c	13	18452809	57176962	25905	0.003
5f9958bb-56b5-4c4a-bf40-b812cc0cb88c	13	57184136	57204246	34	-0.6122
5f9958bb-56b5-4c4a-bf40-b812cc0cb88c	13	57215580	57290815	49	0.0416
5f9958bb-56b5-4c4a-bf40-b812cc0cb88c	13	57295053	57314833	17	-1.0028
5f9958bb-56b5-4c4a-bf40-b812cc0cb88c	13	57318101	71902850	8888	0.0017
5f9958bb-56b5-4c4a-bf40-b812cc0cb88c	13	71903417	71906467	5	1.3829
5f9958bb-56b5-4c4a-bf40-b812cc0cb88c	13	71912345	99562536	18043	0.0017
5f9958bb-56b5-4c4a-bf40-b812cc0cb88c	13	99566055	99566071	2	1.9554
5f9958bb-56b5-4c4a-bf40-b812cc0cb88c	13	99566277	114342922	10915	0.0094
5f9958bb-56b5-4c4a-bf40-b812cc0cb88c	14	18239283	19732024	65	0.1503
5f9958bb-56b5-4c4a-bf40-b812cc0cb88c	14	19732222	19955213	102	0.7076
5f9958bb-56b5-4c4a-bf40-b812cc0cb88c	14	19956767	21908468	1302	0.0027
5f9958bb-56b5-4c4a-bf40-b812cc0cb88c	14	21909192	21910680	7	-1.1854
5f9958bb-56b5-4c4a-bf40-b812cc0cb88c	14	21910958	21987457	86	0.0016
5f9958bb-56b5-4c4a-bf40-b812cc0cb88c	14	21988864	22526139	469	0.1614
5f9958bb-56b5-4c4a-bf40-b812cc0cb88c	14	22526849	48159720	15815	0.0064
5f9958bb-56b5-4c4a-bf40-b812cc0cb88c	14	48159839	48159965	2	-2.5836
5f9958bb-56b5-4c4a-bf40-b812cc0cb88c	14	48162508	106340102	37015	0.0057
5f9958bb-56b5-4c4a-bf40-b812cc0cb88c	14	106340305	106364815	9	-1.3564
5f9958bb-56b5-4c4a-bf40-b812cc0cb88c	14	106365807	106877229	270	0.0287
5f9958bb-56b5-4c4a-bf40-b812cc0cb88c	15	19811075	83871965	38182	0.0102
5f9958bb-56b5-4c4a-bf40-b812cc0cb88c	15	83871986	83878795	8	-1.1618
5f9958bb-56b5-4c4a-bf40-b812cc0cb88c	15	83879115	85536603	735	-0.0085
5f9958bb-56b5-4c4a-bf40-b812cc0cb88c	15	85536891	85542545	4	1.4195
5f9958bb-56b5-4c4a-bf40-b812cc0cb88c	15	85542571	101928837	12395	0.0083
5f9958bb-56b5-4c4a-bf40-b812cc0cb88c	16	10777	15897723	11467	0.0035
5f9958bb-56b5-4c4a-bf40-b812cc0cb88c	16	15900817	15930179	15	0.6956
5f9958bb-56b5-4c4a-bf40-b812cc0cb88c	16	15931806	21401082	2852	-0.0029
5f9958bb-56b5-4c4a-bf40-b812cc0cb88c	16	21503753	21580019	20	-1.0399
5f9958bb-56b5-4c4a-bf40-b812cc0cb88c	16	21582134	22546611	362	0.0157
5f9958bb-56b5-4c4a-bf40-b812cc0cb88c	16	22546990	22699421	69	-0.9954
5f9958bb-56b5-4c4a-bf40-b812cc0cb88c	16	22701658	35224666	5297	-0.0031
5f9958bb-56b5-4c4a-bf40-b812cc0cb88c	16	35225156	35505200	164	-0.2068
5f9958bb-56b5-4c4a-bf40-b812cc0cb88c	16	35505641	55761136	6576	0.0133
5f9958bb-56b5-4c4a-bf40-b812cc0cb88c	16	55762477	55788057	19	-0.6662
5f9958bb-56b5-4c4a-bf40-b812cc0cb88c	16	55788485	78337711	14222	0.0079
5f9958bb-56b5-4c4a-bf40-b812cc0cb88c	16	78338543	78350868	16	1.1146
5f9958bb-56b5-4c4a-bf40-b812cc0cb88c	16	78351104	83855128	6204	-0.0015
5f9958bb-56b5-4c4a-bf40-b812cc0cb88c	16	83855218	83858164	5	-1.5608
5f9958bb-56b5-4c4a-bf40-b812cc0cb88c	16	83858313	90096867	4358	-0.0065
5f9958bb-56b5-4c4a-bf40-b812cc0cb88c	17	150733	761804	333	-0.0571
5f9958bb-56b5-4c4a-bf40-b812cc0cb88c	17	764003	764137	2	2.0538
5f9958bb-56b5-4c4a-bf40-b812cc0cb88c	17	775251	18455632	11010	0.0022
5f9958bb-56b5-4c4a-bf40-b812cc0cb88c	17	18455635	18561907	25	0.5559
5f9958bb-56b5-4c4a-bf40-b812cc0cb88c	17	18565883	19598485	362	0.0274
5f9958bb-56b5-4c4a-bf40-b812cc0cb88c	17	19598642	19634157	26	-0.5985
5f9958bb-56b5-4c4a-bf40-b812cc0cb88c	17	19635134	30049845	2531	-0.0088
5f9958bb-56b5-4c4a-bf40-b812cc0cb88c	17	30056628	36032936	3832	-0.2005
5f9958bb-56b5-4c4a-bf40-b812cc0cb88c	17	36033139	36109315	59	-0.0463
5f9958bb-56b5-4c4a-bf40-b812cc0cb88c	17	36109735	36460442	38	0.3952
5f9958bb-56b5-4c4a-bf40-b812cc0cb88c	17	36463349	37425380	680	0.0003
5f9958bb-56b5-4c4a-bf40-b812cc0cb88c	17	37427296	41265456	1830	-0.185
5f9958bb-56b5-4c4a-bf40-b812cc0cb88c	17	41266762	41273666	18	2.5269
5f9958bb-56b5-4c4a-bf40-b812cc0cb88c	17	41273697	43767321	1352	-0.1814
5f9958bb-56b5-4c4a-bf40-b812cc0cb88c	17	43767867	83091923	22740	0.0042
5f9958bb-56b5-4c4a-bf40-b812cc0cb88c	18	48133	12226369	8849	0.0093
5f9958bb-56b5-4c4a-bf40-b812cc0cb88c	18	12228773	12238864	2	2.376
5f9958bb-56b5-4c4a-bf40-b812cc0cb88c	18	12244141	40678223	13839	0.0046
5f9958bb-56b5-4c4a-bf40-b812cc0cb88c	18	40678272	40678763	10	0.7039
5f9958bb-56b5-4c4a-bf40-b812cc0cb88c	18	40680456	40685425	19	-2.1499
5f9958bb-56b5-4c4a-bf40-b812cc0cb88c	18	40688060	42471713	1211	0.0002
5f9958bb-56b5-4c4a-bf40-b812cc0cb88c	18	42476604	42477802	25	-0.6255
5f9958bb-56b5-4c4a-bf40-b812cc0cb88c	18	42478430	60250802	12136	-0.0161
5f9958bb-56b5-4c4a-bf40-b812cc0cb88c	18	60250838	60250981	5	1.3063
5f9958bb-56b5-4c4a-bf40-b812cc0cb88c	18	60251118	65535759	3665	-0.0123
5f9958bb-56b5-4c4a-bf40-b812cc0cb88c	18	65535772	65540274	20	-0.6601
5f9958bb-56b5-4c4a-bf40-b812cc0cb88c	18	65542057	66239629	512	-0.0349
5f9958bb-56b5-4c4a-bf40-b812cc0cb88c	18	66240197	66244352	10	-1.0808
5f9958bb-56b5-4c4a-bf40-b812cc0cb88c	18	66244639	80257174	10227	-0.0296
5f9958bb-56b5-4c4a-bf40-b812cc0cb88c	19	90910	58586487	28996	0.1568
5f9958bb-56b5-4c4a-bf40-b812cc0cb88c	20	80664	1590128	1208	0.0349
5f9958bb-56b5-4c4a-bf40-b812cc0cb88c	20	1590140	1613247	29	-1.1166
5f9958bb-56b5-4c4a-bf40-b812cc0cb88c	20	1617300	64324800	40963	0.0412
5f9958bb-56b5-4c4a-bf40-b812cc0cb88c	21	10354168	10551986	44	-0.0352
5f9958bb-56b5-4c4a-bf40-b812cc0cb88c	21	10552032	13224688	75	-0.2748
5f9958bb-56b5-4c4a-bf40-b812cc0cb88c	21	13224711	46677045	23612	0.0045
5f9958bb-56b5-4c4a-bf40-b812cc0cb88c	22	15294547	22396046	3433	-0.0251
5f9958bb-56b5-4c4a-bf40-b812cc0cb88c	22	22396060	22396262	3	1.7346
5f9958bb-56b5-4c4a-bf40-b812cc0cb88c	22	22397854	23987520	934	-0.0029
5f9958bb-56b5-4c4a-bf40-b812cc0cb88c	22	23988078	23989773	2	-3.6414
5f9958bb-56b5-4c4a-bf40-b812cc0cb88c	22	23990431	25325796	847	-0.01
5f9958bb-56b5-4c4a-bf40-b812cc0cb88c	22	25325827	25608085	316	0.5001
5f9958bb-56b5-4c4a-bf40-b812cc0cb88c	22	25608282	37322963	8816	-0.0003
5f9958bb-56b5-4c4a-bf40-b812cc0cb88c	22	37326260	37355658	11	-0.7478
5f9958bb-56b5-4c4a-bf40-b812cc0cb88c	22	37355905	42321102	2608	-0.0208
5f9958bb-56b5-4c4a-bf40-b812cc0cb88c	22	42321598	42322229	2	-2.2259
5f9958bb-56b5-4c4a-bf40-b812cc0cb88c	22	42327026	50648848	6111	-0.0033
5f9958bb-56b5-4c4a-bf40-b812cc0cb88c	22	50650785	50652349	2	-2.1874
5f9958bb-56b5-4c4a-bf40-b812cc0cb88c	22	50653486	50796027	75	-0.0852
5f9958bb-56b5-4c4a-bf40-b812cc0cb88c	X	251810	5290017	1862	-0.0104
5f9958bb-56b5-4c4a-bf40-b812cc0cb88c	X	5290293	5293446	2	2.392
5f9958bb-56b5-4c4a-bf40-b812cc0cb88c	X	5296374	24091338	12449	-0.0169
5f9958bb-56b5-4c4a-bf40-b812cc0cb88c	X	24094307	24098320	4	-2.5092
5f9958bb-56b5-4c4a-bf40-b812cc0cb88c	X	24108067	41164418	10494	-0.0168
5f9958bb-56b5-4c4a-bf40-b812cc0cb88c	X	41164750	41170927	2	-3.2916
5f9958bb-56b5-4c4a-bf40-b812cc0cb88c	X	41173251	63193211	8022	0.0063
5f9958bb-56b5-4c4a-bf40-b812cc0cb88c	X	63250575	63285991	21	1.4296
5f9958bb-56b5-4c4a-bf40-b812cc0cb88c	X	63297125	103932106	19767	-0.0007
5f9958bb-56b5-4c4a-bf40-b812cc0cb88c	X	103933963	103955573	13	1.1028
5f9958bb-56b5-4c4a-bf40-b812cc0cb88c	X	103988453	146749209	24144	-0.01
5f9958bb-56b5-4c4a-bf40-b812cc0cb88c	X	146749359	146749373	2	-3.4171
5f9958bb-56b5-4c4a-bf40-b812cc0cb88c	X	146749813	155952689	5132	-0.005
5f9958bb-56b5-4c4a-bf40-b812cc0cb88c	Y	2782397	3006292	109	-0.545
5f9958bb-56b5-4c4a-bf40-b812cc0cb88c	Y	3010354	3173752	50	0.4349
5f9958bb-56b5-4c4a-bf40-b812cc0cb88c	Y	3187534	4109662	173	-0.5425
5f9958bb-56b5-4c4a-bf40-b812cc0cb88c	Y	4110556	4229643	26	0.5304
5f9958bb-56b5-4c4a-bf40-b812cc0cb88c	Y	4244497	56872112	6246	-0.5168
