Sample	Chromosome	Start	End	Num_Probes	Segment_Mean
TOPOS_p_TCGAb_352_353_84_86_NSP_GenomeWideSNP_6_B09_1376610	1	61735	98588	16	0.4721
TOPOS_p_TCGAb_352_353_84_86_NSP_GenomeWideSNP_6_B09_1376610	1	98602	534551	15	-0.3367
TOPOS_p_TCGAb_352_353_84_86_NSP_GenomeWideSNP_6_B09_1376610	1	564621	625470	3	0.5779
TOPOS_p_TCGAb_352_353_84_86_NSP_GenomeWideSNP_6_B09_1376610	1	707099	8870876	4339	-0.6947
TOPOS_p_TCGAb_352_353_84_86_NSP_GenomeWideSNP_6_B09_1376610	1	8871965	8872249	2	-3.4696
TOPOS_p_TCGAb_352_353_84_86_NSP_GenomeWideSNP_6_B09_1376610	1	8875437	17005978	4302	-0.6574
TOPOS_p_TCGAb_352_353_84_86_NSP_GenomeWideSNP_6_B09_1376610	1	17011450	17056457	36	-0.1032
TOPOS_p_TCGAb_352_353_84_86_NSP_GenomeWideSNP_6_B09_1376610	1	17076467	17114712	19	-1.3394
TOPOS_p_TCGAb_352_353_84_86_NSP_GenomeWideSNP_6_B09_1376610	1	17177045	17209603	8	-0.7688
TOPOS_p_TCGAb_352_353_84_86_NSP_GenomeWideSNP_6_B09_1376610	1	17210652	17283075	62	-0.316
TOPOS_p_TCGAb_352_353_84_86_NSP_GenomeWideSNP_6_B09_1376610	1	17284920	17610151	243	-0.6891
TOPOS_p_TCGAb_352_353_84_86_NSP_GenomeWideSNP_6_B09_1376610	1	17610913	17611548	3	-3.5541
TOPOS_p_TCGAb_352_353_84_86_NSP_GenomeWideSNP_6_B09_1376610	1	17614477	25570830	4958	-0.6654
TOPOS_p_TCGAb_352_353_84_86_NSP_GenomeWideSNP_6_B09_1376610	1	25571269	25687265	52	-0.1134
TOPOS_p_TCGAb_352_353_84_86_NSP_GenomeWideSNP_6_B09_1376610	1	25687544	72750353	28584	-0.6759
TOPOS_p_TCGAb_352_353_84_86_NSP_GenomeWideSNP_6_B09_1376610	1	72756113	72763370	9	-2.6603
TOPOS_p_TCGAb_352_353_84_86_NSP_GenomeWideSNP_6_B09_1376610	1	72768418	72811148	48	0.4061
TOPOS_p_TCGAb_352_353_84_86_NSP_GenomeWideSNP_6_B09_1376610	1	72811904	103753848	19881	-0.6951
TOPOS_p_TCGAb_352_353_84_86_NSP_GenomeWideSNP_6_B09_1376610	1	103754833	103755016	2	-2.5643
TOPOS_p_TCGAb_352_353_84_86_NSP_GenomeWideSNP_6_B09_1376610	1	103757081	106012754	1023	-0.6501
TOPOS_p_TCGAb_352_353_84_86_NSP_GenomeWideSNP_6_B09_1376610	1	106013376	106022360	17	0.2088
TOPOS_p_TCGAb_352_353_84_86_NSP_GenomeWideSNP_6_B09_1376610	1	106022375	144007049	9782	-0.6814
TOPOS_p_TCGAb_352_353_84_86_NSP_GenomeWideSNP_6_B09_1376610	1	144008315	145091858	180	-0.1127
TOPOS_p_TCGAb_352_353_84_86_NSP_GenomeWideSNP_6_B09_1376610	1	145092494	152555527	2656	0.2447
TOPOS_p_TCGAb_352_353_84_86_NSP_GenomeWideSNP_6_B09_1376610	1	152555706	152586238	31	1.8286
TOPOS_p_TCGAb_352_353_84_86_NSP_GenomeWideSNP_6_B09_1376610	1	152586278	152759678	174	0.2281
TOPOS_p_TCGAb_352_353_84_86_NSP_GenomeWideSNP_6_B09_1376610	1	152761923	152768359	35	0.9124
TOPOS_p_TCGAb_352_353_84_86_NSP_GenomeWideSNP_6_B09_1376610	1	152768570	155656969	1547	0.2489
TOPOS_p_TCGAb_352_353_84_86_NSP_GenomeWideSNP_6_B09_1376610	1	155661227	155663357	3	-0.7485
TOPOS_p_TCGAb_352_353_84_86_NSP_GenomeWideSNP_6_B09_1376610	1	155666961	158337635	1555	0.2446
TOPOS_p_TCGAb_352_353_84_86_NSP_GenomeWideSNP_6_B09_1376610	1	158338434	158353212	13	-0.4248
TOPOS_p_TCGAb_352_353_84_86_NSP_GenomeWideSNP_6_B09_1376610	1	158362442	193155792	23879	0.2119
TOPOS_p_TCGAb_352_353_84_86_NSP_GenomeWideSNP_6_B09_1376610	1	193156279	193156348	4	1.4924
TOPOS_p_TCGAb_352_353_84_86_NSP_GenomeWideSNP_6_B09_1376610	1	193159723	195265782	1448	0.2152
TOPOS_p_TCGAb_352_353_84_86_NSP_GenomeWideSNP_6_B09_1376610	1	195267053	195267824	4	-0.9243
TOPOS_p_TCGAb_352_353_84_86_NSP_GenomeWideSNP_6_B09_1376610	1	195270713	196714873	939	0.2095
TOPOS_p_TCGAb_352_353_84_86_NSP_GenomeWideSNP_6_B09_1376610	1	196727850	196732086	4	-1.3377
TOPOS_p_TCGAb_352_353_84_86_NSP_GenomeWideSNP_6_B09_1376610	1	196738623	248737447	35714	0.2085
TOPOS_p_TCGAb_352_353_84_86_NSP_GenomeWideSNP_6_B09_1376610	1	248749194	248797213	33	-0.6262
TOPOS_p_TCGAb_352_353_84_86_NSP_GenomeWideSNP_6_B09_1376610	1	248805339	249224388	145	0.2244
TOPOS_p_TCGAb_352_353_84_86_NSP_GenomeWideSNP_6_B09_1376610	2	12784	34691069	24026	0.1862
TOPOS_p_TCGAb_352_353_84_86_NSP_GenomeWideSNP_6_B09_1376610	2	34701394	34737163	46	0.8682
TOPOS_p_TCGAb_352_353_84_86_NSP_GenomeWideSNP_6_B09_1376610	2	34737556	35636223	606	0.1692
TOPOS_p_TCGAb_352_353_84_86_NSP_GenomeWideSNP_6_B09_1376610	2	35636411	35636989	3	1.4706
TOPOS_p_TCGAb_352_353_84_86_NSP_GenomeWideSNP_6_B09_1376610	2	35637002	35975973	266	0.1544
TOPOS_p_TCGAb_352_353_84_86_NSP_GenomeWideSNP_6_B09_1376610	2	35977790	35986908	5	-1.4947
TOPOS_p_TCGAb_352_353_84_86_NSP_GenomeWideSNP_6_B09_1376610	2	35987916	52754468	12105	0.1918
TOPOS_p_TCGAb_352_353_84_86_NSP_GenomeWideSNP_6_B09_1376610	2	52754480	52781542	39	1.0087
TOPOS_p_TCGAb_352_353_84_86_NSP_GenomeWideSNP_6_B09_1376610	2	52787949	86937687	21865	0.1898
TOPOS_p_TCGAb_352_353_84_86_NSP_GenomeWideSNP_6_B09_1376610	2	86953070	86953854	2	-1.7414
TOPOS_p_TCGAb_352_353_84_86_NSP_GenomeWideSNP_6_B09_1376610	2	86970406	98025647	2135	0.1848
TOPOS_p_TCGAb_352_353_84_86_NSP_GenomeWideSNP_6_B09_1376610	2	98063372	98162189	12	1.1769
TOPOS_p_TCGAb_352_353_84_86_NSP_GenomeWideSNP_6_B09_1376610	2	98166878	132704084	20518	0.1837
TOPOS_p_TCGAb_352_353_84_86_NSP_GenomeWideSNP_6_B09_1376610	2	132709194	132719550	3	-1.4183
TOPOS_p_TCGAb_352_353_84_86_NSP_GenomeWideSNP_6_B09_1376610	2	132719715	133280843	241	0.1677
TOPOS_p_TCGAb_352_353_84_86_NSP_GenomeWideSNP_6_B09_1376610	2	133280984	133302296	44	0.7181
TOPOS_p_TCGAb_352_353_84_86_NSP_GenomeWideSNP_6_B09_1376610	2	133302367	146864443	8640	0.178
TOPOS_p_TCGAb_352_353_84_86_NSP_GenomeWideSNP_6_B09_1376610	2	146864457	146866934	21	0.853
TOPOS_p_TCGAb_352_353_84_86_NSP_GenomeWideSNP_6_B09_1376610	2	146877806	180413362	20450	0.1815
TOPOS_p_TCGAb_352_353_84_86_NSP_GenomeWideSNP_6_B09_1376610	2	180413371	180422137	31	-0.5676
TOPOS_p_TCGAb_352_353_84_86_NSP_GenomeWideSNP_6_B09_1376610	2	180425643	189118923	5191	0.1803
TOPOS_p_TCGAb_352_353_84_86_NSP_GenomeWideSNP_6_B09_1376610	2	189119928	189126930	4	-1.5929
TOPOS_p_TCGAb_352_353_84_86_NSP_GenomeWideSNP_6_B09_1376610	2	189129058	189569703	190	0.2072
TOPOS_p_TCGAb_352_353_84_86_NSP_GenomeWideSNP_6_B09_1376610	2	189570047	189578833	20	-0.6035
TOPOS_p_TCGAb_352_353_84_86_NSP_GenomeWideSNP_6_B09_1376610	2	189579010	243089456	33067	0.1893
TOPOS_p_TCGAb_352_353_84_86_NSP_GenomeWideSNP_6_B09_1376610	3	60345	46793377	33126	0.202
TOPOS_p_TCGAb_352_353_84_86_NSP_GenomeWideSNP_6_B09_1376610	3	46801817	46849589	40	-0.6009
TOPOS_p_TCGAb_352_353_84_86_NSP_GenomeWideSNP_6_B09_1376610	3	46859479	61606155	8981	0.2112
TOPOS_p_TCGAb_352_353_84_86_NSP_GenomeWideSNP_6_B09_1376610	3	61606237	61612245	2	-1.4261
TOPOS_p_TCGAb_352_353_84_86_NSP_GenomeWideSNP_6_B09_1376610	3	61613397	62166837	483	0.1962
TOPOS_p_TCGAb_352_353_84_86_NSP_GenomeWideSNP_6_B09_1376610	3	62167188	62177565	12	-0.39
TOPOS_p_TCGAb_352_353_84_86_NSP_GenomeWideSNP_6_B09_1376610	3	62177776	63133304	785	0.1829
TOPOS_p_TCGAb_352_353_84_86_NSP_GenomeWideSNP_6_B09_1376610	3	63134837	63142191	4	-1.6247
TOPOS_p_TCGAb_352_353_84_86_NSP_GenomeWideSNP_6_B09_1376610	3	63143010	100411361	20986	0.2026
TOPOS_p_TCGAb_352_353_84_86_NSP_GenomeWideSNP_6_B09_1376610	3	100411877	100411894	2	-1.4354
TOPOS_p_TCGAb_352_353_84_86_NSP_GenomeWideSNP_6_B09_1376610	3	100413181	129776676	17891	0.1982
TOPOS_p_TCGAb_352_353_84_86_NSP_GenomeWideSNP_6_B09_1376610	3	129780876	129806236	48	0.7336
TOPOS_p_TCGAb_352_353_84_86_NSP_GenomeWideSNP_6_B09_1376610	3	129806924	162512739	20231	0.2009
TOPOS_p_TCGAb_352_353_84_86_NSP_GenomeWideSNP_6_B09_1376610	3	162513092	162625995	68	0.9352
TOPOS_p_TCGAb_352_353_84_86_NSP_GenomeWideSNP_6_B09_1376610	3	162626572	187595294	15318	0.1999
TOPOS_p_TCGAb_352_353_84_86_NSP_GenomeWideSNP_6_B09_1376610	3	187595378	187595713	2	1.8126
TOPOS_p_TCGAb_352_353_84_86_NSP_GenomeWideSNP_6_B09_1376610	3	187595740	192596397	3608	0.1941
TOPOS_p_TCGAb_352_353_84_86_NSP_GenomeWideSNP_6_B09_1376610	3	192602613	192609947	30	-0.5912
TOPOS_p_TCGAb_352_353_84_86_NSP_GenomeWideSNP_6_B09_1376610	3	192610153	192877902	180	0.1791
TOPOS_p_TCGAb_352_353_84_86_NSP_GenomeWideSNP_6_B09_1376610	3	192877962	192882903	19	2.1707
TOPOS_p_TCGAb_352_353_84_86_NSP_GenomeWideSNP_6_B09_1376610	3	192886435	197896118	2694	0.2261
TOPOS_p_TCGAb_352_353_84_86_NSP_GenomeWideSNP_6_B09_1376610	4	12281	9456977	5221	-0.1587
TOPOS_p_TCGAb_352_353_84_86_NSP_GenomeWideSNP_6_B09_1376610	4	9461230	9479345	9	1.2464
TOPOS_p_TCGAb_352_353_84_86_NSP_GenomeWideSNP_6_B09_1376610	4	9486087	10210390	542	-0.1766
TOPOS_p_TCGAb_352_353_84_86_NSP_GenomeWideSNP_6_B09_1376610	4	10214160	10235268	36	1.6395
TOPOS_p_TCGAb_352_353_84_86_NSP_GenomeWideSNP_6_B09_1376610	4	10236142	15759680	4362	-0.1596
TOPOS_p_TCGAb_352_353_84_86_NSP_GenomeWideSNP_6_B09_1376610	4	15760071	15768467	6	-1.3706
TOPOS_p_TCGAb_352_353_84_86_NSP_GenomeWideSNP_6_B09_1376610	4	15770911	34765771	12567	-0.1643
TOPOS_p_TCGAb_352_353_84_86_NSP_GenomeWideSNP_6_B09_1376610	4	34770306	34831818	53	0.276
TOPOS_p_TCGAb_352_353_84_86_NSP_GenomeWideSNP_6_B09_1376610	4	34831867	69217899	19392	-0.1538
TOPOS_p_TCGAb_352_353_84_86_NSP_GenomeWideSNP_6_B09_1376610	4	69218052	69374955	36	0.3101
TOPOS_p_TCGAb_352_353_84_86_NSP_GenomeWideSNP_6_B09_1376610	4	69375160	69484109	60	-0.5543
TOPOS_p_TCGAb_352_353_84_86_NSP_GenomeWideSNP_6_B09_1376610	4	69485840	115175323	27652	-0.1574
TOPOS_p_TCGAb_352_353_84_86_NSP_GenomeWideSNP_6_B09_1376610	4	115175344	115184266	25	0.3966
TOPOS_p_TCGAb_352_353_84_86_NSP_GenomeWideSNP_6_B09_1376610	4	115184310	122281973	4334	-0.1543
TOPOS_p_TCGAb_352_353_84_86_NSP_GenomeWideSNP_6_B09_1376610	4	122282468	122285135	28	-1.0341
TOPOS_p_TCGAb_352_353_84_86_NSP_GenomeWideSNP_6_B09_1376610	4	122291131	140229007	10394	-0.156
TOPOS_p_TCGAb_352_353_84_86_NSP_GenomeWideSNP_6_B09_1376610	4	140232546	140234360	3	1.2575
TOPOS_p_TCGAb_352_353_84_86_NSP_GenomeWideSNP_6_B09_1376610	4	140235073	151876351	6843	-0.1594
TOPOS_p_TCGAb_352_353_84_86_NSP_GenomeWideSNP_6_B09_1376610	4	151876406	151884300	22	-0.9865
TOPOS_p_TCGAb_352_353_84_86_NSP_GenomeWideSNP_6_B09_1376610	4	151884306	152600013	319	-0.1562
TOPOS_p_TCGAb_352_353_84_86_NSP_GenomeWideSNP_6_B09_1376610	4	152603164	152603357	4	-2.972
TOPOS_p_TCGAb_352_353_84_86_NSP_GenomeWideSNP_6_B09_1376610	4	152603475	161874000	5990	-0.161
TOPOS_p_TCGAb_352_353_84_86_NSP_GenomeWideSNP_6_B09_1376610	4	161880018	161884908	21	-1.0733
TOPOS_p_TCGAb_352_353_84_86_NSP_GenomeWideSNP_6_B09_1376610	4	161884919	165861752	2620	-0.1557
TOPOS_p_TCGAb_352_353_84_86_NSP_GenomeWideSNP_6_B09_1376610	4	165869538	165882293	11	0.6083
TOPOS_p_TCGAb_352_353_84_86_NSP_GenomeWideSNP_6_B09_1376610	4	165891630	171444452	3446	-0.1531
TOPOS_p_TCGAb_352_353_84_86_NSP_GenomeWideSNP_6_B09_1376610	4	171445938	171447708	2	-1.7334
TOPOS_p_TCGAb_352_353_84_86_NSP_GenomeWideSNP_6_B09_1376610	4	171448234	172368531	580	-0.1603
TOPOS_p_TCGAb_352_353_84_86_NSP_GenomeWideSNP_6_B09_1376610	4	172369346	172377710	11	0.5555
TOPOS_p_TCGAb_352_353_84_86_NSP_GenomeWideSNP_6_B09_1376610	4	172377724	172987928	396	-0.1724
TOPOS_p_TCGAb_352_353_84_86_NSP_GenomeWideSNP_6_B09_1376610	4	172989148	172989533	12	0.9808
TOPOS_p_TCGAb_352_353_84_86_NSP_GenomeWideSNP_6_B09_1376610	4	172995979	191027923	12087	-0.1598
TOPOS_p_TCGAb_352_353_84_86_NSP_GenomeWideSNP_6_B09_1376610	5	15532	731769	319	0.1894
TOPOS_p_TCGAb_352_353_84_86_NSP_GenomeWideSNP_6_B09_1376610	5	731891	800686	22	0.5481
TOPOS_p_TCGAb_352_353_84_86_NSP_GenomeWideSNP_6_B09_1376610	5	800839	823599	17	1.1822
TOPOS_p_TCGAb_352_353_84_86_NSP_GenomeWideSNP_6_B09_1376610	5	823770	46191884	30318	0.205
TOPOS_p_TCGAb_352_353_84_86_NSP_GenomeWideSNP_6_B09_1376610	5	46195883	46199435	4	-1.1226
TOPOS_p_TCGAb_352_353_84_86_NSP_GenomeWideSNP_6_B09_1376610	5	46209299	46251306	13	0.4007
TOPOS_p_TCGAb_352_353_84_86_NSP_GenomeWideSNP_6_B09_1376610	5	46271008	46273502	8	1.6654
TOPOS_p_TCGAb_352_353_84_86_NSP_GenomeWideSNP_6_B09_1376610	5	46278212	57321646	5061	0.2064
TOPOS_p_TCGAb_352_353_84_86_NSP_GenomeWideSNP_6_B09_1376610	5	57326027	57341144	36	-0.2152
TOPOS_p_TCGAb_352_353_84_86_NSP_GenomeWideSNP_6_B09_1376610	5	57342120	75579762	10547	0.2062
TOPOS_p_TCGAb_352_353_84_86_NSP_GenomeWideSNP_6_B09_1376610	5	75579952	75580696	3	-1.251
TOPOS_p_TCGAb_352_353_84_86_NSP_GenomeWideSNP_6_B09_1376610	5	75581597	172599499	61451	0.1979
TOPOS_p_TCGAb_352_353_84_86_NSP_GenomeWideSNP_6_B09_1376610	5	172604797	172612565	8	-0.9706
TOPOS_p_TCGAb_352_353_84_86_NSP_GenomeWideSNP_6_B09_1376610	5	172614772	177198449	2898	0.2143
TOPOS_p_TCGAb_352_353_84_86_NSP_GenomeWideSNP_6_B09_1376610	5	177227551	177232605	3	2.171
TOPOS_p_TCGAb_352_353_84_86_NSP_GenomeWideSNP_6_B09_1376610	5	177254965	180790320	1992	0.2339
TOPOS_p_TCGAb_352_353_84_86_NSP_GenomeWideSNP_6_B09_1376610	6	149661	254283	101	-0.2652
TOPOS_p_TCGAb_352_353_84_86_NSP_GenomeWideSNP_6_B09_1376610	6	257353	302306	24	0.564
TOPOS_p_TCGAb_352_353_84_86_NSP_GenomeWideSNP_6_B09_1376610	6	303017	26739025	20066	-0.1795
TOPOS_p_TCGAb_352_353_84_86_NSP_GenomeWideSNP_6_B09_1376610	6	26742099	26754393	7	1.2485
TOPOS_p_TCGAb_352_353_84_86_NSP_GenomeWideSNP_6_B09_1376610	6	26755915	43892190	9796	-0.1499
TOPOS_p_TCGAb_352_353_84_86_NSP_GenomeWideSNP_6_B09_1376610	6	43892938	43904901	16	-0.7184
TOPOS_p_TCGAb_352_353_84_86_NSP_GenomeWideSNP_6_B09_1376610	6	43905037	47368464	2336	-0.1767
TOPOS_p_TCGAb_352_353_84_86_NSP_GenomeWideSNP_6_B09_1376610	6	47368687	47369341	2	-1.8828
TOPOS_p_TCGAb_352_353_84_86_NSP_GenomeWideSNP_6_B09_1376610	6	47371107	47611442	117	-0.1901
TOPOS_p_TCGAb_352_353_84_86_NSP_GenomeWideSNP_6_B09_1376610	6	47614933	47615625	2	-1.7391
TOPOS_p_TCGAb_352_353_84_86_NSP_GenomeWideSNP_6_B09_1376610	6	47617654	48625375	609	-0.1981
TOPOS_p_TCGAb_352_353_84_86_NSP_GenomeWideSNP_6_B09_1376610	6	48626930	48627486	3	-1.3656
TOPOS_p_TCGAb_352_353_84_86_NSP_GenomeWideSNP_6_B09_1376610	6	48627602	52623119	2511	-0.195
TOPOS_p_TCGAb_352_353_84_86_NSP_GenomeWideSNP_6_B09_1376610	6	52623416	52624027	3	0.7702
TOPOS_p_TCGAb_352_353_84_86_NSP_GenomeWideSNP_6_B09_1376610	6	52624070	52624598	2	-2.4602
TOPOS_p_TCGAb_352_353_84_86_NSP_GenomeWideSNP_6_B09_1376610	6	52625050	53931151	986	-0.1762
TOPOS_p_TCGAb_352_353_84_86_NSP_GenomeWideSNP_6_B09_1376610	6	53931230	53931855	6	1.2959
TOPOS_p_TCGAb_352_353_84_86_NSP_GenomeWideSNP_6_B09_1376610	6	53935348	77429199	12255	-0.1733
TOPOS_p_TCGAb_352_353_84_86_NSP_GenomeWideSNP_6_B09_1376610	6	77429231	77452641	23	0.3293
TOPOS_p_TCGAb_352_353_84_86_NSP_GenomeWideSNP_6_B09_1376610	6	77452673	78971697	984	-0.185
TOPOS_p_TCGAb_352_353_84_86_NSP_GenomeWideSNP_6_B09_1376610	6	78971712	79046661	117	0.2359
TOPOS_p_TCGAb_352_353_84_86_NSP_GenomeWideSNP_6_B09_1376610	6	79051614	125490213	28838	-0.1785
TOPOS_p_TCGAb_352_353_84_86_NSP_GenomeWideSNP_6_B09_1376610	6	125490978	125494570	2	-2.1262
TOPOS_p_TCGAb_352_353_84_86_NSP_GenomeWideSNP_6_B09_1376610	6	125494729	171051005	30681	-0.1848
TOPOS_p_TCGAb_352_353_84_86_NSP_GenomeWideSNP_6_B09_1376610	7	43355	54380373	38437	0.2082
TOPOS_p_TCGAb_352_353_84_86_NSP_GenomeWideSNP_6_B09_1376610	7	54386505	54386517	6	1.6792
TOPOS_p_TCGAb_352_353_84_86_NSP_GenomeWideSNP_6_B09_1376610	7	54393488	64568852	3135	0.2177
TOPOS_p_TCGAb_352_353_84_86_NSP_GenomeWideSNP_6_B09_1376610	7	64594065	64663224	12	0.9774
TOPOS_p_TCGAb_352_353_84_86_NSP_GenomeWideSNP_6_B09_1376610	7	64663238	76179714	5317	0.2061
TOPOS_p_TCGAb_352_353_84_86_NSP_GenomeWideSNP_6_B09_1376610	7	76197430	76711915	261	0.5687
TOPOS_p_TCGAb_352_353_84_86_NSP_GenomeWideSNP_6_B09_1376610	7	76712801	91208142	9517	0.1999
TOPOS_p_TCGAb_352_353_84_86_NSP_GenomeWideSNP_6_B09_1376610	7	91218884	91219132	3	-1.4069
TOPOS_p_TCGAb_352_353_84_86_NSP_GenomeWideSNP_6_B09_1376610	7	91225032	91357869	96	0.1805
TOPOS_p_TCGAb_352_353_84_86_NSP_GenomeWideSNP_6_B09_1376610	7	91358294	91358771	4	2.0507
TOPOS_p_TCGAb_352_353_84_86_NSP_GenomeWideSNP_6_B09_1376610	7	91358789	109441212	10381	0.2056
TOPOS_p_TCGAb_352_353_84_86_NSP_GenomeWideSNP_6_B09_1376610	7	109441244	109453910	11	0.9435
TOPOS_p_TCGAb_352_353_84_86_NSP_GenomeWideSNP_6_B09_1376610	7	109453982	118131680	5322	0.1906
TOPOS_p_TCGAb_352_353_84_86_NSP_GenomeWideSNP_6_B09_1376610	7	118135741	118161372	16	-0.7146
TOPOS_p_TCGAb_352_353_84_86_NSP_GenomeWideSNP_6_B09_1376610	7	118164730	119153342	526	0.2106
TOPOS_p_TCGAb_352_353_84_86_NSP_GenomeWideSNP_6_B09_1376610	7	119156523	119162019	10	-0.5803
TOPOS_p_TCGAb_352_353_84_86_NSP_GenomeWideSNP_6_B09_1376610	7	119162447	119292222	67	0.1326
TOPOS_p_TCGAb_352_353_84_86_NSP_GenomeWideSNP_6_B09_1376610	7	119292775	119595987	162	-0.4362
TOPOS_p_TCGAb_352_353_84_86_NSP_GenomeWideSNP_6_B09_1376610	7	119596169	133785340	8610	0.1969
TOPOS_p_TCGAb_352_353_84_86_NSP_GenomeWideSNP_6_B09_1376610	7	133785377	133798558	29	0.6852
TOPOS_p_TCGAb_352_353_84_86_NSP_GenomeWideSNP_6_B09_1376610	7	133798846	141770260	5189	0.2025
TOPOS_p_TCGAb_352_353_84_86_NSP_GenomeWideSNP_6_B09_1376610	7	141770369	141770532	3	-1.3263
TOPOS_p_TCGAb_352_353_84_86_NSP_GenomeWideSNP_6_B09_1376610	7	141770627	142474939	481	0.2425
TOPOS_p_TCGAb_352_353_84_86_NSP_GenomeWideSNP_6_B09_1376610	7	142476719	142486045	27	0.9798
TOPOS_p_TCGAb_352_353_84_86_NSP_GenomeWideSNP_6_B09_1376610	7	142486115	143216729	464	0.2109
TOPOS_p_TCGAb_352_353_84_86_NSP_GenomeWideSNP_6_B09_1376610	7	143216852	143594788	120	0.5803
TOPOS_p_TCGAb_352_353_84_86_NSP_GenomeWideSNP_6_B09_1376610	7	143594903	159127004	9946	0.2002
TOPOS_p_TCGAb_352_353_84_86_NSP_GenomeWideSNP_6_B09_1376610	8	31254	593041	327	0.1433
TOPOS_p_TCGAb_352_353_84_86_NSP_GenomeWideSNP_6_B09_1376610	8	594944	595908	10	2.0138
TOPOS_p_TCGAb_352_353_84_86_NSP_GenomeWideSNP_6_B09_1376610	8	601043	2232901	1297	0.1597
TOPOS_p_TCGAb_352_353_84_86_NSP_GenomeWideSNP_6_B09_1376610	8	2246532	2256277	16	0.6923
TOPOS_p_TCGAb_352_353_84_86_NSP_GenomeWideSNP_6_B09_1376610	8	2258839	2322801	108	0.1547
TOPOS_p_TCGAb_352_353_84_86_NSP_GenomeWideSNP_6_B09_1376610	8	2330767	2339651	2	2.9862
TOPOS_p_TCGAb_352_353_84_86_NSP_GenomeWideSNP_6_B09_1376610	8	2343530	3784187	1661	0.183
TOPOS_p_TCGAb_352_353_84_86_NSP_GenomeWideSNP_6_B09_1376610	8	3787060	3790106	24	-0.4338
TOPOS_p_TCGAb_352_353_84_86_NSP_GenomeWideSNP_6_B09_1376610	8	3791218	4019672	379	0.1958
TOPOS_p_TCGAb_352_353_84_86_NSP_GenomeWideSNP_6_B09_1376610	8	4020175	4022182	2	-2.1659
TOPOS_p_TCGAb_352_353_84_86_NSP_GenomeWideSNP_6_B09_1376610	8	4022682	11776060	7361	0.1934
TOPOS_p_TCGAb_352_353_84_86_NSP_GenomeWideSNP_6_B09_1376610	8	11783007	11783036	2	-1.5625
TOPOS_p_TCGAb_352_353_84_86_NSP_GenomeWideSNP_6_B09_1376610	8	11786255	13599177	1210	0.21
TOPOS_p_TCGAb_352_353_84_86_NSP_GenomeWideSNP_6_B09_1376610	8	13599223	13609690	30	-0.5899
TOPOS_p_TCGAb_352_353_84_86_NSP_GenomeWideSNP_6_B09_1376610	8	13609764	16197191	2405	0.2064
TOPOS_p_TCGAb_352_353_84_86_NSP_GenomeWideSNP_6_B09_1376610	8	16206954	16207123	8	-1.1147
TOPOS_p_TCGAb_352_353_84_86_NSP_GenomeWideSNP_6_B09_1376610	8	16212084	16383973	165	0.2617
TOPOS_p_TCGAb_352_353_84_86_NSP_GenomeWideSNP_6_B09_1376610	8	16384262	16384455	4	-0.8062
TOPOS_p_TCGAb_352_353_84_86_NSP_GenomeWideSNP_6_B09_1376610	8	16384503	26566735	7981	0.2155
TOPOS_p_TCGAb_352_353_84_86_NSP_GenomeWideSNP_6_B09_1376610	8	26567924	26567987	3	-1.2211
TOPOS_p_TCGAb_352_353_84_86_NSP_GenomeWideSNP_6_B09_1376610	8	26568110	39230659	7787	0.2067
TOPOS_p_TCGAb_352_353_84_86_NSP_GenomeWideSNP_6_B09_1376610	8	39235603	39386965	59	1.1842
TOPOS_p_TCGAb_352_353_84_86_NSP_GenomeWideSNP_6_B09_1376610	8	39388299	64848636	13623	0.2036
TOPOS_p_TCGAb_352_353_84_86_NSP_GenomeWideSNP_6_B09_1376610	8	64848897	64849118	6	1.4753
TOPOS_p_TCGAb_352_353_84_86_NSP_GenomeWideSNP_6_B09_1376610	8	64849510	95557552	18055	0.1925
TOPOS_p_TCGAb_352_353_84_86_NSP_GenomeWideSNP_6_B09_1376610	8	95557602	95557992	6	1.7707
TOPOS_p_TCGAb_352_353_84_86_NSP_GenomeWideSNP_6_B09_1376610	8	95558115	112291494	10247	0.1945
TOPOS_p_TCGAb_352_353_84_86_NSP_GenomeWideSNP_6_B09_1376610	8	112294279	112295260	10	0.9046
TOPOS_p_TCGAb_352_353_84_86_NSP_GenomeWideSNP_6_B09_1376610	8	112300281	112741133	229	0.1986
TOPOS_p_TCGAb_352_353_84_86_NSP_GenomeWideSNP_6_B09_1376610	8	112741199	112741941	3	-0.8063
TOPOS_p_TCGAb_352_353_84_86_NSP_GenomeWideSNP_6_B09_1376610	8	112742232	115632043	1592	0.1991
TOPOS_p_TCGAb_352_353_84_86_NSP_GenomeWideSNP_6_B09_1376610	8	115634487	115641569	32	-0.3068
TOPOS_p_TCGAb_352_353_84_86_NSP_GenomeWideSNP_6_B09_1376610	8	115641585	146298155	21006	0.2002
TOPOS_p_TCGAb_352_353_84_86_NSP_GenomeWideSNP_6_B09_1376610	9	46587	8708188	8331	-0.1822
TOPOS_p_TCGAb_352_353_84_86_NSP_GenomeWideSNP_6_B09_1376610	9	8710180	8712365	3	-2.8685
TOPOS_p_TCGAb_352_353_84_86_NSP_GenomeWideSNP_6_B09_1376610	9	8712601	9173304	390	-0.2254
TOPOS_p_TCGAb_352_353_84_86_NSP_GenomeWideSNP_6_B09_1376610	9	9173886	9176176	2	-2.3432
TOPOS_p_TCGAb_352_353_84_86_NSP_GenomeWideSNP_6_B09_1376610	9	9176870	43663163	22517	-0.1699
TOPOS_p_TCGAb_352_353_84_86_NSP_GenomeWideSNP_6_B09_1376610	9	43666330	43790346	18	-0.8848
TOPOS_p_TCGAb_352_353_84_86_NSP_GenomeWideSNP_6_B09_1376610	9	43800186	44629223	50	0.141
TOPOS_p_TCGAb_352_353_84_86_NSP_GenomeWideSNP_6_B09_1376610	9	44727859	44837527	34	-1.2294
TOPOS_p_TCGAb_352_353_84_86_NSP_GenomeWideSNP_6_B09_1376610	9	44840918	68183981	157	-0.0583
TOPOS_p_TCGAb_352_353_84_86_NSP_GenomeWideSNP_6_B09_1376610	9	68186051	68188547	8	1.4435
TOPOS_p_TCGAb_352_353_84_86_NSP_GenomeWideSNP_6_B09_1376610	9	68209916	69522825	132	-0.1765
TOPOS_p_TCGAb_352_353_84_86_NSP_GenomeWideSNP_6_B09_1376610	9	69533038	69630339	9	1.1192
TOPOS_p_TCGAb_352_353_84_86_NSP_GenomeWideSNP_6_B09_1376610	9	69637154	69941944	47	-0.0891
TOPOS_p_TCGAb_352_353_84_86_NSP_GenomeWideSNP_6_B09_1376610	9	69941945	69941946	2	1.5167
TOPOS_p_TCGAb_352_353_84_86_NSP_GenomeWideSNP_6_B09_1376610	9	69941947	76065504	3749	-0.1755
TOPOS_p_TCGAb_352_353_84_86_NSP_GenomeWideSNP_6_B09_1376610	9	76068012	76078682	9	-0.9999
TOPOS_p_TCGAb_352_353_84_86_NSP_GenomeWideSNP_6_B09_1376610	9	76079163	85673400	6833	-0.1698
TOPOS_p_TCGAb_352_353_84_86_NSP_GenomeWideSNP_6_B09_1376610	9	85682040	85722151	15	-1.4436
TOPOS_p_TCGAb_352_353_84_86_NSP_GenomeWideSNP_6_B09_1376610	9	85722586	140252947	36840	-0.1531
TOPOS_p_TCGAb_352_353_84_86_NSP_GenomeWideSNP_6_B09_1376610	9	140255642	140255833	3	1.248
TOPOS_p_TCGAb_352_353_84_86_NSP_GenomeWideSNP_6_B09_1376610	9	140273003	141091394	412	-0.1567
TOPOS_p_TCGAb_352_353_84_86_NSP_GenomeWideSNP_6_B09_1376610	10	72759	4240107	3523	0.2046
TOPOS_p_TCGAb_352_353_84_86_NSP_GenomeWideSNP_6_B09_1376610	10	4240722	4241572	4	-1.2756
TOPOS_p_TCGAb_352_353_84_86_NSP_GenomeWideSNP_6_B09_1376610	10	4243998	4290814	46	0.1813
TOPOS_p_TCGAb_352_353_84_86_NSP_GenomeWideSNP_6_B09_1376610	10	4290838	4290924	2	1.9736
TOPOS_p_TCGAb_352_353_84_86_NSP_GenomeWideSNP_6_B09_1376610	10	4291016	24377921	15590	0.2169
TOPOS_p_TCGAb_352_353_84_86_NSP_GenomeWideSNP_6_B09_1376610	10	24378054	24380930	12	-0.5654
TOPOS_p_TCGAb_352_353_84_86_NSP_GenomeWideSNP_6_B09_1376610	10	24381024	25595373	799	0.203
TOPOS_p_TCGAb_352_353_84_86_NSP_GenomeWideSNP_6_B09_1376610	10	25597308	25600208	2	-1.8828
TOPOS_p_TCGAb_352_353_84_86_NSP_GenomeWideSNP_6_B09_1376610	10	25601033	46256781	11461	0.2094
TOPOS_p_TCGAb_352_353_84_86_NSP_GenomeWideSNP_6_B09_1376610	10	46293619	46485761	3	-1.1872
TOPOS_p_TCGAb_352_353_84_86_NSP_GenomeWideSNP_6_B09_1376610	10	46506788	46691159	9	0.1443
TOPOS_p_TCGAb_352_353_84_86_NSP_GenomeWideSNP_6_B09_1376610	10	46691480	46932195	5	1.5136
TOPOS_p_TCGAb_352_353_84_86_NSP_GenomeWideSNP_6_B09_1376610	10	46943377	47058899	79	0.305
TOPOS_p_TCGAb_352_353_84_86_NSP_GenomeWideSNP_6_B09_1376610	10	47058920	47059806	18	-0.1258
TOPOS_p_TCGAb_352_353_84_86_NSP_GenomeWideSNP_6_B09_1376610	10	47059821	47703613	258	0.5471
TOPOS_p_TCGAb_352_353_84_86_NSP_GenomeWideSNP_6_B09_1376610	10	47704605	135506704	58906	0.2068
TOPOS_p_TCGAb_352_353_84_86_NSP_GenomeWideSNP_6_B09_1376610	11	198510	4967396	2465	0.2119
TOPOS_p_TCGAb_352_353_84_86_NSP_GenomeWideSNP_6_B09_1376610	11	4967650	4976892	43	0.8321
TOPOS_p_TCGAb_352_353_84_86_NSP_GenomeWideSNP_6_B09_1376610	11	4976907	25614874	15486	0.2036
TOPOS_p_TCGAb_352_353_84_86_NSP_GenomeWideSNP_6_B09_1376610	11	25614976	25624741	18	-0.7442
TOPOS_p_TCGAb_352_353_84_86_NSP_GenomeWideSNP_6_B09_1376610	11	25633583	31393294	3799	0.1939
TOPOS_p_TCGAb_352_353_84_86_NSP_GenomeWideSNP_6_B09_1376610	11	31394268	31397080	2	-2.2589
TOPOS_p_TCGAb_352_353_84_86_NSP_GenomeWideSNP_6_B09_1376610	11	31398207	33323004	1216	0.1902
TOPOS_p_TCGAb_352_353_84_86_NSP_GenomeWideSNP_6_B09_1376610	11	33325278	33337633	7	1.1539
TOPOS_p_TCGAb_352_353_84_86_NSP_GenomeWideSNP_6_B09_1376610	11	33344030	55374048	11480	0.2042
TOPOS_p_TCGAb_352_353_84_86_NSP_GenomeWideSNP_6_B09_1376610	11	55374188	55447465	54	0.6429
TOPOS_p_TCGAb_352_353_84_86_NSP_GenomeWideSNP_6_B09_1376610	11	55452534	71395669	8324	0.2341
TOPOS_p_TCGAb_352_353_84_86_NSP_GenomeWideSNP_6_B09_1376610	11	71396255	71400458	3	-1.0834
TOPOS_p_TCGAb_352_353_84_86_NSP_GenomeWideSNP_6_B09_1376610	11	71405466	81503468	6229	0.2165
TOPOS_p_TCGAb_352_353_84_86_NSP_GenomeWideSNP_6_B09_1376610	11	81503992	81517158	10	-0.5456
TOPOS_p_TCGAb_352_353_84_86_NSP_GenomeWideSNP_6_B09_1376610	11	81522632	89474831	5279	0.1913
TOPOS_p_TCGAb_352_353_84_86_NSP_GenomeWideSNP_6_B09_1376610	11	89487949	89529607	6	-1.4423
TOPOS_p_TCGAb_352_353_84_86_NSP_GenomeWideSNP_6_B09_1376610	11	89535468	134944770	32360	0.1961
TOPOS_p_TCGAb_352_353_84_86_NSP_GenomeWideSNP_6_B09_1376610	12	150442	3955504	2515	-0.1541
TOPOS_p_TCGAb_352_353_84_86_NSP_GenomeWideSNP_6_B09_1376610	12	3959567	4067264	95	0.5664
TOPOS_p_TCGAb_352_353_84_86_NSP_GenomeWideSNP_6_B09_1376610	12	4070332	4421362	325	-0.177
TOPOS_p_TCGAb_352_353_84_86_NSP_GenomeWideSNP_6_B09_1376610	12	4421413	4422437	2	1.3097
TOPOS_p_TCGAb_352_353_84_86_NSP_GenomeWideSNP_6_B09_1376610	12	4425008	8556693	2646	-0.1414
TOPOS_p_TCGAb_352_353_84_86_NSP_GenomeWideSNP_6_B09_1376610	12	8558488	8594894	23	0.7049
TOPOS_p_TCGAb_352_353_84_86_NSP_GenomeWideSNP_6_B09_1376610	12	8595531	9630556	560	-0.1439
TOPOS_p_TCGAb_352_353_84_86_NSP_GenomeWideSNP_6_B09_1376610	12	9633870	9728292	25	0.7462
TOPOS_p_TCGAb_352_353_84_86_NSP_GenomeWideSNP_6_B09_1376610	12	9734969	99791814	55848	-0.1658
TOPOS_p_TCGAb_352_353_84_86_NSP_GenomeWideSNP_6_B09_1376610	12	99795293	99798734	31	-0.874
TOPOS_p_TCGAb_352_353_84_86_NSP_GenomeWideSNP_6_B09_1376610	12	99803093	102340872	1573	-0.1733
TOPOS_p_TCGAb_352_353_84_86_NSP_GenomeWideSNP_6_B09_1376610	12	102341901	102342119	3	-1.4711
TOPOS_p_TCGAb_352_353_84_86_NSP_GenomeWideSNP_6_B09_1376610	12	102342952	131147692	19717	-0.1713
TOPOS_p_TCGAb_352_353_84_86_NSP_GenomeWideSNP_6_B09_1376610	12	131147957	131150159	18	-1.64
TOPOS_p_TCGAb_352_353_84_86_NSP_GenomeWideSNP_6_B09_1376610	12	131150369	133778189	1355	-0.166
TOPOS_p_TCGAb_352_353_84_86_NSP_GenomeWideSNP_6_B09_1376610	13	19026949	23629187	2883	-0.1783
TOPOS_p_TCGAb_352_353_84_86_NSP_GenomeWideSNP_6_B09_1376610	13	23629210	23638195	14	0.5032
TOPOS_p_TCGAb_352_353_84_86_NSP_GenomeWideSNP_6_B09_1376610	13	23638210	38070370	10604	-0.1798
TOPOS_p_TCGAb_352_353_84_86_NSP_GenomeWideSNP_6_B09_1376610	13	38071135	38088330	18	-0.8857
TOPOS_p_TCGAb_352_353_84_86_NSP_GenomeWideSNP_6_B09_1376610	13	38088374	38115110	51	-1.8216
TOPOS_p_TCGAb_352_353_84_86_NSP_GenomeWideSNP_6_B09_1376610	13	38125187	51545054	9041	-0.1682
TOPOS_p_TCGAb_352_353_84_86_NSP_GenomeWideSNP_6_B09_1376610	13	51546911	51549198	2	2.0594
TOPOS_p_TCGAb_352_353_84_86_NSP_GenomeWideSNP_6_B09_1376610	13	51549557	57751096	3411	-0.1656
TOPOS_p_TCGAb_352_353_84_86_NSP_GenomeWideSNP_6_B09_1376610	13	57758270	57778380	34	-1.0082
TOPOS_p_TCGAb_352_353_84_86_NSP_GenomeWideSNP_6_B09_1376610	13	57789714	57869187	51	-0.1297
TOPOS_p_TCGAb_352_353_84_86_NSP_GenomeWideSNP_6_B09_1376610	13	57870114	57892235	17	-0.7936
TOPOS_p_TCGAb_352_353_84_86_NSP_GenomeWideSNP_6_B09_1376610	13	57892631	64289316	3769	-0.1732
TOPOS_p_TCGAb_352_353_84_86_NSP_GenomeWideSNP_6_B09_1376610	13	64301604	64405322	63	-0.6704
TOPOS_p_TCGAb_352_353_84_86_NSP_GenomeWideSNP_6_B09_1376610	13	64419191	115108397	34116	-0.1816
TOPOS_p_TCGAb_352_353_84_86_NSP_GenomeWideSNP_6_B09_1376610	14	19002124	74006707	34194	-0.2972
TOPOS_p_TCGAb_352_353_84_86_NSP_GenomeWideSNP_6_B09_1376610	14	74006851	74038551	12	1.4564
TOPOS_p_TCGAb_352_353_84_86_NSP_GenomeWideSNP_6_B09_1376610	14	74044966	74570108	272	-0.2863
TOPOS_p_TCGAb_352_353_84_86_NSP_GenomeWideSNP_6_B09_1376610	14	74570902	74597967	25	0.5144
TOPOS_p_TCGAb_352_353_84_86_NSP_GenomeWideSNP_6_B09_1376610	14	74598319	102508821	18890	-0.3049
TOPOS_p_TCGAb_352_353_84_86_NSP_GenomeWideSNP_6_B09_1376610	14	102514227	102518869	5	-1.4967
TOPOS_p_TCGAb_352_353_84_86_NSP_GenomeWideSNP_6_B09_1376610	14	102518870	106879831	1695	-0.253
TOPOS_p_TCGAb_352_353_84_86_NSP_GenomeWideSNP_6_B09_1376610	14	106881352	106918094	49	-0.8814
TOPOS_p_TCGAb_352_353_84_86_NSP_GenomeWideSNP_6_B09_1376610	14	106918108	107285437	225	-0.3039
TOPOS_p_TCGAb_352_353_84_86_NSP_GenomeWideSNP_6_B09_1376610	15	20016328	20541980	80	-0.6627
TOPOS_p_TCGAb_352_353_84_86_NSP_GenomeWideSNP_6_B09_1376610	15	20549878	20573344	6	-5.0903
TOPOS_p_TCGAb_352_353_84_86_NSP_GenomeWideSNP_6_B09_1376610	15	20574158	20843562	72	-0.6654
TOPOS_p_TCGAb_352_353_84_86_NSP_GenomeWideSNP_6_B09_1376610	15	20847933	22673399	264	-1.2007
TOPOS_p_TCGAb_352_353_84_86_NSP_GenomeWideSNP_6_B09_1376610	15	22681076	23487546	318	-0.6478
TOPOS_p_TCGAb_352_353_84_86_NSP_GenomeWideSNP_6_B09_1376610	15	23641514	23670984	12	-2.6686
TOPOS_p_TCGAb_352_353_84_86_NSP_GenomeWideSNP_6_B09_1376610	15	23671846	24669745	673	-0.6973
TOPOS_p_TCGAb_352_353_84_86_NSP_GenomeWideSNP_6_B09_1376610	15	24674751	24718173	39	-1.5804
TOPOS_p_TCGAb_352_353_84_86_NSP_GenomeWideSNP_6_B09_1376610	15	24718596	62458253	24182	-0.6807
TOPOS_p_TCGAb_352_353_84_86_NSP_GenomeWideSNP_6_B09_1376610	15	62461099	62466171	8	-5.1161
TOPOS_p_TCGAb_352_353_84_86_NSP_GenomeWideSNP_6_B09_1376610	15	62466284	76334556	8138	-0.663
TOPOS_p_TCGAb_352_353_84_86_NSP_GenomeWideSNP_6_B09_1376610	15	76340870	76344889	3	-2.4961
TOPOS_p_TCGAb_352_353_84_86_NSP_GenomeWideSNP_6_B09_1376610	15	76348474	76878362	311	-0.6717
TOPOS_p_TCGAb_352_353_84_86_NSP_GenomeWideSNP_6_B09_1376610	15	76891241	76895775	22	0.1195
TOPOS_p_TCGAb_352_353_84_86_NSP_GenomeWideSNP_6_B09_1376610	15	76902179	86807077	5773	-0.6645
TOPOS_p_TCGAb_352_353_84_86_NSP_GenomeWideSNP_6_B09_1376610	15	86807884	86808346	2	-2.995
TOPOS_p_TCGAb_352_353_84_86_NSP_GenomeWideSNP_6_B09_1376610	15	86809025	89720177	2252	-0.714
TOPOS_p_TCGAb_352_353_84_86_NSP_GenomeWideSNP_6_B09_1376610	15	89720601	89721461	2	-3.3479
TOPOS_p_TCGAb_352_353_84_86_NSP_GenomeWideSNP_6_B09_1376610	15	89722064	100530216	8020	-0.7014
TOPOS_p_TCGAb_352_353_84_86_NSP_GenomeWideSNP_6_B09_1376610	15	100530613	100533218	3	-3.4603
TOPOS_p_TCGAb_352_353_84_86_NSP_GenomeWideSNP_6_B09_1376610	15	100533343	102469040	1481	-0.7474
TOPOS_p_TCGAb_352_353_84_86_NSP_GenomeWideSNP_6_B09_1376610	16	60777	16739438	11769	0.2283
TOPOS_p_TCGAb_352_353_84_86_NSP_GenomeWideSNP_6_B09_1376610	16	16746929	16760686	2	-2.4269
TOPOS_p_TCGAb_352_353_84_86_NSP_GenomeWideSNP_6_B09_1376610	16	16786071	19944363	1694	0.217
TOPOS_p_TCGAb_352_353_84_86_NSP_GenomeWideSNP_6_B09_1376610	16	19945650	19967362	29	-0.4988
TOPOS_p_TCGAb_352_353_84_86_NSP_GenomeWideSNP_6_B09_1376610	16	19970254	32124331	6524	0.2479
TOPOS_p_TCGAb_352_353_84_86_NSP_GenomeWideSNP_6_B09_1376610	16	32146886	32180976	8	1.1679
TOPOS_p_TCGAb_352_353_84_86_NSP_GenomeWideSNP_6_B09_1376610	16	32208746	32463243	34	0.2874
TOPOS_p_TCGAb_352_353_84_86_NSP_GenomeWideSNP_6_B09_1376610	16	32464533	33631830	198	0.8265
TOPOS_p_TCGAb_352_353_84_86_NSP_GenomeWideSNP_6_B09_1376610	16	33643399	49520935	2184	0.2366
TOPOS_p_TCGAb_352_353_84_86_NSP_GenomeWideSNP_6_B09_1376610	16	49521293	49521308	2	-1.1569
TOPOS_p_TCGAb_352_353_84_86_NSP_GenomeWideSNP_6_B09_1376610	16	49522434	57261146	5676	0.225
TOPOS_p_TCGAb_352_353_84_86_NSP_GenomeWideSNP_6_B09_1376610	16	57268688	57272554	2	1.8836
TOPOS_p_TCGAb_352_353_84_86_NSP_GenomeWideSNP_6_B09_1376610	16	57273822	58942985	1003	0.2216
TOPOS_p_TCGAb_352_353_84_86_NSP_GenomeWideSNP_6_B09_1376610	16	58947475	58948231	3	-3.2364
TOPOS_p_TCGAb_352_353_84_86_NSP_GenomeWideSNP_6_B09_1376610	16	58955655	75242729	9765	0.2256
TOPOS_p_TCGAb_352_353_84_86_NSP_GenomeWideSNP_6_B09_1376610	16	75246042	75248767	3	-1.4026
TOPOS_p_TCGAb_352_353_84_86_NSP_GenomeWideSNP_6_B09_1376610	16	75252306	77168616	1432	0.2173
TOPOS_p_TCGAb_352_353_84_86_NSP_GenomeWideSNP_6_B09_1376610	16	77169206	77194119	37	-0.5268
TOPOS_p_TCGAb_352_353_84_86_NSP_GenomeWideSNP_6_B09_1376610	16	77201485	78371608	1248	0.2084
TOPOS_p_TCGAb_352_353_84_86_NSP_GenomeWideSNP_6_B09_1376610	16	78372440	78376934	9	1.4859
TOPOS_p_TCGAb_352_353_84_86_NSP_GenomeWideSNP_6_B09_1376610	16	78377161	90287535	10588	0.2177
TOPOS_p_TCGAb_352_353_84_86_NSP_GenomeWideSNP_6_B09_1376610	17	526	18319862	11387	0.2441
TOPOS_p_TCGAb_352_353_84_86_NSP_GenomeWideSNP_6_B09_1376610	17	18355392	18367210	7	1.2696
TOPOS_p_TCGAb_352_353_84_86_NSP_GenomeWideSNP_6_B09_1376610	17	18369753	18965222	197	0.2535
TOPOS_p_TCGAb_352_353_84_86_NSP_GenomeWideSNP_6_B09_1376610	17	18965529	19015652	4	1.6264
TOPOS_p_TCGAb_352_353_84_86_NSP_GenomeWideSNP_6_B09_1376610	17	19030156	20338373	635	0.2543
TOPOS_p_TCGAb_352_353_84_86_NSP_GenomeWideSNP_6_B09_1376610	17	20338458	20431269	21	-0.2315
TOPOS_p_TCGAb_352_353_84_86_NSP_GenomeWideSNP_6_B09_1376610	17	20433585	33702927	5623	0.2326
TOPOS_p_TCGAb_352_353_84_86_NSP_GenomeWideSNP_6_B09_1376610	17	33705189	33714115	2	1.5774
TOPOS_p_TCGAb_352_353_84_86_NSP_GenomeWideSNP_6_B09_1376610	17	33714956	34436708	435	0.2435
TOPOS_p_TCGAb_352_353_84_86_NSP_GenomeWideSNP_6_B09_1376610	17	34437128	34629696	42	0.9929
TOPOS_p_TCGAb_352_353_84_86_NSP_GenomeWideSNP_6_B09_1376610	17	34816256	39251266	2433	0.2522
TOPOS_p_TCGAb_352_353_84_86_NSP_GenomeWideSNP_6_B09_1376610	17	39257244	39275131	5	-0.7726
TOPOS_p_TCGAb_352_353_84_86_NSP_GenomeWideSNP_6_B09_1376610	17	39276782	39380430	75	0.2019
TOPOS_p_TCGAb_352_353_84_86_NSP_GenomeWideSNP_6_B09_1376610	17	39387560	39390276	4	-3.0361
TOPOS_p_TCGAb_352_353_84_86_NSP_GenomeWideSNP_6_B09_1376610	17	39393769	39421708	13	0.0353
TOPOS_p_TCGAb_352_353_84_86_NSP_GenomeWideSNP_6_B09_1376610	17	39423014	39430531	24	2.3509
TOPOS_p_TCGAb_352_353_84_86_NSP_GenomeWideSNP_6_B09_1376610	17	39432724	44246624	2569	0.2548
TOPOS_p_TCGAb_352_353_84_86_NSP_GenomeWideSNP_6_B09_1376610	17	44246962	44752283	104	-0.3223
TOPOS_p_TCGAb_352_353_84_86_NSP_GenomeWideSNP_6_B09_1376610	17	44752300	63315284	10766	0.2361
TOPOS_p_TCGAb_352_353_84_86_NSP_GenomeWideSNP_6_B09_1376610	17	63315983	63315996	2	-2.6038
TOPOS_p_TCGAb_352_353_84_86_NSP_GenomeWideSNP_6_B09_1376610	17	63320984	81049726	10760	0.2376
TOPOS_p_TCGAb_352_353_84_86_NSP_GenomeWideSNP_6_B09_1376610	18	11543	38258082	22754	-0.1708
TOPOS_p_TCGAb_352_353_84_86_NSP_GenomeWideSNP_6_B09_1376610	18	38258096	38265389	32	0.3597
TOPOS_p_TCGAb_352_353_84_86_NSP_GenomeWideSNP_6_B09_1376610	18	38269498	63204419	17058	-0.1803
TOPOS_p_TCGAb_352_353_84_86_NSP_GenomeWideSNP_6_B09_1376610	18	63204519	63207411	12	-1.0795
TOPOS_p_TCGAb_352_353_84_86_NSP_GenomeWideSNP_6_B09_1376610	18	63207432	63727545	356	-0.1905
TOPOS_p_TCGAb_352_353_84_86_NSP_GenomeWideSNP_6_B09_1376610	18	63727599	63732763	12	0.4316
TOPOS_p_TCGAb_352_353_84_86_NSP_GenomeWideSNP_6_B09_1376610	18	63732807	63762300	45	-0.106
TOPOS_p_TCGAb_352_353_84_86_NSP_GenomeWideSNP_6_B09_1376610	18	63767140	63767922	3	-2.3125
TOPOS_p_TCGAb_352_353_84_86_NSP_GenomeWideSNP_6_B09_1376610	18	63775595	64953649	767	-0.1689
TOPOS_p_TCGAb_352_353_84_86_NSP_GenomeWideSNP_6_B09_1376610	18	64959207	64967265	21	-1.0763
TOPOS_p_TCGAb_352_353_84_86_NSP_GenomeWideSNP_6_B09_1376610	18	64967718	78015057	9556	-0.1841
TOPOS_p_TCGAb_352_353_84_86_NSP_GenomeWideSNP_6_B09_1376610	19	90910	21814919	9642	0.267
TOPOS_p_TCGAb_352_353_84_86_NSP_GenomeWideSNP_6_B09_1376610	19	21815640	21819869	2	-1.6947
TOPOS_p_TCGAb_352_353_84_86_NSP_GenomeWideSNP_6_B09_1376610	19	21820111	22422934	360	0.2389
TOPOS_p_TCGAb_352_353_84_86_NSP_GenomeWideSNP_6_B09_1376610	19	22424418	22426520	6	-0.7868
TOPOS_p_TCGAb_352_353_84_86_NSP_GenomeWideSNP_6_B09_1376610	19	22427987	24596750	1211	0.2408
TOPOS_p_TCGAb_352_353_84_86_NSP_GenomeWideSNP_6_B09_1376610	19	27747993	32690671	3495	-0.6946
TOPOS_p_TCGAb_352_353_84_86_NSP_GenomeWideSNP_6_B09_1376610	19	32691508	32692331	2	-3.1874
TOPOS_p_TCGAb_352_353_84_86_NSP_GenomeWideSNP_6_B09_1376610	19	32697314	35658728	1851	-0.6604
TOPOS_p_TCGAb_352_353_84_86_NSP_GenomeWideSNP_6_B09_1376610	19	35663774	35663992	4	-2.2932
TOPOS_p_TCGAb_352_353_84_86_NSP_GenomeWideSNP_6_B09_1376610	19	35664043	35849322	165	-0.554
TOPOS_p_TCGAb_352_353_84_86_NSP_GenomeWideSNP_6_B09_1376610	19	35849493	35870348	27	-1.485
TOPOS_p_TCGAb_352_353_84_86_NSP_GenomeWideSNP_6_B09_1376610	19	35870436	43508940	3804	-0.5914
TOPOS_p_TCGAb_352_353_84_86_NSP_GenomeWideSNP_6_B09_1376610	19	43509033	43753510	107	-3.2854
TOPOS_p_TCGAb_352_353_84_86_NSP_GenomeWideSNP_6_B09_1376610	19	43756237	43784309	13	-0.7137
TOPOS_p_TCGAb_352_353_84_86_NSP_GenomeWideSNP_6_B09_1376610	19	43784512	43842918	29	-0.25
TOPOS_p_TCGAb_352_353_84_86_NSP_GenomeWideSNP_6_B09_1376610	19	43846238	43932139	42	-0.7629
TOPOS_p_TCGAb_352_353_84_86_NSP_GenomeWideSNP_6_B09_1376610	19	43935133	43937240	3	-3.088
TOPOS_p_TCGAb_352_353_84_86_NSP_GenomeWideSNP_6_B09_1376610	19	43940597	52131813	4053	-0.621
TOPOS_p_TCGAb_352_353_84_86_NSP_GenomeWideSNP_6_B09_1376610	19	52142352	52148197	11	0.7091
TOPOS_p_TCGAb_352_353_84_86_NSP_GenomeWideSNP_6_B09_1376610	19	52154905	56278050	2511	-0.6196
TOPOS_p_TCGAb_352_353_84_86_NSP_GenomeWideSNP_6_B09_1376610	19	56282070	56283067	5	0.844
TOPOS_p_TCGAb_352_353_84_86_NSP_GenomeWideSNP_6_B09_1376610	19	56286293	59097854	1836	-0.6553
TOPOS_p_TCGAb_352_353_84_86_NSP_GenomeWideSNP_6_B09_1376610	20	61305	69408	20	0.2364
TOPOS_p_TCGAb_352_353_84_86_NSP_GenomeWideSNP_6_B09_1376610	20	70331	73546	3	1.6824
TOPOS_p_TCGAb_352_353_84_86_NSP_GenomeWideSNP_6_B09_1376610	20	74347	1560562	1172	0.2195
TOPOS_p_TCGAb_352_353_84_86_NSP_GenomeWideSNP_6_B09_1376610	20	1560787	1560802	2	2.3674
TOPOS_p_TCGAb_352_353_84_86_NSP_GenomeWideSNP_6_B09_1376610	20	1560922	1593849	42	-0.5913
TOPOS_p_TCGAb_352_353_84_86_NSP_GenomeWideSNP_6_B09_1376610	20	1593893	62956153	41067	0.2205
TOPOS_p_TCGAb_352_353_84_86_NSP_GenomeWideSNP_6_B09_1376610	21	10736871	11039272	80	0.2321
TOPOS_p_TCGAb_352_353_84_86_NSP_GenomeWideSNP_6_B09_1376610	21	11041822	14364531	35	-0.2385
TOPOS_p_TCGAb_352_353_84_86_NSP_GenomeWideSNP_6_B09_1376610	21	14369127	44968053	22448	0.2078
TOPOS_p_TCGAb_352_353_84_86_NSP_GenomeWideSNP_6_B09_1376610	21	44970873	44972812	2	-1.9937
TOPOS_p_TCGAb_352_353_84_86_NSP_GenomeWideSNP_6_B09_1376610	21	44973667	48096957	1758	0.2438
TOPOS_p_TCGAb_352_353_84_86_NSP_GenomeWideSNP_6_B09_1376610	22	16052528	18055605	782	-0.1375
TOPOS_p_TCGAb_352_353_84_86_NSP_GenomeWideSNP_6_B09_1376610	22	18058748	18058885	2	2.351
TOPOS_p_TCGAb_352_353_84_86_NSP_GenomeWideSNP_6_B09_1376610	22	18062891	24271745	3780	-0.17
TOPOS_p_TCGAb_352_353_84_86_NSP_GenomeWideSNP_6_B09_1376610	22	24283016	24329711	25	-0.7347
TOPOS_p_TCGAb_352_353_84_86_NSP_GenomeWideSNP_6_B09_1376610	22	24330218	25081338	381	-0.13
TOPOS_p_TCGAb_352_353_84_86_NSP_GenomeWideSNP_6_B09_1376610	22	25082115	25082534	3	-1.6383
TOPOS_p_TCGAb_352_353_84_86_NSP_GenomeWideSNP_6_B09_1376610	22	25087674	42897282	12379	-0.1218
TOPOS_p_TCGAb_352_353_84_86_NSP_GenomeWideSNP_6_B09_1376610	22	42899440	42943642	23	1.0267
TOPOS_p_TCGAb_352_353_84_86_NSP_GenomeWideSNP_6_B09_1376610	22	42950491	45130466	1625	-0.1191
TOPOS_p_TCGAb_352_353_84_86_NSP_GenomeWideSNP_6_B09_1376610	22	45133340	45136311	3	-1.7187
TOPOS_p_TCGAb_352_353_84_86_NSP_GenomeWideSNP_6_B09_1376610	22	45136635	51234455	4451	-0.1657
TOPOS_p_TCGAb_352_353_84_86_NSP_GenomeWideSNP_6_B09_1376610	X	168477	2703391	96	-0.4745
TOPOS_p_TCGAb_352_353_84_86_NSP_GenomeWideSNP_6_B09_1376610	X	2703633	6341399	2767	-0.0225
TOPOS_p_TCGAb_352_353_84_86_NSP_GenomeWideSNP_6_B09_1376610	X	6343018	6343156	3	-2.7928
TOPOS_p_TCGAb_352_353_84_86_NSP_GenomeWideSNP_6_B09_1376610	X	6343562	65420594	31673	0.0035
TOPOS_p_TCGAb_352_353_84_86_NSP_GenomeWideSNP_6_B09_1376610	X	65420609	65424288	2	-2.6839
TOPOS_p_TCGAb_352_353_84_86_NSP_GenomeWideSNP_6_B09_1376610	X	65424541	115133681	25429	-0.0046
TOPOS_p_TCGAb_352_353_84_86_NSP_GenomeWideSNP_6_B09_1376610	X	115137955	115150638	7	-1.5558
TOPOS_p_TCGAb_352_353_84_86_NSP_GenomeWideSNP_6_B09_1376610	X	115156419	115361042	130	-0.0199
TOPOS_p_TCGAb_352_353_84_86_NSP_GenomeWideSNP_6_B09_1376610	X	115362010	115362929	7	-5.4042
TOPOS_p_TCGAb_352_353_84_86_NSP_GenomeWideSNP_6_B09_1376610	X	115363988	134929686	11049	-0.0032
TOPOS_p_TCGAb_352_353_84_86_NSP_GenomeWideSNP_6_B09_1376610	X	134947387	134948073	5	-1.4557
TOPOS_p_TCGAb_352_353_84_86_NSP_GenomeWideSNP_6_B09_1376610	X	134972878	155182354	12229	-0.0016
TOPOS_p_TCGAb_352_353_84_86_NSP_GenomeWideSNP_6_B09_1376610	Y	2650438	5944603	806	-2.0097
TOPOS_p_TCGAb_352_353_84_86_NSP_GenomeWideSNP_6_B09_1376610	Y	5948100	19896039	5000	-2.3658
TOPOS_p_TCGAb_352_353_84_86_NSP_GenomeWideSNP_6_B09_1376610	Y	19897152	20970746	505	-2.8732
TOPOS_p_TCGAb_352_353_84_86_NSP_GenomeWideSNP_6_B09_1376610	Y	20971498	20972173	2	-6.3574
TOPOS_p_TCGAb_352_353_84_86_NSP_GenomeWideSNP_6_B09_1376610	Y	20972409	21024613	21	-3.1448
TOPOS_p_TCGAb_352_353_84_86_NSP_GenomeWideSNP_6_B09_1376610	Y	21025062	24473172	1252	-2.3672
TOPOS_p_TCGAb_352_353_84_86_NSP_GenomeWideSNP_6_B09_1376610	Y	24473602	26430674	399	-2.7475
TOPOS_p_TCGAb_352_353_84_86_NSP_GenomeWideSNP_6_B09_1376610	Y	26430908	26465689	14	-1.4202
TOPOS_p_TCGAb_352_353_84_86_NSP_GenomeWideSNP_6_B09_1376610	Y	26466126	27315972	106	-2.9636
TOPOS_p_TCGAb_352_353_84_86_NSP_GenomeWideSNP_6_B09_1376610	Y	27367487	27529084	35	-1.7593
TOPOS_p_TCGAb_352_353_84_86_NSP_GenomeWideSNP_6_B09_1376610	Y	27535030	27600323	21	-3.0175
TOPOS_p_TCGAb_352_353_84_86_NSP_GenomeWideSNP_6_B09_1376610	Y	27601827	27720551	37	-2.0575
TOPOS_p_TCGAb_352_353_84_86_NSP_GenomeWideSNP_6_B09_1376610	Y	27721084	28423938	251	-2.8743
TOPOS_p_TCGAb_352_353_84_86_NSP_GenomeWideSNP_6_B09_1376610	Y	28438116	59018259	183	-1.9911
