GDC_Aliquot	Chromosome	Start	End	Num_Probes	Segment_Mean
af6cb973-0b49-4b31-b41f-c4b9f8ac30ca	1	62920	98588	12	-0.6167
af6cb973-0b49-4b31-b41f-c4b9f8ac30ca	1	98602	12779433	6478	0.0078
af6cb973-0b49-4b31-b41f-c4b9f8ac30ca	1	12792599	12823233	24	-0.6684
af6cb973-0b49-4b31-b41f-c4b9f8ac30ca	1	12832455	13778803	249	-0.0159
af6cb973-0b49-4b31-b41f-c4b9f8ac30ca	1	13778888	13782619	2	-1.339
af6cb973-0b49-4b31-b41f-c4b9f8ac30ca	1	13786254	13790746	5	-0.4073
af6cb973-0b49-4b31-b41f-c4b9f8ac30ca	1	13791381	15823420	1568	0.012
af6cb973-0b49-4b31-b41f-c4b9f8ac30ca	1	15827002	15827430	6	-1.8146
af6cb973-0b49-4b31-b41f-c4b9f8ac30ca	1	15827706	21313491	3356	0.0001
af6cb973-0b49-4b31-b41f-c4b9f8ac30ca	1	21313631	21313902	2	-2.0836
af6cb973-0b49-4b31-b41f-c4b9f8ac30ca	1	21314008	25256850	2317	0.0041
af6cb973-0b49-4b31-b41f-c4b9f8ac30ca	1	25266637	25320198	22	-1.6357
af6cb973-0b49-4b31-b41f-c4b9f8ac30ca	1	25320253	72284670	28725	0.0058
af6cb973-0b49-4b31-b41f-c4b9f8ac30ca	1	72290430	72297687	9	-1.1349
af6cb973-0b49-4b31-b41f-c4b9f8ac30ca	1	72302735	72346757	50	0.302
af6cb973-0b49-4b31-b41f-c4b9f8ac30ca	1	72351072	105433422	20928	0.005
af6cb973-0b49-4b31-b41f-c4b9f8ac30ca	1	105438078	105476614	20	0.1504
af6cb973-0b49-4b31-b41f-c4b9f8ac30ca	1	105476688	105479753	15	0.6501
af6cb973-0b49-4b31-b41f-c4b9f8ac30ca	1	105481433	112147626	4598	0.0074
af6cb973-0b49-4b31-b41f-c4b9f8ac30ca	1	112147704	112163334	27	-0.398
af6cb973-0b49-4b31-b41f-c4b9f8ac30ca	1	112163438	121549518	5140	0.0071
af6cb973-0b49-4b31-b41f-c4b9f8ac30ca	1	121551153	146002100	309	0.1172
af6cb973-0b49-4b31-b41f-c4b9f8ac30ca	1	146004021	152583230	2154	0.0176
af6cb973-0b49-4b31-b41f-c4b9f8ac30ca	1	152583291	152614118	34	-1.4365
af6cb973-0b49-4b31-b41f-c4b9f8ac30ca	1	152618018	152787202	167	0.0088
af6cb973-0b49-4b31-b41f-c4b9f8ac30ca	1	152789447	152796224	37	-1.3258
af6cb973-0b49-4b31-b41f-c4b9f8ac30ca	1	152801429	169247699	11280	0.0031
af6cb973-0b49-4b31-b41f-c4b9f8ac30ca	1	169264736	169272528	7	1.0335
af6cb973-0b49-4b31-b41f-c4b9f8ac30ca	1	169273163	199142235	19609	0.0102
af6cb973-0b49-4b31-b41f-c4b9f8ac30ca	1	199142298	199143883	7	-1.9066
af6cb973-0b49-4b31-b41f-c4b9f8ac30ca	1	199144712	203968730	3182	-0.0033
af6cb973-0b49-4b31-b41f-c4b9f8ac30ca	1	203969725	203976270	7	-1.202
af6cb973-0b49-4b31-b41f-c4b9f8ac30ca	1	203976373	222843064	13146	0.0069
af6cb973-0b49-4b31-b41f-c4b9f8ac30ca	1	222843983	222850427	6	-0.7404
af6cb973-0b49-4b31-b41f-c4b9f8ac30ca	1	222853375	248442451	17867	0.0039
af6cb973-0b49-4b31-b41f-c4b9f8ac30ca	1	248446755	248477891	13	-0.5342
af6cb973-0b49-4b31-b41f-c4b9f8ac30ca	1	248520099	248930189	188	0.0755
af6cb973-0b49-4b31-b41f-c4b9f8ac30ca	2	12784	34466002	24082	0.0066
af6cb973-0b49-4b31-b41f-c4b9f8ac30ca	2	34474248	34512096	47	0.5934
af6cb973-0b49-4b31-b41f-c4b9f8ac30ca	2	34512489	35750907	868	-0.0027
af6cb973-0b49-4b31-b41f-c4b9f8ac30ca	2	35752724	35761650	4	0.959
af6cb973-0b49-4b31-b41f-c4b9f8ac30ca	2	35761842	52514599	12123	0.0075
af6cb973-0b49-4b31-b41f-c4b9f8ac30ca	2	52516787	52554404	41	0.7246
af6cb973-0b49-4b31-b41f-c4b9f8ac30ca	2	52560811	78473831	16765	0.0057
af6cb973-0b49-4b31-b41f-c4b9f8ac30ca	2	78474950	78494776	14	-0.944
af6cb973-0b49-4b31-b41f-c4b9f8ac30ca	2	78498405	79097678	408	0.0218
af6cb973-0b49-4b31-b41f-c4b9f8ac30ca	2	79100096	79115685	11	0.5616
af6cb973-0b49-4b31-b41f-c4b9f8ac30ca	2	79116692	97537802	6647	-0.0018
af6cb973-0b49-4b31-b41f-c4b9f8ac30ca	2	97540809	97545247	3	-1.7077
af6cb973-0b49-4b31-b41f-c4b9f8ac30ca	2	97545726	113604438	9360	0.0046
af6cb973-0b49-4b31-b41f-c4b9f8ac30ca	2	113604837	113623244	3	-1.61
af6cb973-0b49-4b31-b41f-c4b9f8ac30ca	2	113625975	116831010	1944	0.004
af6cb973-0b49-4b31-b41f-c4b9f8ac30ca	2	116832191	116833669	3	-1.4775
af6cb973-0b49-4b31-b41f-c4b9f8ac30ca	2	116834128	128880504	7651	0.0089
af6cb973-0b49-4b31-b41f-c4b9f8ac30ca	2	128880904	128882755	16	-0.6068
af6cb973-0b49-4b31-b41f-c4b9f8ac30ca	2	128888874	130036283	874	-0.0113
af6cb973-0b49-4b31-b41f-c4b9f8ac30ca	2	130036310	130116915	13	-0.4719
af6cb973-0b49-4b31-b41f-c4b9f8ac30ca	2	130117303	146104517	9523	0.0086
af6cb973-0b49-4b31-b41f-c4b9f8ac30ca	2	146106836	146109366	24	-1.5247
af6cb973-0b49-4b31-b41f-c4b9f8ac30ca	2	146120238	242147305	59046	0.0019
af6cb973-0b49-4b31-b41f-c4b9f8ac30ca	3	20930	5347494	4703	0.025
af6cb973-0b49-4b31-b41f-c4b9f8ac30ca	3	5348552	5394603	36	-0.99
af6cb973-0b49-4b31-b41f-c4b9f8ac30ca	3	5398438	43768490	26610	0.0085
af6cb973-0b49-4b31-b41f-c4b9f8ac30ca	3	43768793	43769268	2	-1.5005
af6cb973-0b49-4b31-b41f-c4b9f8ac30ca	3	43769468	60019871	9294	0.0028
af6cb973-0b49-4b31-b41f-c4b9f8ac30ca	3	60020874	60792199	878	0.0557
af6cb973-0b49-4b31-b41f-c4b9f8ac30ca	3	60794907	60795294	4	-0.8049
af6cb973-0b49-4b31-b41f-c4b9f8ac30ca	3	60798502	61010548	201	0.0836
af6cb973-0b49-4b31-b41f-c4b9f8ac30ca	3	61015254	99218940	21957	0.0043
af6cb973-0b49-4b31-b41f-c4b9f8ac30ca	3	99225614	99230464	36	-0.4392
af6cb973-0b49-4b31-b41f-c4b9f8ac30ca	3	99230470	162794951	39007	0.0083
af6cb973-0b49-4b31-b41f-c4b9f8ac30ca	3	162795304	162908784	69	0.6003
af6cb973-0b49-4b31-b41f-c4b9f8ac30ca	3	162908815	193160113	19164	0.0097
af6cb973-0b49-4b31-b41f-c4b9f8ac30ca	3	193160173	193165114	19	-1.2577
af6cb973-0b49-4b31-b41f-c4b9f8ac30ca	3	193168646	195934679	1607	-0.0085
af6cb973-0b49-4b31-b41f-c4b9f8ac30ca	3	195963975	195998433	8	-0.699
af6cb973-0b49-4b31-b41f-c4b9f8ac30ca	3	196012333	198111566	1058	0.0179
af6cb973-0b49-4b31-b41f-c4b9f8ac30ca	3	198118345	198122834	9	-1.8815
af6cb973-0b49-4b31-b41f-c4b9f8ac30ca	3	198124354	198169247	8	-0.1291
af6cb973-0b49-4b31-b41f-c4b9f8ac30ca	4	68929	10227193	5706	-0.0005
af6cb973-0b49-4b31-b41f-c4b9f8ac30ca	4	10227256	10233644	29	-0.5034
af6cb973-0b49-4b31-b41f-c4b9f8ac30ca	4	10234518	12149839	1654	-0.0043
af6cb973-0b49-4b31-b41f-c4b9f8ac30ca	4	12152884	12160517	3	-1.1032
af6cb973-0b49-4b31-b41f-c4b9f8ac30ca	4	12164300	34777432	15313	0.0084
af6cb973-0b49-4b31-b41f-c4b9f8ac30ca	4	34784878	34823103	38	0.3321
af6cb973-0b49-4b31-b41f-c4b9f8ac30ca	4	34828250	54524213	10739	0.0024
af6cb973-0b49-4b31-b41f-c4b9f8ac30ca	4	54526064	54526083	2	1.5496
af6cb973-0b49-4b31-b41f-c4b9f8ac30ca	4	54526663	68395346	8692	0.0021
af6cb973-0b49-4b31-b41f-c4b9f8ac30ca	4	68416487	68422424	5	-1.2838
af6cb973-0b49-4b31-b41f-c4b9f8ac30ca	4	68429081	69252259	385	0.0089
af6cb973-0b49-4b31-b41f-c4b9f8ac30ca	4	69252275	69374271	65	0.3427
af6cb973-0b49-4b31-b41f-c4b9f8ac30ca	4	69376311	108129806	23505	0.005
af6cb973-0b49-4b31-b41f-c4b9f8ac30ca	4	108133483	108135635	4	-1.032
af6cb973-0b49-4b31-b41f-c4b9f8ac30ca	4	108135648	114252544	3798	0.0081
af6cb973-0b49-4b31-b41f-c4b9f8ac30ca	4	114254167	114263096	25	0.7316
af6cb973-0b49-4b31-b41f-c4b9f8ac30ca	4	114263110	131018350	9928	0.003
af6cb973-0b49-4b31-b41f-c4b9f8ac30ca	4	131019052	131437038	206	0.6069
af6cb973-0b49-4b31-b41f-c4b9f8ac30ca	4	131440551	156380587	14968	0.0029
af6cb973-0b49-4b31-b41f-c4b9f8ac30ca	4	156384225	156384770	12	-0.6001
af6cb973-0b49-4b31-b41f-c4b9f8ac30ca	4	156386889	160119586	2196	-0.0085
af6cb973-0b49-4b31-b41f-c4b9f8ac30ca	4	160120116	160149637	41	-0.7625
af6cb973-0b49-4b31-b41f-c4b9f8ac30ca	4	160162718	172066777	7685	0.0047
af6cb973-0b49-4b31-b41f-c4b9f8ac30ca	4	172067997	172068382	12	0.7883
af6cb973-0b49-4b31-b41f-c4b9f8ac30ca	4	172074828	172501371	231	0.0457
af6cb973-0b49-4b31-b41f-c4b9f8ac30ca	4	172503796	172507492	7	0.7802
af6cb973-0b49-4b31-b41f-c4b9f8ac30ca	4	172519981	175750040	1824	0.001
af6cb973-0b49-4b31-b41f-c4b9f8ac30ca	4	175750993	175758566	4	-1.1271
af6cb973-0b49-4b31-b41f-c4b9f8ac30ca	4	175759154	190106768	10012	0.0096
af6cb973-0b49-4b31-b41f-c4b9f8ac30ca	5	15532	742574	324	0.02
af6cb973-0b49-4b31-b41f-c4b9f8ac30ca	5	760901	833513	29	-0.8191
af6cb973-0b49-4b31-b41f-c4b9f8ac30ca	5	852451	8702128	6578	0.0004
af6cb973-0b49-4b31-b41f-c4b9f8ac30ca	5	8702410	8747030	46	-0.9135
af6cb973-0b49-4b31-b41f-c4b9f8ac30ca	5	8749619	12800777	3198	0.0004
af6cb973-0b49-4b31-b41f-c4b9f8ac30ca	5	12815668	12826538	11	-1.2642
af6cb973-0b49-4b31-b41f-c4b9f8ac30ca	5	12833745	21449167	5509	0.0041
af6cb973-0b49-4b31-b41f-c4b9f8ac30ca	5	21451091	21451889	4	-1.5346
af6cb973-0b49-4b31-b41f-c4b9f8ac30ca	5	21452329	27524345	3527	-0.0013
af6cb973-0b49-4b31-b41f-c4b9f8ac30ca	5	27525283	27525407	2	-1.5312
af6cb973-0b49-4b31-b41f-c4b9f8ac30ca	5	27525800	68152239	23036	0.0029
af6cb973-0b49-4b31-b41f-c4b9f8ac30ca	5	68157122	68177746	16	0.6057
af6cb973-0b49-4b31-b41f-c4b9f8ac30ca	5	68180124	69022815	553	-0.0107
af6cb973-0b49-4b31-b41f-c4b9f8ac30ca	5	69023860	69024941	3	-1.1604
af6cb973-0b49-4b31-b41f-c4b9f8ac30ca	5	69025359	86815939	9855	0
af6cb973-0b49-4b31-b41f-c4b9f8ac30ca	5	86819561	86823329	3	-2.2148
af6cb973-0b49-4b31-b41f-c4b9f8ac30ca	5	86825812	104515520	9878	0.0125
af6cb973-0b49-4b31-b41f-c4b9f8ac30ca	5	104524672	104524903	4	1.4924
af6cb973-0b49-4b31-b41f-c4b9f8ac30ca	5	104525348	110017900	3500	-0.0016
af6cb973-0b49-4b31-b41f-c4b9f8ac30ca	5	110026322	110040148	19	-1.007
af6cb973-0b49-4b31-b41f-c4b9f8ac30ca	5	110041184	118050922	5863	0.0109
af6cb973-0b49-4b31-b41f-c4b9f8ac30ca	5	118052727	118053254	9	-0.71
af6cb973-0b49-4b31-b41f-c4b9f8ac30ca	5	118053268	138400922	12722	0.0055
af6cb973-0b49-4b31-b41f-c4b9f8ac30ca	5	138401366	138404948	5	0.9693
af6cb973-0b49-4b31-b41f-c4b9f8ac30ca	5	138410188	152134610	8642	-0.001
af6cb973-0b49-4b31-b41f-c4b9f8ac30ca	5	152135825	152138790	14	-2.4353
af6cb973-0b49-4b31-b41f-c4b9f8ac30ca	5	152140710	152199363	51	-0.0622
af6cb973-0b49-4b31-b41f-c4b9f8ac30ca	5	152203251	152203849	4	-1.0372
af6cb973-0b49-4b31-b41f-c4b9f8ac30ca	5	152205566	180947523	19208	-0.0007
af6cb973-0b49-4b31-b41f-c4b9f8ac30ca	5	180951710	180991103	19	-1.7058
af6cb973-0b49-4b31-b41f-c4b9f8ac30ca	5	181006225	181363319	170	0.0568
af6cb973-0b49-4b31-b41f-c4b9f8ac30ca	6	149661	254283	101	0.0083
af6cb973-0b49-4b31-b41f-c4b9f8ac30ca	6	257353	329869	38	0.3651
af6cb973-0b49-4b31-b41f-c4b9f8ac30ca	6	330704	19039888	14622	0.0084
af6cb973-0b49-4b31-b41f-c4b9f8ac30ca	6	19041950	19044471	4	-0.9759
af6cb973-0b49-4b31-b41f-c4b9f8ac30ca	6	19044485	29869411	6869	0.0054
af6cb973-0b49-4b31-b41f-c4b9f8ac30ca	6	29869537	29875657	7	-0.6305
af6cb973-0b49-4b31-b41f-c4b9f8ac30ca	6	29876257	29882419	8	-1.5386
af6cb973-0b49-4b31-b41f-c4b9f8ac30ca	6	29882497	33970966	2037	0.0247
af6cb973-0b49-4b31-b41f-c4b9f8ac30ca	6	33974234	33974928	6	-1.068
af6cb973-0b49-4b31-b41f-c4b9f8ac30ca	6	33976809	62213920	15860	0.0052
af6cb973-0b49-4b31-b41f-c4b9f8ac30ca	6	62215737	62217987	3	-1.3271
af6cb973-0b49-4b31-b41f-c4b9f8ac30ca	6	62218399	76726815	9188	0.0052
af6cb973-0b49-4b31-b41f-c4b9f8ac30ca	6	76730151	76733530	11	-3.5342
af6cb973-0b49-4b31-b41f-c4b9f8ac30ca	6	76736482	76743040	10	-1.2337
af6cb973-0b49-4b31-b41f-c4b9f8ac30ca	6	76751356	78253172	977	0.0218
af6cb973-0b49-4b31-b41f-c4b9f8ac30ca	6	78259348	78325468	111	-2.1404
af6cb973-0b49-4b31-b41f-c4b9f8ac30ca	6	78329517	170741917	59648	0.0077
af6cb973-0b49-4b31-b41f-c4b9f8ac30ca	7	43355	67734842	42543	0.0143
af6cb973-0b49-4b31-b41f-c4b9f8ac30ca	7	67736557	67739409	3	-1.2176
af6cb973-0b49-4b31-b41f-c4b9f8ac30ca	7	67742850	70955452	2050	0.0019
af6cb973-0b49-4b31-b41f-c4b9f8ac30ca	7	70958264	70961155	2	-1.5074
af6cb973-0b49-4b31-b41f-c4b9f8ac30ca	7	70963257	76426530	2129	0.0063
af6cb973-0b49-4b31-b41f-c4b9f8ac30ca	7	76443274	76514576	13	0.5482
af6cb973-0b49-4b31-b41f-c4b9f8ac30ca	7	76524031	76550397	7	-0.2908
af6cb973-0b49-4b31-b41f-c4b9f8ac30ca	7	76568113	76944884	155	0.5849
af6cb973-0b49-4b31-b41f-c4b9f8ac30ca	7	76967587	88728583	7580	0.0115
af6cb973-0b49-4b31-b41f-c4b9f8ac30ca	7	88736186	89711432	635	0.0855
af6cb973-0b49-4b31-b41f-c4b9f8ac30ca	7	89712313	97766150	5166	0.0202
af6cb973-0b49-4b31-b41f-c4b9f8ac30ca	7	97766153	97773163	14	-0.5408
af6cb973-0b49-4b31-b41f-c4b9f8ac30ca	7	97774928	101409205	1547	0.021
af6cb973-0b49-4b31-b41f-c4b9f8ac30ca	7	101416451	101416668	2	-1.5762
af6cb973-0b49-4b31-b41f-c4b9f8ac30ca	7	101419630	126404920	15110	0.0165
af6cb973-0b49-4b31-b41f-c4b9f8ac30ca	7	126405428	126406824	15	0.8553
af6cb973-0b49-4b31-b41f-c4b9f8ac30ca	7	126406825	134100442	4695	0.0154
af6cb973-0b49-4b31-b41f-c4b9f8ac30ca	7	134100458	134105690	22	0.6745
af6cb973-0b49-4b31-b41f-c4b9f8ac30ca	7	134110881	142063324	5204	0.0125
af6cb973-0b49-4b31-b41f-c4b9f8ac30ca	7	142069843	142092108	33	-2.678
af6cb973-0b49-4b31-b41f-c4b9f8ac30ca	7	142092307	154598185	7625	0.0188
af6cb973-0b49-4b31-b41f-c4b9f8ac30ca	7	154601461	154607903	4	-1.7698
af6cb973-0b49-4b31-b41f-c4b9f8ac30ca	7	154609120	155095285	445	-0.009
af6cb973-0b49-4b31-b41f-c4b9f8ac30ca	7	155095344	155096798	20	-0.397
af6cb973-0b49-4b31-b41f-c4b9f8ac30ca	7	155096979	156089623	754	0.0103
af6cb973-0b49-4b31-b41f-c4b9f8ac30ca	7	156089785	156094352	7	-1.1082
af6cb973-0b49-4b31-b41f-c4b9f8ac30ca	7	156095374	159334314	2006	0.0136
af6cb973-0b49-4b31-b41f-c4b9f8ac30ca	8	81254	12143614	11017	0.0195
af6cb973-0b49-4b31-b41f-c4b9f8ac30ca	8	12176798	12389977	31	-0.6049
af6cb973-0b49-4b31-b41f-c4b9f8ac30ca	8	12418301	12788880	112	-0.008
af6cb973-0b49-4b31-b41f-c4b9f8ac30ca	8	12791219	12795017	4	-1.1073
af6cb973-0b49-4b31-b41f-c4b9f8ac30ca	8	12796024	39373140	19339	0.0025
af6cb973-0b49-4b31-b41f-c4b9f8ac30ca	8	39378084	39529446	58	-1.8992
af6cb973-0b49-4b31-b41f-c4b9f8ac30ca	8	39530780	63936340	13642	0.0016
af6cb973-0b49-4b31-b41f-c4b9f8ac30ca	8	63936355	63936514	4	0.9879
af6cb973-0b49-4b31-b41f-c4b9f8ac30ca	8	63936561	78262264	8689	0.0018
af6cb973-0b49-4b31-b41f-c4b9f8ac30ca	8	78266379	78273089	5	-0.9454
af6cb973-0b49-4b31-b41f-c4b9f8ac30ca	8	78276379	98577986	12105	0.006
af6cb973-0b49-4b31-b41f-c4b9f8ac30ca	8	98579341	98580396	2	1.2614
af6cb973-0b49-4b31-b41f-c4b9f8ac30ca	8	98583571	111279265	7529	0.0069
af6cb973-0b49-4b31-b41f-c4b9f8ac30ca	8	111282050	111282852	7	-0.8062
af6cb973-0b49-4b31-b41f-c4b9f8ac30ca	8	111282973	111283031	3	-2.4561
af6cb973-0b49-4b31-b41f-c4b9f8ac30ca	8	111288052	145072769	22899	0.0057
af6cb973-0b49-4b31-b41f-c4b9f8ac30ca	9	46587	1124322	1100	0.0137
af6cb973-0b49-4b31-b41f-c4b9f8ac30ca	9	1124536	1536128	542	0.1004
af6cb973-0b49-4b31-b41f-c4b9f8ac30ca	9	1537119	41639988	29612	0.0065
af6cb973-0b49-4b31-b41f-c4b9f8ac30ca	9	41644133	42211663	36	-0.569
af6cb973-0b49-4b31-b41f-c4b9f8ac30ca	9	42230926	61378951	69	0.0083
af6cb973-0b49-4b31-b41f-c4b9f8ac30ca	9	61405110	61647899	31	0.7224
af6cb973-0b49-4b31-b41f-c4b9f8ac30ca	9	61665362	63580418	38	-0.021
af6cb973-0b49-4b31-b41f-c4b9f8ac30ca	9	63590317	63592813	7	1.3453
af6cb973-0b49-4b31-b41f-c4b9f8ac30ca	9	63614182	138200944	48018	0.0026
af6cb973-0b49-4b31-b41f-c4b9f8ac30ca	10	45792	3333474	2756	0.0301
af6cb973-0b49-4b31-b41f-c4b9f8ac30ca	10	3334552	3336070	3	-1.4054
af6cb973-0b49-4b31-b41f-c4b9f8ac30ca	10	3337958	9634650	5503	0.014
af6cb973-0b49-4b31-b41f-c4b9f8ac30ca	10	9635481	9635934	2	1.9447
af6cb973-0b49-4b31-b41f-c4b9f8ac30ca	10	9637939	24086334	10920	0.0131
af6cb973-0b49-4b31-b41f-c4b9f8ac30ca	10	24088745	24089125	11	1.0123
af6cb973-0b49-4b31-b41f-c4b9f8ac30ca	10	24089979	43029180	10324	0.0099
af6cb973-0b49-4b31-b41f-c4b9f8ac30ca	10	43029253	43030294	2	-2.778
af6cb973-0b49-4b31-b41f-c4b9f8ac30ca	10	43030575	45798061	1904	0.0212
af6cb973-0b49-4b31-b41f-c4b9f8ac30ca	10	45798171	45817039	2	-1.4797
af6cb973-0b49-4b31-b41f-c4b9f8ac30ca	10	45936113	51443026	2863	0.0151
af6cb973-0b49-4b31-b41f-c4b9f8ac30ca	10	51445316	51451689	7	-0.8819
af6cb973-0b49-4b31-b41f-c4b9f8ac30ca	10	51457463	53645512	1747	0.0148
af6cb973-0b49-4b31-b41f-c4b9f8ac30ca	10	53645936	53646338	3	-0.9201
af6cb973-0b49-4b31-b41f-c4b9f8ac30ca	10	53646713	54920517	989	0.0061
af6cb973-0b49-4b31-b41f-c4b9f8ac30ca	10	54923330	54924277	2	1.4176
af6cb973-0b49-4b31-b41f-c4b9f8ac30ca	10	54927534	57400977	1766	0.01
af6cb973-0b49-4b31-b41f-c4b9f8ac30ca	10	57406782	57407797	2	-1.5542
af6cb973-0b49-4b31-b41f-c4b9f8ac30ca	10	57408673	65548193	5596	0.0149
af6cb973-0b49-4b31-b41f-c4b9f8ac30ca	10	65548259	65566308	29	0.5728
af6cb973-0b49-4b31-b41f-c4b9f8ac30ca	10	65566389	130472507	44200	0.0142
af6cb973-0b49-4b31-b41f-c4b9f8ac30ca	10	130472578	130472631	2	1.5755
af6cb973-0b49-4b31-b41f-c4b9f8ac30ca	10	130472877	133654968	1995	0.0369
af6cb973-0b49-4b31-b41f-c4b9f8ac30ca	11	198510	4946420	2418	0.0057
af6cb973-0b49-4b31-b41f-c4b9f8ac30ca	11	4947280	4965777	35	-0.49
af6cb973-0b49-4b31-b41f-c4b9f8ac30ca	11	4969872	5186788	185	0.0046
af6cb973-0b49-4b31-b41f-c4b9f8ac30ca	11	5186944	5187269	4	0.7787
af6cb973-0b49-4b31-b41f-c4b9f8ac30ca	11	5188140	5755866	579	0.0109
af6cb973-0b49-4b31-b41f-c4b9f8ac30ca	11	5756780	5788231	46	0.2508
af6cb973-0b49-4b31-b41f-c4b9f8ac30ca	11	5791130	55609022	31202	0.0044
af6cb973-0b49-4b31-b41f-c4b9f8ac30ca	11	55609035	55671856	37	0.3907
af6cb973-0b49-4b31-b41f-c4b9f8ac30ca	11	55672514	89734053	19860	0.0072
af6cb973-0b49-4b31-b41f-c4b9f8ac30ca	11	89735715	89817056	16	0.3924
af6cb973-0b49-4b31-b41f-c4b9f8ac30ca	11	89834373	90077170	11	-0.6417
af6cb973-0b49-4b31-b41f-c4b9f8ac30ca	11	90085142	132998171	30819	0.0063
af6cb973-0b49-4b31-b41f-c4b9f8ac30ca	11	133007143	135074876	1564	0.046
af6cb973-0b49-4b31-b41f-c4b9f8ac30ca	12	51460	756804	417	0.0333
af6cb973-0b49-4b31-b41f-c4b9f8ac30ca	12	759943	764863	18	-0.7912
af6cb973-0b49-4b31-b41f-c4b9f8ac30ca	12	766188	11068125	6797	0.0152
af6cb973-0b49-4b31-b41f-c4b9f8ac30ca	12	11070111	11099275	10	-0.9435
af6cb973-0b49-4b31-b41f-c4b9f8ac30ca	12	11104230	11351008	128	0.0424
af6cb973-0b49-4b31-b41f-c4b9f8ac30ca	12	11351041	11390472	33	0.6148
af6cb973-0b49-4b31-b41f-c4b9f8ac30ca	12	11399258	13178404	1381	0.0108
af6cb973-0b49-4b31-b41f-c4b9f8ac30ca	12	13181725	13181928	2	-1.4082
af6cb973-0b49-4b31-b41f-c4b9f8ac30ca	12	13182206	20182763	4640	0.0042
af6cb973-0b49-4b31-b41f-c4b9f8ac30ca	12	20184251	20184530	2	-1.2432
af6cb973-0b49-4b31-b41f-c4b9f8ac30ca	12	20188524	33141726	9342	0.0088
af6cb973-0b49-4b31-b41f-c4b9f8ac30ca	12	33148472	33154440	27	-0.5851
af6cb973-0b49-4b31-b41f-c4b9f8ac30ca	12	33155426	45510655	5586	0.0236
af6cb973-0b49-4b31-b41f-c4b9f8ac30ca	12	45512057	45515754	3	-1.6747
af6cb973-0b49-4b31-b41f-c4b9f8ac30ca	12	45519509	58323631	7185	0.0086
af6cb973-0b49-4b31-b41f-c4b9f8ac30ca	12	58323655	58336379	9	-0.6954
af6cb973-0b49-4b31-b41f-c4b9f8ac30ca	12	58337065	90089020	20027	0.0061
af6cb973-0b49-4b31-b41f-c4b9f8ac30ca	12	90089032	90098297	11	0.5026
af6cb973-0b49-4b31-b41f-c4b9f8ac30ca	12	90099780	126509681	24129	0.0068
af6cb973-0b49-4b31-b41f-c4b9f8ac30ca	12	126510400	126519266	5	-1.0031
af6cb973-0b49-4b31-b41f-c4b9f8ac30ca	12	126520044	133201603	5037	0.0212
af6cb973-0b49-4b31-b41f-c4b9f8ac30ca	13	18452809	23050933	2842	0.0046
af6cb973-0b49-4b31-b41f-c4b9f8ac30ca	13	23050962	23064056	27	0.3896
af6cb973-0b49-4b31-b41f-c4b9f8ac30ca	13	23064071	24056776	762	0.0235
af6cb973-0b49-4b31-b41f-c4b9f8ac30ca	13	24058001	24058911	4	-1.1899
af6cb973-0b49-4b31-b41f-c4b9f8ac30ca	13	24061115	25397343	977	0.01
af6cb973-0b49-4b31-b41f-c4b9f8ac30ca	13	25398342	25398358	2	-1.6183
af6cb973-0b49-4b31-b41f-c4b9f8ac30ca	13	25398673	27600497	1665	-0.007
af6cb973-0b49-4b31-b41f-c4b9f8ac30ca	13	27602290	27602488	3	-1.5674
af6cb973-0b49-4b31-b41f-c4b9f8ac30ca	13	27603729	37501828	7205	-0.0033
af6cb973-0b49-4b31-b41f-c4b9f8ac30ca	13	37502130	37510595	11	0.5419
af6cb973-0b49-4b31-b41f-c4b9f8ac30ca	13	37510620	56611142	12260	0.0085
af6cb973-0b49-4b31-b41f-c4b9f8ac30ca	13	56613021	56637432	7	-0.8122
af6cb973-0b49-4b31-b41f-c4b9f8ac30ca	13	56642784	57175139	248	0.0028
af6cb973-0b49-4b31-b41f-c4b9f8ac30ca	13	57175549	57327806	113	0.2004
af6cb973-0b49-4b31-b41f-c4b9f8ac30ca	13	57332168	71902850	8911	0.0005
af6cb973-0b49-4b31-b41f-c4b9f8ac30ca	13	71903417	71906467	5	1.0136
af6cb973-0b49-4b31-b41f-c4b9f8ac30ca	13	71912345	101333391	19310	-0.003
af6cb973-0b49-4b31-b41f-c4b9f8ac30ca	13	101333537	101334494	3	-1.2761
af6cb973-0b49-4b31-b41f-c4b9f8ac30ca	13	101334683	105194936	3246	0.0036
af6cb973-0b49-4b31-b41f-c4b9f8ac30ca	13	105195194	105759475	439	0.0882
af6cb973-0b49-4b31-b41f-c4b9f8ac30ca	13	105763968	114342922	6075	-0.0018
af6cb973-0b49-4b31-b41f-c4b9f8ac30ca	14	18239283	19138115	35	0.0392
af6cb973-0b49-4b31-b41f-c4b9f8ac30ca	14	19140829	19945699	124	-0.4038
af6cb973-0b49-4b31-b41f-c4b9f8ac30ca	14	19949382	21952614	1394	0.014
af6cb973-0b49-4b31-b41f-c4b9f8ac30ca	14	21953271	22524749	488	0.1224
af6cb973-0b49-4b31-b41f-c4b9f8ac30ca	14	22526139	25710498	2035	-0.0087
af6cb973-0b49-4b31-b41f-c4b9f8ac30ca	14	25714246	25722427	3	-1.0434
af6cb973-0b49-4b31-b41f-c4b9f8ac30ca	14	25722750	41139155	9679	0.0038
af6cb973-0b49-4b31-b41f-c4b9f8ac30ca	14	41141293	41188146	15	0.4896
af6cb973-0b49-4b31-b41f-c4b9f8ac30ca	14	41200899	73529070	20443	0.0037
af6cb973-0b49-4b31-b41f-c4b9f8ac30ca	14	73534419	73554275	9	0.7871
af6cb973-0b49-4b31-b41f-c4b9f8ac30ca	14	73563196	106209497	20805	0.0007
af6cb973-0b49-4b31-b41f-c4b9f8ac30ca	14	106209715	106532055	167	0.1649
af6cb973-0b49-4b31-b41f-c4b9f8ac30ca	14	106532976	106877229	169	-0.0227
af6cb973-0b49-4b31-b41f-c4b9f8ac30ca	15	19811075	20217125	62	0.0256
af6cb973-0b49-4b31-b41f-c4b9f8ac30ca	15	20235285	22413894	147	-0.3255
af6cb973-0b49-4b31-b41f-c4b9f8ac30ca	15	22455811	24435889	997	0.0186
af6cb973-0b49-4b31-b41f-c4b9f8ac30ca	15	24441663	24473026	26	-0.7494
af6cb973-0b49-4b31-b41f-c4b9f8ac30ca	15	24473449	28168973	2694	0.0183
af6cb973-0b49-4b31-b41f-c4b9f8ac30ca	15	28175678	28315670	56	0.5577
af6cb973-0b49-4b31-b41f-c4b9f8ac30ca	15	28315870	30231102	857	0.045
af6cb973-0b49-4b31-b41f-c4b9f8ac30ca	15	30252720	30291233	9	-0.772
af6cb973-0b49-4b31-b41f-c4b9f8ac30ca	15	30297594	30608675	17	-0.1082
af6cb973-0b49-4b31-b41f-c4b9f8ac30ca	15	30621384	76599170	29039	0.0069
af6cb973-0b49-4b31-b41f-c4b9f8ac30ca	15	76599286	76603434	20	-1.4652
af6cb973-0b49-4b31-b41f-c4b9f8ac30ca	15	76609838	101406882	17264	0.0069
af6cb973-0b49-4b31-b41f-c4b9f8ac30ca	15	101407469	101407742	2	-1.3439
af6cb973-0b49-4b31-b41f-c4b9f8ac30ca	15	101408160	101928837	336	0.025
af6cb973-0b49-4b31-b41f-c4b9f8ac30ca	16	10777	6175026	3350	0.0073
af6cb973-0b49-4b31-b41f-c4b9f8ac30ca	16	6181251	7464136	1632	0.0653
af6cb973-0b49-4b31-b41f-c4b9f8ac30ca	16	7464266	16541191	6777	-0.0021
af6cb973-0b49-4b31-b41f-c4b9f8ac30ca	16	16541758	18704933	1022	0.0587
af6cb973-0b49-4b31-b41f-c4b9f8ac30ca	16	18705983	21349109	1592	-0.003
af6cb973-0b49-4b31-b41f-c4b9f8ac30ca	16	21352084	21580019	27	-0.4408
af6cb973-0b49-4b31-b41f-c4b9f8ac30ca	16	21582134	22604483	376	-0.0169
af6cb973-0b49-4b31-b41f-c4b9f8ac30ca	16	22614263	22699421	59	-0.5174
af6cb973-0b49-4b31-b41f-c4b9f8ac30ca	16	22701658	35232200	5321	0.0104
af6cb973-0b49-4b31-b41f-c4b9f8ac30ca	16	35236333	35522700	167	0.9205
af6cb973-0b49-4b31-b41f-c4b9f8ac30ca	16	35526596	78459765	21040	0
af6cb973-0b49-4b31-b41f-c4b9f8ac30ca	16	78461464	78462979	3	-1.159
af6cb973-0b49-4b31-b41f-c4b9f8ac30ca	16	78463296	90096867	10466	0.0122
af6cb973-0b49-4b31-b41f-c4b9f8ac30ca	17	150733	14485374	9118	0.0064
af6cb973-0b49-4b31-b41f-c4b9f8ac30ca	17	14490222	15778279	921	0.0735
af6cb973-0b49-4b31-b41f-c4b9f8ac30ca	17	15779264	16749938	429	0.0139
af6cb973-0b49-4b31-b41f-c4b9f8ac30ca	17	16750987	16838201	13	-0.6792
af6cb973-0b49-4b31-b41f-c4b9f8ac30ca	17	16838214	18455632	909	0.0079
af6cb973-0b49-4b31-b41f-c4b9f8ac30ca	17	18455635	18565883	26	0.5987
af6cb973-0b49-4b31-b41f-c4b9f8ac30ca	17	18571332	36097317	6822	0.0156
af6cb973-0b49-4b31-b41f-c4b9f8ac30ca	17	36097969	36460442	49	0.4493
af6cb973-0b49-4b31-b41f-c4b9f8ac30ca	17	36463349	41266825	2523	0.0035
af6cb973-0b49-4b31-b41f-c4b9f8ac30ca	17	41266838	41274198	19	-0.4937
af6cb973-0b49-4b31-b41f-c4b9f8ac30ca	17	41274279	80074189	22861	0.0051
af6cb973-0b49-4b31-b41f-c4b9f8ac30ca	17	80080303	80080445	2	1.411
af6cb973-0b49-4b31-b41f-c4b9f8ac30ca	17	80080590	83091923	1318	-0.0083
af6cb973-0b49-4b31-b41f-c4b9f8ac30ca	18	48133	5960674	4219	-0.0147
af6cb973-0b49-4b31-b41f-c4b9f8ac30ca	18	5961068	6546714	418	0.0739
af6cb973-0b49-4b31-b41f-c4b9f8ac30ca	18	6546860	27863349	9962	-0.0193
af6cb973-0b49-4b31-b41f-c4b9f8ac30ca	18	27864428	27869856	3	-1.9697
af6cb973-0b49-4b31-b41f-c4b9f8ac30ca	18	27869954	28798873	577	-0.0203
af6cb973-0b49-4b31-b41f-c4b9f8ac30ca	18	28800429	28822238	14	0.3433
af6cb973-0b49-4b31-b41f-c4b9f8ac30ca	18	28824808	32213745	2149	-0.0261
af6cb973-0b49-4b31-b41f-c4b9f8ac30ca	18	32216069	32216443	2	-1.4318
af6cb973-0b49-4b31-b41f-c4b9f8ac30ca	18	32217958	44394853	7813	-0.0142
af6cb973-0b49-4b31-b41f-c4b9f8ac30ca	18	44396921	44398660	6	-1.0295
af6cb973-0b49-4b31-b41f-c4b9f8ac30ca	18	44402706	66095064	15172	-0.0192
af6cb973-0b49-4b31-b41f-c4b9f8ac30ca	18	66099904	66100686	3	-1.5639
af6cb973-0b49-4b31-b41f-c4b9f8ac30ca	18	66108359	71421456	3804	-0.0131
af6cb973-0b49-4b31-b41f-c4b9f8ac30ca	18	71424091	73482982	1622	0.0377
af6cb973-0b49-4b31-b41f-c4b9f8ac30ca	18	73483026	78902828	4232	-0.0233
af6cb973-0b49-4b31-b41f-c4b9f8ac30ca	18	78903872	78904863	3	-1.4728
af6cb973-0b49-4b31-b41f-c4b9f8ac30ca	18	78906449	80257174	703	0.0041
af6cb973-0b49-4b31-b41f-c4b9f8ac30ca	19	90910	24278016	11125	0.0026
af6cb973-0b49-4b31-b41f-c4b9f8ac30ca	19	24278618	24282155	9	-0.8448
af6cb973-0b49-4b31-b41f-c4b9f8ac30ca	19	24304880	35364547	5564	0.003
af6cb973-0b49-4b31-b41f-c4b9f8ac30ca	19	35365141	35370946	19	-0.5377
af6cb973-0b49-4b31-b41f-c4b9f8ac30ca	19	35375842	43198881	3866	0.0086
af6cb973-0b49-4b31-b41f-c4b9f8ac30ca	19	43199352	43252085	21	-0.6323
af6cb973-0b49-4b31-b41f-c4b9f8ac30ca	19	43262507	58586487	8491	0.0027
af6cb973-0b49-4b31-b41f-c4b9f8ac30ca	20	80664	80941	9	-0.3021
af6cb973-0b49-4b31-b41f-c4b9f8ac30ca	20	81034	1580353	1193	0.0308
af6cb973-0b49-4b31-b41f-c4b9f8ac30ca	20	1580934	1601561	36	-0.2394
af6cb973-0b49-4b31-b41f-c4b9f8ac30ca	20	1609611	1613247	5	-1.2665
af6cb973-0b49-4b31-b41f-c4b9f8ac30ca	20	1617300	26324943	18760	0.0108
af6cb973-0b49-4b31-b41f-c4b9f8ac30ca	20	30185676	30271154	16	-0.5126
af6cb973-0b49-4b31-b41f-c4b9f8ac30ca	20	30293217	64324800	22333	0.0024
af6cb973-0b49-4b31-b41f-c4b9f8ac30ca	21	10354168	13582956	268	0.0306
af6cb973-0b49-4b31-b41f-c4b9f8ac30ca	21	13583316	13819355	9	0.5765
af6cb973-0b49-4b31-b41f-c4b9f8ac30ca	21	13822907	22309605	6043	0.0054
af6cb973-0b49-4b31-b41f-c4b9f8ac30ca	21	22309914	22310035	2	-1.3857
af6cb973-0b49-4b31-b41f-c4b9f8ac30ca	21	22312337	26908194	3531	0.0005
af6cb973-0b49-4b31-b41f-c4b9f8ac30ca	21	26910341	26910533	3	-1.1543
af6cb973-0b49-4b31-b41f-c4b9f8ac30ca	21	26911285	36153237	6599	0.0108
af6cb973-0b49-4b31-b41f-c4b9f8ac30ca	21	36153531	36153647	3	-2.7547
af6cb973-0b49-4b31-b41f-c4b9f8ac30ca	21	36160821	46677045	7391	-0.0013
af6cb973-0b49-4b31-b41f-c4b9f8ac30ca	22	15294547	33777419	11641	0.0087
af6cb973-0b49-4b31-b41f-c4b9f8ac30ca	22	33778960	33778986	3	-2.6553
af6cb973-0b49-4b31-b41f-c4b9f8ac30ca	22	33778998	38967614	3590	0.0027
af6cb973-0b49-4b31-b41f-c4b9f8ac30ca	22	38967679	38979302	23	-0.6557
af6cb973-0b49-4b31-b41f-c4b9f8ac30ca	22	38993700	47871715	5797	0.0034
af6cb973-0b49-4b31-b41f-c4b9f8ac30ca	22	47874996	47875017	2	-1.3804
af6cb973-0b49-4b31-b41f-c4b9f8ac30ca	22	47875259	50528603	2062	0.0186
af6cb973-0b49-4b31-b41f-c4b9f8ac30ca	22	50534679	50534687	5	-1.1108
af6cb973-0b49-4b31-b41f-c4b9f8ac30ca	22	50535325	50796027	143	0.0065
af6cb973-0b49-4b31-b41f-c4b9f8ac30ca	X	251810	63193211	33479	0.0076
af6cb973-0b49-4b31-b41f-c4b9f8ac30ca	X	63250575	63285991	21	1.2427
af6cb973-0b49-4b31-b41f-c4b9f8ac30ca	X	63297125	155952689	49970	0.0036
af6cb973-0b49-4b31-b41f-c4b9f8ac30ca	Y	2782397	56872112	6639	-1.0049
