GDC_Aliquot	Chromosome	Start	End	Num_Probes	Segment_Mean
5aec7716-d2ff-4a6d-b14d-e8b8cb2e7ffd	1	62920	98588	12	-0.8338
5aec7716-d2ff-4a6d-b14d-e8b8cb2e7ffd	1	98602	1193765	92	-0.0127
5aec7716-d2ff-4a6d-b14d-e8b8cb2e7ffd	1	1193952	2012176	232	-0.1349
5aec7716-d2ff-4a6d-b14d-e8b8cb2e7ffd	1	2013116	16855942	8367	-0.0109
5aec7716-d2ff-4a6d-b14d-e8b8cb2e7ffd	1	16863509	16932568	47	0.4424
5aec7716-d2ff-4a6d-b14d-e8b8cb2e7ffd	1	16934716	18915410	1464	-0.0143
5aec7716-d2ff-4a6d-b14d-e8b8cb2e7ffd	1	18915849	18922622	4	-1.4692
5aec7716-d2ff-4a6d-b14d-e8b8cb2e7ffd	1	18923932	25256850	3799	-0.0068
5aec7716-d2ff-4a6d-b14d-e8b8cb2e7ffd	1	25266637	25292440	16	0.5952
5aec7716-d2ff-4a6d-b14d-e8b8cb2e7ffd	1	25292549	55022696	16333	-0.004
5aec7716-d2ff-4a6d-b14d-e8b8cb2e7ffd	1	55025942	55030503	5	-0.9429
5aec7716-d2ff-4a6d-b14d-e8b8cb2e7ffd	1	55031629	72284670	12392	-0.0021
5aec7716-d2ff-4a6d-b14d-e8b8cb2e7ffd	1	72290430	72297687	9	-0.7894
5aec7716-d2ff-4a6d-b14d-e8b8cb2e7ffd	1	72302735	72305460	5	0.6613
5aec7716-d2ff-4a6d-b14d-e8b8cb2e7ffd	1	72305684	72331180	22	0.025
5aec7716-d2ff-4a6d-b14d-e8b8cb2e7ffd	1	72331209	72343085	14	0.3986
5aec7716-d2ff-4a6d-b14d-e8b8cb2e7ffd	1	72343689	75585159	1939	0.0178
5aec7716-d2ff-4a6d-b14d-e8b8cb2e7ffd	1	75589078	75589169	2	-3.6501
5aec7716-d2ff-4a6d-b14d-e8b8cb2e7ffd	1	75593824	103616762	18099	0.0052
5aec7716-d2ff-4a6d-b14d-e8b8cb2e7ffd	1	103620877	103760781	7	-1.5074
5aec7716-d2ff-4a6d-b14d-e8b8cb2e7ffd	1	103760879	105470132	916	0.0131
5aec7716-d2ff-4a6d-b14d-e8b8cb2e7ffd	1	105470754	105481515	22	-0.3787
5aec7716-d2ff-4a6d-b14d-e8b8cb2e7ffd	1	105482176	112147626	4594	0.0099
5aec7716-d2ff-4a6d-b14d-e8b8cb2e7ffd	1	112147704	112154768	26	0.5211
5aec7716-d2ff-4a6d-b14d-e8b8cb2e7ffd	1	112163334	143547578	5175	-0.0007
5aec7716-d2ff-4a6d-b14d-e8b8cb2e7ffd	1	143550417	143942271	116	0.1812
5aec7716-d2ff-4a6d-b14d-e8b8cb2e7ffd	1	144432083	152583051	2316	-0.0085
5aec7716-d2ff-4a6d-b14d-e8b8cb2e7ffd	1	152583230	152614118	35	1.2948
5aec7716-d2ff-4a6d-b14d-e8b8cb2e7ffd	1	152618018	152782154	159	-0.0072
5aec7716-d2ff-4a6d-b14d-e8b8cb2e7ffd	1	152783832	152795805	40	-0.2946
5aec7716-d2ff-4a6d-b14d-e8b8cb2e7ffd	1	152795862	161509648	5258	0.0041
5aec7716-d2ff-4a6d-b14d-e8b8cb2e7ffd	1	161532067	161649268	16	0.4901
5aec7716-d2ff-4a6d-b14d-e8b8cb2e7ffd	1	161678447	169247699	6009	0.004
5aec7716-d2ff-4a6d-b14d-e8b8cb2e7ffd	1	169264736	169269320	4	-3.47
5aec7716-d2ff-4a6d-b14d-e8b8cb2e7ffd	1	169269493	172506455	2253	-0.0022
5aec7716-d2ff-4a6d-b14d-e8b8cb2e7ffd	1	172508677	172511284	2	1.7445
5aec7716-d2ff-4a6d-b14d-e8b8cb2e7ffd	1	172512008	196769506	15937	0.0019
5aec7716-d2ff-4a6d-b14d-e8b8cb2e7ffd	1	196769638	196846661	55	0.4579
5aec7716-d2ff-4a6d-b14d-e8b8cb2e7ffd	1	196847600	199142235	1376	0.0149
5aec7716-d2ff-4a6d-b14d-e8b8cb2e7ffd	1	199142298	199144712	8	-2.6557
5aec7716-d2ff-4a6d-b14d-e8b8cb2e7ffd	1	199145110	209897717	7403	0.0037
5aec7716-d2ff-4a6d-b14d-e8b8cb2e7ffd	1	209908268	209910639	3	1.2129
5aec7716-d2ff-4a6d-b14d-e8b8cb2e7ffd	1	209913207	222843064	8944	-0.0016
5aec7716-d2ff-4a6d-b14d-e8b8cb2e7ffd	1	222843983	222850427	6	-0.7983
5aec7716-d2ff-4a6d-b14d-e8b8cb2e7ffd	1	222853375	248574146	17906	0.0025
5aec7716-d2ff-4a6d-b14d-e8b8cb2e7ffd	1	248585893	248633912	32	-0.902
5aec7716-d2ff-4a6d-b14d-e8b8cb2e7ffd	1	248645563	248930189	140	0.0016
5aec7716-d2ff-4a6d-b14d-e8b8cb2e7ffd	2	12784	3184154	2218	-0.0146
5aec7716-d2ff-4a6d-b14d-e8b8cb2e7ffd	2	3184269	3184340	2	1.3938
5aec7716-d2ff-4a6d-b14d-e8b8cb2e7ffd	2	3184533	4158097	766	0.0095
5aec7716-d2ff-4a6d-b14d-e8b8cb2e7ffd	2	4166274	4175922	37	-0.6892
5aec7716-d2ff-4a6d-b14d-e8b8cb2e7ffd	2	4175977	6259887	1806	0.0078
5aec7716-d2ff-4a6d-b14d-e8b8cb2e7ffd	2	6261777	6262028	2	-1.4854
5aec7716-d2ff-4a6d-b14d-e8b8cb2e7ffd	2	6262164	18780346	9381	0.0078
5aec7716-d2ff-4a6d-b14d-e8b8cb2e7ffd	2	18780524	18789206	13	-0.2903
5aec7716-d2ff-4a6d-b14d-e8b8cb2e7ffd	2	18789702	18792258	3	-1.3734
5aec7716-d2ff-4a6d-b14d-e8b8cb2e7ffd	2	18792538	34476327	9862	-0.0027
5aec7716-d2ff-4a6d-b14d-e8b8cb2e7ffd	2	34476516	34511990	44	0.5517
5aec7716-d2ff-4a6d-b14d-e8b8cb2e7ffd	2	34512096	35742057	869	-0.025
5aec7716-d2ff-4a6d-b14d-e8b8cb2e7ffd	2	35742319	35772407	11	0.6803
5aec7716-d2ff-4a6d-b14d-e8b8cb2e7ffd	2	35772438	52531677	12135	0.003
5aec7716-d2ff-4a6d-b14d-e8b8cb2e7ffd	2	52531803	52560811	30	0.4781
5aec7716-d2ff-4a6d-b14d-e8b8cb2e7ffd	2	52563002	67947142	10146	0.0077
5aec7716-d2ff-4a6d-b14d-e8b8cb2e7ffd	2	67949258	67950973	5	-0.8963
5aec7716-d2ff-4a6d-b14d-e8b8cb2e7ffd	2	67951477	78999744	6939	0.0024
5aec7716-d2ff-4a6d-b14d-e8b8cb2e7ffd	2	79000021	79000117	2	-1.8672
5aec7716-d2ff-4a6d-b14d-e8b8cb2e7ffd	2	79000149	87189966	4927	0.0046
5aec7716-d2ff-4a6d-b14d-e8b8cb2e7ffd	2	87203368	87321376	40	-0.2806
5aec7716-d2ff-4a6d-b14d-e8b8cb2e7ffd	2	87321424	106258266	7368	0.001
5aec7716-d2ff-4a6d-b14d-e8b8cb2e7ffd	2	106263639	106270952	14	-0.5668
5aec7716-d2ff-4a6d-b14d-e8b8cb2e7ffd	2	106271414	117466188	6131	0.0011
5aec7716-d2ff-4a6d-b14d-e8b8cb2e7ffd	2	117466594	117468375	4	-1.1781
5aec7716-d2ff-4a6d-b14d-e8b8cb2e7ffd	2	117470941	125881278	5451	0.0092
5aec7716-d2ff-4a6d-b14d-e8b8cb2e7ffd	2	125883717	125884009	3	-1.4137
5aec7716-d2ff-4a6d-b14d-e8b8cb2e7ffd	2	125896932	146104517	12230	0.0043
5aec7716-d2ff-4a6d-b14d-e8b8cb2e7ffd	2	146106836	146109366	24	-2.2407
5aec7716-d2ff-4a6d-b14d-e8b8cb2e7ffd	2	146120238	183220725	22850	0.0045
5aec7716-d2ff-4a6d-b14d-e8b8cb2e7ffd	2	183221060	183224996	9	-0.9468
5aec7716-d2ff-4a6d-b14d-e8b8cb2e7ffd	2	183229270	201558143	10454	0.0089
5aec7716-d2ff-4a6d-b14d-e8b8cb2e7ffd	2	201558672	201558981	3	1.1144
5aec7716-d2ff-4a6d-b14d-e8b8cb2e7ffd	2	201561984	242147305	25755	-0.0014
5aec7716-d2ff-4a6d-b14d-e8b8cb2e7ffd	3	20930	6609441	5819	0.0121
5aec7716-d2ff-4a6d-b14d-e8b8cb2e7ffd	3	6609524	6613561	24	-0.7447
5aec7716-d2ff-4a6d-b14d-e8b8cb2e7ffd	3	6613684	22080631	10807	-0.0049
5aec7716-d2ff-4a6d-b14d-e8b8cb2e7ffd	3	22080904	22086919	2	-1.4255
5aec7716-d2ff-4a6d-b14d-e8b8cb2e7ffd	3	22088009	26384700	3233	0.0096
5aec7716-d2ff-4a6d-b14d-e8b8cb2e7ffd	3	26392633	26397852	5	-3.3618
5aec7716-d2ff-4a6d-b14d-e8b8cb2e7ffd	3	26404482	26570158	119	-0.0327
5aec7716-d2ff-4a6d-b14d-e8b8cb2e7ffd	3	26570176	26570394	4	-2.8688
5aec7716-d2ff-4a6d-b14d-e8b8cb2e7ffd	3	26570407	29391608	1919	-0.0029
5aec7716-d2ff-4a6d-b14d-e8b8cb2e7ffd	3	29395914	29397082	6	-2.0188
5aec7716-d2ff-4a6d-b14d-e8b8cb2e7ffd	3	29397969	37928827	5683	-0.0072
5aec7716-d2ff-4a6d-b14d-e8b8cb2e7ffd	3	37929599	37942340	20	-0.5972
5aec7716-d2ff-4a6d-b14d-e8b8cb2e7ffd	3	37942460	37945437	5	-1.2807
5aec7716-d2ff-4a6d-b14d-e8b8cb2e7ffd	3	37945615	52998022	8083	-0.0142
5aec7716-d2ff-4a6d-b14d-e8b8cb2e7ffd	3	52999132	53007838	35	-0.6597
5aec7716-d2ff-4a6d-b14d-e8b8cb2e7ffd	3	53007869	65202778	9549	-0.0029
5aec7716-d2ff-4a6d-b14d-e8b8cb2e7ffd	3	65203560	65224777	52	-0.9019
5aec7716-d2ff-4a6d-b14d-e8b8cb2e7ffd	3	65230674	68697013	2424	-0.0075
5aec7716-d2ff-4a6d-b14d-e8b8cb2e7ffd	3	68697108	68698262	14	-2.045
5aec7716-d2ff-4a6d-b14d-e8b8cb2e7ffd	3	68699607	89337811	12627	-0.0025
5aec7716-d2ff-4a6d-b14d-e8b8cb2e7ffd	3	89337896	89345592	10	-0.7614
5aec7716-d2ff-4a6d-b14d-e8b8cb2e7ffd	3	89355950	89355954	3	0.4625
5aec7716-d2ff-4a6d-b14d-e8b8cb2e7ffd	3	89355967	89370771	41	-0.8162
5aec7716-d2ff-4a6d-b14d-e8b8cb2e7ffd	3	89371081	122895373	17666	-0.0033
5aec7716-d2ff-4a6d-b14d-e8b8cb2e7ffd	3	122900445	122911215	3	-1.4728
5aec7716-d2ff-4a6d-b14d-e8b8cb2e7ffd	3	122914221	128661409	3673	-0.0182
5aec7716-d2ff-4a6d-b14d-e8b8cb2e7ffd	3	128662406	128692935	15	0.6675
5aec7716-d2ff-4a6d-b14d-e8b8cb2e7ffd	3	128693488	130044016	621	-0.0163
5aec7716-d2ff-4a6d-b14d-e8b8cb2e7ffd	3	130044855	130087393	38	0.3938
5aec7716-d2ff-4a6d-b14d-e8b8cb2e7ffd	3	130088081	162794951	20278	-0.0003
5aec7716-d2ff-4a6d-b14d-e8b8cb2e7ffd	3	162795304	162807070	10	0.8401
5aec7716-d2ff-4a6d-b14d-e8b8cb2e7ffd	3	162810842	162822702	10	-1.6163
5aec7716-d2ff-4a6d-b14d-e8b8cb2e7ffd	3	162827928	162914592	64	0.3317
5aec7716-d2ff-4a6d-b14d-e8b8cb2e7ffd	3	162915408	165411253	1388	0.0045
5aec7716-d2ff-4a6d-b14d-e8b8cb2e7ffd	3	165411694	165411778	3	-1.3299
5aec7716-d2ff-4a6d-b14d-e8b8cb2e7ffd	3	165412045	176988379	7306	-0.0004
5aec7716-d2ff-4a6d-b14d-e8b8cb2e7ffd	3	176988814	176990393	2	-1.5117
5aec7716-d2ff-4a6d-b14d-e8b8cb2e7ffd	3	176990541	195558822	11957	-0.004
5aec7716-d2ff-4a6d-b14d-e8b8cb2e7ffd	3	195559056	195706899	17	-0.4309
5aec7716-d2ff-4a6d-b14d-e8b8cb2e7ffd	3	195707243	198169114	1191	-0.0168
5aec7716-d2ff-4a6d-b14d-e8b8cb2e7ffd	3	198169131	198169247	3	0.8003
5aec7716-d2ff-4a6d-b14d-e8b8cb2e7ffd	4	68929	7991181	4662	-0.0084
5aec7716-d2ff-4a6d-b14d-e8b8cb2e7ffd	4	7991400	7993947	2	-2.1336
5aec7716-d2ff-4a6d-b14d-e8b8cb2e7ffd	4	7995217	10212536	1042	-0.0182
5aec7716-d2ff-4a6d-b14d-e8b8cb2e7ffd	4	10221792	10227684	14	0.5632
5aec7716-d2ff-4a6d-b14d-e8b8cb2e7ffd	4	10228006	10389091	192	-0.0111
5aec7716-d2ff-4a6d-b14d-e8b8cb2e7ffd	4	10390730	10399044	16	-0.708
5aec7716-d2ff-4a6d-b14d-e8b8cb2e7ffd	4	10401094	26287196	11546	-0.0003
5aec7716-d2ff-4a6d-b14d-e8b8cb2e7ffd	4	26290363	26293552	4	-1.0877
5aec7716-d2ff-4a6d-b14d-e8b8cb2e7ffd	4	26297503	34777353	5235	0.0076
5aec7716-d2ff-4a6d-b14d-e8b8cb2e7ffd	4	34777382	34823103	42	0.5033
5aec7716-d2ff-4a6d-b14d-e8b8cb2e7ffd	4	34828250	44963179	6595	0.0071
5aec7716-d2ff-4a6d-b14d-e8b8cb2e7ffd	4	44964987	44997602	40	0.5703
5aec7716-d2ff-4a6d-b14d-e8b8cb2e7ffd	4	45001503	63826341	9921	0.001
5aec7716-d2ff-4a6d-b14d-e8b8cb2e7ffd	4	63827261	63851308	32	0.5794
5aec7716-d2ff-4a6d-b14d-e8b8cb2e7ffd	4	63852325	68395346	2854	-0.0022
5aec7716-d2ff-4a6d-b14d-e8b8cb2e7ffd	4	68416487	68422424	5	-1.9171
5aec7716-d2ff-4a6d-b14d-e8b8cb2e7ffd	4	68429081	68506285	12	0.0121
5aec7716-d2ff-4a6d-b14d-e8b8cb2e7ffd	4	68509223	68618369	62	0.6532
5aec7716-d2ff-4a6d-b14d-e8b8cb2e7ffd	4	68618391	150955157	49329	0.0049
5aec7716-d2ff-4a6d-b14d-e8b8cb2e7ffd	4	150955173	150963148	24	-0.8038
5aec7716-d2ff-4a6d-b14d-e8b8cb2e7ffd	4	150963154	151091949	60	-0.013
5aec7716-d2ff-4a6d-b14d-e8b8cb2e7ffd	4	151092830	151099625	2	-1.5406
5aec7716-d2ff-4a6d-b14d-e8b8cb2e7ffd	4	151099962	157697493	4266	0.0023
5aec7716-d2ff-4a6d-b14d-e8b8cb2e7ffd	4	157700362	157721417	15	-1.3873
5aec7716-d2ff-4a6d-b14d-e8b8cb2e7ffd	4	157721750	160041837	1309	0.0101
5aec7716-d2ff-4a6d-b14d-e8b8cb2e7ffd	4	160045000	160054780	5	-0.9561
5aec7716-d2ff-4a6d-b14d-e8b8cb2e7ffd	4	160054871	160071074	11	0.0302
5aec7716-d2ff-4a6d-b14d-e8b8cb2e7ffd	4	160079270	160080377	2	-1.6225
5aec7716-d2ff-4a6d-b14d-e8b8cb2e7ffd	4	160080470	171448195	7355	0.0068
5aec7716-d2ff-4a6d-b14d-e8b8cb2e7ffd	4	171453733	171456559	10	1.8389
5aec7716-d2ff-4a6d-b14d-e8b8cb2e7ffd	4	171456573	172501178	639	0.0095
5aec7716-d2ff-4a6d-b14d-e8b8cb2e7ffd	4	172501190	172519981	10	0.6426
5aec7716-d2ff-4a6d-b14d-e8b8cb2e7ffd	4	172532557	177412997	2947	0.0101
5aec7716-d2ff-4a6d-b14d-e8b8cb2e7ffd	4	177415492	177417757	5	-0.8652
5aec7716-d2ff-4a6d-b14d-e8b8cb2e7ffd	4	177420262	178471209	704	0.0185
5aec7716-d2ff-4a6d-b14d-e8b8cb2e7ffd	4	178474852	178475027	2	-1.245
5aec7716-d2ff-4a6d-b14d-e8b8cb2e7ffd	4	178475330	180281999	1282	0.0115
5aec7716-d2ff-4a6d-b14d-e8b8cb2e7ffd	4	180284838	180285238	3	-1.0577
5aec7716-d2ff-4a6d-b14d-e8b8cb2e7ffd	4	180287514	182647519	1942	0.0066
5aec7716-d2ff-4a6d-b14d-e8b8cb2e7ffd	4	182650187	182650253	2	-1.7689
5aec7716-d2ff-4a6d-b14d-e8b8cb2e7ffd	4	182651199	190036988	4948	0.0071
5aec7716-d2ff-4a6d-b14d-e8b8cb2e7ffd	4	190046094	190106768	5	-0.9155
5aec7716-d2ff-4a6d-b14d-e8b8cb2e7ffd	5	15532	660689	295	-0.0432
5aec7716-d2ff-4a6d-b14d-e8b8cb2e7ffd	5	661708	773453	38	-0.4217
5aec7716-d2ff-4a6d-b14d-e8b8cb2e7ffd	5	779766	46271006	30338	0.007
5aec7716-d2ff-4a6d-b14d-e8b8cb2e7ffd	5	46271828	46273400	6	-3.5249
5aec7716-d2ff-4a6d-b14d-e8b8cb2e7ffd	5	46278110	58025819	5074	0.001
5aec7716-d2ff-4a6d-b14d-e8b8cb2e7ffd	5	58030200	58037706	32	2.0313
5aec7716-d2ff-4a6d-b14d-e8b8cb2e7ffd	5	58042530	69571467	7298	0.0007
5aec7716-d2ff-4a6d-b14d-e8b8cb2e7ffd	5	69779150	69822308	4	-1.4221
5aec7716-d2ff-4a6d-b14d-e8b8cb2e7ffd	5	69937600	104515520	19539	0.002
5aec7716-d2ff-4a6d-b14d-e8b8cb2e7ffd	5	104524672	104524903	4	-1.6171
5aec7716-d2ff-4a6d-b14d-e8b8cb2e7ffd	5	104525348	156048095	33444	0.0047
5aec7716-d2ff-4a6d-b14d-e8b8cb2e7ffd	5	156049762	156055719	14	-0.886
5aec7716-d2ff-4a6d-b14d-e8b8cb2e7ffd	5	156068240	177771448	14803	-0.0002
5aec7716-d2ff-4a6d-b14d-e8b8cb2e7ffd	5	177800550	177805604	3	2.2962
5aec7716-d2ff-4a6d-b14d-e8b8cb2e7ffd	5	177827964	177879634	7	-0.3462
5aec7716-d2ff-4a6d-b14d-e8b8cb2e7ffd	5	177883336	178680821	440	-0.0113
5aec7716-d2ff-4a6d-b14d-e8b8cb2e7ffd	5	178682974	178686162	3	-1.2689
5aec7716-d2ff-4a6d-b14d-e8b8cb2e7ffd	5	178691854	181363319	1535	-0.0235
5aec7716-d2ff-4a6d-b14d-e8b8cb2e7ffd	6	149661	302306	125	-0.0242
5aec7716-d2ff-4a6d-b14d-e8b8cb2e7ffd	6	303017	385784	85	-0.3801
5aec7716-d2ff-4a6d-b14d-e8b8cb2e7ffd	6	387532	26743855	20020	-0.004
5aec7716-d2ff-4a6d-b14d-e8b8cb2e7ffd	6	26747492	26759781	5	-1.2712
5aec7716-d2ff-4a6d-b14d-e8b8cb2e7ffd	6	26831719	29882497	1433	-0.015
5aec7716-d2ff-4a6d-b14d-e8b8cb2e7ffd	6	29882589	29882603	2	1.3862
5aec7716-d2ff-4a6d-b14d-e8b8cb2e7ffd	6	29903859	31313046	659	-0.0254
5aec7716-d2ff-4a6d-b14d-e8b8cb2e7ffd	6	31318499	31342147	12	-1.4124
5aec7716-d2ff-4a6d-b14d-e8b8cb2e7ffd	6	31349570	65684197	19194	-0.0042
5aec7716-d2ff-4a6d-b14d-e8b8cb2e7ffd	6	65689589	65693959	23	-0.6532
5aec7716-d2ff-4a6d-b14d-e8b8cb2e7ffd	6	65697234	73882142	5438	0.005
5aec7716-d2ff-4a6d-b14d-e8b8cb2e7ffd	6	73882509	73887625	9	0.6759
5aec7716-d2ff-4a6d-b14d-e8b8cb2e7ffd	6	73891694	76305231	1473	0.0051
5aec7716-d2ff-4a6d-b14d-e8b8cb2e7ffd	6	76307183	76307209	3	-1.3044
5aec7716-d2ff-4a6d-b14d-e8b8cb2e7ffd	6	76307276	76726442	295	0.0272
5aec7716-d2ff-4a6d-b14d-e8b8cb2e7ffd	6	76726815	76742972	21	-0.6772
5aec7716-d2ff-4a6d-b14d-e8b8cb2e7ffd	6	76743040	78253172	977	-0.0066
5aec7716-d2ff-4a6d-b14d-e8b8cb2e7ffd	6	78259348	78331916	115	0.5796
5aec7716-d2ff-4a6d-b14d-e8b8cb2e7ffd	6	78332002	130343503	32127	0.0063
5aec7716-d2ff-4a6d-b14d-e8b8cb2e7ffd	6	130344244	130358869	9	-0.8339
5aec7716-d2ff-4a6d-b14d-e8b8cb2e7ffd	6	130360056	133945130	2453	0.0002
5aec7716-d2ff-4a6d-b14d-e8b8cb2e7ffd	6	133947933	133948494	2	-2.0199
5aec7716-d2ff-4a6d-b14d-e8b8cb2e7ffd	6	133950934	154391179	13754	-0.0035
5aec7716-d2ff-4a6d-b14d-e8b8cb2e7ffd	6	154392627	154393833	4	-1.151
5aec7716-d2ff-4a6d-b14d-e8b8cb2e7ffd	6	154396308	170741917	11335	-0.0043
5aec7716-d2ff-4a6d-b14d-e8b8cb2e7ffd	7	43355	54305455	38483	0.0062
5aec7716-d2ff-4a6d-b14d-e8b8cb2e7ffd	7	54318812	54318824	6	-2.0328
5aec7716-d2ff-4a6d-b14d-e8b8cb2e7ffd	7	54325795	56999885	1616	0.0001
5aec7716-d2ff-4a6d-b14d-e8b8cb2e7ffd	7	57001033	57088013	9	-0.8808
5aec7716-d2ff-4a6d-b14d-e8b8cb2e7ffd	7	57088031	70955452	4502	-0.0067
5aec7716-d2ff-4a6d-b14d-e8b8cb2e7ffd	7	70958264	70961155	2	-2.8305
5aec7716-d2ff-4a6d-b14d-e8b8cb2e7ffd	7	70963257	76588301	2162	-0.009
5aec7716-d2ff-4a6d-b14d-e8b8cb2e7ffd	7	76589838	76640365	8	-0.692
5aec7716-d2ff-4a6d-b14d-e8b8cb2e7ffd	7	76640970	77091265	143	-0.0422
5aec7716-d2ff-4a6d-b14d-e8b8cb2e7ffd	7	77093078	77130464	7	-0.7032
5aec7716-d2ff-4a6d-b14d-e8b8cb2e7ffd	7	77135653	88606729	7479	0.0065
5aec7716-d2ff-4a6d-b14d-e8b8cb2e7ffd	7	88609917	88610122	2	-1.6198
5aec7716-d2ff-4a6d-b14d-e8b8cb2e7ffd	7	88611159	97756658	5895	0.0101
5aec7716-d2ff-4a6d-b14d-e8b8cb2e7ffd	7	97766148	97774965	18	-0.6995
5aec7716-d2ff-4a6d-b14d-e8b8cb2e7ffd	7	97775016	109793741	6599	0.0019
5aec7716-d2ff-4a6d-b14d-e8b8cb2e7ffd	7	109797035	109797042	6	-0.6658
5aec7716-d2ff-4a6d-b14d-e8b8cb2e7ffd	7	109797043	109813853	29	-1.5605
5aec7716-d2ff-4a6d-b14d-e8b8cb2e7ffd	7	109813925	116289971	3899	0.0187
5aec7716-d2ff-4a6d-b14d-e8b8cb2e7ffd	7	116294646	116301612	7	-1.0856
5aec7716-d2ff-4a6d-b14d-e8b8cb2e7ffd	7	116303460	143529806	16999	0.0047
5aec7716-d2ff-4a6d-b14d-e8b8cb2e7ffd	7	143530003	143603307	4	-1.1476
5aec7716-d2ff-4a6d-b14d-e8b8cb2e7ffd	7	143728285	144264193	308	0.0278
5aec7716-d2ff-4a6d-b14d-e8b8cb2e7ffd	7	144295437	144343967	6	1.059
5aec7716-d2ff-4a6d-b14d-e8b8cb2e7ffd	7	144352208	159334314	9647	-0.0013
5aec7716-d2ff-4a6d-b14d-e8b8cb2e7ffd	8	81254	2183328	1564	-0.0071
5aec7716-d2ff-4a6d-b14d-e8b8cb2e7ffd	8	2183861	2678523	288	0.6359
5aec7716-d2ff-4a6d-b14d-e8b8cb2e7ffd	8	2679484	3938098	1538	0.015
5aec7716-d2ff-4a6d-b14d-e8b8cb2e7ffd	8	3938388	3939506	7	-0.7366
5aec7716-d2ff-4a6d-b14d-e8b8cb2e7ffd	8	3946329	6956923	4195	0.0126
5aec7716-d2ff-4a6d-b14d-e8b8cb2e7ffd	8	6957134	6957806	6	-1.0087
5aec7716-d2ff-4a6d-b14d-e8b8cb2e7ffd	8	6958057	7172468	125	-0.0221
5aec7716-d2ff-4a6d-b14d-e8b8cb2e7ffd	8	7176273	7886542	50	-0.4351
5aec7716-d2ff-4a6d-b14d-e8b8cb2e7ffd	8	7888457	7890177	4	-2.0625
5aec7716-d2ff-4a6d-b14d-e8b8cb2e7ffd	8	7919608	8139659	18	-0.3453
5aec7716-d2ff-4a6d-b14d-e8b8cb2e7ffd	8	8196822	12025748	3217	0.015
5aec7716-d2ff-4a6d-b14d-e8b8cb2e7ffd	8	12035719	12143614	9	-0.9638
5aec7716-d2ff-4a6d-b14d-e8b8cb2e7ffd	8	12176798	12454103	34	0.1603
5aec7716-d2ff-4a6d-b14d-e8b8cb2e7ffd	8	12470324	12555293	7	-0.6907
5aec7716-d2ff-4a6d-b14d-e8b8cb2e7ffd	8	12561014	13540190	822	-0.0163
5aec7716-d2ff-4a6d-b14d-e8b8cb2e7ffd	8	13540279	13871019	385	0.0804
5aec7716-d2ff-4a6d-b14d-e8b8cb2e7ffd	8	13872921	14427181	524	-0.0129
5aec7716-d2ff-4a6d-b14d-e8b8cb2e7ffd	8	14427702	14428681	2	-1.3498
5aec7716-d2ff-4a6d-b14d-e8b8cb2e7ffd	8	14428696	16404738	1796	0.0142
5aec7716-d2ff-4a6d-b14d-e8b8cb2e7ffd	8	16404755	16417152	26	-0.7997
5aec7716-d2ff-4a6d-b14d-e8b8cb2e7ffd	8	16421186	17061577	521	0.0058
5aec7716-d2ff-4a6d-b14d-e8b8cb2e7ffd	8	17061615	17062159	2	-1.1851
5aec7716-d2ff-4a6d-b14d-e8b8cb2e7ffd	8	17067188	25116928	6335	0.0008
5aec7716-d2ff-4a6d-b14d-e8b8cb2e7ffd	8	25116961	25133589	27	-0.44
5aec7716-d2ff-4a6d-b14d-e8b8cb2e7ffd	8	25133612	31788827	4574	-0.0025
5aec7716-d2ff-4a6d-b14d-e8b8cb2e7ffd	8	31791304	31793153	5	-1.2903
5aec7716-d2ff-4a6d-b14d-e8b8cb2e7ffd	8	31795605	141512685	67923	0.0044
5aec7716-d2ff-4a6d-b14d-e8b8cb2e7ffd	8	141519569	142410112	547	-0.114
5aec7716-d2ff-4a6d-b14d-e8b8cb2e7ffd	8	142410372	145072769	949	-0.0309
5aec7716-d2ff-4a6d-b14d-e8b8cb2e7ffd	9	46587	6695986	6376	-0.0009
5aec7716-d2ff-4a6d-b14d-e8b8cb2e7ffd	9	6701145	6708357	7	-0.8965
5aec7716-d2ff-4a6d-b14d-e8b8cb2e7ffd	9	6712314	18367076	10233	0.0178
5aec7716-d2ff-4a6d-b14d-e8b8cb2e7ffd	9	18371918	18372567	3	-1.1815
5aec7716-d2ff-4a6d-b14d-e8b8cb2e7ffd	9	18374851	38808961	14504	0.0061
5aec7716-d2ff-4a6d-b14d-e8b8cb2e7ffd	9	38912300	38989381	5	-0.8372
5aec7716-d2ff-4a6d-b14d-e8b8cb2e7ffd	9	38996106	39138124	20	-0.0596
5aec7716-d2ff-4a6d-b14d-e8b8cb2e7ffd	9	39140235	42046831	150	-0.5407
5aec7716-d2ff-4a6d-b14d-e8b8cb2e7ffd	9	42073850	61600648	113	0.0912
5aec7716-d2ff-4a6d-b14d-e8b8cb2e7ffd	9	61612703	61647899	6	1.2062
5aec7716-d2ff-4a6d-b14d-e8b8cb2e7ffd	9	61665362	63580418	38	-0.1508
5aec7716-d2ff-4a6d-b14d-e8b8cb2e7ffd	9	63590317	63592813	7	1.969
5aec7716-d2ff-4a6d-b14d-e8b8cb2e7ffd	9	63614182	64839518	71	-0.1127
5aec7716-d2ff-4a6d-b14d-e8b8cb2e7ffd	9	64845973	66881239	24	-0.7227
5aec7716-d2ff-4a6d-b14d-e8b8cb2e7ffd	9	66883464	68318441	27	-0.0065
5aec7716-d2ff-4a6d-b14d-e8b8cb2e7ffd	9	68325679	68328914	2	-2.1936
5aec7716-d2ff-4a6d-b14d-e8b8cb2e7ffd	9	68335112	68966891	505	-0.0016
5aec7716-d2ff-4a6d-b14d-e8b8cb2e7ffd	9	68967030	68968169	3	-0.8796
5aec7716-d2ff-4a6d-b14d-e8b8cb2e7ffd	9	68968182	70194046	999	0.0142
5aec7716-d2ff-4a6d-b14d-e8b8cb2e7ffd	9	70196070	70197838	2	-1.4552
5aec7716-d2ff-4a6d-b14d-e8b8cb2e7ffd	9	70198765	106913073	25588	0.0034
5aec7716-d2ff-4a6d-b14d-e8b8cb2e7ffd	9	106913992	106914149	2	-1.572
5aec7716-d2ff-4a6d-b14d-e8b8cb2e7ffd	9	106914612	138200944	20827	-0.0003
5aec7716-d2ff-4a6d-b14d-e8b8cb2e7ffd	10	45792	6369412	5401	0.0041
5aec7716-d2ff-4a6d-b14d-e8b8cb2e7ffd	10	6369488	6369519	3	1.5636
5aec7716-d2ff-4a6d-b14d-e8b8cb2e7ffd	10	6376792	17885034	9451	0.007
5aec7716-d2ff-4a6d-b14d-e8b8cb2e7ffd	10	17896194	17910884	3	1.2946
5aec7716-d2ff-4a6d-b14d-e8b8cb2e7ffd	10	17929793	46526248	16836	0.0031
5aec7716-d2ff-4a6d-b14d-e8b8cb2e7ffd	10	46526265	46657149	32	0.3943
5aec7716-d2ff-4a6d-b14d-e8b8cb2e7ffd	10	46693480	46792344	7	-0.4625
5aec7716-d2ff-4a6d-b14d-e8b8cb2e7ffd	10	46804606	46810571	2	-2.6701
5aec7716-d2ff-4a6d-b14d-e8b8cb2e7ffd	10	46836986	47460004	288	-0.0233
5aec7716-d2ff-4a6d-b14d-e8b8cb2e7ffd	10	47559592	47702312	8	1.0795
5aec7716-d2ff-4a6d-b14d-e8b8cb2e7ffd	10	47711321	50070600	1386	-0.0018
5aec7716-d2ff-4a6d-b14d-e8b8cb2e7ffd	10	50081224	50097459	2	-2.4727
5aec7716-d2ff-4a6d-b14d-e8b8cb2e7ffd	10	50107474	133654968	57269	0.0043
5aec7716-d2ff-4a6d-b14d-e8b8cb2e7ffd	11	198510	4946420	2417	-0.0013
5aec7716-d2ff-4a6d-b14d-e8b8cb2e7ffd	11	4947280	4961931	34	0.6766
5aec7716-d2ff-4a6d-b14d-e8b8cb2e7ffd	11	4965777	5766862	782	0.0142
5aec7716-d2ff-4a6d-b14d-e8b8cb2e7ffd	11	5768371	5788231	32	0.637
5aec7716-d2ff-4a6d-b14d-e8b8cb2e7ffd	11	5791130	125204606	76009	0.003
5aec7716-d2ff-4a6d-b14d-e8b8cb2e7ffd	11	125205392	125213808	31	-1.1695
5aec7716-d2ff-4a6d-b14d-e8b8cb2e7ffd	11	125218374	134731118	7254	-0.0017
5aec7716-d2ff-4a6d-b14d-e8b8cb2e7ffd	11	134731897	134734098	4	-0.9834
5aec7716-d2ff-4a6d-b14d-e8b8cb2e7ffd	11	134737977	135074876	281	-0.0425
5aec7716-d2ff-4a6d-b14d-e8b8cb2e7ffd	12	51460	9477960	6174	-0.0101
5aec7716-d2ff-4a6d-b14d-e8b8cb2e7ffd	12	9481274	9575696	24	-2.0825
5aec7716-d2ff-4a6d-b14d-e8b8cb2e7ffd	12	9582373	11074314	1040	0.0096
5aec7716-d2ff-4a6d-b14d-e8b8cb2e7ffd	12	11078856	11088933	6	0.9409
5aec7716-d2ff-4a6d-b14d-e8b8cb2e7ffd	12	11099275	30082648	13257	0.0029
5aec7716-d2ff-4a6d-b14d-e8b8cb2e7ffd	12	30086334	30091000	26	-2.2476
5aec7716-d2ff-4a6d-b14d-e8b8cb2e7ffd	12	30091017	33141726	2253	0.0022
5aec7716-d2ff-4a6d-b14d-e8b8cb2e7ffd	12	33148472	33155426	27	-0.6296
5aec7716-d2ff-4a6d-b14d-e8b8cb2e7ffd	12	33155453	45506042	5587	-0.0036
5aec7716-d2ff-4a6d-b14d-e8b8cb2e7ffd	12	45510655	45515754	4	-1.4679
5aec7716-d2ff-4a6d-b14d-e8b8cb2e7ffd	12	45519509	99398036	33703	0.0006
5aec7716-d2ff-4a6d-b14d-e8b8cb2e7ffd	12	99401515	99409315	32	-0.6214
5aec7716-d2ff-4a6d-b14d-e8b8cb2e7ffd	12	99409340	101701823	1434	0.0084
5aec7716-d2ff-4a6d-b14d-e8b8cb2e7ffd	12	101703234	101706402	3	-1.1559
5aec7716-d2ff-4a6d-b14d-e8b8cb2e7ffd	12	101706486	115788034	9526	-0.0067
5aec7716-d2ff-4a6d-b14d-e8b8cb2e7ffd	12	115788081	115789453	2	-1.3997
5aec7716-d2ff-4a6d-b14d-e8b8cb2e7ffd	12	115789573	118214077	1752	0.0099
5aec7716-d2ff-4a6d-b14d-e8b8cb2e7ffd	12	118216338	118222125	3	-2.6678
5aec7716-d2ff-4a6d-b14d-e8b8cb2e7ffd	12	118228452	126823105	5195	0.0002
5aec7716-d2ff-4a6d-b14d-e8b8cb2e7ffd	12	126823969	126830459	9	-0.9981
5aec7716-d2ff-4a6d-b14d-e8b8cb2e7ffd	12	126832742	131648039	4212	-0.0066
5aec7716-d2ff-4a6d-b14d-e8b8cb2e7ffd	12	131648066	131657925	13	-0.8529
5aec7716-d2ff-4a6d-b14d-e8b8cb2e7ffd	12	131658450	133201603	558	-0.032
5aec7716-d2ff-4a6d-b14d-e8b8cb2e7ffd	13	18452809	52485081	23392	0.0057
5aec7716-d2ff-4a6d-b14d-e8b8cb2e7ffd	13	52497017	52583183	17	-0.6239
5aec7716-d2ff-4a6d-b14d-e8b8cb2e7ffd	13	52585716	73838059	13063	0.0122
5aec7716-d2ff-4a6d-b14d-e8b8cb2e7ffd	13	73838125	73838158	2	-1.5441
5aec7716-d2ff-4a6d-b14d-e8b8cb2e7ffd	13	73842492	114342922	27675	0.0046
5aec7716-d2ff-4a6d-b14d-e8b8cb2e7ffd	14	18239283	19954424	166	-0.3201
5aec7716-d2ff-4a6d-b14d-e8b8cb2e7ffd	14	19955213	34527508	9568	0.0056
5aec7716-d2ff-4a6d-b14d-e8b8cb2e7ffd	14	34548002	34548665	2	-1.305
5aec7716-d2ff-4a6d-b14d-e8b8cb2e7ffd	14	34551068	40139724	3311	-0.0032
5aec7716-d2ff-4a6d-b14d-e8b8cb2e7ffd	14	40144718	40147715	2	-3.3114
5aec7716-d2ff-4a6d-b14d-e8b8cb2e7ffd	14	40148961	73534419	21204	0.0027
5aec7716-d2ff-4a6d-b14d-e8b8cb2e7ffd	14	73540003	73563211	10	1.4353
5aec7716-d2ff-4a6d-b14d-e8b8cb2e7ffd	14	73564027	106877229	21152	0.0003
5aec7716-d2ff-4a6d-b14d-e8b8cb2e7ffd	15	19811075	19981398	38	-0.1878
5aec7716-d2ff-4a6d-b14d-e8b8cb2e7ffd	15	19985588	20373168	50	0.203
5aec7716-d2ff-4a6d-b14d-e8b8cb2e7ffd	15	20376198	20376311	7	-0.684
5aec7716-d2ff-4a6d-b14d-e8b8cb2e7ffd	15	20380735	20422239	35	0.3852
5aec7716-d2ff-4a6d-b14d-e8b8cb2e7ffd	15	20441322	20625071	6	-0.5058
5aec7716-d2ff-4a6d-b14d-e8b8cb2e7ffd	15	20625279	20670989	15	0.2878
5aec7716-d2ff-4a6d-b14d-e8b8cb2e7ffd	15	20981071	21417107	24	-0.2942
5aec7716-d2ff-4a6d-b14d-e8b8cb2e7ffd	15	21975606	22299523	31	0.8574
5aec7716-d2ff-4a6d-b14d-e8b8cb2e7ffd	15	22385639	93254765	44782	-0.0048
5aec7716-d2ff-4a6d-b14d-e8b8cb2e7ffd	15	93255507	93255675	5	-1.3351
5aec7716-d2ff-4a6d-b14d-e8b8cb2e7ffd	15	93257196	101928837	6557	-0.0072
5aec7716-d2ff-4a6d-b14d-e8b8cb2e7ffd	16	10777	603045	279	-0.0917
5aec7716-d2ff-4a6d-b14d-e8b8cb2e7ffd	16	603152	14351750	10667	-0.006
5aec7716-d2ff-4a6d-b14d-e8b8cb2e7ffd	16	14356242	16419422	807	-0.07
5aec7716-d2ff-4a6d-b14d-e8b8cb2e7ffd	16	16419781	16534205	9	-0.9203
5aec7716-d2ff-4a6d-b14d-e8b8cb2e7ffd	16	16539504	18104860	998	-0.0238
5aec7716-d2ff-4a6d-b14d-e8b8cb2e7ffd	16	18134261	18144432	2	-1.6552
5aec7716-d2ff-4a6d-b14d-e8b8cb2e7ffd	16	18148869	18583078	15	-0.3648
5aec7716-d2ff-4a6d-b14d-e8b8cb2e7ffd	16	18595356	18705983	11	0.2357
5aec7716-d2ff-4a6d-b14d-e8b8cb2e7ffd	16	18713525	18714714	2	-1.482
5aec7716-d2ff-4a6d-b14d-e8b8cb2e7ffd	16	18730788	27320653	5380	-0.0046
5aec7716-d2ff-4a6d-b14d-e8b8cb2e7ffd	16	27326291	27339366	12	-0.9797
5aec7716-d2ff-4a6d-b14d-e8b8cb2e7ffd	16	27341867	31841911	1717	-0.0148
5aec7716-d2ff-4a6d-b14d-e8b8cb2e7ffd	16	31848396	35905232	559	-0.0845
5aec7716-d2ff-4a6d-b14d-e8b8cb2e7ffd	16	35906467	70091271	15247	0.0051
5aec7716-d2ff-4a6d-b14d-e8b8cb2e7ffd	16	70105639	70164453	15	0.4366
5aec7716-d2ff-4a6d-b14d-e8b8cb2e7ffd	16	70164493	73040113	1315	0.0006
5aec7716-d2ff-4a6d-b14d-e8b8cb2e7ffd	16	73043675	73043716	2	-1.2079
5aec7716-d2ff-4a6d-b14d-e8b8cb2e7ffd	16	73045313	74350360	982	-0.0006
5aec7716-d2ff-4a6d-b14d-e8b8cb2e7ffd	16	74363160	74373225	6	0.8462
5aec7716-d2ff-4a6d-b14d-e8b8cb2e7ffd	16	74373481	76761567	1595	0.0186
5aec7716-d2ff-4a6d-b14d-e8b8cb2e7ffd	16	76764575	76772531	4	-0.8495
5aec7716-d2ff-4a6d-b14d-e8b8cb2e7ffd	16	76774655	78337711	1609	0.0024
5aec7716-d2ff-4a6d-b14d-e8b8cb2e7ffd	16	78338543	78349243	14	-2.4916
5aec7716-d2ff-4a6d-b14d-e8b8cb2e7ffd	16	78350841	83760390	6124	-0.0001
5aec7716-d2ff-4a6d-b14d-e8b8cb2e7ffd	16	83760392	83760401	2	-2.155
5aec7716-d2ff-4a6d-b14d-e8b8cb2e7ffd	16	83760419	90096867	4496	-0.0216
5aec7716-d2ff-4a6d-b14d-e8b8cb2e7ffd	17	150733	1337800	584	-0.101
5aec7716-d2ff-4a6d-b14d-e8b8cb2e7ffd	17	1337877	36108119	17667	-0.0057
5aec7716-d2ff-4a6d-b14d-e8b8cb2e7ffd	17	36108874	36148151	31	-0.441
5aec7716-d2ff-4a6d-b14d-e8b8cb2e7ffd	17	36148163	41266851	2537	-0.013
5aec7716-d2ff-4a6d-b14d-e8b8cb2e7ffd	17	41266901	41274279	18	-0.6729
5aec7716-d2ff-4a6d-b14d-e8b8cb2e7ffd	17	41276472	46085732	2497	-0.002
5aec7716-d2ff-4a6d-b14d-e8b8cb2e7ffd	17	46088437	46286804	124	0.6476
5aec7716-d2ff-4a6d-b14d-e8b8cb2e7ffd	17	46323701	46446360	4	-1.669
5aec7716-d2ff-4a6d-b14d-e8b8cb2e7ffd	17	46569894	78674799	19500	-0.0048
5aec7716-d2ff-4a6d-b14d-e8b8cb2e7ffd	17	78674956	78678151	4	-1.0276
5aec7716-d2ff-4a6d-b14d-e8b8cb2e7ffd	17	78680303	79367431	444	-0.013
5aec7716-d2ff-4a6d-b14d-e8b8cb2e7ffd	17	79369452	79393019	19	1.0268
5aec7716-d2ff-4a6d-b14d-e8b8cb2e7ffd	17	79404541	83091923	1602	-0.0075
5aec7716-d2ff-4a6d-b14d-e8b8cb2e7ffd	18	48133	3863942	2718	0.0115
5aec7716-d2ff-4a6d-b14d-e8b8cb2e7ffd	18	3866748	3867290	4	-1.8252
5aec7716-d2ff-4a6d-b14d-e8b8cb2e7ffd	18	3868775	12161880	6146	-0.0015
5aec7716-d2ff-4a6d-b14d-e8b8cb2e7ffd	18	12162191	12228773	22	-0.8064
5aec7716-d2ff-4a6d-b14d-e8b8cb2e7ffd	18	12238864	14449878	1250	0.0096
5aec7716-d2ff-4a6d-b14d-e8b8cb2e7ffd	18	14455352	14455935	2	-1.3812
5aec7716-d2ff-4a6d-b14d-e8b8cb2e7ffd	18	14461445	25387500	2829	0.0037
5aec7716-d2ff-4a6d-b14d-e8b8cb2e7ffd	18	25389328	25389342	2	-1.3085
5aec7716-d2ff-4a6d-b14d-e8b8cb2e7ffd	18	25391893	40678741	9817	0.011
5aec7716-d2ff-4a6d-b14d-e8b8cb2e7ffd	18	40678763	40685425	20	-0.3399
5aec7716-d2ff-4a6d-b14d-e8b8cb2e7ffd	18	40688060	42471713	1216	0.0087
5aec7716-d2ff-4a6d-b14d-e8b8cb2e7ffd	18	42476604	42477802	25	-0.817
5aec7716-d2ff-4a6d-b14d-e8b8cb2e7ffd	18	42478430	66726779	16744	0.0077
5aec7716-d2ff-4a6d-b14d-e8b8cb2e7ffd	18	66729634	66731751	4	-1.1649
5aec7716-d2ff-4a6d-b14d-e8b8cb2e7ffd	18	66734625	69540616	2137	0.0188
5aec7716-d2ff-4a6d-b14d-e8b8cb2e7ffd	18	69541156	69550306	8	-0.8766
5aec7716-d2ff-4a6d-b14d-e8b8cb2e7ffd	18	69550591	80257174	7804	0.0122
5aec7716-d2ff-4a6d-b14d-e8b8cb2e7ffd	19	90910	35167825	16533	-0.0082
5aec7716-d2ff-4a6d-b14d-e8b8cb2e7ffd	19	35172871	35173140	6	-2.2371
5aec7716-d2ff-4a6d-b14d-e8b8cb2e7ffd	19	35175144	52702132	8943	-0.0028
5aec7716-d2ff-4a6d-b14d-e8b8cb2e7ffd	19	52702676	53044108	251	-0.1271
5aec7716-d2ff-4a6d-b14d-e8b8cb2e7ffd	19	53048976	54736440	1053	-0.0333
5aec7716-d2ff-4a6d-b14d-e8b8cb2e7ffd	19	54736513	54786431	8	-1.3945
5aec7716-d2ff-4a6d-b14d-e8b8cb2e7ffd	19	54787128	58586487	2313	-0.0181
5aec7716-d2ff-4a6d-b14d-e8b8cb2e7ffd	20	80664	1580353	1204	-0.02
5aec7716-d2ff-4a6d-b14d-e8b8cb2e7ffd	20	1580934	1587437	8	-1.0834
5aec7716-d2ff-4a6d-b14d-e8b8cb2e7ffd	20	1590091	1591557	17	-0.2588
5aec7716-d2ff-4a6d-b14d-e8b8cb2e7ffd	20	1591572	1617300	17	-1.1285
5aec7716-d2ff-4a6d-b14d-e8b8cb2e7ffd	20	1617460	64324800	41125	-0.0014
5aec7716-d2ff-4a6d-b14d-e8b8cb2e7ffd	21	10354168	13583316	269	-0.0186
5aec7716-d2ff-4a6d-b14d-e8b8cb2e7ffd	21	13612103	13677975	4	-1.3848
5aec7716-d2ff-4a6d-b14d-e8b8cb2e7ffd	21	13803967	46677045	23595	0.0011
5aec7716-d2ff-4a6d-b14d-e8b8cb2e7ffd	22	15294547	18142004	1106	-0.0268
5aec7716-d2ff-4a6d-b14d-e8b8cb2e7ffd	22	18143362	18146386	8	-1.0054
5aec7716-d2ff-4a6d-b14d-e8b8cb2e7ffd	22	18147293	22398127	2340	-0.0715
5aec7716-d2ff-4a6d-b14d-e8b8cb2e7ffd	22	22398345	22398545	4	-1.6441
5aec7716-d2ff-4a6d-b14d-e8b8cb2e7ffd	22	22402989	38894915	11731	-0.01
5aec7716-d2ff-4a6d-b14d-e8b8cb2e7ffd	22	38899250	38900899	3	-2.0715
5aec7716-d2ff-4a6d-b14d-e8b8cb2e7ffd	22	38903109	50796027	8073	-0.0126
5aec7716-d2ff-4a6d-b14d-e8b8cb2e7ffd	X	251810	53946988	31355	0.0028
5aec7716-d2ff-4a6d-b14d-e8b8cb2e7ffd	X	53947621	53947775	2	-2.3789
5aec7716-d2ff-4a6d-b14d-e8b8cb2e7ffd	X	53948033	106279016	23563	0.0006
5aec7716-d2ff-4a6d-b14d-e8b8cb2e7ffd	X	106281627	106306178	14	-1.0614
5aec7716-d2ff-4a6d-b14d-e8b8cb2e7ffd	X	106307571	144549969	21885	0.0063
5aec7716-d2ff-4a6d-b14d-e8b8cb2e7ffd	X	144551290	144556163	3	-1.4541
5aec7716-d2ff-4a6d-b14d-e8b8cb2e7ffd	X	144556603	155952689	6812	-0.0024
5aec7716-d2ff-4a6d-b14d-e8b8cb2e7ffd	Y	2782397	6249869	785	-3.0958
5aec7716-d2ff-4a6d-b14d-e8b8cb2e7ffd	Y	6252391	8502640	1089	-3.6172
5aec7716-d2ff-4a6d-b14d-e8b8cb2e7ffd	Y	8504634	9554275	379	-4.0374
5aec7716-d2ff-4a6d-b14d-e8b8cb2e7ffd	Y	9554586	17053374	2765	-3.572
5aec7716-d2ff-4a6d-b14d-e8b8cb2e7ffd	Y	17054981	17073469	10	-6.1472
5aec7716-d2ff-4a6d-b14d-e8b8cb2e7ffd	Y	17073910	23586854	1420	-3.6438
5aec7716-d2ff-4a6d-b14d-e8b8cb2e7ffd	Y	23784615	56872112	192	-3.1713
