GDC_Aliquot	Chromosome	Start	End	Num_Probes	Segment_Mean
2b8942c4-3cb8-49c9-8d9a-404671341722	1	62920	3775287	971	-0.0584
2b8942c4-3cb8-49c9-8d9a-404671341722	1	3778083	15823420	7349	0.0342
2b8942c4-3cb8-49c9-8d9a-404671341722	1	15827002	15827430	6	-1.9778
2b8942c4-3cb8-49c9-8d9a-404671341722	1	15827706	16864367	360	-0.0044
2b8942c4-3cb8-49c9-8d9a-404671341722	1	16868660	16949746	54	-0.5169
2b8942c4-3cb8-49c9-8d9a-404671341722	1	16951445	61647430	26693	0.0303
2b8942c4-3cb8-49c9-8d9a-404671341722	1	61648334	61649279	2	-1.775
2b8942c4-3cb8-49c9-8d9a-404671341722	1	61652515	72302815	7290	0.015
2b8942c4-3cb8-49c9-8d9a-404671341722	1	72303233	72345465	46	-1.5973
2b8942c4-3cb8-49c9-8d9a-404671341722	1	72346221	81422771	5767	0.0033
2b8942c4-3cb8-49c9-8d9a-404671341722	1	81422917	81422920	2	-1.7529
2b8942c4-3cb8-49c9-8d9a-404671341722	1	81422982	103556030	14197	0.0087
2b8942c4-3cb8-49c9-8d9a-404671341722	1	103557298	103621165	33	0.4297
2b8942c4-3cb8-49c9-8d9a-404671341722	1	103697067	112154576	5547	0.013
2b8942c4-3cb8-49c9-8d9a-404671341722	1	112154591	112154619	2	-1.8076
2b8942c4-3cb8-49c9-8d9a-404671341722	1	112154754	121561051	5139	0.019
2b8942c4-3cb8-49c9-8d9a-404671341722	1	121562160	152583051	2452	0.2792
2b8942c4-3cb8-49c9-8d9a-404671341722	1	152583230	152618018	36	-1.1141
2b8942c4-3cb8-49c9-8d9a-404671341722	1	152618089	152787202	166	0.298
2b8942c4-3cb8-49c9-8d9a-404671341722	1	152789447	152796224	37	-1.6145
2b8942c4-3cb8-49c9-8d9a-404671341722	1	152801429	193186662	27042	0.2701
2b8942c4-3cb8-49c9-8d9a-404671341722	1	193187149	193187202	3	-1.0947
2b8942c4-3cb8-49c9-8d9a-404671341722	1	193187218	196843377	2455	0.2651
2b8942c4-3cb8-49c9-8d9a-404671341722	1	196843400	196846661	2	-2.2429
2b8942c4-3cb8-49c9-8d9a-404671341722	1	196847600	209897717	8773	0.261
2b8942c4-3cb8-49c9-8d9a-404671341722	1	209908268	209910639	3	-2.3397
2b8942c4-3cb8-49c9-8d9a-404671341722	1	209913207	248457862	26795	0.2616
2b8942c4-3cb8-49c9-8d9a-404671341722	1	248458096	248550567	23	0.0982
2b8942c4-3cb8-49c9-8d9a-404671341722	1	248572774	248646068	37	-0.8792
2b8942c4-3cb8-49c9-8d9a-404671341722	1	248661836	248930189	138	0.242
2b8942c4-3cb8-49c9-8d9a-404671341722	2	12784	34492045	24077	0.0072
2b8942c4-3cb8-49c9-8d9a-404671341722	2	34492061	34512096	25	-0.7276
2b8942c4-3cb8-49c9-8d9a-404671341722	2	34512489	35750907	871	0
2b8942c4-3cb8-49c9-8d9a-404671341722	2	35752724	35762850	6	-1.8381
2b8942c4-3cb8-49c9-8d9a-404671341722	2	35762881	41011095	3921	0.0168
2b8942c4-3cb8-49c9-8d9a-404671341722	2	41011303	41018747	22	-0.6865
2b8942c4-3cb8-49c9-8d9a-404671341722	2	41024093	52516787	8172	0.0227
2b8942c4-3cb8-49c9-8d9a-404671341722	2	52527330	52554236	34	-0.405
2b8942c4-3cb8-49c9-8d9a-404671341722	2	52554259	58643127	4249	0.0221
2b8942c4-3cb8-49c9-8d9a-404671341722	2	58643657	58667772	16	-0.8271
2b8942c4-3cb8-49c9-8d9a-404671341722	2	58668116	89956227	18494	0.0117
2b8942c4-3cb8-49c9-8d9a-404671341722	2	89960252	90262403	124	-0.8455
2b8942c4-3cb8-49c9-8d9a-404671341722	2	90281849	97181113	912	-0.0022
2b8942c4-3cb8-49c9-8d9a-404671341722	2	97181150	97211436	18	-0.5741
2b8942c4-3cb8-49c9-8d9a-404671341722	2	97310327	146104517	29385	0.0069
2b8942c4-3cb8-49c9-8d9a-404671341722	2	146106836	146109366	24	0.749
2b8942c4-3cb8-49c9-8d9a-404671341722	2	146120238	191926479	27846	0.0072
2b8942c4-3cb8-49c9-8d9a-404671341722	2	191926828	191928809	2	-1.9764
2b8942c4-3cb8-49c9-8d9a-404671341722	2	191929333	242147305	31153	0.0102
2b8942c4-3cb8-49c9-8d9a-404671341722	3	20930	68697108	47727	0.0154
2b8942c4-3cb8-49c9-8d9a-404671341722	3	68697133	68698262	13	2.0433
2b8942c4-3cb8-49c9-8d9a-404671341722	3	68699607	99218940	15889	0.0091
2b8942c4-3cb8-49c9-8d9a-404671341722	3	99225614	99230464	36	-0.7744
2b8942c4-3cb8-49c9-8d9a-404671341722	3	99230470	100683454	787	0.011
2b8942c4-3cb8-49c9-8d9a-404671341722	3	100692517	100693050	3	-1.2354
2b8942c4-3cb8-49c9-8d9a-404671341722	3	100694337	121645389	12903	0.0107
2b8942c4-3cb8-49c9-8d9a-404671341722	3	121649210	121652216	3	-1.275
2b8942c4-3cb8-49c9-8d9a-404671341722	3	121652938	125950205	2610	0.0195
2b8942c4-3cb8-49c9-8d9a-404671341722	3	125954540	125957120	3	-2.4366
2b8942c4-3cb8-49c9-8d9a-404671341722	3	125961657	130044016	2383	0.0195
2b8942c4-3cb8-49c9-8d9a-404671341722	3	130044855	130087393	38	0.6072
2b8942c4-3cb8-49c9-8d9a-404671341722	3	130088081	189642965	36961	0.0083
2b8942c4-3cb8-49c9-8d9a-404671341722	3	189645889	189653225	13	-0.7318
2b8942c4-3cb8-49c9-8d9a-404671341722	3	189654562	195558822	3985	0.0261
2b8942c4-3cb8-49c9-8d9a-404671341722	3	195559056	195751823	46	-0.3132
2b8942c4-3cb8-49c9-8d9a-404671341722	3	195751990	198169247	1159	0.0164
2b8942c4-3cb8-49c9-8d9a-404671341722	4	68929	846190	286	-0.0659
2b8942c4-3cb8-49c9-8d9a-404671341722	4	847556	8703661	4796	0.0059
2b8942c4-3cb8-49c9-8d9a-404671341722	4	8703778	10208766	615	-0.0634
2b8942c4-3cb8-49c9-8d9a-404671341722	4	10212536	10232642	31	-2.0825
2b8942c4-3cb8-49c9-8d9a-404671341722	4	10232984	10385349	174	-0.0761
2b8942c4-3cb8-49c9-8d9a-404671341722	4	10388498	10398532	16	0.4892
2b8942c4-3cb8-49c9-8d9a-404671341722	4	10398887	32392452	15412	-0.0262
2b8942c4-3cb8-49c9-8d9a-404671341722	4	32398929	32398961	3	-1.3619
2b8942c4-3cb8-49c9-8d9a-404671341722	4	32398977	32681074	172	-0.0348
2b8942c4-3cb8-49c9-8d9a-404671341722	4	32687010	61071220	16246	0.0031
2b8942c4-3cb8-49c9-8d9a-404671341722	4	61075217	61076234	2	-2.2659
2b8942c4-3cb8-49c9-8d9a-404671341722	4	61079968	62802116	935	0.0121
2b8942c4-3cb8-49c9-8d9a-404671341722	4	62804218	62813912	9	-0.8603
2b8942c4-3cb8-49c9-8d9a-404671341722	4	62818784	63828222	555	-0.0081
2b8942c4-3cb8-49c9-8d9a-404671341722	4	63831751	63852325	31	-0.595
2b8942c4-3cb8-49c9-8d9a-404671341722	4	63856498	68478894	2864	-0.0171
2b8942c4-3cb8-49c9-8d9a-404671341722	4	68494770	68623617	68	0.9165
2b8942c4-3cb8-49c9-8d9a-404671341722	4	68639397	89150546	12705	0.0033
2b8942c4-3cb8-49c9-8d9a-404671341722	4	89150657	89158326	5	-1.1121
2b8942c4-3cb8-49c9-8d9a-404671341722	4	89161327	137171085	28210	-0.0079
2b8942c4-3cb8-49c9-8d9a-404671341722	4	137171266	137173804	14	-0.7047
2b8942c4-3cb8-49c9-8d9a-404671341722	4	137173818	158571326	13180	-0.0006
2b8942c4-3cb8-49c9-8d9a-404671341722	4	158576198	159916745	770	-0.0737
2b8942c4-3cb8-49c9-8d9a-404671341722	4	159926250	170346793	6731	-0.0069
2b8942c4-3cb8-49c9-8d9a-404671341722	4	170346931	170352007	7	-0.941
2b8942c4-3cb8-49c9-8d9a-404671341722	4	170352863	171448195	684	0.0167
2b8942c4-3cb8-49c9-8d9a-404671341722	4	171453733	171456625	12	-0.9874
2b8942c4-3cb8-49c9-8d9a-404671341722	4	171459220	172066777	397	-0.0178
2b8942c4-3cb8-49c9-8d9a-404671341722	4	172067997	172068382	12	-1.6848
2b8942c4-3cb8-49c9-8d9a-404671341722	4	172074828	190106768	12057	-0.0072
2b8942c4-3cb8-49c9-8d9a-404671341722	5	15532	724612	316	0.0114
2b8942c4-3cb8-49c9-8d9a-404671341722	5	725091	833513	37	-0.3399
2b8942c4-3cb8-49c9-8d9a-404671341722	5	863682	8702128	6576	0
2b8942c4-3cb8-49c9-8d9a-404671341722	5	8702410	8747030	47	-1.1558
2b8942c4-3cb8-49c9-8d9a-404671341722	5	8749619	118050922	64946	0.0044
2b8942c4-3cb8-49c9-8d9a-404671341722	5	118052727	118053390	11	-1.0649
2b8942c4-3cb8-49c9-8d9a-404671341722	5	118068645	121593665	2292	0.0078
2b8942c4-3cb8-49c9-8d9a-404671341722	5	121596484	121600905	6	-0.9863
2b8942c4-3cb8-49c9-8d9a-404671341722	5	121608865	153357066	19839	0.0161
2b8942c4-3cb8-49c9-8d9a-404671341722	5	153359262	169529096	11158	-0.3291
2b8942c4-3cb8-49c9-8d9a-404671341722	5	169531309	181061260	7367	-0.2894
2b8942c4-3cb8-49c9-8d9a-404671341722	5	181061943	181363319	126	-0.3738
2b8942c4-3cb8-49c9-8d9a-404671341722	6	149661	7377362	5983	0.0169
2b8942c4-3cb8-49c9-8d9a-404671341722	6	7377879	7382791	2	-1.8406
2b8942c4-3cb8-49c9-8d9a-404671341722	6	7383697	29869295	15656	0.0081
2b8942c4-3cb8-49c9-8d9a-404671341722	6	29869410	29881490	16	1.2781
2b8942c4-3cb8-49c9-8d9a-404671341722	6	29882419	32486746	1177	0.0489
2b8942c4-3cb8-49c9-8d9a-404671341722	6	32488906	32602588	28	1.4026
2b8942c4-3cb8-49c9-8d9a-404671341722	6	32605994	32718419	68	0.2268
2b8942c4-3cb8-49c9-8d9a-404671341722	6	32720838	32723053	11	1.0091
2b8942c4-3cb8-49c9-8d9a-404671341722	6	32732907	40396586	4900	0.0183
2b8942c4-3cb8-49c9-8d9a-404671341722	6	40397862	40399399	4	-1.2384
2b8942c4-3cb8-49c9-8d9a-404671341722	6	40400783	55960697	9944	0.0065
2b8942c4-3cb8-49c9-8d9a-404671341722	6	55961357	55978862	10	-1.1566
2b8942c4-3cb8-49c9-8d9a-404671341722	6	55986080	61545388	1350	-0.0052
2b8942c4-3cb8-49c9-8d9a-404671341722	6	61549111	61549300	2	-1.6557
2b8942c4-3cb8-49c9-8d9a-404671341722	6	61549937	64277814	1447	-0.0093
2b8942c4-3cb8-49c9-8d9a-404671341722	6	64278701	65173140	565	0.2399
2b8942c4-3cb8-49c9-8d9a-404671341722	6	65177249	65190507	10	-0.3993
2b8942c4-3cb8-49c9-8d9a-404671341722	6	65190546	66298393	732	0.2477
2b8942c4-3cb8-49c9-8d9a-404671341722	6	66299130	66328153	34	-0.6194
2b8942c4-3cb8-49c9-8d9a-404671341722	6	66331020	66333342	8	-2.5486
2b8942c4-3cb8-49c9-8d9a-404671341722	6	66333465	66338736	13	-0.2281
2b8942c4-3cb8-49c9-8d9a-404671341722	6	66339513	67851602	1139	0.2576
2b8942c4-3cb8-49c9-8d9a-404671341722	6	67855334	69057930	770	0.0227
2b8942c4-3cb8-49c9-8d9a-404671341722	6	69058698	69565263	291	0.2884
2b8942c4-3cb8-49c9-8d9a-404671341722	6	69566997	76304792	4271	-0.3151
2b8942c4-3cb8-49c9-8d9a-404671341722	6	76305231	76307209	4	-1.7909
2b8942c4-3cb8-49c9-8d9a-404671341722	6	76307276	78259348	1291	-0.3438
2b8942c4-3cb8-49c9-8d9a-404671341722	6	78259388	78325468	111	-1.2612
2b8942c4-3cb8-49c9-8d9a-404671341722	6	78329517	103299735	15467	-0.3228
2b8942c4-3cb8-49c9-8d9a-404671341722	6	103299855	103311783	24	0.2144
2b8942c4-3cb8-49c9-8d9a-404671341722	6	103311850	134416855	19374	-0.3178
2b8942c4-3cb8-49c9-8d9a-404671341722	6	134416870	134419531	5	-2.0086
2b8942c4-3cb8-49c9-8d9a-404671341722	6	134419622	170741917	24726	-0.3155
2b8942c4-3cb8-49c9-8d9a-404671341722	7	43355	34356496	24589	0.01
2b8942c4-3cb8-49c9-8d9a-404671341722	7	34359113	38233729	2736	0.2715
2b8942c4-3cb8-49c9-8d9a-404671341722	7	38234132	38368593	140	0.4159
2b8942c4-3cb8-49c9-8d9a-404671341722	7	38368878	38402242	36	0.2067
2b8942c4-3cb8-49c9-8d9a-404671341722	7	38407542	67153672	14661	-0.0027
2b8942c4-3cb8-49c9-8d9a-404671341722	7	67153764	84773055	10026	-0.0966
2b8942c4-3cb8-49c9-8d9a-404671341722	7	84773177	86171556	793	0.1027
2b8942c4-3cb8-49c9-8d9a-404671341722	7	86172831	90035970	2328	-0.1293
2b8942c4-3cb8-49c9-8d9a-404671341722	7	90037696	92362666	1503	0.1098
2b8942c4-3cb8-49c9-8d9a-404671341722	7	92363100	92546155	77	-0.0336
2b8942c4-3cb8-49c9-8d9a-404671341722	7	92548390	92548729	2	-1.5195
2b8942c4-3cb8-49c9-8d9a-404671341722	7	92549788	97102879	2943	-0.1312
2b8942c4-3cb8-49c9-8d9a-404671341722	7	97106918	97744357	406	0.0968
2b8942c4-3cb8-49c9-8d9a-404671341722	7	97744431	97774928	24	-0.3523
2b8942c4-3cb8-49c9-8d9a-404671341722	7	97774965	97777749	18	-0.0104
2b8942c4-3cb8-49c9-8d9a-404671341722	7	97788295	97788298	2	1.087
2b8942c4-3cb8-49c9-8d9a-404671341722	7	97791337	98807827	484	0.0748
2b8942c4-3cb8-49c9-8d9a-404671341722	7	98808730	98838872	11	0.2148
2b8942c4-3cb8-49c9-8d9a-404671341722	7	98840078	106189251	3795	0.4432
2b8942c4-3cb8-49c9-8d9a-404671341722	7	106193096	107807340	926	0.2431
2b8942c4-3cb8-49c9-8d9a-404671341722	7	107809352	108165429	277	0.0424
2b8942c4-3cb8-49c9-8d9a-404671341722	7	108166550	108556849	293	0.2518
2b8942c4-3cb8-49c9-8d9a-404671341722	7	108559501	109789870	782	0.0655
2b8942c4-3cb8-49c9-8d9a-404671341722	7	109789993	109801155	29	-0.3903
2b8942c4-3cb8-49c9-8d9a-404671341722	7	109801187	109813853	11	-2.1956
2b8942c4-3cb8-49c9-8d9a-404671341722	7	109813925	111497696	1124	0.0353
2b8942c4-3cb8-49c9-8d9a-404671341722	7	111505520	117481166	3597	0.0638
2b8942c4-3cb8-49c9-8d9a-404671341722	7	117485555	118142767	378	0.3057
2b8942c4-3cb8-49c9-8d9a-404671341722	7	118143812	126405597	4921	0.067
2b8942c4-3cb8-49c9-8d9a-404671341722	7	126405632	126406561	9	-1.1547
2b8942c4-3cb8-49c9-8d9a-404671341722	7	126406822	126620696	144	0.0659
2b8942c4-3cb8-49c9-8d9a-404671341722	7	126621795	126622802	2	-2.3182
2b8942c4-3cb8-49c9-8d9a-404671341722	7	126622941	143183662	10504	0.0736
2b8942c4-3cb8-49c9-8d9a-404671341722	7	143186248	150603647	4358	-0.0051
2b8942c4-3cb8-49c9-8d9a-404671341722	7	150603779	150604481	3	-1.9123
2b8942c4-3cb8-49c9-8d9a-404671341722	7	150610834	150616096	6	0.2876
2b8942c4-3cb8-49c9-8d9a-404671341722	7	150616328	151476419	549	0.02
2b8942c4-3cb8-49c9-8d9a-404671341722	7	151476963	151828380	231	0.1866
2b8942c4-3cb8-49c9-8d9a-404671341722	7	151843639	159324952	4997	0.0165
2b8942c4-3cb8-49c9-8d9a-404671341722	7	159325204	159326088	6	-1.17
2b8942c4-3cb8-49c9-8d9a-404671341722	7	159326475	159334314	6	-0.3259
2b8942c4-3cb8-49c9-8d9a-404671341722	8	81254	4145783	3704	0.7493
2b8942c4-3cb8-49c9-8d9a-404671341722	8	4145941	4145956	2	-2.1395
2b8942c4-3cb8-49c9-8d9a-404671341722	8	4146039	7176273	4010	0.7655
2b8942c4-3cb8-49c9-8d9a-404671341722	8	7179297	7380381	26	-0.01
2b8942c4-3cb8-49c9-8d9a-404671341722	8	7380497	7890177	27	0.8011
2b8942c4-3cb8-49c9-8d9a-404671341722	8	7919608	8101440	11	1.2062
2b8942c4-3cb8-49c9-8d9a-404671341722	8	8102048	11858964	3117	0.7876
2b8942c4-3cb8-49c9-8d9a-404671341722	8	11861019	11861558	2	-1.31
2b8942c4-3cb8-49c9-8d9a-404671341722	8	11862443	39373140	19595	0.7739
2b8942c4-3cb8-49c9-8d9a-404671341722	8	39378084	39529446	59	-0.2179
2b8942c4-3cb8-49c9-8d9a-404671341722	8	39530780	71300130	17882	0.7853
2b8942c4-3cb8-49c9-8d9a-404671341722	8	71303076	71304364	8	-1.8637
2b8942c4-3cb8-49c9-8d9a-404671341722	8	71307628	82044978	6653	0.8011
2b8942c4-3cb8-49c9-8d9a-404671341722	8	82047008	92007424	5653	0.948
2b8942c4-3cb8-49c9-8d9a-404671341722	8	92007733	92007901	4	-0.1095
2b8942c4-3cb8-49c9-8d9a-404671341722	8	92008360	110937857	11586	0.9237
2b8942c4-3cb8-49c9-8d9a-404671341722	8	110939469	111282237	192	0.9674
2b8942c4-3cb8-49c9-8d9a-404671341722	8	111282441	111283031	6	1.6547
2b8942c4-3cb8-49c9-8d9a-404671341722	8	111288052	114148881	1550	0.9805
2b8942c4-3cb8-49c9-8d9a-404671341722	8	114150772	128742994	10104	0.9137
2b8942c4-3cb8-49c9-8d9a-404671341722	8	128743214	128751839	4	-1.7303
2b8942c4-3cb8-49c9-8d9a-404671341722	8	128765208	136117394	5688	0.8987
2b8942c4-3cb8-49c9-8d9a-404671341722	8	136120132	143217232	4910	0.6471
2b8942c4-3cb8-49c9-8d9a-404671341722	8	143217284	143228447	14	0.1186
2b8942c4-3cb8-49c9-8d9a-404671341722	8	143232207	145072769	631	0.6563
2b8942c4-3cb8-49c9-8d9a-404671341722	9	46587	26878919	22927	-0.308
2b8942c4-3cb8-49c9-8d9a-404671341722	9	26882626	29091099	1799	0.011
2b8942c4-3cb8-49c9-8d9a-404671341722	9	29094551	29097682	3	-1.1505
2b8942c4-3cb8-49c9-8d9a-404671341722	9	29101434	34414086	3606	0.0149
2b8942c4-3cb8-49c9-8d9a-404671341722	9	34414308	38016422	2095	0.3475
2b8942c4-3cb8-49c9-8d9a-404671341722	9	38019804	38534968	418	0.0441
2b8942c4-3cb8-49c9-8d9a-404671341722	9	38535167	38579867	18	-0.1044
2b8942c4-3cb8-49c9-8d9a-404671341722	9	38580037	41451846	327	-0.3456
2b8942c4-3cb8-49c9-8d9a-404671341722	9	41473331	64467459	246	-0.0273
2b8942c4-3cb8-49c9-8d9a-404671341722	9	64480563	64510407	12	-1.414
2b8942c4-3cb8-49c9-8d9a-404671341722	9	64520620	67073081	43	-0.0228
2b8942c4-3cb8-49c9-8d9a-404671341722	9	67073620	69485653	954	-0.4173
2b8942c4-3cb8-49c9-8d9a-404671341722	9	69490697	69490703	4	0.8187
2b8942c4-3cb8-49c9-8d9a-404671341722	9	69491713	72084674	1928	-0.428
2b8942c4-3cb8-49c9-8d9a-404671341722	9	72094319	73449352	853	-0.0451
2b8942c4-3cb8-49c9-8d9a-404671341722	9	73449893	79009710	4023	-0.4356
2b8942c4-3cb8-49c9-8d9a-404671341722	9	79011436	91769048	9219	-0.0319
2b8942c4-3cb8-49c9-8d9a-404671341722	9	91769108	99436068	4891	-0.4046
2b8942c4-3cb8-49c9-8d9a-404671341722	9	99440159	102753540	2173	-0.1287
2b8942c4-3cb8-49c9-8d9a-404671341722	9	102753569	102755558	7	-1.119
2b8942c4-3cb8-49c9-8d9a-404671341722	9	102759770	110262162	5833	-0.1456
2b8942c4-3cb8-49c9-8d9a-404671341722	9	110262509	110265889	2	-3.2805
2b8942c4-3cb8-49c9-8d9a-404671341722	9	110270151	110324764	43	-0.0331
2b8942c4-3cb8-49c9-8d9a-404671341722	9	110326654	121342959	8468	-0.1469
2b8942c4-3cb8-49c9-8d9a-404671341722	9	121345033	133290774	7185	-0.1152
2b8942c4-3cb8-49c9-8d9a-404671341722	9	133291001	133306360	8	-1.0393
2b8942c4-3cb8-49c9-8d9a-404671341722	9	133306452	138200944	2290	-0.1197
2b8942c4-3cb8-49c9-8d9a-404671341722	10	45792	24086334	19165	0.0109
2b8942c4-3cb8-49c9-8d9a-404671341722	10	24088745	24090022	13	0.6939
2b8942c4-3cb8-49c9-8d9a-404671341722	10	24090078	30957581	5009	0.0153
2b8942c4-3cb8-49c9-8d9a-404671341722	10	30962405	30962956	13	-0.5423
2b8942c4-3cb8-49c9-8d9a-404671341722	10	30963480	46560525	7472	0.0053
2b8942c4-3cb8-49c9-8d9a-404671341722	10	46606240	46898735	17	-1.1332
2b8942c4-3cb8-49c9-8d9a-404671341722	10	46901552	61375185	9972	0.0062
2b8942c4-3cb8-49c9-8d9a-404671341722	10	61377425	65546518	2704	-0.0309
2b8942c4-3cb8-49c9-8d9a-404671341722	10	65548165	65554688	28	0.4392
2b8942c4-3cb8-49c9-8d9a-404671341722	10	65563037	73080343	4976	-0.0243
2b8942c4-3cb8-49c9-8d9a-404671341722	10	73081327	75481562	1066	0.041
2b8942c4-3cb8-49c9-8d9a-404671341722	10	75481828	133654968	40130	-0.03
2b8942c4-3cb8-49c9-8d9a-404671341722	11	198510	5431336	2861	-0.7186
2b8942c4-3cb8-49c9-8d9a-404671341722	11	5432455	5432743	4	-2.353
2b8942c4-3cb8-49c9-8d9a-404671341722	11	5433011	5766175	353	-0.7468
2b8942c4-3cb8-49c9-8d9a-404671341722	11	5766850	5787909	32	-1.9282
2b8942c4-3cb8-49c9-8d9a-404671341722	11	5788108	35839624	21785	-0.7404
2b8942c4-3cb8-49c9-8d9a-404671341722	11	35842697	35849457	8	-0.2718
2b8942c4-3cb8-49c9-8d9a-404671341722	11	35849666	36760584	737	0.0232
2b8942c4-3cb8-49c9-8d9a-404671341722	11	36762152	42812201	4006	-0.3335
2b8942c4-3cb8-49c9-8d9a-404671341722	11	42813629	43614076	555	-0.7365
2b8942c4-3cb8-49c9-8d9a-404671341722	11	43614828	43718842	69	-0.3181
2b8942c4-3cb8-49c9-8d9a-404671341722	11	43720927	43806100	52	0.0153
2b8942c4-3cb8-49c9-8d9a-404671341722	11	43807196	44136888	257	-0.3073
2b8942c4-3cb8-49c9-8d9a-404671341722	11	44137631	48684291	2494	0.2673
2b8942c4-3cb8-49c9-8d9a-404671341722	11	48688176	48692523	8	-0.6354
2b8942c4-3cb8-49c9-8d9a-404671341722	11	48700204	50385820	682	0.224
2b8942c4-3cb8-49c9-8d9a-404671341722	11	50386219	56180708	863	0.4418
2b8942c4-3cb8-49c9-8d9a-404671341722	11	56185195	56629297	274	0.3059
2b8942c4-3cb8-49c9-8d9a-404671341722	11	56637956	57665582	648	0.4808
2b8942c4-3cb8-49c9-8d9a-404671341722	11	57669058	59092147	815	0.0163
2b8942c4-3cb8-49c9-8d9a-404671341722	11	59092301	59475503	223	0.4465
2b8942c4-3cb8-49c9-8d9a-404671341722	11	59475522	60193671	421	0.2677
2b8942c4-3cb8-49c9-8d9a-404671341722	11	60194013	61017880	530	0.4725
2b8942c4-3cb8-49c9-8d9a-404671341722	11	61024009	61731528	340	0.2974
2b8942c4-3cb8-49c9-8d9a-404671341722	11	61741917	62482188	460	0.027
2b8942c4-3cb8-49c9-8d9a-404671341722	11	62482765	63192954	335	0.4861
2b8942c4-3cb8-49c9-8d9a-404671341722	11	63194357	63680658	275	0.2822
2b8942c4-3cb8-49c9-8d9a-404671341722	11	63687667	64644627	378	0.4534
2b8942c4-3cb8-49c9-8d9a-404671341722	11	64647178	65834287	435	0.0347
2b8942c4-3cb8-49c9-8d9a-404671341722	11	65836162	66225987	198	0.3053
2b8942c4-3cb8-49c9-8d9a-404671341722	11	66226208	67050897	271	0.0217
2b8942c4-3cb8-49c9-8d9a-404671341722	11	67053128	67563060	194	0.2847
2b8942c4-3cb8-49c9-8d9a-404671341722	11	67567455	67704862	60	0.4711
2b8942c4-3cb8-49c9-8d9a-404671341722	11	67705434	67981851	74	0.7468
2b8942c4-3cb8-49c9-8d9a-404671341722	11	67996609	69283674	665	0.4981
2b8942c4-3cb8-49c9-8d9a-404671341722	11	69290484	71753030	1384	0.2684
2b8942c4-3cb8-49c9-8d9a-404671341722	11	71766534	71767961	3	-1.377
2b8942c4-3cb8-49c9-8d9a-404671341722	11	71768475	72327811	245	0.2553
2b8942c4-3cb8-49c9-8d9a-404671341722	11	72331908	73012042	307	-0.002
2b8942c4-3cb8-49c9-8d9a-404671341722	11	73016420	74315183	641	0.4998
2b8942c4-3cb8-49c9-8d9a-404671341722	11	74318485	76056583	991	0.2874
2b8942c4-3cb8-49c9-8d9a-404671341722	11	76057787	77015538	549	0.0419
2b8942c4-3cb8-49c9-8d9a-404671341722	11	77017224	77565463	297	0.266
2b8942c4-3cb8-49c9-8d9a-404671341722	11	77573003	81667122	3078	0.4713
2b8942c4-3cb8-49c9-8d9a-404671341722	11	81667187	81792426	110	0.2616
2b8942c4-3cb8-49c9-8d9a-404671341722	11	81792950	81806116	10	-0.7266
2b8942c4-3cb8-49c9-8d9a-404671341722	11	81811590	82867033	732	0.2872
2b8942c4-3cb8-49c9-8d9a-404671341722	11	82867368	83968921	693	0.4838
2b8942c4-3cb8-49c9-8d9a-404671341722	11	83969158	83970169	2	-0.9942
2b8942c4-3cb8-49c9-8d9a-404671341722	11	83972110	88354247	3007	0.4652
2b8942c4-3cb8-49c9-8d9a-404671341722	11	88354360	90281816	965	0.2419
2b8942c4-3cb8-49c9-8d9a-404671341722	11	90282405	92276230	1470	0.474
2b8942c4-3cb8-49c9-8d9a-404671341722	11	92278394	92398602	90	0.2088
2b8942c4-3cb8-49c9-8d9a-404671341722	11	92402704	93305891	663	0.4659
2b8942c4-3cb8-49c9-8d9a-404671341722	11	93306049	95387048	1452	-0.0024
2b8942c4-3cb8-49c9-8d9a-404671341722	11	95390164	99968957	3438	0.4788
2b8942c4-3cb8-49c9-8d9a-404671341722	11	99972614	99972870	3	-1.6829
2b8942c4-3cb8-49c9-8d9a-404671341722	11	99974970	99996586	32	0.4842
2b8942c4-3cb8-49c9-8d9a-404671341722	11	99996834	100673691	469	0.0071
2b8942c4-3cb8-49c9-8d9a-404671341722	11	100675282	102332074	1317	0.2429
2b8942c4-3cb8-49c9-8d9a-404671341722	11	102333137	103525267	798	-0.0222
2b8942c4-3cb8-49c9-8d9a-404671341722	11	103525936	104557759	784	0.4729
2b8942c4-3cb8-49c9-8d9a-404671341722	11	104558000	107098045	1668	0.0065
2b8942c4-3cb8-49c9-8d9a-404671341722	11	107098901	108488434	853	0.2553
2b8942c4-3cb8-49c9-8d9a-404671341722	11	108490851	109258857	499	0.0002
2b8942c4-3cb8-49c9-8d9a-404671341722	11	109259249	112224896	1891	0.4692
2b8942c4-3cb8-49c9-8d9a-404671341722	11	112228687	113874917	1171	0.0188
2b8942c4-3cb8-49c9-8d9a-404671341722	11	113876970	115356679	1099	0.4649
2b8942c4-3cb8-49c9-8d9a-404671341722	11	115358736	118821250	2504	0.2711
2b8942c4-3cb8-49c9-8d9a-404671341722	11	118822018	120656326	1184	0.4641
2b8942c4-3cb8-49c9-8d9a-404671341722	11	120656945	122073322	1035	0.281
2b8942c4-3cb8-49c9-8d9a-404671341722	11	122073976	124235173	1631	0.4803
2b8942c4-3cb8-49c9-8d9a-404671341722	11	124236989	125578760	956	0.2816
2b8942c4-3cb8-49c9-8d9a-404671341722	11	125580293	127568344	1532	0.4723
2b8942c4-3cb8-49c9-8d9a-404671341722	11	127570425	128242643	432	0.2714
2b8942c4-3cb8-49c9-8d9a-404671341722	11	128242770	129257934	934	0.4963
2b8942c4-3cb8-49c9-8d9a-404671341722	11	129262422	134826460	4196	0.0154
2b8942c4-3cb8-49c9-8d9a-404671341722	11	134826906	135074876	179	0.3291
2b8942c4-3cb8-49c9-8d9a-404671341722	12	51460	756804	417	0.0194
2b8942c4-3cb8-49c9-8d9a-404671341722	12	759943	764863	18	-0.8661
2b8942c4-3cb8-49c9-8d9a-404671341722	12	766188	7842191	4922	0.0251
2b8942c4-3cb8-49c9-8d9a-404671341722	12	7851829	7971304	58	-1.0595
2b8942c4-3cb8-49c9-8d9a-404671341722	12	7978362	33141726	17342	0.0075
2b8942c4-3cb8-49c9-8d9a-404671341722	12	33148472	33154144	26	0.3974
2b8942c4-3cb8-49c9-8d9a-404671341722	12	33154440	33610804	320	-0.0337
2b8942c4-3cb8-49c9-8d9a-404671341722	12	33611356	33612259	2	-1.7099
2b8942c4-3cb8-49c9-8d9a-404671341722	12	33613579	55657036	11110	0.0045
2b8942c4-3cb8-49c9-8d9a-404671341722	12	55659083	55659122	2	-2.0177
2b8942c4-3cb8-49c9-8d9a-404671341722	12	55660983	129516041	48192	0.0019
2b8942c4-3cb8-49c9-8d9a-404671341722	12	129518945	129519049	2	-1.8111
2b8942c4-3cb8-49c9-8d9a-404671341722	12	129519225	131636170	1781	0.0111
2b8942c4-3cb8-49c9-8d9a-404671341722	12	131648039	131648790	13	-1.7491
2b8942c4-3cb8-49c9-8d9a-404671341722	12	131657925	133201603	559	0.0001
2b8942c4-3cb8-49c9-8d9a-404671341722	13	18452809	23055048	2850	-0.3065
2b8942c4-3cb8-49c9-8d9a-404671341722	13	23055071	23059376	13	-2.211
2b8942c4-3cb8-49c9-8d9a-404671341722	13	23064056	37496233	10589	-0.3098
2b8942c4-3cb8-49c9-8d9a-404671341722	13	37496998	37510620	17	-0.9163
2b8942c4-3cb8-49c9-8d9a-404671341722	13	37514193	57184255	12503	-0.3007
2b8942c4-3cb8-49c9-8d9a-404671341722	13	57184492	57215580	31	-1.1959
2b8942c4-3cb8-49c9-8d9a-404671341722	13	57215875	98391998	26310	-0.321
2b8942c4-3cb8-49c9-8d9a-404671341722	13	98392104	114342922	11718	-0.239
2b8942c4-3cb8-49c9-8d9a-404671341722	14	18239283	18674599	21	-0.1945
2b8942c4-3cb8-49c9-8d9a-404671341722	14	18676849	18976793	6	1.0036
2b8942c4-3cb8-49c9-8d9a-404671341722	14	19011729	19732024	38	-0.2585
2b8942c4-3cb8-49c9-8d9a-404671341722	14	19732222	20013186	136	-0.6018
2b8942c4-3cb8-49c9-8d9a-404671341722	14	20013418	21959698	1350	-0.2849
2b8942c4-3cb8-49c9-8d9a-404671341722	14	21960136	22519593	482	-0.1245
2b8942c4-3cb8-49c9-8d9a-404671341722	14	22524749	41138431	11690	-0.2991
2b8942c4-3cb8-49c9-8d9a-404671341722	14	41139155	41207547	23	-0.8407
2b8942c4-3cb8-49c9-8d9a-404671341722	14	41207565	106340102	41265	-0.3012
2b8942c4-3cb8-49c9-8d9a-404671341722	14	106340305	106360014	7	0.9909
2b8942c4-3cb8-49c9-8d9a-404671341722	14	106362628	106877229	273	-0.3644
2b8942c4-3cb8-49c9-8d9a-404671341722	15	19811075	22299523	205	-0.2252
2b8942c4-3cb8-49c9-8d9a-404671341722	15	22385639	23191992	315	0.0049
2b8942c4-3cb8-49c9-8d9a-404671341722	15	23199669	23425837	13	-1.1462
2b8942c4-3cb8-49c9-8d9a-404671341722	15	23426699	30077828	4287	0.0049
2b8942c4-3cb8-49c9-8d9a-404671341722	15	30094208	30515739	36	-0.5531
2b8942c4-3cb8-49c9-8d9a-404671341722	15	30595753	34893402	2923	0.016
2b8942c4-3cb8-49c9-8d9a-404671341722	15	34893731	76586021	26074	-0.2875
2b8942c4-3cb8-49c9-8d9a-404671341722	15	76598900	76603433	21	0.5659
2b8942c4-3cb8-49c9-8d9a-404671341722	15	76603434	99957613	16051	-0.2935
2b8942c4-3cb8-49c9-8d9a-404671341722	15	99959160	99959552	3	-1.7455
2b8942c4-3cb8-49c9-8d9a-404671341722	15	99962088	101859834	1511	-0.274
2b8942c4-3cb8-49c9-8d9a-404671341722	15	101864933	101928837	13	-0.9235
2b8942c4-3cb8-49c9-8d9a-404671341722	16	10777	12555002	9404	0.032
2b8942c4-3cb8-49c9-8d9a-404671341722	16	12555121	12555138	2	-2.0688
2b8942c4-3cb8-49c9-8d9a-404671341722	16	12556390	13032614	472	0.0165
2b8942c4-3cb8-49c9-8d9a-404671341722	16	13034401	13034747	4	-0.8331
2b8942c4-3cb8-49c9-8d9a-404671341722	16	13036417	14877558	1218	0.0207
2b8942c4-3cb8-49c9-8d9a-404671341722	16	14879136	15036113	63	0.3224
2b8942c4-3cb8-49c9-8d9a-404671341722	16	15040518	22566269	3604	0.026
2b8942c4-3cb8-49c9-8d9a-404671341722	16	22566282	22687537	60	-0.3209
2b8942c4-3cb8-49c9-8d9a-404671341722	16	22689861	55764310	12091	0.0175
2b8942c4-3cb8-49c9-8d9a-404671341722	16	55764850	55764867	2	2.4745
2b8942c4-3cb8-49c9-8d9a-404671341722	16	55770436	55775554	7	0.787
2b8942c4-3cb8-49c9-8d9a-404671341722	16	55776109	90096867	24887	0.0214
2b8942c4-3cb8-49c9-8d9a-404671341722	17	150733	8339592	4527	0.0355
2b8942c4-3cb8-49c9-8d9a-404671341722	17	8344229	8344415	2	-2.2232
2b8942c4-3cb8-49c9-8d9a-404671341722	17	8346140	9719227	912	0.0304
2b8942c4-3cb8-49c9-8d9a-404671341722	17	9721475	9722438	2	-3.1847
2b8942c4-3cb8-49c9-8d9a-404671341722	17	9725257	36101021	12784	0.02
2b8942c4-3cb8-49c9-8d9a-404671341722	17	36102943	36200725	43	0.8002
2b8942c4-3cb8-49c9-8d9a-404671341722	17	36208249	41266901	2526	0.0309
2b8942c4-3cb8-49c9-8d9a-404671341722	17	41266958	41277272	31	-0.5318
2b8942c4-3cb8-49c9-8d9a-404671341722	17	41277289	46089089	2486	0.0389
2b8942c4-3cb8-49c9-8d9a-404671341722	17	46089134	46284643	118	-0.2544
2b8942c4-3cb8-49c9-8d9a-404671341722	17	46284997	79246981	19810	0.0387
2b8942c4-3cb8-49c9-8d9a-404671341722	17	79249578	79250308	3	-1.5039
2b8942c4-3cb8-49c9-8d9a-404671341722	17	79250962	83091923	1735	0.0566
2b8942c4-3cb8-49c9-8d9a-404671341722	18	48133	40678652	22751	0.0117
2b8942c4-3cb8-49c9-8d9a-404671341722	18	40678741	40689848	24	-0.6101
2b8942c4-3cb8-49c9-8d9a-404671341722	18	40690108	69646588	20201	0.0078
2b8942c4-3cb8-49c9-8d9a-404671341722	18	69646882	69647341	2	-1.7675
2b8942c4-3cb8-49c9-8d9a-404671341722	18	69648662	71372660	1095	0.0286
2b8942c4-3cb8-49c9-8d9a-404671341722	18	71373631	73671007	1817	-0.0386
2b8942c4-3cb8-49c9-8d9a-404671341722	18	73672245	80257174	4782	0.0199
2b8942c4-3cb8-49c9-8d9a-404671341722	19	90910	12581187	5037	-0.0304
2b8942c4-3cb8-49c9-8d9a-404671341722	19	12586552	12587288	2	1.4215
2b8942c4-3cb8-49c9-8d9a-404671341722	19	12589709	20654925	4015	-0.031
2b8942c4-3cb8-49c9-8d9a-404671341722	19	20658053	24192647	2043	-0.0932
2b8942c4-3cb8-49c9-8d9a-404671341722	19	24196300	24304880	36	-0.6813
2b8942c4-3cb8-49c9-8d9a-404671341722	19	24320970	35365141	5562	-0.0558
2b8942c4-3cb8-49c9-8d9a-404671341722	19	35365179	35370946	18	0.5548
2b8942c4-3cb8-49c9-8d9a-404671341722	19	35375842	42786621	3678	-0.0327
2b8942c4-3cb8-49c9-8d9a-404671341722	19	42790238	43029369	108	-0.9935
2b8942c4-3cb8-49c9-8d9a-404671341722	19	43029974	51628560	4241	-0.039
2b8942c4-3cb8-49c9-8d9a-404671341722	19	51639099	51644944	11	0.6298
2b8942c4-3cb8-49c9-8d9a-404671341722	19	51651652	55760397	2486	-0.0476
2b8942c4-3cb8-49c9-8d9a-404671341722	19	55760777	55770704	4	-1.2388
2b8942c4-3cb8-49c9-8d9a-404671341722	19	55771003	58586487	1842	-0.0429
2b8942c4-3cb8-49c9-8d9a-404671341722	20	80664	1571811	1182	0.0308
2b8942c4-3cb8-49c9-8d9a-404671341722	20	1576544	1580353	21	-0.9008
2b8942c4-3cb8-49c9-8d9a-404671341722	20	1580934	1609888	39	1.5009
2b8942c4-3cb8-49c9-8d9a-404671341722	20	1613203	54028329	33610	0.026
2b8942c4-3cb8-49c9-8d9a-404671341722	20	54031269	54041178	31	-0.8575
2b8942c4-3cb8-49c9-8d9a-404671341722	20	54041534	64324800	7449	0.0336
2b8942c4-3cb8-49c9-8d9a-404671341722	21	10354168	41499448	20894	-0.3154
2b8942c4-3cb8-49c9-8d9a-404671341722	21	41499476	41499524	2	-2.0887
2b8942c4-3cb8-49c9-8d9a-404671341722	21	41499684	46677045	2924	-0.2938
2b8942c4-3cb8-49c9-8d9a-404671341722	22	15294547	18649244	1132	-0.2875
2b8942c4-3cb8-49c9-8d9a-404671341722	22	18760927	18918078	8	0.7492
2b8942c4-3cb8-49c9-8d9a-404671341722	22	18918093	22037243	1858	-0.245
2b8942c4-3cb8-49c9-8d9a-404671341722	22	22037404	22037422	2	-1.9512
2b8942c4-3cb8-49c9-8d9a-404671341722	22	22037806	22114208	112	-0.2631
2b8942c4-3cb8-49c9-8d9a-404671341722	22	22119549	22120255	6	-1.5999
2b8942c4-3cb8-49c9-8d9a-404671341722	22	22127104	23929558	1253	-0.2669
2b8942c4-3cb8-49c9-8d9a-404671341722	22	23940911	23946247	5	0.9399
2b8942c4-3cb8-49c9-8d9a-404671341722	22	23950883	24683350	354	-0.259
2b8942c4-3cb8-49c9-8d9a-404671341722	22	24683645	24692338	19	-0.7288
2b8942c4-3cb8-49c9-8d9a-404671341722	22	24692662	25248950	443	-0.2595
2b8942c4-3cb8-49c9-8d9a-404671341722	22	25253254	25522742	296	0.3004
2b8942c4-3cb8-49c9-8d9a-404671341722	22	25526375	50796027	17735	-0.2842
2b8942c4-3cb8-49c9-8d9a-404671341722	X	251810	2785592	96	-0.5185
2b8942c4-3cb8-49c9-8d9a-404671341722	X	2785914	5522999	1953	0.1856
2b8942c4-3cb8-49c9-8d9a-404671341722	X	5527366	5527407	2	-1.6458
2b8942c4-3cb8-49c9-8d9a-404671341722	X	5527511	23142564	11778	0.2118
2b8942c4-3cb8-49c9-8d9a-404671341722	X	23143953	23167602	24	-0.4312
2b8942c4-3cb8-49c9-8d9a-404671341722	X	23168105	48001197	14827	0.2068
2b8942c4-3cb8-49c9-8d9a-404671341722	X	48020763	48111343	70	0.7237
2b8942c4-3cb8-49c9-8d9a-404671341722	X	48111680	53734954	2212	0.2222
2b8942c4-3cb8-49c9-8d9a-404671341722	X	53736910	70140659	5456	0.4761
2b8942c4-3cb8-49c9-8d9a-404671341722	X	70148199	72140984	835	0.21
2b8942c4-3cb8-49c9-8d9a-404671341722	X	72141015	103917238	15895	-0.1974
2b8942c4-3cb8-49c9-8d9a-404671341722	X	103924147	103988453	26	0.3752
2b8942c4-3cb8-49c9-8d9a-404671341722	X	103988467	103999203	20	-0.2358
2b8942c4-3cb8-49c9-8d9a-404671341722	X	104003417	104050792	58	0.6938
2b8942c4-3cb8-49c9-8d9a-404671341722	X	104083894	155734427	29451	-0.1912
2b8942c4-3cb8-49c9-8d9a-404671341722	X	155736972	155952689	16	-1.0484
2b8942c4-3cb8-49c9-8d9a-404671341722	Y	2782397	7715222	1309	-2.704
2b8942c4-3cb8-49c9-8d9a-404671341722	Y	7716670	9985764	1025	-2.97
2b8942c4-3cb8-49c9-8d9a-404671341722	Y	9988431	12912709	673	-2.6898
2b8942c4-3cb8-49c9-8d9a-404671341722	Y	12914512	12918905	5	-5.8491
2b8942c4-3cb8-49c9-8d9a-404671341722	Y	12920376	13478462	246	-2.825
2b8942c4-3cb8-49c9-8d9a-404671341722	Y	13479657	13482643	2	-7.9436
2b8942c4-3cb8-49c9-8d9a-404671341722	Y	13483009	56872112	3369	-2.8509
