GDC_Aliquot	Chromosome	Start	End	Num_Probes	Segment_Mean
90b493b8-8485-444d-8f35-7f8d2aa0536f	1	62920	98588	12	0.9714
90b493b8-8485-444d-8f35-7f8d2aa0536f	1	98602	783283	12	-0.0449
90b493b8-8485-444d-8f35-7f8d2aa0536f	1	787937	2013116	313	-0.504
90b493b8-8485-444d-8f35-7f8d2aa0536f	1	2016961	2837947	202	-0.6659
90b493b8-8485-444d-8f35-7f8d2aa0536f	1	2843676	4167404	682	-0.7607
90b493b8-8485-444d-8f35-7f8d2aa0536f	1	4173716	6190279	1671	-0.6243
90b493b8-8485-444d-8f35-7f8d2aa0536f	1	6192042	12832455	3622	-0.5293
90b493b8-8485-444d-8f35-7f8d2aa0536f	1	12850124	12867264	6	-1.6699
90b493b8-8485-444d-8f35-7f8d2aa0536f	1	12868035	13473667	41	-0.3242
90b493b8-8485-444d-8f35-7f8d2aa0536f	1	13475756	15545127	1630	-0.5566
90b493b8-8485-444d-8f35-7f8d2aa0536f	1	15547784	16037445	241	-0.4191
90b493b8-8485-444d-8f35-7f8d2aa0536f	1	16041638	16047835	4	-1.3815
90b493b8-8485-444d-8f35-7f8d2aa0536f	1	16052836	16505368	205	-0.4635
90b493b8-8485-444d-8f35-7f8d2aa0536f	1	16518437	16718963	40	-0.2264
90b493b8-8485-444d-8f35-7f8d2aa0536f	1	16719082	16721984	5	-1.8195
90b493b8-8485-444d-8f35-7f8d2aa0536f	1	16766762	25256850	5326	-0.536
90b493b8-8485-444d-8f35-7f8d2aa0536f	1	25266637	25319693	21	-1.5483
90b493b8-8485-444d-8f35-7f8d2aa0536f	1	25320198	27687272	983	-0.5111
90b493b8-8485-444d-8f35-7f8d2aa0536f	1	27688924	47929595	11429	0.0651
90b493b8-8485-444d-8f35-7f8d2aa0536f	1	47931197	67010270	13011	0.0943
90b493b8-8485-444d-8f35-7f8d2aa0536f	1	67012297	68784803	1251	0.0663
90b493b8-8485-444d-8f35-7f8d2aa0536f	1	68786274	72284670	2061	0.1329
90b493b8-8485-444d-8f35-7f8d2aa0536f	1	72290430	72297687	9	-0.7637
90b493b8-8485-444d-8f35-7f8d2aa0536f	1	72302735	72351072	51	0.4075
90b493b8-8485-444d-8f35-7f8d2aa0536f	1	72351338	74734100	1449	0.1374
90b493b8-8485-444d-8f35-7f8d2aa0536f	1	74737899	75585159	480	0.0992
90b493b8-8485-444d-8f35-7f8d2aa0536f	1	75589078	75589169	2	1.005
90b493b8-8485-444d-8f35-7f8d2aa0536f	1	75593824	77697244	1526	0.1026
90b493b8-8485-444d-8f35-7f8d2aa0536f	1	77700335	84202279	4196	0.1463
90b493b8-8485-444d-8f35-7f8d2aa0536f	1	84206417	84215531	7	0.3816
90b493b8-8485-444d-8f35-7f8d2aa0536f	1	84215679	101788252	11309	0.1072
90b493b8-8485-444d-8f35-7f8d2aa0536f	1	101788401	103560608	1033	0.1533
90b493b8-8485-444d-8f35-7f8d2aa0536f	1	103566616	103621165	29	0.6551
90b493b8-8485-444d-8f35-7f8d2aa0536f	1	103697067	109690352	3578	0.1309
90b493b8-8485-444d-8f35-7f8d2aa0536f	1	109690415	109707614	17	0.6254
90b493b8-8485-444d-8f35-7f8d2aa0536f	1	109707950	110833598	830	0.0863
90b493b8-8485-444d-8f35-7f8d2aa0536f	1	110834746	110845562	38	-0.665
90b493b8-8485-444d-8f35-7f8d2aa0536f	1	110845604	112147704	1077	0.0913
90b493b8-8485-444d-8f35-7f8d2aa0536f	1	112153343	112154619	23	-1.6029
90b493b8-8485-444d-8f35-7f8d2aa0536f	1	112154754	121555193	5146	0.0741
90b493b8-8485-444d-8f35-7f8d2aa0536f	1	121556564	145720653	183	0.2879
90b493b8-8485-444d-8f35-7f8d2aa0536f	1	145731806	152583230	2276	0.0983
90b493b8-8485-444d-8f35-7f8d2aa0536f	1	152583291	152613762	30	2.5558
90b493b8-8485-444d-8f35-7f8d2aa0536f	1	152613802	152614118	4	1.2879
90b493b8-8485-444d-8f35-7f8d2aa0536f	1	152618018	161553345	5467	0.0728
90b493b8-8485-444d-8f35-7f8d2aa0536f	1	161647612	161649268	10	0.5926
90b493b8-8485-444d-8f35-7f8d2aa0536f	1	161678447	169247699	6010	0.0815
90b493b8-8485-444d-8f35-7f8d2aa0536f	1	169264736	169272528	7	-1.58
90b493b8-8485-444d-8f35-7f8d2aa0536f	1	169273163	187407651	11942	0.1045
90b493b8-8485-444d-8f35-7f8d2aa0536f	1	187408877	194479104	4787	0.1509
90b493b8-8485-444d-8f35-7f8d2aa0536f	1	194482281	194485888	2	1.5826
90b493b8-8485-444d-8f35-7f8d2aa0536f	1	194487886	196745743	1452	0.1472
90b493b8-8485-444d-8f35-7f8d2aa0536f	1	196758720	196846661	61	-1.5732
90b493b8-8485-444d-8f35-7f8d2aa0536f	1	196847600	201031757	2642	0.1149
90b493b8-8485-444d-8f35-7f8d2aa0536f	1	201033045	208202411	4717	0.0623
90b493b8-8485-444d-8f35-7f8d2aa0536f	1	208206515	210185247	1597	0.1168
90b493b8-8485-444d-8f35-7f8d2aa0536f	1	210185997	213972388	2537	0.0786
90b493b8-8485-444d-8f35-7f8d2aa0536f	1	213973107	219226452	3804	0.1231
90b493b8-8485-444d-8f35-7f8d2aa0536f	1	219229085	219229423	3	-1.1042
90b493b8-8485-444d-8f35-7f8d2aa0536f	1	219231724	219669249	340	0.1289
90b493b8-8485-444d-8f35-7f8d2aa0536f	1	219669397	229673660	6193	0.0877
90b493b8-8485-444d-8f35-7f8d2aa0536f	1	229675422	229686006	11	0.5436
90b493b8-8485-444d-8f35-7f8d2aa0536f	1	229686151	237326614	5765	0.0887
90b493b8-8485-444d-8f35-7f8d2aa0536f	1	237329010	248930189	8203	0.1125
90b493b8-8485-444d-8f35-7f8d2aa0536f	2	12784	30143	10	0.2196
90b493b8-8485-444d-8f35-7f8d2aa0536f	2	33901	34346	3	-1.5089
90b493b8-8485-444d-8f35-7f8d2aa0536f	2	36862	34822191	24346	0.0612
90b493b8-8485-444d-8f35-7f8d2aa0536f	2	34824073	35834232	719	0.129
90b493b8-8485-444d-8f35-7f8d2aa0536f	2	35834271	39609326	2720	0.0657
90b493b8-8485-444d-8f35-7f8d2aa0536f	2	39611783	41628098	1632	0.1158
90b493b8-8485-444d-8f35-7f8d2aa0536f	2	41628298	48720441	4982	0.0696
90b493b8-8485-444d-8f35-7f8d2aa0536f	2	48720822	52527330	2732	0.144
90b493b8-8485-444d-8f35-7f8d2aa0536f	2	52527342	52554404	39	0.7481
90b493b8-8485-444d-8f35-7f8d2aa0536f	2	52560811	53989212	1114	0.1241
90b493b8-8485-444d-8f35-7f8d2aa0536f	2	53989842	54473050	341	0.2059
90b493b8-8485-444d-8f35-7f8d2aa0536f	2	54473124	60267248	3992	0.1073
90b493b8-8485-444d-8f35-7f8d2aa0536f	2	60267454	70436409	6322	0.0766
90b493b8-8485-444d-8f35-7f8d2aa0536f	2	70436975	70437125	2	-1.0328
90b493b8-8485-444d-8f35-7f8d2aa0536f	2	70437253	75154711	2716	0.0692
90b493b8-8485-444d-8f35-7f8d2aa0536f	2	75154785	75996175	623	0.103
90b493b8-8485-444d-8f35-7f8d2aa0536f	2	75997490	83934419	5186	0.1454
90b493b8-8485-444d-8f35-7f8d2aa0536f	2	83936456	137203313	27483	0.0944
90b493b8-8485-444d-8f35-7f8d2aa0536f	2	137203349	152939554	9721	0.1263
90b493b8-8485-444d-8f35-7f8d2aa0536f	2	152940256	152940270	2	-1.705
90b493b8-8485-444d-8f35-7f8d2aa0536f	2	152944055	156378403	2000	0.1487
90b493b8-8485-444d-8f35-7f8d2aa0536f	2	156378589	161358550	3066	0.0968
90b493b8-8485-444d-8f35-7f8d2aa0536f	2	161358583	167803678	3650	0.1414
90b493b8-8485-444d-8f35-7f8d2aa0536f	2	167803833	181956923	9174	0.1043
90b493b8-8485-444d-8f35-7f8d2aa0536f	2	181970084	183929124	1193	0.1494
90b493b8-8485-444d-8f35-7f8d2aa0536f	2	183929673	183937714	17	-0.5079
90b493b8-8485-444d-8f35-7f8d2aa0536f	2	183943862	195341649	6413	0.1323
90b493b8-8485-444d-8f35-7f8d2aa0536f	2	195345584	208424636	7849	0.1048
90b493b8-8485-444d-8f35-7f8d2aa0536f	2	208424877	214699792	4001	0.1439
90b493b8-8485-444d-8f35-7f8d2aa0536f	2	214699860	230089905	10087	0.0999
90b493b8-8485-444d-8f35-7f8d2aa0536f	2	230090545	242147305	7419	0.0371
90b493b8-8485-444d-8f35-7f8d2aa0536f	3	20930	182919	154	0.0953
90b493b8-8485-444d-8f35-7f8d2aa0536f	3	188339	191117	4	-0.9886
90b493b8-8485-444d-8f35-7f8d2aa0536f	3	193194	8550431	7373	0.1296
90b493b8-8485-444d-8f35-7f8d2aa0536f	3	8550887	16572619	5670	0.0893
90b493b8-8485-444d-8f35-7f8d2aa0536f	3	16573751	26384700	6686	0.1296
90b493b8-8485-444d-8f35-7f8d2aa0536f	3	26392633	26397852	5	-0.6887
90b493b8-8485-444d-8f35-7f8d2aa0536f	3	26404482	31247051	3480	0.1277
90b493b8-8485-444d-8f35-7f8d2aa0536f	3	31247371	34061167	1662	0.0826
90b493b8-8485-444d-8f35-7f8d2aa0536f	3	34063556	35983747	1254	0.1538
90b493b8-8485-444d-8f35-7f8d2aa0536f	3	35983915	36819990	644	-0.4984
90b493b8-8485-444d-8f35-7f8d2aa0536f	3	36821489	36907446	69	0.0987
90b493b8-8485-444d-8f35-7f8d2aa0536f	3	36908337	41197615	2734	-0.5066
90b493b8-8485-444d-8f35-7f8d2aa0536f	3	41197952	42033637	569	-0.4281
90b493b8-8485-444d-8f35-7f8d2aa0536f	3	42034696	45233040	1827	-0.5071
90b493b8-8485-444d-8f35-7f8d2aa0536f	3	45233700	45417281	146	0.102
90b493b8-8485-444d-8f35-7f8d2aa0536f	3	45420643	45438206	10	-0.4636
90b493b8-8485-444d-8f35-7f8d2aa0536f	3	45440253	45500449	36	0.0567
90b493b8-8485-444d-8f35-7f8d2aa0536f	3	45501405	46324778	576	-0.5284
90b493b8-8485-444d-8f35-7f8d2aa0536f	3	46324833	46515458	141	0.0765
90b493b8-8485-444d-8f35-7f8d2aa0536f	3	46516983	46741760	136	-0.5485
90b493b8-8485-444d-8f35-7f8d2aa0536f	3	46742093	46836760	52	-0.3064
90b493b8-8485-444d-8f35-7f8d2aa0536f	3	46838512	47146978	143	-0.5103
90b493b8-8485-444d-8f35-7f8d2aa0536f	3	47157301	47217775	24	0.0851
90b493b8-8485-444d-8f35-7f8d2aa0536f	3	47218910	47520803	115	-0.5226
90b493b8-8485-444d-8f35-7f8d2aa0536f	3	47523643	47685090	56	0.0483
90b493b8-8485-444d-8f35-7f8d2aa0536f	3	47688390	51345775	1477	-0.4919
90b493b8-8485-444d-8f35-7f8d2aa0536f	3	51349383	51478797	53	0.1188
90b493b8-8485-444d-8f35-7f8d2aa0536f	3	51484003	52988877	614	-0.5229
90b493b8-8485-444d-8f35-7f8d2aa0536f	3	52988908	53004832	36	-0.1336
90b493b8-8485-444d-8f35-7f8d2aa0536f	3	53004886	54816486	1275	-0.5099
90b493b8-8485-444d-8f35-7f8d2aa0536f	3	54818126	55031684	201	0.1148
90b493b8-8485-444d-8f35-7f8d2aa0536f	3	55031729	55122493	88	-0.4882
90b493b8-8485-444d-8f35-7f8d2aa0536f	3	55123085	55290933	152	0.126
90b493b8-8485-444d-8f35-7f8d2aa0536f	3	55294277	57498057	1466	-0.4926
90b493b8-8485-444d-8f35-7f8d2aa0536f	3	57500385	57668460	71	0.1066
90b493b8-8485-444d-8f35-7f8d2aa0536f	3	57673006	58167730	257	-0.5185
90b493b8-8485-444d-8f35-7f8d2aa0536f	3	58170985	58423399	170	0.0689
90b493b8-8485-444d-8f35-7f8d2aa0536f	3	58427738	58547556	59	-0.5388
90b493b8-8485-444d-8f35-7f8d2aa0536f	3	58559532	58898543	219	0.1001
90b493b8-8485-444d-8f35-7f8d2aa0536f	3	58898753	59454019	327	-0.5032
90b493b8-8485-444d-8f35-7f8d2aa0536f	3	59455757	59950772	513	0.0991
90b493b8-8485-444d-8f35-7f8d2aa0536f	3	59950807	60045792	164	-0.4419
90b493b8-8485-444d-8f35-7f8d2aa0536f	3	60045805	60193731	190	0.1533
90b493b8-8485-444d-8f35-7f8d2aa0536f	3	60196416	60526227	348	-0.4882
90b493b8-8485-444d-8f35-7f8d2aa0536f	3	60526739	60650688	140	0.1625
90b493b8-8485-444d-8f35-7f8d2aa0536f	3	60651749	60676258	19	-0.4033
90b493b8-8485-444d-8f35-7f8d2aa0536f	3	60678214	60744150	93	0.1329
90b493b8-8485-444d-8f35-7f8d2aa0536f	3	60748162	66906889	5078	-0.4771
90b493b8-8485-444d-8f35-7f8d2aa0536f	3	66907044	67658389	567	0.123
90b493b8-8485-444d-8f35-7f8d2aa0536f	3	67659313	68676600	641	-0.4852
90b493b8-8485-444d-8f35-7f8d2aa0536f	3	68682877	68698262	16	0.5211
90b493b8-8485-444d-8f35-7f8d2aa0536f	3	68699607	69431902	574	-0.4884
90b493b8-8485-444d-8f35-7f8d2aa0536f	3	69433353	69484141	43	0.1053
90b493b8-8485-444d-8f35-7f8d2aa0536f	3	69484260	70946629	1119	-0.4846
90b493b8-8485-444d-8f35-7f8d2aa0536f	3	70947508	71018377	44	0.1257
90b493b8-8485-444d-8f35-7f8d2aa0536f	3	71018952	71282125	194	-0.5088
90b493b8-8485-444d-8f35-7f8d2aa0536f	3	71285326	71505240	152	0.0992
90b493b8-8485-444d-8f35-7f8d2aa0536f	3	71505896	71809888	205	-0.4784
90b493b8-8485-444d-8f35-7f8d2aa0536f	3	71814857	71910803	77	0.0805
90b493b8-8485-444d-8f35-7f8d2aa0536f	3	71912242	71923885	9	-0.5778
90b493b8-8485-444d-8f35-7f8d2aa0536f	3	71925244	72178567	254	0.0567
90b493b8-8485-444d-8f35-7f8d2aa0536f	3	72178717	72388262	173	-0.542
90b493b8-8485-444d-8f35-7f8d2aa0536f	3	72390708	72928335	350	0.0633
90b493b8-8485-444d-8f35-7f8d2aa0536f	3	72928689	72946391	12	-0.5705
90b493b8-8485-444d-8f35-7f8d2aa0536f	3	72950753	72972152	21	0.0458
90b493b8-8485-444d-8f35-7f8d2aa0536f	3	72974408	73963398	796	-0.5213
90b493b8-8485-444d-8f35-7f8d2aa0536f	3	73968610	75417000	872	-0.4363
90b493b8-8485-444d-8f35-7f8d2aa0536f	3	75420058	75705264	72	-0.148
90b493b8-8485-444d-8f35-7f8d2aa0536f	3	75709991	84053071	4646	-0.4176
90b493b8-8485-444d-8f35-7f8d2aa0536f	3	84056282	84057015	2	-2.7429
90b493b8-8485-444d-8f35-7f8d2aa0536f	3	84061816	88770464	2571	-0.4241
90b493b8-8485-444d-8f35-7f8d2aa0536f	3	88773122	89038696	154	0.1531
90b493b8-8485-444d-8f35-7f8d2aa0536f	3	89038912	89222908	176	-0.4209
90b493b8-8485-444d-8f35-7f8d2aa0536f	3	89226756	89620865	281	0.1826
90b493b8-8485-444d-8f35-7f8d2aa0536f	3	89622183	89624990	8	-0.68
90b493b8-8485-444d-8f35-7f8d2aa0536f	3	89629449	99225788	3113	0.1515
90b493b8-8485-444d-8f35-7f8d2aa0536f	3	99225919	99230212	20	-0.4892
90b493b8-8485-444d-8f35-7f8d2aa0536f	3	99230225	102409814	1786	0.1089
90b493b8-8485-444d-8f35-7f8d2aa0536f	3	102411276	107372199	3035	0.1509
90b493b8-8485-444d-8f35-7f8d2aa0536f	3	107372255	114424120	4358	0.1177
90b493b8-8485-444d-8f35-7f8d2aa0536f	3	114424848	118802112	2954	0.153
90b493b8-8485-444d-8f35-7f8d2aa0536f	3	118802136	119026414	138	0.1076
90b493b8-8485-444d-8f35-7f8d2aa0536f	3	119026573	119033548	3	-0.8105
90b493b8-8485-444d-8f35-7f8d2aa0536f	3	119035892	125429632	3839	0.1018
90b493b8-8485-444d-8f35-7f8d2aa0536f	3	125431529	128427842	1832	-0.518
90b493b8-8485-444d-8f35-7f8d2aa0536f	3	128427988	128502699	43	0.0638
90b493b8-8485-444d-8f35-7f8d2aa0536f	3	128507478	128782871	172	-0.4689
90b493b8-8485-444d-8f35-7f8d2aa0536f	3	128784029	128878983	50	0.0588
90b493b8-8485-444d-8f35-7f8d2aa0536f	3	128884307	128894381	6	-0.4721
90b493b8-8485-444d-8f35-7f8d2aa0536f	3	128895290	128995453	55	0.099
90b493b8-8485-444d-8f35-7f8d2aa0536f	3	128995664	129055048	24	-0.5457
90b493b8-8485-444d-8f35-7f8d2aa0536f	3	129058829	130080824	458	0.0782
90b493b8-8485-444d-8f35-7f8d2aa0536f	3	130087209	130137637	22	0.3731
90b493b8-8485-444d-8f35-7f8d2aa0536f	3	130137903	130389679	146	0.1323
90b493b8-8485-444d-8f35-7f8d2aa0536f	3	130391707	130416093	46	-0.0584
90b493b8-8485-444d-8f35-7f8d2aa0536f	3	130416108	130793430	243	0.1078
90b493b8-8485-444d-8f35-7f8d2aa0536f	3	130800572	131937631	678	-0.4638
90b493b8-8485-444d-8f35-7f8d2aa0536f	3	131940265	131940901	5	-1.2866
90b493b8-8485-444d-8f35-7f8d2aa0536f	3	131941099	132276840	302	-0.467
90b493b8-8485-444d-8f35-7f8d2aa0536f	3	132281633	134487964	1418	0.1041
90b493b8-8485-444d-8f35-7f8d2aa0536f	3	134492604	135120829	458	-0.5038
90b493b8-8485-444d-8f35-7f8d2aa0536f	3	135123783	135154257	32	0.1264
90b493b8-8485-444d-8f35-7f8d2aa0536f	3	135158793	135906759	497	-0.4648
90b493b8-8485-444d-8f35-7f8d2aa0536f	3	135912540	135991534	52	0.1012
90b493b8-8485-444d-8f35-7f8d2aa0536f	3	135994741	136260491	117	-0.4673
90b493b8-8485-444d-8f35-7f8d2aa0536f	3	136260726	136319699	16	0.2478
90b493b8-8485-444d-8f35-7f8d2aa0536f	3	136322050	137209453	372	-0.4797
90b493b8-8485-444d-8f35-7f8d2aa0536f	3	137213754	137423535	162	0.0979
90b493b8-8485-444d-8f35-7f8d2aa0536f	3	137436965	137525000	56	-0.456
90b493b8-8485-444d-8f35-7f8d2aa0536f	3	137527560	137568982	17	0.0736
90b493b8-8485-444d-8f35-7f8d2aa0536f	3	137572180	138359820	442	-0.4803
90b493b8-8485-444d-8f35-7f8d2aa0536f	3	138361788	138815899	192	0.0707
90b493b8-8485-444d-8f35-7f8d2aa0536f	3	138817673	144644174	3810	-0.4835
90b493b8-8485-444d-8f35-7f8d2aa0536f	3	144649169	148568566	2349	-0.422
90b493b8-8485-444d-8f35-7f8d2aa0536f	3	148569906	150610845	1323	-0.4646
90b493b8-8485-444d-8f35-7f8d2aa0536f	3	150613774	150614224	4	-1.3538
90b493b8-8485-444d-8f35-7f8d2aa0536f	3	150616975	162790480	7508	-0.462
90b493b8-8485-444d-8f35-7f8d2aa0536f	3	162794869	162906109	68	0.2608
90b493b8-8485-444d-8f35-7f8d2aa0536f	3	162908192	163371033	289	-0.4139
90b493b8-8485-444d-8f35-7f8d2aa0536f	3	163371881	163622049	110	0.1855
90b493b8-8485-444d-8f35-7f8d2aa0536f	3	163629842	163935640	180	-0.3809
90b493b8-8485-444d-8f35-7f8d2aa0536f	3	163941155	163941185	7	0.3796
90b493b8-8485-444d-8f35-7f8d2aa0536f	3	163944509	164935796	549	-0.4144
90b493b8-8485-444d-8f35-7f8d2aa0536f	3	164948983	166883578	1140	0.1535
90b493b8-8485-444d-8f35-7f8d2aa0536f	3	166885675	167850389	465	-0.4347
90b493b8-8485-444d-8f35-7f8d2aa0536f	3	167855710	173519113	3623	0.1238
90b493b8-8485-444d-8f35-7f8d2aa0536f	3	173522845	173571890	24	0.6794
90b493b8-8485-444d-8f35-7f8d2aa0536f	3	173582403	194523993	13705	0.1229
90b493b8-8485-444d-8f35-7f8d2aa0536f	3	194524911	194532008	3	-2.9746
90b493b8-8485-444d-8f35-7f8d2aa0536f	3	194532531	198169247	1792	0.108
90b493b8-8485-444d-8f35-7f8d2aa0536f	4	68929	810466	277	0.1671
90b493b8-8485-444d-8f35-7f8d2aa0536f	4	819605	4117230	1349	0.0689
90b493b8-8485-444d-8f35-7f8d2aa0536f	4	4117959	4151033	7	-0.9543
90b493b8-8485-444d-8f35-7f8d2aa0536f	4	4158336	4176082	12	0.5025
90b493b8-8485-444d-8f35-7f8d2aa0536f	4	4180275	9435282	3507	0.0735
90b493b8-8485-444d-8f35-7f8d2aa0536f	4	9435283	9455251	8	0.3723
90b493b8-8485-444d-8f35-7f8d2aa0536f	4	9459504	9477699	6	-0.9762
90b493b8-8485-444d-8f35-7f8d2aa0536f	4	9484440	10208766	540	0.069
90b493b8-8485-444d-8f35-7f8d2aa0536f	4	10221792	10233644	35	-1.2429
90b493b8-8485-444d-8f35-7f8d2aa0536f	4	10234518	10389091	171	0.0567
90b493b8-8485-444d-8f35-7f8d2aa0536f	4	10390730	10399044	16	0.4581
90b493b8-8485-444d-8f35-7f8d2aa0536f	4	10401094	17793694	5757	0.0945
90b493b8-8485-444d-8f35-7f8d2aa0536f	4	17799819	23972287	4089	0.1271
90b493b8-8485-444d-8f35-7f8d2aa0536f	4	23972872	23976085	2	-1.1434
90b493b8-8485-444d-8f35-7f8d2aa0536f	4	23976486	24084361	106	0.1349
90b493b8-8485-444d-8f35-7f8d2aa0536f	4	24090974	24093752	3	0.7279
90b493b8-8485-444d-8f35-7f8d2aa0536f	4	24098618	24319711	198	0.1243
90b493b8-8485-444d-8f35-7f8d2aa0536f	4	24322517	27363072	2027	0.0903
90b493b8-8485-444d-8f35-7f8d2aa0536f	4	27363262	34785368	4607	0.157
90b493b8-8485-444d-8f35-7f8d2aa0536f	4	34785527	34823103	35	-0.2236
90b493b8-8485-444d-8f35-7f8d2aa0536f	4	34828250	36008312	768	0.1677
90b493b8-8485-444d-8f35-7f8d2aa0536f	4	36009771	36012790	7	-0.1627
90b493b8-8485-444d-8f35-7f8d2aa0536f	4	36013359	36013896	4	-0.8282
90b493b8-8485-444d-8f35-7f8d2aa0536f	4	36015896	36895997	582	0.1533
90b493b8-8485-444d-8f35-7f8d2aa0536f	4	36898215	43048591	4109	0.0996
90b493b8-8485-444d-8f35-7f8d2aa0536f	4	43052640	47462229	2482	0.1602
90b493b8-8485-444d-8f35-7f8d2aa0536f	4	47463154	47893218	266	0.0901
90b493b8-8485-444d-8f35-7f8d2aa0536f	4	47898186	49289338	758	-0.638
90b493b8-8485-444d-8f35-7f8d2aa0536f	4	49295203	49656595	19	-0.0512
90b493b8-8485-444d-8f35-7f8d2aa0536f	4	51819533	51955153	78	-0.6715
90b493b8-8485-444d-8f35-7f8d2aa0536f	4	51956008	54236287	1351	-0.7506
90b493b8-8485-444d-8f35-7f8d2aa0536f	4	54236791	54361273	184	-0.5833
90b493b8-8485-444d-8f35-7f8d2aa0536f	4	54361496	58134554	2685	-0.7423
90b493b8-8485-444d-8f35-7f8d2aa0536f	4	58140307	63831751	3259	-0.662
90b493b8-8485-444d-8f35-7f8d2aa0536f	4	63831799	63850713	27	-0.0919
90b493b8-8485-444d-8f35-7f8d2aa0536f	4	63851308	68341810	2831	-0.6767
90b493b8-8485-444d-8f35-7f8d2aa0536f	4	68345810	68422424	20	-0.165
90b493b8-8485-444d-8f35-7f8d2aa0536f	4	68429081	68506285	12	-0.6981
90b493b8-8485-444d-8f35-7f8d2aa0536f	4	68509223	68620261	64	-1.1982
90b493b8-8485-444d-8f35-7f8d2aa0536f	4	68623617	69254981	311	-0.6564
90b493b8-8485-444d-8f35-7f8d2aa0536f	4	69255175	69424538	87	-0.3466
90b493b8-8485-444d-8f35-7f8d2aa0536f	4	69424683	75655880	3768	-0.7069
90b493b8-8485-444d-8f35-7f8d2aa0536f	4	75656591	79064804	2383	-0.5038
90b493b8-8485-444d-8f35-7f8d2aa0536f	4	79064879	114252544	21136	-0.4523
90b493b8-8485-444d-8f35-7f8d2aa0536f	4	114254167	114263073	24	0.3844
90b493b8-8485-444d-8f35-7f8d2aa0536f	4	114263096	115240019	599	-0.4331
90b493b8-8485-444d-8f35-7f8d2aa0536f	4	115240035	115259214	38	-0.13
90b493b8-8485-444d-8f35-7f8d2aa0536f	4	115259399	117284896	1194	-0.4022
90b493b8-8485-444d-8f35-7f8d2aa0536f	4	117293814	117293923	2	-2.1779
90b493b8-8485-444d-8f35-7f8d2aa0536f	4	117306742	119485464	1258	-0.4385
90b493b8-8485-444d-8f35-7f8d2aa0536f	4	119487997	138001091	10767	-0.4852
90b493b8-8485-444d-8f35-7f8d2aa0536f	4	138001344	155077533	10305	-0.5181
90b493b8-8485-444d-8f35-7f8d2aa0536f	4	155086727	158104172	2015	-0.4522
90b493b8-8485-444d-8f35-7f8d2aa0536f	4	158110276	159622809	870	-0.5376
90b493b8-8485-444d-8f35-7f8d2aa0536f	4	159624004	160950523	893	-0.4589
90b493b8-8485-444d-8f35-7f8d2aa0536f	4	160950608	160964197	49	-0.1613
90b493b8-8485-444d-8f35-7f8d2aa0536f	4	160966393	168117078	4535	-0.4855
90b493b8-8485-444d-8f35-7f8d2aa0536f	4	168117533	170321770	1415	-0.5452
90b493b8-8485-444d-8f35-7f8d2aa0536f	4	170322458	171448195	704	-0.457
90b493b8-8485-444d-8f35-7f8d2aa0536f	4	171453733	171456625	12	0.3758
90b493b8-8485-444d-8f35-7f8d2aa0536f	4	171459220	172066777	395	-0.484
90b493b8-8485-444d-8f35-7f8d2aa0536f	4	172067997	172068382	12	-1.496
90b493b8-8485-444d-8f35-7f8d2aa0536f	4	172074828	181793808	6439	-0.5065
90b493b8-8485-444d-8f35-7f8d2aa0536f	4	181794056	186351157	3214	-0.5604
90b493b8-8485-444d-8f35-7f8d2aa0536f	4	186354993	190036331	2413	-0.5208
90b493b8-8485-444d-8f35-7f8d2aa0536f	4	190036988	190106768	6	0.351
90b493b8-8485-444d-8f35-7f8d2aa0536f	5	15532	685633	304	-0.6198
90b493b8-8485-444d-8f35-7f8d2aa0536f	5	698256	819700	37	-0.0452
90b493b8-8485-444d-8f35-7f8d2aa0536f	5	819817	5539896	3908	-0.6273
90b493b8-8485-444d-8f35-7f8d2aa0536f	5	5540496	6759601	1108	-0.5879
90b493b8-8485-444d-8f35-7f8d2aa0536f	5	6759907	6760386	2	-2.5121
90b493b8-8485-444d-8f35-7f8d2aa0536f	5	6762657	17491103	7991	-0.5619
90b493b8-8485-444d-8f35-7f8d2aa0536f	5	17491160	17708584	68	-0.669
90b493b8-8485-444d-8f35-7f8d2aa0536f	5	17709469	21296750	2199	-0.5045
90b493b8-8485-444d-8f35-7f8d2aa0536f	5	21301987	21617555	149	-0.3307
90b493b8-8485-444d-8f35-7f8d2aa0536f	5	21617711	21862449	165	-0.5147
90b493b8-8485-444d-8f35-7f8d2aa0536f	5	21862605	21863005	2	-2.0735
90b493b8-8485-444d-8f35-7f8d2aa0536f	5	21863159	31089242	5461	-0.5011
90b493b8-8485-444d-8f35-7f8d2aa0536f	5	31089255	34058433	2185	-0.5731
90b493b8-8485-444d-8f35-7f8d2aa0536f	5	34058450	34391346	108	-0.3483
90b493b8-8485-444d-8f35-7f8d2aa0536f	5	34392344	36414231	1401	-0.5812
90b493b8-8485-444d-8f35-7f8d2aa0536f	5	36414987	36415322	3	-2.0915
90b493b8-8485-444d-8f35-7f8d2aa0536f	5	36418062	36800769	313	-0.61
90b493b8-8485-444d-8f35-7f8d2aa0536f	5	36802380	37639011	345	-0.4745
90b493b8-8485-444d-8f35-7f8d2aa0536f	5	37640113	37952857	234	-0.5757
90b493b8-8485-444d-8f35-7f8d2aa0536f	5	37954082	37954311	2	-2.0954
90b493b8-8485-444d-8f35-7f8d2aa0536f	5	37954971	41203991	2304	-0.5805
90b493b8-8485-444d-8f35-7f8d2aa0536f	5	41204028	46196012	2353	0.0634
90b493b8-8485-444d-8f35-7f8d2aa0536f	5	46199332	46199333	2	-1.423
90b493b8-8485-444d-8f35-7f8d2aa0536f	5	46209197	46271006	15	0.1287
90b493b8-8485-444d-8f35-7f8d2aa0536f	5	46271828	46273400	6	1.1063
90b493b8-8485-444d-8f35-7f8d2aa0536f	5	46278110	69937617	12412	0.1152
90b493b8-8485-444d-8f35-7f8d2aa0536f	5	70017846	70017861	2	-1.3865
90b493b8-8485-444d-8f35-7f8d2aa0536f	5	70959068	71053366	14	0.1464
90b493b8-8485-444d-8f35-7f8d2aa0536f	5	71095358	71095426	2	1.2609
90b493b8-8485-444d-8f35-7f8d2aa0536f	5	71358245	82564675	7165	0.1056
90b493b8-8485-444d-8f35-7f8d2aa0536f	5	82566115	107512505	14242	0.1421
90b493b8-8485-444d-8f35-7f8d2aa0536f	5	107512781	120618135	9170	0.1169
90b493b8-8485-444d-8f35-7f8d2aa0536f	5	120621715	130973429	6483	0.1351
90b493b8-8485-444d-8f35-7f8d2aa0536f	5	130973772	144521244	8061	0.0828
90b493b8-8485-444d-8f35-7f8d2aa0536f	5	144521441	148344505	2533	0.1266
90b493b8-8485-444d-8f35-7f8d2aa0536f	5	148346467	161166741	8866	0.0908
90b493b8-8485-444d-8f35-7f8d2aa0536f	5	161166878	167887638	4415	0.1457
90b493b8-8485-444d-8f35-7f8d2aa0536f	5	167888338	180951710	8650	0.0771
90b493b8-8485-444d-8f35-7f8d2aa0536f	5	180951888	180980230	11	-0.4384
90b493b8-8485-444d-8f35-7f8d2aa0536f	5	180987294	181363319	176	0.1186
90b493b8-8485-444d-8f35-7f8d2aa0536f	6	149661	285695	116	0.1298
90b493b8-8485-444d-8f35-7f8d2aa0536f	6	286393	343505	34	0.3915
90b493b8-8485-444d-8f35-7f8d2aa0536f	6	344175	890950	487	0.1246
90b493b8-8485-444d-8f35-7f8d2aa0536f	6	891755	6591676	4744	0.0878
90b493b8-8485-444d-8f35-7f8d2aa0536f	6	6591862	7283863	562	0.0247
90b493b8-8485-444d-8f35-7f8d2aa0536f	6	7284250	19039888	8834	0.0944
90b493b8-8485-444d-8f35-7f8d2aa0536f	6	19041950	19042587	3	-1.1138
90b493b8-8485-444d-8f35-7f8d2aa0536f	6	19044471	22560831	2555	0.106
90b493b8-8485-444d-8f35-7f8d2aa0536f	6	22563659	23925693	1022	0.1574
90b493b8-8485-444d-8f35-7f8d2aa0536f	6	23926956	29731476	3184	0.0935
90b493b8-8485-444d-8f35-7f8d2aa0536f	6	29731936	29732302	2	-0.8931
90b493b8-8485-444d-8f35-7f8d2aa0536f	6	29732406	29869295	112	0.0967
90b493b8-8485-444d-8f35-7f8d2aa0536f	6	29869410	29907031	23	1.0838
90b493b8-8485-444d-8f35-7f8d2aa0536f	6	29909182	29950810	27	-0.0435
90b493b8-8485-444d-8f35-7f8d2aa0536f	6	29953297	29953350	2	1.2968
90b493b8-8485-444d-8f35-7f8d2aa0536f	6	29953446	31313046	626	0.074
90b493b8-8485-444d-8f35-7f8d2aa0536f	6	31318499	31328674	11	1.1675
90b493b8-8485-444d-8f35-7f8d2aa0536f	6	31342147	32656527	558	0.106
90b493b8-8485-444d-8f35-7f8d2aa0536f	6	32656814	32658841	5	-0.9787
90b493b8-8485-444d-8f35-7f8d2aa0536f	6	32682835	41651023	5907	0.0712
90b493b8-8485-444d-8f35-7f8d2aa0536f	6	41651312	41651509	2	-1.5025
90b493b8-8485-444d-8f35-7f8d2aa0536f	6	41651951	45987436	2535	0.0658
90b493b8-8485-444d-8f35-7f8d2aa0536f	6	45987922	51518871	3404	0.1272
90b493b8-8485-444d-8f35-7f8d2aa0536f	6	51520211	53856961	1681	0.0837
90b493b8-8485-444d-8f35-7f8d2aa0536f	6	53857020	66298393	5513	0.1447
90b493b8-8485-444d-8f35-7f8d2aa0536f	6	66299130	66338736	55	-0.5855
90b493b8-8485-444d-8f35-7f8d2aa0536f	6	66339513	67457081	886	0.1535
90b493b8-8485-444d-8f35-7f8d2aa0536f	6	67457153	67457396	3	-1
90b493b8-8485-444d-8f35-7f8d2aa0536f	6	67457837	69491373	1268	0.178
90b493b8-8485-444d-8f35-7f8d2aa0536f	6	69494721	69511430	15	0.7101
90b493b8-8485-444d-8f35-7f8d2aa0536f	6	69513415	76730151	4609	0.1363
90b493b8-8485-444d-8f35-7f8d2aa0536f	6	76730331	76742956	18	-0.3578
90b493b8-8485-444d-8f35-7f8d2aa0536f	6	76742972	77754705	653	0.1498
90b493b8-8485-444d-8f35-7f8d2aa0536f	6	77759738	77760416	2	1.3118
90b493b8-8485-444d-8f35-7f8d2aa0536f	6	77760416	78253172	323	0.1538
90b493b8-8485-444d-8f35-7f8d2aa0536f	6	78259348	78329517	114	-0.4158
90b493b8-8485-444d-8f35-7f8d2aa0536f	6	78331916	90767362	7828	0.1193
90b493b8-8485-444d-8f35-7f8d2aa0536f	6	90767735	104392612	8385	0.1559
90b493b8-8485-444d-8f35-7f8d2aa0536f	6	104394890	111928572	4633	0.0958
90b493b8-8485-444d-8f35-7f8d2aa0536f	6	111928648	129349403	10562	0.1408
90b493b8-8485-444d-8f35-7f8d2aa0536f	6	129349780	161515808	21688	0.116
90b493b8-8485-444d-8f35-7f8d2aa0536f	6	161515966	165550404	3182	0.1499
90b493b8-8485-444d-8f35-7f8d2aa0536f	6	165551991	170741917	3421	0.1073
90b493b8-8485-444d-8f35-7f8d2aa0536f	7	43355	68659	31	0.6291
90b493b8-8485-444d-8f35-7f8d2aa0536f	7	79263	5897269	3032	0.0948
90b493b8-8485-444d-8f35-7f8d2aa0536f	7	5900408	5946829	9	-0.3771
90b493b8-8485-444d-8f35-7f8d2aa0536f	7	5963982	6735057	338	0.0692
90b493b8-8485-444d-8f35-7f8d2aa0536f	7	6736405	7039784	102	0.2751
90b493b8-8485-444d-8f35-7f8d2aa0536f	7	7040923	8156482	1021	0.1171
90b493b8-8485-444d-8f35-7f8d2aa0536f	7	8156547	16239247	6529	0.1647
90b493b8-8485-444d-8f35-7f8d2aa0536f	7	16239665	22395161	5000	0.125
90b493b8-8485-444d-8f35-7f8d2aa0536f	7	22395853	22396868	2	1.2989
90b493b8-8485-444d-8f35-7f8d2aa0536f	7	22399135	38229134	11293	0.1071
90b493b8-8485-444d-8f35-7f8d2aa0536f	7	38229691	38317660	114	0.3169
90b493b8-8485-444d-8f35-7f8d2aa0536f	7	38317707	51931397	9231	0.1021
90b493b8-8485-444d-8f35-7f8d2aa0536f	7	51931419	54318812	1783	0.148
90b493b8-8485-444d-8f35-7f8d2aa0536f	7	54318816	54318824	5	-1.8536
90b493b8-8485-444d-8f35-7f8d2aa0536f	7	54325795	65615375	3220	0.1371
90b493b8-8485-444d-8f35-7f8d2aa0536f	7	65617846	72517939	3971	0.0781
90b493b8-8485-444d-8f35-7f8d2aa0536f	7	72522284	72803584	93	0.2694
90b493b8-8485-444d-8f35-7f8d2aa0536f	7	72804899	76443274	977	0.0672
90b493b8-8485-444d-8f35-7f8d2aa0536f	7	76445663	76789195	87	0.1516
90b493b8-8485-444d-8f35-7f8d2aa0536f	7	76792150	77082598	93	0.265
90b493b8-8485-444d-8f35-7f8d2aa0536f	7	77083484	78413974	887	0.108
90b493b8-8485-444d-8f35-7f8d2aa0536f	7	78414170	87303449	5889	0.1617
90b493b8-8485-444d-8f35-7f8d2aa0536f	7	87311487	87317572	3	-1.1375
90b493b8-8485-444d-8f35-7f8d2aa0536f	7	87318911	90280668	1829	0.1545
90b493b8-8485-444d-8f35-7f8d2aa0536f	7	90282895	91578827	924	0.1119
90b493b8-8485-444d-8f35-7f8d2aa0536f	7	91589569	91589817	3	-1.2319
90b493b8-8485-444d-8f35-7f8d2aa0536f	7	91595717	91892524	206	0.1133
90b493b8-8485-444d-8f35-7f8d2aa0536f	7	91893690	91903414	3	-0.9824
90b493b8-8485-444d-8f35-7f8d2aa0536f	7	91911805	97766148	3641	0.1201
90b493b8-8485-444d-8f35-7f8d2aa0536f	7	97766150	97773163	15	-0.525
90b493b8-8485-444d-8f35-7f8d2aa0536f	7	97774928	103491207	2408	0.0739
90b493b8-8485-444d-8f35-7f8d2aa0536f	7	103491510	105563638	1389	0.1337
90b493b8-8485-444d-8f35-7f8d2aa0536f	7	105563958	108994578	2290	0.097
90b493b8-8485-444d-8f35-7f8d2aa0536f	7	108994808	109797623	526	0.1601
90b493b8-8485-444d-8f35-7f8d2aa0536f	7	109797700	109813853	22	0.5818
90b493b8-8485-444d-8f35-7f8d2aa0536f	7	109813925	126402975	10019	0.1468
90b493b8-8485-444d-8f35-7f8d2aa0536f	7	126403602	126404920	13	0.0791
90b493b8-8485-444d-8f35-7f8d2aa0536f	7	126405428	126406822	13	-0.8256
90b493b8-8485-444d-8f35-7f8d2aa0536f	7	126406823	134100424	4699	0.1069
90b493b8-8485-444d-8f35-7f8d2aa0536f	7	134100442	134110881	25	0.7706
90b493b8-8485-444d-8f35-7f8d2aa0536f	7	134110912	159334314	16100	0.1121
90b493b8-8485-444d-8f35-7f8d2aa0536f	8	81254	2107647	1448	0.0933
90b493b8-8485-444d-8f35-7f8d2aa0536f	8	2107998	2113647	5	0.7991
90b493b8-8485-444d-8f35-7f8d2aa0536f	8	2114455	2230928	149	0.0865
90b493b8-8485-444d-8f35-7f8d2aa0536f	8	2231139	6982775	6038	0.1423
90b493b8-8485-444d-8f35-7f8d2aa0536f	8	7001884	7002140	2	1.8599
90b493b8-8485-444d-8f35-7f8d2aa0536f	8	7018620	7890177	135	0.2024
90b493b8-8485-444d-8f35-7f8d2aa0536f	8	7919608	7974123	5	1.1245
90b493b8-8485-444d-8f35-7f8d2aa0536f	8	7981252	12092042	3234	0.1136
90b493b8-8485-444d-8f35-7f8d2aa0536f	8	12130217	12176798	7	0.9466
90b493b8-8485-444d-8f35-7f8d2aa0536f	8	12177488	12704946	79	0.286
90b493b8-8485-444d-8f35-7f8d2aa0536f	8	12709141	12788880	63	0.0216
90b493b8-8485-444d-8f35-7f8d2aa0536f	8	12791219	12791669	2	-1.3064
90b493b8-8485-444d-8f35-7f8d2aa0536f	8	12794596	18064887	4925	0.1456
90b493b8-8485-444d-8f35-7f8d2aa0536f	8	18065416	25113973	5383	0.0862
90b493b8-8485-444d-8f35-7f8d2aa0536f	8	25114126	25126818	30	0.494
90b493b8-8485-444d-8f35-7f8d2aa0536f	8	25133589	39373140	9015	0.0958
90b493b8-8485-444d-8f35-7f8d2aa0536f	8	39378084	39529446	58	-1.7612
90b493b8-8485-444d-8f35-7f8d2aa0536f	8	39530780	40738905	957	0.1215
90b493b8-8485-444d-8f35-7f8d2aa0536f	8	40753635	43026230	1369	0.0631
90b493b8-8485-444d-8f35-7f8d2aa0536f	8	43028711	53715613	4641	0.1165
90b493b8-8485-444d-8f35-7f8d2aa0536f	8	53716176	74360794	13096	-0.0363
90b493b8-8485-444d-8f35-7f8d2aa0536f	8	74362492	79100361	2771	0.0028
90b493b8-8485-444d-8f35-7f8d2aa0536f	8	79100499	81950519	1683	-0.0419
90b493b8-8485-444d-8f35-7f8d2aa0536f	8	81952763	85341833	1879	0.0093
90b493b8-8485-444d-8f35-7f8d2aa0536f	8	85342110	85536584	117	0.0682
90b493b8-8485-444d-8f35-7f8d2aa0536f	8	85536683	93439157	4550	0.1295
90b493b8-8485-444d-8f35-7f8d2aa0536f	8	93441894	103439813	6289	0.0853
90b493b8-8485-444d-8f35-7f8d2aa0536f	8	103439971	106071589	1493	0.1442
90b493b8-8485-444d-8f35-7f8d2aa0536f	8	106076708	106076751	2	-0.9451
90b493b8-8485-444d-8f35-7f8d2aa0536f	8	106079983	111279265	3167	0.1348
90b493b8-8485-444d-8f35-7f8d2aa0536f	8	111282050	111283031	10	1.0092
90b493b8-8485-444d-8f35-7f8d2aa0536f	8	111288052	116096543	2759	0.1549
90b493b8-8485-444d-8f35-7f8d2aa0536f	8	116096951	142662564	19298	0.0886
90b493b8-8485-444d-8f35-7f8d2aa0536f	8	142668300	142668572	2	-2.5865
90b493b8-8485-444d-8f35-7f8d2aa0536f	8	142670817	145072769	863	0.0893
90b493b8-8485-444d-8f35-7f8d2aa0536f	9	46587	149481	13	-0.1643
90b493b8-8485-444d-8f35-7f8d2aa0536f	9	149727	671330	636	-0.5426
90b493b8-8485-444d-8f35-7f8d2aa0536f	9	671347	676278	11	0.1034
90b493b8-8485-444d-8f35-7f8d2aa0536f	9	676305	2005245	1501	-0.6129
90b493b8-8485-444d-8f35-7f8d2aa0536f	9	2010942	5079156	3081	0.0391
90b493b8-8485-444d-8f35-7f8d2aa0536f	9	5081416	5083003	12	-0.3916
90b493b8-8485-444d-8f35-7f8d2aa0536f	9	5083017	6116963	720	0.0365
90b493b8-8485-444d-8f35-7f8d2aa0536f	9	6121460	6655056	365	0.089
90b493b8-8485-444d-8f35-7f8d2aa0536f	9	6657192	6661406	2	-1.27
90b493b8-8485-444d-8f35-7f8d2aa0536f	9	6661613	14248878	6698	0.0807
90b493b8-8485-444d-8f35-7f8d2aa0536f	9	14248935	21788878	6362	0.0205
90b493b8-8485-444d-8f35-7f8d2aa0536f	9	21797136	22733239	609	-0.5693
90b493b8-8485-444d-8f35-7f8d2aa0536f	9	22740233	28585284	4378	0.0476
90b493b8-8485-444d-8f35-7f8d2aa0536f	9	28586158	32114163	2509	0.0886
90b493b8-8485-444d-8f35-7f8d2aa0536f	9	32114284	38666061	4104	0.0336
90b493b8-8485-444d-8f35-7f8d2aa0536f	9	38666077	39272359	155	0.1076
90b493b8-8485-444d-8f35-7f8d2aa0536f	9	39313823	41569588	111	0.38
90b493b8-8485-444d-8f35-7f8d2aa0536f	9	41569590	78594550	7759	0.1084
90b493b8-8485-444d-8f35-7f8d2aa0536f	9	78595423	86987814	5964	0.1417
90b493b8-8485-444d-8f35-7f8d2aa0536f	9	86988368	91639868	3491	0.1179
90b493b8-8485-444d-8f35-7f8d2aa0536f	9	91639924	91641263	17	-0.4501
90b493b8-8485-444d-8f35-7f8d2aa0536f	9	91641428	98689462	4435	0.1116
90b493b8-8485-444d-8f35-7f8d2aa0536f	9	98692451	98693931	2	-1.2129
90b493b8-8485-444d-8f35-7f8d2aa0536f	9	98698001	101326538	1669	0.1267
90b493b8-8485-444d-8f35-7f8d2aa0536f	9	101327212	104104122	2020	0.1787
90b493b8-8485-444d-8f35-7f8d2aa0536f	9	104105145	127890946	17385	0.1151
90b493b8-8485-444d-8f35-7f8d2aa0536f	9	127893950	133068050	3091	0.0878
90b493b8-8485-444d-8f35-7f8d2aa0536f	9	133074203	133082053	8	-0.9491
90b493b8-8485-444d-8f35-7f8d2aa0536f	9	133090275	138180185	2397	0.0897
90b493b8-8485-444d-8f35-7f8d2aa0536f	9	138180377	138200944	4	0.7087
90b493b8-8485-444d-8f35-7f8d2aa0536f	10	45792	18757161	15555	0.195
90b493b8-8485-444d-8f35-7f8d2aa0536f	10	18762561	19681959	722	0.2562
90b493b8-8485-444d-8f35-7f8d2aa0536f	10	19684167	24086334	2923	0.1988
90b493b8-8485-444d-8f35-7f8d2aa0536f	10	24088745	24089125	11	1.2358
90b493b8-8485-444d-8f35-7f8d2aa0536f	10	24089979	42402200	9951	0.2018
90b493b8-8485-444d-8f35-7f8d2aa0536f	10	42402523	45798061	2286	0.0829
90b493b8-8485-444d-8f35-7f8d2aa0536f	10	45798171	45817039	2	1.0533
90b493b8-8485-444d-8f35-7f8d2aa0536f	10	45936113	46370859	229	0.0848
90b493b8-8485-444d-8f35-7f8d2aa0536f	10	46442116	46560525	45	0.3224
90b493b8-8485-444d-8f35-7f8d2aa0536f	10	46606240	47460004	303	0.1051
90b493b8-8485-444d-8f35-7f8d2aa0536f	10	47559592	47954600	12	0.7544
90b493b8-8485-444d-8f35-7f8d2aa0536f	10	48079548	50070600	1383	0.0852
90b493b8-8485-444d-8f35-7f8d2aa0536f	10	50081224	50144008	5	-1.7825
90b493b8-8485-444d-8f35-7f8d2aa0536f	10	50150838	59575350	6950	0.1584
90b493b8-8485-444d-8f35-7f8d2aa0536f	10	59575425	63908994	2931	0.1196
90b493b8-8485-444d-8f35-7f8d2aa0536f	10	63909309	65546518	1126	0.1709
90b493b8-8485-444d-8f35-7f8d2aa0536f	10	65548165	65554688	28	-1.6107
90b493b8-8485-444d-8f35-7f8d2aa0536f	10	65563037	67688531	1512	0.1624
90b493b8-8485-444d-8f35-7f8d2aa0536f	10	67692899	76306579	5140	0.0782
90b493b8-8485-444d-8f35-7f8d2aa0536f	10	76306784	76493093	131	0.1564
90b493b8-8485-444d-8f35-7f8d2aa0536f	10	76497303	76497852	2	2.4868
90b493b8-8485-444d-8f35-7f8d2aa0536f	10	76501509	77271502	609	0.1219
90b493b8-8485-444d-8f35-7f8d2aa0536f	10	77271677	79484771	1822	0.0746
90b493b8-8485-444d-8f35-7f8d2aa0536f	10	79487437	89183210	6602	0.1256
90b493b8-8485-444d-8f35-7f8d2aa0536f	10	89183339	89188152	8	-2.5792
90b493b8-8485-444d-8f35-7f8d2aa0536f	10	89188211	89190337	4	-0.9153
90b493b8-8485-444d-8f35-7f8d2aa0536f	10	89190649	92308594	2046	0.1072
90b493b8-8485-444d-8f35-7f8d2aa0536f	10	92315067	92645067	136	0.2507
90b493b8-8485-444d-8f35-7f8d2aa0536f	10	92647715	104935266	7379	0.0865
90b493b8-8485-444d-8f35-7f8d2aa0536f	10	104936019	104936107	2	-1.2306
90b493b8-8485-444d-8f35-7f8d2aa0536f	10	104936254	109629775	3487	0.1229
90b493b8-8485-444d-8f35-7f8d2aa0536f	10	109632491	115089975	3806	0.0787
90b493b8-8485-444d-8f35-7f8d2aa0536f	10	115094475	117273337	1485	0.1169
90b493b8-8485-444d-8f35-7f8d2aa0536f	10	117275557	122818080	4310	0.0693
90b493b8-8485-444d-8f35-7f8d2aa0536f	10	122818241	122818365	2	-1.3952
90b493b8-8485-444d-8f35-7f8d2aa0536f	10	122819819	133654968	7738	0.0678
90b493b8-8485-444d-8f35-7f8d2aa0536f	11	198510	4946166	2412	-0.7713
90b493b8-8485-444d-8f35-7f8d2aa0536f	11	4946420	4955027	30	0.123
90b493b8-8485-444d-8f35-7f8d2aa0536f	11	4955042	5761695	776	-0.7605
90b493b8-8485-444d-8f35-7f8d2aa0536f	11	5761729	5787110	37	-0.2504
90b493b8-8485-444d-8f35-7f8d2aa0536f	11	5787146	5862087	79	-0.7506
90b493b8-8485-444d-8f35-7f8d2aa0536f	11	5864481	18919323	9330	0.0854
90b493b8-8485-444d-8f35-7f8d2aa0536f	11	18927525	18939631	35	-0.8285
90b493b8-8485-444d-8f35-7f8d2aa0536f	11	18939734	20821144	1680	0.0797
90b493b8-8485-444d-8f35-7f8d2aa0536f	11	20822345	32244651	7980	0.1283
90b493b8-8485-444d-8f35-7f8d2aa0536f	11	32244862	36637324	3430	0.0816
90b493b8-8485-444d-8f35-7f8d2aa0536f	11	36637822	42861777	4159	0.137
90b493b8-8485-444d-8f35-7f8d2aa0536f	11	42863961	48351028	3257	0.0736
90b493b8-8485-444d-8f35-7f8d2aa0536f	11	48352939	49686823	521	0.1562
90b493b8-8485-444d-8f35-7f8d2aa0536f	11	49689309	49736119	16	-0.5523
90b493b8-8485-444d-8f35-7f8d2aa0536f	11	49736215	55591984	725	0.1412
90b493b8-8485-444d-8f35-7f8d2aa0536f	11	55592042	55686100	67	-0.1043
90b493b8-8485-444d-8f35-7f8d2aa0536f	11	55693207	56774289	727	0.1566
90b493b8-8485-444d-8f35-7f8d2aa0536f	11	56774503	64924109	4423	0.0704
90b493b8-8485-444d-8f35-7f8d2aa0536f	11	64940074	65856429	356	0.1729
90b493b8-8485-444d-8f35-7f8d2aa0536f	11	65856554	78219453	6191	0.0635
90b493b8-8485-444d-8f35-7f8d2aa0536f	11	78222927	80623948	1886	0.1132
90b493b8-8485-444d-8f35-7f8d2aa0536f	11	80624309	82658085	1611	0.161
90b493b8-8485-444d-8f35-7f8d2aa0536f	11	82658565	86594619	2562	0.1145
90b493b8-8485-444d-8f35-7f8d2aa0536f	11	86594771	86595012	5	-0.7937
90b493b8-8485-444d-8f35-7f8d2aa0536f	11	86604132	88999361	1705	0.0964
90b493b8-8485-444d-8f35-7f8d2aa0536f	11	89001816	92382540	2064	0.1492
90b493b8-8485-444d-8f35-7f8d2aa0536f	11	92382757	96731022	3136	0.1048
90b493b8-8485-444d-8f35-7f8d2aa0536f	11	96736300	97530979	619	0.1549
90b493b8-8485-444d-8f35-7f8d2aa0536f	11	97531416	97531447	3	-0.6998
90b493b8-8485-444d-8f35-7f8d2aa0536f	11	97533176	100371619	2105	0.1552
90b493b8-8485-444d-8f35-7f8d2aa0536f	11	100372245	101723653	1162	0.1224
90b493b8-8485-444d-8f35-7f8d2aa0536f	11	101727129	101727233	4	0.9745
90b493b8-8485-444d-8f35-7f8d2aa0536f	11	101727481	107359575	3795	0.1278
90b493b8-8485-444d-8f35-7f8d2aa0536f	11	107359898	107381636	10	0.6295
90b493b8-8485-444d-8f35-7f8d2aa0536f	11	107386439	110452343	1879	0.1245
90b493b8-8485-444d-8f35-7f8d2aa0536f	11	110452582	113418576	2043	0.1033
90b493b8-8485-444d-8f35-7f8d2aa0536f	11	113419977	113421609	2	1.1266
90b493b8-8485-444d-8f35-7f8d2aa0536f	11	113421840	115996954	1844	0.102
90b493b8-8485-444d-8f35-7f8d2aa0536f	11	115997232	120365624	3055	0.0641
90b493b8-8485-444d-8f35-7f8d2aa0536f	11	120368253	132526670	9188	0.0951
90b493b8-8485-444d-8f35-7f8d2aa0536f	11	132526850	134260295	1286	0.1229
90b493b8-8485-444d-8f35-7f8d2aa0536f	11	134262730	135074876	636	0.6198
90b493b8-8485-444d-8f35-7f8d2aa0536f	12	51460	232838	105	0.5672
90b493b8-8485-444d-8f35-7f8d2aa0536f	12	233990	1747113	898	0.6523
90b493b8-8485-444d-8f35-7f8d2aa0536f	12	1752621	7821407	4360	0.5851
90b493b8-8485-444d-8f35-7f8d2aa0536f	12	7842191	7971304	59	1.1056
90b493b8-8485-444d-8f35-7f8d2aa0536f	12	7978362	8389494	176	0.6055
90b493b8-8485-444d-8f35-7f8d2aa0536f	12	8401807	8442298	21	0.2084
90b493b8-8485-444d-8f35-7f8d2aa0536f	12	8442935	9481274	557	0.5933
90b493b8-8485-444d-8f35-7f8d2aa0536f	12	9485313	9575696	23	1.5247
90b493b8-8485-444d-8f35-7f8d2aa0536f	12	9582373	11066824	1037	0.611
90b493b8-8485-444d-8f35-7f8d2aa0536f	12	11068125	11088933	10	1.4365
90b493b8-8485-444d-8f35-7f8d2aa0536f	12	11099275	15004701	2905	0.6
90b493b8-8485-444d-8f35-7f8d2aa0536f	12	15005186	25043243	6611	0.6303
90b493b8-8485-444d-8f35-7f8d2aa0536f	12	25043532	33148472	6022	0.6023
90b493b8-8485-444d-8f35-7f8d2aa0536f	12	33148492	33155999	34	0.3263
90b493b8-8485-444d-8f35-7f8d2aa0536f	12	33156051	33227031	35	0.6786
90b493b8-8485-444d-8f35-7f8d2aa0536f	12	33232895	33242483	7	-0.3941
90b493b8-8485-444d-8f35-7f8d2aa0536f	12	33246118	33434222	152	0.6901
90b493b8-8485-444d-8f35-7f8d2aa0536f	12	33434319	41093683	2564	0.114
90b493b8-8485-444d-8f35-7f8d2aa0536f	12	41094146	42704218	1111	0.0432
90b493b8-8485-444d-8f35-7f8d2aa0536f	12	42704939	42872829	131	0.1105
90b493b8-8485-444d-8f35-7f8d2aa0536f	12	42879952	45090879	1333	-0.1082
90b493b8-8485-444d-8f35-7f8d2aa0536f	12	45091202	45510655	249	-0.169
90b493b8-8485-444d-8f35-7f8d2aa0536f	12	45512057	45515754	3	-1.9988
90b493b8-8485-444d-8f35-7f8d2aa0536f	12	45519509	50819650	2852	-0.1634
90b493b8-8485-444d-8f35-7f8d2aa0536f	12	50824331	50824540	2	-1.9244
90b493b8-8485-444d-8f35-7f8d2aa0536f	12	50825918	54229866	2132	-0.1654
90b493b8-8485-444d-8f35-7f8d2aa0536f	12	54230590	55409338	714	-0.1024
90b493b8-8485-444d-8f35-7f8d2aa0536f	12	55409884	58323631	1487	-0.1573
90b493b8-8485-444d-8f35-7f8d2aa0536f	12	58323655	62506927	2692	-0.0709
90b493b8-8485-444d-8f35-7f8d2aa0536f	12	62515617	71201343	5829	-0.1287
90b493b8-8485-444d-8f35-7f8d2aa0536f	12	71201990	73459842	1364	-0.0916
90b493b8-8485-444d-8f35-7f8d2aa0536f	12	73459996	75672387	1319	-0.0399
90b493b8-8485-444d-8f35-7f8d2aa0536f	12	75675182	84263417	5522	-0.0902
90b493b8-8485-444d-8f35-7f8d2aa0536f	12	84263665	86993058	1510	-0.0077
90b493b8-8485-444d-8f35-7f8d2aa0536f	12	86993215	89920395	1716	-0.0908
90b493b8-8485-444d-8f35-7f8d2aa0536f	12	89923513	98188011	5799	0.0726
90b493b8-8485-444d-8f35-7f8d2aa0536f	12	98192170	99866092	1071	0.1338
90b493b8-8485-444d-8f35-7f8d2aa0536f	12	99868151	104300975	2831	0.0623
90b493b8-8485-444d-8f35-7f8d2aa0536f	12	104303324	104303536	2	-1.7686
90b493b8-8485-444d-8f35-7f8d2aa0536f	12	104304425	105611260	968	0.0496
90b493b8-8485-444d-8f35-7f8d2aa0536f	12	105613522	106281458	599	0.1238
90b493b8-8485-444d-8f35-7f8d2aa0536f	12	106283493	126400219	12886	0.0488
90b493b8-8485-444d-8f35-7f8d2aa0536f	12	126400649	126759828	288	0.169
90b493b8-8485-444d-8f35-7f8d2aa0536f	12	126760393	127749375	885	0.0692
90b493b8-8485-444d-8f35-7f8d2aa0536f	12	127753842	128356552	564	0.161
90b493b8-8485-444d-8f35-7f8d2aa0536f	12	128356812	129815208	1354	0.0472
90b493b8-8485-444d-8f35-7f8d2aa0536f	12	129819736	129820102	2	1.4568
90b493b8-8485-444d-8f35-7f8d2aa0536f	12	129820194	131636170	1483	0.0665
90b493b8-8485-444d-8f35-7f8d2aa0536f	12	131648039	131648790	13	0.5838
90b493b8-8485-444d-8f35-7f8d2aa0536f	12	131657925	132211434	226	0.061
90b493b8-8485-444d-8f35-7f8d2aa0536f	12	132252585	132841216	160	-0.08
90b493b8-8485-444d-8f35-7f8d2aa0536f	12	132846997	133201603	173	0.0587
90b493b8-8485-444d-8f35-7f8d2aa0536f	13	18452809	18561151	10	-0.1287
90b493b8-8485-444d-8f35-7f8d2aa0536f	13	18561563	18911471	112	-0.4748
90b493b8-8485-444d-8f35-7f8d2aa0536f	13	18912909	19427387	346	-0.7836
90b493b8-8485-444d-8f35-7f8d2aa0536f	13	19430533	19807733	185	-0.5843
90b493b8-8485-444d-8f35-7f8d2aa0536f	13	19813881	19891840	39	-0.3004
90b493b8-8485-444d-8f35-7f8d2aa0536f	13	19892575	20104592	97	-0.6613
90b493b8-8485-444d-8f35-7f8d2aa0536f	13	20107017	23055038	2064	-0.7562
90b493b8-8485-444d-8f35-7f8d2aa0536f	13	23055048	23064056	15	0.0085
90b493b8-8485-444d-8f35-7f8d2aa0536f	13	23064071	31207275	6193	-0.7675
90b493b8-8485-444d-8f35-7f8d2aa0536f	13	31209354	37496233	4397	-0.7249
90b493b8-8485-444d-8f35-7f8d2aa0536f	13	37496998	37514250	20	-0.1665
90b493b8-8485-444d-8f35-7f8d2aa0536f	13	37514472	48305799	7425	-0.7353
90b493b8-8485-444d-8f35-7f8d2aa0536f	13	48305821	48324917	31	-0.3323
90b493b8-8485-444d-8f35-7f8d2aa0536f	13	48325095	48474313	179	-0.5907
90b493b8-8485-444d-8f35-7f8d2aa0536f	13	48474576	53614766	2906	-0.7165
90b493b8-8485-444d-8f35-7f8d2aa0536f	13	53614800	57176962	1962	-0.6438
90b493b8-8485-444d-8f35-7f8d2aa0536f	13	57184136	57204234	33	-1.8917
90b493b8-8485-444d-8f35-7f8d2aa0536f	13	57204246	59073946	1071	-0.6383
90b493b8-8485-444d-8f35-7f8d2aa0536f	13	59074221	61591998	1610	-0.7119
90b493b8-8485-444d-8f35-7f8d2aa0536f	13	61592479	71831430	6256	-0.6525
90b493b8-8485-444d-8f35-7f8d2aa0536f	13	71832042	71902286	47	-0.7079
90b493b8-8485-444d-8f35-7f8d2aa0536f	13	71902850	71906418	5	-2.1876
90b493b8-8485-444d-8f35-7f8d2aa0536f	13	71906467	80363543	5950	-0.7168
90b493b8-8485-444d-8f35-7f8d2aa0536f	13	80365348	84998351	2882	-0.6504
90b493b8-8485-444d-8f35-7f8d2aa0536f	13	85004846	93666650	5374	0.2251
90b493b8-8485-444d-8f35-7f8d2aa0536f	13	93668760	98335200	3078	0.1676
90b493b8-8485-444d-8f35-7f8d2aa0536f	13	98335691	99841164	1053	0.0173
90b493b8-8485-444d-8f35-7f8d2aa0536f	13	99844012	101206820	884	0.1648
90b493b8-8485-444d-8f35-7f8d2aa0536f	13	101210074	108428203	5931	0.2093
90b493b8-8485-444d-8f35-7f8d2aa0536f	13	108428627	108428689	3	-0.7649
90b493b8-8485-444d-8f35-7f8d2aa0536f	13	108433821	109226751	673	0.215
90b493b8-8485-444d-8f35-7f8d2aa0536f	13	109226874	113169776	2760	0.1638
90b493b8-8485-444d-8f35-7f8d2aa0536f	13	113171287	114342922	495	0.0179
90b493b8-8485-444d-8f35-7f8d2aa0536f	14	18239283	18693043	25	0.3398
90b493b8-8485-444d-8f35-7f8d2aa0536f	14	18950560	19955213	142	-0.3402
90b493b8-8485-444d-8f35-7f8d2aa0536f	14	19956767	21752248	1189	0.0965
90b493b8-8485-444d-8f35-7f8d2aa0536f	14	21752794	21911829	131	0.1788
90b493b8-8485-444d-8f35-7f8d2aa0536f	14	21912366	22530591	560	0.2722
90b493b8-8485-444d-8f35-7f8d2aa0536f	14	22530607	25551426	1898	0.0972
90b493b8-8485-444d-8f35-7f8d2aa0536f	14	25551483	29800020	2568	0.1691
90b493b8-8485-444d-8f35-7f8d2aa0536f	14	29800386	40139724	6529	0.1177
90b493b8-8485-444d-8f35-7f8d2aa0536f	14	40144718	40147715	2	1.6557
90b493b8-8485-444d-8f35-7f8d2aa0536f	14	40148961	41139155	721	0.1708
90b493b8-8485-444d-8f35-7f8d2aa0536f	14	41141293	41188146	15	-0.4899
90b493b8-8485-444d-8f35-7f8d2aa0536f	14	41200899	49018981	4608	0.1491
90b493b8-8485-444d-8f35-7f8d2aa0536f	14	49025325	63514806	9559	0.1015
90b493b8-8485-444d-8f35-7f8d2aa0536f	14	63515200	78573528	9587	0.0746
90b493b8-8485-444d-8f35-7f8d2aa0536f	14	78573916	79841850	903	0.1089
90b493b8-8485-444d-8f35-7f8d2aa0536f	14	79843362	88094954	5464	0.1411
90b493b8-8485-444d-8f35-7f8d2aa0536f	14	88101573	106321086	11231	0.0775
90b493b8-8485-444d-8f35-7f8d2aa0536f	14	106340102	106346129	7	-1.357
90b493b8-8485-444d-8f35-7f8d2aa0536f	14	106360014	106877229	274	0.1545
90b493b8-8485-444d-8f35-7f8d2aa0536f	15	19811075	20026653	47	0.2116
90b493b8-8485-444d-8f35-7f8d2aa0536f	15	20041119	20410596	79	-0.1857
90b493b8-8485-444d-8f35-7f8d2aa0536f	15	20411473	21266991	45	0.1581
90b493b8-8485-444d-8f35-7f8d2aa0536f	15	21268107	22385639	36	-0.467
90b493b8-8485-444d-8f35-7f8d2aa0536f	15	22395047	29056356	3926	0.1116
90b493b8-8485-444d-8f35-7f8d2aa0536f	15	29057869	30728708	765	0.1787
90b493b8-8485-444d-8f35-7f8d2aa0536f	15	30729963	34455921	2551	0.0853
90b493b8-8485-444d-8f35-7f8d2aa0536f	15	34458524	34639635	98	0.2437
90b493b8-8485-444d-8f35-7f8d2aa0536f	15	34640188	62756002	18305	0.0922
90b493b8-8485-444d-8f35-7f8d2aa0536f	15	62756228	75904333	7687	0.063
90b493b8-8485-444d-8f35-7f8d2aa0536f	15	75904462	76175037	150	-0.5255
90b493b8-8485-444d-8f35-7f8d2aa0536f	15	76176865	76197184	20	-0.839
90b493b8-8485-444d-8f35-7f8d2aa0536f	15	76197614	76599170	215	-0.4797
90b493b8-8485-444d-8f35-7f8d2aa0536f	15	76599286	76603433	19	-1.6221
90b493b8-8485-444d-8f35-7f8d2aa0536f	15	76603434	76909921	137	-0.4226
90b493b8-8485-444d-8f35-7f8d2aa0536f	15	76914936	93086315	10771	0.0838
90b493b8-8485-444d-8f35-7f8d2aa0536f	15	93090725	97746395	3619	0.1135
90b493b8-8485-444d-8f35-7f8d2aa0536f	15	97747064	101928837	3090	0.0638
90b493b8-8485-444d-8f35-7f8d2aa0536f	16	10777	15022400	11166	0.0691
90b493b8-8485-444d-8f35-7f8d2aa0536f	16	15031584	18793737	1642	0.133
90b493b8-8485-444d-8f35-7f8d2aa0536f	16	18797068	19928444	655	0.0578
90b493b8-8485-444d-8f35-7f8d2aa0536f	16	19929941	19959543	38	0.3851
90b493b8-8485-444d-8f35-7f8d2aa0536f	16	19959926	21336878	880	0.0634
90b493b8-8485-444d-8f35-7f8d2aa0536f	16	21338882	22753262	514	0.1918
90b493b8-8485-444d-8f35-7f8d2aa0536f	16	22753709	23179929	321	0.0898
90b493b8-8485-444d-8f35-7f8d2aa0536f	16	23184325	28593847	3682	0.046
90b493b8-8485-444d-8f35-7f8d2aa0536f	16	28593997	30322825	414	0.1307
90b493b8-8485-444d-8f35-7f8d2aa0536f	16	30323515	31694078	523	0.0482
90b493b8-8485-444d-8f35-7f8d2aa0536f	16	31698634	46603868	688	0.131
90b493b8-8485-444d-8f35-7f8d2aa0536f	16	46604997	47751622	489	0.0462
90b493b8-8485-444d-8f35-7f8d2aa0536f	16	47753307	49893820	1428	0.0134
90b493b8-8485-444d-8f35-7f8d2aa0536f	16	49894532	55761136	4495	0.0641
90b493b8-8485-444d-8f35-7f8d2aa0536f	16	55762477	55782734	18	-2.1863
90b493b8-8485-444d-8f35-7f8d2aa0536f	16	55782793	55808442	5	-0.6149
90b493b8-8485-444d-8f35-7f8d2aa0536f	16	55808470	55824881	12	0.8386
90b493b8-8485-444d-8f35-7f8d2aa0536f	16	55834527	59291422	2134	0.0393
90b493b8-8485-444d-8f35-7f8d2aa0536f	16	59291771	65470165	4131	0.0994
90b493b8-8485-444d-8f35-7f8d2aa0536f	16	65470485	75811894	5579	0.0461
90b493b8-8485-444d-8f35-7f8d2aa0536f	16	75811970	77121923	1126	0.115
90b493b8-8485-444d-8f35-7f8d2aa0536f	16	77122378	83871087	7573	0.0522
90b493b8-8485-444d-8f35-7f8d2aa0536f	16	83875436	83892741	15	-0.8884
90b493b8-8485-444d-8f35-7f8d2aa0536f	16	83892775	84910730	884	0.1148
90b493b8-8485-444d-8f35-7f8d2aa0536f	16	84913508	89115810	2976	0.0262
90b493b8-8485-444d-8f35-7f8d2aa0536f	16	89115887	90096867	487	0.0899
90b493b8-8485-444d-8f35-7f8d2aa0536f	17	150733	970932	451	0.1687
90b493b8-8485-444d-8f35-7f8d2aa0536f	17	974686	8339592	4086	0.0647
90b493b8-8485-444d-8f35-7f8d2aa0536f	17	8344229	8344415	2	-1.4938
90b493b8-8485-444d-8f35-7f8d2aa0536f	17	8346140	14079767	4262	0.0595
90b493b8-8485-444d-8f35-7f8d2aa0536f	17	14082946	15560364	1189	0.1223
90b493b8-8485-444d-8f35-7f8d2aa0536f	17	15561042	15581557	8	-0.6782
90b493b8-8485-444d-8f35-7f8d2aa0536f	17	15586786	16750987	477	0.0865
90b493b8-8485-444d-8f35-7f8d2aa0536f	17	16754017	16786555	4	0.9219
90b493b8-8485-444d-8f35-7f8d2aa0536f	17	16798212	16834846	7	-0.1525
90b493b8-8485-444d-8f35-7f8d2aa0536f	17	16838201	16838214	2	1.3929
90b493b8-8485-444d-8f35-7f8d2aa0536f	17	16838470	18375438	883	0.0411
90b493b8-8485-444d-8f35-7f8d2aa0536f	17	18375453	18509244	39	0.2681
90b493b8-8485-444d-8f35-7f8d2aa0536f	17	18523147	18561272	9	-0.8956
90b493b8-8485-444d-8f35-7f8d2aa0536f	17	18561907	21201314	1083	0.0864
90b493b8-8485-444d-8f35-7f8d2aa0536f	17	21205838	21207119	3	-0.8979
90b493b8-8485-444d-8f35-7f8d2aa0536f	17	21209592	21425367	82	0.0562
90b493b8-8485-444d-8f35-7f8d2aa0536f	17	21427304	27113356	385	0.1614
90b493b8-8485-444d-8f35-7f8d2aa0536f	17	27117829	41266774	7847	0.0702
90b493b8-8485-444d-8f35-7f8d2aa0536f	17	41266805	41274279	22	-0.8537
90b493b8-8485-444d-8f35-7f8d2aa0536f	17	41276472	45492860	2147	0.0576
90b493b8-8485-444d-8f35-7f8d2aa0536f	17	45497045	45598106	17	0.6394
90b493b8-8485-444d-8f35-7f8d2aa0536f	17	45610956	46085732	334	0.1041
90b493b8-8485-444d-8f35-7f8d2aa0536f	17	46088437	46120280	23	0.6557
90b493b8-8485-444d-8f35-7f8d2aa0536f	17	46120732	46286804	101	0.3857
90b493b8-8485-444d-8f35-7f8d2aa0536f	17	46323701	52456020	3281	0.049
90b493b8-8485-444d-8f35-7f8d2aa0536f	17	52457926	56575049	2925	0.1138
90b493b8-8485-444d-8f35-7f8d2aa0536f	17	56587065	57610128	805	0.0583
90b493b8-8485-444d-8f35-7f8d2aa0536f	17	57610972	57611632	2	-1.649
90b493b8-8485-444d-8f35-7f8d2aa0536f	17	57614632	69035741	6181	0.0765
90b493b8-8485-444d-8f35-7f8d2aa0536f	17	69042759	72163514	2329	0.129
90b493b8-8485-444d-8f35-7f8d2aa0536f	17	72163642	82702812	5865	0.0724
90b493b8-8485-444d-8f35-7f8d2aa0536f	17	82713475	83091923	192	-0.5319
90b493b8-8485-444d-8f35-7f8d2aa0536f	18	48133	330690	154	-0.0504
90b493b8-8485-444d-8f35-7f8d2aa0536f	18	331827	14079532	9874	-0.145
90b493b8-8485-444d-8f35-7f8d2aa0536f	18	14080785	21297402	512	-0.0768
90b493b8-8485-444d-8f35-7f8d2aa0536f	18	21297490	26835363	3398	-0.183
90b493b8-8485-444d-8f35-7f8d2aa0536f	18	26836092	34991002	5109	-0.1253
90b493b8-8485-444d-8f35-7f8d2aa0536f	18	34992696	37868614	1915	-0.1875
90b493b8-8485-444d-8f35-7f8d2aa0536f	18	37871092	44359423	4198	-0.1366
90b493b8-8485-444d-8f35-7f8d2aa0536f	18	44365206	45520502	845	-0.1977
90b493b8-8485-444d-8f35-7f8d2aa0536f	18	45520621	45818953	251	-0.2273
90b493b8-8485-444d-8f35-7f8d2aa0536f	18	45829717	46483635	336	-0.4314
90b493b8-8485-444d-8f35-7f8d2aa0536f	18	46483727	49361074	1998	-0.2015
90b493b8-8485-444d-8f35-7f8d2aa0536f	18	49364084	49574670	100	-0.3624
90b493b8-8485-444d-8f35-7f8d2aa0536f	18	49576903	49603581	30	-0.1487
90b493b8-8485-444d-8f35-7f8d2aa0536f	18	49603652	49840108	165	-0.3703
90b493b8-8485-444d-8f35-7f8d2aa0536f	18	49840270	50950835	887	-0.4191
90b493b8-8485-444d-8f35-7f8d2aa0536f	18	50960026	52028689	802	-0.3499
90b493b8-8485-444d-8f35-7f8d2aa0536f	18	52032516	52358282	238	-0.1554
90b493b8-8485-444d-8f35-7f8d2aa0536f	18	52358465	55225712	1872	-0.3572
90b493b8-8485-444d-8f35-7f8d2aa0536f	18	55226233	61146788	4142	-0.1851
90b493b8-8485-444d-8f35-7f8d2aa0536f	18	61148613	64532628	2432	-0.3768
90b493b8-8485-444d-8f35-7f8d2aa0536f	18	64532959	66054343	1041	-0.3214
90b493b8-8485-444d-8f35-7f8d2aa0536f	18	66060256	66065842	23	0.066
90b493b8-8485-444d-8f35-7f8d2aa0536f	18	66065858	67908706	1272	-0.289
90b493b8-8485-444d-8f35-7f8d2aa0536f	18	67909082	70378753	1898	-0.1358
90b493b8-8485-444d-8f35-7f8d2aa0536f	18	70378812	72161306	1242	0.0148
90b493b8-8485-444d-8f35-7f8d2aa0536f	18	72164158	73132766	772	-0.1183
90b493b8-8485-444d-8f35-7f8d2aa0536f	18	73133097	76443807	2701	0
90b493b8-8485-444d-8f35-7f8d2aa0536f	18	76448360	78886564	1813	-0.1924
90b493b8-8485-444d-8f35-7f8d2aa0536f	18	78886571	79848203	504	0.0979
90b493b8-8485-444d-8f35-7f8d2aa0536f	18	79848941	80257174	215	-0.4828
90b493b8-8485-444d-8f35-7f8d2aa0536f	19	90910	19672823	8483	0.0472
90b493b8-8485-444d-8f35-7f8d2aa0536f	19	19676473	21052243	794	0.2004
90b493b8-8485-444d-8f35-7f8d2aa0536f	19	21055801	21632117	335	0.0613
90b493b8-8485-444d-8f35-7f8d2aa0536f	19	21632838	21637067	2	1.6455
90b493b8-8485-444d-8f35-7f8d2aa0536f	19	21637309	24088958	1432	0.1088
90b493b8-8485-444d-8f35-7f8d2aa0536f	19	24092726	27829127	242	0.1734
90b493b8-8485-444d-8f35-7f8d2aa0536f	19	27830523	35364451	5425	0.0645
90b493b8-8485-444d-8f35-7f8d2aa0536f	19	35364547	35387478	31	0.3718
90b493b8-8485-444d-8f35-7f8d2aa0536f	19	35389988	41294708	3024	0.0569
90b493b8-8485-444d-8f35-7f8d2aa0536f	19	41295851	50532598	4313	-0.7454
90b493b8-8485-444d-8f35-7f8d2aa0536f	19	50532978	51768049	790	-0.2328
90b493b8-8485-444d-8f35-7f8d2aa0536f	19	51768056	51799873	25	-0.0144
90b493b8-8485-444d-8f35-7f8d2aa0536f	19	51806859	52699649	579	-0.1738
90b493b8-8485-444d-8f35-7f8d2aa0536f	19	52702132	52951214	182	-0.0393
90b493b8-8485-444d-8f35-7f8d2aa0536f	19	52951349	53684998	550	-0.1768
90b493b8-8485-444d-8f35-7f8d2aa0536f	19	53685201	53875419	120	0.0019
90b493b8-8485-444d-8f35-7f8d2aa0536f	19	53877979	55766684	932	-0.1999
90b493b8-8485-444d-8f35-7f8d2aa0536f	19	55770704	55774927	6	0.8327
90b493b8-8485-444d-8f35-7f8d2aa0536f	19	55777575	58586487	1838	-0.1858
90b493b8-8485-444d-8f35-7f8d2aa0536f	20	80664	1590679	1219	0.081
90b493b8-8485-444d-8f35-7f8d2aa0536f	20	1590717	1613247	25	-0.5045
90b493b8-8485-444d-8f35-7f8d2aa0536f	20	1617300	3795528	1545	0.0549
90b493b8-8485-444d-8f35-7f8d2aa0536f	20	3797508	6942889	2401	0.0869
90b493b8-8485-444d-8f35-7f8d2aa0536f	20	6945020	8795913	1452	0.1417
90b493b8-8485-444d-8f35-7f8d2aa0536f	20	8798467	31325049	13477	0.0901
90b493b8-8485-444d-8f35-7f8d2aa0536f	20	31329762	64324800	22269	0.0589
90b493b8-8485-444d-8f35-7f8d2aa0536f	21	10354168	13081432	99	-0.1608
90b493b8-8485-444d-8f35-7f8d2aa0536f	21	13084095	13583316	169	0.146
90b493b8-8485-444d-8f35-7f8d2aa0536f	21	13612103	13677975	4	1.3046
90b493b8-8485-444d-8f35-7f8d2aa0536f	21	13803967	18387576	3061	0.1191
90b493b8-8485-444d-8f35-7f8d2aa0536f	21	18387778	24169867	4472	0.1593
90b493b8-8485-444d-8f35-7f8d2aa0536f	21	24171646	30900866	4962	0.1108
90b493b8-8485-444d-8f35-7f8d2aa0536f	21	30901006	46254796	10814	0.0683
90b493b8-8485-444d-8f35-7f8d2aa0536f	21	46256565	46677045	285	0.1825
90b493b8-8485-444d-8f35-7f8d2aa0536f	22	15294547	19360405	1405	0.099
90b493b8-8485-444d-8f35-7f8d2aa0536f	22	19360635	19360676	2	-1.2701
90b493b8-8485-444d-8f35-7f8d2aa0536f	22	19361403	22379789	2031	0.1348
90b493b8-8485-444d-8f35-7f8d2aa0536f	22	22385945	22398127	20	0.4224
90b493b8-8485-444d-8f35-7f8d2aa0536f	22	22398345	22398545	4	1.1771
90b493b8-8485-444d-8f35-7f8d2aa0536f	22	22402989	22423546	7	0.4228
90b493b8-8485-444d-8f35-7f8d2aa0536f	22	22423583	22845074	213	0.2023
90b493b8-8485-444d-8f35-7f8d2aa0536f	22	22845466	24685371	1069	0.0896
90b493b8-8485-444d-8f35-7f8d2aa0536f	22	24686148	24686567	3	-1.946
90b493b8-8485-444d-8f35-7f8d2aa0536f	22	24691707	25219951	421	0.0543
90b493b8-8485-444d-8f35-7f8d2aa0536f	22	25220246	25620770	391	0.1717
90b493b8-8485-444d-8f35-7f8d2aa0536f	22	25621172	32104071	4631	0.0533
90b493b8-8485-444d-8f35-7f8d2aa0536f	22	32104276	32104287	2	-1.2234
90b493b8-8485-444d-8f35-7f8d2aa0536f	22	32107688	32145136	21	0.2043
90b493b8-8485-444d-8f35-7f8d2aa0536f	22	32156850	32158998	2	-1.23
90b493b8-8485-444d-8f35-7f8d2aa0536f	22	32162560	49252575	12182	0.0641
90b493b8-8485-444d-8f35-7f8d2aa0536f	22	49252625	50796027	871	0.1075
90b493b8-8485-444d-8f35-7f8d2aa0536f	X	251810	155952689	83583	0.0002
90b493b8-8485-444d-8f35-7f8d2aa0536f	Y	2782397	9282038	2204	-0.9261
90b493b8-8485-444d-8f35-7f8d2aa0536f	Y	9292629	9305538	9	-2.7209
90b493b8-8485-444d-8f35-7f8d2aa0536f	Y	9306133	21961640	4128	-0.9261
90b493b8-8485-444d-8f35-7f8d2aa0536f	Y	22159306	22196203	4	-0.0733
90b493b8-8485-444d-8f35-7f8d2aa0536f	Y	22197200	56872112	295	-0.9646
