GDC_Aliquot	Chromosome	Start	End	Num_Probes	Segment_Mean
d832db7b-24a0-4d25-8412-844bd5256a81	1	62920	2130530	362	-0.4535
d832db7b-24a0-4d25-8412-844bd5256a81	1	2138242	2142665	3	-2.3321
d832db7b-24a0-4d25-8412-844bd5256a81	1	2143629	3335443	395	-0.5337
d832db7b-24a0-4d25-8412-844bd5256a81	1	3335540	3369064	20	-1.0894
d832db7b-24a0-4d25-8412-844bd5256a81	1	3369689	16525019	7813	-0.4931
d832db7b-24a0-4d25-8412-844bd5256a81	1	16542868	16583114	5	0.2774
d832db7b-24a0-4d25-8412-844bd5256a81	1	16604834	16689764	32	-0.299
d832db7b-24a0-4d25-8412-844bd5256a81	1	16718963	16721701	4	0.314
d832db7b-24a0-4d25-8412-844bd5256a81	1	16721910	16877002	20	-0.3042
d832db7b-24a0-4d25-8412-844bd5256a81	1	16883108	16949746	52	-0.0139
d832db7b-24a0-4d25-8412-844bd5256a81	1	16951445	25256850	5232	-0.4742
d832db7b-24a0-4d25-8412-844bd5256a81	1	25266637	25320455	24	-1.0619
d832db7b-24a0-4d25-8412-844bd5256a81	1	25336819	34626073	4930	-0.4697
d832db7b-24a0-4d25-8412-844bd5256a81	1	34637053	34638890	20	-1.6736
d832db7b-24a0-4d25-8412-844bd5256a81	1	34648667	46435874	6457	-0.47
d832db7b-24a0-4d25-8412-844bd5256a81	1	46436727	46439395	3	-2.3711
d832db7b-24a0-4d25-8412-844bd5256a81	1	46440130	57024303	6442	-0.4899
d832db7b-24a0-4d25-8412-844bd5256a81	1	57024401	57024660	2	-2.5185
d832db7b-24a0-4d25-8412-844bd5256a81	1	57026353	65818053	6545	-0.5088
d832db7b-24a0-4d25-8412-844bd5256a81	1	65818353	65818578	2	-2.9938
d832db7b-24a0-4d25-8412-844bd5256a81	1	65818975	71980481	3995	-0.5001
d832db7b-24a0-4d25-8412-844bd5256a81	1	71983116	71983620	2	-2.3315
d832db7b-24a0-4d25-8412-844bd5256a81	1	71984255	72302815	207	-0.4909
d832db7b-24a0-4d25-8412-844bd5256a81	1	72303233	72346221	47	-1.2611
d832db7b-24a0-4d25-8412-844bd5256a81	1	72346757	90090349	11530	-0.5116
d832db7b-24a0-4d25-8412-844bd5256a81	1	90090592	90093659	3	-3.1965
d832db7b-24a0-4d25-8412-844bd5256a81	1	90094154	98223887	5031	-0.5085
d832db7b-24a0-4d25-8412-844bd5256a81	1	98223959	98224658	2	-3.084
d832db7b-24a0-4d25-8412-844bd5256a81	1	98227662	102279928	2681	-0.5142
d832db7b-24a0-4d25-8412-844bd5256a81	1	102283588	102336237	38	-0.1373
d832db7b-24a0-4d25-8412-844bd5256a81	1	102337083	103616762	658	-0.4947
d832db7b-24a0-4d25-8412-844bd5256a81	1	103620877	103697364	4	1.0809
d832db7b-24a0-4d25-8412-844bd5256a81	1	103717410	108202312	2874	-0.4957
d832db7b-24a0-4d25-8412-844bd5256a81	1	108202381	108203129	4	-1.4163
d832db7b-24a0-4d25-8412-844bd5256a81	1	108203740	109690352	680	-0.4706
d832db7b-24a0-4d25-8412-844bd5256a81	1	109690415	109692006	9	-1.4753
d832db7b-24a0-4d25-8412-844bd5256a81	1	109696900	112147704	1942	-0.486
d832db7b-24a0-4d25-8412-844bd5256a81	1	112153343	112163440	28	0.1992
d832db7b-24a0-4d25-8412-844bd5256a81	1	112163460	152583051	7572	-0.4852
d832db7b-24a0-4d25-8412-844bd5256a81	1	152583230	152614118	35	-1.9808
d832db7b-24a0-4d25-8412-844bd5256a81	1	152618018	152684126	77	-0.4547
d832db7b-24a0-4d25-8412-844bd5256a81	1	152687598	152688270	3	-1.1306
d832db7b-24a0-4d25-8412-844bd5256a81	1	152688904	152787202	86	-0.4587
d832db7b-24a0-4d25-8412-844bd5256a81	1	152789447	152795783	32	0.1561
d832db7b-24a0-4d25-8412-844bd5256a81	1	152795805	196745743	29321	-0.4958
d832db7b-24a0-4d25-8412-844bd5256a81	1	196758720	196832720	58	-0.011
d832db7b-24a0-4d25-8412-844bd5256a81	1	196843377	207891839	7047	-0.4983
d832db7b-24a0-4d25-8412-844bd5256a81	1	207892265	207894306	2	-2.5878
d832db7b-24a0-4d25-8412-844bd5256a81	1	207895234	217815430	7184	-0.523
d832db7b-24a0-4d25-8412-844bd5256a81	1	217815609	217815629	2	-2.6227
d832db7b-24a0-4d25-8412-844bd5256a81	1	217815642	219458520	1145	-0.5132
d832db7b-24a0-4d25-8412-844bd5256a81	1	219460527	219461038	2	-3.442
d832db7b-24a0-4d25-8412-844bd5256a81	1	219461445	248525314	20074	-0.515
d832db7b-24a0-4d25-8412-844bd5256a81	1	248546369	248631988	34	0.1219
d832db7b-24a0-4d25-8412-844bd5256a81	1	248633821	248930189	142	-0.447
d832db7b-24a0-4d25-8412-844bd5256a81	2	12784	40105711	28102	0.0604
d832db7b-24a0-4d25-8412-844bd5256a81	2	40108270	40109500	4	-1.0641
d832db7b-24a0-4d25-8412-844bd5256a81	2	40110927	52514599	8953	0.0638
d832db7b-24a0-4d25-8412-844bd5256a81	2	52516787	52554236	35	-0.4982
d832db7b-24a0-4d25-8412-844bd5256a81	2	52554259	88848201	22591	0.0581
d832db7b-24a0-4d25-8412-844bd5256a81	2	88848342	91961945	333	0.1878
d832db7b-24a0-4d25-8412-844bd5256a81	2	91963585	97181150	865	0.092
d832db7b-24a0-4d25-8412-844bd5256a81	2	97184260	97210536	14	0.5932
d832db7b-24a0-4d25-8412-844bd5256a81	2	97211069	97359885	16	0.0304
d832db7b-24a0-4d25-8412-844bd5256a81	2	97524284	97545247	8	-0.8251
d832db7b-24a0-4d25-8412-844bd5256a81	2	97545726	111689367	8279	0.0528
d832db7b-24a0-4d25-8412-844bd5256a81	2	111689789	111695715	4	-0.9539
d832db7b-24a0-4d25-8412-844bd5256a81	2	111695901	116963986	3083	0.0729
d832db7b-24a0-4d25-8412-844bd5256a81	2	116964122	116964371	3	-1.2024
d832db7b-24a0-4d25-8412-844bd5256a81	2	116964387	117166589	123	0.0967
d832db7b-24a0-4d25-8412-844bd5256a81	2	117167971	117276562	65	0.4937
d832db7b-24a0-4d25-8412-844bd5256a81	2	117289389	146106875	17811	0.0546
d832db7b-24a0-4d25-8412-844bd5256a81	2	146106889	146109366	21	-2.0334
d832db7b-24a0-4d25-8412-844bd5256a81	2	146120238	242147305	58979	0.0518
d832db7b-24a0-4d25-8412-844bd5256a81	3	20930	75372019	52577	0.0624
d832db7b-24a0-4d25-8412-844bd5256a81	3	75377956	75499583	54	-0.7397
d832db7b-24a0-4d25-8412-844bd5256a81	3	75500567	109248351	17077	0.0503
d832db7b-24a0-4d25-8412-844bd5256a81	3	109252135	109253995	2	-1.6415
d832db7b-24a0-4d25-8412-844bd5256a81	3	109254618	114596294	3193	0.0561
d832db7b-24a0-4d25-8412-844bd5256a81	3	114596399	114598927	2	-2.0755
d832db7b-24a0-4d25-8412-844bd5256a81	3	114599263	130062033	9427	0.0527
d832db7b-24a0-4d25-8412-844bd5256a81	3	130067097	130087393	33	-0.5592
d832db7b-24a0-4d25-8412-844bd5256a81	3	130088081	162803835	20255	0.055
d832db7b-24a0-4d25-8412-844bd5256a81	3	162807070	162908815	61	-0.4155
d832db7b-24a0-4d25-8412-844bd5256a81	3	162910826	186645310	14363	0.0591
d832db7b-24a0-4d25-8412-844bd5256a81	3	186646257	186648161	2	-2.3474
d832db7b-24a0-4d25-8412-844bd5256a81	3	186648427	193160113	4784	0.0624
d832db7b-24a0-4d25-8412-844bd5256a81	3	193160173	193165114	19	1.1616
d832db7b-24a0-4d25-8412-844bd5256a81	3	193168646	193856142	464	0.0805
d832db7b-24a0-4d25-8412-844bd5256a81	3	193861172	193862597	3	-0.9126
d832db7b-24a0-4d25-8412-844bd5256a81	3	193863470	195691392	1020	0.0947
d832db7b-24a0-4d25-8412-844bd5256a81	3	195695418	195792827	53	0.5017
d832db7b-24a0-4d25-8412-844bd5256a81	3	195795450	198169247	1149	0.117
d832db7b-24a0-4d25-8412-844bd5256a81	4	68929	8720526	5084	0.0604
d832db7b-24a0-4d25-8412-844bd5256a81	4	8722817	9455251	59	0.2783
d832db7b-24a0-4d25-8412-844bd5256a81	4	9459504	9477699	6	1.1041
d832db7b-24a0-4d25-8412-844bd5256a81	4	9484440	9516340	8	-0.2337
d832db7b-24a0-4d25-8412-844bd5256a81	4	9516451	10198190	506	0.1097
d832db7b-24a0-4d25-8412-844bd5256a81	4	10198320	10208766	26	-0.0835
d832db7b-24a0-4d25-8412-844bd5256a81	4	10212536	10233644	36	-0.9131
d832db7b-24a0-4d25-8412-844bd5256a81	4	10234518	34789130	16963	0.0444
d832db7b-24a0-4d25-8412-844bd5256a81	4	34793850	34823103	29	-0.4386
d832db7b-24a0-4d25-8412-844bd5256a81	4	34828250	48334354	8638	0.0571
d832db7b-24a0-4d25-8412-844bd5256a81	4	48334676	48336327	4	-1.8316
d832db7b-24a0-4d25-8412-844bd5256a81	4	48336565	48634578	131	0.0858
d832db7b-24a0-4d25-8412-844bd5256a81	4	48635560	49159741	183	0.2118
d832db7b-24a0-4d25-8412-844bd5256a81	4	49203901	49289338	5	-0.4562
d832db7b-24a0-4d25-8412-844bd5256a81	4	49295203	57382082	3716	0.0486
d832db7b-24a0-4d25-8412-844bd5256a81	4	57383692	57392188	7	-1.0543
d832db7b-24a0-4d25-8412-844bd5256a81	4	57397085	62802116	3286	0.0472
d832db7b-24a0-4d25-8412-844bd5256a81	4	62804218	62805869	7	-0.6507
d832db7b-24a0-4d25-8412-844bd5256a81	4	62805944	63265520	243	0.0812
d832db7b-24a0-4d25-8412-844bd5256a81	4	63275560	63289120	8	-0.5748
d832db7b-24a0-4d25-8412-844bd5256a81	4	63292771	64549067	697	0.0406
d832db7b-24a0-4d25-8412-844bd5256a81	4	64552377	64570958	15	0.4379
d832db7b-24a0-4d25-8412-844bd5256a81	4	64571619	64954011	280	0.0187
d832db7b-24a0-4d25-8412-844bd5256a81	4	64954249	64971339	33	0.3908
d832db7b-24a0-4d25-8412-844bd5256a81	4	64971367	68394833	2160	0.0479
d832db7b-24a0-4d25-8412-844bd5256a81	4	68395346	68450733	9	-0.6139
d832db7b-24a0-4d25-8412-844bd5256a81	4	68455239	68766917	107	0.4894
d832db7b-24a0-4d25-8412-844bd5256a81	4	68768819	160952848	55567	0.0494
d832db7b-24a0-4d25-8412-844bd5256a81	4	160958866	160963448	20	-0.688
d832db7b-24a0-4d25-8412-844bd5256a81	4	160963756	162077602	754	0.0544
d832db7b-24a0-4d25-8412-844bd5256a81	4	162077657	162078191	2	-1.5666
d832db7b-24a0-4d25-8412-844bd5256a81	4	162078213	163704608	1018	0.0229
d832db7b-24a0-4d25-8412-844bd5256a81	4	163706188	163710279	4	-0.96
d832db7b-24a0-4d25-8412-844bd5256a81	4	163714382	167869996	2558	0.0363
d832db7b-24a0-4d25-8412-844bd5256a81	4	167870858	167907838	54	0.2551
d832db7b-24a0-4d25-8412-844bd5256a81	4	167907955	167916991	12	-0.362
d832db7b-24a0-4d25-8412-844bd5256a81	4	167917271	168066311	104	0.2005
d832db7b-24a0-4d25-8412-844bd5256a81	4	168066324	171448195	2149	0.0357
d832db7b-24a0-4d25-8412-844bd5256a81	4	171453733	171456559	10	-1.2431
d832db7b-24a0-4d25-8412-844bd5256a81	4	171456573	172066777	398	0.0355
d832db7b-24a0-4d25-8412-844bd5256a81	4	172067997	172068382	12	-1.6991
d832db7b-24a0-4d25-8412-844bd5256a81	4	172074828	190106768	12060	0.066
d832db7b-24a0-4d25-8412-844bd5256a81	5	15532	685633	305	0.1008
d832db7b-24a0-4d25-8412-844bd5256a81	5	698256	779766	28	0.5052
d832db7b-24a0-4d25-8412-844bd5256a81	5	800724	12815668	9839	0.0505
d832db7b-24a0-4d25-8412-844bd5256a81	5	12815753	12838421	13	0.8935
d832db7b-24a0-4d25-8412-844bd5256a81	5	12849089	12998813	54	0.1628
d832db7b-24a0-4d25-8412-844bd5256a81	5	13005102	13104852	23	-0.3633
d832db7b-24a0-4d25-8412-844bd5256a81	5	13106136	15632894	1827	0.0617
d832db7b-24a0-4d25-8412-844bd5256a81	5	15632910	15634978	3	-0.9758
d832db7b-24a0-4d25-8412-844bd5256a81	5	15638237	15696953	47	0.1162
d832db7b-24a0-4d25-8412-844bd5256a81	5	15700432	15931428	148	0.2139
d832db7b-24a0-4d25-8412-844bd5256a81	5	15931673	21392674	3358	0.0531
d832db7b-24a0-4d25-8412-844bd5256a81	5	21393015	21581370	77	0.2659
d832db7b-24a0-4d25-8412-844bd5256a81	5	21583145	24553336	1713	0.0286
d832db7b-24a0-4d25-8412-844bd5256a81	5	24560084	24577342	17	0.4137
d832db7b-24a0-4d25-8412-844bd5256a81	5	24577550	24781503	136	0.057
d832db7b-24a0-4d25-8412-844bd5256a81	5	24781518	24781601	4	0.6148
d832db7b-24a0-4d25-8412-844bd5256a81	5	24781639	25077162	184	0.034
d832db7b-24a0-4d25-8412-844bd5256a81	5	25085528	25279871	113	0.2446
d832db7b-24a0-4d25-8412-844bd5256a81	5	25283273	27524345	1325	0.0419
d832db7b-24a0-4d25-8412-844bd5256a81	5	27525283	27525407	2	-2.3357
d832db7b-24a0-4d25-8412-844bd5256a81	5	27525800	28626311	616	0.0368
d832db7b-24a0-4d25-8412-844bd5256a81	5	28627236	28719987	71	0.269
d832db7b-24a0-4d25-8412-844bd5256a81	5	28720113	29077540	220	0.0632
d832db7b-24a0-4d25-8412-844bd5256a81	5	29077675	29095849	19	-0.3238
d832db7b-24a0-4d25-8412-844bd5256a81	5	29097046	29907604	493	0.0297
d832db7b-24a0-4d25-8412-844bd5256a81	5	29907751	29914239	7	0.6594
d832db7b-24a0-4d25-8412-844bd5256a81	5	29914385	34294630	2991	0.0419
d832db7b-24a0-4d25-8412-844bd5256a81	5	34298547	34572693	156	0.2062
d832db7b-24a0-4d25-8412-844bd5256a81	5	34575272	46196012	6823	0.0616
d832db7b-24a0-4d25-8412-844bd5256a81	5	46199332	46199333	2	-1.4358
d832db7b-24a0-4d25-8412-844bd5256a81	5	46209197	46271006	15	0.1585
d832db7b-24a0-4d25-8412-844bd5256a81	5	46271828	46273400	6	1.4205
d832db7b-24a0-4d25-8412-844bd5256a81	5	46278110	58025819	5067	0.0645
d832db7b-24a0-4d25-8412-844bd5256a81	5	58030200	58037706	32	-0.7158
d832db7b-24a0-4d25-8412-844bd5256a81	5	58042530	69550476	7284	0.057
d832db7b-24a0-4d25-8412-844bd5256a81	5	69571467	69937617	7	-0.7898
d832db7b-24a0-4d25-8412-844bd5256a81	5	70017846	97575366	15508	0.0506
d832db7b-24a0-4d25-8412-844bd5256a81	5	97575825	97580979	2	-2.3383
d832db7b-24a0-4d25-8412-844bd5256a81	5	97582130	104515520	3993	0.0719
d832db7b-24a0-4d25-8412-844bd5256a81	5	104524672	104524903	4	1.4157
d832db7b-24a0-4d25-8412-844bd5256a81	5	104525348	105124459	463	0.0574
d832db7b-24a0-4d25-8412-844bd5256a81	5	105124830	105168236	28	0.3836
d832db7b-24a0-4d25-8412-844bd5256a81	5	105171909	113619634	5601	0.0584
d832db7b-24a0-4d25-8412-844bd5256a81	5	113620903	113644620	13	-0.8168
d832db7b-24a0-4d25-8412-844bd5256a81	5	113644924	138400014	15971	0.0526
d832db7b-24a0-4d25-8412-844bd5256a81	5	138400922	138404948	6	1.0422
d832db7b-24a0-4d25-8412-844bd5256a81	5	138410188	171908979	22350	0.0527
d832db7b-24a0-4d25-8412-844bd5256a81	5	171909543	172150696	150	0.1895
d832db7b-24a0-4d25-8412-844bd5256a81	5	172151318	173778279	1192	0.0689
d832db7b-24a0-4d25-8412-844bd5256a81	5	173778497	173778869	3	-1.2991
d832db7b-24a0-4d25-8412-844bd5256a81	5	173779213	180947484	4189	0.0753
d832db7b-24a0-4d25-8412-844bd5256a81	5	180947523	181006264	22	-0.4002
d832db7b-24a0-4d25-8412-844bd5256a81	5	181015400	181363319	168	0.0963
d832db7b-24a0-4d25-8412-844bd5256a81	6	149661	254283	101	0.1115
d832db7b-24a0-4d25-8412-844bd5256a81	6	257353	303121	26	0.6379
d832db7b-24a0-4d25-8412-844bd5256a81	6	314962	365720	66	0.3205
d832db7b-24a0-4d25-8412-844bd5256a81	6	366333	23742789	17989	0.0608
d832db7b-24a0-4d25-8412-844bd5256a81	6	23744444	23745202	2	-3.0177
d832db7b-24a0-4d25-8412-844bd5256a81	6	23747504	29111504	3041	0.0647
d832db7b-24a0-4d25-8412-844bd5256a81	6	29116310	29130592	3	-1.1346
d832db7b-24a0-4d25-8412-844bd5256a81	6	29138691	29869295	394	0.035
d832db7b-24a0-4d25-8412-844bd5256a81	6	29869410	29907031	24	0.7618
d832db7b-24a0-4d25-8412-844bd5256a81	6	29909182	78253172	28066	0.0629
d832db7b-24a0-4d25-8412-844bd5256a81	6	78259348	78322875	109	-0.4537
d832db7b-24a0-4d25-8412-844bd5256a81	6	78325223	79595980	779	0.0428
d832db7b-24a0-4d25-8412-844bd5256a81	6	79597699	79598204	2	-1.4384
d832db7b-24a0-4d25-8412-844bd5256a81	6	79599303	93953142	9226	0.0411
d832db7b-24a0-4d25-8412-844bd5256a81	6	93953663	94970302	669	0.1343
d832db7b-24a0-4d25-8412-844bd5256a81	6	95386776	103286770	4776	0.0422
d832db7b-24a0-4d25-8412-844bd5256a81	6	103286928	103326915	58	0.6664
d832db7b-24a0-4d25-8412-844bd5256a81	6	103327551	118362439	9204	0.0463
d832db7b-24a0-4d25-8412-844bd5256a81	6	118363114	118711946	211	0.2001
d832db7b-24a0-4d25-8412-844bd5256a81	6	118716509	140647155	14042	0.0465
d832db7b-24a0-4d25-8412-844bd5256a81	6	140659673	140844303	90	0.2172
d832db7b-24a0-4d25-8412-844bd5256a81	6	140845117	157358463	11153	0.0463
d832db7b-24a0-4d25-8412-844bd5256a81	6	157360232	157375044	3	-1.416
d832db7b-24a0-4d25-8412-844bd5256a81	6	157375962	170741917	9374	0.0535
d832db7b-24a0-4d25-8412-844bd5256a81	7	43355	3562779	1615	0.4622
d832db7b-24a0-4d25-8412-844bd5256a81	7	3567008	3575168	32	-0.1274
d832db7b-24a0-4d25-8412-844bd5256a81	7	3578378	29628975	19765	0.4494
d832db7b-24a0-4d25-8412-844bd5256a81	7	29631102	29646732	7	-0.9431
d832db7b-24a0-4d25-8412-844bd5256a81	7	29648549	38271122	5931	0.4549
d832db7b-24a0-4d25-8412-844bd5256a81	7	38271497	38362895	119	0.7455
d832db7b-24a0-4d25-8412-844bd5256a81	7	38364786	51768737	9063	0.4441
d832db7b-24a0-4d25-8412-844bd5256a81	7	51768988	51769985	2	-0.866
d832db7b-24a0-4d25-8412-844bd5256a81	7	51771469	53383781	1262	0.4234
d832db7b-24a0-4d25-8412-844bd5256a81	7	53387910	53527922	83	0.6149
d832db7b-24a0-4d25-8412-844bd5256a81	7	53533905	54318812	573	0.418
d832db7b-24a0-4d25-8412-844bd5256a81	7	54318816	54318824	5	-1.9799
d832db7b-24a0-4d25-8412-844bd5256a81	7	54325795	56886702	1610	0.4417
d832db7b-24a0-4d25-8412-844bd5256a81	7	56898978	57086717	13	-0.0973
d832db7b-24a0-4d25-8412-844bd5256a81	7	57088013	62663696	491	0.4906
d832db7b-24a0-4d25-8412-844bd5256a81	7	62695960	62701896	17	-0.2597
d832db7b-24a0-4d25-8412-844bd5256a81	7	62720732	97756658	19669	0.4412
d832db7b-24a0-4d25-8412-844bd5256a81	7	97766148	97773163	16	-0.6713
d832db7b-24a0-4d25-8412-844bd5256a81	7	97774928	105517609	3777	0.4555
d832db7b-24a0-4d25-8412-844bd5256a81	7	105519977	105530703	6	-0.5633
d832db7b-24a0-4d25-8412-844bd5256a81	7	105531462	105946044	312	0.4619
d832db7b-24a0-4d25-8412-844bd5256a81	7	105946407	105946772	5	-0.4404
d832db7b-24a0-4d25-8412-844bd5256a81	7	105946995	111191112	3444	0.4383
d832db7b-24a0-4d25-8412-844bd5256a81	7	111191532	111696527	316	0.5754
d832db7b-24a0-4d25-8412-844bd5256a81	7	111696693	112502412	558	0.4147
d832db7b-24a0-4d25-8412-844bd5256a81	7	112502923	112638970	75	0.6359
d832db7b-24a0-4d25-8412-844bd5256a81	7	112639606	115967905	1789	0.4265
d832db7b-24a0-4d25-8412-844bd5256a81	7	115968301	115969794	2	-1.1019
d832db7b-24a0-4d25-8412-844bd5256a81	7	115969973	125877630	6001	0.4298
d832db7b-24a0-4d25-8412-844bd5256a81	7	125879763	125953368	60	0.6584
d832db7b-24a0-4d25-8412-844bd5256a81	7	125959150	126404920	308	0.413
d832db7b-24a0-4d25-8412-844bd5256a81	7	126405428	126406827	18	-1.0271
d832db7b-24a0-4d25-8412-844bd5256a81	7	126412712	134100424	4690	0.4535
d832db7b-24a0-4d25-8412-844bd5256a81	7	134100442	134113805	33	-0.2014
d832db7b-24a0-4d25-8412-844bd5256a81	7	134114093	142563940	5570	0.4458
d832db7b-24a0-4d25-8412-844bd5256a81	7	142581256	142807615	112	0.6732
d832db7b-24a0-4d25-8412-844bd5256a81	7	142809818	159334314	10402	0.4544
d832db7b-24a0-4d25-8412-844bd5256a81	8	81254	7336299	7717	0.0589
d832db7b-24a0-4d25-8412-844bd5256a81	8	7357089	7380497	19	1.0327
d832db7b-24a0-4d25-8412-844bd5256a81	8	7396819	7598502	17	-0.0708
d832db7b-24a0-4d25-8412-844bd5256a81	8	7775900	7890177	9	1.1621
d832db7b-24a0-4d25-8412-844bd5256a81	8	7919608	8120649	16	-0.0239
d832db7b-24a0-4d25-8412-844bd5256a81	8	8132772	8214781	6	1.0685
d832db7b-24a0-4d25-8412-844bd5256a81	8	8234503	8528287	287	0.0712
d832db7b-24a0-4d25-8412-844bd5256a81	8	8528640	8528932	4	-2.6708
d832db7b-24a0-4d25-8412-844bd5256a81	8	8530797	10262806	1523	0.069
d832db7b-24a0-4d25-8412-844bd5256a81	8	10271029	10273949	8	-0.753
d832db7b-24a0-4d25-8412-844bd5256a81	8	10274100	12024350	1388	0.0782
d832db7b-24a0-4d25-8412-844bd5256a81	8	12024888	12620185	66	0.3878
d832db7b-24a0-4d25-8412-844bd5256a81	8	12620682	25114672	10384	0.0587
d832db7b-24a0-4d25-8412-844bd5256a81	8	25116928	25133879	33	0.4918
d832db7b-24a0-4d25-8412-844bd5256a81	8	25133893	36209855	7290	0.0591
d832db7b-24a0-4d25-8412-844bd5256a81	8	36211336	36215384	3	1.1398
d832db7b-24a0-4d25-8412-844bd5256a81	8	36219541	38456959	1221	0.0611
d832db7b-24a0-4d25-8412-844bd5256a81	8	38456975	38474800	46	0.2644
d832db7b-24a0-4d25-8412-844bd5256a81	8	38475755	39373140	436	0.0546
d832db7b-24a0-4d25-8412-844bd5256a81	8	39378084	39529446	59	-2.0141
d832db7b-24a0-4d25-8412-844bd5256a81	8	39530780	40914477	1072	0.0384
d832db7b-24a0-4d25-8412-844bd5256a81	8	40920333	40920952	2	1.4082
d832db7b-24a0-4d25-8412-844bd5256a81	8	40926161	43085341	1268	0.0543
d832db7b-24a0-4d25-8412-844bd5256a81	8	43096841	46581638	405	0.1658
d832db7b-24a0-4d25-8412-844bd5256a81	8	46581901	111279265	39202	0.0442
d832db7b-24a0-4d25-8412-844bd5256a81	8	111282050	111283031	10	0.986
d832db7b-24a0-4d25-8412-844bd5256a81	8	111288052	114622999	1828	0.0302
d832db7b-24a0-4d25-8412-844bd5256a81	8	114623053	114660731	33	0.3674
d832db7b-24a0-4d25-8412-844bd5256a81	8	114661835	116416879	1075	0.0419
d832db7b-24a0-4d25-8412-844bd5256a81	8	116417519	116418140	3	-1.5654
d832db7b-24a0-4d25-8412-844bd5256a81	8	116418338	139465790	17118	0.0497
d832db7b-24a0-4d25-8412-844bd5256a81	8	139466343	139466727	2	-2.3265
d832db7b-24a0-4d25-8412-844bd5256a81	8	139467032	145072769	2819	0.0912
d832db7b-24a0-4d25-8412-844bd5256a81	9	46587	11083426	10538	0.0627
d832db7b-24a0-4d25-8412-844bd5256a81	9	11083458	12527414	1121	0.123
d832db7b-24a0-4d25-8412-844bd5256a81	9	12531493	15324546	2297	0.0403
d832db7b-24a0-4d25-8412-844bd5256a81	9	15326138	15348122	22	-0.3717
d832db7b-24a0-4d25-8412-844bd5256a81	9	15348903	39140350	17123	0.0652
d832db7b-24a0-4d25-8412-844bd5256a81	9	39146302	39342828	11	-0.7129
d832db7b-24a0-4d25-8412-844bd5256a81	9	39455364	42574420	169	0.2042
d832db7b-24a0-4d25-8412-844bd5256a81	9	42585140	42720266	12	-0.7622
d832db7b-24a0-4d25-8412-844bd5256a81	9	42726239	120452960	38067	0.041
d832db7b-24a0-4d25-8412-844bd5256a81	9	120455432	138200944	10014	0.0731
d832db7b-24a0-4d25-8412-844bd5256a81	10	45792	133654968	90532	0.0627
d832db7b-24a0-4d25-8412-844bd5256a81	11	198510	4949013	2417	0.0791
d832db7b-24a0-4d25-8412-844bd5256a81	11	4949047	4955042	28	0.9015
d832db7b-24a0-4d25-8412-844bd5256a81	11	4955781	18929959	10218	0.0675
d832db7b-24a0-4d25-8412-844bd5256a81	11	18930146	18949201	36	-0.3654
d832db7b-24a0-4d25-8412-844bd5256a81	11	18949628	33028323	10168	0.0499
d832db7b-24a0-4d25-8412-844bd5256a81	11	33029004	37778774	3678	0.0872
d832db7b-24a0-4d25-8412-844bd5256a81	11	37779482	44006986	4153	0.048
d832db7b-24a0-4d25-8412-844bd5256a81	11	44006997	48908330	2653	0.0942
d832db7b-24a0-4d25-8412-844bd5256a81	11	48908369	49990649	492	0.0497
d832db7b-24a0-4d25-8412-844bd5256a81	11	49992133	55608804	593	0.157
d832db7b-24a0-4d25-8412-844bd5256a81	11	55609022	55685533	51	0.6603
d832db7b-24a0-4d25-8412-844bd5256a81	11	55686100	95451191	23676	0.0696
d832db7b-24a0-4d25-8412-844bd5256a81	11	95452865	95453749	4	-1.2479
d832db7b-24a0-4d25-8412-844bd5256a81	11	95455006	127066539	22367	0.0575
d832db7b-24a0-4d25-8412-844bd5256a81	11	127066627	127066661	2	-3.2692
d832db7b-24a0-4d25-8412-844bd5256a81	11	127068441	135074876	6157	0.0581
d832db7b-24a0-4d25-8412-844bd5256a81	12	51460	9481274	6167	0.0834
d832db7b-24a0-4d25-8412-844bd5256a81	12	9485313	9562969	22	-1.3868
d832db7b-24a0-4d25-8412-844bd5256a81	12	9575696	10186889	463	0.0854
d832db7b-24a0-4d25-8412-844bd5256a81	12	10189757	10190494	3	-1.0092
d832db7b-24a0-4d25-8412-844bd5256a81	12	10190722	11351157	713	0.098
d832db7b-24a0-4d25-8412-844bd5256a81	12	11358643	11390472	31	0.4323
d832db7b-24a0-4d25-8412-844bd5256a81	12	11399258	12377139	820	0.0675
d832db7b-24a0-4d25-8412-844bd5256a81	12	12377763	12388935	18	-0.6508
d832db7b-24a0-4d25-8412-844bd5256a81	12	12389946	30080125	12220	0.0607
d832db7b-24a0-4d25-8412-844bd5256a81	12	30080397	30090642	25	-0.4287
d832db7b-24a0-4d25-8412-844bd5256a81	12	30090657	31215951	914	0.0551
d832db7b-24a0-4d25-8412-844bd5256a81	12	31220407	31223274	6	-0.591
d832db7b-24a0-4d25-8412-844bd5256a81	12	31224061	31249756	34	0.0665
d832db7b-24a0-4d25-8412-844bd5256a81	12	31253875	31253973	3	-1.1043
d832db7b-24a0-4d25-8412-844bd5256a81	12	31254189	33148706	1303	0.0564
d832db7b-24a0-4d25-8412-844bd5256a81	12	33148873	33151649	15	-0.6085
d832db7b-24a0-4d25-8412-844bd5256a81	12	33153820	33227031	49	0.1229
d832db7b-24a0-4d25-8412-844bd5256a81	12	33232895	33242207	6	-0.4296
d832db7b-24a0-4d25-8412-844bd5256a81	12	33242483	33373507	93	0.0759
d832db7b-24a0-4d25-8412-844bd5256a81	12	33375905	33565876	121	0.1839
d832db7b-24a0-4d25-8412-844bd5256a81	12	33569867	33583873	23	-0.2218
d832db7b-24a0-4d25-8412-844bd5256a81	12	33584084	38628718	902	0.1678
d832db7b-24a0-4d25-8412-844bd5256a81	12	38628758	45510655	4385	0.0463
d832db7b-24a0-4d25-8412-844bd5256a81	12	45512057	45515754	3	-2.2321
d832db7b-24a0-4d25-8412-844bd5256a81	12	45519509	57327672	6621	0.0802
d832db7b-24a0-4d25-8412-844bd5256a81	12	57336106	99398036	27013	0.0525
d832db7b-24a0-4d25-8412-844bd5256a81	12	99401515	99409315	32	0.3787
d832db7b-24a0-4d25-8412-844bd5256a81	12	99409340	128304830	19208	0.0691
d832db7b-24a0-4d25-8412-844bd5256a81	12	128308072	128334968	43	0.3233
d832db7b-24a0-4d25-8412-844bd5256a81	12	128335300	128338046	7	-0.789
d832db7b-24a0-4d25-8412-844bd5256a81	12	128338599	129516041	1069	0.0638
d832db7b-24a0-4d25-8412-844bd5256a81	12	129518945	129519049	2	-2.2831
d832db7b-24a0-4d25-8412-844bd5256a81	12	129519225	133201603	2354	0.072
d832db7b-24a0-4d25-8412-844bd5256a81	13	18452809	37496998	13461	0.0578
d832db7b-24a0-4d25-8412-844bd5256a81	13	37497899	37510620	16	0.7117
d832db7b-24a0-4d25-8412-844bd5256a81	13	37514193	50364255	8684	0.0604
d832db7b-24a0-4d25-8412-844bd5256a81	13	50364315	50387684	14	-0.4615
d832db7b-24a0-4d25-8412-844bd5256a81	13	50388322	57176962	3814	0.0579
d832db7b-24a0-4d25-8412-844bd5256a81	13	57184136	57204246	34	-0.6812
d832db7b-24a0-4d25-8412-844bd5256a81	13	57215580	71902850	8984	0.0551
d832db7b-24a0-4d25-8412-844bd5256a81	13	71903417	71906418	4	1.2039
d832db7b-24a0-4d25-8412-844bd5256a81	13	71906467	114342922	29058	0.0449
d832db7b-24a0-4d25-8412-844bd5256a81	14	18239283	19185165	38	0.0641
d832db7b-24a0-4d25-8412-844bd5256a81	14	19185951	20428698	461	-0.4787
d832db7b-24a0-4d25-8412-844bd5256a81	14	20430188	20430283	2	-2.5501
d832db7b-24a0-4d25-8412-844bd5256a81	14	20430758	21899370	959	-0.4861
d832db7b-24a0-4d25-8412-844bd5256a81	14	21900671	22509792	567	-0.279
d832db7b-24a0-4d25-8412-844bd5256a81	14	22514241	99196164	49588	-0.5039
d832db7b-24a0-4d25-8412-844bd5256a81	14	99197510	99200063	4	-4.4329
d832db7b-24a0-4d25-8412-844bd5256a81	14	99201350	105935612	3101	-0.5048
d832db7b-24a0-4d25-8412-844bd5256a81	14	105935639	106340102	139	-0.251
d832db7b-24a0-4d25-8412-844bd5256a81	14	106340305	106364815	9	0.7921
d832db7b-24a0-4d25-8412-844bd5256a81	14	106365807	106462724	77	-0.1655
d832db7b-24a0-4d25-8412-844bd5256a81	14	106475361	106877229	193	-0.4666
d832db7b-24a0-4d25-8412-844bd5256a81	15	19811075	20263311	66	0.1701
d832db7b-24a0-4d25-8412-844bd5256a81	15	20267598	20373168	22	0.6863
d832db7b-24a0-4d25-8412-844bd5256a81	15	20376198	20376202	5	-1.1159
d832db7b-24a0-4d25-8412-844bd5256a81	15	20376309	21975606	83	0.2929
d832db7b-24a0-4d25-8412-844bd5256a81	15	21997003	22385639	31	0.8405
d832db7b-24a0-4d25-8412-844bd5256a81	15	22395047	101928837	51256	0.0828
d832db7b-24a0-4d25-8412-844bd5256a81	16	10777	19933041	13439	0.0896
d832db7b-24a0-4d25-8412-844bd5256a81	16	19934328	19959168	31	-0.6945
d832db7b-24a0-4d25-8412-844bd5256a81	16	19959496	20467276	382	0.0594
d832db7b-24a0-4d25-8412-844bd5256a81	16	20467290	46576275	6623	0.0971
d832db7b-24a0-4d25-8412-844bd5256a81	16	46581419	55762682	6411	0.0557
d832db7b-24a0-4d25-8412-844bd5256a81	16	55764310	55764867	3	3.1836
d832db7b-24a0-4d25-8412-844bd5256a81	16	55770436	78337711	14278	0.055
d832db7b-24a0-4d25-8412-844bd5256a81	16	78338543	78350868	16	-2.4152
d832db7b-24a0-4d25-8412-844bd5256a81	16	78351104	90096867	10594	0.0654
d832db7b-24a0-4d25-8412-844bd5256a81	17	150733	564717	208	0.0782
d832db7b-24a0-4d25-8412-844bd5256a81	17	564851	950392	229	0.2281
d832db7b-24a0-4d25-8412-844bd5256a81	17	953977	13252796	7662	0.095
d832db7b-24a0-4d25-8412-844bd5256a81	17	13252926	13253662	3	-1.2382
d832db7b-24a0-4d25-8412-844bd5256a81	17	13254223	28452035	5548	0.0904
d832db7b-24a0-4d25-8412-844bd5256a81	17	28454323	28455301	2	-1.3885
d832db7b-24a0-4d25-8412-844bd5256a81	17	28462253	41266762	7126	0.0933
d832db7b-24a0-4d25-8412-844bd5256a81	17	41266774	41274198	22	-0.723
d832db7b-24a0-4d25-8412-844bd5256a81	17	41274279	46135838	2532	0.1129
d832db7b-24a0-4d25-8412-844bd5256a81	17	46136346	46717868	110	0.3312
d832db7b-24a0-4d25-8412-844bd5256a81	17	46717906	51402945	2428	0.0999
d832db7b-24a0-4d25-8412-844bd5256a81	17	51403889	51404749	3	-0.9994
d832db7b-24a0-4d25-8412-844bd5256a81	17	51406089	55522370	2859	0.0742
d832db7b-24a0-4d25-8412-844bd5256a81	17	55522946	55523807	2	-1.3116
d832db7b-24a0-4d25-8412-844bd5256a81	17	55524318	72776704	10689	0.0803
d832db7b-24a0-4d25-8412-844bd5256a81	17	72776752	72781873	2	-3.0722
d832db7b-24a0-4d25-8412-844bd5256a81	17	72783626	83091923	5520	0.1016
d832db7b-24a0-4d25-8412-844bd5256a81	18	48133	4334465	3106	0.0682
d832db7b-24a0-4d25-8412-844bd5256a81	18	4334839	4336616	4	-0.9202
d832db7b-24a0-4d25-8412-844bd5256a81	18	4336748	5926217	1065	0.0707
d832db7b-24a0-4d25-8412-844bd5256a81	18	5927243	5930481	3	-1.2049
d832db7b-24a0-4d25-8412-844bd5256a81	18	5930507	28613572	10871	0.0638
d832db7b-24a0-4d25-8412-844bd5256a81	18	28615803	28616166	4	-1.3142
d832db7b-24a0-4d25-8412-844bd5256a81	18	28616668	34576882	3699	0.0441
d832db7b-24a0-4d25-8412-844bd5256a81	18	34577664	34582900	4	-0.9901
d832db7b-24a0-4d25-8412-844bd5256a81	18	34585221	36704106	1463	0.0628
d832db7b-24a0-4d25-8412-844bd5256a81	18	36704484	36704679	2	-1.2302
d832db7b-24a0-4d25-8412-844bd5256a81	18	36705017	40678640	2533	0.0486
d832db7b-24a0-4d25-8412-844bd5256a81	18	40678652	40688060	23	0.4867
d832db7b-24a0-4d25-8412-844bd5256a81	18	40689534	64419296	16366	0.0584
d832db7b-24a0-4d25-8412-844bd5256a81	18	64421566	64421679	2	-1.3745
d832db7b-24a0-4d25-8412-844bd5256a81	18	64423736	66239629	1256	0.0635
d832db7b-24a0-4d25-8412-844bd5256a81	18	66240197	66244124	9	-0.697
d832db7b-24a0-4d25-8412-844bd5256a81	18	66244352	71582579	3833	0.0626
d832db7b-24a0-4d25-8412-844bd5256a81	18	71582799	73006490	1125	0.1307
d832db7b-24a0-4d25-8412-844bd5256a81	18	73006773	80257174	5296	0.0628
d832db7b-24a0-4d25-8412-844bd5256a81	19	90910	40846734	19465	0.0957
d832db7b-24a0-4d25-8412-844bd5256a81	19	40846752	40886250	23	0.7262
d832db7b-24a0-4d25-8412-844bd5256a81	19	40886749	51641893	5243	0.0985
d832db7b-24a0-4d25-8412-844bd5256a81	19	51643539	51644944	5	-1.1907
d832db7b-24a0-4d25-8412-844bd5256a81	19	51651652	53013829	938	0.1121
d832db7b-24a0-4d25-8412-844bd5256a81	19	53015494	53048976	22	0.6416
d832db7b-24a0-4d25-8412-844bd5256a81	19	53050987	55761691	1529	0.1174
d832db7b-24a0-4d25-8412-844bd5256a81	19	55766684	55771701	6	1.096
d832db7b-24a0-4d25-8412-844bd5256a81	19	55774927	58586487	1836	0.099
d832db7b-24a0-4d25-8412-844bd5256a81	20	80664	1571811	1179	0.1041
d832db7b-24a0-4d25-8412-844bd5256a81	20	1576544	1601561	57	-1.0117
d832db7b-24a0-4d25-8412-844bd5256a81	20	1609611	3858160	1581	0.0964
d832db7b-24a0-4d25-8412-844bd5256a81	20	3862337	3862380	2	-1.9461
d832db7b-24a0-4d25-8412-844bd5256a81	20	3862746	64284715	39472	0.0783
d832db7b-24a0-4d25-8412-844bd5256a81	20	64323342	64324800	5	-2.0293
d832db7b-24a0-4d25-8412-844bd5256a81	21	10354168	10529628	27	-0.4252
d832db7b-24a0-4d25-8412-844bd5256a81	21	10535758	13099842	77	0.0177
d832db7b-24a0-4d25-8412-844bd5256a81	21	13101978	44694682	22515	-0.5042
d832db7b-24a0-4d25-8412-844bd5256a81	21	44700585	44701995	3	-6.0225
d832db7b-24a0-4d25-8412-844bd5256a81	21	44706220	46677045	1136	-0.5182
d832db7b-24a0-4d25-8412-844bd5256a81	22	15294547	50796027	23231	0.0963
d832db7b-24a0-4d25-8412-844bd5256a81	X	251810	2785914	97	0.5248
d832db7b-24a0-4d25-8412-844bd5256a81	X	2788903	7182164	3301	-0.0156
d832db7b-24a0-4d25-8412-844bd5256a81	X	7185165	7188165	3	-2.6074
d832db7b-24a0-4d25-8412-844bd5256a81	X	7190809	46739304	24667	-0.0149
d832db7b-24a0-4d25-8412-844bd5256a81	X	46739953	58259796	4972	0.0348
d832db7b-24a0-4d25-8412-844bd5256a81	X	58260664	62913934	117	0.3686
d832db7b-24a0-4d25-8412-844bd5256a81	X	62916133	95581738	15680	0.0264
d832db7b-24a0-4d25-8412-844bd5256a81	X	95591795	95592650	2	-3.024
d832db7b-24a0-4d25-8412-844bd5256a81	X	95592826	96450017	514	0.0528
d832db7b-24a0-4d25-8412-844bd5256a81	X	96450402	155695384	33561	-0.0083
d832db7b-24a0-4d25-8412-844bd5256a81	X	155698976	155952689	26	0.505
d832db7b-24a0-4d25-8412-844bd5256a81	Y	2782397	13467204	3256	-1.9664
d832db7b-24a0-4d25-8412-844bd5256a81	Y	13467335	13491197	13	-3.7622
d832db7b-24a0-4d25-8412-844bd5256a81	Y	13492145	17058562	1746	-1.9906
d832db7b-24a0-4d25-8412-844bd5256a81	Y	17067455	17067660	3	-5.9766
d832db7b-24a0-4d25-8412-844bd5256a81	Y	17070391	56872112	1610	-1.9475
