Sample	Chromosome	Start	End	Num_Probes	Segment_Mean
SITUS_p_TCGAb50_SNP_N_GenomeWideSNP_6_F12_680144	1	61735	72763370	43057	0.0288
SITUS_p_TCGAb50_SNP_N_GenomeWideSNP_6_F12_680144	1	72768418	72811148	48	1.8106
SITUS_p_TCGAb50_SNP_N_GenomeWideSNP_6_F12_680144	1	72811904	108729759	23004	0.0215
SITUS_p_TCGAb50_SNP_N_GenomeWideSNP_6_F12_680144	1	108734235	108737496	3	-4.089
SITUS_p_TCGAb50_SNP_N_GenomeWideSNP_6_F12_680144	1	108739104	108766355	18	0.0304
SITUS_p_TCGAb50_SNP_N_GenomeWideSNP_6_F12_680144	1	108769302	108817179	2	-3.1617
SITUS_p_TCGAb50_SNP_N_GenomeWideSNP_6_F12_680144	1	108828957	110226140	696	0.0368
SITUS_p_TCGAb50_SNP_N_GenomeWideSNP_6_F12_680144	1	110226378	110242953	26	-0.9374
SITUS_p_TCGAb50_SNP_N_GenomeWideSNP_6_F12_680144	1	110244998	210071062	48755	0.0272
SITUS_p_TCGAb50_SNP_N_GenomeWideSNP_6_F12_680144	1	210081613	210083984	3	-2.5412
SITUS_p_TCGAb50_SNP_N_GenomeWideSNP_6_F12_680144	1	210086552	215491496	3736	0.0223
SITUS_p_TCGAb50_SNP_N_GenomeWideSNP_6_F12_680144	1	215493469	215501031	8	-1.2786
SITUS_p_TCGAb50_SNP_N_GenomeWideSNP_6_F12_680144	1	215501441	231702509	10707	0.012
SITUS_p_TCGAb50_SNP_N_GenomeWideSNP_6_F12_680144	1	231706899	231713110	3	-2.0314
SITUS_p_TCGAb50_SNP_N_GenomeWideSNP_6_F12_680144	1	231715788	235280575	2869	0.0231
SITUS_p_TCGAb50_SNP_N_GenomeWideSNP_6_F12_680144	1	235287752	235287802	2	-3.2001
SITUS_p_TCGAb50_SNP_N_GenomeWideSNP_6_F12_680144	1	235299384	249224388	9821	0.0305
SITUS_p_TCGAb50_SNP_N_GenomeWideSNP_6_F12_680144	2	12784	4203580	2985	0.0572
SITUS_p_TCGAb50_SNP_N_GenomeWideSNP_6_F12_680144	2	4205687	4224019	43	-0.6092
SITUS_p_TCGAb50_SNP_N_GenomeWideSNP_6_F12_680144	2	4230062	34691069	21092	0.0248
SITUS_p_TCGAb50_SNP_N_GenomeWideSNP_6_F12_680144	2	34699315	34701735	6	-3.5513
SITUS_p_TCGAb50_SNP_N_GenomeWideSNP_6_F12_680144	2	34708632	34723301	31	-1.7896
SITUS_p_TCGAb50_SNP_N_GenomeWideSNP_6_F12_680144	2	34726680	34737057	9	-3.1639
SITUS_p_TCGAb50_SNP_N_GenomeWideSNP_6_F12_680144	2	34737163	98063372	37182	0.0287
SITUS_p_TCGAb50_SNP_N_GenomeWideSNP_6_F12_680144	2	98118128	98161710	10	-1.3893
SITUS_p_TCGAb50_SNP_N_GenomeWideSNP_6_F12_680144	2	98162189	129638478	19058	0.0234
SITUS_p_TCGAb50_SNP_N_GenomeWideSNP_6_F12_680144	2	129638502	129640315	14	-1.0486
SITUS_p_TCGAb50_SNP_N_GenomeWideSNP_6_F12_680144	2	129640329	146864443	10491	0.017
SITUS_p_TCGAb50_SNP_N_GenomeWideSNP_6_F12_680144	2	146864457	146866934	21	-2.1536
SITUS_p_TCGAb50_SNP_N_GenomeWideSNP_6_F12_680144	2	146877806	153796068	4209	0.0149
SITUS_p_TCGAb50_SNP_N_GenomeWideSNP_6_F12_680144	2	153796770	153796784	2	-3.5325
SITUS_p_TCGAb50_SNP_N_GenomeWideSNP_6_F12_680144	2	153800569	159958620	3592	0.015
SITUS_p_TCGAb50_SNP_N_GenomeWideSNP_6_F12_680144	2	159960343	159960973	2	-2.6847
SITUS_p_TCGAb50_SNP_N_GenomeWideSNP_6_F12_680144	2	159963287	207569803	28691	0.02
SITUS_p_TCGAb50_SNP_N_GenomeWideSNP_6_F12_680144	2	207570122	207574567	2	-2.8357
SITUS_p_TCGAb50_SNP_N_GenomeWideSNP_6_F12_680144	2	207574944	208354912	528	0.0118
SITUS_p_TCGAb50_SNP_N_GenomeWideSNP_6_F12_680144	2	208354955	208359336	17	-0.7021
SITUS_p_TCGAb50_SNP_N_GenomeWideSNP_6_F12_680144	2	208359476	243089456	22159	0.0234
SITUS_p_TCGAb50_SNP_N_GenomeWideSNP_6_F12_680144	3	60345	81344205	56104	-0.4011
SITUS_p_TCGAb50_SNP_N_GenomeWideSNP_6_F12_680144	3	81344522	83742268	1260	0.0117
SITUS_p_TCGAb50_SNP_N_GenomeWideSNP_6_F12_680144	3	83744743	84954900	664	-0.4428
SITUS_p_TCGAb50_SNP_N_GenomeWideSNP_6_F12_680144	3	84954917	192877902	64260	0.0225
SITUS_p_TCGAb50_SNP_N_GenomeWideSNP_6_F12_680144	3	192877962	192882903	19	-1.0362
SITUS_p_TCGAb50_SNP_N_GenomeWideSNP_6_F12_680144	3	192886435	197896118	2707	0.0388
SITUS_p_TCGAb50_SNP_N_GenomeWideSNP_6_F12_680144	4	12281	10210390	5806	0.0363
SITUS_p_TCGAb50_SNP_N_GenomeWideSNP_6_F12_680144	4	10223416	10234266	30	-2.0755
SITUS_p_TCGAb50_SNP_N_GenomeWideSNP_6_F12_680144	4	10234608	115173700	64387	0.0207
SITUS_p_TCGAb50_SNP_N_GenomeWideSNP_6_F12_680144	4	115175323	115182175	23	-1.5674
SITUS_p_TCGAb50_SNP_N_GenomeWideSNP_6_F12_680144	4	115184229	173422522	35414	0.0149
SITUS_p_TCGAb50_SNP_N_GenomeWideSNP_6_F12_680144	4	173424947	173428643	7	1.8007
SITUS_p_TCGAb50_SNP_N_GenomeWideSNP_6_F12_680144	4	173441132	191027923	11895	0.0345
SITUS_p_TCGAb50_SNP_N_GenomeWideSNP_6_F12_680144	5	15532	12791720	10229	0.0375
SITUS_p_TCGAb50_SNP_N_GenomeWideSNP_6_F12_680144	5	12800889	12826650	12	0.9877
SITUS_p_TCGAb50_SNP_N_GenomeWideSNP_6_F12_680144	5	12833857	24572408	7336	0.0205
SITUS_p_TCGAb50_SNP_N_GenomeWideSNP_6_F12_680144	5	24572447	24572842	2	-3.4134
SITUS_p_TCGAb50_SNP_N_GenomeWideSNP_6_F12_680144	5	24576963	75974501	29315	0.0168
SITUS_p_TCGAb50_SNP_N_GenomeWideSNP_6_F12_680144	5	75977077	76329371	215	0.3835
SITUS_p_TCGAb50_SNP_N_GenomeWideSNP_6_F12_680144	5	76330401	76599677	165	0.011
SITUS_p_TCGAb50_SNP_N_GenomeWideSNP_6_F12_680144	5	76603943	103851221	15555	0.326
SITUS_p_TCGAb50_SNP_N_GenomeWideSNP_6_F12_680144	5	103860373	103860604	4	-1.775
SITUS_p_TCGAb50_SNP_N_GenomeWideSNP_6_F12_680144	5	103861049	120697435	11562	0.3309
SITUS_p_TCGAb50_SNP_N_GenomeWideSNP_6_F12_680144	5	120700669	120703301	3	-2.0511
SITUS_p_TCGAb50_SNP_N_GenomeWideSNP_6_F12_680144	5	120705380	177198449	36786	0.3278
SITUS_p_TCGAb50_SNP_N_GenomeWideSNP_6_F12_680144	5	177227551	177232605	3	3.4201
SITUS_p_TCGAb50_SNP_N_GenomeWideSNP_6_F12_680144	5	177254965	180387138	1818	0.3504
SITUS_p_TCGAb50_SNP_N_GenomeWideSNP_6_F12_680144	5	180391302	180398271	2	-3.4792
SITUS_p_TCGAb50_SNP_N_GenomeWideSNP_6_F12_680144	5	180399373	180790320	184	0.4272
SITUS_p_TCGAb50_SNP_N_GenomeWideSNP_6_F12_680144	6	149661	32454523	22971	0.0355
SITUS_p_TCGAb50_SNP_N_GenomeWideSNP_6_F12_680144	6	32456683	32570046	29	1.8599
SITUS_p_TCGAb50_SNP_N_GenomeWideSNP_6_F12_680144	6	32570365	74592225	24321	0.0258
SITUS_p_TCGAb50_SNP_N_GenomeWideSNP_6_F12_680144	6	74592457	74601410	9	-3.0011
SITUS_p_TCGAb50_SNP_N_GenomeWideSNP_6_F12_680144	6	74603555	77014948	1472	0.0224
SITUS_p_TCGAb50_SNP_N_GenomeWideSNP_6_F12_680144	6	77016900	77033189	36	-1.0125
SITUS_p_TCGAb50_SNP_N_GenomeWideSNP_6_F12_680144	6	77033209	103737976	16878	0.017
SITUS_p_TCGAb50_SNP_N_GenomeWideSNP_6_F12_680144	6	103738039	103759658	38	0.7008
SITUS_p_TCGAb50_SNP_N_GenomeWideSNP_6_F12_680144	6	103759725	171051005	44281	0.0224
SITUS_p_TCGAb50_SNP_N_GenomeWideSNP_6_F12_680144	7	43355	122886075	75569	0.0173
SITUS_p_TCGAb50_SNP_N_GenomeWideSNP_6_F12_680144	7	122886380	122886522	2	-2.9294
SITUS_p_TCGAb50_SNP_N_GenomeWideSNP_6_F12_680144	7	122889335	126045482	1935	0.0076
SITUS_p_TCGAb50_SNP_N_GenomeWideSNP_6_F12_680144	7	126045556	126046876	12	-1.8223
SITUS_p_TCGAb50_SNP_N_GenomeWideSNP_6_F12_680144	7	126046877	142044239	10178	0.0048
SITUS_p_TCGAb50_SNP_N_GenomeWideSNP_6_F12_680144	7	142044445	142108941	13	-1.1104
SITUS_p_TCGAb50_SNP_N_GenomeWideSNP_6_F12_680144	7	142115353	143931078	1119	0.0351
SITUS_p_TCGAb50_SNP_N_GenomeWideSNP_6_F12_680144	7	143931103	144050933	32	-0.7525
SITUS_p_TCGAb50_SNP_N_GenomeWideSNP_6_F12_680144	7	144051231	159127004	9700	0.0212
SITUS_p_TCGAb50_SNP_N_GenomeWideSNP_6_F12_680144	8	31254	593041	327	0.1308
SITUS_p_TCGAb50_SNP_N_GenomeWideSNP_6_F12_680144	8	594944	595908	10	2.7298
SITUS_p_TCGAb50_SNP_N_GenomeWideSNP_6_F12_680144	8	601043	39235603	30592	0.0311
SITUS_p_TCGAb50_SNP_N_GenomeWideSNP_6_F12_680144	8	39246675	39386965	58	0.6419
SITUS_p_TCGAb50_SNP_N_GenomeWideSNP_6_F12_680144	8	39388299	146298155	65037	0.0202
SITUS_p_TCGAb50_SNP_N_GenomeWideSNP_6_F12_680144	9	46587	1528570	1629	0.0806
SITUS_p_TCGAb50_SNP_N_GenomeWideSNP_6_F12_680144	9	1528727	1529051	2	-2.9244
SITUS_p_TCGAb50_SNP_N_GenomeWideSNP_6_F12_680144	9	1529070	12503932	10050	0.0452
SITUS_p_TCGAb50_SNP_N_GenomeWideSNP_6_F12_680144	9	12511274	12596681	79	-0.7959
SITUS_p_TCGAb50_SNP_N_GenomeWideSNP_6_F12_680144	9	12601031	39776828	19552	0.0295
SITUS_p_TCGAb50_SNP_N_GenomeWideSNP_6_F12_680144	9	39778631	39810645	2	-3.0446
SITUS_p_TCGAb50_SNP_N_GenomeWideSNP_6_F12_680144	9	40476154	41985187	68	0.0864
SITUS_p_TCGAb50_SNP_N_GenomeWideSNP_6_F12_680144	9	42023107	43315974	26	-0.8265
SITUS_p_TCGAb50_SNP_N_GenomeWideSNP_6_F12_680144	9	43472537	43663163	20	-0.2515
SITUS_p_TCGAb50_SNP_N_GenomeWideSNP_6_F12_680144	9	43666330	44469328	67	0.4844
SITUS_p_TCGAb50_SNP_N_GenomeWideSNP_6_F12_680144	9	44629223	68183981	192	-0.1553
SITUS_p_TCGAb50_SNP_N_GenomeWideSNP_6_F12_680144	9	68186051	68188547	8	2.1265
SITUS_p_TCGAb50_SNP_N_GenomeWideSNP_6_F12_680144	9	68209916	95226702	17653	0.0201
SITUS_p_TCGAb50_SNP_N_GenomeWideSNP_6_F12_680144	9	95230425	95231679	2	-2.7499
SITUS_p_TCGAb50_SNP_N_GenomeWideSNP_6_F12_680144	9	95231974	102972481	4908	0.0205
SITUS_p_TCGAb50_SNP_N_GenomeWideSNP_6_F12_680144	9	102972970	102976243	2	-2.5784
SITUS_p_TCGAb50_SNP_N_GenomeWideSNP_6_F12_680144	9	102976371	141091394	25710	0.0274
SITUS_p_TCGAb50_SNP_N_GenomeWideSNP_6_F12_680144	10	72759	61357707	40742	0.0247
SITUS_p_TCGAb50_SNP_N_GenomeWideSNP_6_F12_680144	10	61357786	61365264	11	-1.2987
SITUS_p_TCGAb50_SNP_N_GenomeWideSNP_6_F12_680144	10	61365482	135229141	50240	0.0206
SITUS_p_TCGAb50_SNP_N_GenomeWideSNP_6_F12_680144	10	135229719	135229868	2	-3.1528
SITUS_p_TCGAb50_SNP_N_GenomeWideSNP_6_F12_680144	10	135232654	135506704	151	0.0629
SITUS_p_TCGAb50_SNP_N_GenomeWideSNP_6_F12_680144	11	198510	5783923	3303	0.0366
SITUS_p_TCGAb50_SNP_N_GenomeWideSNP_6_F12_680144	11	5787405	5809139	33	-0.5133
SITUS_p_TCGAb50_SNP_N_GenomeWideSNP_6_F12_680144	11	5809338	55376498	31356	0.0219
SITUS_p_TCGAb50_SNP_N_GenomeWideSNP_6_F12_680144	11	55376511	55453576	51	-0.591
SITUS_p_TCGAb50_SNP_N_GenomeWideSNP_6_F12_680144	11	55460683	73603451	9366	0.0327
SITUS_p_TCGAb50_SNP_N_GenomeWideSNP_6_F12_680144	11	73606398	73639818	19	-0.8408
SITUS_p_TCGAb50_SNP_N_GenomeWideSNP_6_F12_680144	11	73646038	90568187	11126	0.0208
SITUS_p_TCGAb50_SNP_N_GenomeWideSNP_6_F12_680144	11	90568956	90570937	2	-2.8671
SITUS_p_TCGAb50_SNP_N_GenomeWideSNP_6_F12_680144	11	90571038	107223789	11943	0.0284
SITUS_p_TCGAb50_SNP_N_GenomeWideSNP_6_F12_680144	11	107224115	107224349	3	-2.3447
SITUS_p_TCGAb50_SNP_N_GenomeWideSNP_6_F12_680144	11	107224399	134525648	19645	0.033
SITUS_p_TCGAb50_SNP_N_GenomeWideSNP_6_F12_680144	11	134527612	134529841	2	-2.2849
SITUS_p_TCGAb50_SNP_N_GenomeWideSNP_6_F12_680144	11	134531636	134944770	342	0.1474
SITUS_p_TCGAb50_SNP_N_GenomeWideSNP_6_F12_680144	12	150442	9630556	6207	0.0537
SITUS_p_TCGAb50_SNP_N_GenomeWideSNP_6_F12_680144	12	9633870	9728292	25	-2.2055
SITUS_p_TCGAb50_SNP_N_GenomeWideSNP_6_F12_680144	12	9734969	11504091	1188	0.0171
SITUS_p_TCGAb50_SNP_N_GenomeWideSNP_6_F12_680144	12	11511577	11552192	33	-0.8827
SITUS_p_TCGAb50_SNP_N_GenomeWideSNP_6_F12_680144	12	11552602	33301561	15441	0.0183
SITUS_p_TCGAb50_SNP_N_GenomeWideSNP_6_F12_680144	12	33301640	33307078	21	-0.9907
SITUS_p_TCGAb50_SNP_N_GenomeWideSNP_6_F12_680144	12	33307374	33386757	47	-0.2099
SITUS_p_TCGAb50_SNP_N_GenomeWideSNP_6_F12_680144	12	33388829	33395418	5	-2.7958
SITUS_p_TCGAb50_SNP_N_GenomeWideSNP_6_F12_680144	12	33399053	83197160	28620	0.0284
SITUS_p_TCGAb50_SNP_N_GenomeWideSNP_6_F12_680144	12	83197611	83198416	2	-2.9614
SITUS_p_TCGAb50_SNP_N_GenomeWideSNP_6_F12_680144	12	83201040	133778189	33543	0.0296
SITUS_p_TCGAb50_SNP_N_GenomeWideSNP_6_F12_680144	13	19026949	32532121	9646	0.0369
SITUS_p_TCGAb50_SNP_N_GenomeWideSNP_6_F12_680144	13	32532622	32538423	18	-1.1719
SITUS_p_TCGAb50_SNP_N_GenomeWideSNP_6_F12_680144	13	32540047	57758270	16472	0.0295
SITUS_p_TCGAb50_SNP_N_GenomeWideSNP_6_F12_680144	13	57758289	57789714	34	-0.8933
SITUS_p_TCGAb50_SNP_N_GenomeWideSNP_6_F12_680144	13	57790009	64345684	3870	0.0303
SITUS_p_TCGAb50_SNP_N_GenomeWideSNP_6_F12_680144	13	64345784	64345819	2	-2.5351
SITUS_p_TCGAb50_SNP_N_GenomeWideSNP_6_F12_680144	13	64345878	69251505	3044	0.0231
SITUS_p_TCGAb50_SNP_N_GenomeWideSNP_6_F12_680144	13	69251649	69264685	25	-0.708
SITUS_p_TCGAb50_SNP_N_GenomeWideSNP_6_F12_680144	13	69268242	84109300	9995	0.0192
SITUS_p_TCGAb50_SNP_N_GenomeWideSNP_6_F12_680144	13	84110230	84156012	40	-0.871
SITUS_p_TCGAb50_SNP_N_GenomeWideSNP_6_F12_680144	13	84161129	115108397	21198	0.0225
SITUS_p_TCGAb50_SNP_N_GenomeWideSNP_6_F12_680144	14	19002124	20427502	198	-0.0942
SITUS_p_TCGAb50_SNP_N_GenomeWideSNP_6_F12_680144	14	20427613	107285437	55424	-0.4032
SITUS_p_TCGAb50_SNP_N_GenomeWideSNP_6_F12_680144	15	20016328	20411648	63	0.0532
SITUS_p_TCGAb50_SNP_N_GenomeWideSNP_6_F12_680144	15	20412026	22751256	364	-0.5082
SITUS_p_TCGAb50_SNP_N_GenomeWideSNP_6_F12_680144	15	22751680	24620857	988	0.0451
SITUS_p_TCGAb50_SNP_N_GenomeWideSNP_6_F12_680144	15	24625844	24712319	41	-0.5453
SITUS_p_TCGAb50_SNP_N_GenomeWideSNP_6_F12_680144	15	24713023	102469040	50638	0.0332
SITUS_p_TCGAb50_SNP_N_GenomeWideSNP_6_F12_680144	16	60777	14989839	11140	0.0585
SITUS_p_TCGAb50_SNP_N_GenomeWideSNP_6_F12_680144	16	15048768	15116257	63	-0.5377
SITUS_p_TCGAb50_SNP_N_GenomeWideSNP_6_F12_680144	16	15125441	90287535	41250	0.0312
SITUS_p_TCGAb50_SNP_N_GenomeWideSNP_6_F12_680144	17	526	15044159	9715	0.0547
SITUS_p_TCGAb50_SNP_N_GenomeWideSNP_6_F12_680144	17	15044515	15054502	25	-1.2
SITUS_p_TCGAb50_SNP_N_GenomeWideSNP_6_F12_680144	17	15058991	18317193	1705	0.0458
SITUS_p_TCGAb50_SNP_N_GenomeWideSNP_6_F12_680144	17	18317394	18411397	18	0.7641
SITUS_p_TCGAb50_SNP_N_GenomeWideSNP_6_F12_680144	17	18411923	44394420	12179	0.0355
SITUS_p_TCGAb50_SNP_N_GenomeWideSNP_6_F12_680144	17	44401067	44752300	45	-0.9573
SITUS_p_TCGAb50_SNP_N_GenomeWideSNP_6_F12_680144	17	44764994	81049726	21630	0.0333
SITUS_p_TCGAb50_SNP_N_GenomeWideSNP_6_F12_680144	18	11543	78015057	50855	0.0374
SITUS_p_TCGAb50_SNP_N_GenomeWideSNP_6_F12_680144	19	90910	2865530	731	0.032
SITUS_p_TCGAb50_SNP_N_GenomeWideSNP_6_F12_680144	19	2868271	2891165	16	-0.9387
SITUS_p_TCGAb50_SNP_N_GenomeWideSNP_6_F12_680144	19	2894151	32251442	13678	0.0336
SITUS_p_TCGAb50_SNP_N_GenomeWideSNP_6_F12_680144	19	32252434	32257961	2	-2.8785
SITUS_p_TCGAb50_SNP_N_GenomeWideSNP_6_F12_680144	19	32258354	41360143	5231	0.0373
SITUS_p_TCGAb50_SNP_N_GenomeWideSNP_6_F12_680144	19	41360172	41376019	28	-0.8535
SITUS_p_TCGAb50_SNP_N_GenomeWideSNP_6_F12_680144	19	41380946	41689147	186	0.0283
SITUS_p_TCGAb50_SNP_N_GenomeWideSNP_6_F12_680144	19	41689714	41697416	3	-3.0107
SITUS_p_TCGAb50_SNP_N_GenomeWideSNP_6_F12_680144	19	41698690	59097854	9496	0.0465
SITUS_p_TCGAb50_SNP_N_GenomeWideSNP_6_F12_680144	20	61305	62956153	42520	0.0313
SITUS_p_TCGAb50_SNP_N_GenomeWideSNP_6_F12_680144	21	10736871	39805489	18373	0.0317
SITUS_p_TCGAb50_SNP_N_GenomeWideSNP_6_F12_680144	21	39805512	39805547	2	-3.9191
SITUS_p_TCGAb50_SNP_N_GenomeWideSNP_6_F12_680144	21	39805653	48096957	6055	0.0592
SITUS_p_TCGAb50_SNP_N_GenomeWideSNP_6_F12_680144	22	16052528	24330218	4616	0.0912
SITUS_p_TCGAb50_SNP_N_GenomeWideSNP_6_F12_680144	22	24330269	24331967	2	-2.6619
SITUS_p_TCGAb50_SNP_N_GenomeWideSNP_6_F12_680144	22	24332625	26138830	1283	0.0255
SITUS_p_TCGAb50_SNP_N_GenomeWideSNP_6_F12_680144	22	26139093	26139172	2	-2.457
SITUS_p_TCGAb50_SNP_N_GenomeWideSNP_6_F12_680144	22	26139194	42787423	11477	0.0383
SITUS_p_TCGAb50_SNP_N_GenomeWideSNP_6_F12_680144	22	42788518	42789855	2	-2.7535
SITUS_p_TCGAb50_SNP_N_GenomeWideSNP_6_F12_680144	22	42790003	47722522	3493	0.047
SITUS_p_TCGAb50_SNP_N_GenomeWideSNP_6_F12_680144	22	47722560	47781662	54	-0.8319
SITUS_p_TCGAb50_SNP_N_GenomeWideSNP_6_F12_680144	22	47783970	51234455	2646	0.0917
SITUS_p_TCGAb50_SNP_N_GenomeWideSNP_6_F12_680144	X	168477	154783013	84442	0.0057
SITUS_p_TCGAb50_SNP_N_GenomeWideSNP_6_F12_680144	X	154784326	154789651	8	-5.3855
SITUS_p_TCGAb50_SNP_N_GenomeWideSNP_6_F12_680144	X	154803883	155182354	91	0.0023
SITUS_p_TCGAb50_SNP_N_GenomeWideSNP_6_F12_680144	Y	2650438	59018259	8634	-0.9925
