GDC_Aliquot	Chromosome	Start	End	Num_Probes	Segment_Mean
82f204d0-0f7c-4494-8f2e-8f6be61db7d1	1	62920	4030194	1137	-0.1094
82f204d0-0f7c-4494-8f2e-8f6be61db7d1	1	4035690	10482064	4120	-0.0615
82f204d0-0f7c-4494-8f2e-8f6be61db7d1	1	10483779	10484931	4	-1.2743
82f204d0-0f7c-4494-8f2e-8f6be61db7d1	1	10484989	15823420	3069	-0.0608
82f204d0-0f7c-4494-8f2e-8f6be61db7d1	1	15827002	15828471	9	-0.8632
82f204d0-0f7c-4494-8f2e-8f6be61db7d1	1	15828515	16721984	340	-0.0558
82f204d0-0f7c-4494-8f2e-8f6be61db7d1	1	16766762	16784801	9	-1.3767
82f204d0-0f7c-4494-8f2e-8f6be61db7d1	1	16785064	25256850	5322	-0.0627
82f204d0-0f7c-4494-8f2e-8f6be61db7d1	1	25266637	25320253	23	0.4107
82f204d0-0f7c-4494-8f2e-8f6be61db7d1	1	25320455	47624474	12149	-0.068
82f204d0-0f7c-4494-8f2e-8f6be61db7d1	1	47624754	77308743	19793	-0.1042
82f204d0-0f7c-4494-8f2e-8f6be61db7d1	1	77309187	77314151	22	-1.1444
82f204d0-0f7c-4494-8f2e-8f6be61db7d1	1	77315985	93819530	10557	-0.1036
82f204d0-0f7c-4494-8f2e-8f6be61db7d1	1	93821469	93826127	2	-2.1276
82f204d0-0f7c-4494-8f2e-8f6be61db7d1	1	93827678	106676768	7956	-0.1036
82f204d0-0f7c-4494-8f2e-8f6be61db7d1	1	106679096	106680860	6	-1.1353
82f204d0-0f7c-4494-8f2e-8f6be61db7d1	1	106682554	109684893	1854	-0.0849
82f204d0-0f7c-4494-8f2e-8f6be61db7d1	1	109690352	109697556	13	0.7256
82f204d0-0f7c-4494-8f2e-8f6be61db7d1	1	109702376	152582700	9558	-0.0774
82f204d0-0f7c-4494-8f2e-8f6be61db7d1	1	152583051	152614118	36	0.9198
82f204d0-0f7c-4494-8f2e-8f6be61db7d1	1	152618018	196843377	29692	-0.0973
82f204d0-0f7c-4494-8f2e-8f6be61db7d1	1	196843400	196846661	2	3.2468
82f204d0-0f7c-4494-8f2e-8f6be61db7d1	1	196847600	200951185	2584	-0.0981
82f204d0-0f7c-4494-8f2e-8f6be61db7d1	1	200951234	200952257	2	-2.1851
82f204d0-0f7c-4494-8f2e-8f6be61db7d1	1	200952817	240228440	27329	-0.1019
82f204d0-0f7c-4494-8f2e-8f6be61db7d1	1	240230715	240230824	5	-2.1562
82f204d0-0f7c-4494-8f2e-8f6be61db7d1	1	240230839	248590293	5690	-0.0845
82f204d0-0f7c-4494-8f2e-8f6be61db7d1	1	248593457	248661836	29	0.6298
82f204d0-0f7c-4494-8f2e-8f6be61db7d1	1	248661962	248930189	135	-0.169
82f204d0-0f7c-4494-8f2e-8f6be61db7d1	2	12784	1096458	748	0.3393
82f204d0-0f7c-4494-8f2e-8f6be61db7d1	2	1097345	1305823	108	0.5388
82f204d0-0f7c-4494-8f2e-8f6be61db7d1	2	1306184	6159905	3830	0.2986
82f204d0-0f7c-4494-8f2e-8f6be61db7d1	2	6160035	6167743	32	-0.956
82f204d0-0f7c-4494-8f2e-8f6be61db7d1	2	6170371	35358442	19955	0.288
82f204d0-0f7c-4494-8f2e-8f6be61db7d1	2	35359824	35390609	42	-0.2936
82f204d0-0f7c-4494-8f2e-8f6be61db7d1	2	35396850	35750907	280	0.3659
82f204d0-0f7c-4494-8f2e-8f6be61db7d1	2	35752724	35762850	6	-2.245
82f204d0-0f7c-4494-8f2e-8f6be61db7d1	2	35762881	52514599	12121	0.29
82f204d0-0f7c-4494-8f2e-8f6be61db7d1	2	52516787	52554259	36	0.8838
82f204d0-0f7c-4494-8f2e-8f6be61db7d1	2	52554274	78053115	16502	0.2643
82f204d0-0f7c-4494-8f2e-8f6be61db7d1	2	78053695	79440009	946	0.3473
82f204d0-0f7c-4494-8f2e-8f6be61db7d1	2	79440205	87203463	4557	0.272
82f204d0-0f7c-4494-8f2e-8f6be61db7d1	2	87203730	87400642	47	-0.1812
82f204d0-0f7c-4494-8f2e-8f6be61db7d1	2	87438887	97359885	1779	0.2711
82f204d0-0f7c-4494-8f2e-8f6be61db7d1	2	97524284	97552143	11	1.0653
82f204d0-0f7c-4494-8f2e-8f6be61db7d1	2	97556965	113604438	9357	0.2812
82f204d0-0f7c-4494-8f2e-8f6be61db7d1	2	113604837	113604839	2	-2.8987
82f204d0-0f7c-4494-8f2e-8f6be61db7d1	2	113623244	117117666	2121	0.2939
82f204d0-0f7c-4494-8f2e-8f6be61db7d1	2	117124131	117128035	2	-2.6262
82f204d0-0f7c-4494-8f2e-8f6be61db7d1	2	117128230	124265289	4681	0.2766
82f204d0-0f7c-4494-8f2e-8f6be61db7d1	2	124270393	125694355	858	0.3688
82f204d0-0f7c-4494-8f2e-8f6be61db7d1	2	125694440	137629577	7146	0.2774
82f204d0-0f7c-4494-8f2e-8f6be61db7d1	2	137630679	138314552	424	0.3857
82f204d0-0f7c-4494-8f2e-8f6be61db7d1	2	138318272	140823198	1556	0.2759
82f204d0-0f7c-4494-8f2e-8f6be61db7d1	2	140823763	141470756	425	0.1709
82f204d0-0f7c-4494-8f2e-8f6be61db7d1	2	141471429	146107615	2820	0.2789
82f204d0-0f7c-4494-8f2e-8f6be61db7d1	2	146107675	146120907	22	0.9306
82f204d0-0f7c-4494-8f2e-8f6be61db7d1	2	146120964	217777466	43715	0.2753
82f204d0-0f7c-4494-8f2e-8f6be61db7d1	2	217782397	217832226	33	0.8027
82f204d0-0f7c-4494-8f2e-8f6be61db7d1	2	217833556	220638562	1609	0.2644
82f204d0-0f7c-4494-8f2e-8f6be61db7d1	2	220639108	220640502	3	-1.1839
82f204d0-0f7c-4494-8f2e-8f6be61db7d1	2	220642775	229454273	5906	0.2667
82f204d0-0f7c-4494-8f2e-8f6be61db7d1	2	229454512	229462927	6	-0.9885
82f204d0-0f7c-4494-8f2e-8f6be61db7d1	2	229465183	242147305	7768	0.2936
82f204d0-0f7c-4494-8f2e-8f6be61db7d1	3	20930	182919	154	-0.6823
82f204d0-0f7c-4494-8f2e-8f6be61db7d1	3	188339	191117	4	-2.5484
82f204d0-0f7c-4494-8f2e-8f6be61db7d1	3	193194	3156829	2601	-0.6732
82f204d0-0f7c-4494-8f2e-8f6be61db7d1	3	3157594	3157951	2	-4.3365
82f204d0-0f7c-4494-8f2e-8f6be61db7d1	3	3159839	46751887	30213	-0.7425
82f204d0-0f7c-4494-8f2e-8f6be61db7d1	3	46760327	46808099	40	-1.9506
82f204d0-0f7c-4494-8f2e-8f6be61db7d1	3	46817989	53235301	2664	-0.6593
82f204d0-0f7c-4494-8f2e-8f6be61db7d1	3	53238298	86782925	22912	-0.7516
82f204d0-0f7c-4494-8f2e-8f6be61db7d1	3	86788796	87092569	157	0.2953
82f204d0-0f7c-4494-8f2e-8f6be61db7d1	3	87100858	91390926	1753	-0.7132
82f204d0-0f7c-4494-8f2e-8f6be61db7d1	3	91462299	96874828	1571	0.3214
82f204d0-0f7c-4494-8f2e-8f6be61db7d1	3	96875303	97055556	84	-0.1385
82f204d0-0f7c-4494-8f2e-8f6be61db7d1	3	97061179	162815162	40241	0.3098
82f204d0-0f7c-4494-8f2e-8f6be61db7d1	3	162816942	162822702	6	-1.3208
82f204d0-0f7c-4494-8f2e-8f6be61db7d1	3	162827928	189642965	16708	0.3136
82f204d0-0f7c-4494-8f2e-8f6be61db7d1	3	189645889	189653199	12	-3.3243
82f204d0-0f7c-4494-8f2e-8f6be61db7d1	3	189653225	198169247	5200	0.3234
82f204d0-0f7c-4494-8f2e-8f6be61db7d1	4	68929	7687425	4457	-0.0676
82f204d0-0f7c-4494-8f2e-8f6be61db7d1	4	7688676	7689466	2	-2.4781
82f204d0-0f7c-4494-8f2e-8f6be61db7d1	4	7691742	9406687	667	-0.1146
82f204d0-0f7c-4494-8f2e-8f6be61db7d1	4	9415909	9415994	2	-2.0366
82f204d0-0f7c-4494-8f2e-8f6be61db7d1	4	9416326	9430168	8	-0.2219
82f204d0-0f7c-4494-8f2e-8f6be61db7d1	4	9430272	9435284	8	-0.8146
82f204d0-0f7c-4494-8f2e-8f6be61db7d1	4	9444321	9455251	6	-0.012
82f204d0-0f7c-4494-8f2e-8f6be61db7d1	4	9459504	9477699	6	0.7945
82f204d0-0f7c-4494-8f2e-8f6be61db7d1	4	9484440	9617513	38	-0.0703
82f204d0-0f7c-4494-8f2e-8f6be61db7d1	4	9624789	9625216	2	-1.8421
82f204d0-0f7c-4494-8f2e-8f6be61db7d1	4	9630824	10208766	500	-0.0681
82f204d0-0f7c-4494-8f2e-8f6be61db7d1	4	10212536	10233644	36	0.9372
82f204d0-0f7c-4494-8f2e-8f6be61db7d1	4	10234518	30064714	14165	-0.108
82f204d0-0f7c-4494-8f2e-8f6be61db7d1	4	30065230	30069394	2	-3.46
82f204d0-0f7c-4494-8f2e-8f6be61db7d1	4	30069571	68501424	22286	-0.104
82f204d0-0f7c-4494-8f2e-8f6be61db7d1	4	68506285	68726064	76	0.5564
82f204d0-0f7c-4494-8f2e-8f6be61db7d1	4	68729873	69254604	299	-0.0914
82f204d0-0f7c-4494-8f2e-8f6be61db7d1	4	69254981	69359132	53	-0.4822
82f204d0-0f7c-4494-8f2e-8f6be61db7d1	4	69361181	82712673	8316	-0.1129
82f204d0-0f7c-4494-8f2e-8f6be61db7d1	4	82716215	82720673	12	-1.5274
82f204d0-0f7c-4494-8f2e-8f6be61db7d1	4	82723539	86054070	2112	-0.1102
82f204d0-0f7c-4494-8f2e-8f6be61db7d1	4	86054941	86058611	19	-2.4789
82f204d0-0f7c-4494-8f2e-8f6be61db7d1	4	86058791	115244712	17490	-0.1168
82f204d0-0f7c-4494-8f2e-8f6be61db7d1	4	115244948	115259026	24	-0.8193
82f204d0-0f7c-4494-8f2e-8f6be61db7d1	4	115259080	121360818	3699	-0.1127
82f204d0-0f7c-4494-8f2e-8f6be61db7d1	4	121361313	121369976	28	-0.9277
82f204d0-0f7c-4494-8f2e-8f6be61db7d1	4	121370367	143988797	13344	-0.1124
82f204d0-0f7c-4494-8f2e-8f6be61db7d1	4	143996000	144091408	47	-0.8699
82f204d0-0f7c-4494-8f2e-8f6be61db7d1	4	144098643	151678861	4176	-0.1237
82f204d0-0f7c-4494-8f2e-8f6be61db7d1	4	151682012	151682205	3	-6.204
82f204d0-0f7c-4494-8f2e-8f6be61db7d1	4	151682323	155673078	2594	-0.1142
82f204d0-0f7c-4494-8f2e-8f6be61db7d1	4	155673116	155676843	14	-0.9114
82f204d0-0f7c-4494-8f2e-8f6be61db7d1	4	155680783	156047028	326	-0.1278
82f204d0-0f7c-4494-8f2e-8f6be61db7d1	4	156047131	156047146	2	-2.2899
82f204d0-0f7c-4494-8f2e-8f6be61db7d1	4	156047321	171448195	9756	-0.1064
82f204d0-0f7c-4494-8f2e-8f6be61db7d1	4	171453733	171456559	10	-1.0696
82f204d0-0f7c-4494-8f2e-8f6be61db7d1	4	171456573	172066777	399	-0.1096
82f204d0-0f7c-4494-8f2e-8f6be61db7d1	4	172067997	172068382	12	-2.1405
82f204d0-0f7c-4494-8f2e-8f6be61db7d1	4	172074828	174570807	1381	-0.1325
82f204d0-0f7c-4494-8f2e-8f6be61db7d1	4	174570962	174571207	2	-1.7581
82f204d0-0f7c-4494-8f2e-8f6be61db7d1	4	174571220	177666684	1939	-0.1077
82f204d0-0f7c-4494-8f2e-8f6be61db7d1	4	177675377	177688559	42	-1.023
82f204d0-0f7c-4494-8f2e-8f6be61db7d1	4	177690871	188075062	7435	-0.09
82f204d0-0f7c-4494-8f2e-8f6be61db7d1	4	188075862	188929140	656	0.0191
82f204d0-0f7c-4494-8f2e-8f6be61db7d1	4	188929863	190094046	613	-0.0759
82f204d0-0f7c-4494-8f2e-8f6be61db7d1	4	190095009	190106768	3	-1.4914
82f204d0-0f7c-4494-8f2e-8f6be61db7d1	5	15532	659490	294	-0.081
82f204d0-0f7c-4494-8f2e-8f6be61db7d1	5	660689	773453	39	0.3203
82f204d0-0f7c-4494-8f2e-8f6be61db7d1	5	779766	10527389	8177	-0.1083
82f204d0-0f7c-4494-8f2e-8f6be61db7d1	5	10527531	10531886	5	-5.5508
82f204d0-0f7c-4494-8f2e-8f6be61db7d1	5	10532403	16517021	4185	-0.1147
82f204d0-0f7c-4494-8f2e-8f6be61db7d1	5	16517258	16522016	4	-1.9643
82f204d0-0f7c-4494-8f2e-8f6be61db7d1	5	16522325	26789372	6120	-0.1032
82f204d0-0f7c-4494-8f2e-8f6be61db7d1	5	26789387	26797735	3	-2.0502
82f204d0-0f7c-4494-8f2e-8f6be61db7d1	5	26803775	28213617	775	-0.097
82f204d0-0f7c-4494-8f2e-8f6be61db7d1	5	28214162	28214513	3	-1.5924
82f204d0-0f7c-4494-8f2e-8f6be61db7d1	5	28215289	29999028	1105	-0.0936
82f204d0-0f7c-4494-8f2e-8f6be61db7d1	5	29999510	30000478	4	-2.5749
82f204d0-0f7c-4494-8f2e-8f6be61db7d1	5	30006447	41959305	8006	-0.1159
82f204d0-0f7c-4494-8f2e-8f6be61db7d1	5	41974108	42843669	458	0.2957
82f204d0-0f7c-4494-8f2e-8f6be61db7d1	5	42844019	46246558	1442	-0.1049
82f204d0-0f7c-4494-8f2e-8f6be61db7d1	5	46251204	58033802	5090	0.3029
82f204d0-0f7c-4494-8f2e-8f6be61db7d1	5	58033929	58036248	13	-0.6637
82f204d0-0f7c-4494-8f2e-8f6be61db7d1	5	58036448	63363000	3501	0.2833
82f204d0-0f7c-4494-8f2e-8f6be61db7d1	5	63363032	63885700	304	0.4237
82f204d0-0f7c-4494-8f2e-8f6be61db7d1	5	63886716	100730210	20825	0.3002
82f204d0-0f7c-4494-8f2e-8f6be61db7d1	5	100732364	100732771	2	-1.6404
82f204d0-0f7c-4494-8f2e-8f6be61db7d1	5	100733170	104515520	2202	0.2917
82f204d0-0f7c-4494-8f2e-8f6be61db7d1	5	104524672	104524903	4	1.6246
82f204d0-0f7c-4494-8f2e-8f6be61db7d1	5	104525348	121334576	11509	0.3037
82f204d0-0f7c-4494-8f2e-8f6be61db7d1	5	121334597	121335314	3	-1.0542
82f204d0-0f7c-4494-8f2e-8f6be61db7d1	5	121337662	150822643	18270	0.2953
82f204d0-0f7c-4494-8f2e-8f6be61db7d1	5	150825938	150839042	8	-3.4471
82f204d0-0f7c-4494-8f2e-8f6be61db7d1	5	150843825	177771448	18443	0.3027
82f204d0-0f7c-4494-8f2e-8f6be61db7d1	5	177800550	177805604	3	3.6927
82f204d0-0f7c-4494-8f2e-8f6be61db7d1	5	177827964	181252117	1967	0.3447
82f204d0-0f7c-4494-8f2e-8f6be61db7d1	5	181253392	181363319	16	-0.0299
82f204d0-0f7c-4494-8f2e-8f6be61db7d1	6	149661	254267	100	-0.1016
82f204d0-0f7c-4494-8f2e-8f6be61db7d1	6	254283	381149	96	-1.0607
82f204d0-0f7c-4494-8f2e-8f6be61db7d1	6	382559	6025978	4642	-0.097
82f204d0-0f7c-4494-8f2e-8f6be61db7d1	6	6033698	6034203	3	-3.2883
82f204d0-0f7c-4494-8f2e-8f6be61db7d1	6	6036812	29769900	16714	-0.1007
82f204d0-0f7c-4494-8f2e-8f6be61db7d1	6	29770069	29770267	2	1.7254
82f204d0-0f7c-4494-8f2e-8f6be61db7d1	6	29771223	29881490	96	-0.054
82f204d0-0f7c-4494-8f2e-8f6be61db7d1	6	29882419	29931120	14	-0.9705
82f204d0-0f7c-4494-8f2e-8f6be61db7d1	6	29931900	32485152	1157	-0.08
82f204d0-0f7c-4494-8f2e-8f6be61db7d1	6	32486498	32486746	2	2.0792
82f204d0-0f7c-4494-8f2e-8f6be61db7d1	6	32488906	32533522	13	-0.312
82f204d0-0f7c-4494-8f2e-8f6be61db7d1	6	32540699	32593518	13	-1.0636
82f204d0-0f7c-4494-8f2e-8f6be61db7d1	6	32602269	32722250	77	-0.1797
82f204d0-0f7c-4494-8f2e-8f6be61db7d1	6	32723020	32723053	3	1.5968
82f204d0-0f7c-4494-8f2e-8f6be61db7d1	6	32732907	78261980	26801	-0.103
82f204d0-0f7c-4494-8f2e-8f6be61db7d1	6	78261995	78345088	125	0.1403
82f204d0-0f7c-4494-8f2e-8f6be61db7d1	6	78345284	80574921	1418	-0.1018
82f204d0-0f7c-4494-8f2e-8f6be61db7d1	6	80574999	80584624	30	-1.0009
82f204d0-0f7c-4494-8f2e-8f6be61db7d1	6	80584682	93777377	8444	-0.1124
82f204d0-0f7c-4494-8f2e-8f6be61db7d1	6	93778087	94965875	776	-0.0181
82f204d0-0f7c-4494-8f2e-8f6be61db7d1	6	94970302	103286954	4783	-0.1121
82f204d0-0f7c-4494-8f2e-8f6be61db7d1	6	103290101	103317795	47	0.7428
82f204d0-0f7c-4494-8f2e-8f6be61db7d1	6	103317836	115694994	7601	-0.1105
82f204d0-0f7c-4494-8f2e-8f6be61db7d1	6	115698435	115698998	2	-2.0232
82f204d0-0f7c-4494-8f2e-8f6be61db7d1	6	115700324	136790526	13421	-0.1123
82f204d0-0f7c-4494-8f2e-8f6be61db7d1	6	136795732	136813596	8	-1.2869
82f204d0-0f7c-4494-8f2e-8f6be61db7d1	6	136819855	157360232	13708	-0.1041
82f204d0-0f7c-4494-8f2e-8f6be61db7d1	6	157366396	157375044	2	-3.1364
82f204d0-0f7c-4494-8f2e-8f6be61db7d1	6	157375962	170741917	9385	-0.0845
82f204d0-0f7c-4494-8f2e-8f6be61db7d1	7	43355	4483330	2371	-0.7273
82f204d0-0f7c-4494-8f2e-8f6be61db7d1	7	4485972	8211981	2188	0.3213
82f204d0-0f7c-4494-8f2e-8f6be61db7d1	7	8212631	10969581	2149	0.3716
82f204d0-0f7c-4494-8f2e-8f6be61db7d1	7	10973313	67172252	35459	0.31
82f204d0-0f7c-4494-8f2e-8f6be61db7d1	7	67176387	67180245	5	-2.2286
82f204d0-0f7c-4494-8f2e-8f6be61db7d1	7	67182652	67233947	15	-0.3937
82f204d0-0f7c-4494-8f2e-8f6be61db7d1	7	67234797	91578827	14214	0.3106
82f204d0-0f7c-4494-8f2e-8f6be61db7d1	7	91589569	91589817	3	-1.3234
82f204d0-0f7c-4494-8f2e-8f6be61db7d1	7	91595717	100727566	5144	0.3025
82f204d0-0f7c-4494-8f2e-8f6be61db7d1	7	100731621	100735219	3	-1.1861
82f204d0-0f7c-4494-8f2e-8f6be61db7d1	7	100753382	109793741	5316	0.3031
82f204d0-0f7c-4494-8f2e-8f6be61db7d1	7	109797035	109797715	15	0.8847
82f204d0-0f7c-4494-8f2e-8f6be61db7d1	7	109797717	109801155	9	0.178
82f204d0-0f7c-4494-8f2e-8f6be61db7d1	7	109801187	109801722	3	1.2797
82f204d0-0f7c-4494-8f2e-8f6be61db7d1	7	109801752	110027491	147	0.2691
82f204d0-0f7c-4494-8f2e-8f6be61db7d1	7	110027515	110028132	2	-1.4474
82f204d0-0f7c-4494-8f2e-8f6be61db7d1	7	110041099	111123507	730	0.3011
82f204d0-0f7c-4494-8f2e-8f6be61db7d1	7	111125633	111559300	288	0.4107
82f204d0-0f7c-4494-8f2e-8f6be61db7d1	7	111560422	126404920	8867	0.2872
82f204d0-0f7c-4494-8f2e-8f6be61db7d1	7	126405428	126406827	18	-0.9488
82f204d0-0f7c-4494-8f2e-8f6be61db7d1	7	126412712	150270897	14799	0.311
82f204d0-0f7c-4494-8f2e-8f6be61db7d1	7	150271147	150296280	3	-1.9556
82f204d0-0f7c-4494-8f2e-8f6be61db7d1	7	150298258	159334314	6005	0.3268
82f204d0-0f7c-4494-8f2e-8f6be61db7d1	8	81254	6357163	6891	0.3563
82f204d0-0f7c-4494-8f2e-8f6be61db7d1	8	6357232	7155402	826	0.3062
82f204d0-0f7c-4494-8f2e-8f6be61db7d1	8	7167045	7357288	13	-0.6095
82f204d0-0f7c-4494-8f2e-8f6be61db7d1	8	7357323	7380497	17	-0.0211
82f204d0-0f7c-4494-8f2e-8f6be61db7d1	8	7396819	8139659	44	0.7614
82f204d0-0f7c-4494-8f2e-8f6be61db7d1	8	8196822	8234503	5	-0.8247
82f204d0-0f7c-4494-8f2e-8f6be61db7d1	8	8235660	12134777	3213	0.326
82f204d0-0f7c-4494-8f2e-8f6be61db7d1	8	12139586	12385006	22	0.8243
82f204d0-0f7c-4494-8f2e-8f6be61db7d1	8	12385014	12385031	5	-0.1705
82f204d0-0f7c-4494-8f2e-8f6be61db7d1	8	12387683	12389977	7	1.129
82f204d0-0f7c-4494-8f2e-8f6be61db7d1	8	12418301	14652059	1964	0.3077
82f204d0-0f7c-4494-8f2e-8f6be61db7d1	8	14652523	14652552	2	-1.49
82f204d0-0f7c-4494-8f2e-8f6be61db7d1	8	14652565	14927975	272	0.3017
82f204d0-0f7c-4494-8f2e-8f6be61db7d1	8	14930916	14938290	6	-0.5788
82f204d0-0f7c-4494-8f2e-8f6be61db7d1	8	14938941	23544795	7032	0.3111
82f204d0-0f7c-4494-8f2e-8f6be61db7d1	8	23550227	23550358	5	-0.9593
82f204d0-0f7c-4494-8f2e-8f6be61db7d1	8	23550392	25114672	1138	0.2988
82f204d0-0f7c-4494-8f2e-8f6be61db7d1	8	25116928	25126735	26	0.7988
82f204d0-0f7c-4494-8f2e-8f6be61db7d1	8	25126818	39368221	9007	0.3036
82f204d0-0f7c-4494-8f2e-8f6be61db7d1	8	39368332	39475452	43	0.7437
82f204d0-0f7c-4494-8f2e-8f6be61db7d1	8	39475614	54296370	7277	0.3043
82f204d0-0f7c-4494-8f2e-8f6be61db7d1	8	54296488	54296672	3	-0.9003
82f204d0-0f7c-4494-8f2e-8f6be61db7d1	8	54298245	54298328	3	-3.5969
82f204d0-0f7c-4494-8f2e-8f6be61db7d1	8	54298558	74395106	12814	0.285
82f204d0-0f7c-4494-8f2e-8f6be61db7d1	8	74395596	74415359	7	-0.9481
82f204d0-0f7c-4494-8f2e-8f6be61db7d1	8	74416300	81980844	4440	0.2954
82f204d0-0f7c-4494-8f2e-8f6be61db7d1	8	81989877	81990115	2	-1.69
82f204d0-0f7c-4494-8f2e-8f6be61db7d1	8	81992164	105932301	14234	0.2914
82f204d0-0f7c-4494-8f2e-8f6be61db7d1	8	105945597	106451655	343	0.4138
82f204d0-0f7c-4494-8f2e-8f6be61db7d1	8	106455244	111279265	2893	0.2909
82f204d0-0f7c-4494-8f2e-8f6be61db7d1	8	111282050	111283031	10	1.1931
82f204d0-0f7c-4494-8f2e-8f6be61db7d1	8	111288052	114300440	1642	0.3007
82f204d0-0f7c-4494-8f2e-8f6be61db7d1	8	114300583	114900533	389	0.4062
82f204d0-0f7c-4494-8f2e-8f6be61db7d1	8	114905936	119139771	2933	0.2829
82f204d0-0f7c-4494-8f2e-8f6be61db7d1	8	119142545	119147207	4	-0.8282
82f204d0-0f7c-4494-8f2e-8f6be61db7d1	8	119150615	145072769	17934	0.3028
82f204d0-0f7c-4494-8f2e-8f6be61db7d1	9	46587	591967	474	-0.0773
82f204d0-0f7c-4494-8f2e-8f6be61db7d1	9	592077	607937	44	-1.281
82f204d0-0f7c-4494-8f2e-8f6be61db7d1	9	608659	9177874	8236	-0.0771
82f204d0-0f7c-4494-8f2e-8f6be61db7d1	9	9180804	9376272	178	-0.5919
82f204d0-0f7c-4494-8f2e-8f6be61db7d1	9	9376286	12617397	2796	-0.0254
82f204d0-0f7c-4494-8f2e-8f6be61db7d1	9	12617803	28039124	12193	-0.0897
82f204d0-0f7c-4494-8f2e-8f6be61db7d1	9	28039236	39313823	7184	-0.0562
82f204d0-0f7c-4494-8f2e-8f6be61db7d1	9	39337296	39547492	28	-0.8527
82f204d0-0f7c-4494-8f2e-8f6be61db7d1	9	39588611	41741096	105	-0.1219
82f204d0-0f7c-4494-8f2e-8f6be61db7d1	9	41741113	42585140	40	-1.964
82f204d0-0f7c-4494-8f2e-8f6be61db7d1	9	42697878	64493528	179	-0.1881
82f204d0-0f7c-4494-8f2e-8f6be61db7d1	9	64495298	64510407	8	-1.994
82f204d0-0f7c-4494-8f2e-8f6be61db7d1	9	64520620	103804216	24841	-0.099
82f204d0-0f7c-4494-8f2e-8f6be61db7d1	9	103806415	103807009	2	-3.2191
82f204d0-0f7c-4494-8f2e-8f6be61db7d1	9	103808421	104602883	649	-0.0662
82f204d0-0f7c-4494-8f2e-8f6be61db7d1	9	104602891	122124730	13437	-0.1015
82f204d0-0f7c-4494-8f2e-8f6be61db7d1	9	122125533	138200944	9004	-0.0571
82f204d0-0f7c-4494-8f2e-8f6be61db7d1	10	45792	46792344	31690	-0.0904
82f204d0-0f7c-4494-8f2e-8f6be61db7d1	10	46804606	46967412	6	-1.3792
82f204d0-0f7c-4494-8f2e-8f6be61db7d1	10	47002596	47375919	259	-0.1284
82f204d0-0f7c-4494-8f2e-8f6be61db7d1	10	47379174	47396849	9	-1.0029
82f204d0-0f7c-4494-8f2e-8f6be61db7d1	10	47397719	65546518	12408	-0.0947
82f204d0-0f7c-4494-8f2e-8f6be61db7d1	10	65548165	65554672	27	-0.671
82f204d0-0f7c-4494-8f2e-8f6be61db7d1	10	65554688	79663484	9223	-0.0846
82f204d0-0f7c-4494-8f2e-8f6be61db7d1	10	79663623	79763550	11	-0.8631
82f204d0-0f7c-4494-8f2e-8f6be61db7d1	10	79764135	98075189	12162	-0.1046
82f204d0-0f7c-4494-8f2e-8f6be61db7d1	10	98075337	98077645	8	-1.2866
82f204d0-0f7c-4494-8f2e-8f6be61db7d1	10	98085972	133654968	24758	-0.0952
82f204d0-0f7c-4494-8f2e-8f6be61db7d1	11	198510	733813	174	-0.1424
82f204d0-0f7c-4494-8f2e-8f6be61db7d1	11	741820	743813	5	-4.5526
82f204d0-0f7c-4494-8f2e-8f6be61db7d1	11	745581	4946420	2237	-0.0905
82f204d0-0f7c-4494-8f2e-8f6be61db7d1	11	4947280	4954475	28	0.4887
82f204d0-0f7c-4494-8f2e-8f6be61db7d1	11	4955027	18919309	10205	-0.11
82f204d0-0f7c-4494-8f2e-8f6be61db7d1	11	18919323	18940469	47	0.5725
82f204d0-0f7c-4494-8f2e-8f6be61db7d1	11	18940586	26866175	6285	-0.1135
82f204d0-0f7c-4494-8f2e-8f6be61db7d1	11	26866979	26867489	2	-1.9838
82f204d0-0f7c-4494-8f2e-8f6be61db7d1	11	26872341	34898754	5276	-0.1231
82f204d0-0f7c-4494-8f2e-8f6be61db7d1	11	34900254	34900586	2	-2.7858
82f204d0-0f7c-4494-8f2e-8f6be61db7d1	11	34901317	48351028	8895	-0.1145
82f204d0-0f7c-4494-8f2e-8f6be61db7d1	11	48352939	48359352	3	-2.385
82f204d0-0f7c-4494-8f2e-8f6be61db7d1	11	48359950	54924229	1023	-0.0595
82f204d0-0f7c-4494-8f2e-8f6be61db7d1	11	54933825	54934156	3	-2.6029
82f204d0-0f7c-4494-8f2e-8f6be61db7d1	11	54940988	55606572	240	-0.0107
82f204d0-0f7c-4494-8f2e-8f6be61db7d1	11	55606712	55674842	46	0.4636
82f204d0-0f7c-4494-8f2e-8f6be61db7d1	11	55676735	59043768	2084	-0.1041
82f204d0-0f7c-4494-8f2e-8f6be61db7d1	11	59043992	59086292	21	0.5674
82f204d0-0f7c-4494-8f2e-8f6be61db7d1	11	59087546	90833345	18297	-0.1031
82f204d0-0f7c-4494-8f2e-8f6be61db7d1	11	90835019	90837870	4	-3.4592
82f204d0-0f7c-4494-8f2e-8f6be61db7d1	11	90838996	92152120	934	-0.0941
82f204d0-0f7c-4494-8f2e-8f6be61db7d1	11	92152330	92152402	2	-2.0748
82f204d0-0f7c-4494-8f2e-8f6be61db7d1	11	92156207	93599015	1047	-0.1157
82f204d0-0f7c-4494-8f2e-8f6be61db7d1	11	93599170	93599361	2	-2.5202
82f204d0-0f7c-4494-8f2e-8f6be61db7d1	11	93603783	105053135	8463	-0.1136
82f204d0-0f7c-4494-8f2e-8f6be61db7d1	11	105053236	105053831	3	-2.916
82f204d0-0f7c-4494-8f2e-8f6be61db7d1	11	105053986	107359993	1467	-0.1135
82f204d0-0f7c-4494-8f2e-8f6be61db7d1	11	107367930	107368205	6	1.1926
82f204d0-0f7c-4494-8f2e-8f6be61db7d1	11	107368402	135074876	19889	-0.1206
82f204d0-0f7c-4494-8f2e-8f6be61db7d1	12	51460	281388	146	0.1211
82f204d0-0f7c-4494-8f2e-8f6be61db7d1	12	281861	8178200	5381	0.3223
82f204d0-0f7c-4494-8f2e-8f6be61db7d1	12	8182301	8405892	66	0.1645
82f204d0-0f7c-4494-8f2e-8f6be61db7d1	12	8406040	8422427	12	-0.552
82f204d0-0f7c-4494-8f2e-8f6be61db7d1	12	8422738	9498697	569	0.3509
82f204d0-0f7c-4494-8f2e-8f6be61db7d1	12	9498795	9575696	19	0.9378
82f204d0-0f7c-4494-8f2e-8f6be61db7d1	12	9582373	34054074	17168	0.3075
82f204d0-0f7c-4494-8f2e-8f6be61db7d1	12	34055421	34063370	6	-0.7184
82f204d0-0f7c-4494-8f2e-8f6be61db7d1	12	34064565	45510655	5023	0.3084
82f204d0-0f7c-4494-8f2e-8f6be61db7d1	12	45512057	45515754	3	1.7728
82f204d0-0f7c-4494-8f2e-8f6be61db7d1	12	45519509	57433259	6681	0.3215
82f204d0-0f7c-4494-8f2e-8f6be61db7d1	12	57433622	70478078	8487	0.2978
82f204d0-0f7c-4494-8f2e-8f6be61db7d1	12	70478895	70485605	10	-0.6448
82f204d0-0f7c-4494-8f2e-8f6be61db7d1	12	70485653	87132845	10322	0.2958
82f204d0-0f7c-4494-8f2e-8f6be61db7d1	12	87137136	87139484	3	-1.1836
82f204d0-0f7c-4494-8f2e-8f6be61db7d1	12	87144615	115717937	19079	0.2837
82f204d0-0f7c-4494-8f2e-8f6be61db7d1	12	115718048	133201603	11833	0.3294
82f204d0-0f7c-4494-8f2e-8f6be61db7d1	13	18452809	24935368	4320	-0.0882
82f204d0-0f7c-4494-8f2e-8f6be61db7d1	13	24935708	24941205	5	-1.5617
82f204d0-0f7c-4494-8f2e-8f6be61db7d1	13	24942153	37496233	9142	-0.1119
82f204d0-0f7c-4494-8f2e-8f6be61db7d1	13	37496998	37510406	15	0.6073
82f204d0-0f7c-4494-8f2e-8f6be61db7d1	13	37510595	57184255	12513	-0.1045
82f204d0-0f7c-4494-8f2e-8f6be61db7d1	13	57184492	57204234	29	-0.5633
82f204d0-0f7c-4494-8f2e-8f6be61db7d1	13	57204246	62985760	3417	-0.1069
82f204d0-0f7c-4494-8f2e-8f6be61db7d1	13	62986071	66940118	2453	-0.0552
82f204d0-0f7c-4494-8f2e-8f6be61db7d1	13	66940132	71902850	3110	-0.1022
82f204d0-0f7c-4494-8f2e-8f6be61db7d1	13	71903417	71906418	4	1.1337
82f204d0-0f7c-4494-8f2e-8f6be61db7d1	13	71906467	90127301	11843	-0.1128
82f204d0-0f7c-4494-8f2e-8f6be61db7d1	13	90133610	90951681	488	0.5979
82f204d0-0f7c-4494-8f2e-8f6be61db7d1	13	90952629	94978603	2815	-0.1189
82f204d0-0f7c-4494-8f2e-8f6be61db7d1	13	94979802	97559186	1583	0.5777
82f204d0-0f7c-4494-8f2e-8f6be61db7d1	13	97560310	98757845	878	-0.1094
82f204d0-0f7c-4494-8f2e-8f6be61db7d1	13	98761449	101037628	1449	0.5889
82f204d0-0f7c-4494-8f2e-8f6be61db7d1	13	101037702	101576850	470	-0.1009
82f204d0-0f7c-4494-8f2e-8f6be61db7d1	13	101583462	114342922	9542	0.6121
82f204d0-0f7c-4494-8f2e-8f6be61db7d1	14	18239283	19078442	32	-0.6717
82f204d0-0f7c-4494-8f2e-8f6be61db7d1	14	19110634	20031102	182	-0.3024
82f204d0-0f7c-4494-8f2e-8f6be61db7d1	14	20031200	55935836	22588	-0.7295
82f204d0-0f7c-4494-8f2e-8f6be61db7d1	14	55938727	55938761	2	-4.5118
82f204d0-0f7c-4494-8f2e-8f6be61db7d1	14	55938803	67575538	7349	-0.7415
82f204d0-0f7c-4494-8f2e-8f6be61db7d1	14	67575857	67577288	2	-4.8435
82f204d0-0f7c-4494-8f2e-8f6be61db7d1	14	67578192	104200315	23983	-0.7293
82f204d0-0f7c-4494-8f2e-8f6be61db7d1	14	104202489	104206884	2	-4.1805
82f204d0-0f7c-4494-8f2e-8f6be61db7d1	14	104213059	106877229	936	-0.6669
82f204d0-0f7c-4494-8f2e-8f6be61db7d1	15	19811075	19914114	18	-0.1159
82f204d0-0f7c-4494-8f2e-8f6be61db7d1	15	19917354	19989485	25	-0.9018
82f204d0-0f7c-4494-8f2e-8f6be61db7d1	15	19998708	22622986	177	-0.2636
82f204d0-0f7c-4494-8f2e-8f6be61db7d1	15	22624663	26315045	2342	-0.0712
82f204d0-0f7c-4494-8f2e-8f6be61db7d1	15	26317005	26318009	2	-4.1984
82f204d0-0f7c-4494-8f2e-8f6be61db7d1	15	26318441	26329579	9	0.0501
82f204d0-0f7c-4494-8f2e-8f6be61db7d1	15	26336302	26336736	3	-2.2665
82f204d0-0f7c-4494-8f2e-8f6be61db7d1	15	26340466	27673477	997	-0.0804
82f204d0-0f7c-4494-8f2e-8f6be61db7d1	15	27674351	27682157	12	-0.9107
82f204d0-0f7c-4494-8f2e-8f6be61db7d1	15	27682660	56498657	17537	-0.0849
82f204d0-0f7c-4494-8f2e-8f6be61db7d1	15	56498682	56508779	21	-0.8956
82f204d0-0f7c-4494-8f2e-8f6be61db7d1	15	56509425	66797593	7007	-0.0772
82f204d0-0f7c-4494-8f2e-8f6be61db7d1	15	66797940	66798027	2	-1.7838
82f204d0-0f7c-4494-8f2e-8f6be61db7d1	15	66798388	76599481	5735	-0.0799
82f204d0-0f7c-4494-8f2e-8f6be61db7d1	15	76599536	76603434	17	-0.7488
82f204d0-0f7c-4494-8f2e-8f6be61db7d1	15	76609838	101928837	17598	-0.079
82f204d0-0f7c-4494-8f2e-8f6be61db7d1	16	10777	15878284	11503	0.3495
82f204d0-0f7c-4494-8f2e-8f6be61db7d1	16	15886652	15923646	24	0.8636
82f204d0-0f7c-4494-8f2e-8f6be61db7d1	16	15930179	18162067	1240	0.3303
82f204d0-0f7c-4494-8f2e-8f6be61db7d1	16	18168316	18212128	4	-1.5332
82f204d0-0f7c-4494-8f2e-8f6be61db7d1	16	18260900	26904141	5062	0.3319
82f204d0-0f7c-4494-8f2e-8f6be61db7d1	16	26906833	26907090	2	-3.5805
82f204d0-0f7c-4494-8f2e-8f6be61db7d1	16	26910566	55764310	9093	0.3277
82f204d0-0f7c-4494-8f2e-8f6be61db7d1	16	55764850	55764867	2	2.9606
82f204d0-0f7c-4494-8f2e-8f6be61db7d1	16	55770436	76764575	12676	0.323
82f204d0-0f7c-4494-8f2e-8f6be61db7d1	16	76764612	76772531	3	-1.912
82f204d0-0f7c-4494-8f2e-8f6be61db7d1	16	76774655	90096867	12235	0.3284
82f204d0-0f7c-4494-8f2e-8f6be61db7d1	17	150733	1970461	866	0.3514
82f204d0-0f7c-4494-8f2e-8f6be61db7d1	17	1981831	10855953	5373	-0.6812
82f204d0-0f7c-4494-8f2e-8f6be61db7d1	17	10858883	10863813	8	-4.0965
82f204d0-0f7c-4494-8f2e-8f6be61db7d1	17	10864032	18414080	5070	-0.698
82f204d0-0f7c-4494-8f2e-8f6be61db7d1	17	18452078	18561907	27	-1.5823
82f204d0-0f7c-4494-8f2e-8f6be61db7d1	17	18565883	22717613	1462	-0.6805
82f204d0-0f7c-4494-8f2e-8f6be61db7d1	17	22718075	29289644	1152	-0.0583
82f204d0-0f7c-4494-8f2e-8f6be61db7d1	17	29297507	29526332	99	-0.6298
82f204d0-0f7c-4494-8f2e-8f6be61db7d1	17	29526717	29545490	11	0.0654
82f204d0-0f7c-4494-8f2e-8f6be61db7d1	17	29549509	29592622	21	-0.6165
82f204d0-0f7c-4494-8f2e-8f6be61db7d1	17	29596971	41265456	6642	-0.0658
82f204d0-0f7c-4494-8f2e-8f6be61db7d1	17	41266762	41274279	24	0.4548
82f204d0-0f7c-4494-8f2e-8f6be61db7d1	17	41276472	46171482	2570	-0.052
82f204d0-0f7c-4494-8f2e-8f6be61db7d1	17	46172472	46707286	61	0.2645
82f204d0-0f7c-4494-8f2e-8f6be61db7d1	17	46707312	51543510	2527	-0.058
82f204d0-0f7c-4494-8f2e-8f6be61db7d1	17	51544337	74897033	14913	-0.0877
82f204d0-0f7c-4494-8f2e-8f6be61db7d1	17	74897639	82691356	3882	-0.0531
82f204d0-0f7c-4494-8f2e-8f6be61db7d1	17	82695004	82700570	16	-0.702
82f204d0-0f7c-4494-8f2e-8f6be61db7d1	17	82702812	83091923	192	-0.015
82f204d0-0f7c-4494-8f2e-8f6be61db7d1	18	48133	63653064	38602	-0.0905
82f204d0-0f7c-4494-8f2e-8f6be61db7d1	18	63655761	63656001	3	-1.7602
82f204d0-0f7c-4494-8f2e-8f6be61db7d1	18	63656542	65962328	1603	-0.0744
82f204d0-0f7c-4494-8f2e-8f6be61db7d1	18	65969815	65972888	6	-1.2425
82f204d0-0f7c-4494-8f2e-8f6be61db7d1	18	65973172	66060309	59	-0.0511
82f204d0-0f7c-4494-8f2e-8f6be61db7d1	18	66060363	66065502	11	-0.6809
82f204d0-0f7c-4494-8f2e-8f6be61db7d1	18	66065527	67292086	821	-0.0749
82f204d0-0f7c-4494-8f2e-8f6be61db7d1	18	67292135	67300028	18	-0.71
82f204d0-0f7c-4494-8f2e-8f6be61db7d1	18	67300481	71392837	2993	-0.0754
82f204d0-0f7c-4494-8f2e-8f6be61db7d1	18	71393503	71725560	276	0.0014
82f204d0-0f7c-4494-8f2e-8f6be61db7d1	18	71725624	71726377	2	-1.7579
82f204d0-0f7c-4494-8f2e-8f6be61db7d1	18	71727716	73492748	1386	0.0035
82f204d0-0f7c-4494-8f2e-8f6be61db7d1	18	73493610	80257174	4926	-0.0769
82f204d0-0f7c-4494-8f2e-8f6be61db7d1	19	90910	7142832	2377	-0.0577
82f204d0-0f7c-4494-8f2e-8f6be61db7d1	19	7142894	19471780	5998	-0.0184
82f204d0-0f7c-4494-8f2e-8f6be61db7d1	19	19474115	35358420	8311	-0.0583
82f204d0-0f7c-4494-8f2e-8f6be61db7d1	19	35364451	35370946	21	0.5855
82f204d0-0f7c-4494-8f2e-8f6be61db7d1	19	35375842	54215099	9763	-0.0303
82f204d0-0f7c-4494-8f2e-8f6be61db7d1	19	54215136	54237443	17	-0.8779
82f204d0-0f7c-4494-8f2e-8f6be61db7d1	19	54249482	58586487	2587	-0.0298
82f204d0-0f7c-4494-8f2e-8f6be61db7d1	20	80664	1586808	1207	0.3399
82f204d0-0f7c-4494-8f2e-8f6be61db7d1	20	1587007	1617300	39	-0.5578
82f204d0-0f7c-4494-8f2e-8f6be61db7d1	20	1617460	16584816	11624	0.3227
82f204d0-0f7c-4494-8f2e-8f6be61db7d1	20	16587417	16605989	31	-0.8977
82f204d0-0f7c-4494-8f2e-8f6be61db7d1	20	16606585	26324855	7107	0.309
82f204d0-0f7c-4494-8f2e-8f6be61db7d1	20	26324943	30295149	19	-0.8403
82f204d0-0f7c-4494-8f2e-8f6be61db7d1	20	30295239	64324800	22334	0.3194
82f204d0-0f7c-4494-8f2e-8f6be61db7d1	21	10354168	13359063	182	-0.4227
82f204d0-0f7c-4494-8f2e-8f6be61db7d1	21	13363977	43297123	21827	-0.7275
82f204d0-0f7c-4494-8f2e-8f6be61db7d1	21	43297318	43309959	4	-4.0719
82f204d0-0f7c-4494-8f2e-8f6be61db7d1	21	43313191	46677045	1705	-0.7081
82f204d0-0f7c-4494-8f2e-8f6be61db7d1	22	15294547	19990982	1822	-0.085
82f204d0-0f7c-4494-8f2e-8f6be61db7d1	22	19991035	20000742	7	-1.4735
82f204d0-0f7c-4494-8f2e-8f6be61db7d1	22	20000761	50796027	21416	-0.078
82f204d0-0f7c-4494-8f2e-8f6be61db7d1	X	251810	2801070	120	-0.0377
82f204d0-0f7c-4494-8f2e-8f6be61db7d1	X	2815600	2815750	2	-2.1975
82f204d0-0f7c-4494-8f2e-8f6be61db7d1	X	2819241	4131408	794	0.0156
82f204d0-0f7c-4494-8f2e-8f6be61db7d1	X	4131545	4132418	2	-5.6525
82f204d0-0f7c-4494-8f2e-8f6be61db7d1	X	4132436	155952689	82416	0.0169
82f204d0-0f7c-4494-8f2e-8f6be61db7d1	Y	2782397	9685653	2308	-1.0583
82f204d0-0f7c-4494-8f2e-8f6be61db7d1	Y	9759940	9811130	3	-3.3058
82f204d0-0f7c-4494-8f2e-8f6be61db7d1	Y	9870332	56872112	4325	-1.0533
