Sample	Chromosome	Start	End	Num_Probes	Segment_Mean
BUBBY_p_TCGA_b89_105_SNP_N_GenomeWideSNP_6_C03_777502	1	51598	88451	16	-0.5575
BUBBY_p_TCGA_b89_105_SNP_N_GenomeWideSNP_6_C03_777502	1	88465	17062591	8820	-0.001
BUBBY_p_TCGA_b89_105_SNP_N_GenomeWideSNP_6_C03_777502	1	17063449	17134834	62	0.3285
BUBBY_p_TCGA_b89_105_SNP_N_GenomeWideSNP_6_C03_777502	1	17148828	25477053	5286	-0.0021
BUBBY_p_TCGA_b89_105_SNP_N_GenomeWideSNP_6_C03_777502	1	25477645	25484039	3	1.4138
BUBBY_p_TCGA_b89_105_SNP_N_GenomeWideSNP_6_C03_777502	1	25488883	72522941	28791	0.0024
BUBBY_p_TCGA_b89_105_SNP_N_GenomeWideSNP_6_C03_777502	1	72528701	72535958	9	-1.0298
BUBBY_p_TCGA_b89_105_SNP_N_GenomeWideSNP_6_C03_777502	1	72541006	72583721	47	0.543
BUBBY_p_TCGA_b89_105_SNP_N_GenomeWideSNP_6_C03_777502	1	72583736	75823432	1933	0.0034
BUBBY_p_TCGA_b89_105_SNP_N_GenomeWideSNP_6_C03_777502	1	75827351	75827442	2	-2.4502
BUBBY_p_TCGA_b89_105_SNP_N_GenomeWideSNP_6_C03_777502	1	75832097	103958859	18167	0.0056
BUBBY_p_TCGA_b89_105_SNP_N_GenomeWideSNP_6_C03_777502	1	103959832	104061555	27	0.8014
BUBBY_p_TCGA_b89_105_SNP_N_GenomeWideSNP_6_C03_777502	1	104061762	108712268	2960	5e-04
BUBBY_p_TCGA_b89_105_SNP_N_GenomeWideSNP_6_C03_777502	1	108729983	108787704	10	-0.6978
BUBBY_p_TCGA_b89_105_SNP_N_GenomeWideSNP_6_C03_777502	1	108787720	110034497	643	-0.016
BUBBY_p_TCGA_b89_105_SNP_N_GenomeWideSNP_6_C03_777502	1	110034560	110044476	17	-1.4028
BUBBY_p_TCGA_b89_105_SNP_N_GenomeWideSNP_6_C03_777502	1	110046521	147509287	8479	0.0084
BUBBY_p_TCGA_b89_105_SNP_N_GenomeWideSNP_6_C03_777502	1	147509349	147521544	21	0.4043
BUBBY_p_TCGA_b89_105_SNP_N_GenomeWideSNP_6_C03_777502	1	147523315	150822151	1530	0.0068
BUBBY_p_TCGA_b89_105_SNP_N_GenomeWideSNP_6_C03_777502	1	150822330	150852862	31	-1.9363
BUBBY_p_TCGA_b89_105_SNP_N_GenomeWideSNP_6_C03_777502	1	150852902	150853218	4	-0.6623
BUBBY_p_TCGA_b89_105_SNP_N_GenomeWideSNP_6_C03_777502	1	150857118	151023430	168	9e-04
BUBBY_p_TCGA_b89_105_SNP_N_GenomeWideSNP_6_C03_777502	1	151024314	151043379	41	0.3382
BUBBY_p_TCGA_b89_105_SNP_N_GenomeWideSNP_6_C03_777502	1	151045067	154757603	1919	0.0031
BUBBY_p_TCGA_b89_105_SNP_N_GenomeWideSNP_6_C03_777502	1	154757670	154759698	2	-1.2653
BUBBY_p_TCGA_b89_105_SNP_N_GenomeWideSNP_6_C03_777502	1	154760974	155745162	577	0.0048
BUBBY_p_TCGA_b89_105_SNP_N_GenomeWideSNP_6_C03_777502	1	155749078	155749571	2	-1.7852
BUBBY_p_TCGA_b89_105_SNP_N_GenomeWideSNP_6_C03_777502	1	155749897	167483561	8847	-9e-04
BUBBY_p_TCGA_b89_105_SNP_N_GenomeWideSNP_6_C03_777502	1	167500598	167505355	5	0.957
BUBBY_p_TCGA_b89_105_SNP_N_GenomeWideSNP_6_C03_777502	1	167505369	173063028	3526	0.0099
BUBBY_p_TCGA_b89_105_SNP_N_GenomeWideSNP_6_C03_777502	1	173063179	173068463	16	-2.4037
BUBBY_p_TCGA_b89_105_SNP_N_GenomeWideSNP_6_C03_777502	1	173068477	192714857	13216	0.0025
BUBBY_p_TCGA_b89_105_SNP_N_GenomeWideSNP_6_C03_777502	1	192718034	192721641	2	1.7217
BUBBY_p_TCGA_b89_105_SNP_N_GenomeWideSNP_6_C03_777502	1	192723639	194994473	1454	0.0118
BUBBY_p_TCGA_b89_105_SNP_N_GenomeWideSNP_6_C03_777502	1	194997658	195068610	90	-0.4033
BUBBY_p_TCGA_b89_105_SNP_N_GenomeWideSNP_6_C03_777502	1	195068625	246863836	35831	0.0054
BUBBY_p_TCGA_b89_105_SNP_N_GenomeWideSNP_6_C03_777502	1	246875180	246891886	7	-1.3779
BUBBY_p_TCGA_b89_105_SNP_N_GenomeWideSNP_6_C03_777502	1	246892443	247191011	137	0.0112
BUBBY_p_TCGA_b89_105_SNP_N_GenomeWideSNP_6_C03_777502	2	2784	34544573	24127	0.0025
BUBBY_p_TCGA_b89_105_SNP_N_GenomeWideSNP_6_C03_777502	2	34552819	34590561	45	-1.8999
BUBBY_p_TCGA_b89_105_SNP_N_GenomeWideSNP_6_C03_777502	2	34590667	35829477	876	0.0133
BUBBY_p_TCGA_b89_105_SNP_N_GenomeWideSNP_6_C03_777502	2	35831294	35840220	4	-2.0951
BUBBY_p_TCGA_b89_105_SNP_N_GenomeWideSNP_6_C03_777502	2	35840412	52612294	12182	0.0071
BUBBY_p_TCGA_b89_105_SNP_N_GenomeWideSNP_6_C03_777502	2	52612319	52635046	30	-0.6347
BUBBY_p_TCGA_b89_105_SNP_N_GenomeWideSNP_6_C03_777502	2	52641453	97484644	24106	0.005
BUBBY_p_TCGA_b89_105_SNP_N_GenomeWideSNP_6_C03_777502	2	97507179	97528142	8	-1.1928
BUBBY_p_TCGA_b89_105_SNP_N_GenomeWideSNP_6_C03_777502	2	97528621	114078485	9437	0.0032
BUBBY_p_TCGA_b89_105_SNP_N_GenomeWideSNP_6_C03_777502	2	114078884	114078886	2	-2.0369
BUBBY_p_TCGA_b89_105_SNP_N_GenomeWideSNP_6_C03_777502	2	114097291	117302119	1949	0.0043
BUBBY_p_TCGA_b89_105_SNP_N_GenomeWideSNP_6_C03_777502	2	117305056	117306323	3	-1.6561
BUBBY_p_TCGA_b89_105_SNP_N_GenomeWideSNP_6_C03_777502	2	117307715	118939791	1093	0.0085
BUBBY_p_TCGA_b89_105_SNP_N_GenomeWideSNP_6_C03_777502	2	118941038	118949018	3	-1.3776
BUBBY_p_TCGA_b89_105_SNP_N_GenomeWideSNP_6_C03_777502	2	118951806	123958680	3235	-0.0035
BUBBY_p_TCGA_b89_105_SNP_N_GenomeWideSNP_6_C03_777502	2	123960276	124040882	63	-1.0405
BUBBY_p_TCGA_b89_105_SNP_N_GenomeWideSNP_6_C03_777502	2	124042285	129175879	3136	0.008
BUBBY_p_TCGA_b89_105_SNP_N_GenomeWideSNP_6_C03_777502	2	129180187	129189376	2	-2.1869
BUBBY_p_TCGA_b89_105_SNP_N_GenomeWideSNP_6_C03_777502	2	129189478	129354548	134	-0.033
BUBBY_p_TCGA_b89_105_SNP_N_GenomeWideSNP_6_C03_777502	2	129354948	129356785	15	-0.6775
BUBBY_p_TCGA_b89_105_SNP_N_GenomeWideSNP_6_C03_777502	2	129356799	146580899	10490	0.006
BUBBY_p_TCGA_b89_105_SNP_N_GenomeWideSNP_6_C03_777502	2	146580913	146583404	22	0.7028
BUBBY_p_TCGA_b89_105_SNP_N_GenomeWideSNP_6_C03_777502	2	146594276	242738129	59178	6e-04
BUBBY_p_TCGA_b89_105_SNP_N_GenomeWideSNP_6_C03_777502	3	35345	46024712	32786	0.0138
BUBBY_p_TCGA_b89_105_SNP_N_GenomeWideSNP_6_C03_777502	3	46024840	46026747	3	-1.4043
BUBBY_p_TCGA_b89_105_SNP_N_GenomeWideSNP_6_C03_777502	3	46028585	47453513	788	-0.0115
BUBBY_p_TCGA_b89_105_SNP_N_GenomeWideSNP_6_C03_777502	3	47466826	47467724	2	-2.2493
BUBBY_p_TCGA_b89_105_SNP_N_GenomeWideSNP_6_C03_777502	3	47472218	68828854	14305	0.0106
BUBBY_p_TCGA_b89_105_SNP_N_GenomeWideSNP_6_C03_777502	3	68828949	68831448	15	-0.6714
BUBBY_p_TCGA_b89_105_SNP_N_GenomeWideSNP_6_C03_777502	3	68831476	89607783	12794	0.0082
BUBBY_p_TCGA_b89_105_SNP_N_GenomeWideSNP_6_C03_777502	3	89619146	89629707	6	-0.9956
BUBBY_p_TCGA_b89_105_SNP_N_GenomeWideSNP_6_C03_777502	3	89635434	133475427	23458	0.0037
BUBBY_p_TCGA_b89_105_SNP_N_GenomeWideSNP_6_C03_777502	3	133475463	133478374	3	-2.4095
BUBBY_p_TCGA_b89_105_SNP_N_GenomeWideSNP_6_C03_777502	3	133483167	164013564	18868	0.0135
BUBBY_p_TCGA_b89_105_SNP_N_GenomeWideSNP_6_C03_777502	3	164015644	164028410	8	-1.0689
BUBBY_p_TCGA_b89_105_SNP_N_GenomeWideSNP_6_C03_777502	3	164028923	164197211	119	-0.0742
BUBBY_p_TCGA_b89_105_SNP_N_GenomeWideSNP_6_C03_777502	3	164200421	164202256	2	-2.2512
BUBBY_p_TCGA_b89_105_SNP_N_GenomeWideSNP_6_C03_777502	3	164208853	166523557	1244	0.0132
BUBBY_p_TCGA_b89_105_SNP_N_GenomeWideSNP_6_C03_777502	3	166524242	166564633	65	-0.8207
BUBBY_p_TCGA_b89_105_SNP_N_GenomeWideSNP_6_C03_777502	3	166568123	176563305	6285	0.0094
BUBBY_p_TCGA_b89_105_SNP_N_GenomeWideSNP_6_C03_777502	3	176563441	176563920	4	-1.0598
BUBBY_p_TCGA_b89_105_SNP_N_GenomeWideSNP_6_C03_777502	3	176564019	196875861	13045	0.0078
BUBBY_p_TCGA_b89_105_SNP_N_GenomeWideSNP_6_C03_777502	3	196884256	196950537	42	-0.3043
BUBBY_p_TCGA_b89_105_SNP_N_GenomeWideSNP_6_C03_777502	3	196959467	196960434	3	-0.9939
BUBBY_p_TCGA_b89_105_SNP_N_GenomeWideSNP_6_C03_777502	3	196964365	199380515	1174	0.0021
BUBBY_p_TCGA_b89_105_SNP_N_GenomeWideSNP_6_C03_777502	4	2281	3682804	1576	0.0043
BUBBY_p_TCGA_b89_105_SNP_N_GenomeWideSNP_6_C03_777502	4	3683063	3684239	4	-1.3908
BUBBY_p_TCGA_b89_105_SNP_N_GenomeWideSNP_6_C03_777502	4	3685401	69057550	40804	0.0043
BUBBY_p_TCGA_b89_105_SNP_N_GenomeWideSNP_6_C03_777502	4	69057755	69168435	62	-0.5382
BUBBY_p_TCGA_b89_105_SNP_N_GenomeWideSNP_6_C03_777502	4	69168574	70424305	499	0.0367
BUBBY_p_TCGA_b89_105_SNP_N_GenomeWideSNP_6_C03_777502	4	70424450	70425368	2	-2.5756
BUBBY_p_TCGA_b89_105_SNP_N_GenomeWideSNP_6_C03_777502	4	70426477	81554971	6806	0.0054
BUBBY_p_TCGA_b89_105_SNP_N_GenomeWideSNP_6_C03_777502	4	81556958	81585941	22	0.705
BUBBY_p_TCGA_b89_105_SNP_N_GenomeWideSNP_6_C03_777502	4	81589116	115393149	20434	0.0042
BUBBY_p_TCGA_b89_105_SNP_N_GenomeWideSNP_6_C03_777502	4	115394772	115401624	23	-1.4582
BUBBY_p_TCGA_b89_105_SNP_N_GenomeWideSNP_6_C03_777502	4	115403678	172605921	34760	0.0065
BUBBY_p_TCGA_b89_105_SNP_N_GenomeWideSNP_6_C03_777502	4	172611459	172614285	10	1.9583
BUBBY_p_TCGA_b89_105_SNP_N_GenomeWideSNP_6_C03_777502	4	172614299	173224503	398	-0.0047
BUBBY_p_TCGA_b89_105_SNP_N_GenomeWideSNP_6_C03_777502	4	173225723	173226080	10	-1.7034
BUBBY_p_TCGA_b89_105_SNP_N_GenomeWideSNP_6_C03_777502	4	173226094	191261904	12137	0.0156
BUBBY_p_TCGA_b89_105_SNP_N_GenomeWideSNP_6_C03_777502	5	68532	949815	384	-0.0185
BUBBY_p_TCGA_b89_105_SNP_N_GenomeWideSNP_6_C03_777502	5	958701	961540	3	-1.3268
BUBBY_p_TCGA_b89_105_SNP_N_GenomeWideSNP_6_C03_777502	5	966391	8755240	6582	0.012
BUBBY_p_TCGA_b89_105_SNP_N_GenomeWideSNP_6_C03_777502	5	8755522	8800142	47	-0.8956
BUBBY_p_TCGA_b89_105_SNP_N_GenomeWideSNP_6_C03_777502	5	8802731	12853889	3212	0.0216
BUBBY_p_TCGA_b89_105_SNP_N_GenomeWideSNP_6_C03_777502	5	12868780	12879650	11	-1.378
BUBBY_p_TCGA_b89_105_SNP_N_GenomeWideSNP_6_C03_777502	5	12886857	17568801	3187	0.0096
BUBBY_p_TCGA_b89_105_SNP_N_GenomeWideSNP_6_C03_777502	5	17644656	17658332	15	-0.7963
BUBBY_p_TCGA_b89_105_SNP_N_GenomeWideSNP_6_C03_777502	5	17662218	135329916	70035	0.009
BUBBY_p_TCGA_b89_105_SNP_N_GenomeWideSNP_6_C03_777502	5	135331656	135362746	33	-1.163
BUBBY_p_TCGA_b89_105_SNP_N_GenomeWideSNP_6_C03_777502	5	135362972	150182398	9173	-0.0033
BUBBY_p_TCGA_b89_105_SNP_N_GenomeWideSNP_6_C03_777502	5	150185693	150198797	8	-0.7887
BUBBY_p_TCGA_b89_105_SNP_N_GenomeWideSNP_6_C03_777502	5	150203580	151494364	964	-0.0056
BUBBY_p_TCGA_b89_105_SNP_N_GenomeWideSNP_6_C03_777502	5	151495579	151498544	14	-0.8549
BUBBY_p_TCGA_b89_105_SNP_N_GenomeWideSNP_6_C03_777502	5	151500464	155409576	2667	-0.0017
BUBBY_p_TCGA_b89_105_SNP_N_GenomeWideSNP_6_C03_777502	5	155411340	155427837	15	-0.4841
BUBBY_p_TCGA_b89_105_SNP_N_GenomeWideSNP_6_C03_777502	5	155433570	164766196	6166	0.0043
BUBBY_p_TCGA_b89_105_SNP_N_GenomeWideSNP_6_C03_777502	5	164768834	164779037	4	-1.1977
BUBBY_p_TCGA_b89_105_SNP_N_GenomeWideSNP_6_C03_777502	5	164779355	180722926	10669	0.0019
BUBBY_p_TCGA_b89_105_SNP_N_GenomeWideSNP_6_C03_777502	6	94661	239837	124	-0.0062
BUBBY_p_TCGA_b89_105_SNP_N_GenomeWideSNP_6_C03_777502	6	247306	326149	78	-0.3917
BUBBY_p_TCGA_b89_105_SNP_N_GenomeWideSNP_6_C03_777502	6	327559	29945051	21560	0.0107
BUBBY_p_TCGA_b89_105_SNP_N_GenomeWideSNP_6_C03_777502	6	29945166	29982621	22	-0.7588
BUBBY_p_TCGA_b89_105_SNP_N_GenomeWideSNP_6_C03_777502	6	29982688	31394284	670	0.0235
BUBBY_p_TCGA_b89_105_SNP_N_GenomeWideSNP_6_C03_777502	6	31394510	31404430	9	-0.8217
BUBBY_p_TCGA_b89_105_SNP_N_GenomeWideSNP_6_C03_777502	6	31417903	32562501	511	0.0546
BUBBY_p_TCGA_b89_105_SNP_N_GenomeWideSNP_6_C03_777502	6	32564661	32609277	14	1.4554
BUBBY_p_TCGA_b89_105_SNP_N_GenomeWideSNP_6_C03_777502	6	32616454	32682359	21	0.5316
BUBBY_p_TCGA_b89_105_SNP_N_GenomeWideSNP_6_C03_777502	6	32686060	77493251	26096	0.0014
BUBBY_p_TCGA_b89_105_SNP_N_GenomeWideSNP_6_C03_777502	6	77496587	77509111	16	0.4744
BUBBY_p_TCGA_b89_105_SNP_N_GenomeWideSNP_6_C03_777502	6	77509165	79025784	986	-0.0032
BUBBY_p_TCGA_b89_105_SNP_N_GenomeWideSNP_6_C03_777502	6	79025824	79091904	112	0.371
BUBBY_p_TCGA_b89_105_SNP_N_GenomeWideSNP_6_C03_777502	6	79095953	80663438	989	0.0143
BUBBY_p_TCGA_b89_105_SNP_N_GenomeWideSNP_6_C03_777502	6	80664269	80669465	8	-1.0391
BUBBY_p_TCGA_b89_105_SNP_N_GenomeWideSNP_6_C03_777502	6	80671303	103841522	14503	0.0067
BUBBY_p_TCGA_b89_105_SNP_N_GenomeWideSNP_6_C03_777502	6	103844669	103872363	48	0.6963
BUBBY_p_TCGA_b89_105_SNP_N_GenomeWideSNP_6_C03_777502	6	103872404	157699483	34821	0.006
BUBBY_p_TCGA_b89_105_SNP_N_GenomeWideSNP_6_C03_777502	6	157701252	157716064	3	-1.5089
BUBBY_p_TCGA_b89_105_SNP_N_GenomeWideSNP_6_C03_777502	6	157716982	160952555	2166	0.0083
BUBBY_p_TCGA_b89_105_SNP_N_GenomeWideSNP_6_C03_777502	6	160952709	160988032	6	1.1544
BUBBY_p_TCGA_b89_105_SNP_N_GenomeWideSNP_6_C03_777502	6	160988098	170892930	7269	0.0151
BUBBY_p_TCGA_b89_105_SNP_N_GenomeWideSNP_6_C03_777502	7	52911	71798	2	-0.2598
BUBBY_p_TCGA_b89_105_SNP_N_GenomeWideSNP_6_C03_777502	7	138438	160848	29	0.5658
BUBBY_p_TCGA_b89_105_SNP_N_GenomeWideSNP_6_C03_777502	7	163399	3355616	1398	-0.002
BUBBY_p_TCGA_b89_105_SNP_N_GenomeWideSNP_6_C03_777502	7	3361605	3361852	5	-1.5567
BUBBY_p_TCGA_b89_105_SNP_N_GenomeWideSNP_6_C03_777502	7	3365286	70058374	43477	0.0083
BUBBY_p_TCGA_b89_105_SNP_N_GenomeWideSNP_6_C03_777502	7	70061186	70064077	2	-2.1696
BUBBY_p_TCGA_b89_105_SNP_N_GenomeWideSNP_6_C03_777502	7	70066179	109217286	22515	0.0074
BUBBY_p_TCGA_b89_105_SNP_N_GenomeWideSNP_6_C03_777502	7	109220983	109241146	39	-0.3512
BUBBY_p_TCGA_b89_105_SNP_N_GenomeWideSNP_6_C03_777502	7	109241218	133435717	14761	-3e-04
BUBBY_p_TCGA_b89_105_SNP_N_GenomeWideSNP_6_C03_777502	7	133435735	133449098	34	0.3861
BUBBY_p_TCGA_b89_105_SNP_N_GenomeWideSNP_6_C03_777502	7	133449386	141409593	5205	0.0017
BUBBY_p_TCGA_b89_105_SNP_N_GenomeWideSNP_6_C03_777502	7	141416112	141445629	47	-0.6359
BUBBY_p_TCGA_b89_105_SNP_N_GenomeWideSNP_6_C03_777502	7	141452011	143527185	1313	0.0059
BUBBY_p_TCGA_b89_105_SNP_N_GenomeWideSNP_6_C03_777502	7	143535212	143697880	43	0.4916
BUBBY_p_TCGA_b89_105_SNP_N_GenomeWideSNP_6_C03_777502	7	143705862	158810207	9685	0.0016
BUBBY_p_TCGA_b89_105_SNP_N_GenomeWideSNP_6_C03_777502	7	158810254	158819765	16	-0.6995
BUBBY_p_TCGA_b89_105_SNP_N_GenomeWideSNP_6_C03_777502	8	21254	6801855	7690	0.0353
BUBBY_p_TCGA_b89_105_SNP_N_GenomeWideSNP_6_C03_777502	8	6802066	6802738	6	-1.7322
BUBBY_p_TCGA_b89_105_SNP_N_GenomeWideSNP_6_C03_777502	8	6802989	12276652	3623	0.0252
BUBBY_p_TCGA_b89_105_SNP_N_GenomeWideSNP_6_C03_777502	8	12276787	12278588	4	-1.3341
BUBBY_p_TCGA_b89_105_SNP_N_GenomeWideSNP_6_C03_777502	8	12278622	25028104	10527	0.0085
BUBBY_p_TCGA_b89_105_SNP_N_GenomeWideSNP_6_C03_777502	8	25030360	25040250	27	-2.2797
BUBBY_p_TCGA_b89_105_SNP_N_GenomeWideSNP_6_C03_777502	8	25047021	85420544	35011	0.0049
BUBBY_p_TCGA_b89_105_SNP_N_GenomeWideSNP_6_C03_777502	8	85425438	85428335	7	-1.0979
BUBBY_p_TCGA_b89_105_SNP_N_GenomeWideSNP_6_C03_777502	8	85428431	85429104	7	-0.4497
BUBBY_p_TCGA_b89_105_SNP_N_GenomeWideSNP_6_C03_777502	8	85429161	85431221	5	-1.1358
BUBBY_p_TCGA_b89_105_SNP_N_GenomeWideSNP_6_C03_777502	8	85433237	112364214	16152	0.0092
BUBBY_p_TCGA_b89_105_SNP_N_GenomeWideSNP_6_C03_777502	8	112364257	112364436	4	-2.416
BUBBY_p_TCGA_b89_105_SNP_N_GenomeWideSNP_6_C03_777502	8	112369457	120145457	4915	0.0084
BUBBY_p_TCGA_b89_105_SNP_N_GenomeWideSNP_6_C03_777502	8	120146199	120146467	2	-1.535
BUBBY_p_TCGA_b89_105_SNP_N_GenomeWideSNP_6_C03_777502	8	120147960	126714200	4431	0.0096
BUBBY_p_TCGA_b89_105_SNP_N_GenomeWideSNP_6_C03_777502	8	126714529	126714819	3	-1.3908
BUBBY_p_TCGA_b89_105_SNP_N_GenomeWideSNP_6_C03_777502	8	126716671	146268959	13593	0.0037
BUBBY_p_TCGA_b89_105_SNP_N_GenomeWideSNP_6_C03_777502	9	36587	582306	481	0.0397
BUBBY_p_TCGA_b89_105_SNP_N_GenomeWideSNP_6_C03_777502	9	582552	582567	2	-2.0617
BUBBY_p_TCGA_b89_105_SNP_N_GenomeWideSNP_6_C03_777502	9	582718	592903	28	-0.0054
BUBBY_p_TCGA_b89_105_SNP_N_GenomeWideSNP_6_C03_777502	9	596699	596961	4	-1.9074
BUBBY_p_TCGA_b89_105_SNP_N_GenomeWideSNP_6_C03_777502	9	597307	140211215	79437	0.0076
BUBBY_p_TCGA_b89_105_SNP_N_GenomeWideSNP_6_C03_777502	10	62759	1686936	1098	0.0091
BUBBY_p_TCGA_b89_105_SNP_N_GenomeWideSNP_6_C03_777502	10	1690702	1789598	104	0.6728
BUBBY_p_TCGA_b89_105_SNP_N_GenomeWideSNP_6_C03_777502	10	1791465	10105203	7361	0.0051
BUBBY_p_TCGA_b89_105_SNP_N_GenomeWideSNP_6_C03_777502	10	10105249	10105686	2	-2.7037
BUBBY_p_TCGA_b89_105_SNP_N_GenomeWideSNP_6_C03_777502	10	10105688	27263909	12695	-0.0024
BUBBY_p_TCGA_b89_105_SNP_N_GenomeWideSNP_6_C03_777502	10	27265910	27268479	13	0.8368
BUBBY_p_TCGA_b89_105_SNP_N_GenomeWideSNP_6_C03_777502	10	27269999	66976282	23496	0.0055
BUBBY_p_TCGA_b89_105_SNP_N_GenomeWideSNP_6_C03_777502	10	66977929	66992932	30	-0.4921
BUBBY_p_TCGA_b89_105_SNP_N_GenomeWideSNP_6_C03_777502	10	66995459	90363090	15401	0.0044
BUBBY_p_TCGA_b89_105_SNP_N_GenomeWideSNP_6_C03_777502	10	90363825	90364618	3	-1.6975
BUBBY_p_TCGA_b89_105_SNP_N_GenomeWideSNP_6_C03_777502	10	90366957	135356694	30932	0.0027
BUBBY_p_TCGA_b89_105_SNP_N_GenomeWideSNP_6_C03_777502	11	188510	5743981	3308	0.0111
BUBBY_p_TCGA_b89_105_SNP_N_GenomeWideSNP_6_C03_777502	11	5744656	5765914	33	-0.59
BUBBY_p_TCGA_b89_105_SNP_N_GenomeWideSNP_6_C03_777502	11	5766037	7089091	977	0.0238
BUBBY_p_TCGA_b89_105_SNP_N_GenomeWideSNP_6_C03_777502	11	7092762	7098194	3	-1.0887
BUBBY_p_TCGA_b89_105_SNP_N_GenomeWideSNP_6_C03_777502	11	7100789	18915466	8483	0.0025
BUBBY_p_TCGA_b89_105_SNP_N_GenomeWideSNP_6_C03_777502	11	18916600	18916691	2	-1.6334
BUBBY_p_TCGA_b89_105_SNP_N_GenomeWideSNP_6_C03_777502	11	18917326	50028115	21286	0.0068
BUBBY_p_TCGA_b89_105_SNP_N_GenomeWideSNP_6_C03_777502	11	50050824	50083761	23	0.655
BUBBY_p_TCGA_b89_105_SNP_N_GenomeWideSNP_6_C03_777502	11	50085609	50256797	98	0.078
BUBBY_p_TCGA_b89_105_SNP_N_GenomeWideSNP_6_C03_777502	11	50258820	50546653	61	0.651
BUBBY_p_TCGA_b89_105_SNP_N_GenomeWideSNP_6_C03_777502	11	50552913	55133087	418	0.0658
BUBBY_p_TCGA_b89_105_SNP_N_GenomeWideSNP_6_C03_777502	11	55133210	55195908	36	-0.4096
BUBBY_p_TCGA_b89_105_SNP_N_GenomeWideSNP_6_C03_777502	11	55196566	85983309	17833	0.0061
BUBBY_p_TCGA_b89_105_SNP_N_GenomeWideSNP_6_C03_777502	11	85983461	85983702	5	-1.2132
BUBBY_p_TCGA_b89_105_SNP_N_GenomeWideSNP_6_C03_777502	11	85992822	88120336	1572	0.0042
BUBBY_p_TCGA_b89_105_SNP_N_GenomeWideSNP_6_C03_777502	11	88123380	88126287	2	-1.9342
BUBBY_p_TCGA_b89_105_SNP_N_GenomeWideSNP_6_C03_777502	11	88129960	89183400	554	-0.0131
BUBBY_p_TCGA_b89_105_SNP_N_GenomeWideSNP_6_C03_777502	11	89186575	89207189	5	-1.2267
BUBBY_p_TCGA_b89_105_SNP_N_GenomeWideSNP_6_C03_777502	11	89220000	134449982	32503	0.0067
BUBBY_p_TCGA_b89_105_SNP_N_GenomeWideSNP_6_C03_777502	12	20703	736231	418	0.0336
BUBBY_p_TCGA_b89_105_SNP_N_GenomeWideSNP_6_C03_777502	12	739370	744290	18	-0.8312
BUBBY_p_TCGA_b89_105_SNP_N_GenomeWideSNP_6_C03_777502	12	745615	8248774	5118	0.0098
BUBBY_p_TCGA_b89_105_SNP_N_GenomeWideSNP_6_C03_777502	12	8253317	8269518	11	0.7203
BUBBY_p_TCGA_b89_105_SNP_N_GenomeWideSNP_6_C03_777502	12	8285095	9564733	654	0.0064
BUBBY_p_TCGA_b89_105_SNP_N_GenomeWideSNP_6_C03_777502	12	9576377	9587822	6	1.006
BUBBY_p_TCGA_b89_105_SNP_N_GenomeWideSNP_6_C03_777502	12	9588485	30130534	14362	0.0067
BUBBY_p_TCGA_b89_105_SNP_N_GenomeWideSNP_6_C03_777502	12	30130581	30134881	20	-0.6893
BUBBY_p_TCGA_b89_105_SNP_N_GenomeWideSNP_6_C03_777502	12	30134898	89007481	35234	0.0046
BUBBY_p_TCGA_b89_105_SNP_N_GenomeWideSNP_6_C03_777502	12	89015800	89016205	7	-1.1886
BUBBY_p_TCGA_b89_105_SNP_N_GenomeWideSNP_6_C03_777502	12	89017688	98315945	6457	0.001
BUBBY_p_TCGA_b89_105_SNP_N_GenomeWideSNP_6_C03_777502	12	98319424	98322865	31	-0.6442
BUBBY_p_TCGA_b89_105_SNP_N_GenomeWideSNP_6_C03_777502	12	98327224	129530671	21262	0.0079
BUBBY_p_TCGA_b89_105_SNP_N_GenomeWideSNP_6_C03_777502	12	129533799	129537663	2	-2.1837
BUBBY_p_TCGA_b89_105_SNP_N_GenomeWideSNP_6_C03_777502	12	129539142	132288262	1515	0.0165
BUBBY_p_TCGA_b89_105_SNP_N_GenomeWideSNP_6_C03_777502	13	17924949	18164473	48	0.1101
BUBBY_p_TCGA_b89_105_SNP_N_GenomeWideSNP_6_C03_777502	13	18165230	18184967	4	-0.6354
BUBBY_p_TCGA_b89_105_SNP_N_GenomeWideSNP_6_C03_777502	13	18185512	18267100	27	0.0869
BUBBY_p_TCGA_b89_105_SNP_N_GenomeWideSNP_6_C03_777502	13	18267310	18300598	13	-0.4192
BUBBY_p_TCGA_b89_105_SNP_N_GenomeWideSNP_6_C03_777502	13	18300742	19017614	474	0.0259
BUBBY_p_TCGA_b89_105_SNP_N_GenomeWideSNP_6_C03_777502	13	19019459	19021910	3	1.2379
BUBBY_p_TCGA_b89_105_SNP_N_GenomeWideSNP_6_C03_777502	13	19022501	36973965	13009	0.0105
BUBBY_p_TCGA_b89_105_SNP_N_GenomeWideSNP_6_C03_777502	13	36974267	36982757	12	1.0496
BUBBY_p_TCGA_b89_105_SNP_N_GenomeWideSNP_6_C03_777502	13	36986330	51992800	9920	0.013
BUBBY_p_TCGA_b89_105_SNP_N_GenomeWideSNP_6_C03_777502	13	51995985	52003786	3	-2.3207
BUBBY_p_TCGA_b89_105_SNP_N_GenomeWideSNP_6_C03_777502	13	52015880	63006289	6402	0.0044
BUBBY_p_TCGA_b89_105_SNP_N_GenomeWideSNP_6_C03_777502	13	63007437	63122950	71	-1.102
BUBBY_p_TCGA_b89_105_SNP_N_GenomeWideSNP_6_C03_777502	13	63124528	114126499	34365	0.0097
BUBBY_p_TCGA_b89_105_SNP_N_GenomeWideSNP_6_C03_777502	14	18072124	18627041	40	-0.0592
BUBBY_p_TCGA_b89_105_SNP_N_GenomeWideSNP_6_C03_777502	14	18632139	18866184	20	0.7916
BUBBY_p_TCGA_b89_105_SNP_N_GenomeWideSNP_6_C03_777502	14	18871755	19107146	14	0.1297
BUBBY_p_TCGA_b89_105_SNP_N_GenomeWideSNP_6_C03_777502	14	19170042	19493212	116	0.8315
BUBBY_p_TCGA_b89_105_SNP_N_GenomeWideSNP_6_C03_777502	14	19494766	39678679	12930	0.0021
BUBBY_p_TCGA_b89_105_SNP_N_GenomeWideSNP_6_C03_777502	14	39683673	39686670	2	-2.4598
BUBBY_p_TCGA_b89_105_SNP_N_GenomeWideSNP_6_C03_777502	14	39687916	73065527	21231	0.0083
BUBBY_p_TCGA_b89_105_SNP_N_GenomeWideSNP_6_C03_777502	14	73070876	73099653	10	1.0199
BUBBY_p_TCGA_b89_105_SNP_N_GenomeWideSNP_6_C03_777502	14	73099668	85610346	8351	0.0056
BUBBY_p_TCGA_b89_105_SNP_N_GenomeWideSNP_6_C03_777502	14	85617792	85641263	10	-0.8954
BUBBY_p_TCGA_b89_105_SNP_N_GenomeWideSNP_6_C03_777502	14	85654882	105606340	12463	0.0059
BUBBY_p_TCGA_b89_105_SNP_N_GenomeWideSNP_6_C03_777502	14	105609107	105638145	14	0.8653
BUBBY_p_TCGA_b89_105_SNP_N_GenomeWideSNP_6_C03_777502	14	105640508	106356482	417	0.0343
BUBBY_p_TCGA_b89_105_SNP_N_GenomeWideSNP_6_C03_777502	15	18276341	18841578	105	0.1288
BUBBY_p_TCGA_b89_105_SNP_N_GenomeWideSNP_6_C03_777502	15	18846002	18850041	13	0.7101
BUBBY_p_TCGA_b89_105_SNP_N_GenomeWideSNP_6_C03_777502	15	18850056	32501415	7702	0.023
BUBBY_p_TCGA_b89_105_SNP_N_GenomeWideSNP_6_C03_777502	15	32507087	32618236	72	-0.8415
BUBBY_p_TCGA_b89_105_SNP_N_GenomeWideSNP_6_C03_777502	15	32643110	32717219	53	0.0178
BUBBY_p_TCGA_b89_105_SNP_N_GenomeWideSNP_6_C03_777502	15	32717247	32765105	56	-1.1179
BUBBY_p_TCGA_b89_105_SNP_N_GenomeWideSNP_6_C03_777502	15	32772283	74678566	26383	0.0024
BUBBY_p_TCGA_b89_105_SNP_N_GenomeWideSNP_6_C03_777502	15	74678682	74682830	20	0.797
BUBBY_p_TCGA_b89_105_SNP_N_GenomeWideSNP_6_C03_777502	15	74689234	80840216	3663	0.0069
BUBBY_p_TCGA_b89_105_SNP_N_GenomeWideSNP_6_C03_777502	15	80843133	80905894	7	0.9246
BUBBY_p_TCGA_b89_105_SNP_N_GenomeWideSNP_6_C03_777502	15	80966604	100286563	14022	0.0111
BUBBY_p_TCGA_b89_105_SNP_N_GenomeWideSNP_6_C03_777502	16	777	32746359	20219	0.012
BUBBY_p_TCGA_b89_105_SNP_N_GenomeWideSNP_6_C03_777502	16	32747828	32823606	27	-0.619
BUBBY_p_TCGA_b89_105_SNP_N_GenomeWideSNP_6_C03_777502	16	32857754	33009105	13	0.002
BUBBY_p_TCGA_b89_105_SNP_N_GenomeWideSNP_6_C03_777502	16	33149454	33638076	105	-0.5824
BUBBY_p_TCGA_b89_105_SNP_N_GenomeWideSNP_6_C03_777502	16	33662492	76930347	21520	0.0069
BUBBY_p_TCGA_b89_105_SNP_N_GenomeWideSNP_6_C03_777502	16	76930838	76933878	4	-1.6722
BUBBY_p_TCGA_b89_105_SNP_N_GenomeWideSNP_6_C03_777502	16	76934212	88815036	10657	0.017
BUBBY_p_TCGA_b89_105_SNP_N_GenomeWideSNP_6_C03_777502	17	526	16663526	10521	0.013
BUBBY_p_TCGA_b89_105_SNP_N_GenomeWideSNP_6_C03_777502	17	16676257	16682253	5	-0.9126
BUBBY_p_TCGA_b89_105_SNP_N_GenomeWideSNP_6_C03_777502	17	16682509	31461241	7871	0.0115
BUBBY_p_TCGA_b89_105_SNP_N_GenomeWideSNP_6_C03_777502	17	31464091	31559764	38	0.5315
BUBBY_p_TCGA_b89_105_SNP_N_GenomeWideSNP_6_C03_777502	17	31567456	36675211	2543	0.014
BUBBY_p_TCGA_b89_105_SNP_N_GenomeWideSNP_6_C03_777502	17	36675234	36683976	24	0.4669
BUBBY_p_TCGA_b89_105_SNP_N_GenomeWideSNP_6_C03_777502	17	36684057	41518916	2513	0.0075
BUBBY_p_TCGA_b89_105_SNP_N_GenomeWideSNP_6_C03_777502	17	41521621	41718140	124	-0.3647
BUBBY_p_TCGA_b89_105_SNP_N_GenomeWideSNP_6_C03_777502	17	41719947	41860676	14	0.1927
BUBBY_p_TCGA_b89_105_SNP_N_GenomeWideSNP_6_C03_777502	17	41879021	41879036	2	1.8473
BUBBY_p_TCGA_b89_105_SNP_N_GenomeWideSNP_6_C03_777502	17	41901645	78643088	21662	0.0072
BUBBY_p_TCGA_b89_105_SNP_N_GenomeWideSNP_6_C03_777502	18	1543	36514478	22858	0.0118
BUBBY_p_TCGA_b89_105_SNP_N_GenomeWideSNP_6_C03_777502	18	36514488	36519387	14	-1.4873
BUBBY_p_TCGA_b89_105_SNP_N_GenomeWideSNP_6_C03_777502	18	36522022	42232807	3737	0.0188
BUBBY_p_TCGA_b89_105_SNP_N_GenomeWideSNP_6_C03_777502	18	42235645	42236029	2	-2.039
BUBBY_p_TCGA_b89_105_SNP_N_GenomeWideSNP_6_C03_777502	18	42236229	56412779	9967	0.0187
BUBBY_p_TCGA_b89_105_SNP_N_GenomeWideSNP_6_C03_777502	18	56415434	56463920	26	0.6125
BUBBY_p_TCGA_b89_105_SNP_N_GenomeWideSNP_6_C03_777502	18	56464197	76116029	14234	0.0234
BUBBY_p_TCGA_b89_105_SNP_N_GenomeWideSNP_6_C03_777502	19	41910	24248797	11241	0.0061
BUBBY_p_TCGA_b89_105_SNP_N_GenomeWideSNP_6_C03_777502	19	24252658	24256797	10	-0.8794
BUBBY_p_TCGA_b89_105_SNP_N_GenomeWideSNP_6_C03_777502	19	24279522	40541333	5582	0.0076
BUBBY_p_TCGA_b89_105_SNP_N_GenomeWideSNP_6_C03_777502	19	40547193	40553619	20	-0.6951
BUBBY_p_TCGA_b89_105_SNP_N_GenomeWideSNP_6_C03_777502	19	40553688	60964869	10659	0.0096
BUBBY_p_TCGA_b89_105_SNP_N_GenomeWideSNP_6_C03_777502	19	60969862	60974879	6	-1.7054
BUBBY_p_TCGA_b89_105_SNP_N_GenomeWideSNP_6_C03_777502	19	60978105	63789666	1849	0.0108
BUBBY_p_TCGA_b89_105_SNP_N_GenomeWideSNP_6_C03_777502	20	9305	1500503	1185	0.0092
BUBBY_p_TCGA_b89_105_SNP_N_GenomeWideSNP_6_C03_777502	20	1505190	1508999	21	-0.6717
BUBBY_p_TCGA_b89_105_SNP_N_GenomeWideSNP_6_C03_777502	20	1509580	1541893	41	1.8749
BUBBY_p_TCGA_b89_105_SNP_N_GenomeWideSNP_6_C03_777502	20	1545946	15249374	10406	0.0166
BUBBY_p_TCGA_b89_105_SNP_N_GenomeWideSNP_6_C03_777502	20	15249902	15250374	3	-2.8022
BUBBY_p_TCGA_b89_105_SNP_N_GenomeWideSNP_6_C03_777502	20	15253258	52078275	23358	0.0096
BUBBY_p_TCGA_b89_105_SNP_N_GenomeWideSNP_6_C03_777502	20	52081215	52092058	38	-0.6569
BUBBY_p_TCGA_b89_105_SNP_N_GenomeWideSNP_6_C03_777502	20	52095981	62426597	7465	0.0091
BUBBY_p_TCGA_b89_105_SNP_N_GenomeWideSNP_6_C03_777502	21	9758742	9965425	35	-0.3528
BUBBY_p_TCGA_b89_105_SNP_N_GenomeWideSNP_6_C03_777502	21	9975295	18977958	3680	0.0118
BUBBY_p_TCGA_b89_105_SNP_N_GenomeWideSNP_6_C03_777502	21	18979549	19002805	27	0.7132
BUBBY_p_TCGA_b89_105_SNP_N_GenomeWideSNP_6_C03_777502	21	19003746	43792481	18916	0.0121
BUBBY_p_TCGA_b89_105_SNP_N_GenomeWideSNP_6_C03_777502	21	43795301	43797240	2	-2.0939
BUBBY_p_TCGA_b89_105_SNP_N_GenomeWideSNP_6_C03_777502	21	43798095	46921385	1767	-0.0011
BUBBY_p_TCGA_b89_105_SNP_N_GenomeWideSNP_6_C03_777502	22	14432528	14482492	10	0.8436
BUBBY_p_TCGA_b89_105_SNP_N_GenomeWideSNP_6_C03_777502	22	14482524	19795672	2842	0.0322
BUBBY_p_TCGA_b89_105_SNP_N_GenomeWideSNP_6_C03_777502	22	19795835	20276878	60	0.3247
BUBBY_p_TCGA_b89_105_SNP_N_GenomeWideSNP_6_C03_777502	22	20277644	20637519	176	0.0226
BUBBY_p_TCGA_b89_105_SNP_N_GenomeWideSNP_6_C03_777502	22	20645089	20909483	434	-0.9127
BUBBY_p_TCGA_b89_105_SNP_N_GenomeWideSNP_6_C03_777502	22	20909788	22601745	1066	0.0171
BUBBY_p_TCGA_b89_105_SNP_N_GenomeWideSNP_6_C03_777502	22	22613016	22660218	26	-0.4889
BUBBY_p_TCGA_b89_105_SNP_N_GenomeWideSNP_6_C03_777502	22	22660269	22662625	3	-2.9821
BUBBY_p_TCGA_b89_105_SNP_N_GenomeWideSNP_6_C03_777502	22	22662933	22674422	4	-0.1763
BUBBY_p_TCGA_b89_105_SNP_N_GenomeWideSNP_6_C03_777502	22	22680529	22726814	19	0.9693
BUBBY_p_TCGA_b89_105_SNP_N_GenomeWideSNP_6_C03_777502	22	22731529	49581321	18931	0.0093
BUBBY_p_TCGA_b89_105_SNP_N_GenomeWideSNP_6_C03_777502	X	108477	40626805	25359	0.0164
BUBBY_p_TCGA_b89_105_SNP_N_GenomeWideSNP_6_C03_777502	X	40626824	40626838	2	-5.0407
BUBBY_p_TCGA_b89_105_SNP_N_GenomeWideSNP_6_C03_777502	X	40627126	115047709	35408	0.0029
BUBBY_p_TCGA_b89_105_SNP_N_GenomeWideSNP_6_C03_777502	X	115051983	115064666	7	-1.6276
BUBBY_p_TCGA_b89_105_SNP_N_GenomeWideSNP_6_C03_777502	X	115070447	154835548	23765	0.0055
BUBBY_p_TCGA_b89_105_SNP_N_GenomeWideSNP_6_C03_777502	Y	2710438	57427647	8590	-0.9751
