GDC_Aliquot	Chromosome	Start	End	Num_Probes	Segment_Mean
02d477c4-771f-4d9f-b99a-aef9088d85dc	1	62920	16525019	8646	0.073
02d477c4-771f-4d9f-b99a-aef9088d85dc	1	16542868	16689764	37	0.6334
02d477c4-771f-4d9f-b99a-aef9088d85dc	1	16718963	16973488	88	0.2369
02d477c4-771f-4d9f-b99a-aef9088d85dc	1	16973678	21985415	3328	0.0693
02d477c4-771f-4d9f-b99a-aef9088d85dc	1	21991690	22022063	14	0.5535
02d477c4-771f-4d9f-b99a-aef9088d85dc	1	22031369	61648334	23368	0.0631
02d477c4-771f-4d9f-b99a-aef9088d85dc	1	61648509	61654892	6	-0.9504
02d477c4-771f-4d9f-b99a-aef9088d85dc	1	61654909	65415709	2784	0.054
02d477c4-771f-4d9f-b99a-aef9088d85dc	1	65415774	65432268	10	-0.512
02d477c4-771f-4d9f-b99a-aef9088d85dc	1	65432318	72303233	4500	0.044
02d477c4-771f-4d9f-b99a-aef9088d85dc	1	72303253	72345465	45	-0.5307
02d477c4-771f-4d9f-b99a-aef9088d85dc	1	72346221	89009572	10940	0.0486
02d477c4-771f-4d9f-b99a-aef9088d85dc	1	89012275	89012522	2	-3.085
02d477c4-771f-4d9f-b99a-aef9088d85dc	1	89015841	102511519	8561	0.0458
02d477c4-771f-4d9f-b99a-aef9088d85dc	1	102514945	102515539	2	-1.3262
02d477c4-771f-4d9f-b99a-aef9088d85dc	1	102515862	103621165	527	0.0389
02d477c4-771f-4d9f-b99a-aef9088d85dc	1	103697067	103717410	3	1.4035
02d477c4-771f-4d9f-b99a-aef9088d85dc	1	103717617	109684893	3572	0.0497
02d477c4-771f-4d9f-b99a-aef9088d85dc	1	109690352	109697556	13	-1.3092
02d477c4-771f-4d9f-b99a-aef9088d85dc	1	109702376	112153465	1953	0.0737
02d477c4-771f-4d9f-b99a-aef9088d85dc	1	112153571	112153993	9	-0.5865
02d477c4-771f-4d9f-b99a-aef9088d85dc	1	112154165	119535163	4714	0.061
02d477c4-771f-4d9f-b99a-aef9088d85dc	1	119535680	152583230	2907	0.1324
02d477c4-771f-4d9f-b99a-aef9088d85dc	1	152583291	152614064	32	-1.585
02d477c4-771f-4d9f-b99a-aef9088d85dc	1	152614100	152778761	161	0.1268
02d477c4-771f-4d9f-b99a-aef9088d85dc	1	152782154	152805967	48	0.4131
02d477c4-771f-4d9f-b99a-aef9088d85dc	1	152806050	158989785	3676	0.0963
02d477c4-771f-4d9f-b99a-aef9088d85dc	1	158992249	158993006	2	-1.4495
02d477c4-771f-4d9f-b99a-aef9088d85dc	1	158997074	196745743	25788	0.0852
02d477c4-771f-4d9f-b99a-aef9088d85dc	1	196758720	196846661	61	0.3617
02d477c4-771f-4d9f-b99a-aef9088d85dc	1	196847600	199138574	1375	0.0655
02d477c4-771f-4d9f-b99a-aef9088d85dc	1	199142235	199144712	9	-1.9723
02d477c4-771f-4d9f-b99a-aef9088d85dc	1	199145110	209897717	7407	0.0941
02d477c4-771f-4d9f-b99a-aef9088d85dc	1	209908268	209908720	2	-1.754
02d477c4-771f-4d9f-b99a-aef9088d85dc	1	209910639	248461036	26839	0.0942
02d477c4-771f-4d9f-b99a-aef9088d85dc	1	248463321	248520101	10	0.7872
02d477c4-771f-4d9f-b99a-aef9088d85dc	1	248524501	248574146	12	0.0978
02d477c4-771f-4d9f-b99a-aef9088d85dc	1	248585893	248645808	34	-0.8324
02d477c4-771f-4d9f-b99a-aef9088d85dc	1	248646068	248930189	139	0.0868
02d477c4-771f-4d9f-b99a-aef9088d85dc	2	12784	4158097	2988	0.1061
02d477c4-771f-4d9f-b99a-aef9088d85dc	2	4166274	4175577	36	-0.6207
02d477c4-771f-4d9f-b99a-aef9088d85dc	2	4175922	14565932	8018	0.0798
02d477c4-771f-4d9f-b99a-aef9088d85dc	2	14566145	14569968	10	-1.3443
02d477c4-771f-4d9f-b99a-aef9088d85dc	2	14570240	33187980	12041	0.0739
02d477c4-771f-4d9f-b99a-aef9088d85dc	2	33188126	33194902	3	-1.2601
02d477c4-771f-4d9f-b99a-aef9088d85dc	2	33203167	34450400	990	0.0665
02d477c4-771f-4d9f-b99a-aef9088d85dc	2	34456427	34502800	48	0.7424
02d477c4-771f-4d9f-b99a-aef9088d85dc	2	34511446	35742057	869	0.0502
02d477c4-771f-4d9f-b99a-aef9088d85dc	2	35742319	35762881	10	-0.9234
02d477c4-771f-4d9f-b99a-aef9088d85dc	2	35772407	40105711	3152	0.0832
02d477c4-771f-4d9f-b99a-aef9088d85dc	2	40108270	40108736	3	-2.0762
02d477c4-771f-4d9f-b99a-aef9088d85dc	2	40109500	41011095	770	0.0451
02d477c4-771f-4d9f-b99a-aef9088d85dc	2	41011303	41018747	22	-2.1058
02d477c4-771f-4d9f-b99a-aef9088d85dc	2	41024093	52531615	8185	0.0645
02d477c4-771f-4d9f-b99a-aef9088d85dc	2	52531630	52564986	36	-0.341
02d477c4-771f-4d9f-b99a-aef9088d85dc	2	52565690	76614976	15537	0.0685
02d477c4-771f-4d9f-b99a-aef9088d85dc	2	76614990	76618300	10	-0.5973
02d477c4-771f-4d9f-b99a-aef9088d85dc	2	76620460	87207935	6474	0.071
02d477c4-771f-4d9f-b99a-aef9088d85dc	2	87208114	87475650	53	0.4191
02d477c4-771f-4d9f-b99a-aef9088d85dc	2	87476268	88789971	477	0.0838
02d477c4-771f-4d9f-b99a-aef9088d85dc	2	88796524	94675825	418	0.1902
02d477c4-771f-4d9f-b99a-aef9088d85dc	2	94675975	97118402	823	0.0659
02d477c4-771f-4d9f-b99a-aef9088d85dc	2	97124542	97563117	72	0.2984
02d477c4-771f-4d9f-b99a-aef9088d85dc	2	97570839	102047259	2656	0.0675
02d477c4-771f-4d9f-b99a-aef9088d85dc	2	102047651	102070341	23	0.447
02d477c4-771f-4d9f-b99a-aef9088d85dc	2	102073123	114781818	7413	0.066
02d477c4-771f-4d9f-b99a-aef9088d85dc	2	114782002	114784493	12	-0.4847
02d477c4-771f-4d9f-b99a-aef9088d85dc	2	114784693	130036310	9753	0.0673
02d477c4-771f-4d9f-b99a-aef9088d85dc	2	130037806	130116915	12	0.6931
02d477c4-771f-4d9f-b99a-aef9088d85dc	2	130117303	132002751	632	0.1023
02d477c4-771f-4d9f-b99a-aef9088d85dc	2	132007187	132032536	9	0.8476
02d477c4-771f-4d9f-b99a-aef9088d85dc	2	132039763	137224578	3416	0.0676
02d477c4-771f-4d9f-b99a-aef9088d85dc	2	137226077	137226691	5	-1.1891
02d477c4-771f-4d9f-b99a-aef9088d85dc	2	137227715	138206094	612	0.0848
02d477c4-771f-4d9f-b99a-aef9088d85dc	2	138206735	146107675	4862	0.0395
02d477c4-771f-4d9f-b99a-aef9088d85dc	2	146107759	146120842	18	-0.3655
02d477c4-771f-4d9f-b99a-aef9088d85dc	2	146120874	157631419	6853	0.043
02d477c4-771f-4d9f-b99a-aef9088d85dc	2	157631798	159232712	1042	0.0639
02d477c4-771f-4d9f-b99a-aef9088d85dc	2	159236246	159802384	325	0.4329
02d477c4-771f-4d9f-b99a-aef9088d85dc	2	159803960	159804767	5	-0.3388
02d477c4-771f-4d9f-b99a-aef9088d85dc	2	159804899	161071598	856	0.4531
02d477c4-771f-4d9f-b99a-aef9088d85dc	2	161072158	161075357	2	-0.7129
02d477c4-771f-4d9f-b99a-aef9088d85dc	2	161078913	161303296	145	0.4212
02d477c4-771f-4d9f-b99a-aef9088d85dc	2	161304794	162961708	868	0.0364
02d477c4-771f-4d9f-b99a-aef9088d85dc	2	162963415	179548644	10400	0.4489
02d477c4-771f-4d9f-b99a-aef9088d85dc	2	179553484	179557410	30	-0.9762
02d477c4-771f-4d9f-b99a-aef9088d85dc	2	179560916	183206853	2315	0.4476
02d477c4-771f-4d9f-b99a-aef9088d85dc	2	183209675	183224996	13	-0.0797
02d477c4-771f-4d9f-b99a-aef9088d85dc	2	183229270	211842580	16843	0.4376
02d477c4-771f-4d9f-b99a-aef9088d85dc	2	211843285	215432137	2329	0.033
02d477c4-771f-4d9f-b99a-aef9088d85dc	2	215432508	216411598	698	0.46
02d477c4-771f-4d9f-b99a-aef9088d85dc	2	216415045	242147305	16346	0.0601
02d477c4-771f-4d9f-b99a-aef9088d85dc	3	20930	26571710	20000	-0.4349
02d477c4-771f-4d9f-b99a-aef9088d85dc	3	26573483	26573486	3	1.3422
02d477c4-771f-4d9f-b99a-aef9088d85dc	3	26574458	37935209	7601	-0.4473
02d477c4-771f-4d9f-b99a-aef9088d85dc	3	37935926	37947245	28	-1.0048
02d477c4-771f-4d9f-b99a-aef9088d85dc	3	37948614	60607127	13688	-0.4245
02d477c4-771f-4d9f-b99a-aef9088d85dc	3	60607295	60607409	2	-2.4214
02d477c4-771f-4d9f-b99a-aef9088d85dc	3	60610610	65214027	3998	-0.4331
02d477c4-771f-4d9f-b99a-aef9088d85dc	3	65214192	65217853	4	1.0901
02d477c4-771f-4d9f-b99a-aef9088d85dc	3	65217857	74611611	6928	-0.4419
02d477c4-771f-4d9f-b99a-aef9088d85dc	3	74612282	75262374	336	0.0949
02d477c4-771f-4d9f-b99a-aef9088d85dc	3	75262678	75519398	110	0.328
02d477c4-771f-4d9f-b99a-aef9088d85dc	3	75523398	75537654	6	-1.54
02d477c4-771f-4d9f-b99a-aef9088d85dc	3	75546030	99226455	10990	0.0985
02d477c4-771f-4d9f-b99a-aef9088d85dc	3	99226551	99230212	13	-1.0611
02d477c4-771f-4d9f-b99a-aef9088d85dc	3	99230225	130044016	18724	0.1227
02d477c4-771f-4d9f-b99a-aef9088d85dc	3	130044855	130087393	38	1.008
02d477c4-771f-4d9f-b99a-aef9088d85dc	3	130088081	162795304	20279	0.125
02d477c4-771f-4d9f-b99a-aef9088d85dc	3	162795361	162898127	61	-1.4948
02d477c4-771f-4d9f-b99a-aef9088d85dc	3	162906054	162908207	6	-0.4228
02d477c4-771f-4d9f-b99a-aef9088d85dc	3	162908784	173519113	6360	0.1097
02d477c4-771f-4d9f-b99a-aef9088d85dc	3	173522845	173571890	24	0.934
02d477c4-771f-4d9f-b99a-aef9088d85dc	3	173582403	176979281	2326	0.1107
02d477c4-771f-4d9f-b99a-aef9088d85dc	3	176979338	176991014	11	0.7238
02d477c4-771f-4d9f-b99a-aef9088d85dc	3	176992906	179169846	1319	0.1157
02d477c4-771f-4d9f-b99a-aef9088d85dc	3	179170135	179170377	7	-0.6324
02d477c4-771f-4d9f-b99a-aef9088d85dc	3	179174436	186669028	4358	0.1253
02d477c4-771f-4d9f-b99a-aef9088d85dc	3	186669510	186688156	27	0.4927
02d477c4-771f-4d9f-b99a-aef9088d85dc	3	186688334	193160113	4737	0.1225
02d477c4-771f-4d9f-b99a-aef9088d85dc	3	193160173	193165114	19	-1.0785
02d477c4-771f-4d9f-b99a-aef9088d85dc	3	193168646	195695418	1491	0.1348
02d477c4-771f-4d9f-b99a-aef9088d85dc	3	195695420	195728637	19	-0.8865
02d477c4-771f-4d9f-b99a-aef9088d85dc	3	195728990	195973611	100	0.1232
02d477c4-771f-4d9f-b99a-aef9088d85dc	3	195974244	195974457	3	-2.6195
02d477c4-771f-4d9f-b99a-aef9088d85dc	3	195982791	198169247	1080	0.1345
02d477c4-771f-4d9f-b99a-aef9088d85dc	4	68929	3884081	1569	-0.1335
02d477c4-771f-4d9f-b99a-aef9088d85dc	4	3896017	4174902	74	0.2324
02d477c4-771f-4d9f-b99a-aef9088d85dc	4	4175446	9455251	3516	-0.1125
02d477c4-771f-4d9f-b99a-aef9088d85dc	4	9459504	9648974	51	0.3799
02d477c4-771f-4d9f-b99a-aef9088d85dc	4	9652366	10194247	459	-0.0922
02d477c4-771f-4d9f-b99a-aef9088d85dc	4	10195137	10197343	6	0.4961
02d477c4-771f-4d9f-b99a-aef9088d85dc	4	10198064	10227256	38	0.0679
02d477c4-771f-4d9f-b99a-aef9088d85dc	4	10227303	10233644	28	0.5232
02d477c4-771f-4d9f-b99a-aef9088d85dc	4	10234518	10396987	176	-0.1114
02d477c4-771f-4d9f-b99a-aef9088d85dc	4	10397113	10399044	11	-1.0719
02d477c4-771f-4d9f-b99a-aef9088d85dc	4	10401094	32392452	15443	-0.1369
02d477c4-771f-4d9f-b99a-aef9088d85dc	4	32398929	32398977	4	-1.1627
02d477c4-771f-4d9f-b99a-aef9088d85dc	4	32399891	34763973	1331	-0.1563
02d477c4-771f-4d9f-b99a-aef9088d85dc	4	34764075	34823103	49	-0.6866
02d477c4-771f-4d9f-b99a-aef9088d85dc	4	34828250	49289338	8978	-0.1441
02d477c4-771f-4d9f-b99a-aef9088d85dc	4	49295203	49656595	19	0.666
02d477c4-771f-4d9f-b99a-aef9088d85dc	4	51819533	62804218	7002	-0.1345
02d477c4-771f-4d9f-b99a-aef9088d85dc	4	62804351	62805402	4	-1.3023
02d477c4-771f-4d9f-b99a-aef9088d85dc	4	62805416	63828222	559	-0.1695
02d477c4-771f-4d9f-b99a-aef9088d85dc	4	63831751	63840033	19	-0.6671
02d477c4-771f-4d9f-b99a-aef9088d85dc	4	63841863	63842540	8	-2.7017
02d477c4-771f-4d9f-b99a-aef9088d85dc	4	63850713	68509630	2877	-0.1573
02d477c4-771f-4d9f-b99a-aef9088d85dc	4	68524574	68663241	66	0.3872
02d477c4-771f-4d9f-b99a-aef9088d85dc	4	68671434	69090632	216	-0.1332
02d477c4-771f-4d9f-b99a-aef9088d85dc	4	69093407	69093961	2	-1.9408
02d477c4-771f-4d9f-b99a-aef9088d85dc	4	69096028	69252275	86	-0.095
02d477c4-771f-4d9f-b99a-aef9088d85dc	4	69254604	69374271	65	0.1797
02d477c4-771f-4d9f-b99a-aef9088d85dc	4	69376311	160959560	55313	-0.1508
02d477c4-771f-4d9f-b99a-aef9088d85dc	4	160959660	160963448	11	-1.3383
02d477c4-771f-4d9f-b99a-aef9088d85dc	4	160963756	172501371	7317	-0.1474
02d477c4-771f-4d9f-b99a-aef9088d85dc	4	172503796	172507492	7	0.6608
02d477c4-771f-4d9f-b99a-aef9088d85dc	4	172519981	179024869	4013	-0.1456
02d477c4-771f-4d9f-b99a-aef9088d85dc	4	179026386	179032388	8	-1.4345
02d477c4-771f-4d9f-b99a-aef9088d85dc	4	179036770	189864410	7764	-0.1323
02d477c4-771f-4d9f-b99a-aef9088d85dc	4	189870388	190106768	59	0.2264
02d477c4-771f-4d9f-b99a-aef9088d85dc	5	15532	3756952	2691	0.1707
02d477c4-771f-4d9f-b99a-aef9088d85dc	5	3756998	7924929	3596	0.1233
02d477c4-771f-4d9f-b99a-aef9088d85dc	5	7930588	7931168	4	-0.9642
02d477c4-771f-4d9f-b99a-aef9088d85dc	5	7932296	9909830	1731	0.1182
02d477c4-771f-4d9f-b99a-aef9088d85dc	5	9910764	9929753	25	0.4687
02d477c4-771f-4d9f-b99a-aef9088d85dc	5	9929797	11237341	1128	0.1487
02d477c4-771f-4d9f-b99a-aef9088d85dc	5	11239221	15719113	2995	0.1155
02d477c4-771f-4d9f-b99a-aef9088d85dc	5	15719241	15720488	10	-1.124
02d477c4-771f-4d9f-b99a-aef9088d85dc	5	15723237	17469642	1166	0.1253
02d477c4-771f-4d9f-b99a-aef9088d85dc	5	17469660	17680610	60	0.3537
02d477c4-771f-4d9f-b99a-aef9088d85dc	5	17681225	25976153	4945	0.0941
02d477c4-771f-4d9f-b99a-aef9088d85dc	5	25979327	25981951	3	-1.0512
02d477c4-771f-4d9f-b99a-aef9088d85dc	5	25987735	32109483	3918	0.1054
02d477c4-771f-4d9f-b99a-aef9088d85dc	5	32114071	32158349	38	0.7106
02d477c4-771f-4d9f-b99a-aef9088d85dc	5	32170181	34453805	1418	0.1107
02d477c4-771f-4d9f-b99a-aef9088d85dc	5	34456281	34730391	213	0.2537
02d477c4-771f-4d9f-b99a-aef9088d85dc	5	34732119	111084190	42848	0.1047
02d477c4-771f-4d9f-b99a-aef9088d85dc	5	111084506	111119568	28	-0.3262
02d477c4-771f-4d9f-b99a-aef9088d85dc	5	111120565	130889050	13306	0.1071
02d477c4-771f-4d9f-b99a-aef9088d85dc	5	130895027	130895758	2	-1.4341
02d477c4-771f-4d9f-b99a-aef9088d85dc	5	130896117	140838745	5720	0.1128
02d477c4-771f-4d9f-b99a-aef9088d85dc	5	140839137	140874202	16	-0.7365
02d477c4-771f-4d9f-b99a-aef9088d85dc	5	140874401	167649967	17966	0.1164
02d477c4-771f-4d9f-b99a-aef9088d85dc	5	167650445	176707423	6633	0.1361
02d477c4-771f-4d9f-b99a-aef9088d85dc	5	176707919	176893449	92	0.3366
02d477c4-771f-4d9f-b99a-aef9088d85dc	5	176895592	179676725	1412	0.1391
02d477c4-771f-4d9f-b99a-aef9088d85dc	5	179677049	179677132	4	1.1325
02d477c4-771f-4d9f-b99a-aef9088d85dc	5	179677599	180748501	612	0.1595
02d477c4-771f-4d9f-b99a-aef9088d85dc	5	180750342	180766199	8	0.9941
02d477c4-771f-4d9f-b99a-aef9088d85dc	5	180766779	180951888	106	0.0868
02d477c4-771f-4d9f-b99a-aef9088d85dc	5	180953203	180991103	17	-1.9526
02d477c4-771f-4d9f-b99a-aef9088d85dc	5	181006225	181363319	170	0.2075
02d477c4-771f-4d9f-b99a-aef9088d85dc	6	149661	329869	139	0.1586
02d477c4-771f-4d9f-b99a-aef9088d85dc	6	330704	365720	54	-0.2084
02d477c4-771f-4d9f-b99a-aef9088d85dc	6	366333	29866171	21447	0.1122
02d477c4-771f-4d9f-b99a-aef9088d85dc	6	29866672	30056900	123	0.3611
02d477c4-771f-4d9f-b99a-aef9088d85dc	6	30057726	31239202	511	0.1259
02d477c4-771f-4d9f-b99a-aef9088d85dc	6	31240563	32460338	551	0.2421
02d477c4-771f-4d9f-b99a-aef9088d85dc	6	32461817	32533522	30	-0.1436
02d477c4-771f-4d9f-b99a-aef9088d85dc	6	32540699	32605994	16	1.0557
02d477c4-771f-4d9f-b99a-aef9088d85dc	6	32606237	32625244	14	-0.2755
02d477c4-771f-4d9f-b99a-aef9088d85dc	6	32626664	32641650	11	-0.1951
02d477c4-771f-4d9f-b99a-aef9088d85dc	6	32656527	32658841	6	1.1193
02d477c4-771f-4d9f-b99a-aef9088d85dc	6	32682835	33964665	786	0.0965
02d477c4-771f-4d9f-b99a-aef9088d85dc	6	33966351	33970966	15	0.6458
02d477c4-771f-4d9f-b99a-aef9088d85dc	6	33974234	33974928	6	-0.8637
02d477c4-771f-4d9f-b99a-aef9088d85dc	6	33976809	34164831	122	0.148
02d477c4-771f-4d9f-b99a-aef9088d85dc	6	34166743	34167087	2	1.631
02d477c4-771f-4d9f-b99a-aef9088d85dc	6	34169875	52746586	11781	0.11
02d477c4-771f-4d9f-b99a-aef9088d85dc	6	52749018	52800741	48	0.3829
02d477c4-771f-4d9f-b99a-aef9088d85dc	6	52800766	54066286	944	0.1052
02d477c4-771f-4d9f-b99a-aef9088d85dc	6	54066353	54067057	7	-1.23
02d477c4-771f-4d9f-b99a-aef9088d85dc	6	54070550	76726815	12170	0.098
02d477c4-771f-4d9f-b99a-aef9088d85dc	6	76730151	76742665	15	-3.859
02d477c4-771f-4d9f-b99a-aef9088d85dc	6	76742675	76743040	6	-0.9298
02d477c4-771f-4d9f-b99a-aef9088d85dc	6	76751356	78253172	977	0.1047
02d477c4-771f-4d9f-b99a-aef9088d85dc	6	78259348	78329517	114	-0.7266
02d477c4-771f-4d9f-b99a-aef9088d85dc	6	78331916	86364226	5010	0.1055
02d477c4-771f-4d9f-b99a-aef9088d85dc	6	86364520	86372433	6	-0.8425
02d477c4-771f-4d9f-b99a-aef9088d85dc	6	86373855	103286941	10459	0.0995
02d477c4-771f-4d9f-b99a-aef9088d85dc	6	103286950	103299735	17	-0.4559
02d477c4-771f-4d9f-b99a-aef9088d85dc	6	103299855	114874292	7279	0.1042
02d477c4-771f-4d9f-b99a-aef9088d85dc	6	114881368	114881626	4	-1.3215
02d477c4-771f-4d9f-b99a-aef9088d85dc	6	114885112	124110366	5438	0.0979
02d477c4-771f-4d9f-b99a-aef9088d85dc	6	124110629	124150388	23	0.7236
02d477c4-771f-4d9f-b99a-aef9088d85dc	6	124152854	139099858	9950	0.0957
02d477c4-771f-4d9f-b99a-aef9088d85dc	6	139100600	139103986	3	-1.1106
02d477c4-771f-4d9f-b99a-aef9088d85dc	6	139104769	165899018	18387	0.1043
02d477c4-771f-4d9f-b99a-aef9088d85dc	6	165899132	167194108	1019	0.1365
02d477c4-771f-4d9f-b99a-aef9088d85dc	6	167194527	167199775	2	1.5608
02d477c4-771f-4d9f-b99a-aef9088d85dc	6	167200616	168870185	926	0.172
02d477c4-771f-4d9f-b99a-aef9088d85dc	6	168870862	168871190	4	-1.0663
02d477c4-771f-4d9f-b99a-aef9088d85dc	6	168875233	170303545	971	0.1586
02d477c4-771f-4d9f-b99a-aef9088d85dc	6	170304406	170596889	195	0.0796
02d477c4-771f-4d9f-b99a-aef9088d85dc	6	170598071	170741917	7	0.5961
02d477c4-771f-4d9f-b99a-aef9088d85dc	7	43355	68659	31	0.8503
02d477c4-771f-4d9f-b99a-aef9088d85dc	7	79263	6797375	3386	0.1349
02d477c4-771f-4d9f-b99a-aef9088d85dc	7	6797437	7023272	82	0.3892
02d477c4-771f-4d9f-b99a-aef9088d85dc	7	7023356	22395161	12559	0.0989
02d477c4-771f-4d9f-b99a-aef9088d85dc	7	22395853	22396868	2	-3.7727
02d477c4-771f-4d9f-b99a-aef9088d85dc	7	22399135	54318817	22424	0.1118
02d477c4-771f-4d9f-b99a-aef9088d85dc	7	54318819	54318824	3	-2.0403
02d477c4-771f-4d9f-b99a-aef9088d85dc	7	54325795	56714614	1567	0.1222
02d477c4-771f-4d9f-b99a-aef9088d85dc	7	56714729	63837810	809	0.2366
02d477c4-771f-4d9f-b99a-aef9088d85dc	7	63841552	65475914	807	0.1417
02d477c4-771f-4d9f-b99a-aef9088d85dc	7	65476974	65622693	39	0.4616
02d477c4-771f-4d9f-b99a-aef9088d85dc	7	65626378	67225584	528	0.1003
02d477c4-771f-4d9f-b99a-aef9088d85dc	7	67230121	67233947	2	-1.2444
02d477c4-771f-4d9f-b99a-aef9088d85dc	7	67234797	76514576	4515	0.133
02d477c4-771f-4d9f-b99a-aef9088d85dc	7	76524031	76531991	5	1.1515
02d477c4-771f-4d9f-b99a-aef9088d85dc	7	76532105	78369703	999	0.1283
02d477c4-771f-4d9f-b99a-aef9088d85dc	7	78372524	95795145	11300	0.0918
02d477c4-771f-4d9f-b99a-aef9088d85dc	7	95796259	97756621	1246	0.1232
02d477c4-771f-4d9f-b99a-aef9088d85dc	7	97756658	97772647	11	0.9279
02d477c4-771f-4d9f-b99a-aef9088d85dc	7	97772665	97788298	27	0.0838
02d477c4-771f-4d9f-b99a-aef9088d85dc	7	97791337	97791778	4	1.4484
02d477c4-771f-4d9f-b99a-aef9088d85dc	7	97791793	109797044	6587	0.1066
02d477c4-771f-4d9f-b99a-aef9088d85dc	7	109797612	109813853	27	0.6672
02d477c4-771f-4d9f-b99a-aef9088d85dc	7	109813925	126406823	10041	0.0942
02d477c4-771f-4d9f-b99a-aef9088d85dc	7	126406824	126406827	4	1.2234
02d477c4-771f-4d9f-b99a-aef9088d85dc	7	126412712	135591973	5809	0.1138
02d477c4-771f-4d9f-b99a-aef9088d85dc	7	135599308	135617898	6	-0.9542
02d477c4-771f-4d9f-b99a-aef9088d85dc	7	135618037	142063324	4104	0.112
02d477c4-771f-4d9f-b99a-aef9088d85dc	7	142069843	142070732	6	-1.68
02d477c4-771f-4d9f-b99a-aef9088d85dc	7	142070827	142087828	17	-4.3108
02d477c4-771f-4d9f-b99a-aef9088d85dc	7	142087846	142092108	9	-1.7058
02d477c4-771f-4d9f-b99a-aef9088d85dc	7	142092307	159334314	10866	0.1253
02d477c4-771f-4d9f-b99a-aef9088d85dc	8	81254	1577621	1041	0.1739
02d477c4-771f-4d9f-b99a-aef9088d85dc	8	1582413	5244189	4320	-0.4609
02d477c4-771f-4d9f-b99a-aef9088d85dc	8	5244886	5888490	811	0.1276
02d477c4-771f-4d9f-b99a-aef9088d85dc	8	5896197	5903804	9	-0.878
02d477c4-771f-4d9f-b99a-aef9088d85dc	8	5904446	6968934	1439	0.1377
02d477c4-771f-4d9f-b99a-aef9088d85dc	8	6968962	7930163	151	0.34
02d477c4-771f-4d9f-b99a-aef9088d85dc	8	7930192	8235660	22	0.7587
02d477c4-771f-4d9f-b99a-aef9088d85dc	8	8237241	10253028	1802	-0.4451
02d477c4-771f-4d9f-b99a-aef9088d85dc	8	10253070	12376131	1430	0.1494
02d477c4-771f-4d9f-b99a-aef9088d85dc	8	12376245	12581382	41	0.5725
02d477c4-771f-4d9f-b99a-aef9088d85dc	8	12585546	12709141	32	0.1795
02d477c4-771f-4d9f-b99a-aef9088d85dc	8	12712880	14652059	1918	-0.4791
02d477c4-771f-4d9f-b99a-aef9088d85dc	8	14652523	14652552	2	-2.6596
02d477c4-771f-4d9f-b99a-aef9088d85dc	8	14652565	15435453	693	-0.4722
02d477c4-771f-4d9f-b99a-aef9088d85dc	8	15436422	15437936	2	-2.313
02d477c4-771f-4d9f-b99a-aef9088d85dc	8	15439194	16054744	592	-0.4778
02d477c4-771f-4d9f-b99a-aef9088d85dc	8	16058880	16072269	9	-1.2445
02d477c4-771f-4d9f-b99a-aef9088d85dc	8	16072269	25114672	7150	-0.452
02d477c4-771f-4d9f-b99a-aef9088d85dc	8	25116928	25126818	27	0.2775
02d477c4-771f-4d9f-b99a-aef9088d85dc	8	25133589	25715749	444	-0.4263
02d477c4-771f-4d9f-b99a-aef9088d85dc	8	25723252	25730126	5	0.6293
02d477c4-771f-4d9f-b99a-aef9088d85dc	8	25736760	32825580	4974	-0.4519
02d477c4-771f-4d9f-b99a-aef9088d85dc	8	32826447	32830895	7	0.6287
02d477c4-771f-4d9f-b99a-aef9088d85dc	8	32834588	36300212	1922	-0.4508
02d477c4-771f-4d9f-b99a-aef9088d85dc	8	36301253	39373140	1655	0.1176
02d477c4-771f-4d9f-b99a-aef9088d85dc	8	39378084	39529446	58	-2.2477
02d477c4-771f-4d9f-b99a-aef9088d85dc	8	39530780	40914477	1071	0.1044
02d477c4-771f-4d9f-b99a-aef9088d85dc	8	40920333	40920952	2	-2.0416
02d477c4-771f-4d9f-b99a-aef9088d85dc	8	40926161	50119451	3506	0.1117
02d477c4-771f-4d9f-b99a-aef9088d85dc	8	50119464	50119827	7	-1.7357
02d477c4-771f-4d9f-b99a-aef9088d85dc	8	50120863	94545084	27148	0.1053
02d477c4-771f-4d9f-b99a-aef9088d85dc	8	94545374	94545887	7	1.1434
02d477c4-771f-4d9f-b99a-aef9088d85dc	8	94546864	111282417	10268	0.1034
02d477c4-771f-4d9f-b99a-aef9088d85dc	8	111282441	111283016	5	-1.9818
02d477c4-771f-4d9f-b99a-aef9088d85dc	8	111283031	114619814	1823	0.0921
02d477c4-771f-4d9f-b99a-aef9088d85dc	8	114622258	114626238	16	-0.6987
02d477c4-771f-4d9f-b99a-aef9088d85dc	8	114626472	114628953	12	0.2016
02d477c4-771f-4d9f-b99a-aef9088d85dc	8	114629217	114629460	6	-1.0136
02d477c4-771f-4d9f-b99a-aef9088d85dc	8	114629502	119139771	3110	0.1021
02d477c4-771f-4d9f-b99a-aef9088d85dc	8	119142545	119147207	4	-0.9742
02d477c4-771f-4d9f-b99a-aef9088d85dc	8	119150615	127306145	5594	0.1104
02d477c4-771f-4d9f-b99a-aef9088d85dc	8	127320952	127378415	43	0.6341
02d477c4-771f-4d9f-b99a-aef9088d85dc	8	127383897	127430224	45	0.099
02d477c4-771f-4d9f-b99a-aef9088d85dc	8	127435304	127440521	2	-1.5251
02d477c4-771f-4d9f-b99a-aef9088d85dc	8	127441520	140991348	10456	0.1209
02d477c4-771f-4d9f-b99a-aef9088d85dc	8	140991369	144850786	1677	0.1867
02d477c4-771f-4d9f-b99a-aef9088d85dc	8	144851387	145072769	132	0.0953
02d477c4-771f-4d9f-b99a-aef9088d85dc	9	46587	1627320	1725	-0.0737
02d477c4-771f-4d9f-b99a-aef9088d85dc	9	1627666	3397534	1823	-0.1308
02d477c4-771f-4d9f-b99a-aef9088d85dc	9	3397651	3399037	2	-1.9195
02d477c4-771f-4d9f-b99a-aef9088d85dc	9	3401609	38808961	27563	-0.1447
02d477c4-771f-4d9f-b99a-aef9088d85dc	9	38912300	40743069	80	0.0011
02d477c4-771f-4d9f-b99a-aef9088d85dc	9	40746210	61378951	183	0.2784
02d477c4-771f-4d9f-b99a-aef9088d85dc	9	61405110	61647899	31	0.7603
02d477c4-771f-4d9f-b99a-aef9088d85dc	9	61665362	63580418	38	0.1639
02d477c4-771f-4d9f-b99a-aef9088d85dc	9	63590317	63592813	7	1.7371
02d477c4-771f-4d9f-b99a-aef9088d85dc	9	63614182	67832599	120	0.246
02d477c4-771f-4d9f-b99a-aef9088d85dc	9	67915741	102914438	24179	-0.1862
02d477c4-771f-4d9f-b99a-aef9088d85dc	9	102916631	102986198	56	-1.8125
02d477c4-771f-4d9f-b99a-aef9088d85dc	9	102989577	138200944	23686	-0.1876
02d477c4-771f-4d9f-b99a-aef9088d85dc	10	45792	2798013	2234	-0.127
02d477c4-771f-4d9f-b99a-aef9088d85dc	10	2798283	3034785	246	-0.0089
02d477c4-771f-4d9f-b99a-aef9088d85dc	10	3036949	41806669	26606	-0.1335
02d477c4-771f-4d9f-b99a-aef9088d85dc	10	42118988	42267782	25	0.5071
02d477c4-771f-4d9f-b99a-aef9088d85dc	10	42272195	50062639	4299	-0.1132
02d477c4-771f-4d9f-b99a-aef9088d85dc	10	50070600	50132160	5	-1.5478
02d477c4-771f-4d9f-b99a-aef9088d85dc	10	50144008	54920517	3640	-0.1431
02d477c4-771f-4d9f-b99a-aef9088d85dc	10	54923330	54929747	4	-1.2838
02d477c4-771f-4d9f-b99a-aef9088d85dc	10	54929994	55744528	549	-0.155
02d477c4-771f-4d9f-b99a-aef9088d85dc	10	55744822	55745306	3	-1.496
02d477c4-771f-4d9f-b99a-aef9088d85dc	10	55745524	57158078	1002	-0.1648
02d477c4-771f-4d9f-b99a-aef9088d85dc	10	57158352	57158939	2	1.2188
02d477c4-771f-4d9f-b99a-aef9088d85dc	10	57159466	59605132	1778	-0.1561
02d477c4-771f-4d9f-b99a-aef9088d85dc	10	59605153	59606047	8	0.5022
02d477c4-771f-4d9f-b99a-aef9088d85dc	10	59606506	65546518	4018	-0.1507
02d477c4-771f-4d9f-b99a-aef9088d85dc	10	65548165	65554688	28	0.5215
02d477c4-771f-4d9f-b99a-aef9088d85dc	10	65563037	89178684	15812	-0.1304
02d477c4-771f-4d9f-b99a-aef9088d85dc	10	89178916	89188152	10	-0.9108
02d477c4-771f-4d9f-b99a-aef9088d85dc	10	89188211	130392498	28337	-0.133
02d477c4-771f-4d9f-b99a-aef9088d85dc	10	130393256	131621235	1064	-0.0403
02d477c4-771f-4d9f-b99a-aef9088d85dc	10	131621398	131632628	6	-1.3077
02d477c4-771f-4d9f-b99a-aef9088d85dc	10	131632909	131845008	167	-0.0064
02d477c4-771f-4d9f-b99a-aef9088d85dc	10	131914143	133654968	820	-0.1245
02d477c4-771f-4d9f-b99a-aef9088d85dc	11	198510	5766175	3234	0.1095
02d477c4-771f-4d9f-b99a-aef9088d85dc	11	5766850	5791130	35	-0.6448
02d477c4-771f-4d9f-b99a-aef9088d85dc	11	5794956	18927525	9407	0.1049
02d477c4-771f-4d9f-b99a-aef9088d85dc	11	18927562	18949201	48	0.5801
02d477c4-771f-4d9f-b99a-aef9088d85dc	11	18949628	21825348	2589	0.105
02d477c4-771f-4d9f-b99a-aef9088d85dc	11	21825960	21827115	3	-1.2964
02d477c4-771f-4d9f-b99a-aef9088d85dc	11	21827134	48521450	17955	0.098
02d477c4-771f-4d9f-b99a-aef9088d85dc	11	48522694	48684291	68	0.3429
02d477c4-771f-4d9f-b99a-aef9088d85dc	11	48688176	49737435	410	0.078
02d477c4-771f-4d9f-b99a-aef9088d85dc	11	49738003	49739136	6	-0.9619
02d477c4-771f-4d9f-b99a-aef9088d85dc	11	49744609	50140856	164	0.1042
02d477c4-771f-4d9f-b99a-aef9088d85dc	11	50141096	55693207	620	0.2771
02d477c4-771f-4d9f-b99a-aef9088d85dc	11	55693312	55759171	49	0.1073
02d477c4-771f-4d9f-b99a-aef9088d85dc	11	55765631	67704674	6172	0.0699
02d477c4-771f-4d9f-b99a-aef9088d85dc	11	67704862	67964843	70	0.4548
02d477c4-771f-4d9f-b99a-aef9088d85dc	11	67968943	71659754	2027	0.0815
02d477c4-771f-4d9f-b99a-aef9088d85dc	11	71660739	71689412	9	0.7616
02d477c4-771f-4d9f-b99a-aef9088d85dc	11	71694420	118478918	31643	0.0621
02d477c4-771f-4d9f-b99a-aef9088d85dc	11	118479290	118479390	5	-0.9104
02d477c4-771f-4d9f-b99a-aef9088d85dc	11	118479407	125205483	4751	0.0675
02d477c4-771f-4d9f-b99a-aef9088d85dc	11	125205555	125213808	27	-1.1703
02d477c4-771f-4d9f-b99a-aef9088d85dc	11	125218374	132991639	5969	0.0789
02d477c4-771f-4d9f-b99a-aef9088d85dc	11	132991917	135074876	1572	0.137
02d477c4-771f-4d9f-b99a-aef9088d85dc	12	51460	2126723	1265	0.1445
02d477c4-771f-4d9f-b99a-aef9088d85dc	12	2136696	2148754	41	-0.7403
02d477c4-771f-4d9f-b99a-aef9088d85dc	12	2148857	8318319	4263	0.1175
02d477c4-771f-4d9f-b99a-aef9088d85dc	12	8329044	8442298	48	0.477
02d477c4-771f-4d9f-b99a-aef9088d85dc	12	8442935	9354172	503	0.1137
02d477c4-771f-4d9f-b99a-aef9088d85dc	12	9361243	9583090	82	0.3888
02d477c4-771f-4d9f-b99a-aef9088d85dc	12	9584060	11351157	1175	0.0919
02d477c4-771f-4d9f-b99a-aef9088d85dc	12	11358643	11388095	29	0.8689
02d477c4-771f-4d9f-b99a-aef9088d85dc	12	11390452	24763917	9106	0.0974
02d477c4-771f-4d9f-b99a-aef9088d85dc	12	24767113	25034937	245	0.2224
02d477c4-771f-4d9f-b99a-aef9088d85dc	12	25035080	30087223	3764	0.0969
02d477c4-771f-4d9f-b99a-aef9088d85dc	12	30087238	30090732	14	-0.7924
02d477c4-771f-4d9f-b99a-aef9088d85dc	12	30090756	33148706	2263	0.1082
02d477c4-771f-4d9f-b99a-aef9088d85dc	12	33148873	33154013	18	0.727
02d477c4-771f-4d9f-b99a-aef9088d85dc	12	33154031	33232895	47	0.0081
02d477c4-771f-4d9f-b99a-aef9088d85dc	12	33233822	33242483	6	-0.9127
02d477c4-771f-4d9f-b99a-aef9088d85dc	12	33246118	33957686	462	0.0636
02d477c4-771f-4d9f-b99a-aef9088d85dc	12	33960730	38213562	466	0.2022
02d477c4-771f-4d9f-b99a-aef9088d85dc	12	38214646	60478823	13291	0.1007
02d477c4-771f-4d9f-b99a-aef9088d85dc	12	60480818	60483567	6	-1.3971
02d477c4-771f-4d9f-b99a-aef9088d85dc	12	60486777	98535099	24494	0.09
02d477c4-771f-4d9f-b99a-aef9088d85dc	12	98535321	99398014	520	0.1354
02d477c4-771f-4d9f-b99a-aef9088d85dc	12	99398036	99404279	24	0.5172
02d477c4-771f-4d9f-b99a-aef9088d85dc	12	99404284	127101808	18183	0.1209
02d477c4-771f-4d9f-b99a-aef9088d85dc	12	127104101	127104606	6	0.9896
02d477c4-771f-4d9f-b99a-aef9088d85dc	12	127106005	127147836	67	0.0625
02d477c4-771f-4d9f-b99a-aef9088d85dc	12	127149591	127150001	7	-0.7976
02d477c4-771f-4d9f-b99a-aef9088d85dc	12	127150302	127831642	552	0.1215
02d477c4-771f-4d9f-b99a-aef9088d85dc	12	127831650	132882684	3763	0.1871
02d477c4-771f-4d9f-b99a-aef9088d85dc	12	132887914	133201603	148	0.0894
02d477c4-771f-4d9f-b99a-aef9088d85dc	13	18452809	18835078	91	-0.0989
02d477c4-771f-4d9f-b99a-aef9088d85dc	13	18835707	52381495	23254	-0.4292
02d477c4-771f-4d9f-b99a-aef9088d85dc	13	52386574	56688645	2433	0.1089
02d477c4-771f-4d9f-b99a-aef9088d85dc	13	56690915	58343762	890	-0.4565
02d477c4-771f-4d9f-b99a-aef9088d85dc	13	58354445	97875020	25327	0.0968
02d477c4-771f-4d9f-b99a-aef9088d85dc	13	97877870	97879211	6	-1.8256
02d477c4-771f-4d9f-b99a-aef9088d85dc	13	97881576	105530958	5885	0.1077
02d477c4-771f-4d9f-b99a-aef9088d85dc	13	105531067	105554770	28	0.4785
02d477c4-771f-4d9f-b99a-aef9088d85dc	13	105554992	114342922	6229	0.124
02d477c4-771f-4d9f-b99a-aef9088d85dc	14	18239283	19650668	60	-0.0144
02d477c4-771f-4d9f-b99a-aef9088d85dc	14	19667065	21926607	1465	-0.3753
02d477c4-771f-4d9f-b99a-aef9088d85dc	14	21928047	21928296	4	1.013
02d477c4-771f-4d9f-b99a-aef9088d85dc	14	21928444	22013585	64	-0.5152
02d477c4-771f-4d9f-b99a-aef9088d85dc	14	22013763	22484618	388	-0.6864
02d477c4-771f-4d9f-b99a-aef9088d85dc	14	22486728	26310436	2521	-0.3914
02d477c4-771f-4d9f-b99a-aef9088d85dc	14	26314697	26314712	7	0.7674
02d477c4-771f-4d9f-b99a-aef9088d85dc	14	26315707	27597143	769	-0.4173
02d477c4-771f-4d9f-b99a-aef9088d85dc	14	27598020	27598217	2	-2.4903
02d477c4-771f-4d9f-b99a-aef9088d85dc	14	27600247	34500227	4424	-0.4089
02d477c4-771f-4d9f-b99a-aef9088d85dc	14	34502615	34709962	102	-0.1729
02d477c4-771f-4d9f-b99a-aef9088d85dc	14	34710140	44190740	5801	-0.4005
02d477c4-771f-4d9f-b99a-aef9088d85dc	14	44198131	44198293	2	-3.0526
02d477c4-771f-4d9f-b99a-aef9088d85dc	14	44198554	105483783	39238	-0.4208
02d477c4-771f-4d9f-b99a-aef9088d85dc	14	105484811	106475361	334	-0.2223
02d477c4-771f-4d9f-b99a-aef9088d85dc	14	106487515	106874800	189	-0.3566
02d477c4-771f-4d9f-b99a-aef9088d85dc	14	106876272	106877229	4	-1.1668
02d477c4-771f-4d9f-b99a-aef9088d85dc	15	19811075	20373168	88	0.2609
02d477c4-771f-4d9f-b99a-aef9088d85dc	15	20376198	20376311	7	1.5804
02d477c4-771f-4d9f-b99a-aef9088d85dc	15	20380735	20988347	61	0.2689
02d477c4-771f-4d9f-b99a-aef9088d85dc	15	21005443	21096887	11	0.9703
02d477c4-771f-4d9f-b99a-aef9088d85dc	15	21262847	23121974	352	0.108
02d477c4-771f-4d9f-b99a-aef9088d85dc	15	23191818	23199669	3	1.3991
02d477c4-771f-4d9f-b99a-aef9088d85dc	15	23396367	24429604	678	0.1424
02d477c4-771f-4d9f-b99a-aef9088d85dc	15	24429740	24492131	39	0.433
02d477c4-771f-4d9f-b99a-aef9088d85dc	15	24493015	26693192	1609	0.1266
02d477c4-771f-4d9f-b99a-aef9088d85dc	15	26693341	26693475	3	-1.5164
02d477c4-771f-4d9f-b99a-aef9088d85dc	15	26695318	28289262	1127	0.1137
02d477c4-771f-4d9f-b99a-aef9088d85dc	15	28294842	28720086	25	0.6862
02d477c4-771f-4d9f-b99a-aef9088d85dc	15	28724138	30199184	830	0.1751
02d477c4-771f-4d9f-b99a-aef9088d85dc	15	30201158	30304026	17	-0.5163
02d477c4-771f-4d9f-b99a-aef9088d85dc	15	30307497	61392006	19939	0.1011
02d477c4-771f-4d9f-b99a-aef9088d85dc	15	61395970	61405782	17	-1.0683
02d477c4-771f-4d9f-b99a-aef9088d85dc	15	61408185	76586021	9112	0.1036
02d477c4-771f-4d9f-b99a-aef9088d85dc	15	76598900	76603434	22	0.8856
02d477c4-771f-4d9f-b99a-aef9088d85dc	15	76609838	101928837	17616	0.119
02d477c4-771f-4d9f-b99a-aef9088d85dc	16	10777	18104860	12764	0.167
02d477c4-771f-4d9f-b99a-aef9088d85dc	16	18134261	18545889	16	0.8139
02d477c4-771f-4d9f-b99a-aef9088d85dc	16	18583078	21731617	1732	0.1616
02d477c4-771f-4d9f-b99a-aef9088d85dc	16	21731811	21935215	17	0.7871
02d477c4-771f-4d9f-b99a-aef9088d85dc	16	21935272	31948830	5419	0.1535
02d477c4-771f-4d9f-b99a-aef9088d85dc	16	31954295	35101611	133	0.3448
02d477c4-771f-4d9f-b99a-aef9088d85dc	16	35102363	35332841	144	0.1575
02d477c4-771f-4d9f-b99a-aef9088d85dc	16	35341336	35429079	55	0.7848
02d477c4-771f-4d9f-b99a-aef9088d85dc	16	35429376	53424105	4635	0.1366
02d477c4-771f-4d9f-b99a-aef9088d85dc	16	53435475	53435895	3	-1.0503
02d477c4-771f-4d9f-b99a-aef9088d85dc	16	53436017	55761136	2020	0.1337
02d477c4-771f-4d9f-b99a-aef9088d85dc	16	55762477	55782331	17	-0.4288
02d477c4-771f-4d9f-b99a-aef9088d85dc	16	55782734	70090510	8756	0.1275
02d477c4-771f-4d9f-b99a-aef9088d85dc	16	70090862	70212430	23	0.5704
02d477c4-771f-4d9f-b99a-aef9088d85dc	16	70212436	74371293	2294	0.1278
02d477c4-771f-4d9f-b99a-aef9088d85dc	16	74373114	74432937	10	0.8644
02d477c4-771f-4d9f-b99a-aef9088d85dc	16	74433007	88070485	12988	0.1422
02d477c4-771f-4d9f-b99a-aef9088d85dc	16	88070700	88096795	15	0.6588
02d477c4-771f-4d9f-b99a-aef9088d85dc	16	88099062	90096867	828	0.1521
02d477c4-771f-4d9f-b99a-aef9088d85dc	17	150733	46088437	23339	-0.1056
02d477c4-771f-4d9f-b99a-aef9088d85dc	17	46089055	46664059	130	0.416
02d477c4-771f-4d9f-b99a-aef9088d85dc	17	46687628	57610128	6998	-0.1223
02d477c4-771f-4d9f-b99a-aef9088d85dc	17	57610972	57611632	2	-2.0946
02d477c4-771f-4d9f-b99a-aef9088d85dc	17	57614632	70895688	7467	-0.1255
02d477c4-771f-4d9f-b99a-aef9088d85dc	17	70896097	70896209	2	-2.1252
02d477c4-771f-4d9f-b99a-aef9088d85dc	17	70896957	73838033	2340	-0.1115
02d477c4-771f-4d9f-b99a-aef9088d85dc	17	73838553	74710490	564	-0.0066
02d477c4-771f-4d9f-b99a-aef9088d85dc	17	74711717	83091923	4190	-0.1118
02d477c4-771f-4d9f-b99a-aef9088d85dc	18	48133	478887	310	-0.1045
02d477c4-771f-4d9f-b99a-aef9088d85dc	18	479816	481341	2	-1.7197
02d477c4-771f-4d9f-b99a-aef9088d85dc	18	483753	3560936	2166	-0.1072
02d477c4-771f-4d9f-b99a-aef9088d85dc	18	3561823	3566294	4	-1.2985
02d477c4-771f-4d9f-b99a-aef9088d85dc	18	3567311	5960166	1735	-0.1099
02d477c4-771f-4d9f-b99a-aef9088d85dc	18	5960389	6395558	311	-0.0042
02d477c4-771f-4d9f-b99a-aef9088d85dc	18	6395854	13799457	5292	-0.1094
02d477c4-771f-4d9f-b99a-aef9088d85dc	18	13799880	15402409	588	-0.0202
02d477c4-771f-4d9f-b99a-aef9088d85dc	18	20949392	40680506	12388	-0.1181
02d477c4-771f-4d9f-b99a-aef9088d85dc	18	40680516	40688060	16	-1.0451
02d477c4-771f-4d9f-b99a-aef9088d85dc	18	40689534	54722849	9558	-0.1102
02d477c4-771f-4d9f-b99a-aef9088d85dc	18	54724343	54726513	2	-2.5181
02d477c4-771f-4d9f-b99a-aef9088d85dc	18	54726933	60331667	3932	-0.1081
02d477c4-771f-4d9f-b99a-aef9088d85dc	18	60336184	73125612	9205	-0.1398
02d477c4-771f-4d9f-b99a-aef9088d85dc	18	73128160	73132766	2	-1.7769
02d477c4-771f-4d9f-b99a-aef9088d85dc	18	73133097	73555802	346	-0.1291
02d477c4-771f-4d9f-b99a-aef9088d85dc	18	73558221	80257174	4887	-0.0967
02d477c4-771f-4d9f-b99a-aef9088d85dc	19	90910	20217091	8810	0.1197
02d477c4-771f-4d9f-b99a-aef9088d85dc	19	20231584	20943761	402	0.2242
02d477c4-771f-4d9f-b99a-aef9088d85dc	19	20945860	24278016	1923	0.133
02d477c4-771f-4d9f-b99a-aef9088d85dc	19	24278618	24282155	9	-0.6749
02d477c4-771f-4d9f-b99a-aef9088d85dc	19	24304880	35358420	5563	0.1381
02d477c4-771f-4d9f-b99a-aef9088d85dc	19	35364451	35375842	22	-0.3406
02d477c4-771f-4d9f-b99a-aef9088d85dc	19	35375884	40856268	2774	0.111
02d477c4-771f-4d9f-b99a-aef9088d85dc	19	40859322	40864857	12	-0.8708
02d477c4-771f-4d9f-b99a-aef9088d85dc	19	40864888	41006664	99	0.212
02d477c4-771f-4d9f-b99a-aef9088d85dc	19	41007440	42835801	821	0.1129
02d477c4-771f-4d9f-b99a-aef9088d85dc	19	42838525	43139226	133	0.3104
02d477c4-771f-4d9f-b99a-aef9088d85dc	19	43142696	43230258	40	-0.6625
02d477c4-771f-4d9f-b99a-aef9088d85dc	19	43231593	58586487	8503	0.1353
02d477c4-771f-4d9f-b99a-aef9088d85dc	20	80664	1590091	1213	0.1578
02d477c4-771f-4d9f-b99a-aef9088d85dc	20	1590106	1601561	27	-0.2264
02d477c4-771f-4d9f-b99a-aef9088d85dc	20	1609611	1613247	5	-1.7629
02d477c4-771f-4d9f-b99a-aef9088d85dc	20	1617300	26217295	18737	0.1278
02d477c4-771f-4d9f-b99a-aef9088d85dc	20	26229118	30416535	86	0.4154
02d477c4-771f-4d9f-b99a-aef9088d85dc	20	30416693	38374656	3681	0.118
02d477c4-771f-4d9f-b99a-aef9088d85dc	20	38376710	38383652	6	-1.144
02d477c4-771f-4d9f-b99a-aef9088d85dc	20	38390010	64324800	18632	0.1343
02d477c4-771f-4d9f-b99a-aef9088d85dc	21	10354168	14005515	325	0.1675
02d477c4-771f-4d9f-b99a-aef9088d85dc	21	14006460	38746539	18135	0.1066
02d477c4-771f-4d9f-b99a-aef9088d85dc	21	38747109	46677045	5404	0.1359
02d477c4-771f-4d9f-b99a-aef9088d85dc	22	15294547	22119549	3120	-0.0544
02d477c4-771f-4d9f-b99a-aef9088d85dc	22	22119654	22120255	5	-1.2934
02d477c4-771f-4d9f-b99a-aef9088d85dc	22	22127104	24008384	1282	-0.0617
02d477c4-771f-4d9f-b99a-aef9088d85dc	22	24009046	25310951	827	-0.1029
02d477c4-771f-4d9f-b99a-aef9088d85dc	22	25315890	25325796	9	0.7478
02d477c4-771f-4d9f-b99a-aef9088d85dc	22	25325827	25430519	126	-0.0316
02d477c4-771f-4d9f-b99a-aef9088d85dc	22	25439231	25439490	2	-1.569
02d477c4-771f-4d9f-b99a-aef9088d85dc	22	25440170	32000912	4768	-0.1108
02d477c4-771f-4d9f-b99a-aef9088d85dc	22	32004263	32004591	2	-1.7638
02d477c4-771f-4d9f-b99a-aef9088d85dc	22	32007331	38969382	5102	-0.1068
02d477c4-771f-4d9f-b99a-aef9088d85dc	22	38969575	38999502	27	0.2616
02d477c4-771f-4d9f-b99a-aef9088d85dc	22	39003307	44998263	3724	-0.11
02d477c4-771f-4d9f-b99a-aef9088d85dc	22	44998859	45000559	4	-1.5017
02d477c4-771f-4d9f-b99a-aef9088d85dc	22	45000704	48445245	2718	-0.1011
02d477c4-771f-4d9f-b99a-aef9088d85dc	22	48445293	50796027	1558	-0.036
02d477c4-771f-4d9f-b99a-aef9088d85dc	X	251810	2748312	94	-0.5348
02d477c4-771f-4d9f-b99a-aef9088d85dc	X	2785350	2858112	56	0.0726
02d477c4-771f-4d9f-b99a-aef9088d85dc	X	2858331	2860304	5	-3.1046
02d477c4-771f-4d9f-b99a-aef9088d85dc	X	2860392	11951344	6680	-0.1142
02d477c4-771f-4d9f-b99a-aef9088d85dc	X	11952336	11952936	2	-5.6594
02d477c4-771f-4d9f-b99a-aef9088d85dc	X	11953740	24577219	8083	-0.1328
02d477c4-771f-4d9f-b99a-aef9088d85dc	X	24577297	24577630	4	-2.9156
02d477c4-771f-4d9f-b99a-aef9088d85dc	X	24579832	29517389	3080	-0.1517
02d477c4-771f-4d9f-b99a-aef9088d85dc	X	29517719	29518008	3	-4.4693
02d477c4-771f-4d9f-b99a-aef9088d85dc	X	29518126	43753940	8673	-0.1406
02d477c4-771f-4d9f-b99a-aef9088d85dc	X	43761389	43762521	5	-3.7465
02d477c4-771f-4d9f-b99a-aef9088d85dc	X	43763837	93002869	20953	-0.1346
02d477c4-771f-4d9f-b99a-aef9088d85dc	X	93011832	121067707	15379	0.6705
02d477c4-771f-4d9f-b99a-aef9088d85dc	X	121076361	155952689	20477	-0.132
02d477c4-771f-4d9f-b99a-aef9088d85dc	Y	2782397	10090113	2401	-1.8063
02d477c4-771f-4d9f-b99a-aef9088d85dc	Y	10092079	11680222	44	-1.2782
02d477c4-771f-4d9f-b99a-aef9088d85dc	Y	11750202	13478396	819	-1.8344
02d477c4-771f-4d9f-b99a-aef9088d85dc	Y	13478462	13479657	2	-7.3808
02d477c4-771f-4d9f-b99a-aef9088d85dc	Y	13482643	56872112	3372	-1.8546
