Sample	Chromosome	Start	End	Num_Probes	Segment_Mean
TARSI_p_TCGAb70_SNP_N_GenomeWideSNP_6_H09_741928	1	3218610	44635476	21952	0.013
TARSI_p_TCGAb70_SNP_N_GenomeWideSNP_6_H09_741928	1	44636481	44637390	2	-1.6356
TARSI_p_TCGAb70_SNP_N_GenomeWideSNP_6_H09_741928	1	44647380	61931351	10339	0.028
TARSI_p_TCGAb70_SNP_N_GenomeWideSNP_6_H09_741928	1	61931461	61969714	35	-1.0341
TARSI_p_TCGAb70_SNP_N_GenomeWideSNP_6_H09_741928	1	61970389	188391570	59344	0.0269
TARSI_p_TCGAb70_SNP_N_GenomeWideSNP_6_H09_741928	1	188396947	188397056	2	-1.7457
TARSI_p_TCGAb70_SNP_N_GenomeWideSNP_6_H09_741928	1	188397138	247813706	37359	0.0243
TARSI_p_TCGAb70_SNP_N_GenomeWideSNP_6_H09_741928	2	484222	242476062	131196	0.0262
TARSI_p_TCGAb70_SNP_N_GenomeWideSNP_6_H09_741928	3	2212571	90343301	50778	-0.3455
TARSI_p_TCGAb70_SNP_N_GenomeWideSNP_6_H09_741928	3	90364260	126200146	18386	0.0296
TARSI_p_TCGAb70_SNP_N_GenomeWideSNP_6_H09_741928	3	126200705	126203122	2	-1.6663
TARSI_p_TCGAb70_SNP_N_GenomeWideSNP_6_H09_741928	3	126203193	197538677	37057	0.0341
TARSI_p_TCGAb70_SNP_N_GenomeWideSNP_6_H09_741928	4	1053934	188763651	102676	0.0365
TARSI_p_TCGAb70_SNP_N_GenomeWideSNP_6_H09_741928	5	914233	180360469	100431	0.0293
TARSI_p_TCGAb70_SNP_N_GenomeWideSNP_6_H09_741928	6	1014281	170903919	96418	0.0301
TARSI_p_TCGAb70_SNP_N_GenomeWideSNP_6_H09_741928	7	705284	4342038	1369	0.0175
TARSI_p_TCGAb70_SNP_N_GenomeWideSNP_6_H09_741928	7	4343074	4347477	3	-1.8952
TARSI_p_TCGAb70_SNP_N_GenomeWideSNP_6_H09_741928	7	4349686	92243719	45058	0.0284
TARSI_p_TCGAb70_SNP_N_GenomeWideSNP_6_H09_741928	7	92243825	92243926	3	-1.2457
TARSI_p_TCGAb70_SNP_N_GenomeWideSNP_6_H09_741928	7	92244422	134154848	22187	0.0261
TARSI_p_TCGAb70_SNP_N_GenomeWideSNP_6_H09_741928	7	134155533	134155552	2	-2.0828
TARSI_p_TCGAb70_SNP_N_GenomeWideSNP_6_H09_741928	7	134157820	158385118	12636	0.0214
TARSI_p_TCGAb70_SNP_N_GenomeWideSNP_6_H09_741928	8	617667	42933372	24687	-0.345
TARSI_p_TCGAb70_SNP_N_GenomeWideSNP_6_H09_741928	8	47460945	145232496	56758	0.0343
TARSI_p_TCGAb70_SNP_N_GenomeWideSNP_6_H09_741928	9	789932	72519551	24487	0.0324
TARSI_p_TCGAb70_SNP_N_GenomeWideSNP_6_H09_741928	9	72520270	72527024	10	-1.0224
TARSI_p_TCGAb70_SNP_N_GenomeWideSNP_6_H09_741928	9	72536236	73448055	636	0.0398
TARSI_p_TCGAb70_SNP_N_GenomeWideSNP_6_H09_741928	9	73451792	73452501	3	-1.7119
TARSI_p_TCGAb70_SNP_N_GenomeWideSNP_6_H09_741928	9	73454283	140938752	42841	0.0286
TARSI_p_TCGAb70_SNP_N_GenomeWideSNP_6_H09_741928	10	415240	87923955	51380	0.0254
TARSI_p_TCGAb70_SNP_N_GenomeWideSNP_6_H09_741928	10	87924933	87950537	22	-1.1173
TARSI_p_TCGAb70_SNP_N_GenomeWideSNP_6_H09_741928	10	87951578	135225087	29391	0.0223
TARSI_p_TCGAb70_SNP_N_GenomeWideSNP_6_H09_741928	11	456120	134142530	77176	0.0313
TARSI_p_TCGAb70_SNP_N_GenomeWideSNP_6_H09_741928	12	889902	99165619	54962	0.0244
TARSI_p_TCGAb70_SNP_N_GenomeWideSNP_6_H09_741928	12	99169676	99169929	4	-1.1769
TARSI_p_TCGAb70_SNP_N_GenomeWideSNP_6_H09_741928	12	99170272	104034955	2835	0.0316
TARSI_p_TCGAb70_SNP_N_GenomeWideSNP_6_H09_741928	12	104035804	104036351	3	-1.3268
TARSI_p_TCGAb70_SNP_N_GenomeWideSNP_6_H09_741928	12	104038453	133161346	16094	0.0268
TARSI_p_TCGAb70_SNP_N_GenomeWideSNP_6_H09_741928	13	19450806	86609218	38731	0.0329
TARSI_p_TCGAb70_SNP_N_GenomeWideSNP_6_H09_741928	13	86612919	86616581	4	-1.2325
TARSI_p_TCGAb70_SNP_N_GenomeWideSNP_6_H09_741928	13	86616625	108001171	13551	0.0353
TARSI_p_TCGAb70_SNP_N_GenomeWideSNP_6_H09_741928	13	108002249	108002257	2	-1.4938
TARSI_p_TCGAb70_SNP_N_GenomeWideSNP_6_H09_741928	13	108005167	114987458	4311	0.0375
TARSI_p_TCGAb70_SNP_N_GenomeWideSNP_6_H09_741928	14	20501368	105988038	49413	0.0284
TARSI_p_TCGAb70_SNP_N_GenomeWideSNP_6_H09_741928	15	23687685	101884307	44488	0.0252
TARSI_p_TCGAb70_SNP_N_GenomeWideSNP_6_H09_741928	16	653459	89379936	40753	0.0296
TARSI_p_TCGAb70_SNP_N_GenomeWideSNP_6_H09_741928	17	987221	39979588	16252	0.0164
TARSI_p_TCGAb70_SNP_N_GenomeWideSNP_6_H09_741928	17	39981248	80909086	20702	0.3062
TARSI_p_TCGAb70_SNP_N_GenomeWideSNP_6_H09_741928	17	80909157	80917016	4	-0.2211
TARSI_p_TCGAb70_SNP_N_GenomeWideSNP_6_H09_741928	18	329586	18694022	8208	0.0537
TARSI_p_TCGAb70_SNP_N_GenomeWideSNP_6_H09_741928	18	18697629	77109240	34368	-0.3218
TARSI_p_TCGAb70_SNP_N_GenomeWideSNP_6_H09_741928	19	284018	21710955	7884	-0.0017
TARSI_p_TCGAb70_SNP_N_GenomeWideSNP_6_H09_741928	19	21717303	21721674	2	-1.8066
TARSI_p_TCGAb70_SNP_N_GenomeWideSNP_6_H09_741928	19	21722305	58878226	16039	0.0143
TARSI_p_TCGAb70_SNP_N_GenomeWideSNP_6_H09_741928	20	455764	23398887	15469	-0.3471
TARSI_p_TCGAb70_SNP_N_GenomeWideSNP_6_H09_741928	20	23399544	25706557	1174	0.0328
TARSI_p_TCGAb70_SNP_N_GenomeWideSNP_6_H09_741928	20	25714022	26196263	147	-0.2931
TARSI_p_TCGAb70_SNP_N_GenomeWideSNP_6_H09_741928	20	26197899	58900315	18648	0.0224
TARSI_p_TCGAb70_SNP_N_GenomeWideSNP_6_H09_741928	20	58900580	58901750	3	-2.3254
TARSI_p_TCGAb70_SNP_N_GenomeWideSNP_6_H09_741928	20	58904124	62219837	1783	0.0069
TARSI_p_TCGAb70_SNP_N_GenomeWideSNP_6_H09_741928	21	15347621	28979507	8665	0.038
TARSI_p_TCGAb70_SNP_N_GenomeWideSNP_6_H09_741928	21	28980788	28995173	6	-1.115
TARSI_p_TCGAb70_SNP_N_GenomeWideSNP_6_H09_741928	21	28998563	47678774	11897	0.0252
TARSI_p_TCGAb70_SNP_N_GenomeWideSNP_6_H09_741928	22	17423930	49331012	16907	0.0181
TARSI_p_TCGAb70_SNP_N_GenomeWideSNP_6_H09_741928	X	3157107	154905589	63520	0.0083
