GDC_Aliquot	Chromosome	Start	End	Num_Probes	Segment_Mean
ae0aba2f-a419-41ed-83a0-2943b69fb3ab	1	62920	82170	5	0.292
ae0aba2f-a419-41ed-83a0-2943b69fb3ab	1	82315	15822848	8321	-0.1528
ae0aba2f-a419-41ed-83a0-2943b69fb3ab	1	15823420	15841304	14	0.4797
ae0aba2f-a419-41ed-83a0-2943b69fb3ab	1	15841360	25256850	5658	-0.1551
ae0aba2f-a419-41ed-83a0-2943b69fb3ab	1	25266637	25320253	23	0.4574
ae0aba2f-a419-41ed-83a0-2943b69fb3ab	1	25320455	52963661	14895	-0.1542
ae0aba2f-a419-41ed-83a0-2943b69fb3ab	1	52969490	105478597	34811	0.0085
ae0aba2f-a419-41ed-83a0-2943b69fb3ab	1	105478759	105481433	11	0.8684
ae0aba2f-a419-41ed-83a0-2943b69fb3ab	1	105481448	109684695	2631	0.0077
ae0aba2f-a419-41ed-83a0-2943b69fb3ab	1	109684893	109697556	14	-1.062
ae0aba2f-a419-41ed-83a0-2943b69fb3ab	1	109702376	144432083	7260	0.0224
ae0aba2f-a419-41ed-83a0-2943b69fb3ab	1	144432313	145642990	17	-0.5539
ae0aba2f-a419-41ed-83a0-2943b69fb3ab	1	145664420	152583051	2295	0.0241
ae0aba2f-a419-41ed-83a0-2943b69fb3ab	1	152583230	152614118	35	1.2062
ae0aba2f-a419-41ed-83a0-2943b69fb3ab	1	152618018	152784298	164	0.0374
ae0aba2f-a419-41ed-83a0-2943b69fb3ab	1	152784330	152795805	36	0.6165
ae0aba2f-a419-41ed-83a0-2943b69fb3ab	1	152795862	169247699	11279	0.0082
ae0aba2f-a419-41ed-83a0-2943b69fb3ab	1	169264736	169272528	7	1.1963
ae0aba2f-a419-41ed-83a0-2943b69fb3ab	1	169273163	174827267	3512	0.0087
ae0aba2f-a419-41ed-83a0-2943b69fb3ab	1	174827418	174832734	18	-0.6023
ae0aba2f-a419-41ed-83a0-2943b69fb3ab	1	174832782	179460504	3145	0.009
ae0aba2f-a419-41ed-83a0-2943b69fb3ab	1	179464494	179520413	29	-1.086
ae0aba2f-a419-41ed-83a0-2943b69fb3ab	1	179524006	248930189	47294	0.0114
ae0aba2f-a419-41ed-83a0-2943b69fb3ab	2	12784	4155597	2985	0.0489
ae0aba2f-a419-41ed-83a0-2943b69fb3ab	2	4155990	4176429	44	-0.5807
ae0aba2f-a419-41ed-83a0-2943b69fb3ab	2	4182472	14563570	8001	0.0312
ae0aba2f-a419-41ed-83a0-2943b69fb3ab	2	14564825	14569968	12	-5.3459
ae0aba2f-a419-41ed-83a0-2943b69fb3ab	2	14570240	34474248	13027	0.0268
ae0aba2f-a419-41ed-83a0-2943b69fb3ab	2	34476327	34512965	48	0.5599
ae0aba2f-a419-41ed-83a0-2943b69fb3ab	2	34515572	52527330	12987	0.0283
ae0aba2f-a419-41ed-83a0-2943b69fb3ab	2	52527342	52554404	39	-1.7097
ae0aba2f-a419-41ed-83a0-2943b69fb3ab	2	52560811	79281377	17306	0.0269
ae0aba2f-a419-41ed-83a0-2943b69fb3ab	2	79281805	79281896	2	-1.6584
ae0aba2f-a419-41ed-83a0-2943b69fb3ab	2	79281960	97359380	6520	0.0172
ae0aba2f-a419-41ed-83a0-2943b69fb3ab	2	97359885	97545726	10	-0.799
ae0aba2f-a419-41ed-83a0-2943b69fb3ab	2	97550415	154033160	34274	0.0236
ae0aba2f-a419-41ed-83a0-2943b69fb3ab	2	154033296	154039969	3	-1.4458
ae0aba2f-a419-41ed-83a0-2943b69fb3ab	2	154043710	185810477	19492	0.0254
ae0aba2f-a419-41ed-83a0-2943b69fb3ab	2	185813225	186019410	113	-0.9087
ae0aba2f-a419-41ed-83a0-2943b69fb3ab	2	186024241	242147305	34519	0.0255
ae0aba2f-a419-41ed-83a0-2943b69fb3ab	3	20930	8783681	7702	-0.4334
ae0aba2f-a419-41ed-83a0-2943b69fb3ab	3	8784222	8816515	26	0.3102
ae0aba2f-a419-41ed-83a0-2943b69fb3ab	3	8825123	52989195	27875	-0.4373
ae0aba2f-a419-41ed-83a0-2943b69fb3ab	3	52994359	53005473	42	-0.9534
ae0aba2f-a419-41ed-83a0-2943b69fb3ab	3	53005661	68676600	12002	-0.4413
ae0aba2f-a419-41ed-83a0-2943b69fb3ab	3	68682877	68698262	16	0.5791
ae0aba2f-a419-41ed-83a0-2943b69fb3ab	3	68699607	69028046	279	-0.399
ae0aba2f-a419-41ed-83a0-2943b69fb3ab	3	69032995	69044447	11	0.0728
ae0aba2f-a419-41ed-83a0-2943b69fb3ab	3	69044846	69204167	114	-0.4699
ae0aba2f-a419-41ed-83a0-2943b69fb3ab	3	69204481	71348287	1615	0.0354
ae0aba2f-a419-41ed-83a0-2943b69fb3ab	3	71348761	74367847	2273	-0.4544
ae0aba2f-a419-41ed-83a0-2943b69fb3ab	3	74368189	74712636	225	0.0455
ae0aba2f-a419-41ed-83a0-2943b69fb3ab	3	74719060	74720269	2	-1.7038
ae0aba2f-a419-41ed-83a0-2943b69fb3ab	3	74721296	75496671	393	0.0182
ae0aba2f-a419-41ed-83a0-2943b69fb3ab	3	75497579	75813498	71	-0.2184
ae0aba2f-a419-41ed-83a0-2943b69fb3ab	3	75816580	79170325	2002	0.0296
ae0aba2f-a419-41ed-83a0-2943b69fb3ab	3	79178251	82059630	1604	-0.4499
ae0aba2f-a419-41ed-83a0-2943b69fb3ab	3	82062201	82064038	3	-2.14
ae0aba2f-a419-41ed-83a0-2943b69fb3ab	3	82064741	85471765	1794	-0.4195
ae0aba2f-a419-41ed-83a0-2943b69fb3ab	3	85471907	85471975	2	-2.3275
ae0aba2f-a419-41ed-83a0-2943b69fb3ab	3	85472725	87448782	1115	-0.4363
ae0aba2f-a419-41ed-83a0-2943b69fb3ab	3	87451899	88122078	323	0.0439
ae0aba2f-a419-41ed-83a0-2943b69fb3ab	3	88132047	90401331	1206	-0.3999
ae0aba2f-a419-41ed-83a0-2943b69fb3ab	3	90406012	93808615	11	-0.0341
ae0aba2f-a419-41ed-83a0-2943b69fb3ab	3	93811402	113040137	11244	0.3685
ae0aba2f-a419-41ed-83a0-2943b69fb3ab	3	113041322	113827795	472	0.0226
ae0aba2f-a419-41ed-83a0-2943b69fb3ab	3	113830504	116762567	1858	0.3673
ae0aba2f-a419-41ed-83a0-2943b69fb3ab	3	116764118	121411688	2852	0.0225
ae0aba2f-a419-41ed-83a0-2943b69fb3ab	3	121412290	121491775	42	0.3357
ae0aba2f-a419-41ed-83a0-2943b69fb3ab	3	121491928	130039375	5110	0.0151
ae0aba2f-a419-41ed-83a0-2943b69fb3ab	3	130041779	130092370	45	0.6323
ae0aba2f-a419-41ed-83a0-2943b69fb3ab	3	130092396	162790404	20236	0.0254
ae0aba2f-a419-41ed-83a0-2943b69fb3ab	3	162790480	162898127	65	-1.3398
ae0aba2f-a419-41ed-83a0-2943b69fb3ab	3	162906054	192889868	18970	0.0251
ae0aba2f-a419-41ed-83a0-2943b69fb3ab	3	192889961	192890762	7	1.1912
ae0aba2f-a419-41ed-83a0-2943b69fb3ab	3	192890809	193155915	184	-0.0404
ae0aba2f-a419-41ed-83a0-2943b69fb3ab	3	193156018	193165114	22	1.0959
ae0aba2f-a419-41ed-83a0-2943b69fb3ab	3	193168646	195683075	1486	0.0166
ae0aba2f-a419-41ed-83a0-2943b69fb3ab	3	195685341	195720051	21	-1.0309
ae0aba2f-a419-41ed-83a0-2943b69fb3ab	3	195728637	198169247	1182	0.0156
ae0aba2f-a419-41ed-83a0-2943b69fb3ab	4	68929	4164791	1636	-0.0301
ae0aba2f-a419-41ed-83a0-2943b69fb3ab	4	4165256	4165406	3	-1.3185
ae0aba2f-a419-41ed-83a0-2943b69fb3ab	4	4169608	10221792	4062	-0.0166
ae0aba2f-a419-41ed-83a0-2943b69fb3ab	4	10222004	10229433	24	-0.5068
ae0aba2f-a419-41ed-83a0-2943b69fb3ab	4	10229469	22043756	8761	-0.0119
ae0aba2f-a419-41ed-83a0-2943b69fb3ab	4	22047014	22069078	23	-0.9312
ae0aba2f-a419-41ed-83a0-2943b69fb3ab	4	22072923	69261926	28050	-0.0098
ae0aba2f-a419-41ed-83a0-2943b69fb3ab	4	69261934	69362938	49	-0.5209
ae0aba2f-a419-41ed-83a0-2943b69fb3ab	4	69363634	114252544	27305	-0.0109
ae0aba2f-a419-41ed-83a0-2943b69fb3ab	4	114254167	114261019	23	-1.3164
ae0aba2f-a419-41ed-83a0-2943b69fb3ab	4	114263073	137018216	13112	-0.0149
ae0aba2f-a419-41ed-83a0-2943b69fb3ab	4	137018350	137046640	34	-0.3888
ae0aba2f-a419-41ed-83a0-2943b69fb3ab	4	137049499	165671236	17887	-0.0074
ae0aba2f-a419-41ed-83a0-2943b69fb3ab	4	165671697	165672554	2	-2.001
ae0aba2f-a419-41ed-83a0-2943b69fb3ab	4	165672608	171448195	3576	-0.0138
ae0aba2f-a419-41ed-83a0-2943b69fb3ab	4	171453733	171456559	10	1.6418
ae0aba2f-a419-41ed-83a0-2943b69fb3ab	4	171456573	172066777	397	-0.0055
ae0aba2f-a419-41ed-83a0-2943b69fb3ab	4	172067997	172068382	12	-1.4493
ae0aba2f-a419-41ed-83a0-2943b69fb3ab	4	172074828	189144090	11608	0.0068
ae0aba2f-a419-41ed-83a0-2943b69fb3ab	4	189145462	189146079	3	-2.1434
ae0aba2f-a419-41ed-83a0-2943b69fb3ab	4	189146337	190106768	458	0.0055
ae0aba2f-a419-41ed-83a0-2943b69fb3ab	5	15532	17515692	13360	0.0338
ae0aba2f-a419-41ed-83a0-2943b69fb3ab	5	17601444	17608147	10	-0.7176
ae0aba2f-a419-41ed-83a0-2943b69fb3ab	5	17625524	46246478	17263	0.0249
ae0aba2f-a419-41ed-83a0-2943b69fb3ab	5	46246553	50300238	72	0.2832
ae0aba2f-a419-41ed-83a0-2943b69fb3ab	5	50300874	58025819	5011	0.0235
ae0aba2f-a419-41ed-83a0-2943b69fb3ab	5	58030200	58037706	32	2.073
ae0aba2f-a419-41ed-83a0-2943b69fb3ab	5	58042530	73731326	8762	0.0299
ae0aba2f-a419-41ed-83a0-2943b69fb3ab	5	73731888	74127815	309	0.176
ae0aba2f-a419-41ed-83a0-2943b69fb3ab	5	74127859	97668321	13779	0.0248
ae0aba2f-a419-41ed-83a0-2943b69fb3ab	5	97669414	113988573	10319	0.3682
ae0aba2f-a419-41ed-83a0-2943b69fb3ab	5	113991308	113999692	11	-0.5134
ae0aba2f-a419-41ed-83a0-2943b69fb3ab	5	114001271	121793804	5468	0.3679
ae0aba2f-a419-41ed-83a0-2943b69fb3ab	5	121797242	121799781	3	-0.9252
ae0aba2f-a419-41ed-83a0-2943b69fb3ab	5	121800431	140839137	11370	0.3621
ae0aba2f-a419-41ed-83a0-2943b69fb3ab	5	140844251	140864171	13	-0.482
ae0aba2f-a419-41ed-83a0-2943b69fb3ab	5	140872578	141687733	351	0.3441
ae0aba2f-a419-41ed-83a0-2943b69fb3ab	5	141687771	141688001	3	1.3587
ae0aba2f-a419-41ed-83a0-2943b69fb3ab	5	141692918	144702939	2110	0.3677
ae0aba2f-a419-41ed-83a0-2943b69fb3ab	5	144703576	144707533	4	-1.0197
ae0aba2f-a419-41ed-83a0-2943b69fb3ab	5	144708288	180947523	24341	0.3731
ae0aba2f-a419-41ed-83a0-2943b69fb3ab	5	180951710	181006264	21	0.9105
ae0aba2f-a419-41ed-83a0-2943b69fb3ab	5	181015400	181363319	168	0.4566
ae0aba2f-a419-41ed-83a0-2943b69fb3ab	6	149661	254283	101	-0.0784
ae0aba2f-a419-41ed-83a0-2943b69fb3ab	6	257353	355198	70	-0.5763
ae0aba2f-a419-41ed-83a0-2943b69fb3ab	6	355360	29869411	21449	-0.0762
ae0aba2f-a419-41ed-83a0-2943b69fb3ab	6	29869537	29907031	22	-0.5766
ae0aba2f-a419-41ed-83a0-2943b69fb3ab	6	29909182	31309909	655	-0.0754
ae0aba2f-a419-41ed-83a0-2943b69fb3ab	6	31313046	31342147	13	-1.7236
ae0aba2f-a419-41ed-83a0-2943b69fb3ab	6	31349570	32461817	485	-0.0541
ae0aba2f-a419-41ed-83a0-2943b69fb3ab	6	32461866	32486746	16	-0.8591
ae0aba2f-a419-41ed-83a0-2943b69fb3ab	6	32488906	73882142	24124	-0.0787
ae0aba2f-a419-41ed-83a0-2943b69fb3ab	6	73882509	73891694	10	0.7576
ae0aba2f-a419-41ed-83a0-2943b69fb3ab	6	73893839	78262117	2773	-0.0898
ae0aba2f-a419-41ed-83a0-2943b69fb3ab	6	78262371	78317411	95	0.2117
ae0aba2f-a419-41ed-83a0-2943b69fb3ab	6	78317528	82256502	2586	-0.0939
ae0aba2f-a419-41ed-83a0-2943b69fb3ab	6	82257458	82259395	4	-1.9461
ae0aba2f-a419-41ed-83a0-2943b69fb3ab	6	82260063	100727138	11366	-0.0739
ae0aba2f-a419-41ed-83a0-2943b69fb3ab	6	100730980	100731023	2	-1.7657
ae0aba2f-a419-41ed-83a0-2943b69fb3ab	6	100731203	113652154	8032	-0.0768
ae0aba2f-a419-41ed-83a0-2943b69fb3ab	6	113652194	113652855	2	-1.8673
ae0aba2f-a419-41ed-83a0-2943b69fb3ab	6	113653694	150997402	23765	-0.0759
ae0aba2f-a419-41ed-83a0-2943b69fb3ab	6	150998407	150998691	2	-1.7672
ae0aba2f-a419-41ed-83a0-2943b69fb3ab	6	150999490	170741917	13874	-0.0716
ae0aba2f-a419-41ed-83a0-2943b69fb3ab	7	43355	13209087	8578	0.0296
ae0aba2f-a419-41ed-83a0-2943b69fb3ab	7	13210158	13226016	17	-0.4905
ae0aba2f-a419-41ed-83a0-2943b69fb3ab	7	13226915	54305455	29848	0.0271
ae0aba2f-a419-41ed-83a0-2943b69fb3ab	7	54318812	54318824	6	-1.7442
ae0aba2f-a419-41ed-83a0-2943b69fb3ab	7	54325795	57460430	1857	0.0169
ae0aba2f-a419-41ed-83a0-2943b69fb3ab	7	57464426	57468060	7	-0.7928
ae0aba2f-a419-41ed-83a0-2943b69fb3ab	7	57468317	62526866	205	0.008
ae0aba2f-a419-41ed-83a0-2943b69fb3ab	7	62526879	62663369	45	0.5866
ae0aba2f-a419-41ed-83a0-2943b69fb3ab	7	62663696	65493709	1075	0.0107
ae0aba2f-a419-41ed-83a0-2943b69fb3ab	7	65495544	65561579	9	-0.8814
ae0aba2f-a419-41ed-83a0-2943b69fb3ab	7	65586825	146860005	47999	0.0241
ae0aba2f-a419-41ed-83a0-2943b69fb3ab	7	146860193	146960972	52	-0.707
ae0aba2f-a419-41ed-83a0-2943b69fb3ab	7	146963815	153401961	3910	0.0239
ae0aba2f-a419-41ed-83a0-2943b69fb3ab	7	153402542	153403570	2	1.5179
ae0aba2f-a419-41ed-83a0-2943b69fb3ab	7	153406507	154598185	893	0.0201
ae0aba2f-a419-41ed-83a0-2943b69fb3ab	7	154601461	154607903	4	-1.919
ae0aba2f-a419-41ed-83a0-2943b69fb3ab	7	154609120	156505584	1534	0.0189
ae0aba2f-a419-41ed-83a0-2943b69fb3ab	7	156505917	156515994	11	-1.0329
ae0aba2f-a419-41ed-83a0-2943b69fb3ab	7	156516992	159334314	1684	0.0301
ae0aba2f-a419-41ed-83a0-2943b69fb3ab	8	81254	21142146	18798	0.0371
ae0aba2f-a419-41ed-83a0-2943b69fb3ab	8	21142354	21204254	60	-0.4576
ae0aba2f-a419-41ed-83a0-2943b69fb3ab	8	21205693	142140841	75480	0.0244
ae0aba2f-a419-41ed-83a0-2943b69fb3ab	8	142143283	142144522	2	-1.9214
ae0aba2f-a419-41ed-83a0-2943b69fb3ab	8	142152210	143624714	560	0.0076
ae0aba2f-a419-41ed-83a0-2943b69fb3ab	8	143624808	143625638	3	-2.7452
ae0aba2f-a419-41ed-83a0-2943b69fb3ab	8	143636819	145072769	502	0.0453
ae0aba2f-a419-41ed-83a0-2943b69fb3ab	9	46587	602903	508	0.0442
ae0aba2f-a419-41ed-83a0-2943b69fb3ab	9	606699	606893	3	-1.7721
ae0aba2f-a419-41ed-83a0-2943b69fb3ab	9	606961	39807498	30638	0.0016
ae0aba2f-a419-41ed-83a0-2943b69fb3ab	9	39827488	39833357	2	-2.2214
ae0aba2f-a419-41ed-83a0-2943b69fb3ab	9	39840169	42143196	113	-0.1433
ae0aba2f-a419-41ed-83a0-2943b69fb3ab	9	42145255	42156306	5	-1.4455
ae0aba2f-a419-41ed-83a0-2943b69fb3ab	9	42159409	42794777	52	-0.2434
ae0aba2f-a419-41ed-83a0-2943b69fb3ab	9	42798441	138117912	48063	0.0016
ae0aba2f-a419-41ed-83a0-2943b69fb3ab	9	138117932	138200944	24	-0.2838
ae0aba2f-a419-41ed-83a0-2943b69fb3ab	10	45792	13014263	10920	0.0108
ae0aba2f-a419-41ed-83a0-2943b69fb3ab	10	13014550	13016840	25	-0.7593
ae0aba2f-a419-41ed-83a0-2943b69fb3ab	10	13022223	24083828	8224	-0.0025
ae0aba2f-a419-41ed-83a0-2943b69fb3ab	10	24086334	24089125	12	-1.7534
ae0aba2f-a419-41ed-83a0-2943b69fb3ab	10	24089979	43880263	10936	-0.0019
ae0aba2f-a419-41ed-83a0-2943b69fb3ab	10	43880464	43880477	2	-2.3394
ae0aba2f-a419-41ed-83a0-2943b69fb3ab	10	43880757	89178916	30083	0.0085
ae0aba2f-a419-41ed-83a0-2943b69fb3ab	10	89183210	89183979	7	-1.0961
ae0aba2f-a419-41ed-83a0-2943b69fb3ab	10	89188056	108947193	12587	0.0065
ae0aba2f-a419-41ed-83a0-2943b69fb3ab	10	108947590	108948002	2	-1.6304
ae0aba2f-a419-41ed-83a0-2943b69fb3ab	10	108948067	119711355	7409	0.0073
ae0aba2f-a419-41ed-83a0-2943b69fb3ab	10	119717819	119718633	2	-1.49
ae0aba2f-a419-41ed-83a0-2943b69fb3ab	10	119732337	122584593	2468	0.0099
ae0aba2f-a419-41ed-83a0-2943b69fb3ab	10	122584707	122591497	5	-1.0062
ae0aba2f-a419-41ed-83a0-2943b69fb3ab	10	122597296	130169244	5657	0.0104
ae0aba2f-a419-41ed-83a0-2943b69fb3ab	10	130169429	131835289	1406	0.0748
ae0aba2f-a419-41ed-83a0-2943b69fb3ab	10	131835550	133654968	835	0.022
ae0aba2f-a419-41ed-83a0-2943b69fb3ab	11	198510	4949047	2421	0.0275
ae0aba2f-a419-41ed-83a0-2943b69fb3ab	11	4949064	4955042	27	0.4926
ae0aba2f-a419-41ed-83a0-2943b69fb3ab	11	4955781	5186788	190	0.0377
ae0aba2f-a419-41ed-83a0-2943b69fb3ab	11	5186944	5188362	6	0.8348
ae0aba2f-a419-41ed-83a0-2943b69fb3ab	11	5188762	5766175	589	0.0213
ae0aba2f-a419-41ed-83a0-2943b69fb3ab	11	5766850	5788108	33	-0.5653
ae0aba2f-a419-41ed-83a0-2943b69fb3ab	11	5788231	18919309	9393	0.0186
ae0aba2f-a419-41ed-83a0-2943b69fb3ab	11	18919323	18940441	46	0.5706
ae0aba2f-a419-41ed-83a0-2943b69fb3ab	11	18940469	21825348	2590	0.0253
ae0aba2f-a419-41ed-83a0-2943b69fb3ab	11	21825960	21827206	5	-2.6387
ae0aba2f-a419-41ed-83a0-2943b69fb3ab	11	21829111	24424822	1764	0.025
ae0aba2f-a419-41ed-83a0-2943b69fb3ab	11	24426346	24437167	7	-0.9233
ae0aba2f-a419-41ed-83a0-2943b69fb3ab	11	24437364	42791601	12789	0.0102
ae0aba2f-a419-41ed-83a0-2943b69fb3ab	11	42794936	42796489	2	-3.0287
ae0aba2f-a419-41ed-83a0-2943b69fb3ab	11	42799053	135074876	56867	0.0185
ae0aba2f-a419-41ed-83a0-2943b69fb3ab	12	51460	9498697	6165	0.0254
ae0aba2f-a419-41ed-83a0-2943b69fb3ab	12	9498795	9575696	19	0.6002
ae0aba2f-a419-41ed-83a0-2943b69fb3ab	12	9582373	45510655	22176	0.0289
ae0aba2f-a419-41ed-83a0-2943b69fb3ab	12	45512057	45515754	3	-1.9283
ae0aba2f-a419-41ed-83a0-2943b69fb3ab	12	45519509	99398036	33670	0.0219
ae0aba2f-a419-41ed-83a0-2943b69fb3ab	12	99401515	99404956	31	-0.501
ae0aba2f-a419-41ed-83a0-2943b69fb3ab	12	99409315	127716415	18699	0.0267
ae0aba2f-a419-41ed-83a0-2943b69fb3ab	12	127727590	133201603	3984	0.0655
ae0aba2f-a419-41ed-83a0-2943b69fb3ab	13	18452809	18876817	104	-0.2111
ae0aba2f-a419-41ed-83a0-2943b69fb3ab	13	18877256	46415481	19506	-0.3322
ae0aba2f-a419-41ed-83a0-2943b69fb3ab	13	46416027	46451334	12	-0.1885
ae0aba2f-a419-41ed-83a0-2943b69fb3ab	13	46454407	46707920	171	0.0498
ae0aba2f-a419-41ed-83a0-2943b69fb3ab	13	46708850	71902850	15200	-0.1488
ae0aba2f-a419-41ed-83a0-2943b69fb3ab	13	71903417	71906418	4	-2.2618
ae0aba2f-a419-41ed-83a0-2943b69fb3ab	13	71906467	114342922	29045	-0.1479
ae0aba2f-a419-41ed-83a0-2943b69fb3ab	14	18239283	19185951	39	-0.107
ae0aba2f-a419-41ed-83a0-2943b69fb3ab	14	19197351	19955213	128	0.8313
ae0aba2f-a419-41ed-83a0-2943b69fb3ab	14	19956767	73540003	34045	-0.0088
ae0aba2f-a419-41ed-83a0-2943b69fb3ab	14	73540147	73554275	7	-1.6713
ae0aba2f-a419-41ed-83a0-2943b69fb3ab	14	73563196	106877229	21135	-0.007
ae0aba2f-a419-41ed-83a0-2943b69fb3ab	15	19811075	30231102	4836	0.0315
ae0aba2f-a419-41ed-83a0-2943b69fb3ab	15	30252720	30608675	26	-0.6329
ae0aba2f-a419-41ed-83a0-2943b69fb3ab	15	30621384	53107485	13908	0.0187
ae0aba2f-a419-41ed-83a0-2943b69fb3ab	15	53109864	53722538	508	0.1118
ae0aba2f-a419-41ed-83a0-2943b69fb3ab	15	53722685	76599170	14614	0.0206
ae0aba2f-a419-41ed-83a0-2943b69fb3ab	15	76599286	76603434	20	-1.4544
ae0aba2f-a419-41ed-83a0-2943b69fb3ab	15	76609838	101928837	17595	0.0233
ae0aba2f-a419-41ed-83a0-2943b69fb3ab	16	10777	16904645	11884	0.1055
ae0aba2f-a419-41ed-83a0-2943b69fb3ab	16	16905017	18284998	880	0.1815
ae0aba2f-a419-41ed-83a0-2943b69fb3ab	16	18335528	55191171	13630	0.0902
ae0aba2f-a419-41ed-83a0-2943b69fb3ab	16	55193627	55197424	7	-1.2266
ae0aba2f-a419-41ed-83a0-2943b69fb3ab	16	55197828	55761136	512	0.1184
ae0aba2f-a419-41ed-83a0-2943b69fb3ab	16	55762477	55788485	21	-0.6001
ae0aba2f-a419-41ed-83a0-2943b69fb3ab	16	55788532	83946424	20579	0.0939
ae0aba2f-a419-41ed-83a0-2943b69fb3ab	16	83956245	84761869	737	0.1867
ae0aba2f-a419-41ed-83a0-2943b69fb3ab	16	84762289	90096867	3568	0.1143
ae0aba2f-a419-41ed-83a0-2943b69fb3ab	17	150733	14275261	8931	0.0281
ae0aba2f-a419-41ed-83a0-2943b69fb3ab	17	14277284	15344552	917	0.1175
ae0aba2f-a419-41ed-83a0-2943b69fb3ab	17	15344764	18414080	1535	0.024
ae0aba2f-a419-41ed-83a0-2943b69fb3ab	17	18452078	18561907	27	-1.1566
ae0aba2f-a419-41ed-83a0-2943b69fb3ab	17	18565883	33692942	5062	0.0157
ae0aba2f-a419-41ed-83a0-2943b69fb3ab	17	33694552	34609520	867	0.1043
ae0aba2f-a419-41ed-83a0-2943b69fb3ab	17	34611015	41265433	3464	0.0254
ae0aba2f-a419-41ed-83a0-2943b69fb3ab	17	41265456	41276588	27	-0.3797
ae0aba2f-a419-41ed-83a0-2943b69fb3ab	17	41276692	45497555	2147	0.0174
ae0aba2f-a419-41ed-83a0-2943b69fb3ab	17	45508731	45598106	15	-0.6859
ae0aba2f-a419-41ed-83a0-2943b69fb3ab	17	45610956	83091923	22016	0.0297
ae0aba2f-a419-41ed-83a0-2943b69fb3ab	18	48133	65532840	39876	0.0212
ae0aba2f-a419-41ed-83a0-2943b69fb3ab	18	65533230	65537481	18	1.0897
ae0aba2f-a419-41ed-83a0-2943b69fb3ab	18	65540037	68202198	1892	0.022
ae0aba2f-a419-41ed-83a0-2943b69fb3ab	18	68205558	68205700	2	-1.852
ae0aba2f-a419-41ed-83a0-2943b69fb3ab	18	68205815	69075551	686	0.0156
ae0aba2f-a419-41ed-83a0-2943b69fb3ab	18	69076108	69079650	13	-0.3945
ae0aba2f-a419-41ed-83a0-2943b69fb3ab	18	69083700	69084372	11	-1.1565
ae0aba2f-a419-41ed-83a0-2943b69fb3ab	18	69084488	69092334	28	-0.5444
ae0aba2f-a419-41ed-83a0-2943b69fb3ab	18	69092349	80257174	8144	0.0347
ae0aba2f-a419-41ed-83a0-2943b69fb3ab	19	90910	22345044	10018	0.0257
ae0aba2f-a419-41ed-83a0-2943b69fb3ab	19	22345249	22432965	44	0.6731
ae0aba2f-a419-41ed-83a0-2943b69fb3ab	19	22433132	29370800	2471	0.0158
ae0aba2f-a419-41ed-83a0-2943b69fb3ab	19	29370975	29373793	3	-1.216
ae0aba2f-a419-41ed-83a0-2943b69fb3ab	19	29374174	35364451	4163	0.0263
ae0aba2f-a419-41ed-83a0-2943b69fb3ab	19	35364547	35370946	20	-0.4815
ae0aba2f-a419-41ed-83a0-2943b69fb3ab	19	35375842	58586487	12376	0.0268
ae0aba2f-a419-41ed-83a0-2943b69fb3ab	20	80664	14802096	11155	0.0323
ae0aba2f-a419-41ed-83a0-2943b69fb3ab	20	14803949	14815107	17	0.5444
ae0aba2f-a419-41ed-83a0-2943b69fb3ab	20	14816926	23547404	7161	0.0278
ae0aba2f-a419-41ed-83a0-2943b69fb3ab	20	23547925	23587201	32	0.3855
ae0aba2f-a419-41ed-83a0-2943b69fb3ab	20	23587417	54028258	16499	0.0212
ae0aba2f-a419-41ed-83a0-2943b69fb3ab	20	54028329	54042112	38	-0.7124
ae0aba2f-a419-41ed-83a0-2943b69fb3ab	20	54046035	64282468	7434	0.0284
ae0aba2f-a419-41ed-83a0-2943b69fb3ab	20	64284215	64324800	7	-0.9541
ae0aba2f-a419-41ed-83a0-2943b69fb3ab	21	10354168	13008398	93	-0.3186
ae0aba2f-a419-41ed-83a0-2943b69fb3ab	21	13013344	13295405	53	0.3058
ae0aba2f-a419-41ed-83a0-2943b69fb3ab	21	13295873	13384907	43	0.0224
ae0aba2f-a419-41ed-83a0-2943b69fb3ab	21	13384922	17466582	2463	0.3634
ae0aba2f-a419-41ed-83a0-2943b69fb3ab	21	17466703	17472056	3	-1.3531
ae0aba2f-a419-41ed-83a0-2943b69fb3ab	21	17472542	32073759	10927	0.3522
ae0aba2f-a419-41ed-83a0-2943b69fb3ab	21	32077768	32077990	4	-0.7816
ae0aba2f-a419-41ed-83a0-2943b69fb3ab	21	32078003	36153237	2867	0.3674
ae0aba2f-a419-41ed-83a0-2943b69fb3ab	21	36153531	36153647	3	-1.1822
ae0aba2f-a419-41ed-83a0-2943b69fb3ab	21	36160821	46677045	7391	0.3673
ae0aba2f-a419-41ed-83a0-2943b69fb3ab	22	15294547	23987520	4391	0.0313
ae0aba2f-a419-41ed-83a0-2943b69fb3ab	22	23988078	23990739	4	-1.7661
ae0aba2f-a419-41ed-83a0-2943b69fb3ab	22	23995113	50796027	18856	0.0067
ae0aba2f-a419-41ed-83a0-2943b69fb3ab	X	251810	2858112	149	-0.063
ae0aba2f-a419-41ed-83a0-2943b69fb3ab	X	2858331	2859314	2	-5.1385
ae0aba2f-a419-41ed-83a0-2943b69fb3ab	X	2859805	75192136	38520	0.003
ae0aba2f-a419-41ed-83a0-2943b69fb3ab	X	75194352	75246926	24	1.173
ae0aba2f-a419-41ed-83a0-2943b69fb3ab	X	75252456	104003417	14857	0.0043
ae0aba2f-a419-41ed-83a0-2943b69fb3ab	X	104004609	104050707	55	0.9081
ae0aba2f-a419-41ed-83a0-2943b69fb3ab	X	104050744	108635547	2262	0.0047
ae0aba2f-a419-41ed-83a0-2943b69fb3ab	X	108636639	108772825	59	0.8374
ae0aba2f-a419-41ed-83a0-2943b69fb3ab	X	108776549	155952689	27359	0.01
ae0aba2f-a419-41ed-83a0-2943b69fb3ab	Y	2782397	56872112	6636	-0.9263
