GDC_Aliquot	Chromosome	Start	End	Num_Probes	Segment_Mean
870aa0fa-d267-4905-83fa-5bbd8862e248	1	62920	259407	14	-0.362
870aa0fa-d267-4905-83fa-5bbd8862e248	1	259422	1570655	194	0.1627
870aa0fa-d267-4905-83fa-5bbd8862e248	1	1570718	1741164	18	-0.4894
870aa0fa-d267-4905-83fa-5bbd8862e248	1	1756148	3134030	438	0.1357
870aa0fa-d267-4905-83fa-5bbd8862e248	1	3137542	16488499	7974	0.0151
870aa0fa-d267-4905-83fa-5bbd8862e248	1	16489035	16934768	116	0.3581
870aa0fa-d267-4905-83fa-5bbd8862e248	1	16935200	25129034	5181	0.0171
870aa0fa-d267-4905-83fa-5bbd8862e248	1	25129044	25129401	2	1.7284
870aa0fa-d267-4905-83fa-5bbd8862e248	1	25129421	25256850	85	0.0302
870aa0fa-d267-4905-83fa-5bbd8862e248	1	25266637	25336819	25	0.7915
870aa0fa-d267-4905-83fa-5bbd8862e248	1	25336853	27052980	732	0.0241
870aa0fa-d267-4905-83fa-5bbd8862e248	1	27053459	27053461	2	1.4111
870aa0fa-d267-4905-83fa-5bbd8862e248	1	27054388	34626073	4218	0.0132
870aa0fa-d267-4905-83fa-5bbd8862e248	1	34637053	34637435	6	-0.899
870aa0fa-d267-4905-83fa-5bbd8862e248	1	34637541	72303233	23786	0.0135
870aa0fa-d267-4905-83fa-5bbd8862e248	1	72303253	72345465	45	-0.7755
870aa0fa-d267-4905-83fa-5bbd8862e248	1	72346221	105476583	20962	0.0068
870aa0fa-d267-4905-83fa-5bbd8862e248	1	105476614	105479722	14	0.958
870aa0fa-d267-4905-83fa-5bbd8862e248	1	105479738	109690352	2641	0.0031
870aa0fa-d267-4905-83fa-5bbd8862e248	1	109690415	109697556	12	1.6881
870aa0fa-d267-4905-83fa-5bbd8862e248	1	109702376	112449193	2221	0.0109
870aa0fa-d267-4905-83fa-5bbd8862e248	1	112449240	112449259	2	-1.3317
870aa0fa-d267-4905-83fa-5bbd8862e248	1	112452243	118666277	3888	0.0099
870aa0fa-d267-4905-83fa-5bbd8862e248	1	118667209	118674791	4	0.93
870aa0fa-d267-4905-83fa-5bbd8862e248	1	118674883	119580703	601	0.0207
870aa0fa-d267-4905-83fa-5bbd8862e248	1	119580764	119608326	25	0.3973
870aa0fa-d267-4905-83fa-5bbd8862e248	1	119608965	121573699	385	0.0427
870aa0fa-d267-4905-83fa-5bbd8862e248	1	121580012	145691969	164	0.3379
870aa0fa-d267-4905-83fa-5bbd8862e248	1	145694477	152583230	2288	0.0396
870aa0fa-d267-4905-83fa-5bbd8862e248	1	152583291	152614118	34	1.1081
870aa0fa-d267-4905-83fa-5bbd8862e248	1	152618018	152787202	167	0.0161
870aa0fa-d267-4905-83fa-5bbd8862e248	1	152789447	152805967	40	0.3635
870aa0fa-d267-4905-83fa-5bbd8862e248	1	152806050	175669485	15450	0.0131
870aa0fa-d267-4905-83fa-5bbd8862e248	1	175670569	175702400	33	0.332
870aa0fa-d267-4905-83fa-5bbd8862e248	1	175704523	189420661	9071	0.0104
870aa0fa-d267-4905-83fa-5bbd8862e248	1	189421098	189434306	13	-0.485
870aa0fa-d267-4905-83fa-5bbd8862e248	1	189437995	195255940	3934	0.0065
870aa0fa-d267-4905-83fa-5bbd8862e248	1	195256744	195372597	66	-0.2847
870aa0fa-d267-4905-83fa-5bbd8862e248	1	195374152	196762956	912	-0.0026
870aa0fa-d267-4905-83fa-5bbd8862e248	1	196769493	196788979	30	-0.4296
870aa0fa-d267-4905-83fa-5bbd8862e248	1	196788990	222843064	17761	0.0122
870aa0fa-d267-4905-83fa-5bbd8862e248	1	222843983	222850262	5	-1.0857
870aa0fa-d267-4905-83fa-5bbd8862e248	1	222850427	227238371	2721	0.0131
870aa0fa-d267-4905-83fa-5bbd8862e248	1	227238504	227238705	2	-1.3832
870aa0fa-d267-4905-83fa-5bbd8862e248	1	227241477	229887676	1539	0.0189
870aa0fa-d267-4905-83fa-5bbd8862e248	1	229887860	229888265	2	1.5714
870aa0fa-d267-4905-83fa-5bbd8862e248	1	229893420	238652825	6721	0.0087
870aa0fa-d267-4905-83fa-5bbd8862e248	1	238653017	238654554	4	-1.4641
870aa0fa-d267-4905-83fa-5bbd8862e248	1	238654640	242971405	3340	0.0131
870aa0fa-d267-4905-83fa-5bbd8862e248	1	242971953	243119182	28	0.4725
870aa0fa-d267-4905-83fa-5bbd8862e248	1	243129825	246674817	2405	0.0114
870aa0fa-d267-4905-83fa-5bbd8862e248	1	246677064	246677118	2	-1.7106
870aa0fa-d267-4905-83fa-5bbd8862e248	1	246677132	248930189	1317	0.031
870aa0fa-d267-4905-83fa-5bbd8862e248	2	12784	28969102	20244	0.0147
870aa0fa-d267-4905-83fa-5bbd8862e248	2	28973265	28979520	5	1.0474
870aa0fa-d267-4905-83fa-5bbd8862e248	2	28979965	34474248	3848	0.0103
870aa0fa-d267-4905-83fa-5bbd8862e248	2	34476327	34512096	46	0.6359
870aa0fa-d267-4905-83fa-5bbd8862e248	2	34512489	52527330	13001	0.0003
870aa0fa-d267-4905-83fa-5bbd8862e248	2	52527342	52554404	39	-2.4489
870aa0fa-d267-4905-83fa-5bbd8862e248	2	52560811	86877979	21979	0.0062
870aa0fa-d267-4905-83fa-5bbd8862e248	2	86878321	87877400	152	0.3094
870aa0fa-d267-4905-83fa-5bbd8862e248	2	87892388	88936763	541	0.0325
870aa0fa-d267-4905-83fa-5bbd8862e248	2	88938545	90048577	150	0.2481
870aa0fa-d267-4905-83fa-5bbd8862e248	2	90051689	90193393	59	0.0472
870aa0fa-d267-4905-83fa-5bbd8862e248	2	90193584	90203210	11	-0.4969
870aa0fa-d267-4905-83fa-5bbd8862e248	2	90203402	90209658	10	0.1549
870aa0fa-d267-4905-83fa-5bbd8862e248	2	90209918	94675975	77	0.3617
870aa0fa-d267-4905-83fa-5bbd8862e248	2	94680914	97181113	846	0.0133
870aa0fa-d267-4905-83fa-5bbd8862e248	2	97181150	97310327	19	0.7337
870aa0fa-d267-4905-83fa-5bbd8862e248	2	97348052	113574198	9387	0.0147
870aa0fa-d267-4905-83fa-5bbd8862e248	2	113604438	113625975	5	1.0483
870aa0fa-d267-4905-83fa-5bbd8862e248	2	113626776	117038439	2077	0.0077
870aa0fa-d267-4905-83fa-5bbd8862e248	2	117040922	117048220	5	-0.9379
870aa0fa-d267-4905-83fa-5bbd8862e248	2	117048584	125684646	5580	0.0009
870aa0fa-d267-4905-83fa-5bbd8862e248	2	125694074	125694336	2	-2.4129
870aa0fa-d267-4905-83fa-5bbd8862e248	2	125694355	130037806	2833	0.0163
870aa0fa-d267-4905-83fa-5bbd8862e248	2	130059766	130159591	18	0.8035
870aa0fa-d267-4905-83fa-5bbd8862e248	2	130162876	130539652	94	0.1906
870aa0fa-d267-4905-83fa-5bbd8862e248	2	130560276	131226967	236	-0.0163
870aa0fa-d267-4905-83fa-5bbd8862e248	2	131271344	131303945	7	0.7578
870aa0fa-d267-4905-83fa-5bbd8862e248	2	131306175	131964554	269	0.0175
870aa0fa-d267-4905-83fa-5bbd8862e248	2	131968866	132624746	312	0.1661
870aa0fa-d267-4905-83fa-5bbd8862e248	2	132627908	137868404	3523	0.0074
870aa0fa-d267-4905-83fa-5bbd8862e248	2	137868524	137875553	7	0.7303
870aa0fa-d267-4905-83fa-5bbd8862e248	2	137875699	150174288	7358	0.0056
870aa0fa-d267-4905-83fa-5bbd8862e248	2	150174937	150181218	5	-1.1617
870aa0fa-d267-4905-83fa-5bbd8862e248	2	150182694	242147305	56807	0.0103
870aa0fa-d267-4905-83fa-5bbd8862e248	3	20930	188339	155	0.0547
870aa0fa-d267-4905-83fa-5bbd8862e248	3	189776	1775015	1411	-0.0583
870aa0fa-d267-4905-83fa-5bbd8862e248	3	1778550	1780497	8	-0.9877
870aa0fa-d267-4905-83fa-5bbd8862e248	3	1785824	2712348	762	-0.0433
870aa0fa-d267-4905-83fa-5bbd8862e248	3	2712358	37935926	25296	0.0096
870aa0fa-d267-4905-83fa-5bbd8862e248	3	37940617	37945437	17	-0.8521
870aa0fa-d267-4905-83fa-5bbd8862e248	3	37945615	65214027	17701	0.0104
870aa0fa-d267-4905-83fa-5bbd8862e248	3	65214192	65221229	11	0.7871
870aa0fa-d267-4905-83fa-5bbd8862e248	3	65221269	68697013	2432	0.0102
870aa0fa-d267-4905-83fa-5bbd8862e248	3	68697108	68698262	14	-1.141
870aa0fa-d267-4905-83fa-5bbd8862e248	3	68699607	75379832	4872	0.0141
870aa0fa-d267-4905-83fa-5bbd8862e248	3	75383143	75842770	126	0.4499
870aa0fa-d267-4905-83fa-5bbd8862e248	3	75842824	84053071	4615	0.0074
870aa0fa-d267-4905-83fa-5bbd8862e248	3	84056282	84057015	2	-1.4301
870aa0fa-d267-4905-83fa-5bbd8862e248	3	84061816	84650033	300	-0.0483
870aa0fa-d267-4905-83fa-5bbd8862e248	3	84650533	84651145	5	0.9639
870aa0fa-d267-4905-83fa-5bbd8862e248	3	84651166	99225632	5994	0.0071
870aa0fa-d267-4905-83fa-5bbd8862e248	3	99225667	99230212	25	-0.5564
870aa0fa-d267-4905-83fa-5bbd8862e248	3	99230225	99230448	7	-0.1784
870aa0fa-d267-4905-83fa-5bbd8862e248	3	99230457	100704757	803	0.0124
870aa0fa-d267-4905-83fa-5bbd8862e248	3	100709093	100723634	4	-1.0122
870aa0fa-d267-4905-83fa-5bbd8862e248	3	100723665	125688845	15432	0.0093
870aa0fa-d267-4905-83fa-5bbd8862e248	3	125705628	125758919	22	0.4902
870aa0fa-d267-4905-83fa-5bbd8862e248	3	125761627	130100795	2501	0.0147
870aa0fa-d267-4905-83fa-5bbd8862e248	3	130109235	130149891	13	0.6952
870aa0fa-d267-4905-83fa-5bbd8862e248	3	130152692	131987852	1144	0.0149
870aa0fa-d267-4905-83fa-5bbd8862e248	3	131989313	131989627	2	-1.6154
870aa0fa-d267-4905-83fa-5bbd8862e248	3	131996155	162766594	19070	0.0087
870aa0fa-d267-4905-83fa-5bbd8862e248	3	162767051	162936481	123	-0.3167
870aa0fa-d267-4905-83fa-5bbd8862e248	3	162936636	193160173	19148	0.0002
870aa0fa-d267-4905-83fa-5bbd8862e248	3	193160256	193165114	18	-0.8556
870aa0fa-d267-4905-83fa-5bbd8862e248	3	193168646	195446355	1456	0.0054
870aa0fa-d267-4905-83fa-5bbd8862e248	3	195446385	195792827	87	0.3616
870aa0fa-d267-4905-83fa-5bbd8862e248	3	195795450	198169247	1151	0.0354
870aa0fa-d267-4905-83fa-5bbd8862e248	4	68929	3873169	1567	0.023
870aa0fa-d267-4905-83fa-5bbd8862e248	4	3876063	4117959	61	0.3351
870aa0fa-d267-4905-83fa-5bbd8862e248	4	4121101	4174902	16	0.9677
870aa0fa-d267-4905-83fa-5bbd8862e248	4	4175446	9370577	3457	0.0173
870aa0fa-d267-4905-83fa-5bbd8862e248	4	9374840	9648974	109	0.3479
870aa0fa-d267-4905-83fa-5bbd8862e248	4	9652366	10208518	491	0.0218
870aa0fa-d267-4905-83fa-5bbd8862e248	4	10208570	10244648	48	0.504
870aa0fa-d267-4905-83fa-5bbd8862e248	4	10245888	10396987	166	0.0583
870aa0fa-d267-4905-83fa-5bbd8862e248	4	10397113	10399044	11	-0.5982
870aa0fa-d267-4905-83fa-5bbd8862e248	4	10401094	34676796	16725	0.0057
870aa0fa-d267-4905-83fa-5bbd8862e248	4	34683428	34685549	4	1.2437
870aa0fa-d267-4905-83fa-5bbd8862e248	4	34698272	34768684	53	-0.0347
870aa0fa-d267-4905-83fa-5bbd8862e248	4	34771893	34828382	51	-0.4448
870aa0fa-d267-4905-83fa-5bbd8862e248	4	34830196	43142368	5521	0.0094
870aa0fa-d267-4905-83fa-5bbd8862e248	4	43143057	43146144	9	-0.7103
870aa0fa-d267-4905-83fa-5bbd8862e248	4	43146936	48218398	3031	0.0149
870aa0fa-d267-4905-83fa-5bbd8862e248	4	48218822	48248353	17	-0.5423
870aa0fa-d267-4905-83fa-5bbd8862e248	4	48249899	49152601	389	-0.0132
870aa0fa-d267-4905-83fa-5bbd8862e248	4	49152752	49654578	24	0.6839
870aa0fa-d267-4905-83fa-5bbd8862e248	4	49656206	63280986	7256	0.0125
870aa0fa-d267-4905-83fa-5bbd8862e248	4	63281375	63286195	3	-1.742
870aa0fa-d267-4905-83fa-5bbd8862e248	4	63288849	63831751	309	0.0154
870aa0fa-d267-4905-83fa-5bbd8862e248	4	63831799	63842540	27	0.5584
870aa0fa-d267-4905-83fa-5bbd8862e248	4	63850713	68494770	2872	0.0093
870aa0fa-d267-4905-83fa-5bbd8862e248	4	68501424	68686026	75	0.6924
870aa0fa-d267-4905-83fa-5bbd8862e248	4	68725894	69255532	305	-0.0038
870aa0fa-d267-4905-83fa-5bbd8862e248	4	69255545	69405833	77	0.2923
870aa0fa-d267-4905-83fa-5bbd8862e248	4	69412731	86054070	10418	0.0115
870aa0fa-d267-4905-83fa-5bbd8862e248	4	86054941	86058611	19	-0.8982
870aa0fa-d267-4905-83fa-5bbd8862e248	4	86058791	114252544	16870	0.0096
870aa0fa-d267-4905-83fa-5bbd8862e248	4	114254167	114267651	35	-0.3937
870aa0fa-d267-4905-83fa-5bbd8862e248	4	114268665	155963816	24810	0.0078
870aa0fa-d267-4905-83fa-5bbd8862e248	4	155964001	155967160	7	-0.9567
870aa0fa-d267-4905-83fa-5bbd8862e248	4	155967367	156033787	52	-0.0447
870aa0fa-d267-4905-83fa-5bbd8862e248	4	156035480	156056476	19	-0.7367
870aa0fa-d267-4905-83fa-5bbd8862e248	4	156060895	171448195	9748	0.0056
870aa0fa-d267-4905-83fa-5bbd8862e248	4	171453733	171456573	11	1.4128
870aa0fa-d267-4905-83fa-5bbd8862e248	4	171456625	189503058	12285	0.0036
870aa0fa-d267-4905-83fa-5bbd8862e248	4	189504888	190106768	204	0.2122
870aa0fa-d267-4905-83fa-5bbd8862e248	5	15532	698390	309	0.0589
870aa0fa-d267-4905-83fa-5bbd8862e248	5	717264	773453	24	0.591
870aa0fa-d267-4905-83fa-5bbd8862e248	5	779766	12815668	9859	0.0146
870aa0fa-d267-4905-83fa-5bbd8862e248	5	12815753	12826538	10	1.0226
870aa0fa-d267-4905-83fa-5bbd8862e248	5	12833745	15716018	1973	0.0054
870aa0fa-d267-4905-83fa-5bbd8862e248	5	15718383	15720488	12	-1.0197
870aa0fa-d267-4905-83fa-5bbd8862e248	5	15723237	27524345	7062	0.005
870aa0fa-d267-4905-83fa-5bbd8862e248	5	27525283	27525913	10	-0.7816
870aa0fa-d267-4905-83fa-5bbd8862e248	5	27527372	45455695	11161	0.011
870aa0fa-d267-4905-83fa-5bbd8862e248	5	45456182	45656031	75	-0.2103
870aa0fa-d267-4905-83fa-5bbd8862e248	5	45666044	46042617	138	0.011
870aa0fa-d267-4905-83fa-5bbd8862e248	5	46061883	50276884	99	0.2749
870aa0fa-d267-4905-83fa-5bbd8862e248	5	50277291	69533520	12356	0.0082
870aa0fa-d267-4905-83fa-5bbd8862e248	5	69550476	71358245	27	0.408
870aa0fa-d267-4905-83fa-5bbd8862e248	5	71364924	78812085	4935	0.0163
870aa0fa-d267-4905-83fa-5bbd8862e248	5	78814168	78815348	3	-1.6066
870aa0fa-d267-4905-83fa-5bbd8862e248	5	78819688	99388928	11613	0.0114
870aa0fa-d267-4905-83fa-5bbd8862e248	5	99389287	99996008	366	-0.1184
870aa0fa-d267-4905-83fa-5bbd8862e248	5	99996856	140851964	25826	0.0078
870aa0fa-d267-4905-83fa-5bbd8862e248	5	140851980	140852254	6	-1.2157
870aa0fa-d267-4905-83fa-5bbd8862e248	5	140861442	144024886	2059	0.0119
870aa0fa-d267-4905-83fa-5bbd8862e248	5	144027118	144030771	5	-0.9795
870aa0fa-d267-4905-83fa-5bbd8862e248	5	144031142	150822643	4507	-0.0003
870aa0fa-d267-4905-83fa-5bbd8862e248	5	150825938	150839042	8	-0.8937
870aa0fa-d267-4905-83fa-5bbd8862e248	5	150843825	152134610	964	0.0131
870aa0fa-d267-4905-83fa-5bbd8862e248	5	152135825	152136330	8	-0.8597
870aa0fa-d267-4905-83fa-5bbd8862e248	5	152137227	156044837	2657	0.0173
870aa0fa-d267-4905-83fa-5bbd8862e248	5	156045045	156049988	9	0.4403
870aa0fa-d267-4905-83fa-5bbd8862e248	5	156051752	156055719	11	-0.5753
870aa0fa-d267-4905-83fa-5bbd8862e248	5	156068240	172018480	11109	0.0117
870aa0fa-d267-4905-83fa-5bbd8862e248	5	172020821	172143408	92	0.2128
870aa0fa-d267-4905-83fa-5bbd8862e248	5	172144507	177730398	3598	0.0163
870aa0fa-d267-4905-83fa-5bbd8862e248	5	177739139	178054262	51	0.3115
870aa0fa-d267-4905-83fa-5bbd8862e248	5	178055518	178682974	404	0.0172
870aa0fa-d267-4905-83fa-5bbd8862e248	5	178685260	178686162	2	-1.5892
870aa0fa-d267-4905-83fa-5bbd8862e248	5	178691854	179677049	619	0.0167
870aa0fa-d267-4905-83fa-5bbd8862e248	5	179677069	179677599	4	1.0307
870aa0fa-d267-4905-83fa-5bbd8862e248	5	179678006	181363319	912	0.0356
870aa0fa-d267-4905-83fa-5bbd8862e248	6	149661	260376	104	0.0549
870aa0fa-d267-4905-83fa-5bbd8862e248	6	264756	381149	95	-0.9066
870aa0fa-d267-4905-83fa-5bbd8862e248	6	382559	29866171	21443	0.0149
870aa0fa-d267-4905-83fa-5bbd8862e248	6	29866672	29958684	67	0.3973
870aa0fa-d267-4905-83fa-5bbd8862e248	6	29968530	31313046	624	0.047
870aa0fa-d267-4905-83fa-5bbd8862e248	6	31318499	31327629	7	-1.5959
870aa0fa-d267-4905-83fa-5bbd8862e248	6	31328176	32523527	515	0.0784
870aa0fa-d267-4905-83fa-5bbd8862e248	6	32525068	32550992	10	0.878
870aa0fa-d267-4905-83fa-5bbd8862e248	6	32559507	58206692	15875	0.0142
870aa0fa-d267-4905-83fa-5bbd8862e248	6	58215949	61532234	439	0.129
870aa0fa-d267-4905-83fa-5bbd8862e248	6	61537573	76726815	9607	0.0095
870aa0fa-d267-4905-83fa-5bbd8862e248	6	76730151	76733530	11	-0.8222
870aa0fa-d267-4905-83fa-5bbd8862e248	6	76736482	78263059	1001	0.0097
870aa0fa-d267-4905-83fa-5bbd8862e248	6	78263079	78316871	84	-0.2945
870aa0fa-d267-4905-83fa-5bbd8862e248	6	78316969	80575042	1451	0.0067
870aa0fa-d267-4905-83fa-5bbd8862e248	6	80575241	80579817	27	-1.0495
870aa0fa-d267-4905-83fa-5bbd8862e248	6	80584624	92054248	7246	0.0171
870aa0fa-d267-4905-83fa-5bbd8862e248	6	92054450	92056641	3	-1.0468
870aa0fa-d267-4905-83fa-5bbd8862e248	6	92057902	93761322	1193	0.009
870aa0fa-d267-4905-83fa-5bbd8862e248	6	93765426	94159895	240	-0.1462
870aa0fa-d267-4905-83fa-5bbd8862e248	6	94160024	103299721	5343	0.0054
870aa0fa-d267-4905-83fa-5bbd8862e248	6	103299735	103314186	32	0.788
870aa0fa-d267-4905-83fa-5bbd8862e248	6	103317795	123913061	12499	0.0078
870aa0fa-d267-4905-83fa-5bbd8862e248	6	123913214	123915590	8	-0.7123
870aa0fa-d267-4905-83fa-5bbd8862e248	6	123915933	124110366	182	0.0046
870aa0fa-d267-4905-83fa-5bbd8862e248	6	124110629	124149220	21	0.7579
870aa0fa-d267-4905-83fa-5bbd8862e248	6	124149616	130458003	3972	0.0112
870aa0fa-d267-4905-83fa-5bbd8862e248	6	130458867	130459475	2	-1.6024
870aa0fa-d267-4905-83fa-5bbd8862e248	6	130459550	157358463	18087	0.0113
870aa0fa-d267-4905-83fa-5bbd8862e248	6	157360232	157408585	8	1.0218
870aa0fa-d267-4905-83fa-5bbd8862e248	6	157414539	170741917	9388	0.0201
870aa0fa-d267-4905-83fa-5bbd8862e248	7	43355	83823	35	0.0486
870aa0fa-d267-4905-83fa-5bbd8862e248	7	85111	112783	33	0.3658
870aa0fa-d267-4905-83fa-5bbd8862e248	7	113146	5835235	2967	0.0241
870aa0fa-d267-4905-83fa-5bbd8862e248	7	5838869	5888325	24	0.4408
870aa0fa-d267-4905-83fa-5bbd8862e248	7	5890914	6799093	363	0.0208
870aa0fa-d267-4905-83fa-5bbd8862e248	7	6814479	7017623	69	0.4419
870aa0fa-d267-4905-83fa-5bbd8862e248	7	7018199	54318819	35002	0.0105
870aa0fa-d267-4905-83fa-5bbd8862e248	7	54318821	54318824	2	-2.3712
870aa0fa-d267-4905-83fa-5bbd8862e248	7	54325795	56694420	1560	0.0067
870aa0fa-d267-4905-83fa-5bbd8862e248	7	56700314	57477003	319	0.163
870aa0fa-d267-4905-83fa-5bbd8862e248	7	57477021	57600120	66	-0.0122
870aa0fa-d267-4905-83fa-5bbd8862e248	7	57604709	62909456	219	0.4048
870aa0fa-d267-4905-83fa-5bbd8862e248	7	62924899	63381394	172	0.0962
870aa0fa-d267-4905-83fa-5bbd8862e248	7	63455884	63624175	14	0.6261
870aa0fa-d267-4905-83fa-5bbd8862e248	7	63636802	65473676	833	0.0408
870aa0fa-d267-4905-83fa-5bbd8862e248	7	65475914	65617846	38	0.4653
870aa0fa-d267-4905-83fa-5bbd8862e248	7	65619649	67153764	506	0.0206
870aa0fa-d267-4905-83fa-5bbd8862e248	7	67156259	67326128	52	0.3016
870aa0fa-d267-4905-83fa-5bbd8862e248	7	67327435	70955452	2346	0.0208
870aa0fa-d267-4905-83fa-5bbd8862e248	7	70958264	70961155	2	-2.1181
870aa0fa-d267-4905-83fa-5bbd8862e248	7	70963257	76445663	2132	0.0252
870aa0fa-d267-4905-83fa-5bbd8862e248	7	76479444	76648458	44	0.3972
870aa0fa-d267-4905-83fa-5bbd8862e248	7	76653459	88611539	7627	0.016
870aa0fa-d267-4905-83fa-5bbd8862e248	7	88611573	89619084	688	-0.082
870aa0fa-d267-4905-83fa-5bbd8862e248	7	89619622	97756328	5203	0.0157
870aa0fa-d267-4905-83fa-5bbd8862e248	7	97756339	97774965	22	0.5331
870aa0fa-d267-4905-83fa-5bbd8862e248	7	97775016	97777749	17	-0.029
870aa0fa-d267-4905-83fa-5bbd8862e248	7	97788295	97791340	5	0.8163
870aa0fa-d267-4905-83fa-5bbd8862e248	7	97791778	98846278	498	0.0179
870aa0fa-d267-4905-83fa-5bbd8862e248	7	98848998	98858491	3	1.154
870aa0fa-d267-4905-83fa-5bbd8862e248	7	98868398	101377788	1012	0.0194
870aa0fa-d267-4905-83fa-5bbd8862e248	7	101379080	101457184	28	0.3263
870aa0fa-d267-4905-83fa-5bbd8862e248	7	101457783	102461717	486	-0.0044
870aa0fa-d267-4905-83fa-5bbd8862e248	7	102498521	102762163	24	0.461
870aa0fa-d267-4905-83fa-5bbd8862e248	7	102762169	109793741	4526	0.0143
870aa0fa-d267-4905-83fa-5bbd8862e248	7	109797035	109813656	30	0.4929
870aa0fa-d267-4905-83fa-5bbd8862e248	7	109813705	112431740	1745	0.0133
870aa0fa-d267-4905-83fa-5bbd8862e248	7	112431804	112436460	2	-1.9158
870aa0fa-d267-4905-83fa-5bbd8862e248	7	112437557	125290579	7526	0.0125
870aa0fa-d267-4905-83fa-5bbd8862e248	7	125290668	125293169	2	-1.3575
870aa0fa-d267-4905-83fa-5bbd8862e248	7	125293823	126404920	761	-0.0055
870aa0fa-d267-4905-83fa-5bbd8862e248	7	126405428	126406561	12	-0.992
870aa0fa-d267-4905-83fa-5bbd8862e248	7	126406822	142063324	9927	0.0202
870aa0fa-d267-4905-83fa-5bbd8862e248	7	142069843	142087828	24	-0.7889
870aa0fa-d267-4905-83fa-5bbd8862e248	7	142087846	159334314	10875	0.03
870aa0fa-d267-4905-83fa-5bbd8862e248	8	81254	644944	323	0.1109
870aa0fa-d267-4905-83fa-5bbd8862e248	8	644973	645908	9	1.1868
870aa0fa-d267-4905-83fa-5bbd8862e248	8	656117	7056566	7355	0.0025
870aa0fa-d267-4905-83fa-5bbd8862e248	8	7057124	8245309	117	0.3719
870aa0fa-d267-4905-83fa-5bbd8862e248	8	8250244	12004300	3207	0.0226
870aa0fa-d267-4905-83fa-5bbd8862e248	8	12024350	12704441	91	0.501
870aa0fa-d267-4905-83fa-5bbd8862e248	8	12704946	12788880	64	0
870aa0fa-d267-4905-83fa-5bbd8862e248	8	12791219	12795017	4	-1.8257
870aa0fa-d267-4905-83fa-5bbd8862e248	8	12796024	15105856	2298	-0.0015
870aa0fa-d267-4905-83fa-5bbd8862e248	8	15106308	15106652	5	-1.0493
870aa0fa-d267-4905-83fa-5bbd8862e248	8	15109823	16402075	1116	-0.005
870aa0fa-d267-4905-83fa-5bbd8862e248	8	16402103	16416900	26	-0.764
870aa0fa-d267-4905-83fa-5bbd8862e248	8	16416915	25114672	6862	0.0148
870aa0fa-d267-4905-83fa-5bbd8862e248	8	25116928	25126735	26	0.5265
870aa0fa-d267-4905-83fa-5bbd8862e248	8	25133589	32821197	5431	0.0095
870aa0fa-d267-4905-83fa-5bbd8862e248	8	32821348	32834820	13	0.6308
870aa0fa-d267-4905-83fa-5bbd8862e248	8	32834838	39372664	3571	-0.0045
870aa0fa-d267-4905-83fa-5bbd8862e248	8	39372806	39527450	59	0.7331
870aa0fa-d267-4905-83fa-5bbd8862e248	8	39527675	40146419	425	0.0224
870aa0fa-d267-4905-83fa-5bbd8862e248	8	40147212	40147287	2	-1.1706
870aa0fa-d267-4905-83fa-5bbd8862e248	8	40149950	40326278	165	-0.0003
870aa0fa-d267-4905-83fa-5bbd8862e248	8	40326280	40335391	34	-0.911
870aa0fa-d267-4905-83fa-5bbd8862e248	8	40336910	111282065	41381	0.0089
870aa0fa-d267-4905-83fa-5bbd8862e248	8	111282237	111288052	9	-1.119
870aa0fa-d267-4905-83fa-5bbd8862e248	8	111289023	114623472	1833	-0.0005
870aa0fa-d267-4905-83fa-5bbd8862e248	8	114626121	114628843	13	0.5227
870aa0fa-d267-4905-83fa-5bbd8862e248	8	114628907	128580419	9714	0.0135
870aa0fa-d267-4905-83fa-5bbd8862e248	8	128582669	128584040	2	-1.2387
870aa0fa-d267-4905-83fa-5bbd8862e248	8	128584591	128735944	97	-0.0117
870aa0fa-d267-4905-83fa-5bbd8862e248	8	128739928	128751839	6	-1.1646
870aa0fa-d267-4905-83fa-5bbd8862e248	8	128765208	133510257	3560	0.0194
870aa0fa-d267-4905-83fa-5bbd8862e248	8	133510485	133510500	2	-1.1564
870aa0fa-d267-4905-83fa-5bbd8862e248	8	133510519	134635561	1042	0.0054
870aa0fa-d267-4905-83fa-5bbd8862e248	8	134641662	134642499	4	-1.1028
870aa0fa-d267-4905-83fa-5bbd8862e248	8	134642834	140990666	4825	0.0111
870aa0fa-d267-4905-83fa-5bbd8862e248	8	140990814	141611385	399	0.1383
870aa0fa-d267-4905-83fa-5bbd8862e248	8	141611781	142384318	455	0.0473
870aa0fa-d267-4905-83fa-5bbd8862e248	8	142384519	142384532	2	-1.7092
870aa0fa-d267-4905-83fa-5bbd8862e248	8	142392565	145072769	959	0.0592
870aa0fa-d267-4905-83fa-5bbd8862e248	9	46587	11262638	10698	0.0104
870aa0fa-d267-4905-83fa-5bbd8862e248	9	11265159	12627540	1064	-0.0828
870aa0fa-d267-4905-83fa-5bbd8862e248	9	12634038	21667693	7522	0.0139
870aa0fa-d267-4905-83fa-5bbd8862e248	9	21667763	21679271	6	-0.9844
870aa0fa-d267-4905-83fa-5bbd8862e248	9	21679453	23361807	1139	0.0051
870aa0fa-d267-4905-83fa-5bbd8862e248	9	23363117	23373486	8	0.8793
870aa0fa-d267-4905-83fa-5bbd8862e248	9	23378490	28507205	3912	0.0045
870aa0fa-d267-4905-83fa-5bbd8862e248	9	28508753	28895025	301	-0.1296
870aa0fa-d267-4905-83fa-5bbd8862e248	9	28895408	29965086	754	0.0212
870aa0fa-d267-4905-83fa-5bbd8862e248	9	29969105	29970413	6	1.0581
870aa0fa-d267-4905-83fa-5bbd8862e248	9	29972113	30587290	404	-0.0222
870aa0fa-d267-4905-83fa-5bbd8862e248	9	30587690	30592307	11	-0.5612
870aa0fa-d267-4905-83fa-5bbd8862e248	9	30592523	39146321	5329	0.0128
870aa0fa-d267-4905-83fa-5bbd8862e248	9	39214987	68390662	443	0.3763
870aa0fa-d267-4905-83fa-5bbd8862e248	9	68391659	91640663	16900	0.0083
870aa0fa-d267-4905-83fa-5bbd8862e248	9	91640765	91641263	6	-1.1299
870aa0fa-d267-4905-83fa-5bbd8862e248	9	91641428	135266407	29869	0.0102
870aa0fa-d267-4905-83fa-5bbd8862e248	9	135266911	135474408	144	0.2076
870aa0fa-d267-4905-83fa-5bbd8862e248	9	135482018	137333762	578	0.0247
870aa0fa-d267-4905-83fa-5bbd8862e248	9	137333777	137333905	2	1.3893
870aa0fa-d267-4905-83fa-5bbd8862e248	9	137334669	137361190	13	0.2327
870aa0fa-d267-4905-83fa-5bbd8862e248	9	137361266	138054254	297	0.0141
870aa0fa-d267-4905-83fa-5bbd8862e248	9	138058464	138200944	112	0.2345
870aa0fa-d267-4905-83fa-5bbd8862e248	10	45792	478860	248	0.0762
870aa0fa-d267-4905-83fa-5bbd8862e248	10	479463	484704	3	1.304
870aa0fa-d267-4905-83fa-5bbd8862e248	10	486042	14970362	12456	0.0252
870aa0fa-d267-4905-83fa-5bbd8862e248	10	14970536	15010629	15	0.6109
870aa0fa-d267-4905-83fa-5bbd8862e248	10	15015796	38777539	16335	0.0259
870aa0fa-d267-4905-83fa-5bbd8862e248	10	38777677	42264605	53	0.3447
870aa0fa-d267-4905-83fa-5bbd8862e248	10	42267782	42701665	225	0.0385
870aa0fa-d267-4905-83fa-5bbd8862e248	10	42704010	42739154	27	0.3396
870aa0fa-d267-4905-83fa-5bbd8862e248	10	42739966	45681645	2060	0.019
870aa0fa-d267-4905-83fa-5bbd8862e248	10	45694079	46543248	274	0.1676
870aa0fa-d267-4905-83fa-5bbd8862e248	10	46545913	55833887	5974	0.0284
870aa0fa-d267-4905-83fa-5bbd8862e248	10	55836009	55873506	38	-0.4057
870aa0fa-d267-4905-83fa-5bbd8862e248	10	55874655	57450745	1152	0.0066
870aa0fa-d267-4905-83fa-5bbd8862e248	10	57450761	57451013	3	-1.6762
870aa0fa-d267-4905-83fa-5bbd8862e248	10	57458735	65420363	5471	0.0308
870aa0fa-d267-4905-83fa-5bbd8862e248	10	65422498	65426579	5	-1.4054
870aa0fa-d267-4905-83fa-5bbd8862e248	10	65433597	65548259	85	0.0045
870aa0fa-d267-4905-83fa-5bbd8862e248	10	65548272	65563037	25	0.5807
870aa0fa-d267-4905-83fa-5bbd8862e248	10	65563168	79595316	9229	0.0255
870aa0fa-d267-4905-83fa-5bbd8862e248	10	79624118	79624129	3	1.2994
870aa0fa-d267-4905-83fa-5bbd8862e248	10	79625643	118211184	25618	0.0333
870aa0fa-d267-4905-83fa-5bbd8862e248	10	118214462	118214730	2	-1.6341
870aa0fa-d267-4905-83fa-5bbd8862e248	10	118215315	131401511	10239	0.0273
870aa0fa-d267-4905-83fa-5bbd8862e248	10	131401841	131406087	3	-1.3992
870aa0fa-d267-4905-83fa-5bbd8862e248	10	131406242	133654968	1141	0.061
870aa0fa-d267-4905-83fa-5bbd8862e248	11	198510	3389379	1275	0.0495
870aa0fa-d267-4905-83fa-5bbd8862e248	11	3390147	3651521	96	0.2354
870aa0fa-d267-4905-83fa-5bbd8862e248	11	3655845	5766850	1863	-0.0024
870aa0fa-d267-4905-83fa-5bbd8862e248	11	5766862	5787909	31	0.6857
870aa0fa-d267-4905-83fa-5bbd8862e248	11	5788108	18919309	9409	0.013
870aa0fa-d267-4905-83fa-5bbd8862e248	11	18919323	18930645	17	-0.5713
870aa0fa-d267-4905-83fa-5bbd8862e248	11	18930997	50155939	21241	0.0139
870aa0fa-d267-4905-83fa-5bbd8862e248	11	50156511	55337817	397	0.1841
870aa0fa-d267-4905-83fa-5bbd8862e248	11	55343590	55608804	166	0.0746
870aa0fa-d267-4905-83fa-5bbd8862e248	11	55609022	55685533	51	-0.4411
870aa0fa-d267-4905-83fa-5bbd8862e248	11	55686100	55915235	164	-0.0085
870aa0fa-d267-4905-83fa-5bbd8862e248	11	55915319	55916311	4	-1.2147
870aa0fa-d267-4905-83fa-5bbd8862e248	11	55916468	62746849	4011	0.0119
870aa0fa-d267-4905-83fa-5bbd8862e248	11	62747328	62759612	5	0.8072
870aa0fa-d267-4905-83fa-5bbd8862e248	11	62763622	64828200	940	0.0053
870aa0fa-d267-4905-83fa-5bbd8862e248	11	64855397	65869038	393	0.1294
870aa0fa-d267-4905-83fa-5bbd8862e248	11	65877769	67734155	711	0.0222
870aa0fa-d267-4905-83fa-5bbd8862e248	11	67736185	67981851	67	0.4416
870aa0fa-d267-4905-83fa-5bbd8862e248	11	67996609	81846675	8314	0.0068
870aa0fa-d267-4905-83fa-5bbd8862e248	11	81846870	81920610	58	-1.0515
870aa0fa-d267-4905-83fa-5bbd8862e248	11	81921046	81951161	30	-0.0809
870aa0fa-d267-4905-83fa-5bbd8862e248	11	81951604	81951982	3	1.2867
870aa0fa-d267-4905-83fa-5bbd8862e248	11	81957602	84107616	1402	-0.0072
870aa0fa-d267-4905-83fa-5bbd8862e248	11	84117637	84130822	15	0.5521
870aa0fa-d267-4905-83fa-5bbd8862e248	11	84131281	134379394	35613	0.0092
870aa0fa-d267-4905-83fa-5bbd8862e248	11	134381358	135074876	565	0.1195
870aa0fa-d267-4905-83fa-5bbd8862e248	12	51460	8249238	5552	0.0236
870aa0fa-d267-4905-83fa-5bbd8862e248	12	8253044	8307348	15	0.6767
870aa0fa-d267-4905-83fa-5bbd8862e248	12	8310063	8405892	34	0.2687
870aa0fa-d267-4905-83fa-5bbd8862e248	12	8406040	8442935	19	0.9247
870aa0fa-d267-4905-83fa-5bbd8862e248	12	8443757	9282978	473	0.012
870aa0fa-d267-4905-83fa-5bbd8862e248	12	9283548	9361243	30	0.428
870aa0fa-d267-4905-83fa-5bbd8862e248	12	9361265	11359558	1258	0.0238
870aa0fa-d267-4905-83fa-5bbd8862e248	12	11359597	11390472	28	-0.6469
870aa0fa-d267-4905-83fa-5bbd8862e248	12	11399258	12383727	827	0.0177
870aa0fa-d267-4905-83fa-5bbd8862e248	12	12383778	12388935	12	-0.8492
870aa0fa-d267-4905-83fa-5bbd8862e248	12	12389946	34097761	15151	0.0081
870aa0fa-d267-4905-83fa-5bbd8862e248	12	34103774	34111154	9	-1.0961
870aa0fa-d267-4905-83fa-5bbd8862e248	12	34122447	34372551	124	0.0937
870aa0fa-d267-4905-83fa-5bbd8862e248	12	34375012	37885541	160	0.2982
870aa0fa-d267-4905-83fa-5bbd8862e248	12	37886114	40422710	1412	0.0108
870aa0fa-d267-4905-83fa-5bbd8862e248	12	40422785	40424065	12	0.7103
870aa0fa-d267-4905-83fa-5bbd8862e248	12	40424116	63607165	13950	0.0086
870aa0fa-d267-4905-83fa-5bbd8862e248	12	63607400	63652806	10	0.7459
870aa0fa-d267-4905-83fa-5bbd8862e248	12	63652845	99401515	23036	0.01
870aa0fa-d267-4905-83fa-5bbd8862e248	12	99401690	99403311	19	0.7032
870aa0fa-d267-4905-83fa-5bbd8862e248	12	99404031	131241440	21778	0.0166
870aa0fa-d267-4905-83fa-5bbd8862e248	12	131241500	131292887	61	0.3295
870aa0fa-d267-4905-83fa-5bbd8862e248	12	131309623	133201603	889	0.0426
870aa0fa-d267-4905-83fa-5bbd8862e248	13	18452809	18874255	100	0.3519
870aa0fa-d267-4905-83fa-5bbd8862e248	13	18876666	31958485	9467	0.0157
870aa0fa-d267-4905-83fa-5bbd8862e248	13	31958590	31964286	17	-0.9585
870aa0fa-d267-4905-83fa-5bbd8862e248	13	31965910	37502130	3907	0.0103
870aa0fa-d267-4905-83fa-5bbd8862e248	13	37502150	37514237	13	0.7843
870aa0fa-d267-4905-83fa-5bbd8862e248	13	37514250	57215580	12560	0.0056
870aa0fa-d267-4905-83fa-5bbd8862e248	13	57215875	57336060	78	-0.2367
870aa0fa-d267-4905-83fa-5bbd8862e248	13	57337226	63632180	3705	0.0167
870aa0fa-d267-4905-83fa-5bbd8862e248	13	63633387	63648862	15	-0.5442
870aa0fa-d267-4905-83fa-5bbd8862e248	13	63648930	63854429	111	0.0812
870aa0fa-d267-4905-83fa-5bbd8862e248	13	63855900	64360470	303	-0.1495
870aa0fa-d267-4905-83fa-5bbd8862e248	13	64363350	67468665	2013	-0.0159
870aa0fa-d267-4905-83fa-5bbd8862e248	13	67473007	67490787	10	-0.6766
870aa0fa-d267-4905-83fa-5bbd8862e248	13	67493805	68668123	655	-0.0123
870aa0fa-d267-4905-83fa-5bbd8862e248	13	68674167	68694110	38	-0.5159
870aa0fa-d267-4905-83fa-5bbd8862e248	13	68694987	114342922	31170	0.0083
870aa0fa-d267-4905-83fa-5bbd8862e248	14	18239283	46275002	16716	0.0047
870aa0fa-d267-4905-83fa-5bbd8862e248	14	46281206	46301210	11	-1.0332
870aa0fa-d267-4905-83fa-5bbd8862e248	14	46303072	73526068	17517	0.0087
870aa0fa-d267-4905-83fa-5bbd8862e248	14	73529070	73563196	11	0.601
870aa0fa-d267-4905-83fa-5bbd8862e248	14	73563211	105521701	20642	0.0105
870aa0fa-d267-4905-83fa-5bbd8862e248	14	105533894	106069067	137	0.1867
870aa0fa-d267-4905-83fa-5bbd8862e248	14	106070718	106258732	62	-0.6949
870aa0fa-d267-4905-83fa-5bbd8862e248	14	106258891	106284182	13	-1.7035
870aa0fa-d267-4905-83fa-5bbd8862e248	14	106290131	106321086	22	-0.507
870aa0fa-d267-4905-83fa-5bbd8862e248	14	106340102	106877229	281	0.0684
870aa0fa-d267-4905-83fa-5bbd8862e248	15	19811075	19907021	17	0.2217
870aa0fa-d267-4905-83fa-5bbd8862e248	15	19914114	19947475	10	0.9791
870aa0fa-d267-4905-83fa-5bbd8862e248	15	19950385	20285134	43	-0.0195
870aa0fa-d267-4905-83fa-5bbd8862e248	15	20289044	20381659	33	0.493
870aa0fa-d267-4905-83fa-5bbd8862e248	15	20381689	24424598	1096	0.0388
870aa0fa-d267-4905-83fa-5bbd8862e248	15	24429604	24579878	82	0.2878
870aa0fa-d267-4905-83fa-5bbd8862e248	15	24580118	28289262	2700	0.013
870aa0fa-d267-4905-83fa-5bbd8862e248	15	28294842	28769892	38	0.453
870aa0fa-d267-4905-83fa-5bbd8862e248	15	28786752	30281107	828	0.0546
870aa0fa-d267-4905-83fa-5bbd8862e248	15	30281121	30608675	20	0.5798
870aa0fa-d267-4905-83fa-5bbd8862e248	15	30621384	76586021	29058	0.012
870aa0fa-d267-4905-83fa-5bbd8862e248	15	76598900	76609853	24	0.9773
870aa0fa-d267-4905-83fa-5bbd8862e248	15	76609900	82353501	3641	0.0159
870aa0fa-d267-4905-83fa-5bbd8862e248	15	82353503	82439733	9	0.7615
870aa0fa-d267-4905-83fa-5bbd8862e248	15	82500850	100457495	12864	0.0164
870aa0fa-d267-4905-83fa-5bbd8862e248	15	100457880	100460176	2	-1.5997
870aa0fa-d267-4905-83fa-5bbd8862e248	15	100460365	101928837	1097	0.0472
870aa0fa-d267-4905-83fa-5bbd8862e248	16	10777	45481	13	0.6022
870aa0fa-d267-4905-83fa-5bbd8862e248	16	45579	781464	302	0.1373
870aa0fa-d267-4905-83fa-5bbd8862e248	16	781496	790378	2	0.9909
870aa0fa-d267-4905-83fa-5bbd8862e248	16	804689	14657199	10771	0.019
870aa0fa-d267-4905-83fa-5bbd8862e248	16	14658352	14956028	36	0.5004
870aa0fa-d267-4905-83fa-5bbd8862e248	16	14956124	16180349	611	0.0722
870aa0fa-d267-4905-83fa-5bbd8862e248	16	16183350	16743769	57	0.4254
870aa0fa-d267-4905-83fa-5bbd8862e248	16	16761504	22591547	2996	0.0504
870aa0fa-d267-4905-83fa-5bbd8862e248	16	22591843	22689861	54	-0.3913
870aa0fa-d267-4905-83fa-5bbd8862e248	16	22690758	28620700	4061	0.0124
870aa0fa-d267-4905-83fa-5bbd8862e248	16	28637882	30130973	381	0.1468
870aa0fa-d267-4905-83fa-5bbd8862e248	16	30131762	33776048	741	-0.0026
870aa0fa-d267-4905-83fa-5bbd8862e248	16	33776810	33862700	8	-0.81
870aa0fa-d267-4905-83fa-5bbd8862e248	16	33865345	34042508	17	0.2944
870aa0fa-d267-4905-83fa-5bbd8862e248	16	34043045	34047619	2	1.8297
870aa0fa-d267-4905-83fa-5bbd8862e248	16	34056264	88541978	31150	0.0162
870aa0fa-d267-4905-83fa-5bbd8862e248	16	88542082	90096867	673	0.1076
870aa0fa-d267-4905-83fa-5bbd8862e248	17	150733	18375453	11376	0.0188
870aa0fa-d267-4905-83fa-5bbd8862e248	17	18375514	18540363	44	0.3799
870aa0fa-d267-4905-83fa-5bbd8862e248	17	18543365	21567685	1235	0.0326
870aa0fa-d267-4905-83fa-5bbd8862e248	17	21571025	22474884	132	0.2409
870aa0fa-d267-4905-83fa-5bbd8862e248	17	22478654	27069120	164	0.0689
870aa0fa-d267-4905-83fa-5bbd8862e248	17	27069345	27076842	9	0.7178
870aa0fa-d267-4905-83fa-5bbd8862e248	17	27077023	35349487	4849	0.0194
870aa0fa-d267-4905-83fa-5bbd8862e248	17	35355491	35431559	39	-0.9222
870aa0fa-d267-4905-83fa-5bbd8862e248	17	35439199	36073808	382	0.0061
870aa0fa-d267-4905-83fa-5bbd8862e248	17	36074358	36075579	3	-1.0561
870aa0fa-d267-4905-83fa-5bbd8862e248	17	36075798	41266805	2587	0.0187
870aa0fa-d267-4905-83fa-5bbd8862e248	17	41266825	41274198	20	1.2656
870aa0fa-d267-4905-83fa-5bbd8862e248	17	41274279	45420643	2134	0.0231
870aa0fa-d267-4905-83fa-5bbd8862e248	17	45421004	45497045	17	0.1571
870aa0fa-d267-4905-83fa-5bbd8862e248	17	45497555	45579014	8	0.8511
870aa0fa-d267-4905-83fa-5bbd8862e248	17	45579877	46284643	464	0.1413
870aa0fa-d267-4905-83fa-5bbd8862e248	17	46284997	46664059	9	0.8445
870aa0fa-d267-4905-83fa-5bbd8862e248	17	46687628	52975453	3634	0.0179
870aa0fa-d267-4905-83fa-5bbd8862e248	17	52980711	53214812	149	-0.1785
870aa0fa-d267-4905-83fa-5bbd8862e248	17	53215238	56083690	2020	0.0202
870aa0fa-d267-4905-83fa-5bbd8862e248	17	56083810	56095982	27	0.395
870aa0fa-d267-4905-83fa-5bbd8862e248	17	56096102	73856563	11009	0.0121
870aa0fa-d267-4905-83fa-5bbd8862e248	17	73860625	74695492	537	0.1332
870aa0fa-d267-4905-83fa-5bbd8862e248	17	74695789	78280402	1869	0.0317
870aa0fa-d267-4905-83fa-5bbd8862e248	17	78285287	78290662	4	0.9842
870aa0fa-d267-4905-83fa-5bbd8862e248	17	78291927	79246981	581	0.0328
870aa0fa-d267-4905-83fa-5bbd8862e248	17	79249578	79250134	2	-1.3942
870aa0fa-d267-4905-83fa-5bbd8862e248	17	79250308	83091923	1737	0.028
870aa0fa-d267-4905-83fa-5bbd8862e248	18	48133	10351212	7619	0.0211
870aa0fa-d267-4905-83fa-5bbd8862e248	18	10353104	10353182	2	-1.6881
870aa0fa-d267-4905-83fa-5bbd8862e248	18	10356079	14144454	2433	0.0255
870aa0fa-d267-4905-83fa-5bbd8862e248	18	14144778	14351376	50	0.42
870aa0fa-d267-4905-83fa-5bbd8862e248	18	14351753	15092487	243	0.097
870aa0fa-d267-4905-83fa-5bbd8862e248	18	15098542	15396946	60	0.3253
870aa0fa-d267-4905-83fa-5bbd8862e248	18	15401764	51039262	19426	0.0148
870aa0fa-d267-4905-83fa-5bbd8862e248	18	51039401	51039559	3	1.1378
870aa0fa-d267-4905-83fa-5bbd8862e248	18	51039656	53740367	1948	0.0142
870aa0fa-d267-4905-83fa-5bbd8862e248	18	53740491	53741022	7	-0.9756
870aa0fa-d267-4905-83fa-5bbd8862e248	18	53741814	53997831	159	-0.0021
870aa0fa-d267-4905-83fa-5bbd8862e248	18	53998472	53998782	3	-1.435
870aa0fa-d267-4905-83fa-5bbd8862e248	18	54001998	64508642	7299	0.0091
870aa0fa-d267-4905-83fa-5bbd8862e248	18	64508842	64510529	5	-0.9202
870aa0fa-d267-4905-83fa-5bbd8862e248	18	64510562	65829936	870	0.0073
870aa0fa-d267-4905-83fa-5bbd8862e248	18	65833417	66065765	199	-0.1454
870aa0fa-d267-4905-83fa-5bbd8862e248	18	66065789	66086122	30	0.0883
870aa0fa-d267-4905-83fa-5bbd8862e248	18	66086187	66100686	12	-0.3897
870aa0fa-d267-4905-83fa-5bbd8862e248	18	66108359	66239629	98	0.0323
870aa0fa-d267-4905-83fa-5bbd8862e248	18	66240197	66244352	10	-1.037
870aa0fa-d267-4905-83fa-5bbd8862e248	18	66244639	67282687	652	0.0028
870aa0fa-d267-4905-83fa-5bbd8862e248	18	67282856	67292135	14	0.5405
870aa0fa-d267-4905-83fa-5bbd8862e248	18	67292264	69076108	1393	0.0031
870aa0fa-d267-4905-83fa-5bbd8862e248	18	69078869	69086089	38	-0.8586
870aa0fa-d267-4905-83fa-5bbd8862e248	18	69090459	71363457	1549	0.0063
870aa0fa-d267-4905-83fa-5bbd8862e248	18	71365874	73555802	1738	-0.0655
870aa0fa-d267-4905-83fa-5bbd8862e248	18	73558221	80257174	4888	0.0282
870aa0fa-d267-4905-83fa-5bbd8862e248	19	90910	8270055	2921	0.0391
870aa0fa-d267-4905-83fa-5bbd8862e248	19	8285313	8287005	2	1.7527
870aa0fa-d267-4905-83fa-5bbd8862e248	19	8300158	19856092	5659	0.01
870aa0fa-d267-4905-83fa-5bbd8862e248	19	19858725	20739868	538	0.1272
870aa0fa-d267-4905-83fa-5bbd8862e248	19	20741124	24055951	1895	0.038
870aa0fa-d267-4905-83fa-5bbd8862e248	19	24056986	27707531	220	0.1948
870aa0fa-d267-4905-83fa-5bbd8862e248	19	27718103	42707130	9159	0.0124
870aa0fa-d267-4905-83fa-5bbd8862e248	19	42707438	43262860	229	0.2529
870aa0fa-d267-4905-83fa-5bbd8862e248	19	43263109	47959373	2298	0.0254
870aa0fa-d267-4905-83fa-5bbd8862e248	19	47959877	47961965	14	-0.8203
870aa0fa-d267-4905-83fa-5bbd8862e248	19	47965532	52695354	2548	0.031
870aa0fa-d267-4905-83fa-5bbd8862e248	19	52696373	52939084	176	0.2574
870aa0fa-d267-4905-83fa-5bbd8862e248	19	52939636	53719570	586	0.0941
870aa0fa-d267-4905-83fa-5bbd8862e248	19	53719929	53861409	89	0.2771
870aa0fa-d267-4905-83fa-5bbd8862e248	19	53862141	54809324	479	0.0168
870aa0fa-d267-4905-83fa-5bbd8862e248	19	54811638	54866994	28	0.5381
870aa0fa-d267-4905-83fa-5bbd8862e248	19	54867066	58586487	2274	0.0345
870aa0fa-d267-4905-83fa-5bbd8862e248	20	80664	1576573	1185	0.0513
870aa0fa-d267-4905-83fa-5bbd8862e248	20	1576590	1580353	19	-0.7869
870aa0fa-d267-4905-83fa-5bbd8862e248	20	1580934	1601446	35	0.1327
870aa0fa-d267-4905-83fa-5bbd8862e248	20	1601561	1609888	4	1.7072
870aa0fa-d267-4905-83fa-5bbd8862e248	20	1613203	4040298	1677	0.0184
870aa0fa-d267-4905-83fa-5bbd8862e248	20	4040488	4089183	53	0.2827
870aa0fa-d267-4905-83fa-5bbd8862e248	20	4090658	26255519	17023	0.0102
870aa0fa-d267-4905-83fa-5bbd8862e248	20	26255650	30417073	73	0.3778
870aa0fa-d267-4905-83fa-5bbd8862e248	20	31247246	54041178	14855	0.0176
870aa0fa-d267-4905-83fa-5bbd8862e248	20	54041534	54041625	2	1.8149
870aa0fa-d267-4905-83fa-5bbd8862e248	20	54041980	60995736	5672	0.015
870aa0fa-d267-4905-83fa-5bbd8862e248	20	60998240	61001846	4	-1.0947
870aa0fa-d267-4905-83fa-5bbd8862e248	20	61002276	64324800	1783	0.0406
870aa0fa-d267-4905-83fa-5bbd8862e248	21	10354168	14007481	328	0.2051
870aa0fa-d267-4905-83fa-5bbd8862e248	21	14008612	22402119	6055	0.0012
870aa0fa-d267-4905-83fa-5bbd8862e248	21	22403808	22419250	23	-0.485
870aa0fa-d267-4905-83fa-5bbd8862e248	21	22419437	46244361	17169	0.0124
870aa0fa-d267-4905-83fa-5bbd8862e248	21	46245631	46677045	293	0.1088
870aa0fa-d267-4905-83fa-5bbd8862e248	22	15294547	16542624	64	0.3712
870aa0fa-d267-4905-83fa-5bbd8862e248	22	16543933	16848711	143	0.0991
870aa0fa-d267-4905-83fa-5bbd8862e248	22	16849218	16914810	19	0.4067
870aa0fa-d267-4905-83fa-5bbd8862e248	22	16917910	18620743	907	0.0261
870aa0fa-d267-4905-83fa-5bbd8862e248	22	18649244	18760941	3	-1.2883
870aa0fa-d267-4905-83fa-5bbd8862e248	22	18783014	19304923	243	0.0484
870aa0fa-d267-4905-83fa-5bbd8862e248	22	19307655	22114208	1739	0.1092
870aa0fa-d267-4905-83fa-5bbd8862e248	22	22119549	22120255	6	-2.5178
870aa0fa-d267-4905-83fa-5bbd8862e248	22	22127104	22398127	333	0.1441
870aa0fa-d267-4905-83fa-5bbd8862e248	22	22398345	22398481	3	1.5339
870aa0fa-d267-4905-83fa-5bbd8862e248	22	22398545	23661318	747	0.0836
870aa0fa-d267-4905-83fa-5bbd8862e248	22	23670385	25273602	1012	0.0221
870aa0fa-d267-4905-83fa-5bbd8862e248	22	25275764	25443474	156	0.2112
870aa0fa-d267-4905-83fa-5bbd8862e248	22	25445098	29474345	3353	0.0174
870aa0fa-d267-4905-83fa-5bbd8862e248	22	29474386	29485728	3	1.1683
870aa0fa-d267-4905-83fa-5bbd8862e248	22	29485839	36064150	4796	0.0107
870aa0fa-d267-4905-83fa-5bbd8862e248	22	36064165	36079634	8	0.7784
870aa0fa-d267-4905-83fa-5bbd8862e248	22	36082719	38891905	1663	0.0227
870aa0fa-d267-4905-83fa-5bbd8862e248	22	38894915	38900899	4	-1.0348
870aa0fa-d267-4905-83fa-5bbd8862e248	22	38903109	38967614	39	0.0474
870aa0fa-d267-4905-83fa-5bbd8862e248	22	38967679	38979302	23	-0.446
870aa0fa-d267-4905-83fa-5bbd8862e248	22	38993700	42496433	1885	0.0094
870aa0fa-d267-4905-83fa-5bbd8862e248	22	42496576	42581184	38	0.607
870aa0fa-d267-4905-83fa-5bbd8862e248	22	42584045	48964612	4921	0.0081
870aa0fa-d267-4905-83fa-5bbd8862e248	22	48964760	48964785	3	-1.3921
870aa0fa-d267-4905-83fa-5bbd8862e248	22	48965059	49145503	206	0.0063
870aa0fa-d267-4905-83fa-5bbd8862e248	22	49145797	50796027	960	0.1043
870aa0fa-d267-4905-83fa-5bbd8862e248	X	251810	3167423	366	0.0503
870aa0fa-d267-4905-83fa-5bbd8862e248	X	3167872	3168212	2	1.8785
870aa0fa-d267-4905-83fa-5bbd8862e248	X	3168324	4322711	767	0.0189
870aa0fa-d267-4905-83fa-5bbd8862e248	X	4322739	8886736	3564	-0.0329
870aa0fa-d267-4905-83fa-5bbd8862e248	X	8887302	32943668	15762	0.009
870aa0fa-d267-4905-83fa-5bbd8862e248	X	32943753	34549955	1130	-0.0586
870aa0fa-d267-4905-83fa-5bbd8862e248	X	34550288	34582790	19	0.422
870aa0fa-d267-4905-83fa-5bbd8862e248	X	34583185	56922832	11140	0.0154
870aa0fa-d267-4905-83fa-5bbd8862e248	X	56923087	56927858	17	0.4775
870aa0fa-d267-4905-83fa-5bbd8862e248	X	56927873	58171395	551	0.0164
870aa0fa-d267-4905-83fa-5bbd8862e248	X	58171563	62802263	117	0.2236
870aa0fa-d267-4905-83fa-5bbd8862e248	X	62802319	86270494	11043	0.0125
870aa0fa-d267-4905-83fa-5bbd8862e248	X	86270558	86273757	6	-0.9596
870aa0fa-d267-4905-83fa-5bbd8862e248	X	86274342	103917238	9240	0.0048
870aa0fa-d267-4905-83fa-5bbd8862e248	X	103924147	103955573	25	0.6385
870aa0fa-d267-4905-83fa-5bbd8862e248	X	103988453	103999203	21	0.1274
870aa0fa-d267-4905-83fa-5bbd8862e248	X	104003417	104084336	61	1.0232
870aa0fa-d267-4905-83fa-5bbd8862e248	X	104084422	152895855	28567	0.0119
870aa0fa-d267-4905-83fa-5bbd8862e248	X	152900401	153044955	131	0.2345
870aa0fa-d267-4905-83fa-5bbd8862e248	X	153045013	155550401	1019	0.0495
870aa0fa-d267-4905-83fa-5bbd8862e248	X	155550509	155556117	9	-1.1543
870aa0fa-d267-4905-83fa-5bbd8862e248	X	155557895	155952689	96	0.0251
870aa0fa-d267-4905-83fa-5bbd8862e248	Y	2782397	6249869	783	-2.2241
870aa0fa-d267-4905-83fa-5bbd8862e248	Y	6252391	23586854	5662	-2.7172
870aa0fa-d267-4905-83fa-5bbd8862e248	Y	23784615	56872112	192	-2.2144
