GDC_Aliquot	Chromosome	Start	End	Num_Probes	Segment_Mean
393fb74c-b80b-4247-9597-a11fdfec6f37	1	62920	98602	13	0.6361
393fb74c-b80b-4247-9597-a11fdfec6f37	1	259407	15820586	8316	-0.0015
393fb74c-b80b-4247-9597-a11fdfec6f37	1	15820686	15841360	22	0.3737
393fb74c-b80b-4247-9597-a11fdfec6f37	1	15843965	16542868	293	0.0042
393fb74c-b80b-4247-9597-a11fdfec6f37	1	16544783	16569132	2	-1.1346
393fb74c-b80b-4247-9597-a11fdfec6f37	1	16570326	21313491	3049	-0.0002
393fb74c-b80b-4247-9597-a11fdfec6f37	1	21313631	21313902	2	-1.4631
393fb74c-b80b-4247-9597-a11fdfec6f37	1	21314008	25256850	2318	-0.0049
393fb74c-b80b-4247-9597-a11fdfec6f37	1	25266637	25319693	21	-1.758
393fb74c-b80b-4247-9597-a11fdfec6f37	1	25320198	72302735	28740	0
393fb74c-b80b-4247-9597-a11fdfec6f37	1	72302815	72345450	46	-1.1463
393fb74c-b80b-4247-9597-a11fdfec6f37	1	72345465	103589737	20018	0.0065
393fb74c-b80b-4247-9597-a11fdfec6f37	1	103613021	103717410	14	-0.5358
393fb74c-b80b-4247-9597-a11fdfec6f37	1	103717617	105470132	918	0.0161
393fb74c-b80b-4247-9597-a11fdfec6f37	1	105470754	105481515	22	0.5483
393fb74c-b80b-4247-9597-a11fdfec6f37	1	105482176	108013376	1787	0.0109
393fb74c-b80b-4247-9597-a11fdfec6f37	1	108014481	108022969	5	0.7823
393fb74c-b80b-4247-9597-a11fdfec6f37	1	108025376	109690352	842	0.0155
393fb74c-b80b-4247-9597-a11fdfec6f37	1	109690415	109697556	12	-1.1553
393fb74c-b80b-4247-9597-a11fdfec6f37	1	109702376	112147704	1949	0.0125
393fb74c-b80b-4247-9597-a11fdfec6f37	1	112153343	112154251	15	-0.3635
393fb74c-b80b-4247-9597-a11fdfec6f37	1	112154341	143547578	5181	0.0059
393fb74c-b80b-4247-9597-a11fdfec6f37	1	143550417	144469876	127	0.205
393fb74c-b80b-4247-9597-a11fdfec6f37	1	144487217	152583051	2304	0.011
393fb74c-b80b-4247-9597-a11fdfec6f37	1	152583230	152614100	34	-0.685
393fb74c-b80b-4247-9597-a11fdfec6f37	1	152614118	152789447	169	0.009
393fb74c-b80b-4247-9597-a11fdfec6f37	1	152789463	152796224	36	0.6071
393fb74c-b80b-4247-9597-a11fdfec6f37	1	152801429	169247699	11281	-0.0032
393fb74c-b80b-4247-9597-a11fdfec6f37	1	169264736	169272528	7	-1.9975
393fb74c-b80b-4247-9597-a11fdfec6f37	1	169273163	174827418	3520	0.0012
393fb74c-b80b-4247-9597-a11fdfec6f37	1	174827561	174832702	15	-0.6558
393fb74c-b80b-4247-9597-a11fdfec6f37	1	174832716	189679027	9903	-0.0008
393fb74c-b80b-4247-9597-a11fdfec6f37	1	189679353	189679397	2	-1.4659
393fb74c-b80b-4247-9597-a11fdfec6f37	1	189682917	194479104	3286	-0.0011
393fb74c-b80b-4247-9597-a11fdfec6f37	1	194482281	194485888	2	-1.2822
393fb74c-b80b-4247-9597-a11fdfec6f37	1	194487886	196762956	1455	0.0092
393fb74c-b80b-4247-9597-a11fdfec6f37	1	196769493	196847600	58	-0.4689
393fb74c-b80b-4247-9597-a11fdfec6f37	1	196854187	248586259	35641	0.0004
393fb74c-b80b-4247-9597-a11fdfec6f37	1	248589915	248645808	31	-0.6025
393fb74c-b80b-4247-9597-a11fdfec6f37	1	248646068	248930189	139	0.0397
393fb74c-b80b-4247-9597-a11fdfec6f37	2	12784	17039898	12844	0.0116
393fb74c-b80b-4247-9597-a11fdfec6f37	2	17040053	17056694	46	-0.6581
393fb74c-b80b-4247-9597-a11fdfec6f37	2	17061270	34295406	11104	0.0071
393fb74c-b80b-4247-9597-a11fdfec6f37	2	34298911	34300513	2	-1.6723
393fb74c-b80b-4247-9597-a11fdfec6f37	2	34300900	52531615	13152	0.0133
393fb74c-b80b-4247-9597-a11fdfec6f37	2	52531630	52554404	32	0.6818
393fb74c-b80b-4247-9597-a11fdfec6f37	2	52560811	89956227	22786	0.0071
393fb74c-b80b-4247-9597-a11fdfec6f37	2	89960252	90235899	123	-0.8085
393fb74c-b80b-4247-9597-a11fdfec6f37	2	90262403	106258266	6521	0.003
393fb74c-b80b-4247-9597-a11fdfec6f37	2	106263639	106268901	12	-1.8254
393fb74c-b80b-4247-9597-a11fdfec6f37	2	106270799	113604438	3783	0.0034
393fb74c-b80b-4247-9597-a11fdfec6f37	2	113604837	113623244	3	-1.0784
393fb74c-b80b-4247-9597-a11fdfec6f37	2	113625975	116732061	1903	-0.0017
393fb74c-b80b-4247-9597-a11fdfec6f37	2	116735445	117183510	246	0.0822
393fb74c-b80b-4247-9597-a11fdfec6f37	2	117183732	117465774	196	0.0102
393fb74c-b80b-4247-9597-a11fdfec6f37	2	117466188	117470941	6	-0.8876
393fb74c-b80b-4247-9597-a11fdfec6f37	2	117472476	146104517	17682	0.0065
393fb74c-b80b-4247-9597-a11fdfec6f37	2	146106836	146109366	24	0.544
393fb74c-b80b-4247-9597-a11fdfec6f37	2	146120238	159102108	7790	0.0037
393fb74c-b80b-4247-9597-a11fdfec6f37	2	159103831	159104461	2	1.6018
393fb74c-b80b-4247-9597-a11fdfec6f37	2	159106775	193823021	21079	0.004
393fb74c-b80b-4247-9597-a11fdfec6f37	2	193825580	193829074	2	1.1906
393fb74c-b80b-4247-9597-a11fdfec6f37	2	193837590	207490231	8095	0.0113
393fb74c-b80b-4247-9597-a11fdfec6f37	2	207490454	207494612	16	-1.0469
393fb74c-b80b-4247-9597-a11fdfec6f37	2	207494752	212321824	3042	0.0017
393fb74c-b80b-4247-9597-a11fdfec6f37	2	212322478	212327101	24	-0.7887
393fb74c-b80b-4247-9597-a11fdfec6f37	2	212327402	242147305	19016	0.0048
393fb74c-b80b-4247-9597-a11fdfec6f37	3	20930	2845019	2466	0.07
393fb74c-b80b-4247-9597-a11fdfec6f37	3	2846152	21707297	13797	0.0071
393fb74c-b80b-4247-9597-a11fdfec6f37	3	21710504	21715842	13	-0.542
393fb74c-b80b-4247-9597-a11fdfec6f37	3	21721118	59854269	24159	0.0083
393fb74c-b80b-4247-9597-a11fdfec6f37	3	59858999	61029462	1322	0.065
393fb74c-b80b-4247-9597-a11fdfec6f37	3	61030367	99218940	21949	0.0052
393fb74c-b80b-4247-9597-a11fdfec6f37	3	99225614	99230577	38	-0.4937
393fb74c-b80b-4247-9597-a11fdfec6f37	3	99232120	100607461	746	0
393fb74c-b80b-4247-9597-a11fdfec6f37	3	100621224	100663664	33	0.686
393fb74c-b80b-4247-9597-a11fdfec6f37	3	100666799	100683454	8	0.304
393fb74c-b80b-4247-9597-a11fdfec6f37	3	100692517	100723665	17	0.7258
393fb74c-b80b-4247-9597-a11fdfec6f37	3	100727772	130047743	17905	0.0042
393fb74c-b80b-4247-9597-a11fdfec6f37	3	130057015	130088081	37	0.7027
393fb74c-b80b-4247-9597-a11fdfec6f37	3	130088155	162790480	20267	0.0104
393fb74c-b80b-4247-9597-a11fdfec6f37	3	162794869	162908207	70	0.547
393fb74c-b80b-4247-9597-a11fdfec6f37	3	162908784	175362822	7655	0.0108
393fb74c-b80b-4247-9597-a11fdfec6f37	3	175362958	176045421	425	0.1059
393fb74c-b80b-4247-9597-a11fdfec6f37	3	176050236	189510051	8471	0.0074
393fb74c-b80b-4247-9597-a11fdfec6f37	3	189512146	189514826	4	-0.8657
393fb74c-b80b-4247-9597-a11fdfec6f37	3	189514852	193160256	2614	0.0088
393fb74c-b80b-4247-9597-a11fdfec6f37	3	193160406	193165114	17	-0.9519
393fb74c-b80b-4247-9597-a11fdfec6f37	3	193168646	198169247	2694	0.0063
393fb74c-b80b-4247-9597-a11fdfec6f37	4	68929	10221792	5706	0.0091
393fb74c-b80b-4247-9597-a11fdfec6f37	4	10222004	10229874	27	-1.667
393fb74c-b80b-4247-9597-a11fdfec6f37	4	10232590	21573602	8399	0.0009
393fb74c-b80b-4247-9597-a11fdfec6f37	4	21578812	21638727	62	0.5702
393fb74c-b80b-4247-9597-a11fdfec6f37	4	21645297	25056610	2408	-0.0013
393fb74c-b80b-4247-9597-a11fdfec6f37	4	25057292	25057368	2	-1.1247
393fb74c-b80b-4247-9597-a11fdfec6f37	4	25057412	29314452	2820	0.0026
393fb74c-b80b-4247-9597-a11fdfec6f37	4	29316617	29316627	2	-1.2491
393fb74c-b80b-4247-9597-a11fdfec6f37	4	29316643	34789072	3296	-0.0014
393fb74c-b80b-4247-9597-a11fdfec6f37	4	34789130	34823103	30	-0.3247
393fb74c-b80b-4247-9597-a11fdfec6f37	4	34828250	44997602	6635	0.0116
393fb74c-b80b-4247-9597-a11fdfec6f37	4	45001503	45004318	6	-0.6828
393fb74c-b80b-4247-9597-a11fdfec6f37	4	45008952	48092258	1692	0.0044
393fb74c-b80b-4247-9597-a11fdfec6f37	4	48092517	49080266	624	0.0751
393fb74c-b80b-4247-9597-a11fdfec6f37	4	49083136	61071220	6097	0.0041
393fb74c-b80b-4247-9597-a11fdfec6f37	4	61075217	61076234	2	1.3878
393fb74c-b80b-4247-9597-a11fdfec6f37	4	61079968	63828222	1502	0.0116
393fb74c-b80b-4247-9597-a11fdfec6f37	4	63831751	63842540	27	-0.3528
393fb74c-b80b-4247-9597-a11fdfec6f37	4	63850713	68501424	2871	0.0198
393fb74c-b80b-4247-9597-a11fdfec6f37	4	68506285	68740440	85	-0.1727
393fb74c-b80b-4247-9597-a11fdfec6f37	4	68742558	69420610	376	0.1151
393fb74c-b80b-4247-9597-a11fdfec6f37	4	69421960	160959560	55302	0.0055
393fb74c-b80b-4247-9597-a11fdfec6f37	4	160959660	160963756	12	-0.5983
393fb74c-b80b-4247-9597-a11fdfec6f37	4	160963767	172066777	7077	0.0095
393fb74c-b80b-4247-9597-a11fdfec6f37	4	172067997	172068382	12	-1.4954
393fb74c-b80b-4247-9597-a11fdfec6f37	4	172074828	187850090	10669	0.0165
393fb74c-b80b-4247-9597-a11fdfec6f37	4	187850659	190106768	1411	0.0632
393fb74c-b80b-4247-9597-a11fdfec6f37	5	15532	14662938	11534	0.0109
393fb74c-b80b-4247-9597-a11fdfec6f37	5	14665304	14665506	2	-1.2604
393fb74c-b80b-4247-9597-a11fdfec6f37	5	14667034	15719241	640	0.0178
393fb74c-b80b-4247-9597-a11fdfec6f37	5	15719966	15720488	9	-0.8307
393fb74c-b80b-4247-9597-a11fdfec6f37	5	15723237	21449110	3527	0.0236
393fb74c-b80b-4247-9597-a11fdfec6f37	5	21449167	21452329	6	0.8904
393fb74c-b80b-4247-9597-a11fdfec6f37	5	21452387	46271828	14952	0.0087
393fb74c-b80b-4247-9597-a11fdfec6f37	5	46272419	46278110	6	-1.6993
393fb74c-b80b-4247-9597-a11fdfec6f37	5	46313245	118050922	41337	0.006
393fb74c-b80b-4247-9597-a11fdfec6f37	5	118052727	118053268	10	-1.7781
393fb74c-b80b-4247-9597-a11fdfec6f37	5	118053390	138400922	12719	0.0045
393fb74c-b80b-4247-9597-a11fdfec6f37	5	138401366	138404948	5	1.0596
393fb74c-b80b-4247-9597-a11fdfec6f37	5	138410188	152135937	8649	-0.0018
393fb74c-b80b-4247-9597-a11fdfec6f37	5	152136158	152138790	10	-0.7811
393fb74c-b80b-4247-9597-a11fdfec6f37	5	152140710	180947523	19272	0.0027
393fb74c-b80b-4247-9597-a11fdfec6f37	5	180951710	181006225	20	0.4602
393fb74c-b80b-4247-9597-a11fdfec6f37	5	181006264	181363319	168	-0.0321
393fb74c-b80b-4247-9597-a11fdfec6f37	6	149661	251648	94	0.0108
393fb74c-b80b-4247-9597-a11fdfec6f37	6	252049	421317	141	0.1877
393fb74c-b80b-4247-9597-a11fdfec6f37	6	422408	29869295	21417	0.0094
393fb74c-b80b-4247-9597-a11fdfec6f37	6	29869410	29933799	36	0.3794
393fb74c-b80b-4247-9597-a11fdfec6f37	6	29940692	32502142	1160	0.0097
393fb74c-b80b-4247-9597-a11fdfec6f37	6	32502190	32605994	26	1.1035
393fb74c-b80b-4247-9597-a11fdfec6f37	6	32606237	41187970	5612	-0.0015
393fb74c-b80b-4247-9597-a11fdfec6f37	6	41189522	41189606	2	-1.3438
393fb74c-b80b-4247-9597-a11fdfec6f37	6	41191415	47421486	3902	-0.0012
393fb74c-b80b-4247-9597-a11fdfec6f37	6	47421975	47427060	6	-0.9574
393fb74c-b80b-4247-9597-a11fdfec6f37	6	47430777	54066269	4205	0.0051
393fb74c-b80b-4247-9597-a11fdfec6f37	6	54066286	54067057	8	1.1005
393fb74c-b80b-4247-9597-a11fdfec6f37	6	54070550	66298393	5333	0.0153
393fb74c-b80b-4247-9597-a11fdfec6f37	6	66299130	66327661	32	-0.7121
393fb74c-b80b-4247-9597-a11fdfec6f37	6	66328128	66333299	9	-1.9919
393fb74c-b80b-4247-9597-a11fdfec6f37	6	66333342	66338736	14	-0.8136
393fb74c-b80b-4247-9597-a11fdfec6f37	6	66339513	73882142	5000	0.0109
393fb74c-b80b-4247-9597-a11fdfec6f37	6	73882509	73887573	8	0.7488
393fb74c-b80b-4247-9597-a11fdfec6f37	6	73887625	76305231	1474	-0.0022
393fb74c-b80b-4247-9597-a11fdfec6f37	6	76307183	76307209	3	1.0648
393fb74c-b80b-4247-9597-a11fdfec6f37	6	76307276	76726442	295	-0.001
393fb74c-b80b-4247-9597-a11fdfec6f37	6	76726815	76758871	26	0.3637
393fb74c-b80b-4247-9597-a11fdfec6f37	6	76758906	78252576	967	0.0072
393fb74c-b80b-4247-9597-a11fdfec6f37	6	78252864	78332056	121	0.268
393fb74c-b80b-4247-9597-a11fdfec6f37	6	78332092	80588760	1466	0.0169
393fb74c-b80b-4247-9597-a11fdfec6f37	6	80588760	80589537	3	-1.6348
393fb74c-b80b-4247-9597-a11fdfec6f37	6	80589745	87715367	4359	-0.0026
393fb74c-b80b-4247-9597-a11fdfec6f37	6	87717379	87718919	2	-1.7563
393fb74c-b80b-4247-9597-a11fdfec6f37	6	87719663	93736201	4045	0.0078
393fb74c-b80b-4247-9597-a11fdfec6f37	6	93736753	95404733	829	0.0722
393fb74c-b80b-4247-9597-a11fdfec6f37	6	95404776	170741917	48980	0.0081
393fb74c-b80b-4247-9597-a11fdfec6f37	7	43355	148300	90	0.0002
393fb74c-b80b-4247-9597-a11fdfec6f37	7	155066	158626	10	-0.7067
393fb74c-b80b-4247-9597-a11fdfec6f37	7	161442	9065141	5248	0.0126
393fb74c-b80b-4247-9597-a11fdfec6f37	7	9065396	9065942	3	-1.4796
393fb74c-b80b-4247-9597-a11fdfec6f37	7	9074105	18872334	7782	0.0169
393fb74c-b80b-4247-9597-a11fdfec6f37	7	18873267	19845655	986	0.0794
393fb74c-b80b-4247-9597-a11fdfec6f37	7	19850115	23995508	3016	0.0029
393fb74c-b80b-4247-9597-a11fdfec6f37	7	24000259	24000764	2	1.0454
393fb74c-b80b-4247-9597-a11fdfec6f37	7	24001198	26092670	1690	0.0024
393fb74c-b80b-4247-9597-a11fdfec6f37	7	26102772	26105793	4	-0.8174
393fb74c-b80b-4247-9597-a11fdfec6f37	7	26107599	26841196	525	0.0116
393fb74c-b80b-4247-9597-a11fdfec6f37	7	26841215	26851536	3	-0.8844
393fb74c-b80b-4247-9597-a11fdfec6f37	7	26852821	38234132	8001	0.009
393fb74c-b80b-4247-9597-a11fdfec6f37	7	38238544	38251092	8	0.1337
393fb74c-b80b-4247-9597-a11fdfec6f37	7	38251113	38263833	8	0.8023
393fb74c-b80b-4247-9597-a11fdfec6f37	7	38271122	38347842	114	0.1705
393fb74c-b80b-4247-9597-a11fdfec6f37	7	38351764	38356875	4	-1.2582
393fb74c-b80b-4247-9597-a11fdfec6f37	7	38361356	42817232	3018	0.0096
393fb74c-b80b-4247-9597-a11fdfec6f37	7	42817263	42899005	42	0.2332
393fb74c-b80b-4247-9597-a11fdfec6f37	7	42902527	54305455	7929	0.0115
393fb74c-b80b-4247-9597-a11fdfec6f37	7	54318812	54318824	6	-1.5974
393fb74c-b80b-4247-9597-a11fdfec6f37	7	54325795	56999885	1617	0.0081
393fb74c-b80b-4247-9597-a11fdfec6f37	7	57001033	57016425	2	-1.3333
393fb74c-b80b-4247-9597-a11fdfec6f37	7	57048761	88455825	14202	0.0085
393fb74c-b80b-4247-9597-a11fdfec6f37	7	88456052	90188976	1162	0.0749
393fb74c-b80b-4247-9597-a11fdfec6f37	7	90190135	97766194	4845	0.0113
393fb74c-b80b-4247-9597-a11fdfec6f37	7	97766197	97773163	9	-0.5345
393fb74c-b80b-4247-9597-a11fdfec6f37	7	97774928	97975256	104	0.0263
393fb74c-b80b-4247-9597-a11fdfec6f37	7	97978742	97980107	3	0.8576
393fb74c-b80b-4247-9597-a11fdfec6f37	7	97982029	100727566	1175	-0.0021
393fb74c-b80b-4247-9597-a11fdfec6f37	7	100731621	100731642	2	-1.9502
393fb74c-b80b-4247-9597-a11fdfec6f37	7	100735219	101409205	263	-0.0205
393fb74c-b80b-4247-9597-a11fdfec6f37	7	101416451	101416668	2	-1.5393
393fb74c-b80b-4247-9597-a11fdfec6f37	7	101419630	111453897	6199	0.0108
393fb74c-b80b-4247-9597-a11fdfec6f37	7	111461486	111515049	22	-0.7598
393fb74c-b80b-4247-9597-a11fdfec6f37	7	111519044	134100424	13608	0.0074
393fb74c-b80b-4247-9597-a11fdfec6f37	7	134100442	134110881	24	-1.9508
393fb74c-b80b-4247-9597-a11fdfec6f37	7	134110912	142373090	5454	0.0011
393fb74c-b80b-4247-9597-a11fdfec6f37	7	142373452	142804157	233	0.1333
393fb74c-b80b-4247-9597-a11fdfec6f37	7	142804972	144176859	750	0.0241
393fb74c-b80b-4247-9597-a11fdfec6f37	7	144199159	144264193	9	-0.8751
393fb74c-b80b-4247-9597-a11fdfec6f37	7	144295437	148971807	3049	0.0073
393fb74c-b80b-4247-9597-a11fdfec6f37	7	148975254	148979653	4	-0.7501
393fb74c-b80b-4247-9597-a11fdfec6f37	7	148981684	157975705	5778	0.0163
393fb74c-b80b-4247-9597-a11fdfec6f37	7	157978145	157978919	3	-1.0617
393fb74c-b80b-4247-9597-a11fdfec6f37	7	157985169	159334314	819	0.0386
393fb74c-b80b-4247-9597-a11fdfec6f37	8	81254	1411964	861	0.0275
393fb74c-b80b-4247-9597-a11fdfec6f37	8	1412156	1412568	10	-0.5138
393fb74c-b80b-4247-9597-a11fdfec6f37	8	1412624	2844412	1166	0.0323
393fb74c-b80b-4247-9597-a11fdfec6f37	8	2846011	2846377	7	0.7042
393fb74c-b80b-4247-9597-a11fdfec6f37	8	2849649	7336299	5684	0.0491
393fb74c-b80b-4247-9597-a11fdfec6f37	8	7357089	8104937	58	0.7708
393fb74c-b80b-4247-9597-a11fdfec6f37	8	8110806	12025748	3220	0.0285
393fb74c-b80b-4247-9597-a11fdfec6f37	8	12035719	12376708	19	0.6543
393fb74c-b80b-4247-9597-a11fdfec6f37	8	12376742	12555293	31	0.2583
393fb74c-b80b-4247-9597-a11fdfec6f37	8	12561014	12616034	10	0.6138
393fb74c-b80b-4247-9597-a11fdfec6f37	8	12616049	21254588	7859	0.0125
393fb74c-b80b-4247-9597-a11fdfec6f37	8	21255121	21256547	3	-0.9751
393fb74c-b80b-4247-9597-a11fdfec6f37	8	21260713	24287917	1892	0.0068
393fb74c-b80b-4247-9597-a11fdfec6f37	8	24289650	24293553	3	-0.8403
393fb74c-b80b-4247-9597-a11fdfec6f37	8	24293995	24344087	31	0.1319
393fb74c-b80b-4247-9597-a11fdfec6f37	8	24344237	24344846	2	-0.9361
393fb74c-b80b-4247-9597-a11fdfec6f37	8	24347018	25117007	616	0.0201
393fb74c-b80b-4247-9597-a11fdfec6f37	8	25117062	25126818	24	0.5924
393fb74c-b80b-4247-9597-a11fdfec6f37	8	25133589	39372806	9013	0.0092
393fb74c-b80b-4247-9597-a11fdfec6f37	8	39373140	39529446	60	0.8373
393fb74c-b80b-4247-9597-a11fdfec6f37	8	39530780	39973181	268	0.0262
393fb74c-b80b-4247-9597-a11fdfec6f37	8	39973438	39974128	3	-1.1091
393fb74c-b80b-4247-9597-a11fdfec6f37	8	39977300	40914477	802	-0.015
393fb74c-b80b-4247-9597-a11fdfec6f37	8	40920333	40920952	2	-1.5929
393fb74c-b80b-4247-9597-a11fdfec6f37	8	40926161	84345754	24802	-0.0025
393fb74c-b80b-4247-9597-a11fdfec6f37	8	84350648	84350881	4	-1.0126
393fb74c-b80b-4247-9597-a11fdfec6f37	8	84353483	84356431	15	-0.5862
393fb74c-b80b-4247-9597-a11fdfec6f37	8	84358447	104893733	12251	-0.0057
393fb74c-b80b-4247-9597-a11fdfec6f37	8	104894097	104901743	8	-0.8319
393fb74c-b80b-4247-9597-a11fdfec6f37	8	104906118	105945957	620	-0.0177
393fb74c-b80b-4247-9597-a11fdfec6f37	8	105946859	106421565	315	0.0838
393fb74c-b80b-4247-9597-a11fdfec6f37	8	106421604	114622325	4752	-0.0023
393fb74c-b80b-4247-9597-a11fdfec6f37	8	114622424	114628759	22	0.3682
393fb74c-b80b-4247-9597-a11fdfec6f37	8	114628773	141564139	19621	-0.0029
393fb74c-b80b-4247-9597-a11fdfec6f37	8	141564862	141574629	17	-0.6436
393fb74c-b80b-4247-9597-a11fdfec6f37	8	141574857	143622987	926	-0.0509
393fb74c-b80b-4247-9597-a11fdfec6f37	8	143623027	143624714	5	-1.148
393fb74c-b80b-4247-9597-a11fdfec6f37	8	143624808	143625638	3	-3.2284
393fb74c-b80b-4247-9597-a11fdfec6f37	8	143636819	145072769	502	-0.003
393fb74c-b80b-4247-9597-a11fdfec6f37	9	46587	9865965	9427	0.0241
393fb74c-b80b-4247-9597-a11fdfec6f37	9	9866048	12490247	2209	0.0721
393fb74c-b80b-4247-9597-a11fdfec6f37	9	12490602	28593244	12755	0.0074
393fb74c-b80b-4247-9597-a11fdfec6f37	9	28593617	28870164	221	0.1237
393fb74c-b80b-4247-9597-a11fdfec6f37	9	28870680	39588611	6570	0.0025
393fb74c-b80b-4247-9597-a11fdfec6f37	9	39747848	40229601	11	0.9913
393fb74c-b80b-4247-9597-a11fdfec6f37	9	40712794	42014203	95	0.0632
393fb74c-b80b-4247-9597-a11fdfec6f37	9	42037471	42727685	51	-0.3748
393fb74c-b80b-4247-9597-a11fdfec6f37	9	42729302	88200773	14607	0.0046
393fb74c-b80b-4247-9597-a11fdfec6f37	9	88204848	88207198	5	-0.8629
393fb74c-b80b-4247-9597-a11fdfec6f37	9	88208131	131383392	29915	0.0047
393fb74c-b80b-4247-9597-a11fdfec6f37	9	131385539	131390317	5	-0.8118
393fb74c-b80b-4247-9597-a11fdfec6f37	9	131396628	138177075	3621	0.0002
393fb74c-b80b-4247-9597-a11fdfec6f37	9	138177488	138200944	6	0.7354
393fb74c-b80b-4247-9597-a11fdfec6f37	10	45792	19211208	15880	0.0065
393fb74c-b80b-4247-9597-a11fdfec6f37	10	19211223	19212196	2	-1.5824
393fb74c-b80b-4247-9597-a11fdfec6f37	10	19212237	50070600	17530	0.0081
393fb74c-b80b-4247-9597-a11fdfec6f37	10	50081224	50132160	4	0.9138
393fb74c-b80b-4247-9597-a11fdfec6f37	10	50144008	53359265	2424	0.0191
393fb74c-b80b-4247-9597-a11fdfec6f37	10	53359282	53359761	5	-0.9818
393fb74c-b80b-4247-9597-a11fdfec6f37	10	53359960	55148022	1347	0.0005
393fb74c-b80b-4247-9597-a11fdfec6f37	10	55148139	55251134	53	0.1502
393fb74c-b80b-4247-9597-a11fdfec6f37	10	55251592	55274280	13	-0.3071
393fb74c-b80b-4247-9597-a11fdfec6f37	10	55275780	55587271	221	0.0656
393fb74c-b80b-4247-9597-a11fdfec6f37	10	55593756	55599036	4	-0.7039
393fb74c-b80b-4247-9597-a11fdfec6f37	10	55609357	56276604	498	0.071
393fb74c-b80b-4247-9597-a11fdfec6f37	10	56276980	59598509	2411	0.004
393fb74c-b80b-4247-9597-a11fdfec6f37	10	59604357	59605316	6	-0.754
393fb74c-b80b-4247-9597-a11fdfec6f37	10	59605424	65545353	4021	-0.0013
393fb74c-b80b-4247-9597-a11fdfec6f37	10	65546321	65554688	31	-0.3549
393fb74c-b80b-4247-9597-a11fdfec6f37	10	65563037	66248768	567	0.0178
393fb74c-b80b-4247-9597-a11fdfec6f37	10	66250447	66874154	461	0.0694
393fb74c-b80b-4247-9597-a11fdfec6f37	10	66874176	98126992	20439	0.0005
393fb74c-b80b-4247-9597-a11fdfec6f37	10	98127017	98127275	2	-1.565
393fb74c-b80b-4247-9597-a11fdfec6f37	10	98127492	115706075	11575	0.0038
393fb74c-b80b-4247-9597-a11fdfec6f37	10	115709447	115712105	7	-0.7262
393fb74c-b80b-4247-9597-a11fdfec6f37	10	115715076	122584593	5258	0.005
393fb74c-b80b-4247-9597-a11fdfec6f37	10	122584707	122591497	5	-1.1748
393fb74c-b80b-4247-9597-a11fdfec6f37	10	122597296	126825774	2985	0.0096
393fb74c-b80b-4247-9597-a11fdfec6f37	10	126825784	126826569	2	-1.6029
393fb74c-b80b-4247-9597-a11fdfec6f37	10	126826713	132146250	4258	0.0071
393fb74c-b80b-4247-9597-a11fdfec6f37	10	132147013	132147990	2	-1.1562
393fb74c-b80b-4247-9597-a11fdfec6f37	10	132151983	133654968	655	0.032
393fb74c-b80b-4247-9597-a11fdfec6f37	11	198510	5762693	3232	-0.0015
393fb74c-b80b-4247-9597-a11fdfec6f37	11	5766175	5788231	35	0.4042
393fb74c-b80b-4247-9597-a11fdfec6f37	11	5791130	6082824	232	0.0034
393fb74c-b80b-4247-9597-a11fdfec6f37	11	6082851	6100864	14	0.3709
393fb74c-b80b-4247-9597-a11fdfec6f37	11	6101273	7788131	1251	0.0038
393fb74c-b80b-4247-9597-a11fdfec6f37	11	7791493	7820250	11	-0.5631
393fb74c-b80b-4247-9597-a11fdfec6f37	11	7822226	18919323	7899	0.0025
393fb74c-b80b-4247-9597-a11fdfec6f37	11	18927525	18940441	45	0.5286
393fb74c-b80b-4247-9597-a11fdfec6f37	11	18940469	48576870	20580	0.0027
393fb74c-b80b-4247-9597-a11fdfec6f37	11	48579882	48581124	2	-1.263
393fb74c-b80b-4247-9597-a11fdfec6f37	11	48584766	55608804	1184	0.0359
393fb74c-b80b-4247-9597-a11fdfec6f37	11	55609022	55685533	51	0.5001
393fb74c-b80b-4247-9597-a11fdfec6f37	11	55686100	56981774	871	0.0385
393fb74c-b80b-4247-9597-a11fdfec6f37	11	56981937	81159261	13090	-0.0041
393fb74c-b80b-4247-9597-a11fdfec6f37	11	81161451	81167925	44	0.1738
393fb74c-b80b-4247-9597-a11fdfec6f37	11	81167962	89711271	5830	0.0168
393fb74c-b80b-4247-9597-a11fdfec6f37	11	89711807	89814936	30	0.2273
393fb74c-b80b-4247-9597-a11fdfec6f37	11	89815724	89834373	3	-1.1223
393fb74c-b80b-4247-9597-a11fdfec6f37	11	89847184	135074876	32428	0.0072
393fb74c-b80b-4247-9597-a11fdfec6f37	12	51460	760032	418	-0.0118
393fb74c-b80b-4247-9597-a11fdfec6f37	12	760097	764863	16	-0.689
393fb74c-b80b-4247-9597-a11fdfec6f37	12	766188	9477960	5738	0.0074
393fb74c-b80b-4247-9597-a11fdfec6f37	12	9481274	9575696	24	1.0609
393fb74c-b80b-4247-9597-a11fdfec6f37	12	9582373	11062773	1035	0.0281
393fb74c-b80b-4247-9597-a11fdfec6f37	12	11064250	11088933	12	-0.8565
393fb74c-b80b-4247-9597-a11fdfec6f37	12	11099275	24240820	8884	0.0057
393fb74c-b80b-4247-9597-a11fdfec6f37	12	24242268	24242338	3	-0.8755
393fb74c-b80b-4247-9597-a11fdfec6f37	12	24244010	27441911	2397	0.0104
393fb74c-b80b-4247-9597-a11fdfec6f37	12	27442578	27445614	2	-2.4242
393fb74c-b80b-4247-9597-a11fdfec6f37	12	27449024	33137723	4240	0.0036
393fb74c-b80b-4247-9597-a11fdfec6f37	12	33140973	38818084	1367	0.0523
393fb74c-b80b-4247-9597-a11fdfec6f37	12	38818514	45510655	4256	0.0088
393fb74c-b80b-4247-9597-a11fdfec6f37	12	45512057	45515754	3	-1.0797
393fb74c-b80b-4247-9597-a11fdfec6f37	12	45519509	129516041	54080	0.0027
393fb74c-b80b-4247-9597-a11fdfec6f37	12	129518945	129519049	2	-1.8
393fb74c-b80b-4247-9597-a11fdfec6f37	12	129519225	131636170	1783	0.0061
393fb74c-b80b-4247-9597-a11fdfec6f37	12	131648039	131648790	13	0.5027
393fb74c-b80b-4247-9597-a11fdfec6f37	12	131657925	133201603	559	0.009
393fb74c-b80b-4247-9597-a11fdfec6f37	13	18452809	24056776	3632	0.0184
393fb74c-b80b-4247-9597-a11fdfec6f37	13	24058001	24058911	4	-1.0804
393fb74c-b80b-4247-9597-a11fdfec6f37	13	24061115	31958485	5927	0.0097
393fb74c-b80b-4247-9597-a11fdfec6f37	13	31958590	31964286	17	-0.9
393fb74c-b80b-4247-9597-a11fdfec6f37	13	31965910	32199422	158	0.0147
393fb74c-b80b-4247-9597-a11fdfec6f37	13	32201077	32201635	2	-1.4171
393fb74c-b80b-4247-9597-a11fdfec6f37	13	32202116	37496998	3740	0.0043
393fb74c-b80b-4247-9597-a11fdfec6f37	13	37497899	37510620	16	0.7633
393fb74c-b80b-4247-9597-a11fdfec6f37	13	37514193	63613472	16330	0.0124
393fb74c-b80b-4247-9597-a11fdfec6f37	13	63616479	64360470	441	0.0894
393fb74c-b80b-4247-9597-a11fdfec6f37	13	64363350	71902850	4778	0.0152
393fb74c-b80b-4247-9597-a11fdfec6f37	13	71903417	71906418	4	1.2684
393fb74c-b80b-4247-9597-a11fdfec6f37	13	71906467	110015090	26457	0.0052
393fb74c-b80b-4247-9597-a11fdfec6f37	13	110015399	110022851	8	-0.9486
393fb74c-b80b-4247-9597-a11fdfec6f37	13	110026428	114342922	2629	0.018
393fb74c-b80b-4247-9597-a11fdfec6f37	14	18239283	19110634	33	-0.0717
393fb74c-b80b-4247-9597-a11fdfec6f37	14	19134873	19298389	15	-0.6562
393fb74c-b80b-4247-9597-a11fdfec6f37	14	19326853	19650668	12	0.3252
393fb74c-b80b-4247-9597-a11fdfec6f37	14	19667065	19956767	108	-0.472
393fb74c-b80b-4247-9597-a11fdfec6f37	14	19957350	21655890	1126	0.0058
393fb74c-b80b-4247-9597-a11fdfec6f37	14	21656436	22496095	703	0.1032
393fb74c-b80b-4247-9597-a11fdfec6f37	14	22496189	106416146	53167	0.0053
393fb74c-b80b-4247-9597-a11fdfec6f37	14	106418444	106462144	47	-0.4462
393fb74c-b80b-4247-9597-a11fdfec6f37	14	106462169	106877229	197	0.0999
393fb74c-b80b-4247-9597-a11fdfec6f37	15	19811075	24429986	1202	0.0173
393fb74c-b80b-4247-9597-a11fdfec6f37	15	24435245	24480146	32	-0.6745
393fb74c-b80b-4247-9597-a11fdfec6f37	15	24482084	101928837	50316	0.0057
393fb74c-b80b-4247-9597-a11fdfec6f37	16	10777	14683536	11093	-0.0003
393fb74c-b80b-4247-9597-a11fdfec6f37	16	14683771	15210241	115	0.2044
393fb74c-b80b-4247-9597-a11fdfec6f37	16	15222832	16269368	542	0.0022
393fb74c-b80b-4247-9597-a11fdfec6f37	16	16419234	16574666	23	-0.3506
393fb74c-b80b-4247-9597-a11fdfec6f37	16	16585488	22430699	2999	0.0052
393fb74c-b80b-4247-9597-a11fdfec6f37	16	22546611	22699421	73	-0.3618
393fb74c-b80b-4247-9597-a11fdfec6f37	16	22701658	29268429	4208	-0.0113
393fb74c-b80b-4247-9597-a11fdfec6f37	16	29269203	29269734	3	-1.2251
393fb74c-b80b-4247-9597-a11fdfec6f37	16	29270444	74363160	18964	0.0066
393fb74c-b80b-4247-9597-a11fdfec6f37	16	74364089	74422703	8	0.6116
393fb74c-b80b-4247-9597-a11fdfec6f37	16	74431498	78337711	3206	0.0204
393fb74c-b80b-4247-9597-a11fdfec6f37	16	78338543	78349243	14	-2.0429
393fb74c-b80b-4247-9597-a11fdfec6f37	16	78350841	90096867	10622	0.014
393fb74c-b80b-4247-9597-a11fdfec6f37	17	150733	564851	209	-0.0046
393fb74c-b80b-4247-9597-a11fdfec6f37	17	567989	574963	8	-1.0062
393fb74c-b80b-4247-9597-a11fdfec6f37	17	584832	14085969	8588	0.0047
393fb74c-b80b-4247-9597-a11fdfec6f37	17	14086420	15435966	1109	0.059
393fb74c-b80b-4247-9597-a11fdfec6f37	17	15436478	18414080	1481	-0.0006
393fb74c-b80b-4247-9597-a11fdfec6f37	17	18452078	18550123	25	-1.3446
393fb74c-b80b-4247-9597-a11fdfec6f37	17	18561272	19594577	362	0.0136
393fb74c-b80b-4247-9597-a11fdfec6f37	17	19596423	19635134	30	-0.7301
393fb74c-b80b-4247-9597-a11fdfec6f37	17	19635445	41265456	9005	0.0057
393fb74c-b80b-4247-9597-a11fdfec6f37	17	41266762	41274279	24	0.985
393fb74c-b80b-4247-9597-a11fdfec6f37	17	41276472	45117838	1992	-0.0117
393fb74c-b80b-4247-9597-a11fdfec6f37	17	45118296	45118446	3	-0.9503
393fb74c-b80b-4247-9597-a11fdfec6f37	17	45118614	46085732	503	-0.0236
393fb74c-b80b-4247-9597-a11fdfec6f37	17	46088437	46284997	123	0.3411
393fb74c-b80b-4247-9597-a11fdfec6f37	17	46286804	46446360	5	-0.8161
393fb74c-b80b-4247-9597-a11fdfec6f37	17	46569894	52931407	3608	-0.0035
393fb74c-b80b-4247-9597-a11fdfec6f37	17	52931960	53253578	206	0.1348
393fb74c-b80b-4247-9597-a11fdfec6f37	17	53253994	83091923	17755	0.0001
393fb74c-b80b-4247-9597-a11fdfec6f37	18	48133	6602285	4681	0.0169
393fb74c-b80b-4247-9597-a11fdfec6f37	18	6603955	6604732	3	-1.1597
393fb74c-b80b-4247-9597-a11fdfec6f37	18	6610813	71388510	39457	0.0086
393fb74c-b80b-4247-9597-a11fdfec6f37	18	71392537	73037973	1300	0.0684
393fb74c-b80b-4247-9597-a11fdfec6f37	18	73038146	73038607	2	-1.0499
393fb74c-b80b-4247-9597-a11fdfec6f37	18	73038650	73699619	534	0.0735
393fb74c-b80b-4247-9597-a11fdfec6f37	18	73699797	80257174	4758	0.022
393fb74c-b80b-4247-9597-a11fdfec6f37	19	90910	20411869	8920	-0.0014
393fb74c-b80b-4247-9597-a11fdfec6f37	19	20413400	20538428	70	-0.7299
393fb74c-b80b-4247-9597-a11fdfec6f37	19	20538656	35358420	7714	0.0059
393fb74c-b80b-4247-9597-a11fdfec6f37	19	35364451	35370877	20	-0.5613
393fb74c-b80b-4247-9597-a11fdfec6f37	19	35370946	36355248	442	-0.0241
393fb74c-b80b-4247-9597-a11fdfec6f37	19	36355288	36356511	7	-0.4824
393fb74c-b80b-4247-9597-a11fdfec6f37	19	36356542	42778107	3229	0.0015
393fb74c-b80b-4247-9597-a11fdfec6f37	19	42778238	43038679	120	-0.7993
393fb74c-b80b-4247-9597-a11fdfec6f37	19	43044862	51628383	4231	-0.0088
393fb74c-b80b-4247-9597-a11fdfec6f37	19	51628480	51644944	15	-0.6057
393fb74c-b80b-4247-9597-a11fdfec6f37	19	51651652	53013829	938	0.0113
393fb74c-b80b-4247-9597-a11fdfec6f37	19	53015494	53048976	22	0.7612
393fb74c-b80b-4247-9597-a11fdfec6f37	19	53050987	53788885	562	0.0264
393fb74c-b80b-4247-9597-a11fdfec6f37	19	53792802	53793448	4	-0.8203
393fb74c-b80b-4247-9597-a11fdfec6f37	19	53795721	54215136	206	0.0082
393fb74c-b80b-4247-9597-a11fdfec6f37	19	54226329	54249619	18	0.4023
393fb74c-b80b-4247-9597-a11fdfec6f37	19	54249657	54740939	267	0.0186
393fb74c-b80b-4247-9597-a11fdfec6f37	19	54772391	54815158	19	0.6639
393fb74c-b80b-4247-9597-a11fdfec6f37	19	54819199	55761691	454	0.0187
393fb74c-b80b-4247-9597-a11fdfec6f37	19	55766684	55771701	6	0.6185
393fb74c-b80b-4247-9597-a11fdfec6f37	19	55774927	58586487	1839	0.0061
393fb74c-b80b-4247-9597-a11fdfec6f37	20	80664	1571811	1182	0.0003
393fb74c-b80b-4247-9597-a11fdfec6f37	20	1576544	1580353	21	-0.6016
393fb74c-b80b-4247-9597-a11fdfec6f37	20	1580934	1613247	41	1.1146
393fb74c-b80b-4247-9597-a11fdfec6f37	20	1617300	2013704	341	0.0169
393fb74c-b80b-4247-9597-a11fdfec6f37	20	2016124	2017002	3	-1.0888
393fb74c-b80b-4247-9597-a11fdfec6f37	20	2019209	64324800	40796	-0.0002
393fb74c-b80b-4247-9597-a11fdfec6f37	21	10354168	10607198	73	0.2594
393fb74c-b80b-4247-9597-a11fdfec6f37	21	10611984	15835762	1562	0.0091
393fb74c-b80b-4247-9597-a11fdfec6f37	21	15839803	15840069	2	-1.582
393fb74c-b80b-4247-9597-a11fdfec6f37	21	15840520	22170124	4598	0.0117
393fb74c-b80b-4247-9597-a11fdfec6f37	21	22170848	23821962	1270	0.0582
393fb74c-b80b-4247-9597-a11fdfec6f37	21	23822373	31864142	5927	0.0046
393fb74c-b80b-4247-9597-a11fdfec6f37	21	31865670	31867735	3	-1.9664
393fb74c-b80b-4247-9597-a11fdfec6f37	21	31879236	46677045	10426	0.0078
393fb74c-b80b-4247-9597-a11fdfec6f37	22	15294547	17014661	300	0.08
393fb74c-b80b-4247-9597-a11fdfec6f37	22	17018144	17018618	2	1.5615
393fb74c-b80b-4247-9597-a11fdfec6f37	22	17019000	33777419	11338	0.0004
393fb74c-b80b-4247-9597-a11fdfec6f37	22	33778960	33778998	4	-1.6532
393fb74c-b80b-4247-9597-a11fdfec6f37	22	33785435	44737460	7157	-0.0111
393fb74c-b80b-4247-9597-a11fdfec6f37	22	44739926	44740755	3	-3.3639
393fb74c-b80b-4247-9597-a11fdfec6f37	22	44741026	50796027	4466	0.0084
393fb74c-b80b-4247-9597-a11fdfec6f37	X	251810	24499861	14863	0.0119
393fb74c-b80b-4247-9597-a11fdfec6f37	X	24500166	24500468	2	-4.7909
393fb74c-b80b-4247-9597-a11fdfec6f37	X	24500568	110961967	42475	0.0128
393fb74c-b80b-4247-9597-a11fdfec6f37	X	110962987	110962999	2	-3.4951
393fb74c-b80b-4247-9597-a11fdfec6f37	X	110963500	140200262	16588	0.0044
393fb74c-b80b-4247-9597-a11fdfec6f37	X	140200284	140202494	4	-2.358
393fb74c-b80b-4247-9597-a11fdfec6f37	X	140203496	155952689	9575	0.0086
393fb74c-b80b-4247-9597-a11fdfec6f37	Y	2782397	56872112	6639	-0.9936
