GDC_Aliquot	Chromosome	Start	End	Num_Probes	Segment_Mean
1acdf03b-833c-4141-aa88-1fb17e27cad5	1	62920	855169	43	0.3201
1acdf03b-833c-4141-aa88-1fb17e27cad5	1	855630	3127617	614	-0.1512
1acdf03b-833c-4141-aa88-1fb17e27cad5	1	3128413	12779433	5785	-0.0101
1acdf03b-833c-4141-aa88-1fb17e27cad5	1	12792599	13391312	48	0.3784
1acdf03b-833c-4141-aa88-1fb17e27cad5	1	13391364	34626073	12386	-0.0077
1acdf03b-833c-4141-aa88-1fb17e27cad5	1	34637053	34638890	20	-2.3969
1acdf03b-833c-4141-aa88-1fb17e27cad5	1	34648667	55257768	11423	-0.0053
1acdf03b-833c-4141-aa88-1fb17e27cad5	1	55258350	55258626	6	-1.9833
1acdf03b-833c-4141-aa88-1fb17e27cad5	1	55263695	58263789	2514	-0.0245
1acdf03b-833c-4141-aa88-1fb17e27cad5	1	58264965	58265106	2	-2.3377
1acdf03b-833c-4141-aa88-1fb17e27cad5	1	58266794	61976346	2665	0.0012
1acdf03b-833c-4141-aa88-1fb17e27cad5	1	61976706	61976819	7	-1.2652
1acdf03b-833c-4141-aa88-1fb17e27cad5	1	61980253	75585159	8955	0.0031
1acdf03b-833c-4141-aa88-1fb17e27cad5	1	75589078	75589169	2	-2.4443
1acdf03b-833c-4141-aa88-1fb17e27cad5	1	75593824	94661145	12379	-0.0052
1acdf03b-833c-4141-aa88-1fb17e27cad5	1	94665122	94687064	54	-1.0739
1acdf03b-833c-4141-aa88-1fb17e27cad5	1	94687243	109684893	9084	0.006
1acdf03b-833c-4141-aa88-1fb17e27cad5	1	109690352	109697556	12	1.2924
1acdf03b-833c-4141-aa88-1fb17e27cad5	1	109702376	110698379	707	-0.0138
1acdf03b-833c-4141-aa88-1fb17e27cad5	1	110700753	110707346	3	-1.1963
1acdf03b-833c-4141-aa88-1fb17e27cad5	1	110707396	110834746	121	0.0928
1acdf03b-833c-4141-aa88-1fb17e27cad5	1	110834943	110845604	38	-0.849
1acdf03b-833c-4141-aa88-1fb17e27cad5	1	110849445	113902991	2108	0.0019
1acdf03b-833c-4141-aa88-1fb17e27cad5	1	113904412	113905292	2	-3.0907
1acdf03b-833c-4141-aa88-1fb17e27cad5	1	113910908	152583051	6525	-0.0079
1acdf03b-833c-4141-aa88-1fb17e27cad5	1	152583230	152618187	38	0.8105
1acdf03b-833c-4141-aa88-1fb17e27cad5	1	152618274	152785214	162	0.0045
1acdf03b-833c-4141-aa88-1fb17e27cad5	1	152787202	152796224	38	0.5868
1acdf03b-833c-4141-aa88-1fb17e27cad5	1	152801429	199142235	30665	-0.0025
1acdf03b-833c-4141-aa88-1fb17e27cad5	1	199142298	199145619	10	-1.2781
1acdf03b-833c-4141-aa88-1fb17e27cad5	1	199145694	247785470	33572	-0.0022
1acdf03b-833c-4141-aa88-1fb17e27cad5	1	247786501	247953033	129	0.538
1acdf03b-833c-4141-aa88-1fb17e27cad5	1	247953913	248930189	484	-0.0837
1acdf03b-833c-4141-aa88-1fb17e27cad5	2	12784	11935379	9001	-0.0009
1acdf03b-833c-4141-aa88-1fb17e27cad5	2	11935993	11937152	2	-3.3666
1acdf03b-833c-4141-aa88-1fb17e27cad5	2	11937667	38455856	17970	0.0032
1acdf03b-833c-4141-aa88-1fb17e27cad5	2	38455981	38457548	2	-2.6348
1acdf03b-833c-4141-aa88-1fb17e27cad5	2	38458671	97359885	33651	0.0018
1acdf03b-833c-4141-aa88-1fb17e27cad5	2	97524284	97545726	9	1.2126
1acdf03b-833c-4141-aa88-1fb17e27cad5	2	97550415	100042208	1353	0.0026
1acdf03b-833c-4141-aa88-1fb17e27cad5	2	100042322	100046403	3	-2.1339
1acdf03b-833c-4141-aa88-1fb17e27cad5	2	100046819	107820730	5176	0.0053
1acdf03b-833c-4141-aa88-1fb17e27cad5	2	107823682	107864451	5	-1.1981
1acdf03b-833c-4141-aa88-1fb17e27cad5	2	107875632	107991758	98	0.0136
1acdf03b-833c-4141-aa88-1fb17e27cad5	2	107994253	107995735	2	-3.834
1acdf03b-833c-4141-aa88-1fb17e27cad5	2	108002058	242147305	81307	-0.0001
1acdf03b-833c-4141-aa88-1fb17e27cad5	3	20930	46751887	32970	-0.0073
1acdf03b-833c-4141-aa88-1fb17e27cad5	3	46760327	46808099	40	-0.8453
1acdf03b-833c-4141-aa88-1fb17e27cad5	3	46817989	130068178	48947	-0.0071
1acdf03b-833c-4141-aa88-1fb17e27cad5	3	130068356	130087393	26	-1.5752
1acdf03b-833c-4141-aa88-1fb17e27cad5	3	130088081	153167513	14402	-0.0026
1acdf03b-833c-4141-aa88-1fb17e27cad5	3	153167810	153170391	2	-2.6565
1acdf03b-833c-4141-aa88-1fb17e27cad5	3	153175695	162790480	5763	-0.0054
1acdf03b-833c-4141-aa88-1fb17e27cad5	3	162794869	162807070	12	-2.3356
1acdf03b-833c-4141-aa88-1fb17e27cad5	3	162810842	162908207	58	-1.3233
1acdf03b-833c-4141-aa88-1fb17e27cad5	3	162908784	193160113	19034	-0.0066
1acdf03b-833c-4141-aa88-1fb17e27cad5	3	193160173	193164983	16	1.4421
1acdf03b-833c-4141-aa88-1fb17e27cad5	3	193165080	195663809	1479	-0.0249
1acdf03b-833c-4141-aa88-1fb17e27cad5	3	195673928	195720051	23	0.8182
1acdf03b-833c-4141-aa88-1fb17e27cad5	3	195728637	198169247	1179	-0.0363
1acdf03b-833c-4141-aa88-1fb17e27cad5	4	68929	9455251	5116	-0.0202
1acdf03b-833c-4141-aa88-1fb17e27cad5	4	9459504	9477699	6	2.7566
1acdf03b-833c-4141-aa88-1fb17e27cad5	4	9484440	10208766	533	-0.0571
1acdf03b-833c-4141-aa88-1fb17e27cad5	4	10221792	10229874	25	2.6899
1acdf03b-833c-4141-aa88-1fb17e27cad5	4	10232590	21370380	8169	-0.0045
1acdf03b-833c-4141-aa88-1fb17e27cad5	4	21370416	21375228	14	-1.0233
1acdf03b-833c-4141-aa88-1fb17e27cad5	4	21382117	34777382	8698	-0.0093
1acdf03b-833c-4141-aa88-1fb17e27cad5	4	34777403	34828306	44	0.5343
1acdf03b-833c-4141-aa88-1fb17e27cad5	4	34828327	40760400	3885	-0.0019
1acdf03b-833c-4141-aa88-1fb17e27cad5	4	40761779	40762402	2	-2.145
1acdf03b-833c-4141-aa88-1fb17e27cad5	4	40762742	42760100	1295	-0.0043
1acdf03b-833c-4141-aa88-1fb17e27cad5	4	42762932	42765846	2	-2.7257
1acdf03b-833c-4141-aa88-1fb17e27cad5	4	42769229	68340977	14108	-0.0009
1acdf03b-833c-4141-aa88-1fb17e27cad5	4	68341170	68395346	17	-0.8977
1acdf03b-833c-4141-aa88-1fb17e27cad5	4	68416487	68509237	19	0.0702
1acdf03b-833c-4141-aa88-1fb17e27cad5	4	68509442	68674307	70	0.596
1acdf03b-833c-4141-aa88-1fb17e27cad5	4	68686026	69261934	308	-0.0349
1acdf03b-833c-4141-aa88-1fb17e27cad5	4	69262694	69381203	61	-0.7117
1acdf03b-833c-4141-aa88-1fb17e27cad5	4	69383212	76872059	4576	0.0081
1acdf03b-833c-4141-aa88-1fb17e27cad5	4	76872087	76872625	6	-1.5231
1acdf03b-833c-4141-aa88-1fb17e27cad5	4	76872676	86054070	5776	-0.0072
1acdf03b-833c-4141-aa88-1fb17e27cad5	4	86054941	86058611	19	-0.9167
1acdf03b-833c-4141-aa88-1fb17e27cad5	4	86058791	121360818	21106	-0.0054
1acdf03b-833c-4141-aa88-1fb17e27cad5	4	121361313	121363980	27	-0.8332
1acdf03b-833c-4141-aa88-1fb17e27cad5	4	121369976	171448195	30098	-0.0051
1acdf03b-833c-4141-aa88-1fb17e27cad5	4	171453733	171456573	11	1.4819
1acdf03b-833c-4141-aa88-1fb17e27cad5	4	171456625	172501371	636	0.0098
1acdf03b-833c-4141-aa88-1fb17e27cad5	4	172503796	172507492	7	2.3751
1acdf03b-833c-4141-aa88-1fb17e27cad5	4	172519981	190106768	11775	-0.0127
1acdf03b-833c-4141-aa88-1fb17e27cad5	5	15532	13032375	10222	-0.0166
1acdf03b-833c-4141-aa88-1fb17e27cad5	5	13042994	13043119	2	-2.3991
1acdf03b-833c-4141-aa88-1fb17e27cad5	5	13079786	21376735	5358	-0.0014
1acdf03b-833c-4141-aa88-1fb17e27cad5	5	21377730	21377744	2	-2.3336
1acdf03b-833c-4141-aa88-1fb17e27cad5	5	21385957	24777903	1933	0.0025
1acdf03b-833c-4141-aa88-1fb17e27cad5	5	24777997	24781719	16	-1.0117
1acdf03b-833c-4141-aa88-1fb17e27cad5	5	24786817	70017861	25311	-0.003
1acdf03b-833c-4141-aa88-1fb17e27cad5	5	70959068	70959079	8	-1.2522
1acdf03b-833c-4141-aa88-1fb17e27cad5	5	71010832	98106890	15714	-0.0013
1acdf03b-833c-4141-aa88-1fb17e27cad5	5	98110505	98228376	76	0.5915
1acdf03b-833c-4141-aa88-1fb17e27cad5	5	98250594	116251149	11537	-0.0011
1acdf03b-833c-4141-aa88-1fb17e27cad5	5	116260580	116285906	40	-1.0999
1acdf03b-833c-4141-aa88-1fb17e27cad5	5	116289489	181363319	41961	-0.0054
1acdf03b-833c-4141-aa88-1fb17e27cad5	6	149661	31318499	22188	-0.0071
1acdf03b-833c-4141-aa88-1fb17e27cad5	6	31318528	31328674	9	-1.4369
1acdf03b-833c-4141-aa88-1fb17e27cad5	6	31342147	32502190	501	-0.0234
1acdf03b-833c-4141-aa88-1fb17e27cad5	6	32507164	32602269	23	-1.051
1acdf03b-833c-4141-aa88-1fb17e27cad5	6	32602588	78232201	26720	-0.0105
1acdf03b-833c-4141-aa88-1fb17e27cad5	6	78232849	78325468	134	0.3531
1acdf03b-833c-4141-aa88-1fb17e27cad5	6	78329517	168314254	57714	-0.0035
1acdf03b-833c-4141-aa88-1fb17e27cad5	6	168314270	168320807	2	-3.2364
1acdf03b-833c-4141-aa88-1fb17e27cad5	6	168322663	170741917	1579	-0.0352
1acdf03b-833c-4141-aa88-1fb17e27cad5	7	43355	13053591	8400	-0.0219
1acdf03b-833c-4141-aa88-1fb17e27cad5	7	13054326	13083030	23	-1.2042
1acdf03b-833c-4141-aa88-1fb17e27cad5	7	13083783	22395024	7502	-0.0071
1acdf03b-833c-4141-aa88-1fb17e27cad5	7	22395161	22396868	3	-2.0762
1acdf03b-833c-4141-aa88-1fb17e27cad5	7	22399135	38289122	11280	0.001
1acdf03b-833c-4141-aa88-1fb17e27cad5	7	38289139	38319127	72	-0.3589
1acdf03b-833c-4141-aa88-1fb17e27cad5	7	38319355	54318812	10945	-0.0047
1acdf03b-833c-4141-aa88-1fb17e27cad5	7	54318816	54318824	5	3.5968
1acdf03b-833c-4141-aa88-1fb17e27cad5	7	54325795	56693807	1552	0.0047
1acdf03b-833c-4141-aa88-1fb17e27cad5	7	56694420	56701121	3	-2.7844
1acdf03b-833c-4141-aa88-1fb17e27cad5	7	56704473	159334314	57456	-0.0087
1acdf03b-833c-4141-aa88-1fb17e27cad5	8	81254	5218071	5267	-0.0332
1acdf03b-833c-4141-aa88-1fb17e27cad5	8	5218126	5218330	7	2.1162
1acdf03b-833c-4141-aa88-1fb17e27cad5	8	5218430	7155402	2401	-0.0197
1acdf03b-833c-4141-aa88-1fb17e27cad5	8	7167045	7397588	32	-1.2926
1acdf03b-833c-4141-aa88-1fb17e27cad5	8	7414835	13757254	4356	-0.0241
1acdf03b-833c-4141-aa88-1fb17e27cad5	8	13757350	13794213	43	-1.0188
1acdf03b-833c-4141-aa88-1fb17e27cad5	8	13795675	23544795	8093	-0.0072
1acdf03b-833c-4141-aa88-1fb17e27cad5	8	23550227	23550358	5	-3.4352
1acdf03b-833c-4141-aa88-1fb17e27cad5	8	23550392	39389592	10111	-0.0105
1acdf03b-833c-4141-aa88-1fb17e27cad5	8	39391223	39529446	55	0.5984
1acdf03b-833c-4141-aa88-1fb17e27cad5	8	39530780	107619940	39716	-0.0068
1acdf03b-833c-4141-aa88-1fb17e27cad5	8	107622857	107623000	2	-2.4718
1acdf03b-833c-4141-aa88-1fb17e27cad5	8	107628784	111282237	2071	0.0009
1acdf03b-833c-4141-aa88-1fb17e27cad5	8	111282441	111283031	6	1.5764
1acdf03b-833c-4141-aa88-1fb17e27cad5	8	111288052	122048122	6824	-0.0019
1acdf03b-833c-4141-aa88-1fb17e27cad5	8	122048526	122058228	22	-1.1316
1acdf03b-833c-4141-aa88-1fb17e27cad5	8	122058503	145072769	15929	-0.0134
1acdf03b-833c-4141-aa88-1fb17e27cad5	9	46587	40796987	30939	-0.0074
1acdf03b-833c-4141-aa88-1fb17e27cad5	9	40832327	64467459	300	-0.3087
1acdf03b-833c-4141-aa88-1fb17e27cad5	9	64480563	64520620	13	-1.4856
1acdf03b-833c-4141-aa88-1fb17e27cad5	9	64543764	113053118	31772	-0.0044
1acdf03b-833c-4141-aa88-1fb17e27cad5	9	113053433	113119320	30	-0.9086
1acdf03b-833c-4141-aa88-1fb17e27cad5	9	113119604	120031840	5558	-0.0051
1acdf03b-833c-4141-aa88-1fb17e27cad5	9	120033303	120033756	2	-2.1861
1acdf03b-833c-4141-aa88-1fb17e27cad5	9	120035181	126207186	3795	-0.0004
1acdf03b-833c-4141-aa88-1fb17e27cad5	9	126213032	126220371	17	-0.7155
1acdf03b-833c-4141-aa88-1fb17e27cad5	9	126221236	127222829	664	-0.0224
1acdf03b-833c-4141-aa88-1fb17e27cad5	9	127227714	127246375	13	-0.9731
1acdf03b-833c-4141-aa88-1fb17e27cad5	9	127246435	135319522	4692	-0.0082
1acdf03b-833c-4141-aa88-1fb17e27cad5	9	135322259	135324566	3	-2.1897
1acdf03b-833c-4141-aa88-1fb17e27cad5	9	135325951	135334785	20	-0.2464
1acdf03b-833c-4141-aa88-1fb17e27cad5	9	135334922	135335019	2	2.3275
1acdf03b-833c-4141-aa88-1fb17e27cad5	9	135335157	138200944	1081	-0.0124
1acdf03b-833c-4141-aa88-1fb17e27cad5	10	45792	87269486	58490	-0.0045
1acdf03b-833c-4141-aa88-1fb17e27cad5	10	87278584	87286741	2	4.0933
1acdf03b-833c-4141-aa88-1fb17e27cad5	10	87310039	92338680	3419	0.0058
1acdf03b-833c-4141-aa88-1fb17e27cad5	10	92338821	92349023	4	-1.5482
1acdf03b-833c-4141-aa88-1fb17e27cad5	10	92350034	100310512	4932	-0.0001
1acdf03b-833c-4141-aa88-1fb17e27cad5	10	100313608	100315722	2	-2.6335
1acdf03b-833c-4141-aa88-1fb17e27cad5	10	100315993	112590171	8003	-0.0125
1acdf03b-833c-4141-aa88-1fb17e27cad5	10	112591683	112618327	15	-0.9735
1acdf03b-833c-4141-aa88-1fb17e27cad5	10	112621354	126898829	10383	-0.008
1acdf03b-833c-4141-aa88-1fb17e27cad5	10	126902568	126903452	2	-3.1176
1acdf03b-833c-4141-aa88-1fb17e27cad5	10	126909017	133654968	4795	-0.0111
1acdf03b-833c-4141-aa88-1fb17e27cad5	11	198510	4208752	1716	0.0049
1acdf03b-833c-4141-aa88-1fb17e27cad5	11	4209873	4365435	42	0.5049
1acdf03b-833c-4141-aa88-1fb17e27cad5	11	4365474	4946420	646	-0.0013
1acdf03b-833c-4141-aa88-1fb17e27cad5	11	4947280	4955027	29	-1.77
1acdf03b-833c-4141-aa88-1fb17e27cad5	11	4955042	24260982	14425	0.0002
1acdf03b-833c-4141-aa88-1fb17e27cad5	11	24264675	24265953	4	-2.357
1acdf03b-833c-4141-aa88-1fb17e27cad5	11	24267993	38436546	9901	-0.0065
1acdf03b-833c-4141-aa88-1fb17e27cad5	11	38436795	38441637	13	-1.4809
1acdf03b-833c-4141-aa88-1fb17e27cad5	11	38445786	135074876	59433	-0.0043
1acdf03b-833c-4141-aa88-1fb17e27cad5	12	51460	485359	242	-0.1044
1acdf03b-833c-4141-aa88-1fb17e27cad5	12	487446	487572	2	-2.2693
1acdf03b-833c-4141-aa88-1fb17e27cad5	12	488556	9498697	5897	-0.0163
1acdf03b-833c-4141-aa88-1fb17e27cad5	12	9498795	9514854	5	1.3749
1acdf03b-833c-4141-aa88-1fb17e27cad5	12	9520870	11068125	1044	0.019
1acdf03b-833c-4141-aa88-1fb17e27cad5	12	11070111	11104230	11	0.8358
1acdf03b-833c-4141-aa88-1fb17e27cad5	12	11107676	11359558	130	-0.0318
1acdf03b-833c-4141-aa88-1fb17e27cad5	12	11359597	11390472	28	-3.4083
1acdf03b-833c-4141-aa88-1fb17e27cad5	12	11399258	27488456	11095	0.0021
1acdf03b-833c-4141-aa88-1fb17e27cad5	12	27490257	27498350	35	-0.8029
1acdf03b-833c-4141-aa88-1fb17e27cad5	12	27498429	118606775	56067	-0.0002
1acdf03b-833c-4141-aa88-1fb17e27cad5	12	118609677	118610779	6	-5.5412
1acdf03b-833c-4141-aa88-1fb17e27cad5	12	118611799	133201603	9698	-0.0106
1acdf03b-833c-4141-aa88-1fb17e27cad5	13	18452809	114342922	63701	-0.0002
1acdf03b-833c-4141-aa88-1fb17e27cad5	14	18239283	19951100	161	-0.2241
1acdf03b-833c-4141-aa88-1fb17e27cad5	14	19951992	22094005	1474	0.0135
1acdf03b-833c-4141-aa88-1fb17e27cad5	14	22094521	22390699	266	-0.1334
1acdf03b-833c-4141-aa88-1fb17e27cad5	14	22391466	22394570	3	-1.997
1acdf03b-833c-4141-aa88-1fb17e27cad5	14	22394619	22608635	199	-0.0777
1acdf03b-833c-4141-aa88-1fb17e27cad5	14	22610324	22630780	19	-0.8871
1acdf03b-833c-4141-aa88-1fb17e27cad5	14	22630837	28594399	3665	-0.0113
1acdf03b-833c-4141-aa88-1fb17e27cad5	14	28594626	28594671	2	-3.2769
1acdf03b-833c-4141-aa88-1fb17e27cad5	14	28598299	106877229	49237	-0.0002
1acdf03b-833c-4141-aa88-1fb17e27cad5	15	19811075	20670989	151	-0.1529
1acdf03b-833c-4141-aa88-1fb17e27cad5	15	20981071	21078947	14	-1.6489
1acdf03b-833c-4141-aa88-1fb17e27cad5	15	21085447	21999319	13	-0.7405
1acdf03b-833c-4141-aa88-1fb17e27cad5	15	22003073	23121974	339	-0.0553
1acdf03b-833c-4141-aa88-1fb17e27cad5	15	23191818	23199669	3	-2.8041
1acdf03b-833c-4141-aa88-1fb17e27cad5	15	23396367	32151854	5358	-0.0112
1acdf03b-833c-4141-aa88-1fb17e27cad5	15	32179735	32219403	8	-1.1565
1acdf03b-833c-4141-aa88-1fb17e27cad5	15	32219773	32283641	7	-0.1303
1acdf03b-833c-4141-aa88-1fb17e27cad5	15	32285940	32355957	5	-1.2757
1acdf03b-833c-4141-aa88-1fb17e27cad5	15	32356531	76586021	27787	-0.0018
1acdf03b-833c-4141-aa88-1fb17e27cad5	15	76598900	76603434	22	0.8342
1acdf03b-833c-4141-aa88-1fb17e27cad5	15	76609838	101928837	17503	-0.0079
1acdf03b-833c-4141-aa88-1fb17e27cad5	16	10777	57149339	27627	-0.014
1acdf03b-833c-4141-aa88-1fb17e27cad5	16	57149813	57151849	2	-3.1166
1acdf03b-833c-4141-aa88-1fb17e27cad5	16	57152946	90096867	23898	-0.0058
1acdf03b-833c-4141-aa88-1fb17e27cad5	17	150733	263302	65	-0.0042
1acdf03b-833c-4141-aa88-1fb17e27cad5	17	263599	264003	2	-2.4967
1acdf03b-833c-4141-aa88-1fb17e27cad5	17	264658	5453593	2704	-0.0183
1acdf03b-833c-4141-aa88-1fb17e27cad5	17	5454180	5455870	2	-2.5624
1acdf03b-833c-4141-aa88-1fb17e27cad5	17	5458293	5668165	137	-0.0104
1acdf03b-833c-4141-aa88-1fb17e27cad5	17	5668561	5669132	2	-1.4391
1acdf03b-833c-4141-aa88-1fb17e27cad5	17	5670446	6197878	428	-0.0022
1acdf03b-833c-4141-aa88-1fb17e27cad5	17	6203166	6229454	29	-1.0388
1acdf03b-833c-4141-aa88-1fb17e27cad5	17	6229492	6393400	155	0.0034
1acdf03b-833c-4141-aa88-1fb17e27cad5	17	6394014	6409499	21	-0.7488
1acdf03b-833c-4141-aa88-1fb17e27cad5	17	6411870	41265456	17129	-0.0027
1acdf03b-833c-4141-aa88-1fb17e27cad5	17	41266762	41273697	19	2.965
1acdf03b-833c-4141-aa88-1fb17e27cad5	17	41273905	46124072	2513	-0.0102
1acdf03b-833c-4141-aa88-1fb17e27cad5	17	46124088	46707616	106	-0.404
1acdf03b-833c-4141-aa88-1fb17e27cad5	17	46708316	69889125	13607	-0.0011
1acdf03b-833c-4141-aa88-1fb17e27cad5	17	69889342	69895877	4	-2.0056
1acdf03b-833c-4141-aa88-1fb17e27cad5	17	69898505	83091923	7823	-0.0087
1acdf03b-833c-4141-aa88-1fb17e27cad5	18	48133	40678763	22629	-0.0073
1acdf03b-833c-4141-aa88-1fb17e27cad5	18	40680456	40685425	19	-2.2012
1acdf03b-833c-4141-aa88-1fb17e27cad5	18	40688060	53681706	8855	-0.0049
1acdf03b-833c-4141-aa88-1fb17e27cad5	18	53683207	53684270	2	-2.9525
1acdf03b-833c-4141-aa88-1fb17e27cad5	18	53685778	72694400	13308	-0.0016
1acdf03b-833c-4141-aa88-1fb17e27cad5	18	72697407	72697944	2	-3.2497
1acdf03b-833c-4141-aa88-1fb17e27cad5	18	72698599	80257174	5585	-0.0021
1acdf03b-833c-4141-aa88-1fb17e27cad5	19	90910	40560555	19244	-0.0047
1acdf03b-833c-4141-aa88-1fb17e27cad5	19	40563025	40581911	8	-1.4123
1acdf03b-833c-4141-aa88-1fb17e27cad5	19	40584354	40940664	194	0.0054
1acdf03b-833c-4141-aa88-1fb17e27cad5	19	40945759	41007440	51	-0.928
1acdf03b-833c-4141-aa88-1fb17e27cad5	19	41010496	43037267	906	-0.0118
1acdf03b-833c-4141-aa88-1fb17e27cad5	19	43038679	43252085	89	-0.9727
1acdf03b-833c-4141-aa88-1fb17e27cad5	19	43262507	53719570	5585	0.0028
1acdf03b-833c-4141-aa88-1fb17e27cad5	19	53719929	53731117	11	-1.1237
1acdf03b-833c-4141-aa88-1fb17e27cad5	19	53731416	58586487	2844	-0.0084
1acdf03b-833c-4141-aa88-1fb17e27cad5	20	80664	1580353	1195	-0.0087
1acdf03b-833c-4141-aa88-1fb17e27cad5	20	1580934	1601446	34	1.5753
1acdf03b-833c-4141-aa88-1fb17e27cad5	20	1601561	24204106	17497	-0.0047
1acdf03b-833c-4141-aa88-1fb17e27cad5	20	24205928	24206701	2	-2.5439
1acdf03b-833c-4141-aa88-1fb17e27cad5	20	24207065	64324800	23388	0.0011
1acdf03b-833c-4141-aa88-1fb17e27cad5	21	10354168	13028693	97	0.126
1acdf03b-833c-4141-aa88-1fb17e27cad5	21	13080541	13189617	17	-1.7217
1acdf03b-833c-4141-aa88-1fb17e27cad5	21	13197963	46677045	23561	-0.0049
1acdf03b-833c-4141-aa88-1fb17e27cad5	22	15294547	22027946	2972	-0.0699
1acdf03b-833c-4141-aa88-1fb17e27cad5	22	22032036	22032431	2	-2.6066
1acdf03b-833c-4141-aa88-1fb17e27cad5	22	22033688	25340378	2262	-0.0533
1acdf03b-833c-4141-aa88-1fb17e27cad5	22	25340705	25349949	7	-1.289
1acdf03b-833c-4141-aa88-1fb17e27cad5	22	25350000	25779535	422	-0.104
1acdf03b-833c-4141-aa88-1fb17e27cad5	22	25779597	36048140	7764	-0.0019
1acdf03b-833c-4141-aa88-1fb17e27cad5	22	36048271	36049468	2	-2.9422
1acdf03b-833c-4141-aa88-1fb17e27cad5	22	36049485	49433883	9018	-0.0064
1acdf03b-833c-4141-aa88-1fb17e27cad5	22	49434011	50796027	669	-0.0829
1acdf03b-833c-4141-aa88-1fb17e27cad5	X	251810	2748312	94	-0.8803
1acdf03b-833c-4141-aa88-1fb17e27cad5	X	2785350	32625471	19675	0.028
1acdf03b-833c-4141-aa88-1fb17e27cad5	X	32626599	32627233	2	-2.7934
1acdf03b-833c-4141-aa88-1fb17e27cad5	X	32633248	37850047	3028	0.0189
1acdf03b-833c-4141-aa88-1fb17e27cad5	X	37850086	37851496	3	-1.816
1acdf03b-833c-4141-aa88-1fb17e27cad5	X	37852498	42659741	2759	0.0189
1acdf03b-833c-4141-aa88-1fb17e27cad5	X	42660471	42664727	7	-1.109
1acdf03b-833c-4141-aa88-1fb17e27cad5	X	42665124	48111343	2881	0.0218
1acdf03b-833c-4141-aa88-1fb17e27cad5	X	48111680	48120275	5	-1.5672
1acdf03b-833c-4141-aa88-1fb17e27cad5	X	48121492	56446483	3372	-0.0019
1acdf03b-833c-4141-aa88-1fb17e27cad5	X	56447376	56449511	6	-1.5751
1acdf03b-833c-4141-aa88-1fb17e27cad5	X	56453194	82143663	9498	0.0089
1acdf03b-833c-4141-aa88-1fb17e27cad5	X	82144085	82156695	29	-1.3008
1acdf03b-833c-4141-aa88-1fb17e27cad5	X	82156814	155743750	40664	0.0143
1acdf03b-833c-4141-aa88-1fb17e27cad5	X	155750015	155952689	14	-0.8216
1acdf03b-833c-4141-aa88-1fb17e27cad5	Y	2782397	6249869	781	-2.67
1acdf03b-833c-4141-aa88-1fb17e27cad5	Y	6252391	22804854	5626	-3.0122
1acdf03b-833c-4141-aa88-1fb17e27cad5	Y	22913244	56872112	196	-2.6783
