GDC_Aliquot	Chromosome	Start	End	Num_Probes	Segment_Mean
bb8c0d2f-f99d-4df9-a8bd-c32bb23ae2a8	1	62920	1575421	210	0.1004
bb8c0d2f-f99d-4df9-a8bd-c32bb23ae2a8	1	1696479	1741164	16	-0.8706
bb8c0d2f-f99d-4df9-a8bd-c32bb23ae2a8	1	1756148	16788139	8453	0.0042
bb8c0d2f-f99d-4df9-a8bd-c32bb23ae2a8	1	16855942	16915871	27	0.4298
bb8c0d2f-f99d-4df9-a8bd-c32bb23ae2a8	1	16918718	16919514	3	-0.5827
bb8c0d2f-f99d-4df9-a8bd-c32bb23ae2a8	1	16919676	16956580	30	0.4518
bb8c0d2f-f99d-4df9-a8bd-c32bb23ae2a8	1	16958425	17266911	233	0.0197
bb8c0d2f-f99d-4df9-a8bd-c32bb23ae2a8	1	17268401	17292800	21	0.6228
bb8c0d2f-f99d-4df9-a8bd-c32bb23ae2a8	1	17293514	25256800	4989	-0.002
bb8c0d2f-f99d-4df9-a8bd-c32bb23ae2a8	1	25256850	25276440	11	0.6705
bb8c0d2f-f99d-4df9-a8bd-c32bb23ae2a8	1	25277975	29295454	1660	0.0237
bb8c0d2f-f99d-4df9-a8bd-c32bb23ae2a8	1	29299899	53211637	13439	-0.0216
bb8c0d2f-f99d-4df9-a8bd-c32bb23ae2a8	1	53212882	72302735	13561	-0.0009
bb8c0d2f-f99d-4df9-a8bd-c32bb23ae2a8	1	72302815	72352916	52	0.5391
bb8c0d2f-f99d-4df9-a8bd-c32bb23ae2a8	1	72353096	72362295	8	-0.4111
bb8c0d2f-f99d-4df9-a8bd-c32bb23ae2a8	1	72362629	105470132	20862	0.0031
bb8c0d2f-f99d-4df9-a8bd-c32bb23ae2a8	1	105470754	105478597	8	-0.7607
bb8c0d2f-f99d-4df9-a8bd-c32bb23ae2a8	1	105478759	105479753	10	-2.1859
bb8c0d2f-f99d-4df9-a8bd-c32bb23ae2a8	1	105481433	108187137	1933	0.0133
bb8c0d2f-f99d-4df9-a8bd-c32bb23ae2a8	1	108191613	108194874	3	-2.4411
bb8c0d2f-f99d-4df9-a8bd-c32bb23ae2a8	1	108196482	112147589	2650	0.005
bb8c0d2f-f99d-4df9-a8bd-c32bb23ae2a8	1	112147626	112154591	24	0.4852
bb8c0d2f-f99d-4df9-a8bd-c32bb23ae2a8	1	112154619	152583319	7578	-0.0017
bb8c0d2f-f99d-4df9-a8bd-c32bb23ae2a8	1	152583408	152618486	37	0.3706
bb8c0d2f-f99d-4df9-a8bd-c32bb23ae2a8	1	152618548	152789962	170	-0.048
bb8c0d2f-f99d-4df9-a8bd-c32bb23ae2a8	1	152789978	152796224	28	0.589
bb8c0d2f-f99d-4df9-a8bd-c32bb23ae2a8	1	152801429	196745743	29346	0.0021
bb8c0d2f-f99d-4df9-a8bd-c32bb23ae2a8	1	196758720	196769506	6	-1.467
bb8c0d2f-f99d-4df9-a8bd-c32bb23ae2a8	1	196769638	196832525	51	-0.2906
bb8c0d2f-f99d-4df9-a8bd-c32bb23ae2a8	1	196832720	199142235	1372	0.0106
bb8c0d2f-f99d-4df9-a8bd-c32bb23ae2a8	1	199142298	199144712	8	-1.3567
bb8c0d2f-f99d-4df9-a8bd-c32bb23ae2a8	1	199145110	248079226	33903	0.0071
bb8c0d2f-f99d-4df9-a8bd-c32bb23ae2a8	1	248079287	248079628	2	2.1809
bb8c0d2f-f99d-4df9-a8bd-c32bb23ae2a8	1	248079906	248930189	409	0.0166
bb8c0d2f-f99d-4df9-a8bd-c32bb23ae2a8	2	12784	14565932	11019	0.0174
bb8c0d2f-f99d-4df9-a8bd-c32bb23ae2a8	2	14566145	14569968	10	-0.977
bb8c0d2f-f99d-4df9-a8bd-c32bb23ae2a8	2	14570240	208164596	116431	0.0127
bb8c0d2f-f99d-4df9-a8bd-c32bb23ae2a8	2	208168857	208190524	14	-1.2247
bb8c0d2f-f99d-4df9-a8bd-c32bb23ae2a8	2	208193673	229957599	14150	0.011
bb8c0d2f-f99d-4df9-a8bd-c32bb23ae2a8	2	229960400	229964355	3	1.4082
bb8c0d2f-f99d-4df9-a8bd-c32bb23ae2a8	2	229964878	230177764	111	0.0181
bb8c0d2f-f99d-4df9-a8bd-c32bb23ae2a8	2	230180666	230189998	16	0.4253
bb8c0d2f-f99d-4df9-a8bd-c32bb23ae2a8	2	230194153	230222423	24	0.6247
bb8c0d2f-f99d-4df9-a8bd-c32bb23ae2a8	2	230223369	230260506	28	0.4368
bb8c0d2f-f99d-4df9-a8bd-c32bb23ae2a8	2	230271575	242147305	7282	0.0141
bb8c0d2f-f99d-4df9-a8bd-c32bb23ae2a8	3	20930	26924	3	-0.7674
bb8c0d2f-f99d-4df9-a8bd-c32bb23ae2a8	3	27570	139927	106	0.015
bb8c0d2f-f99d-4df9-a8bd-c32bb23ae2a8	3	140100	141230	3	-0.507
bb8c0d2f-f99d-4df9-a8bd-c32bb23ae2a8	3	142563	1771640	1444	0.1003
bb8c0d2f-f99d-4df9-a8bd-c32bb23ae2a8	3	1775015	11371130	7948	0.0224
bb8c0d2f-f99d-4df9-a8bd-c32bb23ae2a8	3	11371349	11371926	3	-1.588
bb8c0d2f-f99d-4df9-a8bd-c32bb23ae2a8	3	11375791	19258319	5132	0.0073
bb8c0d2f-f99d-4df9-a8bd-c32bb23ae2a8	3	19264267	19266536	5	-0.9386
bb8c0d2f-f99d-4df9-a8bd-c32bb23ae2a8	3	19266744	21199931	1158	-0.0083
bb8c0d2f-f99d-4df9-a8bd-c32bb23ae2a8	3	21200005	21309842	82	0.6267
bb8c0d2f-f99d-4df9-a8bd-c32bb23ae2a8	3	21310145	39685493	12824	0.004
bb8c0d2f-f99d-4df9-a8bd-c32bb23ae2a8	3	39697620	39727531	11	-1.4618
bb8c0d2f-f99d-4df9-a8bd-c32bb23ae2a8	3	39732056	99218119	34795	0.0093
bb8c0d2f-f99d-4df9-a8bd-c32bb23ae2a8	3	99218940	99230187	26	-0.5592
bb8c0d2f-f99d-4df9-a8bd-c32bb23ae2a8	3	99230194	162795361	38896	-0.0029
bb8c0d2f-f99d-4df9-a8bd-c32bb23ae2a8	3	162795671	162898127	60	-1.1569
bb8c0d2f-f99d-4df9-a8bd-c32bb23ae2a8	3	162906054	193162798	19119	0.0091
bb8c0d2f-f99d-4df9-a8bd-c32bb23ae2a8	3	193162937	193165114	11	2.3645
bb8c0d2f-f99d-4df9-a8bd-c32bb23ae2a8	3	193168646	195558822	1479	0.0144
bb8c0d2f-f99d-4df9-a8bd-c32bb23ae2a8	3	195559056	195720051	26	-0.8671
bb8c0d2f-f99d-4df9-a8bd-c32bb23ae2a8	3	195728637	195730018	9	0.1319
bb8c0d2f-f99d-4df9-a8bd-c32bb23ae2a8	3	195733825	195747892	10	-0.6737
bb8c0d2f-f99d-4df9-a8bd-c32bb23ae2a8	3	195751823	198169247	1164	0.0149
bb8c0d2f-f99d-4df9-a8bd-c32bb23ae2a8	4	68929	10221792	5688	0.0083
bb8c0d2f-f99d-4df9-a8bd-c32bb23ae2a8	4	10222004	10229874	27	-1.8958
bb8c0d2f-f99d-4df9-a8bd-c32bb23ae2a8	4	10232590	10233644	7	-0.8442
bb8c0d2f-f99d-4df9-a8bd-c32bb23ae2a8	4	10234518	34777432	16931	0.0072
bb8c0d2f-f99d-4df9-a8bd-c32bb23ae2a8	4	34784878	34823103	38	-2.1057
bb8c0d2f-f99d-4df9-a8bd-c32bb23ae2a8	4	34828250	40698556	3870	0.0077
bb8c0d2f-f99d-4df9-a8bd-c32bb23ae2a8	4	40701994	40702175	3	-2.0513
bb8c0d2f-f99d-4df9-a8bd-c32bb23ae2a8	4	40702670	63827261	12629	0.0084
bb8c0d2f-f99d-4df9-a8bd-c32bb23ae2a8	4	63828222	63850713	30	0.5545
bb8c0d2f-f99d-4df9-a8bd-c32bb23ae2a8	4	63851308	68478894	2856	0.0177
bb8c0d2f-f99d-4df9-a8bd-c32bb23ae2a8	4	68494770	68620261	68	-1.3881
bb8c0d2f-f99d-4df9-a8bd-c32bb23ae2a8	4	68623617	69283159	330	0.0519
bb8c0d2f-f99d-4df9-a8bd-c32bb23ae2a8	4	69283439	69309540	15	-0.7221
bb8c0d2f-f99d-4df9-a8bd-c32bb23ae2a8	4	69310258	114252544	27253	0.0032
bb8c0d2f-f99d-4df9-a8bd-c32bb23ae2a8	4	114254167	114261019	23	0.5291
bb8c0d2f-f99d-4df9-a8bd-c32bb23ae2a8	4	114263073	121360818	4319	0.0031
bb8c0d2f-f99d-4df9-a8bd-c32bb23ae2a8	4	121361313	121369976	29	-0.6814
bb8c0d2f-f99d-4df9-a8bd-c32bb23ae2a8	4	121370367	137021755	8742	0.0136
bb8c0d2f-f99d-4df9-a8bd-c32bb23ae2a8	4	137021888	137021901	3	-1.7283
bb8c0d2f-f99d-4df9-a8bd-c32bb23ae2a8	4	137025215	137261339	195	-0.0637
bb8c0d2f-f99d-4df9-a8bd-c32bb23ae2a8	4	137261389	137270816	48	-0.6076
bb8c0d2f-f99d-4df9-a8bd-c32bb23ae2a8	4	137270870	190106768	33645	0.0105
bb8c0d2f-f99d-4df9-a8bd-c32bb23ae2a8	5	15532	12800777	10156	0.01
bb8c0d2f-f99d-4df9-a8bd-c32bb23ae2a8	5	12815668	12826538	11	-1.0986
bb8c0d2f-f99d-4df9-a8bd-c32bb23ae2a8	5	12833745	181363319	102323	0.006
bb8c0d2f-f99d-4df9-a8bd-c32bb23ae2a8	6	149661	253861	99	-0.0177
bb8c0d2f-f99d-4df9-a8bd-c32bb23ae2a8	6	254267	380821	102	-0.3685
bb8c0d2f-f99d-4df9-a8bd-c32bb23ae2a8	6	381149	29876257	21394	0.0087
bb8c0d2f-f99d-4df9-a8bd-c32bb23ae2a8	6	29876595	29882603	10	1.0473
bb8c0d2f-f99d-4df9-a8bd-c32bb23ae2a8	6	29903859	31262890	609	0.0461
bb8c0d2f-f99d-4df9-a8bd-c32bb23ae2a8	6	31265733	32302071	434	0.1874
bb8c0d2f-f99d-4df9-a8bd-c32bb23ae2a8	6	32305381	32463515	117	0.0013
bb8c0d2f-f99d-4df9-a8bd-c32bb23ae2a8	6	32463775	32533522	19	1.2243
bb8c0d2f-f99d-4df9-a8bd-c32bb23ae2a8	6	32540699	32867481	206	0.1881
bb8c0d2f-f99d-4df9-a8bd-c32bb23ae2a8	6	32867511	44522070	7299	-0.0028
bb8c0d2f-f99d-4df9-a8bd-c32bb23ae2a8	6	44522377	44525982	3	-1.7314
bb8c0d2f-f99d-4df9-a8bd-c32bb23ae2a8	6	44528475	54066353	6207	-0.0052
bb8c0d2f-f99d-4df9-a8bd-c32bb23ae2a8	6	54066432	54067057	6	-1.1567
bb8c0d2f-f99d-4df9-a8bd-c32bb23ae2a8	6	54070550	65692741	4925	0.0133
bb8c0d2f-f99d-4df9-a8bd-c32bb23ae2a8	6	65692949	65693874	12	-0.8156
bb8c0d2f-f99d-4df9-a8bd-c32bb23ae2a8	6	65693944	78270686	8219	0.0052
bb8c0d2f-f99d-4df9-a8bd-c32bb23ae2a8	6	78270700	78329517	86	-0.2763
bb8c0d2f-f99d-4df9-a8bd-c32bb23ae2a8	6	78331916	86637265	5165	-0.0075
bb8c0d2f-f99d-4df9-a8bd-c32bb23ae2a8	6	86639445	86641855	3	-1.42
bb8c0d2f-f99d-4df9-a8bd-c32bb23ae2a8	6	86642316	93643347	4641	0.0021
bb8c0d2f-f99d-4df9-a8bd-c32bb23ae2a8	6	93646674	94633297	632	0.1044
bb8c0d2f-f99d-4df9-a8bd-c32bb23ae2a8	6	94633429	103286954	4989	0.0027
bb8c0d2f-f99d-4df9-a8bd-c32bb23ae2a8	6	103290101	103317836	48	0.5898
bb8c0d2f-f99d-4df9-a8bd-c32bb23ae2a8	6	103317855	112302972	5574	0.0018
bb8c0d2f-f99d-4df9-a8bd-c32bb23ae2a8	6	112302987	112321124	14	-0.8059
bb8c0d2f-f99d-4df9-a8bd-c32bb23ae2a8	6	112326282	114997858	1679	-0.0085
bb8c0d2f-f99d-4df9-a8bd-c32bb23ae2a8	6	115003343	115004524	2	1.5849
bb8c0d2f-f99d-4df9-a8bd-c32bb23ae2a8	6	115004900	124110366	5373	-0.0037
bb8c0d2f-f99d-4df9-a8bd-c32bb23ae2a8	6	124110629	124149220	21	0.6351
bb8c0d2f-f99d-4df9-a8bd-c32bb23ae2a8	6	124149616	170741917	31359	0.0084
bb8c0d2f-f99d-4df9-a8bd-c32bb23ae2a8	7	43355	68659	31	0.5406
bb8c0d2f-f99d-4df9-a8bd-c32bb23ae2a8	7	79263	8025481	4386	0.0155
bb8c0d2f-f99d-4df9-a8bd-c32bb23ae2a8	7	8031606	10112903	1737	0.0647
bb8c0d2f-f99d-4df9-a8bd-c32bb23ae2a8	7	10119288	54299110	32205	0.0076
bb8c0d2f-f99d-4df9-a8bd-c32bb23ae2a8	7	54299223	54305455	2	0.7024
bb8c0d2f-f99d-4df9-a8bd-c32bb23ae2a8	7	54318812	54318824	6	-2.0969
bb8c0d2f-f99d-4df9-a8bd-c32bb23ae2a8	7	54325795	76803005	8338	-0.0018
bb8c0d2f-f99d-4df9-a8bd-c32bb23ae2a8	7	76803016	77106361	92	0.4825
bb8c0d2f-f99d-4df9-a8bd-c32bb23ae2a8	7	77109303	143733941	40826	0.0038
bb8c0d2f-f99d-4df9-a8bd-c32bb23ae2a8	7	143773027	143850179	15	-0.7466
bb8c0d2f-f99d-4df9-a8bd-c32bb23ae2a8	7	143875073	144264193	275	0.0098
bb8c0d2f-f99d-4df9-a8bd-c32bb23ae2a8	7	144295437	144312471	3	-1.4708
bb8c0d2f-f99d-4df9-a8bd-c32bb23ae2a8	7	144326306	158738853	9248	0.0096
bb8c0d2f-f99d-4df9-a8bd-c32bb23ae2a8	7	158740572	158761888	9	0.7799
bb8c0d2f-f99d-4df9-a8bd-c32bb23ae2a8	7	158761924	159334314	368	0.0167
bb8c0d2f-f99d-4df9-a8bd-c32bb23ae2a8	8	81254	644973	324	0.0121
bb8c0d2f-f99d-4df9-a8bd-c32bb23ae2a8	8	645220	645875	6	0.7796
bb8c0d2f-f99d-4df9-a8bd-c32bb23ae2a8	8	645892	645908	2	3.0394
bb8c0d2f-f99d-4df9-a8bd-c32bb23ae2a8	8	656117	3203401	2074	0.0163
bb8c0d2f-f99d-4df9-a8bd-c32bb23ae2a8	8	3203849	5796645	3689	0.0569
bb8c0d2f-f99d-4df9-a8bd-c32bb23ae2a8	8	5796673	39372806	24338	0.0002
bb8c0d2f-f99d-4df9-a8bd-c32bb23ae2a8	8	39373140	39511389	50	0.5901
bb8c0d2f-f99d-4df9-a8bd-c32bb23ae2a8	8	39512955	84345754	25825	-0.0013
bb8c0d2f-f99d-4df9-a8bd-c32bb23ae2a8	8	84350648	84356431	19	-0.9194
bb8c0d2f-f99d-4df9-a8bd-c32bb23ae2a8	8	84358447	111282417	16063	-0.0056
bb8c0d2f-f99d-4df9-a8bd-c32bb23ae2a8	8	111282441	111283031	6	-1.8614
bb8c0d2f-f99d-4df9-a8bd-c32bb23ae2a8	8	111288052	114622678	1818	0.0261
bb8c0d2f-f99d-4df9-a8bd-c32bb23ae2a8	8	114622851	114638468	30	-0.4335
bb8c0d2f-f99d-4df9-a8bd-c32bb23ae2a8	8	114638558	145072769	21008	0.0068
bb8c0d2f-f99d-4df9-a8bd-c32bb23ae2a8	9	46587	602903	508	0.0841
bb8c0d2f-f99d-4df9-a8bd-c32bb23ae2a8	9	606699	606893	3	-2.0802
bb8c0d2f-f99d-4df9-a8bd-c32bb23ae2a8	9	606961	11071981	9991	0.0147
bb8c0d2f-f99d-4df9-a8bd-c32bb23ae2a8	9	11072447	12362466	1007	0.0842
bb8c0d2f-f99d-4df9-a8bd-c32bb23ae2a8	9	12363091	21949762	7886	-0.0055
bb8c0d2f-f99d-4df9-a8bd-c32bb23ae2a8	9	21951385	21956079	4	-1.1291
bb8c0d2f-f99d-4df9-a8bd-c32bb23ae2a8	9	21956231	22492890	357	-0.0135
bb8c0d2f-f99d-4df9-a8bd-c32bb23ae2a8	9	22501914	22502700	2	-3.1321
bb8c0d2f-f99d-4df9-a8bd-c32bb23ae2a8	9	22509341	23361807	578	0
bb8c0d2f-f99d-4df9-a8bd-c32bb23ae2a8	9	23363117	23373486	8	-1.9674
bb8c0d2f-f99d-4df9-a8bd-c32bb23ae2a8	9	23378490	39464735	10692	0.0104
bb8c0d2f-f99d-4df9-a8bd-c32bb23ae2a8	9	39464757	42585140	161	0.2586
bb8c0d2f-f99d-4df9-a8bd-c32bb23ae2a8	9	42697878	61520021	55	-0.1279
bb8c0d2f-f99d-4df9-a8bd-c32bb23ae2a8	9	61521913	61665362	30	-1.2291
bb8c0d2f-f99d-4df9-a8bd-c32bb23ae2a8	9	61668104	70194046	1672	0.0026
bb8c0d2f-f99d-4df9-a8bd-c32bb23ae2a8	9	70196070	70197838	2	-3.5263
bb8c0d2f-f99d-4df9-a8bd-c32bb23ae2a8	9	70198765	138200944	46259	-0.0022
bb8c0d2f-f99d-4df9-a8bd-c32bb23ae2a8	10	45792	80234421	53771	0.006
bb8c0d2f-f99d-4df9-a8bd-c32bb23ae2a8	10	80234562	80237322	2	-2.6421
bb8c0d2f-f99d-4df9-a8bd-c32bb23ae2a8	10	80237692	133654968	36653	0.0015
bb8c0d2f-f99d-4df9-a8bd-c32bb23ae2a8	11	198510	4234899	1734	0.0226
bb8c0d2f-f99d-4df9-a8bd-c32bb23ae2a8	11	4235070	4286769	18	-0.7772
bb8c0d2f-f99d-4df9-a8bd-c32bb23ae2a8	11	4298482	4946420	659	-0.0069
bb8c0d2f-f99d-4df9-a8bd-c32bb23ae2a8	11	4947280	4952799	25	0.4985
bb8c0d2f-f99d-4df9-a8bd-c32bb23ae2a8	11	4953934	18928190	10210	-0.0011
bb8c0d2f-f99d-4df9-a8bd-c32bb23ae2a8	11	18928326	18938568	25	-0.429
bb8c0d2f-f99d-4df9-a8bd-c32bb23ae2a8	11	18939550	36941244	13269	0.0031
bb8c0d2f-f99d-4df9-a8bd-c32bb23ae2a8	11	36942243	37804192	578	0.094
bb8c0d2f-f99d-4df9-a8bd-c32bb23ae2a8	11	37804340	64782881	13002	0.0051
bb8c0d2f-f99d-4df9-a8bd-c32bb23ae2a8	11	64784961	65742553	335	0.1455
bb8c0d2f-f99d-4df9-a8bd-c32bb23ae2a8	11	65746815	135074876	46699	0.0008
bb8c0d2f-f99d-4df9-a8bd-c32bb23ae2a8	12	51460	760032	417	0.0605
bb8c0d2f-f99d-4df9-a8bd-c32bb23ae2a8	12	760097	764863	16	-0.7772
bb8c0d2f-f99d-4df9-a8bd-c32bb23ae2a8	12	766188	9481274	5722	0.0004
bb8c0d2f-f99d-4df9-a8bd-c32bb23ae2a8	12	9485313	9562969	22	-1.4957
bb8c0d2f-f99d-4df9-a8bd-c32bb23ae2a8	12	9575696	11064250	1034	-0.0017
bb8c0d2f-f99d-4df9-a8bd-c32bb23ae2a8	12	11066824	11104230	13	-0.9425
bb8c0d2f-f99d-4df9-a8bd-c32bb23ae2a8	12	11107676	11359558	132	0.0133
bb8c0d2f-f99d-4df9-a8bd-c32bb23ae2a8	12	11359597	11399818	31	-0.6749
bb8c0d2f-f99d-4df9-a8bd-c32bb23ae2a8	12	11399848	27941811	11505	0.0006
bb8c0d2f-f99d-4df9-a8bd-c32bb23ae2a8	12	27941830	27944711	13	-0.7524
bb8c0d2f-f99d-4df9-a8bd-c32bb23ae2a8	12	27950527	45510655	9408	0.0089
bb8c0d2f-f99d-4df9-a8bd-c32bb23ae2a8	12	45512057	45515754	3	-1.8091
bb8c0d2f-f99d-4df9-a8bd-c32bb23ae2a8	12	45519509	61584034	9312	0.0039
bb8c0d2f-f99d-4df9-a8bd-c32bb23ae2a8	12	61589337	61589668	2	2.186
bb8c0d2f-f99d-4df9-a8bd-c32bb23ae2a8	12	61595970	83769408	14216	0.0031
bb8c0d2f-f99d-4df9-a8bd-c32bb23ae2a8	12	83769511	83771808	10	0.708
bb8c0d2f-f99d-4df9-a8bd-c32bb23ae2a8	12	83771835	86496340	1563	0.034
bb8c0d2f-f99d-4df9-a8bd-c32bb23ae2a8	12	86497828	124318092	24466	0.0023
bb8c0d2f-f99d-4df9-a8bd-c32bb23ae2a8	12	124318485	131242840	5769	0.028
bb8c0d2f-f99d-4df9-a8bd-c32bb23ae2a8	12	131248112	131341146	81	-0.8585
bb8c0d2f-f99d-4df9-a8bd-c32bb23ae2a8	12	131348665	133201603	860	0.0305
bb8c0d2f-f99d-4df9-a8bd-c32bb23ae2a8	13	18452809	18631944	20	0.4996
bb8c0d2f-f99d-4df9-a8bd-c32bb23ae2a8	13	18632974	37496998	13427	0.002
bb8c0d2f-f99d-4df9-a8bd-c32bb23ae2a8	13	37497899	37510620	16	-1.7661
bb8c0d2f-f99d-4df9-a8bd-c32bb23ae2a8	13	37514193	57176962	12486	0.0129
bb8c0d2f-f99d-4df9-a8bd-c32bb23ae2a8	13	57184136	57204234	33	-0.5975
bb8c0d2f-f99d-4df9-a8bd-c32bb23ae2a8	13	57204246	63455353	3668	0.0143
bb8c0d2f-f99d-4df9-a8bd-c32bb23ae2a8	13	63455558	63881032	246	0.1682
bb8c0d2f-f99d-4df9-a8bd-c32bb23ae2a8	13	63881061	68558328	2853	0.0381
bb8c0d2f-f99d-4df9-a8bd-c32bb23ae2a8	13	68565286	68565720	6	-0.8714
bb8c0d2f-f99d-4df9-a8bd-c32bb23ae2a8	13	68565738	71902850	2185	0.0288
bb8c0d2f-f99d-4df9-a8bd-c32bb23ae2a8	13	71903417	71905409	2	-2.9811
bb8c0d2f-f99d-4df9-a8bd-c32bb23ae2a8	13	71906311	106730287	23726	0.0158
bb8c0d2f-f99d-4df9-a8bd-c32bb23ae2a8	13	106731890	106732362	2	-2.03
bb8c0d2f-f99d-4df9-a8bd-c32bb23ae2a8	13	106732887	114342922	5260	0.018
bb8c0d2f-f99d-4df9-a8bd-c32bb23ae2a8	14	18239283	19921562	146	0.3579
bb8c0d2f-f99d-4df9-a8bd-c32bb23ae2a8	14	19922395	26314697	4349	0.0202
bb8c0d2f-f99d-4df9-a8bd-c32bb23ae2a8	14	26314707	26315707	7	0.9893
bb8c0d2f-f99d-4df9-a8bd-c32bb23ae2a8	14	26325898	106877229	50746	0.004
bb8c0d2f-f99d-4df9-a8bd-c32bb23ae2a8	15	19811075	20026653	47	-0.0025
bb8c0d2f-f99d-4df9-a8bd-c32bb23ae2a8	15	20041119	20373168	41	-0.6013
bb8c0d2f-f99d-4df9-a8bd-c32bb23ae2a8	15	20376198	20396301	22	-0.0866
bb8c0d2f-f99d-4df9-a8bd-c32bb23ae2a8	15	20396470	21005443	47	-0.7271
bb8c0d2f-f99d-4df9-a8bd-c32bb23ae2a8	15	21018354	21266481	13	0.211
bb8c0d2f-f99d-4df9-a8bd-c32bb23ae2a8	15	21266991	22252008	20	-0.658
bb8c0d2f-f99d-4df9-a8bd-c32bb23ae2a8	15	22255541	22299523	15	-1.2536
bb8c0d2f-f99d-4df9-a8bd-c32bb23ae2a8	15	22385639	57789074	21726	-0.0038
bb8c0d2f-f99d-4df9-a8bd-c32bb23ae2a8	15	57789648	57791230	3	-1.8386
bb8c0d2f-f99d-4df9-a8bd-c32bb23ae2a8	15	57796193	76061352	11568	-0.0033
bb8c0d2f-f99d-4df9-a8bd-c32bb23ae2a8	15	76063359	76063381	2	-1.6877
bb8c0d2f-f99d-4df9-a8bd-c32bb23ae2a8	15	76065352	76577588	300	-0.0035
bb8c0d2f-f99d-4df9-a8bd-c32bb23ae2a8	15	76586021	76603434	23	0.623
bb8c0d2f-f99d-4df9-a8bd-c32bb23ae2a8	15	76609838	83871429	4403	-0.0072
bb8c0d2f-f99d-4df9-a8bd-c32bb23ae2a8	15	83871965	83874798	7	-0.8961
bb8c0d2f-f99d-4df9-a8bd-c32bb23ae2a8	15	83878525	98000359	10279	0.0086
bb8c0d2f-f99d-4df9-a8bd-c32bb23ae2a8	15	98007488	98009538	4	-1.2686
bb8c0d2f-f99d-4df9-a8bd-c32bb23ae2a8	15	98012083	101928837	2876	0.0182
bb8c0d2f-f99d-4df9-a8bd-c32bb23ae2a8	16	10777	19934328	13440	0.0122
bb8c0d2f-f99d-4df9-a8bd-c32bb23ae2a8	16	19934486	19954510	26	-0.594
bb8c0d2f-f99d-4df9-a8bd-c32bb23ae2a8	16	19954553	55762682	13426	0.003
bb8c0d2f-f99d-4df9-a8bd-c32bb23ae2a8	16	55764310	55764867	3	2.338
bb8c0d2f-f99d-4df9-a8bd-c32bb23ae2a8	16	55770436	55775312	6	0.7676
bb8c0d2f-f99d-4df9-a8bd-c32bb23ae2a8	16	55775554	88571375	24184	0.0072
bb8c0d2f-f99d-4df9-a8bd-c32bb23ae2a8	16	88571388	89272509	250	0.1699
bb8c0d2f-f99d-4df9-a8bd-c32bb23ae2a8	16	89273091	90096867	409	0.0651
bb8c0d2f-f99d-4df9-a8bd-c32bb23ae2a8	17	150733	18452078	11370	0.003
bb8c0d2f-f99d-4df9-a8bd-c32bb23ae2a8	17	18455632	18543365	23	-1.3733
bb8c0d2f-f99d-4df9-a8bd-c32bb23ae2a8	17	18550123	35344447	6370	0.0084
bb8c0d2f-f99d-4df9-a8bd-c32bb23ae2a8	17	35349487	35431559	40	-0.6908
bb8c0d2f-f99d-4df9-a8bd-c32bb23ae2a8	17	35439199	41266838	2968	0.0098
bb8c0d2f-f99d-4df9-a8bd-c32bb23ae2a8	17	41266851	41274198	18	-1.1052
bb8c0d2f-f99d-4df9-a8bd-c32bb23ae2a8	17	41274279	45577724	2153	-0.0011
bb8c0d2f-f99d-4df9-a8bd-c32bb23ae2a8	17	45579014	45582060	6	-1.0119
bb8c0d2f-f99d-4df9-a8bd-c32bb23ae2a8	17	45587327	46130778	367	-0.0036
bb8c0d2f-f99d-4df9-a8bd-c32bb23ae2a8	17	46130967	46687628	101	-0.2223
bb8c0d2f-f99d-4df9-a8bd-c32bb23ae2a8	17	46707286	74485841	17163	-0.0001
bb8c0d2f-f99d-4df9-a8bd-c32bb23ae2a8	17	74486054	74680224	151	0.1716
bb8c0d2f-f99d-4df9-a8bd-c32bb23ae2a8	17	74681173	83091923	4185	0.0201
bb8c0d2f-f99d-4df9-a8bd-c32bb23ae2a8	18	48133	64460842	39093	0.0003
bb8c0d2f-f99d-4df9-a8bd-c32bb23ae2a8	18	64462690	64601836	83	0.5875
bb8c0d2f-f99d-4df9-a8bd-c32bb23ae2a8	18	64602036	80257174	11408	0.0249
bb8c0d2f-f99d-4df9-a8bd-c32bb23ae2a8	19	90910	58586487	29055	0.0012
bb8c0d2f-f99d-4df9-a8bd-c32bb23ae2a8	20	80664	1580934	1198	0.0374
bb8c0d2f-f99d-4df9-a8bd-c32bb23ae2a8	20	1581021	62115152	40167	0.0037
bb8c0d2f-f99d-4df9-a8bd-c32bb23ae2a8	20	62115992	64284715	892	0.0627
bb8c0d2f-f99d-4df9-a8bd-c32bb23ae2a8	20	64323342	64324800	5	0.9195
bb8c0d2f-f99d-4df9-a8bd-c32bb23ae2a8	21	10354168	13166157	110	-0.0067
bb8c0d2f-f99d-4df9-a8bd-c32bb23ae2a8	21	13166236	13612103	158	-0.7085
bb8c0d2f-f99d-4df9-a8bd-c32bb23ae2a8	21	13634568	46677045	23527	0.0107
bb8c0d2f-f99d-4df9-a8bd-c32bb23ae2a8	22	15294547	25340707	5254	0.0199
bb8c0d2f-f99d-4df9-a8bd-c32bb23ae2a8	22	25340708	25349934	5	1.1726
bb8c0d2f-f99d-4df9-a8bd-c32bb23ae2a8	22	25349949	50796027	17967	0.0015
bb8c0d2f-f99d-4df9-a8bd-c32bb23ae2a8	X	251810	7185165	3409	0.0141
bb8c0d2f-f99d-4df9-a8bd-c32bb23ae2a8	X	7185242	7188165	3	2.2699
bb8c0d2f-f99d-4df9-a8bd-c32bb23ae2a8	X	7190809	8066685	657	-0.0049
bb8c0d2f-f99d-4df9-a8bd-c32bb23ae2a8	X	8066772	8073533	2	5.0731
bb8c0d2f-f99d-4df9-a8bd-c32bb23ae2a8	X	8073873	90369592	42382	-0.0012
bb8c0d2f-f99d-4df9-a8bd-c32bb23ae2a8	X	90370484	90372815	4	-2.8243
bb8c0d2f-f99d-4df9-a8bd-c32bb23ae2a8	X	90373235	139556953	26731	0.004
bb8c0d2f-f99d-4df9-a8bd-c32bb23ae2a8	X	139557304	139557731	3	-2.9908
bb8c0d2f-f99d-4df9-a8bd-c32bb23ae2a8	X	139557817	141814060	1292	0.0004
bb8c0d2f-f99d-4df9-a8bd-c32bb23ae2a8	X	141815440	141815817	2	-2.4909
bb8c0d2f-f99d-4df9-a8bd-c32bb23ae2a8	X	141817032	150316588	5739	0.0195
bb8c0d2f-f99d-4df9-a8bd-c32bb23ae2a8	X	150317753	150318283	2	-2.3292
bb8c0d2f-f99d-4df9-a8bd-c32bb23ae2a8	X	150319230	155952689	2897	0.009
bb8c0d2f-f99d-4df9-a8bd-c32bb23ae2a8	Y	2782397	21961640	6341	-0.9239
bb8c0d2f-f99d-4df9-a8bd-c32bb23ae2a8	Y	22159306	22213784	6	0.381
bb8c0d2f-f99d-4df9-a8bd-c32bb23ae2a8	Y	22215125	56872112	293	-0.9144
