GDC_Aliquot	Chromosome	Start	End	Num_Probes	Segment_Mean
3548956c-5962-45f1-85f1-9975a90670bd	1	62920	3301765	738	-0.0971
3548956c-5962-45f1-85f1-9975a90670bd	1	3302046	16604834	7915	0.0206
3548956c-5962-45f1-85f1-9975a90670bd	1	16605031	16935737	105	0.3139
3548956c-5962-45f1-85f1-9975a90670bd	1	16935752	34626037	10238	0.0166
3548956c-5962-45f1-85f1-9975a90670bd	1	34626073	34638890	21	-0.7117
3548956c-5962-45f1-85f1-9975a90670bd	1	34648667	72303233	23777	0.0184
3548956c-5962-45f1-85f1-9975a90670bd	1	72303253	72345450	44	0.4405
3548956c-5962-45f1-85f1-9975a90670bd	1	72345465	103616762	20030	0.0211
3548956c-5962-45f1-85f1-9975a90670bd	1	103620877	103717410	5	1.3147
3548956c-5962-45f1-85f1-9975a90670bd	1	103717617	152583051	13167	0.0168
3548956c-5962-45f1-85f1-9975a90670bd	1	152583230	152614064	33	1.1812
3548956c-5962-45f1-85f1-9975a90670bd	1	152614100	152787202	168	0.0309
3548956c-5962-45f1-85f1-9975a90670bd	1	152789447	152796224	37	-0.351
3548956c-5962-45f1-85f1-9975a90670bd	1	152801429	194479104	28021	0.0181
3548956c-5962-45f1-85f1-9975a90670bd	1	194482281	194485888	2	-2.1155
3548956c-5962-45f1-85f1-9975a90670bd	1	194487886	196758720	1452	0.0239
3548956c-5962-45f1-85f1-9975a90670bd	1	196761905	196832525	56	-0.4825
3548956c-5962-45f1-85f1-9975a90670bd	1	196832720	248930189	35822	0.0171
3548956c-5962-45f1-85f1-9975a90670bd	2	12784	34474248	24093	0.0073
3548956c-5962-45f1-85f1-9975a90670bd	2	34476327	34501950	39	-0.3573
3548956c-5962-45f1-85f1-9975a90670bd	2	34502547	41011095	4809	0.017
3548956c-5962-45f1-85f1-9975a90670bd	2	41011303	41018747	22	-0.5694
3548956c-5962-45f1-85f1-9975a90670bd	2	41024093	52527743	8186	0.0154
3548956c-5962-45f1-85f1-9975a90670bd	2	52531615	52554404	33	-0.6029
3548956c-5962-45f1-85f1-9975a90670bd	2	52560811	87286164	22054	0.0155
3548956c-5962-45f1-85f1-9975a90670bd	2	87287256	87287267	2	-1.6028
3548956c-5962-45f1-85f1-9975a90670bd	2	87295819	97192190	1772	0.0143
3548956c-5962-45f1-85f1-9975a90670bd	2	97199600	97211436	14	-0.5389
3548956c-5962-45f1-85f1-9975a90670bd	2	97310327	97359885	13	0.0477
3548956c-5962-45f1-85f1-9975a90670bd	2	97524284	97545726	9	0.9698
3548956c-5962-45f1-85f1-9975a90670bd	2	97550415	104235021	4072	0.0189
3548956c-5962-45f1-85f1-9975a90670bd	2	104238134	104240574	2	-1.0788
3548956c-5962-45f1-85f1-9975a90670bd	2	104242787	106258266	1494	0.0181
3548956c-5962-45f1-85f1-9975a90670bd	2	106263639	106268901	12	0.5337
3548956c-5962-45f1-85f1-9975a90670bd	2	106270799	113604438	3786	0.0173
3548956c-5962-45f1-85f1-9975a90670bd	2	113604837	113623244	3	1.3292
3548956c-5962-45f1-85f1-9975a90670bd	2	113625975	137730530	14881	0.0117
3548956c-5962-45f1-85f1-9975a90670bd	2	137731957	137737677	2	-1.6937
3548956c-5962-45f1-85f1-9975a90670bd	2	137738322	207490231	42154	0.0186
3548956c-5962-45f1-85f1-9975a90670bd	2	207490454	207494612	16	-1.1426
3548956c-5962-45f1-85f1-9975a90670bd	2	207494752	242147305	22084	0.0116
3548956c-5962-45f1-85f1-9975a90670bd	3	20930	4600228	4128	0.0375
3548956c-5962-45f1-85f1-9975a90670bd	3	4602953	4609522	9	-1.0774
3548956c-5962-45f1-85f1-9975a90670bd	3	4612368	68697013	43660	0.0163
3548956c-5962-45f1-85f1-9975a90670bd	3	68697108	68698262	14	-0.7181
3548956c-5962-45f1-85f1-9975a90670bd	3	68699607	82808214	9035	0.0196
3548956c-5962-45f1-85f1-9975a90670bd	3	82808216	82823892	10	-1.4505
3548956c-5962-45f1-85f1-9975a90670bd	3	82831894	99225754	6869	0.0241
3548956c-5962-45f1-85f1-9975a90670bd	3	99225775	99230464	31	-0.4711
3548956c-5962-45f1-85f1-9975a90670bd	3	99230470	125724765	16241	0.0134
3548956c-5962-45f1-85f1-9975a90670bd	3	125727821	125747704	11	-1.098
3548956c-5962-45f1-85f1-9975a90670bd	3	125750578	130067097	2464	0.011
3548956c-5962-45f1-85f1-9975a90670bd	3	130067366	130087393	32	-1.5471
3548956c-5962-45f1-85f1-9975a90670bd	3	130088081	132270486	1436	0.0185
3548956c-5962-45f1-85f1-9975a90670bd	3	132270503	132276840	5	0.7026
3548956c-5962-45f1-85f1-9975a90670bd	3	132281633	136300257	2586	0.0126
3548956c-5962-45f1-85f1-9975a90670bd	3	136304109	136306584	2	-2.2184
3548956c-5962-45f1-85f1-9975a90670bd	3	136319699	162815162	16255	0.0197
3548956c-5962-45f1-85f1-9975a90670bd	3	162816942	162822702	6	-1.1115
3548956c-5962-45f1-85f1-9975a90670bd	3	162827928	172870084	5997	0.0273
3548956c-5962-45f1-85f1-9975a90670bd	3	172872769	172875819	4	-1.0038
3548956c-5962-45f1-85f1-9975a90670bd	3	172876876	180753918	5055	0.0249
3548956c-5962-45f1-85f1-9975a90670bd	3	180755037	180759715	4	-1.2672
3548956c-5962-45f1-85f1-9975a90670bd	3	180761369	193084253	8095	0.0191
3548956c-5962-45f1-85f1-9975a90670bd	3	193084604	193085341	5	-1.1031
3548956c-5962-45f1-85f1-9975a90670bd	3	193085470	193156018	61	-0.0137
3548956c-5962-45f1-85f1-9975a90670bd	3	193156958	193165114	21	-1.3659
3548956c-5962-45f1-85f1-9975a90670bd	3	193168646	195558822	1483	0.0183
3548956c-5962-45f1-85f1-9975a90670bd	3	195559056	195747892	45	-0.4485
3548956c-5962-45f1-85f1-9975a90670bd	3	195751823	198169247	1166	0.0046
3548956c-5962-45f1-85f1-9975a90670bd	4	68929	4093722	1620	-0.0074
3548956c-5962-45f1-85f1-9975a90670bd	4	4093936	4165270	18	-0.5269
3548956c-5962-45f1-85f1-9975a90670bd	4	4165406	9858273	3686	0.0087
3548956c-5962-45f1-85f1-9975a90670bd	4	9858277	9862603	3	-1.2018
3548956c-5962-45f1-85f1-9975a90670bd	4	9863418	34777432	17389	0.0172
3548956c-5962-45f1-85f1-9975a90670bd	4	34784878	34828250	39	0.7439
3548956c-5962-45f1-85f1-9975a90670bd	4	34828291	40701994	3883	0.0209
3548956c-5962-45f1-85f1-9975a90670bd	4	40702128	40702175	2	-1.6926
3548956c-5962-45f1-85f1-9975a90670bd	4	40702670	42830966	1404	0.0248
3548956c-5962-45f1-85f1-9975a90670bd	4	42831775	42834381	2	-2.3914
3548956c-5962-45f1-85f1-9975a90670bd	4	42835666	63265520	10955	0.021
3548956c-5962-45f1-85f1-9975a90670bd	4	63275560	63286195	6	-0.7629
3548956c-5962-45f1-85f1-9975a90670bd	4	63288849	63828222	308	0.0051
3548956c-5962-45f1-85f1-9975a90670bd	4	63831751	63842540	28	-0.5177
3548956c-5962-45f1-85f1-9975a90670bd	4	63850713	68354665	2849	0.0259
3548956c-5962-45f1-85f1-9975a90670bd	4	68361130	68395346	7	0.771
3548956c-5962-45f1-85f1-9975a90670bd	4	68416487	68422424	5	-1.3785
3548956c-5962-45f1-85f1-9975a90670bd	4	68429081	68506285	12	-0.0259
3548956c-5962-45f1-85f1-9975a90670bd	4	68509223	68620261	65	0.3546
3548956c-5962-45f1-85f1-9975a90670bd	4	68623617	69523998	479	0.0576
3548956c-5962-45f1-85f1-9975a90670bd	4	69524143	69525061	2	-2.9309
3548956c-5962-45f1-85f1-9975a90670bd	4	69526170	114587010	27467	0.0181
3548956c-5962-45f1-85f1-9975a90670bd	4	114588837	114589298	2	-2.8747
3548956c-5962-45f1-85f1-9975a90670bd	4	114593270	115251455	383	0.0148
3548956c-5962-45f1-85f1-9975a90670bd	4	115251792	115252062	7	0.689
3548956c-5962-45f1-85f1-9975a90670bd	4	115252079	137171085	12621	0.0196
3548956c-5962-45f1-85f1-9975a90670bd	4	137171266	137187209	17	-0.7366
3548956c-5962-45f1-85f1-9975a90670bd	4	137187333	151868634	8827	0.0119
3548956c-5962-45f1-85f1-9975a90670bd	4	151870381	151871415	12	-1.2063
3548956c-5962-45f1-85f1-9975a90670bd	4	151871739	171453876	12563	0.0197
3548956c-5962-45f1-85f1-9975a90670bd	4	171455823	171456559	7	-0.7777
3548956c-5962-45f1-85f1-9975a90670bd	4	171456573	189267889	12139	0.0231
3548956c-5962-45f1-85f1-9975a90670bd	4	189273964	189278110	4	-2.3795
3548956c-5962-45f1-85f1-9975a90670bd	4	189278617	190106768	350	0.0173
3548956c-5962-45f1-85f1-9975a90670bd	5	15532	527183	221	-0.0384
3548956c-5962-45f1-85f1-9975a90670bd	5	531110	808932	117	-0.23
3548956c-5962-45f1-85f1-9975a90670bd	5	817735	964135	61	0.0711
3548956c-5962-45f1-85f1-9975a90670bd	5	972205	1944149	563	-0.0489
3548956c-5962-45f1-85f1-9975a90670bd	5	1944373	19458679	13608	0.0223
3548956c-5962-45f1-85f1-9975a90670bd	5	19458912	19462162	4	-1.6215
3548956c-5962-45f1-85f1-9975a90670bd	5	19462729	58033756	21185	0.024
3548956c-5962-45f1-85f1-9975a90670bd	5	58033802	58037466	24	-0.4223
3548956c-5962-45f1-85f1-9975a90670bd	5	58037688	63304699	3466	0.0196
3548956c-5962-45f1-85f1-9975a90670bd	5	63306627	63886716	331	0.1048
3548956c-5962-45f1-85f1-9975a90670bd	5	63887110	99250234	19987	0.0196
3548956c-5962-45f1-85f1-9975a90670bd	5	99256359	99257506	2	-1.4131
3548956c-5962-45f1-85f1-9975a90670bd	5	99257749	118052727	12452	0.0212
3548956c-5962-45f1-85f1-9975a90670bd	5	118052915	118068645	11	-0.5595
3548956c-5962-45f1-85f1-9975a90670bd	5	118071110	152135825	21378	0.0168
3548956c-5962-45f1-85f1-9975a90670bd	5	152135909	152138790	13	-0.739
3548956c-5962-45f1-85f1-9975a90670bd	5	152140710	178680821	17926	0.0146
3548956c-5962-45f1-85f1-9975a90670bd	5	178682974	178686162	3	-2.9573
3548956c-5962-45f1-85f1-9975a90670bd	5	178691854	180754412	1236	0.0001
3548956c-5962-45f1-85f1-9975a90670bd	5	180754586	180766184	5	0.7581
3548956c-5962-45f1-85f1-9975a90670bd	5	180766199	180934813	101	0.0011
3548956c-5962-45f1-85f1-9975a90670bd	5	180934838	180991103	23	-0.4666
3548956c-5962-45f1-85f1-9975a90670bd	5	181006225	181363319	170	-0.0208
3548956c-5962-45f1-85f1-9975a90670bd	6	149661	258265	103	-0.0133
3548956c-5962-45f1-85f1-9975a90670bd	6	260376	360535	77	0.3064
3548956c-5962-45f1-85f1-9975a90670bd	6	360551	16087418	12386	0.0174
3548956c-5962-45f1-85f1-9975a90670bd	6	16088037	16088500	4	-1.3942
3548956c-5962-45f1-85f1-9975a90670bd	6	16088820	29869411	9093	0.018
3548956c-5962-45f1-85f1-9975a90670bd	6	29869537	29875657	7	0.2433
3548956c-5962-45f1-85f1-9975a90670bd	6	29876257	29882603	11	0.9819
3548956c-5962-45f1-85f1-9975a90670bd	6	29903859	29931120	11	-1.3619
3548956c-5962-45f1-85f1-9975a90670bd	6	29931900	31319445	654	0.0151
3548956c-5962-45f1-85f1-9975a90670bd	6	31319724	31327629	2	2.5316
3548956c-5962-45f1-85f1-9975a90670bd	6	31328176	32502142	510	-0.0332
3548956c-5962-45f1-85f1-9975a90670bd	6	32502190	32658841	57	-0.4232
3548956c-5962-45f1-85f1-9975a90670bd	6	32682835	32718419	36	0.074
3548956c-5962-45f1-85f1-9975a90670bd	6	32720838	32721076	3	1.2973
3548956c-5962-45f1-85f1-9975a90670bd	6	32721547	33970222	762	0.0056
3548956c-5962-45f1-85f1-9975a90670bd	6	33970966	33974928	7	-1.1079
3548956c-5962-45f1-85f1-9975a90670bd	6	33976809	43070457	5866	0.0156
3548956c-5962-45f1-85f1-9975a90670bd	6	43070853	43071350	6	-0.6807
3548956c-5962-45f1-85f1-9975a90670bd	6	43071679	52937446	6175	0.0213
3548956c-5962-45f1-85f1-9975a90670bd	6	52939880	52945552	6	-0.5697
3548956c-5962-45f1-85f1-9975a90670bd	6	52947531	54066269	840	0.0231
3548956c-5962-45f1-85f1-9975a90670bd	6	54066286	54067057	8	-0.8651
3548956c-5962-45f1-85f1-9975a90670bd	6	54070550	76726442	12168	0.0174
3548956c-5962-45f1-85f1-9975a90670bd	6	76726815	76743040	22	0.4463
3548956c-5962-45f1-85f1-9975a90670bd	6	76751356	78253172	977	0.0296
3548956c-5962-45f1-85f1-9975a90670bd	6	78259348	78329517	114	0.4009
3548956c-5962-45f1-85f1-9975a90670bd	6	78331916	125861617	29409	0.0222
3548956c-5962-45f1-85f1-9975a90670bd	6	125862546	125865630	3	-2.1409
3548956c-5962-45f1-85f1-9975a90670bd	6	125867747	159650812	22371	0.0176
3548956c-5962-45f1-85f1-9975a90670bd	6	159653386	159653413	2	-1.4332
3548956c-5962-45f1-85f1-9975a90670bd	6	159654671	162499180	2203	0.0233
3548956c-5962-45f1-85f1-9975a90670bd	6	162499341	162500650	6	-0.6188
3548956c-5962-45f1-85f1-9975a90670bd	6	162501104	167194527	3599	0.0159
3548956c-5962-45f1-85f1-9975a90670bd	6	167199775	168899819	951	-0.041
3548956c-5962-45f1-85f1-9975a90670bd	6	168901262	170741917	1154	0.0072
3548956c-5962-45f1-85f1-9975a90670bd	7	43355	57474821	40366	0.0157
3548956c-5962-45f1-85f1-9975a90670bd	7	57476405	57476932	3	-1.4503
3548956c-5962-45f1-85f1-9975a90670bd	7	57477003	70955452	4249	0.0188
3548956c-5962-45f1-85f1-9975a90670bd	7	70958264	70961155	2	-1.9665
3548956c-5962-45f1-85f1-9975a90670bd	7	70963257	80184967	4467	0.017
3548956c-5962-45f1-85f1-9975a90670bd	7	80185512	80185611	2	-1.1834
3548956c-5962-45f1-85f1-9975a90670bd	7	80188322	88548580	5290	0.0251
3548956c-5962-45f1-85f1-9975a90670bd	7	88548621	90579342	1349	0.0711
3548956c-5962-45f1-85f1-9975a90670bd	7	90581666	109797044	11211	0.0172
3548956c-5962-45f1-85f1-9975a90670bd	7	109797612	109813801	26	-0.3853
3548956c-5962-45f1-85f1-9975a90670bd	7	109813853	126404869	10031	0.0176
3548956c-5962-45f1-85f1-9975a90670bd	7	126404920	126406824	16	0.8754
3548956c-5962-45f1-85f1-9975a90670bd	7	126406825	134089581	4686	0.0162
3548956c-5962-45f1-85f1-9975a90670bd	7	134090386	134114401	44	-0.2784
3548956c-5962-45f1-85f1-9975a90670bd	7	134114444	135443540	997	0.0263
3548956c-5962-45f1-85f1-9975a90670bd	7	135446601	135458334	12	-0.4603
3548956c-5962-45f1-85f1-9975a90670bd	7	135462677	142063324	4185	0.0188
3548956c-5962-45f1-85f1-9975a90670bd	7	142069843	142099360	36	-0.6957
3548956c-5962-45f1-85f1-9975a90670bd	7	142105742	159334314	10863	0.0067
3548956c-5962-45f1-85f1-9975a90670bd	8	81254	8196822	7793	0.0122
3548956c-5962-45f1-85f1-9975a90670bd	8	8197738	8214781	3	-1.8635
3548956c-5962-45f1-85f1-9975a90670bd	8	8234503	12143614	3221	0.005
3548956c-5962-45f1-85f1-9975a90670bd	8	12176798	12389679	27	0.3789
3548956c-5962-45f1-85f1-9975a90670bd	8	12389813	12788880	116	-0.005
3548956c-5962-45f1-85f1-9975a90670bd	8	12791219	12791669	2	-1.6145
3548956c-5962-45f1-85f1-9975a90670bd	8	12794596	18617617	5430	0.0228
3548956c-5962-45f1-85f1-9975a90670bd	8	18617770	18621647	8	-0.6172
3548956c-5962-45f1-85f1-9975a90670bd	8	18621677	25114672	4870	0.0166
3548956c-5962-45f1-85f1-9975a90670bd	8	25116928	25117007	3	-0.8415
3548956c-5962-45f1-85f1-9975a90670bd	8	25117062	25126735	23	-2.4066
3548956c-5962-45f1-85f1-9975a90670bd	8	25126818	39393968	9024	0.0238
3548956c-5962-45f1-85f1-9975a90670bd	8	39398542	39505410	42	-0.2219
3548956c-5962-45f1-85f1-9975a90670bd	8	39505427	40324598	599	0.0099
3548956c-5962-45f1-85f1-9975a90670bd	8	40326278	40331992	34	-0.9222
3548956c-5962-45f1-85f1-9975a90670bd	8	40335391	46089253	1997	0.0365
3548956c-5962-45f1-85f1-9975a90670bd	8	46089809	46225073	38	-0.2215
3548956c-5962-45f1-85f1-9975a90670bd	8	46226889	46615926	111	0.0303
3548956c-5962-45f1-85f1-9975a90670bd	8	46616026	46623644	7	0.7773
3548956c-5962-45f1-85f1-9975a90670bd	8	46624924	119139771	44206	0.0217
3548956c-5962-45f1-85f1-9975a90670bd	8	119142545	119147207	4	-0.9273
3548956c-5962-45f1-85f1-9975a90670bd	8	119150615	141009999	16176	0.0187
3548956c-5962-45f1-85f1-9975a90670bd	8	141012587	144843736	1636	-0.0789
3548956c-5962-45f1-85f1-9975a90670bd	8	144843776	145072769	139	0.0166
3548956c-5962-45f1-85f1-9975a90670bd	9	46587	10403105	9971	0.0238
3548956c-5962-45f1-85f1-9975a90670bd	9	10404138	10404986	2	1.7668
3548956c-5962-45f1-85f1-9975a90670bd	9	10407943	11360225	786	0.0276
3548956c-5962-45f1-85f1-9975a90670bd	9	11360784	11366606	3	-1.1589
3548956c-5962-45f1-85f1-9975a90670bd	9	11366747	22492890	9081	0.0236
3548956c-5962-45f1-85f1-9975a90670bd	9	22501914	22502700	2	-3.5695
3548956c-5962-45f1-85f1-9975a90670bd	9	22509341	42585140	11480	0.0256
3548956c-5962-45f1-85f1-9975a90670bd	9	42697878	42715632	9	-0.677
3548956c-5962-45f1-85f1-9975a90670bd	9	42719891	61405110	45	-0.0763
3548956c-5962-45f1-85f1-9975a90670bd	9	61520021	61647899	30	-1.4394
3548956c-5962-45f1-85f1-9975a90670bd	9	61665362	87907679	14382	0.0143
3548956c-5962-45f1-85f1-9975a90670bd	9	87939236	87939304	2	-1.8154
3548956c-5962-45f1-85f1-9975a90670bd	9	87943042	95487916	5042	0.0115
3548956c-5962-45f1-85f1-9975a90670bd	9	95487949	95488277	3	-1.0777
3548956c-5962-45f1-85f1-9975a90670bd	9	95488676	129560958	23892	0.016
3548956c-5962-45f1-85f1-9975a90670bd	9	129561772	129572483	4	-2.3669
3548956c-5962-45f1-85f1-9975a90670bd	9	129572995	137358336	4359	0.0056
3548956c-5962-45f1-85f1-9975a90670bd	9	137358495	137361381	4	-1.1328
3548956c-5962-45f1-85f1-9975a90670bd	9	137378551	138200944	407	-0.0228
3548956c-5962-45f1-85f1-9975a90670bd	10	45792	13008005	10917	0.0098
3548956c-5962-45f1-85f1-9975a90670bd	10	13008023	13008170	4	-1.2512
3548956c-5962-45f1-85f1-9975a90670bd	10	13008428	26937062	10278	0.0163
3548956c-5962-45f1-85f1-9975a90670bd	10	26937169	26939544	11	0.4934
3548956c-5962-45f1-85f1-9975a90670bd	10	26941064	53244585	14578	0.0117
3548956c-5962-45f1-85f1-9975a90670bd	10	53246827	53268320	12	0.6691
3548956c-5962-45f1-85f1-9975a90670bd	10	53268386	79624118	17877	0.019
3548956c-5962-45f1-85f1-9975a90670bd	10	79624128	79737848	13	-0.7403
3548956c-5962-45f1-85f1-9975a90670bd	10	79747269	82070865	1521	0.0081
3548956c-5962-45f1-85f1-9975a90670bd	10	82071071	82071763	3	-1.322
3548956c-5962-45f1-85f1-9975a90670bd	10	82072548	108009873	16998	0.0132
3548956c-5962-45f1-85f1-9975a90670bd	10	108012174	108012221	2	-1.2372
3548956c-5962-45f1-85f1-9975a90670bd	10	108012689	122563736	10546	0.0141
3548956c-5962-45f1-85f1-9975a90670bd	10	122564250	122591497	8	0.6769
3548956c-5962-45f1-85f1-9975a90670bd	10	122597296	130453772	5891	0.0153
3548956c-5962-45f1-85f1-9975a90670bd	10	130455378	133654968	2012	-0.0378
3548956c-5962-45f1-85f1-9975a90670bd	11	198510	458784	105	-0.1497
3548956c-5962-45f1-85f1-9975a90670bd	11	460431	5766850	3128	0.0103
3548956c-5962-45f1-85f1-9975a90670bd	11	5766862	5791130	34	0.4919
3548956c-5962-45f1-85f1-9975a90670bd	11	5794956	6096746	243	-0.0371
3548956c-5962-45f1-85f1-9975a90670bd	11	6099417	6100864	2	-2.4478
3548956c-5962-45f1-85f1-9975a90670bd	11	6101273	18934703	9190	0.0172
3548956c-5962-45f1-85f1-9975a90670bd	11	18935143	18938568	6	-0.9516
3548956c-5962-45f1-85f1-9975a90670bd	11	18939550	55609022	21788	0.0227
3548956c-5962-45f1-85f1-9975a90670bd	11	55609035	55674842	39	0.6561
3548956c-5962-45f1-85f1-9975a90670bd	11	55676735	135074876	52315	0.0159
3548956c-5962-45f1-85f1-9975a90670bd	12	51460	149625	53	-0.0336
3548956c-5962-45f1-85f1-9975a90670bd	12	150039	218952	37	-0.288
3548956c-5962-45f1-85f1-9975a90670bd	12	219474	11083616	7151	0.02
3548956c-5962-45f1-85f1-9975a90670bd	12	11084237	11088933	3	1.0669
3548956c-5962-45f1-85f1-9975a90670bd	12	11099275	30082488	13250	0.0177
3548956c-5962-45f1-85f1-9975a90670bd	12	30082648	30091000	27	-0.5398
3548956c-5962-45f1-85f1-9975a90670bd	12	30091017	31108764	866	0.0167
3548956c-5962-45f1-85f1-9975a90670bd	12	31112123	31256945	90	0.5773
3548956c-5962-45f1-85f1-9975a90670bd	12	31257350	80446147	28444	0.0182
3548956c-5962-45f1-85f1-9975a90670bd	12	80446276	80456533	2	-2.3118
3548956c-5962-45f1-85f1-9975a90670bd	12	80458189	128376778	31525	0.0181
3548956c-5962-45f1-85f1-9975a90670bd	12	128376929	133201603	3390	-0.0164
3548956c-5962-45f1-85f1-9975a90670bd	13	18452809	23055048	2857	0.0101
3548956c-5962-45f1-85f1-9975a90670bd	13	23055071	23059376	13	0.7106
3548956c-5962-45f1-85f1-9975a90670bd	13	23064056	38478674	11331	0.0155
3548956c-5962-45f1-85f1-9975a90670bd	13	38483435	38483919	2	-1.6277
3548956c-5962-45f1-85f1-9975a90670bd	13	38490920	40700444	1689	0.023
3548956c-5962-45f1-85f1-9975a90670bd	13	40702921	40714117	5	-1.1643
3548956c-5962-45f1-85f1-9975a90670bd	13	40717658	114342922	48267	0.0216
3548956c-5962-45f1-85f1-9975a90670bd	14	18239283	18625765	13	-0.0559
3548956c-5962-45f1-85f1-9975a90670bd	14	18639714	19957350	153	-0.4056
3548956c-5962-45f1-85f1-9975a90670bd	14	19957701	73534419	34071	0.0187
3548956c-5962-45f1-85f1-9975a90670bd	14	73540003	73554275	8	-2.1506
3548956c-5962-45f1-85f1-9975a90670bd	14	73563196	85818410	8162	0.0188
3548956c-5962-45f1-85f1-9975a90670bd	14	85819968	85845829	15	-1.1381
3548956c-5962-45f1-85f1-9975a90670bd	14	85849791	85985567	89	-0.003
3548956c-5962-45f1-85f1-9975a90670bd	14	85994282	86022097	38	-0.9937
3548956c-5962-45f1-85f1-9975a90670bd	14	86023867	105701150	12366	0.0197
3548956c-5962-45f1-85f1-9975a90670bd	14	105728140	105733039	6	-1.029
3548956c-5962-45f1-85f1-9975a90670bd	14	105752248	105824578	41	0.1685
3548956c-5962-45f1-85f1-9975a90670bd	14	105824648	105960212	31	-0.08
3548956c-5962-45f1-85f1-9975a90670bd	14	105960223	106131664	44	0.151
3548956c-5962-45f1-85f1-9975a90670bd	14	106133352	106258732	53	-0.0928
3548956c-5962-45f1-85f1-9975a90670bd	14	106258891	106321086	35	0.2262
3548956c-5962-45f1-85f1-9975a90670bd	14	106340102	106346129	7	0.9777
3548956c-5962-45f1-85f1-9975a90670bd	14	106360014	106454986	59	0.028
3548956c-5962-45f1-85f1-9975a90670bd	14	106455391	106462183	20	0.5085
3548956c-5962-45f1-85f1-9975a90670bd	14	106462724	106877229	195	0.0517
3548956c-5962-45f1-85f1-9975a90670bd	15	19811075	20001686	45	0.0325
3548956c-5962-45f1-85f1-9975a90670bd	15	20011702	22385639	162	0.6374
3548956c-5962-45f1-85f1-9975a90670bd	15	22395047	24424598	991	0.026
3548956c-5962-45f1-85f1-9975a90670bd	15	24429604	24480146	35	-0.6371
3548956c-5962-45f1-85f1-9975a90670bd	15	24482084	61818279	23963	0.0177
3548956c-5962-45f1-85f1-9975a90670bd	15	61818731	61819101	2	-1.3597
3548956c-5962-45f1-85f1-9975a90670bd	15	61819647	101928837	26363	0.0159
3548956c-5962-45f1-85f1-9975a90670bd	16	10777	5557889	2623	-0.0061
3548956c-5962-45f1-85f1-9975a90670bd	16	5558088	5558150	2	-1.9194
3548956c-5962-45f1-85f1-9975a90670bd	16	5558336	21368130	11769	0.011
3548956c-5962-45f1-85f1-9975a90670bd	16	21401082	21574710	20	-0.4926
3548956c-5962-45f1-85f1-9975a90670bd	16	21575403	22430699	365	0.0002
3548956c-5962-45f1-85f1-9975a90670bd	16	22546611	22699421	73	-0.314
3548956c-5962-45f1-85f1-9975a90670bd	16	22701658	28742130	4058	0.0197
3548956c-5962-45f1-85f1-9975a90670bd	16	28752527	28813331	3	-1.035
3548956c-5962-45f1-85f1-9975a90670bd	16	28813550	30635374	504	-0.0378
3548956c-5962-45f1-85f1-9975a90670bd	16	30635952	30640912	2	1.263
3548956c-5962-45f1-85f1-9975a90670bd	16	30654255	32198553	562	0.007
3548956c-5962-45f1-85f1-9975a90670bd	16	32198778	32513457	11	-0.4591
3548956c-5962-45f1-85f1-9975a90670bd	16	32553191	78337711	21251	0.0165
3548956c-5962-45f1-85f1-9975a90670bd	16	78338543	78350868	17	0.9339
3548956c-5962-45f1-85f1-9975a90670bd	16	78351104	83854074	6227	0.0134
3548956c-5962-45f1-85f1-9975a90670bd	16	83854111	84871936	902	-0.0692
3548956c-5962-45f1-85f1-9975a90670bd	16	84875354	87368138	2255	-0.0002
3548956c-5962-45f1-85f1-9975a90670bd	16	87370769	87370784	2	-1.6321
3548956c-5962-45f1-85f1-9975a90670bd	16	87371254	88334893	496	-0.0033
3548956c-5962-45f1-85f1-9975a90670bd	16	88335725	90051246	703	-0.1232
3548956c-5962-45f1-85f1-9975a90670bd	16	90051612	90096867	33	0.0282
3548956c-5962-45f1-85f1-9975a90670bd	17	150733	1074619	493	-0.068
3548956c-5962-45f1-85f1-9975a90670bd	17	1083981	18113925	10723	0.0154
3548956c-5962-45f1-85f1-9975a90670bd	17	18114949	18414080	177	-0.0349
3548956c-5962-45f1-85f1-9975a90670bd	17	18452078	18561272	26	0.5439
3548956c-5962-45f1-85f1-9975a90670bd	17	18561907	28452035	2254	0.0098
3548956c-5962-45f1-85f1-9975a90670bd	17	28454323	28455301	2	-2.1887
3548956c-5962-45f1-85f1-9975a90670bd	17	28462253	36103020	4572	0.0119
3548956c-5962-45f1-85f1-9975a90670bd	17	36103057	36208249	41	-0.3004
3548956c-5962-45f1-85f1-9975a90670bd	17	36460442	41265456	2524	0.0193
3548956c-5962-45f1-85f1-9975a90670bd	17	41266762	41274279	24	1.2581
3548956c-5962-45f1-85f1-9975a90670bd	17	41276472	46085231	2498	0.007
3548956c-5962-45f1-85f1-9975a90670bd	17	46085732	46569894	130	0.3567
3548956c-5962-45f1-85f1-9975a90670bd	17	46571001	73943114	16891	0.0173
3548956c-5962-45f1-85f1-9975a90670bd	17	73944079	74769864	512	-0.0808
3548956c-5962-45f1-85f1-9975a90670bd	17	74770161	83091923	4166	0.0007
3548956c-5962-45f1-85f1-9975a90670bd	18	48133	66289674	40537	0.0254
3548956c-5962-45f1-85f1-9975a90670bd	18	66291331	66298026	4	-1.2937
3548956c-5962-45f1-85f1-9975a90670bd	18	66298033	80257174	10205	0.0248
3548956c-5962-45f1-85f1-9975a90670bd	19	90910	9163124	3388	0.0022
3548956c-5962-45f1-85f1-9975a90670bd	19	9163996	9166800	4	-1.2725
3548956c-5962-45f1-85f1-9975a90670bd	19	9167445	58586487	25721	0.0118
3548956c-5962-45f1-85f1-9975a90670bd	20	80664	1571811	1183	-0.0163
3548956c-5962-45f1-85f1-9975a90670bd	20	1576544	1580934	22	-0.8194
3548956c-5962-45f1-85f1-9975a90670bd	20	1581021	1601561	35	-0.0212
3548956c-5962-45f1-85f1-9975a90670bd	20	1609611	1613247	5	1.807
3548956c-5962-45f1-85f1-9975a90670bd	20	1617300	26324855	18771	0.018
3548956c-5962-45f1-85f1-9975a90670bd	20	26324943	30259177	16	-0.6385
3548956c-5962-45f1-85f1-9975a90670bd	20	30271154	46163333	9200	0.0171
3548956c-5962-45f1-85f1-9975a90670bd	20	46163994	46164476	2	-1.2341
3548956c-5962-45f1-85f1-9975a90670bd	20	46169752	50165997	2779	0.0216
3548956c-5962-45f1-85f1-9975a90670bd	20	50175182	50176256	2	-1.4315
3548956c-5962-45f1-85f1-9975a90670bd	20	50178380	50182546	6	-0.2245
3548956c-5962-45f1-85f1-9975a90670bd	20	50186081	63539265	10037	0.0189
3548956c-5962-45f1-85f1-9975a90670bd	20	63555881	64240305	290	-0.0923
3548956c-5962-45f1-85f1-9975a90670bd	20	64240599	64240906	2	-1.8669
3548956c-5962-45f1-85f1-9975a90670bd	20	64242906	64245166	3	-0.5675
3548956c-5962-45f1-85f1-9975a90670bd	20	64245651	64284715	28	-0.0284
3548956c-5962-45f1-85f1-9975a90670bd	20	64323342	64324800	5	-0.9938
3548956c-5962-45f1-85f1-9975a90670bd	21	10354168	10569525	55	0.094
3548956c-5962-45f1-85f1-9975a90670bd	21	10571815	10775586	32	-0.2664
3548956c-5962-45f1-85f1-9975a90670bd	21	12973348	14244308	359	0.0364
3548956c-5962-45f1-85f1-9975a90670bd	21	14244366	14244451	4	-0.9591
3548956c-5962-45f1-85f1-9975a90670bd	21	14248070	22278814	5854	0.023
3548956c-5962-45f1-85f1-9975a90670bd	21	22283580	22292338	9	-0.9311
3548956c-5962-45f1-85f1-9975a90670bd	21	22294679	46677045	17554	0.0136
3548956c-5962-45f1-85f1-9975a90670bd	22	15294547	16576248	70	-0.1034
3548956c-5962-45f1-85f1-9975a90670bd	22	16577726	18190590	1060	0.026
3548956c-5962-45f1-85f1-9975a90670bd	22	18392404	23987520	3265	-0.0411
3548956c-5962-45f1-85f1-9975a90670bd	22	23988078	37346951	10031	0.0126
3548956c-5962-45f1-85f1-9975a90670bd	22	37352689	37353906	4	-1.0364
3548956c-5962-45f1-85f1-9975a90670bd	22	37354627	40749600	1686	0.0146
3548956c-5962-45f1-85f1-9975a90670bd	22	40751321	40756027	3	-1.9257
3548956c-5962-45f1-85f1-9975a90670bd	22	40757172	48833553	5908	0.0142
3548956c-5962-45f1-85f1-9975a90670bd	22	48833817	48874730	13	-0.4477
3548956c-5962-45f1-85f1-9975a90670bd	22	48877479	49227255	349	-0.0812
3548956c-5962-45f1-85f1-9975a90670bd	22	49229360	49229548	2	-1.5586
3548956c-5962-45f1-85f1-9975a90670bd	22	49231343	50796027	881	-0.0944
3548956c-5962-45f1-85f1-9975a90670bd	X	251810	24388770	14804	0.0087
3548956c-5962-45f1-85f1-9975a90670bd	X	24390934	38630207	9071	0.03
3548956c-5962-45f1-85f1-9975a90670bd	X	38630880	63193211	9676	0.0084
3548956c-5962-45f1-85f1-9975a90670bd	X	63250575	63258382	9	2.4929
3548956c-5962-45f1-85f1-9975a90670bd	X	63261022	63285991	12	1.3368
3548956c-5962-45f1-85f1-9975a90670bd	X	63297125	80935822	7961	0.0124
3548956c-5962-45f1-85f1-9975a90670bd	X	80936484	80936491	2	-1.1265
3548956c-5962-45f1-85f1-9975a90670bd	X	80942364	81862131	457	0.014
3548956c-5962-45f1-85f1-9975a90670bd	X	81862813	81870799	2	-0.906
3548956c-5962-45f1-85f1-9975a90670bd	X	81871170	84600753	1368	0.0203
3548956c-5962-45f1-85f1-9975a90670bd	X	84604417	84609854	5	-0.8941
3548956c-5962-45f1-85f1-9975a90670bd	X	84611694	134213450	27252	0.0221
3548956c-5962-45f1-85f1-9975a90670bd	X	134213724	134214222	2	-1.4723
3548956c-5962-45f1-85f1-9975a90670bd	X	134221718	152644427	11642	0.0212
3548956c-5962-45f1-85f1-9975a90670bd	X	152646266	154334108	799	-0.0456
3548956c-5962-45f1-85f1-9975a90670bd	X	154334428	154382366	49	-0.3198
3548956c-5962-45f1-85f1-9975a90670bd	X	154382547	154781072	138	-0.0665
3548956c-5962-45f1-85f1-9975a90670bd	X	154781537	155952689	397	0.017
3548956c-5962-45f1-85f1-9975a90670bd	Y	2782397	6233384	783	-2.7324
3548956c-5962-45f1-85f1-9975a90670bd	Y	6249869	23586854	5663	-3.1219
3548956c-5962-45f1-85f1-9975a90670bd	Y	23784615	56872112	192	-2.7618
