GDC_Aliquot	Chromosome	Start	End	Num_Probes	Segment_Mean
3c059331-99ff-4141-8c09-9d7017f0f29c	1	62920	3020748	614	-0.1095
3c059331-99ff-4141-8c09-9d7017f0f29c	1	3022133	16643961	7973	-0.0085
3c059331-99ff-4141-8c09-9d7017f0f29c	1	16679239	16951445	83	-0.4209
3c059331-99ff-4141-8c09-9d7017f0f29c	1	16955930	72303233	33611	0.0012
3c059331-99ff-4141-8c09-9d7017f0f29c	1	72303253	72345450	44	1.4797
3c059331-99ff-4141-8c09-9d7017f0f29c	1	72345465	74165826	1070	0.0038
3c059331-99ff-4141-8c09-9d7017f0f29c	1	74178625	74186480	9	-1.0876
3c059331-99ff-4141-8c09-9d7017f0f29c	1	74189012	75585159	825	0.0152
3c059331-99ff-4141-8c09-9d7017f0f29c	1	75589078	75589169	2	-1.9959
3c059331-99ff-4141-8c09-9d7017f0f29c	1	75593824	109684893	21433	0.011
3c059331-99ff-4141-8c09-9d7017f0f29c	1	109690352	109697556	13	1.528
3c059331-99ff-4141-8c09-9d7017f0f29c	1	109702376	152583051	9463	0.0156
3c059331-99ff-4141-8c09-9d7017f0f29c	1	152583230	152614118	35	1.3781
3c059331-99ff-4141-8c09-9d7017f0f29c	1	152618018	152784330	162	-0.039
3c059331-99ff-4141-8c09-9d7017f0f29c	1	152785214	152804279	41	0.4346
3c059331-99ff-4141-8c09-9d7017f0f29c	1	152805967	181872308	19343	0.0068
3c059331-99ff-4141-8c09-9d7017f0f29c	1	181872860	181897342	16	-0.5742
3c059331-99ff-4141-8c09-9d7017f0f29c	1	181898861	196729184	9705	0.0056
3c059331-99ff-4141-8c09-9d7017f0f29c	1	196735867	196829693	68	0.2745
3c059331-99ff-4141-8c09-9d7017f0f29c	1	196830158	196923828	66	-0.8162
3c059331-99ff-4141-8c09-9d7017f0f29c	1	196926551	222193326	17090	0.0076
3c059331-99ff-4141-8c09-9d7017f0f29c	1	222201492	222203662	2	-2.4012
3c059331-99ff-4141-8c09-9d7017f0f29c	1	222208792	247501852	17387	0.0004
3c059331-99ff-4141-8c09-9d7017f0f29c	1	247502294	248546369	611	0.104
3c059331-99ff-4141-8c09-9d7017f0f29c	1	248550567	248631988	33	-2.0289
3c059331-99ff-4141-8c09-9d7017f0f29c	1	248633821	248930189	143	0.0141
3c059331-99ff-4141-8c09-9d7017f0f29c	2	12784	7089698	5479	-0.0096
3c059331-99ff-4141-8c09-9d7017f0f29c	2	7093393	7094345	10	-1.3598
3c059331-99ff-4141-8c09-9d7017f0f29c	2	7096019	34466002	18285	0.008
3c059331-99ff-4141-8c09-9d7017f0f29c	2	34474248	34512096	47	0.6526
3c059331-99ff-4141-8c09-9d7017f0f29c	2	34512489	89933871	35359	0.0151
3c059331-99ff-4141-8c09-9d7017f0f29c	2	89936810	90235899	125	-0.7483
3c059331-99ff-4141-8c09-9d7017f0f29c	2	90262403	97359885	941	0.0026
3c059331-99ff-4141-8c09-9d7017f0f29c	2	97524284	97545726	9	-1.1593
3c059331-99ff-4141-8c09-9d7017f0f29c	2	97550415	106049647	5346	0.0097
3c059331-99ff-4141-8c09-9d7017f0f29c	2	106050168	106054071	2	-2.4114
3c059331-99ff-4141-8c09-9d7017f0f29c	2	106054329	146107015	23713	0.0074
3c059331-99ff-4141-8c09-9d7017f0f29c	2	146107511	146109366	19	1.02
3c059331-99ff-4141-8c09-9d7017f0f29c	2	146120238	173725212	16724	0.0064
3c059331-99ff-4141-8c09-9d7017f0f29c	2	173728221	173732840	4	-1.5502
3c059331-99ff-4141-8c09-9d7017f0f29c	2	173732928	207490231	19818	0.0123
3c059331-99ff-4141-8c09-9d7017f0f29c	2	207490454	207495498	22	-0.794
3c059331-99ff-4141-8c09-9d7017f0f29c	2	207495544	235949572	18166	0.0047
3c059331-99ff-4141-8c09-9d7017f0f29c	2	235950057	235950274	2	-2.6531
3c059331-99ff-4141-8c09-9d7017f0f29c	2	235953182	241993382	3532	-0.0095
3c059331-99ff-4141-8c09-9d7017f0f29c	2	241994287	242015916	12	-0.8023
3c059331-99ff-4141-8c09-9d7017f0f29c	2	242016022	242147305	94	0.082
3c059331-99ff-4141-8c09-9d7017f0f29c	3	20930	6611645	5751	0.0508
3c059331-99ff-4141-8c09-9d7017f0f29c	3	6613391	14794358	6072	-0.0011
3c059331-99ff-4141-8c09-9d7017f0f29c	3	14794678	14795966	2	2.2424
3c059331-99ff-4141-8c09-9d7017f0f29c	3	14795997	59782560	28034	0.0076
3c059331-99ff-4141-8c09-9d7017f0f29c	3	59782623	61035665	1372	0.0995
3c059331-99ff-4141-8c09-9d7017f0f29c	3	61035828	68697013	5935	-0.0002
3c059331-99ff-4141-8c09-9d7017f0f29c	3	68697108	68698262	14	2.1423
3c059331-99ff-4141-8c09-9d7017f0f29c	3	68699607	82706220	8872	-0.0023
3c059331-99ff-4141-8c09-9d7017f0f29c	3	82706841	82709592	3	-2.3148
3c059331-99ff-4141-8c09-9d7017f0f29c	3	82712909	89355967	3634	-0.0035
3c059331-99ff-4141-8c09-9d7017f0f29c	3	89356604	89370231	39	-0.6301
3c059331-99ff-4141-8c09-9d7017f0f29c	3	89370771	116378604	13479	0.0083
3c059331-99ff-4141-8c09-9d7017f0f29c	3	116380194	116390357	23	-0.9464
3c059331-99ff-4141-8c09-9d7017f0f29c	3	116392988	118706139	1670	0.0028
3c059331-99ff-4141-8c09-9d7017f0f29c	3	118706615	118706637	2	-2.5228
3c059331-99ff-4141-8c09-9d7017f0f29c	3	118706699	130044016	6559	0.0035
3c059331-99ff-4141-8c09-9d7017f0f29c	3	130044855	130087393	38	0.5599
3c059331-99ff-4141-8c09-9d7017f0f29c	3	130088081	162807070	20024	0.0104
3c059331-99ff-4141-8c09-9d7017f0f29c	3	162810842	162822702	10	1.5772
3c059331-99ff-4141-8c09-9d7017f0f29c	3	162827928	162906093	45	0.1918
3c059331-99ff-4141-8c09-9d7017f0f29c	3	162906109	162908815	5	-1.047
3c059331-99ff-4141-8c09-9d7017f0f29c	3	162910826	162996729	70	0.0278
3c059331-99ff-4141-8c09-9d7017f0f29c	3	162999939	163001774	2	-2.7581
3c059331-99ff-4141-8c09-9d7017f0f29c	3	163008371	165541222	1386	-0.0076
3c059331-99ff-4141-8c09-9d7017f0f29c	3	165548290	165579861	41	-0.6806
3c059331-99ff-4141-8c09-9d7017f0f29c	3	165580788	184631309	11428	0.0139
3c059331-99ff-4141-8c09-9d7017f0f29c	3	184631812	184636311	3	-1.5815
3c059331-99ff-4141-8c09-9d7017f0f29c	3	184637335	189642965	3546	0.0124
3c059331-99ff-4141-8c09-9d7017f0f29c	3	189645889	189654574	15	-0.7121
3c059331-99ff-4141-8c09-9d7017f0f29c	3	189654625	193160256	2458	0.0119
3c059331-99ff-4141-8c09-9d7017f0f29c	3	193160406	193165114	17	-1.147
3c059331-99ff-4141-8c09-9d7017f0f29c	3	193168646	195558822	1457	0.0147
3c059331-99ff-4141-8c09-9d7017f0f29c	3	195559056	195747892	45	-0.5984
3c059331-99ff-4141-8c09-9d7017f0f29c	3	195751823	198169247	1152	-0.0179
3c059331-99ff-4141-8c09-9d7017f0f29c	4	68929	780829	265	-0.0004
3c059331-99ff-4141-8c09-9d7017f0f29c	4	783123	783946	2	-2.084
3c059331-99ff-4141-8c09-9d7017f0f29c	4	788513	8722817	4768	-0.0125
3c059331-99ff-4141-8c09-9d7017f0f29c	4	9370577	9494650	67	0.5798
3c059331-99ff-4141-8c09-9d7017f0f29c	4	9496201	10208570	531	-0.0045
3c059331-99ff-4141-8c09-9d7017f0f29c	4	10208670	10229874	30	-0.6956
3c059331-99ff-4141-8c09-9d7017f0f29c	4	10232590	34785527	16796	0.0066
3c059331-99ff-4141-8c09-9d7017f0f29c	4	34785541	34822561	33	-0.4302
3c059331-99ff-4141-8c09-9d7017f0f29c	4	34823103	42893621	5289	0.0075
3c059331-99ff-4141-8c09-9d7017f0f29c	4	42893698	43322138	312	0.1535
3c059331-99ff-4141-8c09-9d7017f0f29c	4	43324183	48493598	3027	0.0134
3c059331-99ff-4141-8c09-9d7017f0f29c	4	48493645	48744592	94	0.2499
3c059331-99ff-4141-8c09-9d7017f0f29c	4	48744605	49214614	151	-0.0119
3c059331-99ff-4141-8c09-9d7017f0f29c	4	49289175	49656595	21	0.5381
3c059331-99ff-4141-8c09-9d7017f0f29c	4	51819533	68530206	10358	-0.0045
3c059331-99ff-4141-8c09-9d7017f0f29c	4	68530744	68604416	44	-0.5732
3c059331-99ff-4141-8c09-9d7017f0f29c	4	68607160	69523998	487	0.0767
3c059331-99ff-4141-8c09-9d7017f0f29c	4	69524143	69525061	2	-2.5196
3c059331-99ff-4141-8c09-9d7017f0f29c	4	69526170	82711820	8098	0.0084
3c059331-99ff-4141-8c09-9d7017f0f29c	4	82712673	82719179	12	-1.101
3c059331-99ff-4141-8c09-9d7017f0f29c	4	82720673	86054070	2081	0.0025
3c059331-99ff-4141-8c09-9d7017f0f29c	4	86054941	86058548	18	-0.5619
3c059331-99ff-4141-8c09-9d7017f0f29c	4	86058611	101160899	8869	0.0049
3c059331-99ff-4141-8c09-9d7017f0f29c	4	101162735	101163458	5	-1.5633
3c059331-99ff-4141-8c09-9d7017f0f29c	4	101165223	150947789	29195	0.0053
3c059331-99ff-4141-8c09-9d7017f0f29c	4	150955157	150963146	24	-0.6562
3c059331-99ff-4141-8c09-9d7017f0f29c	4	150963148	151870485	451	0.012
3c059331-99ff-4141-8c09-9d7017f0f29c	4	151870502	151871415	9	-0.9181
3c059331-99ff-4141-8c09-9d7017f0f29c	4	151871739	154881396	1919	0.0018
3c059331-99ff-4141-8c09-9d7017f0f29c	4	154881853	154881926	3	-3.094
3c059331-99ff-4141-8c09-9d7017f0f29c	4	154882047	171448195	10468	0.0023
3c059331-99ff-4141-8c09-9d7017f0f29c	4	171453733	171456625	12	2.0662
3c059331-99ff-4141-8c09-9d7017f0f29c	4	171459220	190106768	12312	0.012
3c059331-99ff-4141-8c09-9d7017f0f29c	5	15532	773453	331	-0.0645
3c059331-99ff-4141-8c09-9d7017f0f29c	5	779766	833513	20	0.7435
3c059331-99ff-4141-8c09-9d7017f0f29c	5	852451	6873817	5056	-0.0102
3c059331-99ff-4141-8c09-9d7017f0f29c	5	6874651	6875264	2	-3.5649
3c059331-99ff-4141-8c09-9d7017f0f29c	5	6878209	12791608	4652	0.0116
3c059331-99ff-4141-8c09-9d7017f0f29c	5	12800777	13144570	101	0.2446
3c059331-99ff-4141-8c09-9d7017f0f29c	5	13148802	29077540	9756	0.0024
3c059331-99ff-4141-8c09-9d7017f0f29c	5	29077675	29078527	11	-1.0901
3c059331-99ff-4141-8c09-9d7017f0f29c	5	29082473	82765591	29894	0.0081
3c059331-99ff-4141-8c09-9d7017f0f29c	5	82768029	82768221	2	-2.4636
3c059331-99ff-4141-8c09-9d7017f0f29c	5	82771326	150822643	41492	0.0035
3c059331-99ff-4141-8c09-9d7017f0f29c	5	150825938	150839042	8	-2.9601
3c059331-99ff-4141-8c09-9d7017f0f29c	5	150843825	156049910	3584	-0.0013
3c059331-99ff-4141-8c09-9d7017f0f29c	5	156049988	156055719	12	-0.6722
3c059331-99ff-4141-8c09-9d7017f0f29c	5	156068240	168945547	8695	0.0041
3c059331-99ff-4141-8c09-9d7017f0f29c	5	168953350	168953433	3	-1.6667
3c059331-99ff-4141-8c09-9d7017f0f29c	5	168953541	174139713	3815	-0.0069
3c059331-99ff-4141-8c09-9d7017f0f29c	5	174140763	174140804	2	-2.0143
3c059331-99ff-4141-8c09-9d7017f0f29c	5	174140952	177771448	2119	-0.0014
3c059331-99ff-4141-8c09-9d7017f0f29c	5	177800550	177805604	3	3.3586
3c059331-99ff-4141-8c09-9d7017f0f29c	5	177827964	181363319	1966	-0.0155
3c059331-99ff-4141-8c09-9d7017f0f29c	6	149661	254267	99	-0.0148
3c059331-99ff-4141-8c09-9d7017f0f29c	6	254283	334825	44	0.4568
3c059331-99ff-4141-8c09-9d7017f0f29c	6	336218	19042587	14444	-0.0006
3c059331-99ff-4141-8c09-9d7017f0f29c	6	19044471	19044667	6	1.6017
3c059331-99ff-4141-8c09-9d7017f0f29c	6	19050511	31313046	7447	0.0048
3c059331-99ff-4141-8c09-9d7017f0f29c	6	31318499	31342147	12	0.9847
3c059331-99ff-4141-8c09-9d7017f0f29c	6	31349570	32525068	502	-0.0443
3c059331-99ff-4141-8c09-9d7017f0f29c	6	32525591	32572834	15	-0.714
3c059331-99ff-4141-8c09-9d7017f0f29c	6	32576532	40523610	5047	0.0001
3c059331-99ff-4141-8c09-9d7017f0f29c	6	40523959	40528602	4	-2.1497
3c059331-99ff-4141-8c09-9d7017f0f29c	6	40531165	45811995	3141	-0.001
3c059331-99ff-4141-8c09-9d7017f0f29c	6	45812209	45812519	2	-3.2311
3c059331-99ff-4141-8c09-9d7017f0f29c	6	45814288	54066269	5352	0.006
3c059331-99ff-4141-8c09-9d7017f0f29c	6	54066286	54067057	8	1.0214
3c059331-99ff-4141-8c09-9d7017f0f29c	6	54070550	64427201	4051	0.0013
3c059331-99ff-4141-8c09-9d7017f0f29c	6	64430332	64436370	3	-1.9423
3c059331-99ff-4141-8c09-9d7017f0f29c	6	64437501	64627049	121	-0.0523
3c059331-99ff-4141-8c09-9d7017f0f29c	6	64637651	64642128	5	-1.4063
3c059331-99ff-4141-8c09-9d7017f0f29c	6	64643440	78238226	8817	0.0035
3c059331-99ff-4141-8c09-9d7017f0f29c	6	78240104	78336944	134	0.3466
3c059331-99ff-4141-8c09-9d7017f0f29c	6	78341897	103286928	15290	0.0053
3c059331-99ff-4141-8c09-9d7017f0f29c	6	103286941	103311304	37	0.8593
3c059331-99ff-4141-8c09-9d7017f0f29c	6	103311341	162215598	37726	0.0063
3c059331-99ff-4141-8c09-9d7017f0f29c	6	162218067	162417652	147	-0.9097
3c059331-99ff-4141-8c09-9d7017f0f29c	6	162419191	165310563	2156	0.0139
3c059331-99ff-4141-8c09-9d7017f0f29c	6	165318037	165318439	2	-1.8976
3c059331-99ff-4141-8c09-9d7017f0f29c	6	165321163	170741917	3544	-0.0191
3c059331-99ff-4141-8c09-9d7017f0f29c	7	43355	126404920	76175	0.0074
3c059331-99ff-4141-8c09-9d7017f0f29c	7	126405428	126406822	13	-1.1236
3c059331-99ff-4141-8c09-9d7017f0f29c	7	126406823	133981276	4567	-0.0006
3c059331-99ff-4141-8c09-9d7017f0f29c	7	133985763	133986562	3	-2.0026
3c059331-99ff-4141-8c09-9d7017f0f29c	7	133990345	159334314	16019	0
3c059331-99ff-4141-8c09-9d7017f0f29c	8	81254	285379	72	-0.0277
3c059331-99ff-4141-8c09-9d7017f0f29c	8	287333	287740	6	-1.109
3c059331-99ff-4141-8c09-9d7017f0f29c	8	288516	645875	250	-0.0151
3c059331-99ff-4141-8c09-9d7017f0f29c	8	645892	645908	2	3.7025
3c059331-99ff-4141-8c09-9d7017f0f29c	8	656117	1872579	888	-0.0245
3c059331-99ff-4141-8c09-9d7017f0f29c	8	1873326	1873350	2	-2.0933
3c059331-99ff-4141-8c09-9d7017f0f29c	8	1874273	3929538	2091	0.0121
3c059331-99ff-4141-8c09-9d7017f0f29c	8	3929561	3932515	22	-0.5494
3c059331-99ff-4141-8c09-9d7017f0f29c	8	3932584	4137245	311	0.0151
3c059331-99ff-4141-8c09-9d7017f0f29c	8	4140085	4146769	27	-0.9765
3c059331-99ff-4141-8c09-9d7017f0f29c	8	4146976	7182331	3947	0.0249
3c059331-99ff-4141-8c09-9d7017f0f29c	8	7185818	7422376	29	-1.0205
3c059331-99ff-4141-8c09-9d7017f0f29c	8	7425015	13741542	4279	0.0108
3c059331-99ff-4141-8c09-9d7017f0f29c	8	13741592	13752181	28	-0.6571
3c059331-99ff-4141-8c09-9d7017f0f29c	8	13752255	16402103	2437	0.0154
3c059331-99ff-4141-8c09-9d7017f0f29c	8	16404726	16417152	28	-0.5501
3c059331-99ff-4141-8c09-9d7017f0f29c	8	16421186	25117985	6766	0.0073
3c059331-99ff-4141-8c09-9d7017f0f29c	8	25118055	25126818	22	-0.9349
3c059331-99ff-4141-8c09-9d7017f0f29c	8	25133589	32829101	5349	-0.0018
3c059331-99ff-4141-8c09-9d7017f0f29c	8	32829941	32830685	2	2.1814
3c059331-99ff-4141-8c09-9d7017f0f29c	8	32830895	39372806	3542	-0.0041
3c059331-99ff-4141-8c09-9d7017f0f29c	8	39373140	39527675	59	-0.3874
3c059331-99ff-4141-8c09-9d7017f0f29c	8	39529446	106005452	38359	0.0071
3c059331-99ff-4141-8c09-9d7017f0f29c	8	106006026	106333270	209	0.1859
3c059331-99ff-4141-8c09-9d7017f0f29c	8	106333664	138371516	21943	0.0033
3c059331-99ff-4141-8c09-9d7017f0f29c	8	138371574	138372458	3	-2.0507
3c059331-99ff-4141-8c09-9d7017f0f29c	8	138372665	145072769	3685	-0.0285
3c059331-99ff-4141-8c09-9d7017f0f29c	9	46587	510700	381	0.0159
3c059331-99ff-4141-8c09-9d7017f0f29c	9	510862	526993	17	-0.7016
3c059331-99ff-4141-8c09-9d7017f0f29c	9	531565	602903	101	0.102
3c059331-99ff-4141-8c09-9d7017f0f29c	9	606699	607307	5	-1.9525
3c059331-99ff-4141-8c09-9d7017f0f29c	9	607519	6555183	5654	0.024
3c059331-99ff-4141-8c09-9d7017f0f29c	9	6555311	6555424	3	-2.3757
3c059331-99ff-4141-8c09-9d7017f0f29c	9	6556839	114325122	57379	0.0121
3c059331-99ff-4141-8c09-9d7017f0f29c	9	114326042	114331901	3	-2.019
3c059331-99ff-4141-8c09-9d7017f0f29c	9	114332833	135327017	13803	0.003
3c059331-99ff-4141-8c09-9d7017f0f29c	9	135327305	135327897	4	-1.6315
3c059331-99ff-4141-8c09-9d7017f0f29c	9	135328011	136532614	497	0.0221
3c059331-99ff-4141-8c09-9d7017f0f29c	9	136536903	136537300	3	-1.4774
3c059331-99ff-4141-8c09-9d7017f0f29c	9	136539349	138200944	592	-0.0138
3c059331-99ff-4141-8c09-9d7017f0f29c	10	45792	4248622	3518	0.0134
3c059331-99ff-4141-8c09-9d7017f0f29c	10	4248646	4248824	3	1.7006
3c059331-99ff-4141-8c09-9d7017f0f29c	10	4251879	24086334	15409	0.0098
3c059331-99ff-4141-8c09-9d7017f0f29c	10	24088745	24088753	7	1.3474
3c059331-99ff-4141-8c09-9d7017f0f29c	10	24088989	46526061	12346	-0.0014
3c059331-99ff-4141-8c09-9d7017f0f29c	10	46526086	46836986	43	-0.6447
3c059331-99ff-4141-8c09-9d7017f0f29c	10	46898735	105296521	37885	0.0063
3c059331-99ff-4141-8c09-9d7017f0f29c	10	105297280	105299412	3	-2.9525
3c059331-99ff-4141-8c09-9d7017f0f29c	10	105302718	132146250	19653	-0.0031
3c059331-99ff-4141-8c09-9d7017f0f29c	10	132147013	132147990	2	-2.3442
3c059331-99ff-4141-8c09-9d7017f0f29c	10	132151983	133654968	653	-0.0099
3c059331-99ff-4141-8c09-9d7017f0f29c	11	198510	5766175	3189	0.0125
3c059331-99ff-4141-8c09-9d7017f0f29c	11	5766850	5787909	32	-2.2635
3c059331-99ff-4141-8c09-9d7017f0f29c	11	5788108	36911447	22446	0.0104
3c059331-99ff-4141-8c09-9d7017f0f29c	11	36911933	37634995	482	0.1414
3c059331-99ff-4141-8c09-9d7017f0f29c	11	37635189	38432871	469	-0.0284
3c059331-99ff-4141-8c09-9d7017f0f29c	11	38436398	38445786	17	-0.8534
3c059331-99ff-4141-8c09-9d7017f0f29c	11	38446563	48576870	6246	0.0097
3c059331-99ff-4141-8c09-9d7017f0f29c	11	48579882	48584766	3	1.5253
3c059331-99ff-4141-8c09-9d7017f0f29c	11	48586605	54924229	930	0.0224
3c059331-99ff-4141-8c09-9d7017f0f29c	11	54933825	54934156	3	-1.7753
3c059331-99ff-4141-8c09-9d7017f0f29c	11	54940988	55606712	239	0.0359
3c059331-99ff-4141-8c09-9d7017f0f29c	11	55606727	55685533	56	0.6093
3c059331-99ff-4141-8c09-9d7017f0f29c	11	55686100	64857840	5072	0.007
3c059331-99ff-4141-8c09-9d7017f0f29c	11	64858519	65894607	399	-0.1302
3c059331-99ff-4141-8c09-9d7017f0f29c	11	65902628	86594619	12070	0.0051
3c059331-99ff-4141-8c09-9d7017f0f29c	11	86594771	86595012	4	-1.8429
3c059331-99ff-4141-8c09-9d7017f0f29c	11	86604132	89966336	2094	0.007
3c059331-99ff-4141-8c09-9d7017f0f29c	11	90043678	90077170	4	-1.412
3c059331-99ff-4141-8c09-9d7017f0f29c	11	90085142	90833345	538	-0.0043
3c059331-99ff-4141-8c09-9d7017f0f29c	11	90835019	90837870	4	-2.9479
3c059331-99ff-4141-8c09-9d7017f0f29c	11	90838996	135074876	31457	0.0056
3c059331-99ff-4141-8c09-9d7017f0f29c	12	51460	8404097	5532	0.0023
3c059331-99ff-4141-8c09-9d7017f0f29c	12	8405892	8409838	9	0.6024
3c059331-99ff-4141-8c09-9d7017f0f29c	12	8410039	8415028	3	1.928
3c059331-99ff-4141-8c09-9d7017f0f29c	12	8422427	11358644	1742	0.0212
3c059331-99ff-4141-8c09-9d7017f0f29c	12	11359558	11399818	32	-0.7333
3c059331-99ff-4141-8c09-9d7017f0f29c	12	11399848	33141726	15159	0.0111
3c059331-99ff-4141-8c09-9d7017f0f29c	12	33148472	33154440	27	-0.7125
3c059331-99ff-4141-8c09-9d7017f0f29c	12	33155426	99401870	38847	0.0055
3c059331-99ff-4141-8c09-9d7017f0f29c	12	99401959	99403311	17	-0.8037
3c059331-99ff-4141-8c09-9d7017f0f29c	12	99404031	133201603	22463	0.0031
3c059331-99ff-4141-8c09-9d7017f0f29c	13	18452809	19547319	526	0.0079
3c059331-99ff-4141-8c09-9d7017f0f29c	13	19549755	19549770	2	3.1312
3c059331-99ff-4141-8c09-9d7017f0f29c	13	19550361	57176962	25133	0.0098
3c059331-99ff-4141-8c09-9d7017f0f29c	13	57184136	57215580	35	-1.5956
3c059331-99ff-4141-8c09-9d7017f0f29c	13	57215875	68668030	6806	0.0139
3c059331-99ff-4141-8c09-9d7017f0f29c	13	68668047	68675349	9	-0.7088
3c059331-99ff-4141-8c09-9d7017f0f29c	13	68676647	68676903	5	0.3864
3c059331-99ff-4141-8c09-9d7017f0f29c	13	68677373	68694987	27	-0.6602
3c059331-99ff-4141-8c09-9d7017f0f29c	13	68695002	87205675	12047	0.0021
3c059331-99ff-4141-8c09-9d7017f0f29c	13	87207668	87210183	2	-2.5987
3c059331-99ff-4141-8c09-9d7017f0f29c	13	87210332	105128737	12200	-0.0037
3c059331-99ff-4141-8c09-9d7017f0f29c	13	105129375	105772291	505	0.1171
3c059331-99ff-4141-8c09-9d7017f0f29c	13	105772454	114342922	5994	-0.003
3c059331-99ff-4141-8c09-9d7017f0f29c	14	18239283	19019303	30	-0.106
3c059331-99ff-4141-8c09-9d7017f0f29c	14	19049265	19744176	43	0.7019
3c059331-99ff-4141-8c09-9d7017f0f29c	14	19746341	20022453	136	0.2231
3c059331-99ff-4141-8c09-9d7017f0f29c	14	20023874	21580280	1019	0.0182
3c059331-99ff-4141-8c09-9d7017f0f29c	14	21580443	21587633	12	1.0071
3c059331-99ff-4141-8c09-9d7017f0f29c	14	21604196	22526139	776	0.1819
3c059331-99ff-4141-8c09-9d7017f0f29c	14	22526849	41002809	11408	0.0099
3c059331-99ff-4141-8c09-9d7017f0f29c	14	41002893	41009525	28	-0.9083
3c059331-99ff-4141-8c09-9d7017f0f29c	14	41009901	106877229	41258	0.0037
3c059331-99ff-4141-8c09-9d7017f0f29c	15	19811075	20376202	93	0.0082
3c059331-99ff-4141-8c09-9d7017f0f29c	15	20376309	22299523	113	0.3022
3c059331-99ff-4141-8c09-9d7017f0f29c	15	22385639	22595648	11	-0.7976
3c059331-99ff-4141-8c09-9d7017f0f29c	15	22606745	24401996	968	0.0047
3c059331-99ff-4141-8c09-9d7017f0f29c	15	24402847	24493015	47	-0.4215
3c059331-99ff-4141-8c09-9d7017f0f29c	15	24493092	30252720	3559	0.004
3c059331-99ff-4141-8c09-9d7017f0f29c	15	30253290	30314058	14	0.804
3c059331-99ff-4141-8c09-9d7017f0f29c	15	30440076	101928837	46111	0.0065
3c059331-99ff-4141-8c09-9d7017f0f29c	16	10777	12591288	9354	0.0064
3c059331-99ff-4141-8c09-9d7017f0f29c	16	12597002	12612656	39	-0.9593
3c059331-99ff-4141-8c09-9d7017f0f29c	16	12613101	55762682	17253	0.003
3c059331-99ff-4141-8c09-9d7017f0f29c	16	55764310	55764867	3	2.558
3c059331-99ff-4141-8c09-9d7017f0f29c	16	55770436	90096867	24597	-0.0024
3c059331-99ff-4141-8c09-9d7017f0f29c	17	150733	4650004	2420	-0.0031
3c059331-99ff-4141-8c09-9d7017f0f29c	17	4651849	4652124	2	-2.2814
3c059331-99ff-4141-8c09-9d7017f0f29c	17	4662422	41265456	18157	-0.0014
3c059331-99ff-4141-8c09-9d7017f0f29c	17	41266762	41274279	24	1.2146
3c059331-99ff-4141-8c09-9d7017f0f29c	17	41276472	46120791	2506	-0.0168
3c059331-99ff-4141-8c09-9d7017f0f29c	17	46124022	46274320	91	-0.4372
3c059331-99ff-4141-8c09-9d7017f0f29c	17	46274335	83091923	21326	-0.0041
3c059331-99ff-4141-8c09-9d7017f0f29c	18	48133	71398970	43568	0.01
3c059331-99ff-4141-8c09-9d7017f0f29c	18	71400458	73739649	1849	0.0916
3c059331-99ff-4141-8c09-9d7017f0f29c	18	73741021	80257174	4645	0.0067
3c059331-99ff-4141-8c09-9d7017f0f29c	19	90910	40846832	19322	-0.0056
3c059331-99ff-4141-8c09-9d7017f0f29c	19	40854267	40870114	20	-0.8202
3c059331-99ff-4141-8c09-9d7017f0f29c	19	40886250	56694503	8356	-0.0083
3c059331-99ff-4141-8c09-9d7017f0f29c	19	56699418	56700143	4	-1.4351
3c059331-99ff-4141-8c09-9d7017f0f29c	19	56705460	58586487	1139	-0.0044
3c059331-99ff-4141-8c09-9d7017f0f29c	20	80664	241301	127	0.1041
3c059331-99ff-4141-8c09-9d7017f0f29c	20	241904	243487	3	-2.1895
3c059331-99ff-4141-8c09-9d7017f0f29c	20	244300	1590091	1068	-0.0226
3c059331-99ff-4141-8c09-9d7017f0f29c	20	1590106	1601561	27	1.1666
3c059331-99ff-4141-8c09-9d7017f0f29c	20	1609611	15324612	10241	0.0171
3c059331-99ff-4141-8c09-9d7017f0f29c	20	15327309	15337332	19	-0.7358
3c059331-99ff-4141-8c09-9d7017f0f29c	20	15341445	64324800	30361	0.0015
3c059331-99ff-4141-8c09-9d7017f0f29c	21	10354168	46677045	23560	0.0076
3c059331-99ff-4141-8c09-9d7017f0f29c	22	15294547	18760927	1123	0.0076
3c059331-99ff-4141-8c09-9d7017f0f29c	22	18760941	18917479	6	-0.859
3c059331-99ff-4141-8c09-9d7017f0f29c	22	18918078	19597149	422	-0.0195
3c059331-99ff-4141-8c09-9d7017f0f29c	22	19597165	21742513	1226	-0.144
3c059331-99ff-4141-8c09-9d7017f0f29c	22	21744398	22684951	783	0.0253
3c059331-99ff-4141-8c09-9d7017f0f29c	22	22685456	22743135	37	-0.9011
3c059331-99ff-4141-8c09-9d7017f0f29c	22	22748392	33777419	7927	-0.0072
3c059331-99ff-4141-8c09-9d7017f0f29c	22	33778960	33778998	4	-2.1976
3c059331-99ff-4141-8c09-9d7017f0f29c	22	33785435	42501276	5449	-0.0114
3c059331-99ff-4141-8c09-9d7017f0f29c	22	42503434	42538456	21	0.7116
3c059331-99ff-4141-8c09-9d7017f0f29c	22	42546956	42570693	9	-0.0513
3c059331-99ff-4141-8c09-9d7017f0f29c	22	42577195	42577696	2	-2.7867
3c059331-99ff-4141-8c09-9d7017f0f29c	22	42579096	49139737	5056	-0.0169
3c059331-99ff-4141-8c09-9d7017f0f29c	22	49139958	49142358	4	1.4308
3c059331-99ff-4141-8c09-9d7017f0f29c	22	49142526	50796027	950	-0.0702
3c059331-99ff-4141-8c09-9d7017f0f29c	X	251810	26345029	15755	0.002
3c059331-99ff-4141-8c09-9d7017f0f29c	X	26345903	26348054	3	-4.8496
3c059331-99ff-4141-8c09-9d7017f0f29c	X	26349116	31134061	3004	0.0044
3c059331-99ff-4141-8c09-9d7017f0f29c	X	31139004	31142980	2	-3.3154
3c059331-99ff-4141-8c09-9d7017f0f29c	X	31143012	31356132	171	0.0098
3c059331-99ff-4141-8c09-9d7017f0f29c	X	31358364	31358771	2	-3.9223
3c059331-99ff-4141-8c09-9d7017f0f29c	X	31358799	37602854	3846	0.0048
3c059331-99ff-4141-8c09-9d7017f0f29c	X	37602889	37603833	4	-3.1991
3c059331-99ff-4141-8c09-9d7017f0f29c	X	37604977	37843069	131	0.0152
3c059331-99ff-4141-8c09-9d7017f0f29c	X	37844617	37855604	11	-1.4483
3c059331-99ff-4141-8c09-9d7017f0f29c	X	37855706	43807421	3407	0.012
3c059331-99ff-4141-8c09-9d7017f0f29c	X	43808099	43809343	4	-2.1327
3c059331-99ff-4141-8c09-9d7017f0f29c	X	43809612	46698091	1507	0.0135
3c059331-99ff-4141-8c09-9d7017f0f29c	X	46698796	46699506	3	-1.7698
3c059331-99ff-4141-8c09-9d7017f0f29c	X	46701724	46806013	54	0.0424
3c059331-99ff-4141-8c09-9d7017f0f29c	X	46806429	46811231	2	-4.6621
3c059331-99ff-4141-8c09-9d7017f0f29c	X	46812688	54998126	3390	0.0122
3c059331-99ff-4141-8c09-9d7017f0f29c	X	55000115	55000139	2	-5.424
3c059331-99ff-4141-8c09-9d7017f0f29c	X	55002797	145576559	45165	0.0025
3c059331-99ff-4141-8c09-9d7017f0f29c	X	145580923	145584295	5	-2.797
3c059331-99ff-4141-8c09-9d7017f0f29c	X	145584556	153035165	4882	-0.0049
3c059331-99ff-4141-8c09-9d7017f0f29c	X	153036866	153037475	2	-5.8237
3c059331-99ff-4141-8c09-9d7017f0f29c	X	153042014	155952689	1115	-0.0141
3c059331-99ff-4141-8c09-9d7017f0f29c	Y	2782397	56872112	6631	-0.8943
