Sample	Chromosome	Start	End	Num_Probes	Segment_Mean
DADOS_p_TCGAb3_85_86_87_88_NSP_GenomeWideSNP_6_G02_1464762	1	51598	12762163	6524	0.0019
DADOS_p_TCGAb3_85_86_87_88_NSP_GenomeWideSNP_6_G02_1464762	1	12764515	12782000	8	0.5297
DADOS_p_TCGAb3_85_86_87_88_NSP_GenomeWideSNP_6_G02_1464762	1	12784828	12784924	7	0.0394
DADOS_p_TCGAb3_85_86_87_88_NSP_GenomeWideSNP_6_G02_1464762	1	12789677	12849694	25	0.4844
DADOS_p_TCGAb3_85_86_87_88_NSP_GenomeWideSNP_6_G02_1464762	1	12850443	15212547	1311	-0.0176
DADOS_p_TCGAb3_85_86_87_88_NSP_GenomeWideSNP_6_G02_1464762	1	15213454	15215681	4	-1.0299
DADOS_p_TCGAb3_85_86_87_88_NSP_GenomeWideSNP_6_G02_1464762	1	15215805	16889665	909	0.0032
DADOS_p_TCGAb3_85_86_87_88_NSP_GenomeWideSNP_6_G02_1464762	1	16890117	16949054	19	-1.0043
DADOS_p_TCGAb3_85_86_87_88_NSP_GenomeWideSNP_6_G02_1464762	1	16954999	17055024	21	0.0383
DADOS_p_TCGAb3_85_86_87_88_NSP_GenomeWideSNP_6_G02_1464762	1	17062591	17134834	63	-0.3681
DADOS_p_TCGAb3_85_86_87_88_NSP_GenomeWideSNP_6_G02_1464762	1	17148828	25455928	5270	-0.0056
DADOS_p_TCGAb3_85_86_87_88_NSP_GenomeWideSNP_6_G02_1464762	1	25465715	25468992	4	-1.2401
DADOS_p_TCGAb3_85_86_87_88_NSP_GenomeWideSNP_6_G02_1464762	1	25472892	72522941	28789	-0.0044
DADOS_p_TCGAb3_85_86_87_88_NSP_GenomeWideSNP_6_G02_1464762	1	72528701	72535958	9	-1.1818
DADOS_p_TCGAb3_85_86_87_88_NSP_GenomeWideSNP_6_G02_1464762	1	72541006	72583736	48	1.0645
DADOS_p_TCGAb3_85_86_87_88_NSP_GenomeWideSNP_6_G02_1464762	1	72584492	110028919	23730	-7e-04
DADOS_p_TCGAb3_85_86_87_88_NSP_GenomeWideSNP_6_G02_1464762	1	110029023	110044476	20	-1.3874
DADOS_p_TCGAb3_85_86_87_88_NSP_GenomeWideSNP_6_G02_1464762	1	110046521	111178891	841	0.0196
DADOS_p_TCGAb3_85_86_87_88_NSP_GenomeWideSNP_6_G02_1464762	1	111179088	111189749	38	-0.7268
DADOS_p_TCGAb3_85_86_87_88_NSP_GenomeWideSNP_6_G02_1464762	1	111193590	150822151	9150	8e-04
DADOS_p_TCGAb3_85_86_87_88_NSP_GenomeWideSNP_6_G02_1464762	1	150822330	150853218	35	0.8094
DADOS_p_TCGAb3_85_86_87_88_NSP_GenomeWideSNP_6_G02_1464762	1	150857118	151028909	178	-0.0372
DADOS_p_TCGAb3_85_86_87_88_NSP_GenomeWideSNP_6_G02_1464762	1	151029018	151034883	25	0.4854
DADOS_p_TCGAb3_85_86_87_88_NSP_GenomeWideSNP_6_G02_1464762	1	151034905	191422415	27155	0.0099
DADOS_p_TCGAb3_85_86_87_88_NSP_GenomeWideSNP_6_G02_1464762	1	191422902	191422955	3	-1.3331
DADOS_p_TCGAb3_85_86_87_88_NSP_GenomeWideSNP_6_G02_1464762	1	191422971	191479778	101	-0.0072
DADOS_p_TCGAb3_85_86_87_88_NSP_GenomeWideSNP_6_G02_1464762	1	191479791	191480097	6	0.6791
DADOS_p_TCGAb3_85_86_87_88_NSP_GenomeWideSNP_6_G02_1464762	1	191488538	191989165	351	-0.0083
DADOS_p_TCGAb3_85_86_87_88_NSP_GenomeWideSNP_6_G02_1464762	1	191992959	192000819	2	-1.3675
DADOS_p_TCGAb3_85_86_87_88_NSP_GenomeWideSNP_6_G02_1464762	1	192002142	192714857	488	0.0137
DADOS_p_TCGAb3_85_86_87_88_NSP_GenomeWideSNP_6_G02_1464762	1	192718034	192721641	2	1.3263
DADOS_p_TCGAb3_85_86_87_88_NSP_GenomeWideSNP_6_G02_1464762	1	192723639	194981496	1454	0.0164
DADOS_p_TCGAb3_85_86_87_88_NSP_GenomeWideSNP_6_G02_1464762	1	194994473	195079153	95	0.3419
DADOS_p_TCGAb3_85_86_87_88_NSP_GenomeWideSNP_6_G02_1464762	1	195082414	196571159	825	-0.0031
DADOS_p_TCGAb3_85_86_87_88_NSP_GenomeWideSNP_6_G02_1464762	1	196573483	196574402	3	-1.1581
DADOS_p_TCGAb3_85_86_87_88_NSP_GenomeWideSNP_6_G02_1464762	1	196577982	206502649	6602	0.005
DADOS_p_TCGAb3_85_86_87_88_NSP_GenomeWideSNP_6_G02_1464762	1	206504233	206516899	24	-0.3575
DADOS_p_TCGAb3_85_86_87_88_NSP_GenomeWideSNP_6_G02_1464762	1	206517275	208137685	1368	0.0049
DADOS_p_TCGAb3_85_86_87_88_NSP_GenomeWideSNP_6_G02_1464762	1	208148236	208150607	3	-2.8278
DADOS_p_TCGAb3_85_86_87_88_NSP_GenomeWideSNP_6_G02_1464762	1	208153175	223509712	10455	1e-04
DADOS_p_TCGAb3_85_86_87_88_NSP_GenomeWideSNP_6_G02_1464762	1	223511377	223512861	3	-1.1467
DADOS_p_TCGAb3_85_86_87_88_NSP_GenomeWideSNP_6_G02_1464762	1	223513974	246776293	16500	-1e-04
DADOS_p_TCGAb3_85_86_87_88_NSP_GenomeWideSNP_6_G02_1464762	1	246780491	246815842	7	-0.602
DADOS_p_TCGAb3_85_86_87_88_NSP_GenomeWideSNP_6_G02_1464762	1	246816183	246885106	36	0.4382
DADOS_p_TCGAb3_85_86_87_88_NSP_GenomeWideSNP_6_G02_1464762	1	246891760	247191011	139	0.1153
DADOS_p_TCGAb3_85_86_87_88_NSP_GenomeWideSNP_6_G02_1464762	2	2784	6217488	4694	0.002
DADOS_p_TCGAb3_85_86_87_88_NSP_GenomeWideSNP_6_G02_1464762	2	6217618	6225326	32	-1.0393
DADOS_p_TCGAb3_85_86_87_88_NSP_GenomeWideSNP_6_G02_1464762	2	6227954	14621145	6325	0.0105
DADOS_p_TCGAb3_85_86_87_88_NSP_GenomeWideSNP_6_G02_1464762	2	14622400	14627543	12	-1.176
DADOS_p_TCGAb3_85_86_87_88_NSP_GenomeWideSNP_6_G02_1464762	2	14627815	35434655	13638	0.0061
DADOS_p_TCGAb3_85_86_87_88_NSP_GenomeWideSNP_6_G02_1464762	2	35435011	35469179	53	-0.9316
DADOS_p_TCGAb3_85_86_87_88_NSP_GenomeWideSNP_6_G02_1464762	2	35475420	41091739	4235	8e-04
DADOS_p_TCGAb3_85_86_87_88_NSP_GenomeWideSNP_6_G02_1464762	2	41091947	41096931	20	-0.5992
DADOS_p_TCGAb3_85_86_87_88_NSP_GenomeWideSNP_6_G02_1464762	2	41096959	89108516	31064	0.002
DADOS_p_TCGAb3_85_86_87_88_NSP_GenomeWideSNP_6_G02_1464762	2	89118793	89198725	16	-0.6159
DADOS_p_TCGAb3_85_86_87_88_NSP_GenomeWideSNP_6_G02_1464762	2	89200044	97217886	1214	-0.0082
DADOS_p_TCGAb3_85_86_87_88_NSP_GenomeWideSNP_6_G02_1464762	2	97221654	97240000	13	-0.6693
DADOS_p_TCGAb3_85_86_87_88_NSP_GenomeWideSNP_6_G02_1464762	2	97240533	124864221	16372	0.0043
DADOS_p_TCGAb3_85_86_87_88_NSP_GenomeWideSNP_6_G02_1464762	2	124867193	124869300	2	-2.7172
DADOS_p_TCGAb3_85_86_87_88_NSP_GenomeWideSNP_6_G02_1464762	2	124870010	131937876	4061	-0.004
DADOS_p_TCGAb3_85_86_87_88_NSP_GenomeWideSNP_6_G02_1464762	2	131938478	131942838	4	-1.324
DADOS_p_TCGAb3_85_86_87_88_NSP_GenomeWideSNP_6_G02_1464762	2	131943262	139911867	5038	-0.0052
DADOS_p_TCGAb3_85_86_87_88_NSP_GenomeWideSNP_6_G02_1464762	2	139913523	139924973	11	-1.1695
DADOS_p_TCGAb3_85_86_87_88_NSP_GenomeWideSNP_6_G02_1464762	2	139934478	145193336	3302	0.0152
DADOS_p_TCGAb3_85_86_87_88_NSP_GenomeWideSNP_6_G02_1464762	2	145198234	145199760	3	-1.007
DADOS_p_TCGAb3_85_86_87_88_NSP_GenomeWideSNP_6_G02_1464762	2	145203259	146580899	801	0.0064
DADOS_p_TCGAb3_85_86_87_88_NSP_GenomeWideSNP_6_G02_1464762	2	146580913	146583268	20	0.691
DADOS_p_TCGAb3_85_86_87_88_NSP_GenomeWideSNP_6_G02_1464762	2	146583379	148012910	720	0.0296
DADOS_p_TCGAb3_85_86_87_88_NSP_GenomeWideSNP_6_G02_1464762	2	148012940	148013111	2	-1.7443
DADOS_p_TCGAb3_85_86_87_88_NSP_GenomeWideSNP_6_G02_1464762	2	148013465	179769900	19588	0.0038
DADOS_p_TCGAb3_85_86_87_88_NSP_GenomeWideSNP_6_G02_1464762	2	179775437	179787389	3	-2.4852
DADOS_p_TCGAb3_85_86_87_88_NSP_GenomeWideSNP_6_G02_1464762	2	179791836	189276032	5641	0.0072
DADOS_p_TCGAb3_85_86_87_88_NSP_GenomeWideSNP_6_G02_1464762	2	189276201	189285228	20	-0.8915
DADOS_p_TCGAb3_85_86_87_88_NSP_GenomeWideSNP_6_G02_1464762	2	189285499	208751098	11457	0.0069
DADOS_p_TCGAb3_85_86_87_88_NSP_GenomeWideSNP_6_G02_1464762	2	208751294	208755606	3	-1.5505
DADOS_p_TCGAb3_85_86_87_88_NSP_GenomeWideSNP_6_G02_1464762	2	208755713	242738129	21749	0.0021
DADOS_p_TCGAb3_85_86_87_88_NSP_GenomeWideSNP_6_G02_1464762	3	35345	100420474	63846	-0.0017
DADOS_p_TCGAb3_85_86_87_88_NSP_GenomeWideSNP_6_G02_1464762	3	100427148	100431746	27	-0.8164
DADOS_p_TCGAb3_85_86_87_88_NSP_GenomeWideSNP_6_G02_1464762	3	100431759	131245549	18762	0.0017
DADOS_p_TCGAb3_85_86_87_88_NSP_GenomeWideSNP_6_G02_1464762	3	131246388	131289614	53	0.394
DADOS_p_TCGAb3_85_86_87_88_NSP_GenomeWideSNP_6_G02_1464762	3	131289688	163995433	20297	-0.0037
DADOS_p_TCGAb3_85_86_87_88_NSP_GenomeWideSNP_6_G02_1464762	3	163995786	164098609	62	-1.9015
DADOS_p_TCGAb3_85_86_87_88_NSP_GenomeWideSNP_6_G02_1464762	3	164106536	164108689	6	-0.9112
DADOS_p_TCGAb3_85_86_87_88_NSP_GenomeWideSNP_6_G02_1464762	3	164109266	170831638	3911	0.0143
DADOS_p_TCGAb3_85_86_87_88_NSP_GenomeWideSNP_6_G02_1464762	3	170832556	170833298	2	-1.9703
DADOS_p_TCGAb3_85_86_87_88_NSP_GenomeWideSNP_6_G02_1464762	3	170835152	194360889	15286	0.005
DADOS_p_TCGAb3_85_86_87_88_NSP_GenomeWideSNP_6_G02_1464762	3	194361287	194361700	3	1.1743
DADOS_p_TCGAb3_85_86_87_88_NSP_GenomeWideSNP_6_G02_1464762	3	194363167	196115877	1174	5e-04
DADOS_p_TCGAb3_85_86_87_88_NSP_GenomeWideSNP_6_G02_1464762	3	196122605	196123134	5	-0.9517
DADOS_p_TCGAb3_85_86_87_88_NSP_GenomeWideSNP_6_G02_1464762	3	196123769	199380515	1540	0.0491
DADOS_p_TCGAb3_85_86_87_88_NSP_GenomeWideSNP_6_G02_1464762	4	2281	9066075	5250	0.0128
DADOS_p_TCGAb3_85_86_87_88_NSP_GenomeWideSNP_6_G02_1464762	4	9070328	9088443	9	-0.9761
DADOS_p_TCGAb3_85_86_87_88_NSP_GenomeWideSNP_6_G02_1464762	4	9095185	9819488	546	0.0293
DADOS_p_TCGAb3_85_86_87_88_NSP_GenomeWideSNP_6_G02_1464762	4	9832514	9840596	28	-2.3519
DADOS_p_TCGAb3_85_86_87_88_NSP_GenomeWideSNP_6_G02_1464762	4	9843312	69118207	36559	0.0039
DADOS_p_TCGAb3_85_86_87_88_NSP_GenomeWideSNP_6_G02_1464762	4	69118497	69118508	3	-1.7863
DADOS_p_TCGAb3_85_86_87_88_NSP_GenomeWideSNP_6_G02_1464762	4	69119167	70158099	362	-0.0389
DADOS_p_TCGAb3_85_86_87_88_NSP_GenomeWideSNP_6_G02_1464762	4	70162233	70264023	53	0.4789
DADOS_p_TCGAb3_85_86_87_88_NSP_GenomeWideSNP_6_G02_1464762	4	70266388	70287005	14	-0.029
DADOS_p_TCGAb3_85_86_87_88_NSP_GenomeWideSNP_6_G02_1464762	4	70292920	70312519	10	-0.6576
DADOS_p_TCGAb3_85_86_87_88_NSP_GenomeWideSNP_6_G02_1464762	4	70313038	87194086	10420	-0.0081
DADOS_p_TCGAb3_85_86_87_88_NSP_GenomeWideSNP_6_G02_1464762	4	87194247	87198968	21	-0.9766
DADOS_p_TCGAb3_85_86_87_88_NSP_GenomeWideSNP_6_G02_1464762	4	87199113	102744068	9242	0.0019
DADOS_p_TCGAb3_85_86_87_88_NSP_GenomeWideSNP_6_G02_1464762	4	102747081	102749324	3	-1.2697
DADOS_p_TCGAb3_85_86_87_88_NSP_GenomeWideSNP_6_G02_1464762	4	102761356	118837097	9791	-3e-04
DADOS_p_TCGAb3_85_86_87_88_NSP_GenomeWideSNP_6_G02_1464762	4	118838853	118839752	12	-0.5655
DADOS_p_TCGAb3_85_86_87_88_NSP_GenomeWideSNP_6_G02_1464762	4	118839937	122501423	2226	-0.0062
DADOS_p_TCGAb3_85_86_87_88_NSP_GenomeWideSNP_6_G02_1464762	4	122501918	122502154	5	-1.277
DADOS_p_TCGAb3_85_86_87_88_NSP_GenomeWideSNP_6_G02_1464762	4	122502243	122504039	21	-0.8074
DADOS_p_TCGAb3_85_86_87_88_NSP_GenomeWideSNP_6_G02_1464762	4	122504432	122504585	2	-1.7144
DADOS_p_TCGAb3_85_86_87_88_NSP_GenomeWideSNP_6_G02_1464762	4	122510581	122550257	32	-0.0202
DADOS_p_TCGAb3_85_86_87_88_NSP_GenomeWideSNP_6_G02_1464762	4	122553782	122614569	23	-1.4613
DADOS_p_TCGAb3_85_86_87_88_NSP_GenomeWideSNP_6_G02_1464762	4	122618788	152095801	17246	0.001
DADOS_p_TCGAb3_85_86_87_88_NSP_GenomeWideSNP_6_G02_1464762	4	152095856	152103760	24	-0.7577
DADOS_p_TCGAb3_85_86_87_88_NSP_GenomeWideSNP_6_G02_1464762	4	152105577	157503563	3484	-0.0054
DADOS_p_TCGAb3_85_86_87_88_NSP_GenomeWideSNP_6_G02_1464762	4	157507270	157507351	3	-1.7628
DADOS_p_TCGAb3_85_86_87_88_NSP_GenomeWideSNP_6_G02_1464762	4	157514053	162000219	2768	0.0042
DADOS_p_TCGAb3_85_86_87_88_NSP_GenomeWideSNP_6_G02_1464762	4	162002630	162002980	5	-0.8482
DADOS_p_TCGAb3_85_86_87_88_NSP_GenomeWideSNP_6_G02_1464762	4	162005553	162099591	85	0.0401
DADOS_p_TCGAb3_85_86_87_88_NSP_GenomeWideSNP_6_G02_1464762	4	162099647	162104358	18	-0.9106
DADOS_p_TCGAb3_85_86_87_88_NSP_GenomeWideSNP_6_G02_1464762	4	162104369	163490026	914	0.0137
DADOS_p_TCGAb3_85_86_87_88_NSP_GenomeWideSNP_6_G02_1464762	4	163490575	163501486	12	-0.6915
DADOS_p_TCGAb3_85_86_87_88_NSP_GenomeWideSNP_6_G02_1464762	4	163501620	181889064	11749	0.0046
DADOS_p_TCGAb3_85_86_87_88_NSP_GenomeWideSNP_6_G02_1464762	4	181892837	181893560	2	-1.8328
DADOS_p_TCGAb3_85_86_87_88_NSP_GenomeWideSNP_6_G02_1464762	4	181894403	191261904	6553	-0.0079
DADOS_p_TCGAb3_85_86_87_88_NSP_GenomeWideSNP_6_G02_1464762	5	68532	38378437	26475	0.002
DADOS_p_TCGAb3_85_86_87_88_NSP_GenomeWideSNP_6_G02_1464762	5	38381516	38381913	3	-1.6302
DADOS_p_TCGAb3_85_86_87_88_NSP_GenomeWideSNP_6_G02_1464762	5	38382328	57357403	9431	7e-04
DADOS_p_TCGAb3_85_86_87_88_NSP_GenomeWideSNP_6_G02_1464762	5	57361784	57377877	37	-0.299
DADOS_p_TCGAb3_85_86_87_88_NSP_GenomeWideSNP_6_G02_1464762	5	57377909	57991117	439	-0.0029
DADOS_p_TCGAb3_85_86_87_88_NSP_GenomeWideSNP_6_G02_1464762	5	57991221	57995449	26	-0.8208
DADOS_p_TCGAb3_85_86_87_88_NSP_GenomeWideSNP_6_G02_1464762	5	57995523	69349444	6846	-0.0133
DADOS_p_TCGAb3_85_86_87_88_NSP_GenomeWideSNP_6_G02_1464762	5	70290651	70426941	15	0.5845
DADOS_p_TCGAb3_85_86_87_88_NSP_GenomeWideSNP_6_G02_1464762	5	70427009	103879120	19544	0.0016
DADOS_p_TCGAb3_85_86_87_88_NSP_GenomeWideSNP_6_G02_1464762	5	103888272	103888503	4	1.6421
DADOS_p_TCGAb3_85_86_87_88_NSP_GenomeWideSNP_6_G02_1464762	5	103888948	109487775	3634	0.0089
DADOS_p_TCGAb3_85_86_87_88_NSP_GenomeWideSNP_6_G02_1464762	5	109494854	109503622	3	-1.6462
DADOS_p_TCGAb3_85_86_87_88_NSP_GenomeWideSNP_6_G02_1464762	5	109504456	144474011	22381	-0.003
DADOS_p_TCGAb3_85_86_87_88_NSP_GenomeWideSNP_6_G02_1464762	5	144474368	144474757	4	-1.3654
DADOS_p_TCGAb3_85_86_87_88_NSP_GenomeWideSNP_6_G02_1464762	5	144474852	155409576	7466	0.002
DADOS_p_TCGAb3_85_86_87_88_NSP_GenomeWideSNP_6_G02_1464762	5	155411340	155415293	10	-1.0508
DADOS_p_TCGAb3_85_86_87_88_NSP_GenomeWideSNP_6_G02_1464762	5	155415307	180293872	16642	0.0105
DADOS_p_TCGAb3_85_86_87_88_NSP_GenomeWideSNP_6_G02_1464762	5	180294419	180375006	27	0.386
DADOS_p_TCGAb3_85_86_87_88_NSP_GenomeWideSNP_6_G02_1464762	5	180375047	180722926	168	0.0176
DADOS_p_TCGAb3_85_86_87_88_NSP_GenomeWideSNP_6_G02_1464762	6	94661	199283	101	0.0158
DADOS_p_TCGAb3_85_86_87_88_NSP_GenomeWideSNP_6_G02_1464762	6	202353	327897	103	-0.3046
DADOS_p_TCGAb3_85_86_87_88_NSP_GenomeWideSNP_6_G02_1464762	6	329109	9103624	7200	-0.0075
DADOS_p_TCGAb3_85_86_87_88_NSP_GenomeWideSNP_6_G02_1464762	6	9119775	9122876	2	-1.9721
DADOS_p_TCGAb3_85_86_87_88_NSP_GenomeWideSNP_6_G02_1464762	6	9141797	19148098	7399	0.0147
DADOS_p_TCGAb3_85_86_87_88_NSP_GenomeWideSNP_6_G02_1464762	6	19150160	19150797	3	-4.1127
DADOS_p_TCGAb3_85_86_87_88_NSP_GenomeWideSNP_6_G02_1464762	6	19152681	19152727	3	-1.3878
DADOS_p_TCGAb3_85_86_87_88_NSP_GenomeWideSNP_6_G02_1464762	6	19152742	29958253	6962	6e-04
DADOS_p_TCGAb3_85_86_87_88_NSP_GenomeWideSNP_6_G02_1464762	6	29958345	30004638	13	-0.9253
DADOS_p_TCGAb3_85_86_87_88_NSP_GenomeWideSNP_6_G02_1464762	6	30006876	32564720	1183	0.0399
DADOS_p_TCGAb3_85_86_87_88_NSP_GenomeWideSNP_6_G02_1464762	6	32577897	32734596	61	-0.6159
DADOS_p_TCGAb3_85_86_87_88_NSP_GenomeWideSNP_6_G02_1464762	6	32758590	32794174	37	-0.0485
DADOS_p_TCGAb3_85_86_87_88_NSP_GenomeWideSNP_6_G02_1464762	6	32796593	32798808	11	-0.6496
DADOS_p_TCGAb3_85_86_87_88_NSP_GenomeWideSNP_6_G02_1464762	6	32798923	34045977	763	0.0077
DADOS_p_TCGAb3_85_86_87_88_NSP_GenomeWideSNP_6_G02_1464762	6	34046721	34050683	7	-0.9185
DADOS_p_TCGAb3_85_86_87_88_NSP_GenomeWideSNP_6_G02_1464762	6	34052564	53670525	12628	-8e-04
DADOS_p_TCGAb3_85_86_87_88_NSP_GenomeWideSNP_6_G02_1464762	6	53672018	53676355	5	-1.2067
DADOS_p_TCGAb3_85_86_87_88_NSP_GenomeWideSNP_6_G02_1464762	6	53677105	67065007	5764	0.0182
DADOS_p_TCGAb3_85_86_87_88_NSP_GenomeWideSNP_6_G02_1464762	6	67065744	67105350	55	-0.8329
DADOS_p_TCGAb3_85_86_87_88_NSP_GenomeWideSNP_6_G02_1464762	6	67106127	74648586	5006	-3e-04
DADOS_p_TCGAb3_85_86_87_88_NSP_GenomeWideSNP_6_G02_1464762	6	74648953	74654017	8	0.6496
DADOS_p_TCGAb3_85_86_87_88_NSP_GenomeWideSNP_6_G02_1464762	6	74654069	77071668	1472	0.0058
DADOS_p_TCGAb3_85_86_87_88_NSP_GenomeWideSNP_6_G02_1464762	6	77073620	77073646	3	-1.773
DADOS_p_TCGAb3_85_86_87_88_NSP_GenomeWideSNP_6_G02_1464762	6	77073713	79028431	1300	0.0099
DADOS_p_TCGAb3_85_86_87_88_NSP_GenomeWideSNP_6_G02_1464762	6	79028500	79091904	107	-0.6765
DADOS_p_TCGAb3_85_86_87_88_NSP_GenomeWideSNP_6_G02_1464762	6	79095953	170892930	59799	-0.003
DADOS_p_TCGAb3_85_86_87_88_NSP_GenomeWideSNP_6_G02_1464762	7	52911	8332311	4699	5e-04
DADOS_p_TCGAb3_85_86_87_88_NSP_GenomeWideSNP_6_G02_1464762	7	8333037	8333240	2	-1.4527
DADOS_p_TCGAb3_85_86_87_88_NSP_GenomeWideSNP_6_G02_1464762	7	8336728	11969294	2982	-0.0116
DADOS_p_TCGAb3_85_86_87_88_NSP_GenomeWideSNP_6_G02_1464762	7	11971497	11976527	6	-0.9231
DADOS_p_TCGAb3_85_86_87_88_NSP_GenomeWideSNP_6_G02_1464762	7	11979504	17550794	4480	-0.0129
DADOS_p_TCGAb3_85_86_87_88_NSP_GenomeWideSNP_6_G02_1464762	7	17551677	17554597	4	-1.3202
DADOS_p_TCGAb3_85_86_87_88_NSP_GenomeWideSNP_6_G02_1464762	7	17558127	22401305	3939	-0.004
DADOS_p_TCGAb3_85_86_87_88_NSP_GenomeWideSNP_6_G02_1464762	7	22401997	22403012	2	-3.6489
DADOS_p_TCGAb3_85_86_87_88_NSP_GenomeWideSNP_6_G02_1464762	7	22405279	54347867	22477	-0.0017
DADOS_p_TCGAb3_85_86_87_88_NSP_GenomeWideSNP_6_G02_1464762	7	54353999	54354011	6	1.7872
DADOS_p_TCGAb3_85_86_87_88_NSP_GenomeWideSNP_6_G02_1464762	7	54360982	66982239	4339	0.0146
DADOS_p_TCGAb3_85_86_87_88_NSP_GenomeWideSNP_6_G02_1464762	7	66983368	66988486	5	-1.1314
DADOS_p_TCGAb3_85_86_87_88_NSP_GenomeWideSNP_6_G02_1464762	7	66995139	88741196	12393	0.005
DADOS_p_TCGAb3_85_86_87_88_NSP_GenomeWideSNP_6_G02_1464762	7	88742610	88742713	2	-1.5409
DADOS_p_TCGAb3_85_86_87_88_NSP_GenomeWideSNP_6_G02_1464762	7	88744467	90432165	1090	-0.0149
DADOS_p_TCGAb3_85_86_87_88_NSP_GenomeWideSNP_6_G02_1464762	7	90434555	90438033	4	-0.9018
DADOS_p_TCGAb3_85_86_87_88_NSP_GenomeWideSNP_6_G02_1464762	7	90439454	91046078	476	-0.0051
DADOS_p_TCGAb3_85_86_87_88_NSP_GenomeWideSNP_6_G02_1464762	7	91056820	91056899	2	-1.4372
DADOS_p_TCGAb3_85_86_87_88_NSP_GenomeWideSNP_6_G02_1464762	7	91057068	91195790	96	0.0012
DADOS_p_TCGAb3_85_86_87_88_NSP_GenomeWideSNP_6_G02_1464762	7	91195805	91196476	4	-0.826
DADOS_p_TCGAb3_85_86_87_88_NSP_GenomeWideSNP_6_G02_1464762	7	91196707	96746111	3428	-0.0021
DADOS_p_TCGAb3_85_86_87_88_NSP_GenomeWideSNP_6_G02_1464762	7	96749750	96784317	21	-0.3899
DADOS_p_TCGAb3_85_86_87_88_NSP_GenomeWideSNP_6_G02_1464762	7	96784426	97445990	424	4e-04
DADOS_p_TCGAb3_85_86_87_88_NSP_GenomeWideSNP_6_G02_1464762	7	97447302	97449960	4	-1.162
DADOS_p_TCGAb3_85_86_87_88_NSP_GenomeWideSNP_6_G02_1464762	7	97449984	109217163	6522	0.0076
DADOS_p_TCGAb3_85_86_87_88_NSP_GenomeWideSNP_6_G02_1464762	7	109217286	109241146	40	0.4536
DADOS_p_TCGAb3_85_86_87_88_NSP_GenomeWideSNP_6_G02_1464762	7	109241218	125832792	10044	0.0046
DADOS_p_TCGAb3_85_86_87_88_NSP_GenomeWideSNP_6_G02_1464762	7	125832887	125834112	11	-1.5063
DADOS_p_TCGAb3_85_86_87_88_NSP_GenomeWideSNP_6_G02_1464762	7	125834113	128200218	1513	0.0045
DADOS_p_TCGAb3_85_86_87_88_NSP_GenomeWideSNP_6_G02_1464762	7	128200260	128206121	2	-1.287
DADOS_p_TCGAb3_85_86_87_88_NSP_GenomeWideSNP_6_G02_1464762	7	128208144	133435735	3191	-0.0108
DADOS_p_TCGAb3_85_86_87_88_NSP_GenomeWideSNP_6_G02_1464762	7	133435751	133440537	21	-0.4942
DADOS_p_TCGAb3_85_86_87_88_NSP_GenomeWideSNP_6_G02_1464762	7	133440551	133440983	3	-1.1044
DADOS_p_TCGAb3_85_86_87_88_NSP_GenomeWideSNP_6_G02_1464762	7	133446174	142154515	5704	-2e-04
DADOS_p_TCGAb3_85_86_87_88_NSP_GenomeWideSNP_6_G02_1464762	7	142156294	142165684	28	0.4798
DADOS_p_TCGAb3_85_86_87_88_NSP_GenomeWideSNP_6_G02_1464762	7	142165914	143540182	843	-0.0348
DADOS_p_TCGAb3_85_86_87_88_NSP_GenomeWideSNP_6_G02_1464762	7	143540378	143697880	40	-0.673
DADOS_p_TCGAb3_85_86_87_88_NSP_GenomeWideSNP_6_G02_1464762	7	143705862	149444635	3603	0.0078
DADOS_p_TCGAb3_85_86_87_88_NSP_GenomeWideSNP_6_G02_1464762	7	149454249	149486624	14	-0.6267
DADOS_p_TCGAb3_85_86_87_88_NSP_GenomeWideSNP_6_G02_1464762	7	149487418	152204868	1496	0.0109
DADOS_p_TCGAb3_85_86_87_88_NSP_GenomeWideSNP_6_G02_1464762	7	152209796	152210920	2	-2.6673
DADOS_p_TCGAb3_85_86_87_88_NSP_GenomeWideSNP_6_G02_1464762	7	152217456	158819765	4584	6e-04
DADOS_p_TCGAb3_85_86_87_88_NSP_GenomeWideSNP_6_G02_1464762	8	21254	7011977	7818	-0.0262
DADOS_p_TCGAb3_85_86_87_88_NSP_GenomeWideSNP_6_G02_1464762	8	7017400	7181231	13	-0.564
DADOS_p_TCGAb3_85_86_87_88_NSP_GenomeWideSNP_6_G02_1464762	8	7202021	7670533	109	0.173
DADOS_p_TCGAb3_85_86_87_88_NSP_GenomeWideSNP_6_G02_1464762	8	7670699	7670832	2	-1.6613
DADOS_p_TCGAb3_85_86_87_88_NSP_GenomeWideSNP_6_G02_1464762	8	7673001	12278771	3382	-0.007
DADOS_p_TCGAb3_85_86_87_88_NSP_GenomeWideSNP_6_G02_1464762	8	12284206	12291857	30	-0.4808
DADOS_p_TCGAb3_85_86_87_88_NSP_GenomeWideSNP_6_G02_1464762	8	12305298	13720460	1221	-0.0178
DADOS_p_TCGAb3_85_86_87_88_NSP_GenomeWideSNP_6_G02_1464762	8	13720640	13740957	17	-1.317
DADOS_p_TCGAb3_85_86_87_88_NSP_GenomeWideSNP_6_G02_1464762	8	13741925	16241562	2300	0.0022
DADOS_p_TCGAb3_85_86_87_88_NSP_GenomeWideSNP_6_G02_1464762	8	16251325	16251494	8	-1.9568
DADOS_p_TCGAb3_85_86_87_88_NSP_GenomeWideSNP_6_G02_1464762	8	16256455	23458253	5802	0.0023
DADOS_p_TCGAb3_85_86_87_88_NSP_GenomeWideSNP_6_G02_1464762	8	23463685	23463756	4	-4.1239
DADOS_p_TCGAb3_85_86_87_88_NSP_GenomeWideSNP_6_G02_1464762	8	23463816	25030494	1145	-0.0023
DADOS_p_TCGAb3_85_86_87_88_NSP_GenomeWideSNP_6_G02_1464762	8	25031417	25040140	21	0.4006
DADOS_p_TCGAb3_85_86_87_88_NSP_GenomeWideSNP_6_G02_1464762	8	25040167	39349340	9040	0.0023
DADOS_p_TCGAb3_85_86_87_88_NSP_GenomeWideSNP_6_G02_1464762	8	39349482	39506122	61	0.4592
DADOS_p_TCGAb3_85_86_87_88_NSP_GenomeWideSNP_6_G02_1464762	8	39507456	51194564	4597	0.0074
DADOS_p_TCGAb3_85_86_87_88_NSP_GenomeWideSNP_6_G02_1464762	8	51194577	51194940	7	-2.2706
DADOS_p_TCGAb3_85_86_87_88_NSP_GenomeWideSNP_6_G02_1464762	8	51195976	112360670	37454	0.001
DADOS_p_TCGAb3_85_86_87_88_NSP_GenomeWideSNP_6_G02_1464762	8	112363455	112364421	8	-2.1765
DADOS_p_TCGAb3_85_86_87_88_NSP_GenomeWideSNP_6_G02_1464762	8	112364436	134239669	14910	0.0076
DADOS_p_TCGAb3_85_86_87_88_NSP_GenomeWideSNP_6_G02_1464762	8	134241966	134242468	10	0.5784
DADOS_p_TCGAb3_85_86_87_88_NSP_GenomeWideSNP_6_G02_1464762	8	134242670	146268959	8015	0.0102
DADOS_p_TCGAb3_85_86_87_88_NSP_GenomeWideSNP_6_G02_1464762	9	36587	502080	396	0.0382
DADOS_p_TCGAb3_85_86_87_88_NSP_GenomeWideSNP_6_G02_1464762	9	507715	521565	15	-0.8709
DADOS_p_TCGAb3_85_86_87_88_NSP_GenomeWideSNP_6_G02_1464762	9	521826	1514247	1204	-0.0796
DADOS_p_TCGAb3_85_86_87_88_NSP_GenomeWideSNP_6_G02_1464762	9	1514981	1515187	2	-1.855
DADOS_p_TCGAb3_85_86_87_88_NSP_GenomeWideSNP_6_G02_1464762	9	1515367	11192763	9061	-0.0148
DADOS_p_TCGAb3_85_86_87_88_NSP_GenomeWideSNP_6_G02_1464762	9	11201238	11202274	3	-3.3556
DADOS_p_TCGAb3_85_86_87_88_NSP_GenomeWideSNP_6_G02_1464762	9	11202911	11827866	483	-0.0029
DADOS_p_TCGAb3_85_86_87_88_NSP_GenomeWideSNP_6_G02_1464762	9	11829399	11829805	2	-1.8414
DADOS_p_TCGAb3_85_86_87_88_NSP_GenomeWideSNP_6_G02_1464762	9	11829832	15146132	2658	-0.0063
DADOS_p_TCGAb3_85_86_87_88_NSP_GenomeWideSNP_6_G02_1464762	9	15148903	15149421	4	-1.5638
DADOS_p_TCGAb3_85_86_87_88_NSP_GenomeWideSNP_6_G02_1464762	9	15149849	23351805	6637	-0.0116
DADOS_p_TCGAb3_85_86_87_88_NSP_GenomeWideSNP_6_G02_1464762	9	23353115	23362399	7	1.0582
DADOS_p_TCGAb3_85_86_87_88_NSP_GenomeWideSNP_6_G02_1464762	9	23363484	41723631	10883	0.0093
DADOS_p_TCGAb3_85_86_87_88_NSP_GenomeWideSNP_6_G02_1464762	9	41832529	41975187	9	0.7419
DADOS_p_TCGAb3_85_86_87_88_NSP_GenomeWideSNP_6_G02_1464762	9	42013107	43177963	24	-0.0571
DADOS_p_TCGAb3_85_86_87_88_NSP_GenomeWideSNP_6_G02_1464762	9	43255666	43451707	5	-1.0771
DADOS_p_TCGAb3_85_86_87_88_NSP_GenomeWideSNP_6_G02_1464762	9	43451851	43594976	14	-0.2103
DADOS_p_TCGAb3_85_86_87_88_NSP_GenomeWideSNP_6_G02_1464762	9	43598079	43697342	16	-0.7834
DADOS_p_TCGAb3_85_86_87_88_NSP_GenomeWideSNP_6_G02_1464762	9	43707554	44336923	50	-0.1349
DADOS_p_TCGAb3_85_86_87_88_NSP_GenomeWideSNP_6_G02_1464762	9	44344908	44767041	36	-0.5955
DADOS_p_TCGAb3_85_86_87_88_NSP_GenomeWideSNP_6_G02_1464762	9	44770235	68812645	299	-0.0071
DADOS_p_TCGAb3_85_86_87_88_NSP_GenomeWideSNP_6_G02_1464762	9	68822858	68920159	9	1.5323
DADOS_p_TCGAb3_85_86_87_88_NSP_GenomeWideSNP_6_G02_1464762	9	68926974	89712414	14318	0.0027
DADOS_p_TCGAb3_85_86_87_88_NSP_GenomeWideSNP_6_G02_1464762	9	89743971	89744039	2	-2.1471
DADOS_p_TCGAb3_85_86_87_88_NSP_GenomeWideSNP_6_G02_1464762	9	89747777	105851001	10786	-0.0046
DADOS_p_TCGAb3_85_86_87_88_NSP_GenomeWideSNP_6_G02_1464762	9	105852953	105892238	58	-0.7741
DADOS_p_TCGAb3_85_86_87_88_NSP_GenomeWideSNP_6_G02_1464762	9	105894366	128069431	16450	-0.0035
DADOS_p_TCGAb3_85_86_87_88_NSP_GenomeWideSNP_6_G02_1464762	9	128074827	128074842	2	-1.543
DADOS_p_TCGAb3_85_86_87_88_NSP_GenomeWideSNP_6_G02_1464762	9	128075731	129029814	626	-0.0272
DADOS_p_TCGAb3_85_86_87_88_NSP_GenomeWideSNP_6_G02_1464762	9	129030252	129040871	5	-1.3187
DADOS_p_TCGAb3_85_86_87_88_NSP_GenomeWideSNP_6_G02_1464762	9	129041960	140211215	5864	0.0101
DADOS_p_TCGAb3_85_86_87_88_NSP_GenomeWideSNP_6_G02_1464762	10	62809	2673239	2035	-0.0111
DADOS_p_TCGAb3_85_86_87_88_NSP_GenomeWideSNP_6_G02_1464762	10	2673676	3123648	493	0.5157
DADOS_p_TCGAb3_85_86_87_88_NSP_GenomeWideSNP_6_G02_1464762	10	3124083	17835683	12351	-0.0029
DADOS_p_TCGAb3_85_86_87_88_NSP_GenomeWideSNP_6_G02_1464762	10	17857584	18287669	40	-0.3076
DADOS_p_TCGAb3_85_86_87_88_NSP_GenomeWideSNP_6_G02_1464762	10	18287683	23245737	3538	-2e-04
DADOS_p_TCGAb3_85_86_87_88_NSP_GenomeWideSNP_6_G02_1464762	10	23246167	23246252	3	-1.0903
DADOS_p_TCGAb3_85_86_87_88_NSP_GenomeWideSNP_6_G02_1464762	10	23246309	24415269	790	-0.0185
DADOS_p_TCGAb3_85_86_87_88_NSP_GenomeWideSNP_6_G02_1464762	10	24417680	24417926	9	0.6024
DADOS_p_TCGAb3_85_86_87_88_NSP_GenomeWideSNP_6_G02_1464762	10	24417927	26247564	1308	-0.0129
DADOS_p_TCGAb3_85_86_87_88_NSP_GenomeWideSNP_6_G02_1464762	10	26247705	26250839	5	-0.8292
DADOS_p_TCGAb3_85_86_87_88_NSP_GenomeWideSNP_6_G02_1464762	10	26252100	26719787	316	-0.0074
DADOS_p_TCGAb3_85_86_87_88_NSP_GenomeWideSNP_6_G02_1464762	10	26726161	26729773	6	-0.8534
DADOS_p_TCGAb3_85_86_87_88_NSP_GenomeWideSNP_6_G02_1464762	10	26731655	27659081	583	0.0156
DADOS_p_TCGAb3_85_86_87_88_NSP_GenomeWideSNP_6_G02_1464762	10	27665871	27674511	11	-0.5443
DADOS_p_TCGAb3_85_86_87_88_NSP_GenomeWideSNP_6_G02_1464762	10	27674666	45048626	9846	-0.0016
DADOS_p_TCGAb3_85_86_87_88_NSP_GenomeWideSNP_6_G02_1464762	10	45049597	45051689	4	-1.0874
DADOS_p_TCGAb3_85_86_87_88_NSP_GenomeWideSNP_6_G02_1464762	10	45051950	46839717	428	-0.038
DADOS_p_TCGAb3_85_86_87_88_NSP_GenomeWideSNP_6_G02_1464762	10	47011195	47122505	110	-1.2128
DADOS_p_TCGAb3_85_86_87_88_NSP_GenomeWideSNP_6_G02_1464762	10	47122809	51561926	1853	-0.0252
DADOS_p_TCGAb3_85_86_87_88_NSP_GenomeWideSNP_6_G02_1464762	10	51573774	51580604	2	2.5636
DADOS_p_TCGAb3_85_86_87_88_NSP_GenomeWideSNP_6_G02_1464762	10	51607985	56618214	3806	0.0026
DADOS_p_TCGAb3_85_86_87_88_NSP_GenomeWideSNP_6_G02_1464762	10	56625941	56666736	27	-1.0815
DADOS_p_TCGAb3_85_86_87_88_NSP_GenomeWideSNP_6_G02_1464762	10	56669861	58880511	1625	-0.0105
DADOS_p_TCGAb3_85_86_87_88_NSP_GenomeWideSNP_6_G02_1464762	10	58880527	58880779	3	-2.1481
DADOS_p_TCGAb3_85_86_87_88_NSP_GenomeWideSNP_6_G02_1464762	10	58888501	61028273	1526	-0.0121
DADOS_p_TCGAb3_85_86_87_88_NSP_GenomeWideSNP_6_G02_1464762	10	61034121	61034896	4	-1.3117
DADOS_p_TCGAb3_85_86_87_88_NSP_GenomeWideSNP_6_G02_1464762	10	61034917	81425093	13329	-0.0049
DADOS_p_TCGAb3_85_86_87_88_NSP_GenomeWideSNP_6_G02_1464762	10	81425167	81434084	2	1.5312
DADOS_p_TCGAb3_85_86_87_88_NSP_GenomeWideSNP_6_G02_1464762	10	81434093	91988492	7391	-0.0051
DADOS_p_TCGAb3_85_86_87_88_NSP_GenomeWideSNP_6_G02_1464762	10	91988554	91991699	2	-2.6629
DADOS_p_TCGAb3_85_86_87_88_NSP_GenomeWideSNP_6_G02_1464762	10	91992092	135356694	29655	-0.0069
DADOS_p_TCGAb3_85_86_87_88_NSP_GenomeWideSNP_6_G02_1464762	11	188510	4683016	2200	0.0211
DADOS_p_TCGAb3_85_86_87_88_NSP_GenomeWideSNP_6_G02_1464762	11	4683194	4683467	5	-1.1226
DADOS_p_TCGAb3_85_86_87_88_NSP_GenomeWideSNP_6_G02_1464762	11	4685710	4924226	270	-0.0462
DADOS_p_TCGAb3_85_86_87_88_NSP_GenomeWideSNP_6_G02_1464762	11	4924693	4932848	31	-0.5311
DADOS_p_TCGAb3_85_86_87_88_NSP_GenomeWideSNP_6_G02_1464762	11	4932910	5746177	800	-0.0162
DADOS_p_TCGAb3_85_86_87_88_NSP_GenomeWideSNP_6_G02_1464762	11	5746301	5765624	28	0.4111
DADOS_p_TCGAb3_85_86_87_88_NSP_GenomeWideSNP_6_G02_1464762	11	5765715	12148237	4810	0.0058
DADOS_p_TCGAb3_85_86_87_88_NSP_GenomeWideSNP_6_G02_1464762	11	12149047	12149199	2	-1.5187
DADOS_p_TCGAb3_85_86_87_88_NSP_GenomeWideSNP_6_G02_1464762	11	12150320	42769727	21887	0.0034
DADOS_p_TCGAb3_85_86_87_88_NSP_GenomeWideSNP_6_G02_1464762	11	42773062	42774615	2	-2.9507
DADOS_p_TCGAb3_85_86_87_88_NSP_GenomeWideSNP_6_G02_1464762	11	42777179	48426444	3347	0.0037
DADOS_p_TCGAb3_85_86_87_88_NSP_GenomeWideSNP_6_G02_1464762	11	48430810	48437278	4	-2.082
DADOS_p_TCGAb3_85_86_87_88_NSP_GenomeWideSNP_6_G02_1464762	11	48439826	48554998	58	-0.0435
DADOS_p_TCGAb3_85_86_87_88_NSP_GenomeWideSNP_6_G02_1464762	11	48558010	48559252	2	-1.9964
DADOS_p_TCGAb3_85_86_87_88_NSP_GenomeWideSNP_6_G02_1464762	11	48562894	54722184	1017	-0.0062
DADOS_p_TCGAb3_85_86_87_88_NSP_GenomeWideSNP_6_G02_1464762	11	54726437	54738787	5	-2.5379
DADOS_p_TCGAb3_85_86_87_88_NSP_GenomeWideSNP_6_G02_1464762	11	54766051	134449982	52693	0.001
DADOS_p_TCGAb3_85_86_87_88_NSP_GenomeWideSNP_6_G02_1464762	12	20703	942769	563	0.0159
DADOS_p_TCGAb3_85_86_87_88_NSP_GenomeWideSNP_6_G02_1464762	12	943226	949429	7	-0.8384
DADOS_p_TCGAb3_85_86_87_88_NSP_GenomeWideSNP_6_G02_1464762	12	950689	8447960	5051	-0.0088
DADOS_p_TCGAb3_85_86_87_88_NSP_GenomeWideSNP_6_G02_1464762	12	8449755	8453902	10	1.1075
DADOS_p_TCGAb3_85_86_87_88_NSP_GenomeWideSNP_6_G02_1464762	12	8458875	9521823	577	-0.0186
DADOS_p_TCGAb3_85_86_87_88_NSP_GenomeWideSNP_6_G02_1464762	12	9525137	9626237	26	0.8402
DADOS_p_TCGAb3_85_86_87_88_NSP_GenomeWideSNP_6_G02_1464762	12	9626953	33278024	16717	-0.0056
DADOS_p_TCGAb3_85_86_87_88_NSP_GenomeWideSNP_6_G02_1464762	12	33280096	33286409	4	-2.0276
DADOS_p_TCGAb3_85_86_87_88_NSP_GenomeWideSNP_6_G02_1464762	12	33286685	36955164	987	-0.0144
DADOS_p_TCGAb3_85_86_87_88_NSP_GenomeWideSNP_6_G02_1464762	12	36958216	36963862	5	-0.9221
DADOS_p_TCGAb3_85_86_87_88_NSP_GenomeWideSNP_6_G02_1464762	12	36966066	44186092	4582	-0.0164
DADOS_p_TCGAb3_85_86_87_88_NSP_GenomeWideSNP_6_G02_1464762	12	44190705	44195804	4	-2.8415
DADOS_p_TCGAb3_85_86_87_88_NSP_GenomeWideSNP_6_G02_1464762	12	44199559	89762445	27789	0.0037
DADOS_p_TCGAb3_85_86_87_88_NSP_GenomeWideSNP_6_G02_1464762	12	89767187	89768041	3	-1.2483
DADOS_p_TCGAb3_85_86_87_88_NSP_GenomeWideSNP_6_G02_1464762	12	89769513	121705573	21187	5e-04
DADOS_p_TCGAb3_85_86_87_88_NSP_GenomeWideSNP_6_G02_1464762	12	121707028	121708021	3	1.4321
DADOS_p_TCGAb3_85_86_87_88_NSP_GenomeWideSNP_6_G02_1464762	12	121715049	129713910	6194	-0.0147
DADOS_p_TCGAb3_85_86_87_88_NSP_GenomeWideSNP_6_G02_1464762	12	129714159	129716112	17	-1.0687
DADOS_p_TCGAb3_85_86_87_88_NSP_GenomeWideSNP_6_G02_1464762	12	129716322	132288262	1360	0.0097
DADOS_p_TCGAb3_85_86_87_88_NSP_GenomeWideSNP_6_G02_1464762	13	17924949	19363463	720	0.0101
DADOS_p_TCGAb3_85_86_87_88_NSP_GenomeWideSNP_6_G02_1464762	13	19363480	19367457	9	-0.9263
DADOS_p_TCGAb3_85_86_87_88_NSP_GenomeWideSNP_6_G02_1464762	13	19369684	31430727	8927	-0.0047
DADOS_p_TCGAb3_85_86_87_88_NSP_GenomeWideSNP_6_G02_1464762	13	31430860	31436423	16	-1.0609
DADOS_p_TCGAb3_85_86_87_88_NSP_GenomeWideSNP_6_G02_1464762	13	31438047	51692545	13760	-0.0017
DADOS_p_TCGAb3_85_86_87_88_NSP_GenomeWideSNP_6_G02_1464762	13	51722281	51794962	13	-0.7134
DADOS_p_TCGAb3_85_86_87_88_NSP_GenomeWideSNP_6_G02_1464762	13	51808690	56649097	2693	0.0167
DADOS_p_TCGAb3_85_86_87_88_NSP_GenomeWideSNP_6_G02_1464762	13	56656271	56676381	34	-2.2317
DADOS_p_TCGAb3_85_86_87_88_NSP_GenomeWideSNP_6_G02_1464762	13	56687715	75003606	11681	0.0067
DADOS_p_TCGAb3_85_86_87_88_NSP_GenomeWideSNP_6_G02_1464762	13	75007537	75015769	11	0.9855
DADOS_p_TCGAb3_85_86_87_88_NSP_GenomeWideSNP_6_G02_1464762	13	75018629	114126499	26481	0.0051
DADOS_p_TCGAb3_85_86_87_88_NSP_GenomeWideSNP_6_G02_1464762	14	18072124	18240412	17	0.0279
DADOS_p_TCGAb3_85_86_87_88_NSP_GenomeWideSNP_6_G02_1464762	14	18241044	19495700	176	-0.3272
DADOS_p_TCGAb3_85_86_87_88_NSP_GenomeWideSNP_6_G02_1464762	14	19495751	20431876	715	-0.0018
DADOS_p_TCGAb3_85_86_87_88_NSP_GenomeWideSNP_6_G02_1464762	14	20433188	20490928	23	-1.0336
DADOS_p_TCGAb3_85_86_87_88_NSP_GenomeWideSNP_6_G02_1464762	14	20494558	69083732	30774	-0.001
DADOS_p_TCGAb3_85_86_87_88_NSP_GenomeWideSNP_6_G02_1464762	14	69087800	69092220	9	-0.8464
DADOS_p_TCGAb3_85_86_87_88_NSP_GenomeWideSNP_6_G02_1464762	14	69092466	73065527	2627	8e-04
DADOS_p_TCGAb3_85_86_87_88_NSP_GenomeWideSNP_6_G02_1464762	14	73070876	73090732	9	1.3689
DADOS_p_TCGAb3_85_86_87_88_NSP_GenomeWideSNP_6_G02_1464762	14	73099653	106356482	21258	-0.001
DADOS_p_TCGAb3_85_86_87_88_NSP_GenomeWideSNP_6_G02_1464762	15	18276341	18700552	68	0.0071
DADOS_p_TCGAb3_85_86_87_88_NSP_GenomeWideSNP_6_G02_1464762	15	18706152	18838435	30	0.8889
DADOS_p_TCGAb3_85_86_87_88_NSP_GenomeWideSNP_6_G02_1464762	15	18841465	18841578	7	-0.0862
DADOS_p_TCGAb3_85_86_87_88_NSP_GenomeWideSNP_6_G02_1464762	15	18846002	18884220	37	0.9788
DADOS_p_TCGAb3_85_86_87_88_NSP_GenomeWideSNP_6_G02_1464762	15	18887022	19113106	21	0.3259
DADOS_p_TCGAb3_85_86_87_88_NSP_GenomeWideSNP_6_G02_1464762	15	19114527	19438512	117	0.7249
DADOS_p_TCGAb3_85_86_87_88_NSP_GenomeWideSNP_6_G02_1464762	15	19438545	19566875	26	0.2655
DADOS_p_TCGAb3_85_86_87_88_NSP_GenomeWideSNP_6_G02_1464762	15	19764921	20088838	116	1.1244
DADOS_p_TCGAb3_85_86_87_88_NSP_GenomeWideSNP_6_G02_1464762	15	20224763	22220838	1004	-0.0135
DADOS_p_TCGAb3_85_86_87_88_NSP_GenomeWideSNP_6_G02_1464762	15	22225844	22276386	41	-0.5487
DADOS_p_TCGAb3_85_86_87_88_NSP_GenomeWideSNP_6_G02_1464762	15	22278324	23780788	1090	-0.0225
DADOS_p_TCGAb3_85_86_87_88_NSP_GenomeWideSNP_6_G02_1464762	15	23780847	23816688	34	-0.3525
DADOS_p_TCGAb3_85_86_87_88_NSP_GenomeWideSNP_6_G02_1464762	15	23820601	25592218	1224	0.0044
DADOS_p_TCGAb3_85_86_87_88_NSP_GenomeWideSNP_6_G02_1464762	15	25593092	25601401	13	-0.918
DADOS_p_TCGAb3_85_86_87_88_NSP_GenomeWideSNP_6_G02_1464762	15	25602389	43147386	10359	-0.0172
DADOS_p_TCGAb3_85_86_87_88_NSP_GenomeWideSNP_6_G02_1464762	15	43154816	43155141	2	-1.619
DADOS_p_TCGAb3_85_86_87_88_NSP_GenomeWideSNP_6_G02_1464762	15	43157816	84393658	25846	-0.0089
DADOS_p_TCGAb3_85_86_87_88_NSP_GenomeWideSNP_6_G02_1464762	15	84396984	84397594	2	-1.9221
DADOS_p_TCGAb3_85_86_87_88_NSP_GenomeWideSNP_6_G02_1464762	15	84398449	100286563	12044	-0.0082
DADOS_p_TCGAb3_85_86_87_88_NSP_GenomeWideSNP_6_G02_1464762	16	777	141389	91	0.1069
DADOS_p_TCGAb3_85_86_87_88_NSP_GenomeWideSNP_6_G02_1464762	16	144944	145678	6	-0.7205
DADOS_p_TCGAb3_85_86_87_88_NSP_GenomeWideSNP_6_G02_1464762	16	161057	12582997	9377	-0.0094
DADOS_p_TCGAb3_85_86_87_88_NSP_GenomeWideSNP_6_G02_1464762	16	12583892	12583961	2	-1.6783
DADOS_p_TCGAb3_85_86_87_88_NSP_GenomeWideSNP_6_G02_1464762	16	12584030	76929109	32394	0.0027
DADOS_p_TCGAb3_85_86_87_88_NSP_GenomeWideSNP_6_G02_1464762	16	76929941	76942266	17	0.6939
DADOS_p_TCGAb3_85_86_87_88_NSP_GenomeWideSNP_6_G02_1464762	16	76942502	88815036	10644	0.0049
DADOS_p_TCGAb3_85_86_87_88_NSP_GenomeWideSNP_6_G02_1464762	17	526	8183635	4555	0.0282
DADOS_p_TCGAb3_85_86_87_88_NSP_GenomeWideSNP_6_G02_1464762	17	8188272	8188458	2	1.7334
DADOS_p_TCGAb3_85_86_87_88_NSP_GenomeWideSNP_6_G02_1464762	17	8190183	15452858	5478	-0.0214
DADOS_p_TCGAb3_85_86_87_88_NSP_GenomeWideSNP_6_G02_1464762	17	15453791	15487515	5	-1.5681
DADOS_p_TCGAb3_85_86_87_88_NSP_GenomeWideSNP_6_G02_1464762	17	15495003	18299674	1411	0.0096
DADOS_p_TCGAb3_85_86_87_88_NSP_GenomeWideSNP_6_G02_1464762	17	18302411	18405946	26	-1.1027
DADOS_p_TCGAb3_85_86_87_88_NSP_GenomeWideSNP_6_G02_1464762	17	18409922	19438482	376	0.0298
DADOS_p_TCGAb3_85_86_87_88_NSP_GenomeWideSNP_6_G02_1464762	17	19440328	19475598	28	-0.9673
DADOS_p_TCGAb3_85_86_87_88_NSP_GenomeWideSNP_6_G02_1464762	17	19478062	24806353	2367	-0.0046
DADOS_p_TCGAb3_85_86_87_88_NSP_GenomeWideSNP_6_G02_1464762	17	24806416	24807003	3	-1.0568
DADOS_p_TCGAb3_85_86_87_88_NSP_GenomeWideSNP_6_G02_1464762	17	24812383	31464967	4155	-0.0207
DADOS_p_TCGAb3_85_86_87_88_NSP_GenomeWideSNP_6_G02_1464762	17	31467913	31471028	2	-1.7818
DADOS_p_TCGAb3_85_86_87_88_NSP_GenomeWideSNP_6_G02_1464762	17	31471240	36675234	2577	-0.0016
DADOS_p_TCGAb3_85_86_87_88_NSP_GenomeWideSNP_6_G02_1464762	17	36676540	36676736	8	0.8688
DADOS_p_TCGAb3_85_86_87_88_NSP_GenomeWideSNP_6_G02_1464762	17	36676783	41719947	2654	0.0145
DADOS_p_TCGAb3_85_86_87_88_NSP_GenomeWideSNP_6_G02_1464762	17	41750187	42107479	48	-0.651
DADOS_p_TCGAb3_85_86_87_88_NSP_GenomeWideSNP_6_G02_1464762	17	42120174	78103574	21315	0.0037
DADOS_p_TCGAb3_85_86_87_88_NSP_GenomeWideSNP_6_G02_1464762	17	78103671	78104000	2	-1.6731
DADOS_p_TCGAb3_85_86_87_88_NSP_GenomeWideSNP_6_G02_1464762	17	78113921	78246169	101	0.0339
DADOS_p_TCGAb3_85_86_87_88_NSP_GenomeWideSNP_6_G02_1464762	17	78246238	78246688	3	-1.1257
DADOS_p_TCGAb3_85_86_87_88_NSP_GenomeWideSNP_6_G02_1464762	17	78246769	78643088	206	0.0464
DADOS_p_TCGAb3_85_86_87_88_NSP_GenomeWideSNP_6_G02_1464762	18	1543	11435963	8429	-0.011
DADOS_p_TCGAb3_85_86_87_88_NSP_GenomeWideSNP_6_G02_1464762	18	11435966	11436201	2	-2.6882
DADOS_p_TCGAb3_85_86_87_88_NSP_GenomeWideSNP_6_G02_1464762	18	11436245	40230884	16796	0.0027
DADOS_p_TCGAb3_85_86_87_88_NSP_GenomeWideSNP_6_G02_1464762	18	40230952	40232623	5	-1.0704
DADOS_p_TCGAb3_85_86_87_88_NSP_GenomeWideSNP_6_G02_1464762	18	40236669	61780544	15085	-0.007
DADOS_p_TCGAb3_85_86_87_88_NSP_GenomeWideSNP_6_G02_1464762	18	61788031	61791104	6	-1.1396
DADOS_p_TCGAb3_85_86_87_88_NSP_GenomeWideSNP_6_G02_1464762	18	61791388	61918120	117	-0.0166
DADOS_p_TCGAb3_85_86_87_88_NSP_GenomeWideSNP_6_G02_1464762	18	61918268	61918902	2	-3.3241
DADOS_p_TCGAb3_85_86_87_88_NSP_GenomeWideSNP_6_G02_1464762	18	61926575	76116029	10384	0.0011
DADOS_p_TCGAb3_85_86_87_88_NSP_GenomeWideSNP_6_G02_1464762	19	41910	15641041	6614	0.0168
DADOS_p_TCGAb3_85_86_87_88_NSP_GenomeWideSNP_6_G02_1464762	19	15641222	15652664	21	0.6216
DADOS_p_TCGAb3_85_86_87_88_NSP_GenomeWideSNP_6_G02_1464762	19	15653477	15653546	3	-0.3944
DADOS_p_TCGAb3_85_86_87_88_NSP_GenomeWideSNP_6_G02_1464762	19	15654285	15696740	39	0.4649
DADOS_p_TCGAb3_85_86_87_88_NSP_GenomeWideSNP_6_G02_1464762	19	15696766	48389173	14097	0.0084
DADOS_p_TCGAb3_85_86_87_88_NSP_GenomeWideSNP_6_G02_1464762	19	48394873	48448077	22	-0.8383
DADOS_p_TCGAb3_85_86_87_88_NSP_GenomeWideSNP_6_G02_1464762	19	48458499	60974347	6715	0.0199
DADOS_p_TCGAb3_85_86_87_88_NSP_GenomeWideSNP_6_G02_1464762	19	60974841	60974879	2	-2.6585
DADOS_p_TCGAb3_85_86_87_88_NSP_GenomeWideSNP_6_G02_1464762	19	60978105	63789666	1849	0.0139
DADOS_p_TCGAb3_85_86_87_88_NSP_GenomeWideSNP_6_G02_1464762	20	9305	1500503	1186	0.0045
DADOS_p_TCGAb3_85_86_87_88_NSP_GenomeWideSNP_6_G02_1464762	20	1505190	1519103	35	-0.7283
DADOS_p_TCGAb3_85_86_87_88_NSP_GenomeWideSNP_6_G02_1464762	20	1519272	1530207	22	-0.2712
DADOS_p_TCGAb3_85_86_87_88_NSP_GenomeWideSNP_6_G02_1464762	20	1538257	1541849	4	2.3346
DADOS_p_TCGAb3_85_86_87_88_NSP_GenomeWideSNP_6_G02_1464762	20	1541893	14365359	9680	0.0058
DADOS_p_TCGAb3_85_86_87_88_NSP_GenomeWideSNP_6_G02_1464762	20	14376703	14391088	7	-0.945
DADOS_p_TCGAb3_85_86_87_88_NSP_GenomeWideSNP_6_G02_1464762	20	14401920	16513461	1956	-0.0052
DADOS_p_TCGAb3_85_86_87_88_NSP_GenomeWideSNP_6_G02_1464762	20	16516062	16534634	31	-1.2067
DADOS_p_TCGAb3_85_86_87_88_NSP_GenomeWideSNP_6_G02_1464762	20	16535230	23113015	5134	0.001
DADOS_p_TCGAb3_85_86_87_88_NSP_GenomeWideSNP_6_G02_1464762	20	23118731	23122394	7	-0.922
DADOS_p_TCGAb3_85_86_87_88_NSP_GenomeWideSNP_6_G02_1464762	20	23124512	30919900	2837	-0.0032
DADOS_p_TCGAb3_85_86_87_88_NSP_GenomeWideSNP_6_G02_1464762	20	30923005	30924743	4	-1.2089
DADOS_p_TCGAb3_85_86_87_88_NSP_GenomeWideSNP_6_G02_1464762	20	30925993	62426597	21597	0.0066
DADOS_p_TCGAb3_85_86_87_88_NSP_GenomeWideSNP_6_G02_1464762	21	9758742	13368583	130	0.0128
DADOS_p_TCGAb3_85_86_87_88_NSP_GenomeWideSNP_6_G02_1464762	21	13374733	13378287	3	-0.9211
DADOS_p_TCGAb3_85_86_87_88_NSP_GenomeWideSNP_6_G02_1464762	21	13386250	13454421	11	-0.1376
DADOS_p_TCGAb3_85_86_87_88_NSP_GenomeWideSNP_6_G02_1464762	21	13460349	13471836	4	-2.5248
DADOS_p_TCGAb3_85_86_87_88_NSP_GenomeWideSNP_6_G02_1464762	21	13482581	21069400	5164	0.0065
DADOS_p_TCGAb3_85_86_87_88_NSP_GenomeWideSNP_6_G02_1464762	21	21069715	21070179	2	-1.752
DADOS_p_TCGAb3_85_86_87_88_NSP_GenomeWideSNP_6_G02_1464762	21	21072463	46921385	19102	-0.0012
DADOS_p_TCGAb3_85_86_87_88_NSP_GenomeWideSNP_6_G02_1464762	22	14432528	22283966	4388	0.0327
DADOS_p_TCGAb3_85_86_87_88_NSP_GenomeWideSNP_6_G02_1464762	22	22283980	22283995	2	1.4908
DADOS_p_TCGAb3_85_86_87_88_NSP_GenomeWideSNP_6_G02_1464762	22	22284037	22601745	198	0.0562
DADOS_p_TCGAb3_85_86_87_88_NSP_GenomeWideSNP_6_G02_1464762	22	22613016	22662933	30	0.4489
DADOS_p_TCGAb3_85_86_87_88_NSP_GenomeWideSNP_6_G02_1464762	22	22667307	41585084	12997	0.0017
DADOS_p_TCGAb3_85_86_87_88_NSP_GenomeWideSNP_6_G02_1464762	22	41586722	41586742	2	-1.8004
DADOS_p_TCGAb3_85_86_87_88_NSP_GenomeWideSNP_6_G02_1464762	22	41589897	49581321	5951	-0.0037
DADOS_p_TCGAb3_85_86_87_88_NSP_GenomeWideSNP_6_G02_1464762	X	108477	2676353	95	-0.5869
DADOS_p_TCGAb3_85_86_87_88_NSP_GenomeWideSNP_6_G02_1464762	X	2713633	92212094	47910	0.0118
DADOS_p_TCGAb3_85_86_87_88_NSP_GenomeWideSNP_6_G02_1464762	X	92212112	92250272	40	-0.5506
DADOS_p_TCGAb3_85_86_87_88_NSP_GenomeWideSNP_6_G02_1464762	X	92250824	124926975	18369	0.0067
DADOS_p_TCGAb3_85_86_87_88_NSP_GenomeWideSNP_6_G02_1464762	X	124929154	125114930	108	-0.9882
DADOS_p_TCGAb3_85_86_87_88_NSP_GenomeWideSNP_6_G02_1464762	X	125119990	134561766	5091	0.0127
DADOS_p_TCGAb3_85_86_87_88_NSP_GenomeWideSNP_6_G02_1464762	X	134566374	134577092	17	0.6246
DADOS_p_TCGAb3_85_86_87_88_NSP_GenomeWideSNP_6_G02_1464762	X	134581585	134676593	63	-0.0515
DADOS_p_TCGAb3_85_86_87_88_NSP_GenomeWideSNP_6_G02_1464762	X	134682595	134707740	8	-0.9864
DADOS_p_TCGAb3_85_86_87_88_NSP_GenomeWideSNP_6_G02_1464762	X	134719314	154582692	12361	0.0082
DADOS_p_TCGAb3_85_86_87_88_NSP_GenomeWideSNP_6_G02_1464762	X	154617249	154835548	18	-0.6086
DADOS_p_TCGAb3_85_86_87_88_NSP_GenomeWideSNP_6_G02_1464762	Y	2710438	6167901	839	-2.6049
DADOS_p_TCGAb3_85_86_87_88_NSP_GenomeWideSNP_6_G02_1464762	Y	6170498	6356423	84	-3.9397
DADOS_p_TCGAb3_85_86_87_88_NSP_GenomeWideSNP_6_G02_1464762	Y	6359046	7410046	439	-2.9429
DADOS_p_TCGAb3_85_86_87_88_NSP_GenomeWideSNP_6_G02_1464762	Y	7410390	10433373	1242	-3.2878
DADOS_p_TCGAb3_85_86_87_88_NSP_GenomeWideSNP_6_G02_1464762	Y	10436040	14099736	934	-2.9482
DADOS_p_TCGAb3_85_86_87_88_NSP_GenomeWideSNP_6_G02_1464762	Y	14100931	14103917	2	-7.9436
DADOS_p_TCGAb3_85_86_87_88_NSP_GenomeWideSNP_6_G02_1464762	Y	14104283	16744825	1406	-3.0654
DADOS_p_TCGAb3_85_86_87_88_NSP_GenomeWideSNP_6_G02_1464762	Y	16745464	17043829	124	-3.6376
DADOS_p_TCGAb3_85_86_87_88_NSP_GenomeWideSNP_6_G02_1464762	Y	17043997	18080874	547	-3.178
DADOS_p_TCGAb3_85_86_87_88_NSP_GenomeWideSNP_6_G02_1464762	Y	18084284	18124475	21	-4.3044
DADOS_p_TCGAb3_85_86_87_88_NSP_GenomeWideSNP_6_G02_1464762	Y	18125112	19301619	558	-3.5747
DADOS_p_TCGAb3_85_86_87_88_NSP_GenomeWideSNP_6_G02_1464762	Y	19307516	19488345	95	-4.1211
DADOS_p_TCGAb3_85_86_87_88_NSP_GenomeWideSNP_6_G02_1464762	Y	19488618	22919906	1271	-3.1388
DADOS_p_TCGAb3_85_86_87_88_NSP_GenomeWideSNP_6_G02_1464762	Y	22924247	24627620	323	-3.7414
DADOS_p_TCGAb3_85_86_87_88_NSP_GenomeWideSNP_6_G02_1464762	Y	24632208	24818154	43	-2.8466
DADOS_p_TCGAb3_85_86_87_88_NSP_GenomeWideSNP_6_G02_1464762	Y	24819177	24821991	3	-5.7296
DADOS_p_TCGAb3_85_86_87_88_NSP_GenomeWideSNP_6_G02_1464762	Y	24826480	25008090	40	-2.6141
DADOS_p_TCGAb3_85_86_87_88_NSP_GenomeWideSNP_6_G02_1464762	Y	25014206	25649572	83	-4.1534
DADOS_p_TCGAb3_85_86_87_88_NSP_GenomeWideSNP_6_G02_1464762	Y	25664067	26104483	93	-2.7353
DADOS_p_TCGAb3_85_86_87_88_NSP_GenomeWideSNP_6_G02_1464762	Y	26127187	26833326	256	-3.7121
DADOS_p_TCGAb3_85_86_87_88_NSP_GenomeWideSNP_6_G02_1464762	Y	26847504	57427647	182	-2.6921
