Sample	Chromosome	Start	End	Num_Probes	Segment_Mean
MOHEL_p_TCGA_271_274_275_N_GenomeWideSNP_6_G10_1320306	1	51598	88465	17	0.8888
MOHEL_p_TCGA_271_274_275_N_GenomeWideSNP_6_G10_1320306	1	218569	219482	6	-0.7129
MOHEL_p_TCGA_271_274_275_N_GenomeWideSNP_6_G10_1320306	1	219540	16724101	8704	0.0085
MOHEL_p_TCGA_271_274_275_N_GenomeWideSNP_6_G10_1320306	1	16741950	16843043	43	0.374
MOHEL_p_TCGA_271_274_275_N_GenomeWideSNP_6_G10_1320306	1	16878321	22182461	3473	-0.0016
MOHEL_p_TCGA_271_274_275_N_GenomeWideSNP_6_G10_1320306	1	22184495	22221143	17	0.4239
MOHEL_p_TCGA_271_274_275_N_GenomeWideSNP_6_G10_1320306	1	22230449	25455928	1907	-0.0031
MOHEL_p_TCGA_271_274_275_N_GenomeWideSNP_6_G10_1320306	1	25465715	25534799	31	0.5665
MOHEL_p_TCGA_271_274_275_N_GenomeWideSNP_6_G10_1320306	1	25535897	34488223	4676	0.0076
MOHEL_p_TCGA_271_274_275_N_GenomeWideSNP_6_G10_1320306	1	34488274	34488361	2	-1.3064
MOHEL_p_TCGA_271_274_275_N_GenomeWideSNP_6_G10_1320306	1	34488486	40793623	3494	0.004
MOHEL_p_TCGA_271_274_275_N_GenomeWideSNP_6_G10_1320306	1	40794663	40800797	4	-1.4617
MOHEL_p_TCGA_271_274_275_N_GenomeWideSNP_6_G10_1320306	1	40801513	55496029	8325	0.0053
MOHEL_p_TCGA_271_274_275_N_GenomeWideSNP_6_G10_1320306	1	55496611	55496824	5	-0.8963
MOHEL_p_TCGA_271_274_275_N_GenomeWideSNP_6_G10_1320306	1	55496887	62209455	5205	0.0088
MOHEL_p_TCGA_271_274_275_N_GenomeWideSNP_6_G10_1320306	1	62209531	62219890	37	-0.9062
MOHEL_p_TCGA_271_274_275_N_GenomeWideSNP_6_G10_1320306	1	62223123	94903266	21534	0.005
MOHEL_p_TCGA_271_274_275_N_GenomeWideSNP_6_G10_1320306	1	94903285	94925407	57	-1.063
MOHEL_p_TCGA_271_274_275_N_GenomeWideSNP_6_G10_1320306	1	94925438	103904753	5549	-0.0038
MOHEL_p_TCGA_271_274_275_N_GenomeWideSNP_6_G10_1320306	1	103910761	103960907	27	1.2531
MOHEL_p_TCGA_271_274_275_N_GenomeWideSNP_6_G10_1320306	1	103965022	104104926	28	0.4407
MOHEL_p_TCGA_271_274_275_N_GenomeWideSNP_6_G10_1320306	1	104105024	105803129	912	-0.002
MOHEL_p_TCGA_271_274_275_N_GenomeWideSNP_6_G10_1320306	1	105803667	105814899	4	0.3247
MOHEL_p_TCGA_271_274_275_N_GenomeWideSNP_6_G10_1320306	1	105820728	105823898	17	-2.3375
MOHEL_p_TCGA_271_274_275_N_GenomeWideSNP_6_G10_1320306	1	105825578	118997140	8792	0.0087
MOHEL_p_TCGA_271_274_275_N_GenomeWideSNP_6_G10_1320306	1	119001091	119022019	24	-1.0897
MOHEL_p_TCGA_271_274_275_N_GenomeWideSNP_6_G10_1320306	1	119025809	119909660	576	0.0185
MOHEL_p_TCGA_271_274_275_N_GenomeWideSNP_6_G10_1320306	1	119910636	119924206	20	0.3993
MOHEL_p_TCGA_271_274_275_N_GenomeWideSNP_6_G10_1320306	1	119924208	120370130	319	0.0437
MOHEL_p_TCGA_271_274_275_N_GenomeWideSNP_6_G10_1320306	1	120379576	120596937	27	0.3499
MOHEL_p_TCGA_271_274_275_N_GenomeWideSNP_6_G10_1320306	1	120613197	150822151	2949	0.0627
MOHEL_p_TCGA_271_274_275_N_GenomeWideSNP_6_G10_1320306	1	150822330	150852862	31	1.0091
MOHEL_p_TCGA_271_274_275_N_GenomeWideSNP_6_G10_1320306	1	150852902	159775499	5484	0.0057
MOHEL_p_TCGA_271_274_275_N_GenomeWideSNP_6_G10_1320306	1	159780383	159903499	39	-0.4475
MOHEL_p_TCGA_271_274_275_N_GenomeWideSNP_6_G10_1320306	1	159903515	169983222	7736	0.006
MOHEL_p_TCGA_271_274_275_N_GenomeWideSNP_6_G10_1320306	1	169983347	169983402	2	-1.6167
MOHEL_p_TCGA_271_274_275_N_GenomeWideSNP_6_G10_1320306	1	169983718	173063028	1819	-0.0017
MOHEL_p_TCGA_271_274_275_N_GenomeWideSNP_6_G10_1320306	1	173063179	173063956	7	-0.738
MOHEL_p_TCGA_271_274_275_N_GenomeWideSNP_6_G10_1320306	1	173064008	194981496	14668	0.0015
MOHEL_p_TCGA_271_274_275_N_GenomeWideSNP_6_G10_1320306	1	194994473	195015840	27	-1.9832
MOHEL_p_TCGA_271_274_275_N_GenomeWideSNP_6_G10_1320306	1	195016444	195079153	68	-1.1357
MOHEL_p_TCGA_271_274_275_N_GenomeWideSNP_6_G10_1320306	1	195082414	241106391	32095	0.0054
MOHEL_p_TCGA_271_274_275_N_GenomeWideSNP_6_G10_1320306	1	241108890	241147170	60	0.396
MOHEL_p_TCGA_271_274_275_N_GenomeWideSNP_6_G10_1320306	1	241151280	246667943	3584	0.0244
MOHEL_p_TCGA_271_274_275_N_GenomeWideSNP_6_G10_1320306	1	246672375	246707815	15	0.6928
MOHEL_p_TCGA_271_274_275_N_GenomeWideSNP_6_G10_1320306	1	246716109	246804070	24	0.0134
MOHEL_p_TCGA_271_274_275_N_GenomeWideSNP_6_G10_1320306	1	246815817	246861912	30	-2.8158
MOHEL_p_TCGA_271_274_275_N_GenomeWideSNP_6_G10_1320306	1	246862475	247191011	147	-0.0465
MOHEL_p_TCGA_271_274_275_N_GenomeWideSNP_6_G10_1320306	2	2784	29494704	20658	0.0067
MOHEL_p_TCGA_271_274_275_N_GenomeWideSNP_6_G10_1320306	2	29495378	29499928	12	-0.7778
MOHEL_p_TCGA_271_274_275_N_GenomeWideSNP_6_G10_1320306	2	29502059	35829477	4355	-7e-04
MOHEL_p_TCGA_271_274_275_N_GenomeWideSNP_6_G10_1320306	2	35831294	35841451	7	0.7717
MOHEL_p_TCGA_271_274_275_N_GenomeWideSNP_6_G10_1320306	2	35850977	41091739	3942	0.0061
MOHEL_p_TCGA_271_274_275_N_GenomeWideSNP_6_G10_1320306	2	41091947	41099391	23	-0.6727
MOHEL_p_TCGA_271_274_275_N_GenomeWideSNP_6_G10_1320306	2	41104737	41388465	218	0.0261
MOHEL_p_TCGA_271_274_275_N_GenomeWideSNP_6_G10_1320306	2	41388507	41396194	6	-0.8483
MOHEL_p_TCGA_271_274_275_N_GenomeWideSNP_6_G10_1320306	2	41396898	52607972	7970	1e-04
MOHEL_p_TCGA_271_274_275_N_GenomeWideSNP_6_G10_1320306	2	52607984	52635046	39	0.5167
MOHEL_p_TCGA_271_274_275_N_GenomeWideSNP_6_G10_1320306	2	52641453	87191480	22033	0.0011
MOHEL_p_TCGA_271_274_275_N_GenomeWideSNP_6_G10_1320306	2	87198249	87777487	190	-0.4218
MOHEL_p_TCGA_271_274_275_N_GenomeWideSNP_6_G10_1320306	2	87805782	88942568	519	-0.0174
MOHEL_p_TCGA_271_274_275_N_GenomeWideSNP_6_G10_1320306	2	88942635	88942785	3	-0.5015
MOHEL_p_TCGA_271_274_275_N_GenomeWideSNP_6_G10_1320306	2	88943094	88996920	20	0.0869
MOHEL_p_TCGA_271_274_275_N_GenomeWideSNP_6_G10_1320306	2	88997958	89007911	6	-0.4229
MOHEL_p_TCGA_271_274_275_N_GenomeWideSNP_6_G10_1320306	2	89008044	89365022	112	0.2033
MOHEL_p_TCGA_271_274_275_N_GenomeWideSNP_6_G10_1320306	2	89374870	91068463	187	0.5839
MOHEL_p_TCGA_271_274_275_N_GenomeWideSNP_6_G10_1320306	2	91091707	131936468	21415	0.0084
MOHEL_p_TCGA_271_274_275_N_GenomeWideSNP_6_G10_1320306	2	131937876	131942838	5	-1.6633
MOHEL_p_TCGA_271_274_275_N_GenomeWideSNP_6_G10_1320306	2	131943262	149019734	10408	0.0021
MOHEL_p_TCGA_271_274_275_N_GenomeWideSNP_6_G10_1320306	2	149029198	188827168	24516	0.3721
MOHEL_p_TCGA_271_274_275_N_GenomeWideSNP_6_G10_1320306	2	188828173	188835175	4	-1.9384
MOHEL_p_TCGA_271_274_275_N_GenomeWideSNP_6_G10_1320306	2	188837303	189112163	105	0.3419
MOHEL_p_TCGA_271_274_275_N_GenomeWideSNP_6_G10_1320306	2	189112643	189276032	83	0.005
MOHEL_p_TCGA_271_274_275_N_GenomeWideSNP_6_G10_1320306	2	189276201	189287574	25	-0.8245
MOHEL_p_TCGA_271_274_275_N_GenomeWideSNP_6_G10_1320306	2	189288784	189620151	221	-0.0231
MOHEL_p_TCGA_271_274_275_N_GenomeWideSNP_6_G10_1320306	2	189621183	189997901	169	0.3631
MOHEL_p_TCGA_271_274_275_N_GenomeWideSNP_6_G10_1320306	2	190005099	190018556	12	-0.1098
MOHEL_p_TCGA_271_274_275_N_GenomeWideSNP_6_G10_1320306	2	190021674	190342401	227	0.3457
MOHEL_p_TCGA_271_274_275_N_GenomeWideSNP_6_G10_1320306	2	190342516	195735165	3046	-0.004
MOHEL_p_TCGA_271_274_275_N_GenomeWideSNP_6_G10_1320306	2	195740979	196723702	545	0.3609
MOHEL_p_TCGA_271_274_275_N_GenomeWideSNP_6_G10_1320306	2	196725416	208058436	6805	-0.0025
MOHEL_p_TCGA_271_274_275_N_GenomeWideSNP_6_G10_1320306	2	208058492	208058507	2	-1.7177
MOHEL_p_TCGA_271_274_275_N_GenomeWideSNP_6_G10_1320306	2	208058564	209253406	786	-0.0178
MOHEL_p_TCGA_271_274_275_N_GenomeWideSNP_6_G10_1320306	2	209254681	209260938	8	-0.7212
MOHEL_p_TCGA_271_274_275_N_GenomeWideSNP_6_G10_1320306	2	209266334	242738129	21367	-5e-04
MOHEL_p_TCGA_271_274_275_N_GenomeWideSNP_6_G10_1320306	3	35345	212880	168	-0.5613
MOHEL_p_TCGA_271_274_275_N_GenomeWideSNP_6_G10_1320306	3	217241	218088	2	-2.8706
MOHEL_p_TCGA_271_274_275_N_GenomeWideSNP_6_G10_1320306	3	222454	5105655	4381	-0.5293
MOHEL_p_TCGA_271_274_275_N_GenomeWideSNP_6_G10_1320306	3	5105996	5106363	2	-3.1182
MOHEL_p_TCGA_271_274_275_N_GenomeWideSNP_6_G10_1320306	3	5106396	75434676	48099	-0.5226
MOHEL_p_TCGA_271_274_275_N_GenomeWideSNP_6_G10_1320306	3	75442613	75977222	184	-0.165
MOHEL_p_TCGA_271_274_275_N_GenomeWideSNP_6_G10_1320306	3	75984141	81942718	3477	-0.5451
MOHEL_p_TCGA_271_274_275_N_GenomeWideSNP_6_G10_1320306	3	81948517	96938796	5596	-0.0049
MOHEL_p_TCGA_271_274_275_N_GenomeWideSNP_6_G10_1320306	3	96949570	96950800	2	-3.2619
MOHEL_p_TCGA_271_274_275_N_GenomeWideSNP_6_G10_1320306	3	96951370	101884988	2683	0.0072
MOHEL_p_TCGA_271_274_275_N_GenomeWideSNP_6_G10_1320306	3	101894051	101894584	3	-1.1153
MOHEL_p_TCGA_271_274_275_N_GenomeWideSNP_6_G10_1320306	3	101895871	101941686	25	-0.1676
MOHEL_p_TCGA_271_274_275_N_GenomeWideSNP_6_G10_1320306	3	101941781	101951466	5	-0.8878
MOHEL_p_TCGA_271_274_275_N_GenomeWideSNP_6_G10_1320306	3	101954037	116138472	8666	0.0087
MOHEL_p_TCGA_271_274_275_N_GenomeWideSNP_6_G10_1320306	3	116143282	116143634	6	-1.0052
MOHEL_p_TCGA_271_274_275_N_GenomeWideSNP_6_G10_1320306	3	116151640	131249276	9258	0.0148
MOHEL_p_TCGA_271_274_275_N_GenomeWideSNP_6_G10_1320306	3	131258548	131288742	49	0.5386
MOHEL_p_TCGA_271_274_275_N_GenomeWideSNP_6_G10_1320306	3	131288926	131325903	18	0.0832
MOHEL_p_TCGA_271_274_275_N_GenomeWideSNP_6_G10_1320306	3	131326164	131359673	11	0.5445
MOHEL_p_TCGA_271_274_275_N_GenomeWideSNP_6_G10_1320306	3	131368258	191828212	37762	0.0099
MOHEL_p_TCGA_271_274_275_N_GenomeWideSNP_6_G10_1320306	3	191828912	191829219	2	-1.6327
MOHEL_p_TCGA_271_274_275_N_GenomeWideSNP_6_G10_1320306	3	191832174	196885980	3257	0.0111
MOHEL_p_TCGA_271_274_275_N_GenomeWideSNP_6_G10_1320306	3	196895127	196960434	43	-0.5482
MOHEL_p_TCGA_271_274_275_N_GenomeWideSNP_6_G10_1320306	3	196964365	199380515	1171	0.0204
MOHEL_p_TCGA_271_274_275_N_GenomeWideSNP_6_G10_1320306	4	2281	9819488	5804	0.0187
MOHEL_p_TCGA_271_274_275_N_GenomeWideSNP_6_G10_1320306	4	9832514	9840596	28	-2.404
MOHEL_p_TCGA_271_274_275_N_GenomeWideSNP_6_G10_1320306	4	9843312	20981101	8215	0.0093
MOHEL_p_TCGA_271_274_275_N_GenomeWideSNP_6_G10_1320306	4	20981137	20985949	14	-2.3219
MOHEL_p_TCGA_271_274_275_N_GenomeWideSNP_6_G10_1320306	4	20992838	22889073	1284	0.0076
MOHEL_p_TCGA_271_274_275_N_GenomeWideSNP_6_G10_1320306	4	22889211	22889218	2	-2.1324
MOHEL_p_TCGA_271_274_275_N_GenomeWideSNP_6_G10_1320306	4	22889533	22891325	5	0.1992
MOHEL_p_TCGA_271_274_275_N_GenomeWideSNP_6_G10_1320306	4	22891560	22891678	5	-1.0306
MOHEL_p_TCGA_271_274_275_N_GenomeWideSNP_6_G10_1320306	4	22891822	34462895	7477	-0.0015
MOHEL_p_TCGA_271_274_275_N_GenomeWideSNP_6_G10_1320306	4	34463350	34506267	38	0.6538
MOHEL_p_TCGA_271_274_275_N_GenomeWideSNP_6_G10_1320306	4	34506308	35686329	770	-0.0156
MOHEL_p_TCGA_271_274_275_N_GenomeWideSNP_6_G10_1320306	4	35687788	35688024	2	-1.6332
MOHEL_p_TCGA_271_274_275_N_GenomeWideSNP_6_G10_1320306	4	35689248	48864703	8207	0.0068
MOHEL_p_TCGA_271_274_275_N_GenomeWideSNP_6_G10_1320306	4	48874613	49351352	29	0.421
MOHEL_p_TCGA_271_274_275_N_GenomeWideSNP_6_G10_1320306	4	49352980	61619533	6080	0.0049
MOHEL_p_TCGA_271_274_275_N_GenomeWideSNP_6_G10_1320306	4	61623530	61624547	2	1.3927
MOHEL_p_TCGA_271_274_275_N_GenomeWideSNP_6_G10_1320306	4	61628281	64388346	1522	5e-04
MOHEL_p_TCGA_271_274_275_N_GenomeWideSNP_6_G10_1320306	4	64388380	64390853	9	0.5373
MOHEL_p_TCGA_271_274_275_N_GenomeWideSNP_6_G10_1320306	4	64399026	65502324	660	-0.0148
MOHEL_p_TCGA_271_274_275_N_GenomeWideSNP_6_G10_1320306	4	65502562	65522613	38	-0.962
MOHEL_p_TCGA_271_274_275_N_GenomeWideSNP_6_G10_1320306	4	65526646	68902978	2157	-0.012
MOHEL_p_TCGA_271_274_275_N_GenomeWideSNP_6_G10_1320306	4	68909443	68943659	7	1.0741
MOHEL_p_TCGA_271_274_275_N_GenomeWideSNP_6_G10_1320306	4	68964800	68970737	5	-1.6759
MOHEL_p_TCGA_271_274_275_N_GenomeWideSNP_6_G10_1320306	4	68977394	69049737	11	0.0562
MOHEL_p_TCGA_271_274_275_N_GenomeWideSNP_6_G10_1320306	4	69054598	69222620	73	0.6487
MOHEL_p_TCGA_271_274_275_N_GenomeWideSNP_6_G10_1320306	4	69234339	70162233	326	0.0049
MOHEL_p_TCGA_271_274_275_N_GenomeWideSNP_6_G10_1320306	4	70162241	70261488	48	-0.4537
MOHEL_p_TCGA_271_274_275_N_GenomeWideSNP_6_G10_1320306	4	70263213	87194247	10459	0.0073
MOHEL_p_TCGA_271_274_275_N_GenomeWideSNP_6_G10_1320306	4	87195118	87196030	14	-0.878
MOHEL_p_TCGA_271_274_275_N_GenomeWideSNP_6_G10_1320306	4	87198406	104418592	10193	-3e-04
MOHEL_p_TCGA_271_274_275_N_GenomeWideSNP_6_G10_1320306	4	104420468	104435155	17	-0.7412
MOHEL_p_TCGA_271_274_275_N_GenomeWideSNP_6_G10_1320306	4	104437549	104437551	3	0.2324
MOHEL_p_TCGA_271_274_275_N_GenomeWideSNP_6_G10_1320306	4	104439553	104468854	31	-0.9577
MOHEL_p_TCGA_271_274_275_N_GenomeWideSNP_6_G10_1320306	4	104469446	109605037	3055	0.002
MOHEL_p_TCGA_271_274_275_N_GenomeWideSNP_6_G10_1320306	4	109607255	109608084	2	-2.9648
MOHEL_p_TCGA_271_274_275_N_GenomeWideSNP_6_G10_1320306	4	109623546	115393149	3593	-0.004
MOHEL_p_TCGA_271_274_275_N_GenomeWideSNP_6_G10_1320306	4	115394772	115401624	23	-1.7433
MOHEL_p_TCGA_271_274_275_N_GenomeWideSNP_6_G10_1320306	4	115403678	152095759	21674	0.003
MOHEL_p_TCGA_271_274_275_N_GenomeWideSNP_6_G10_1320306	4	152095775	152103760	26	-0.623
MOHEL_p_TCGA_271_274_275_N_GenomeWideSNP_6_G10_1320306	4	152105577	157187630	3265	-0.0035
MOHEL_p_TCGA_271_274_275_N_GenomeWideSNP_6_G10_1320306	4	157187733	157187748	2	-1.2342
MOHEL_p_TCGA_271_274_275_N_GenomeWideSNP_6_G10_1320306	4	157187923	162099895	3084	0.0025
MOHEL_p_TCGA_271_274_275_N_GenomeWideSNP_6_G10_1320306	4	162099916	162104358	14	0.5394
MOHEL_p_TCGA_271_274_275_N_GenomeWideSNP_6_G10_1320306	4	162104369	176441532	8920	0.0027
MOHEL_p_TCGA_271_274_275_N_GenomeWideSNP_6_G10_1320306	4	176441770	176446827	3	-2.4394
MOHEL_p_TCGA_271_274_275_N_GenomeWideSNP_6_G10_1320306	4	176450184	178286014	1119	0.0046
MOHEL_p_TCGA_271_274_275_N_GenomeWideSNP_6_G10_1320306	4	178289985	178292549	3	-0.9687
MOHEL_p_TCGA_271_274_275_N_GenomeWideSNP_6_G10_1320306	4	178293840	178611863	264	0.0088
MOHEL_p_TCGA_271_274_275_N_GenomeWideSNP_6_G10_1320306	4	178612788	178623504	6	-1.2259
MOHEL_p_TCGA_271_274_275_N_GenomeWideSNP_6_G10_1320306	4	178623889	191261904	8905	0.0185
MOHEL_p_TCGA_271_274_275_N_GenomeWideSNP_6_G10_1320306	5	68532	770379	312	0.049
MOHEL_p_TCGA_271_274_275_N_GenomeWideSNP_6_G10_1320306	5	770525	841060	30	-0.4619
MOHEL_p_TCGA_271_274_275_N_GenomeWideSNP_6_G10_1320306	5	853686	859336	7	0.0229
MOHEL_p_TCGA_271_274_275_N_GenomeWideSNP_6_G10_1320306	5	862047	875123	10	0.5938
MOHEL_p_TCGA_271_274_275_N_GenomeWideSNP_6_G10_1320306	5	876599	10578616	8189	0.0098
MOHEL_p_TCGA_271_274_275_N_GenomeWideSNP_6_G10_1320306	5	10580501	10590351	10	-0.8989
MOHEL_p_TCGA_271_274_275_N_GenomeWideSNP_6_G10_1320306	5	10590676	21412601	7169	0.0106
MOHEL_p_TCGA_271_274_275_N_GenomeWideSNP_6_G10_1320306	5	21413596	21413610	2	-2.0034
MOHEL_p_TCGA_271_274_275_N_GenomeWideSNP_6_G10_1320306	5	21421823	24612720	1836	-0.0066
MOHEL_p_TCGA_271_274_275_N_GenomeWideSNP_6_G10_1320306	5	24612926	24613126	2	-1.4219
MOHEL_p_TCGA_271_274_275_N_GenomeWideSNP_6_G10_1320306	5	24613208	26027999	882	-0.0094
MOHEL_p_TCGA_271_274_275_N_GenomeWideSNP_6_G10_1320306	5	26028266	26028987	3	-1.7892
MOHEL_p_TCGA_271_274_275_N_GenomeWideSNP_6_G10_1320306	5	26031169	28251494	1271	-0.0077
MOHEL_p_TCGA_271_274_275_N_GenomeWideSNP_6_G10_1320306	5	28254644	28258442	4	-0.8819
MOHEL_p_TCGA_271_274_275_N_GenomeWideSNP_6_G10_1320306	5	28261152	34635804	4238	0.006
MOHEL_p_TCGA_271_274_275_N_GenomeWideSNP_6_G10_1320306	5	34635829	34635839	2	-1.2988
MOHEL_p_TCGA_271_274_275_N_GenomeWideSNP_6_G10_1320306	5	34636020	46287063	6836	0.0016
MOHEL_p_TCGA_271_274_275_N_GenomeWideSNP_6_G10_1320306	5	46306765	46313969	9	0.991
MOHEL_p_TCGA_271_274_275_N_GenomeWideSNP_6_G10_1320306	5	46349104	57361784	5082	0.0108
MOHEL_p_TCGA_271_274_275_N_GenomeWideSNP_6_G10_1320306	5	57361920	57369290	31	-0.4615
MOHEL_p_TCGA_271_274_275_N_GenomeWideSNP_6_G10_1320306	5	57374114	58128772	576	0.0203
MOHEL_p_TCGA_271_274_275_N_GenomeWideSNP_6_G10_1320306	5	58131319	58302541	128	0.3763
MOHEL_p_TCGA_271_274_275_N_GenomeWideSNP_6_G10_1320306	5	58302553	65347937	4253	-0.0027
MOHEL_p_TCGA_271_274_275_N_GenomeWideSNP_6_G10_1320306	5	65348011	65353669	5	-0.9045
MOHEL_p_TCGA_271_274_275_N_GenomeWideSNP_6_G10_1320306	5	65354596	66713593	1006	0.0023
MOHEL_p_TCGA_271_274_275_N_GenomeWideSNP_6_G10_1320306	5	66719269	67015729	206	0.3911
MOHEL_p_TCGA_271_274_275_N_GenomeWideSNP_6_G10_1320306	5	67016012	67022868	5	-0.0326
MOHEL_p_TCGA_271_274_275_N_GenomeWideSNP_6_G10_1320306	5	67023877	67075897	38	0.4199
MOHEL_p_TCGA_271_274_275_N_GenomeWideSNP_6_G10_1320306	5	67078672	67489262	305	0.0069
MOHEL_p_TCGA_271_274_275_N_GenomeWideSNP_6_G10_1320306	5	67490252	67500255	5	-1.6182
MOHEL_p_TCGA_271_274_275_N_GenomeWideSNP_6_G10_1320306	5	67501559	67700366	127	-0.019
MOHEL_p_TCGA_271_274_275_N_GenomeWideSNP_6_G10_1320306	5	67703591	68423558	472	0.3796
MOHEL_p_TCGA_271_274_275_N_GenomeWideSNP_6_G10_1320306	5	68431969	68903050	175	-8e-04
MOHEL_p_TCGA_271_274_275_N_GenomeWideSNP_6_G10_1320306	5	69110733	70290654	11	0.5133
MOHEL_p_TCGA_271_274_275_N_GenomeWideSNP_6_G10_1320306	5	70290656	70290662	5	1.2232
MOHEL_p_TCGA_271_274_275_N_GenomeWideSNP_6_G10_1320306	5	70342415	91415782	12471	0.3797
MOHEL_p_TCGA_271_274_275_N_GenomeWideSNP_6_G10_1320306	5	91417823	91421504	2	-1.3416
MOHEL_p_TCGA_271_274_275_N_GenomeWideSNP_6_G10_1320306	5	91424358	103879120	7075	0.3804
MOHEL_p_TCGA_271_274_275_N_GenomeWideSNP_6_G10_1320306	5	103888272	103888503	4	-0.832
MOHEL_p_TCGA_271_274_275_N_GenomeWideSNP_6_G10_1320306	5	103888948	140578000	23404	0.3777
MOHEL_p_TCGA_271_274_275_N_GenomeWideSNP_6_G10_1320306	5	140580693	140581382	4	-0.9534
MOHEL_p_TCGA_271_274_275_N_GenomeWideSNP_6_G10_1320306	5	140582303	141995377	892	0.3838
MOHEL_p_TCGA_271_274_275_N_GenomeWideSNP_6_G10_1320306	5	141998044	142000197	7	-0.5877
MOHEL_p_TCGA_271_274_275_N_GenomeWideSNP_6_G10_1320306	5	142002286	150182398	5519	0.3821
MOHEL_p_TCGA_271_274_275_N_GenomeWideSNP_6_G10_1320306	5	150185693	150198797	8	-3.3533
MOHEL_p_TCGA_271_274_275_N_GenomeWideSNP_6_G10_1320306	5	150203580	155427828	3657	0.3886
MOHEL_p_TCGA_271_274_275_N_GenomeWideSNP_6_G10_1320306	5	155427831	155434757	5	-0.5027
MOHEL_p_TCGA_271_274_275_N_GenomeWideSNP_6_G10_1320306	5	155436983	175306114	14077	0.3833
MOHEL_p_TCGA_271_274_275_N_GenomeWideSNP_6_G10_1320306	5	175320152	175326218	3	2.4358
MOHEL_p_TCGA_271_274_275_N_GenomeWideSNP_6_G10_1320306	5	175326356	177131055	740	0.3733
MOHEL_p_TCGA_271_274_275_N_GenomeWideSNP_6_G10_1320306	5	177160157	177165211	3	3.0279
MOHEL_p_TCGA_271_274_275_N_GenomeWideSNP_6_G10_1320306	5	177187571	180647715	2000	0.392
MOHEL_p_TCGA_271_274_275_N_GenomeWideSNP_6_G10_1320306	5	180652408	180722926	2	-0.1372
MOHEL_p_TCGA_271_274_275_N_GenomeWideSNP_6_G10_1320306	6	94661	199283	101	0.0827
MOHEL_p_TCGA_271_274_275_N_GenomeWideSNP_6_G10_1320306	6	202353	326149	101	0.5028
MOHEL_p_TCGA_271_274_275_N_GenomeWideSNP_6_G10_1320306	6	327559	26847004	20094	0.009
MOHEL_p_TCGA_271_274_275_N_GenomeWideSNP_6_G10_1320306	6	26850078	26866009	9	0.9541
MOHEL_p_TCGA_271_274_275_N_GenomeWideSNP_6_G10_1320306	6	26870366	29945051	1448	0.0089
MOHEL_p_TCGA_271_274_275_N_GenomeWideSNP_6_G10_1320306	6	29945166	30022594	40	0.4435
MOHEL_p_TCGA_271_274_275_N_GenomeWideSNP_6_G10_1320306	6	30023448	30024834	7	-0.1741
MOHEL_p_TCGA_271_274_275_N_GenomeWideSNP_6_G10_1320306	6	30025125	30045290	13	-0.8621
MOHEL_p_TCGA_271_274_275_N_GenomeWideSNP_6_G10_1320306	6	30046756	30171347	74	0.0407
MOHEL_p_TCGA_271_274_275_N_GenomeWideSNP_6_G10_1320306	6	30172541	30173554	5	-0.838
MOHEL_p_TCGA_271_274_275_N_GenomeWideSNP_6_G10_1320306	6	30174010	31394255	551	0.0425
MOHEL_p_TCGA_271_274_275_N_GenomeWideSNP_6_G10_1320306	6	31394284	31394510	2	-1.7654
MOHEL_p_TCGA_271_274_275_N_GenomeWideSNP_6_G10_1320306	6	31395090	32564720	519	0.0929
MOHEL_p_TCGA_271_274_275_N_GenomeWideSNP_6_G10_1320306	6	32577897	32710085	49	0.7558
MOHEL_p_TCGA_271_274_275_N_GenomeWideSNP_6_G10_1320306	6	32710247	34045977	822	0.0284
MOHEL_p_TCGA_271_274_275_N_GenomeWideSNP_6_G10_1320306	6	34046721	34050683	7	-0.8419
MOHEL_p_TCGA_271_274_275_N_GenomeWideSNP_6_G10_1320306	6	34052564	62181321	15589	0.0067
MOHEL_p_TCGA_271_274_275_N_GenomeWideSNP_6_G10_1320306	6	62264227	62305437	28	0.3374
MOHEL_p_TCGA_271_274_275_N_GenomeWideSNP_6_G10_1320306	6	62305821	65393663	1663	0.0023
MOHEL_p_TCGA_271_274_275_N_GenomeWideSNP_6_G10_1320306	6	65404265	65405713	2	-2.8001
MOHEL_p_TCGA_271_274_275_N_GenomeWideSNP_6_G10_1320306	6	65407497	74648586	6163	0.0042
MOHEL_p_TCGA_271_274_275_N_GenomeWideSNP_6_G10_1320306	6	74648953	74658138	10	0.6634
MOHEL_p_TCGA_271_274_275_N_GenomeWideSNP_6_G10_1320306	6	74660283	77493251	1771	0.013
MOHEL_p_TCGA_271_274_275_N_GenomeWideSNP_6_G10_1320306	6	77496587	77509476	21	-0.4588
MOHEL_p_TCGA_271_274_275_N_GenomeWideSNP_6_G10_1320306	6	77517792	78936231	917	0.0098
MOHEL_p_TCGA_271_274_275_N_GenomeWideSNP_6_G10_1320306	6	78938170	78955234	7	-1.0098
MOHEL_p_TCGA_271_274_275_N_GenomeWideSNP_6_G10_1320306	6	78956739	79091746	166	0.1229
MOHEL_p_TCGA_271_274_275_N_GenomeWideSNP_6_G10_1320306	6	79091893	79098528	7	-0.3154
MOHEL_p_TCGA_271_274_275_N_GenomeWideSNP_6_G10_1320306	6	79102485	103837246	15486	0.0068
MOHEL_p_TCGA_271_274_275_N_GenomeWideSNP_6_G10_1320306	6	103840867	103841522	6	-0.6244
MOHEL_p_TCGA_271_274_275_N_GenomeWideSNP_6_G10_1320306	6	103844669	103868754	46	0.7756
MOHEL_p_TCGA_271_274_275_N_GenomeWideSNP_6_G10_1320306	6	103872163	151365492	30316	0.0067
MOHEL_p_TCGA_271_274_275_N_GenomeWideSNP_6_G10_1320306	6	151365607	151368726	2	-1.3621
MOHEL_p_TCGA_271_274_275_N_GenomeWideSNP_6_G10_1320306	6	151368896	160946963	6632	0.0039
MOHEL_p_TCGA_271_274_275_N_GenomeWideSNP_6_G10_1320306	6	160949718	160953273	24	-0.6704
MOHEL_p_TCGA_271_274_275_N_GenomeWideSNP_6_G10_1320306	6	160988032	170892930	7267	0.0197
MOHEL_p_TCGA_271_274_275_N_GenomeWideSNP_6_G10_1320306	7	52911	4378932	2307	0.0151
MOHEL_p_TCGA_271_274_275_N_GenomeWideSNP_6_G10_1320306	7	4383474	4385398	7	-1.2037
MOHEL_p_TCGA_271_274_275_N_GenomeWideSNP_6_G10_1320306	7	4387987	6796428	1124	0.0176
MOHEL_p_TCGA_271_274_275_N_GenomeWideSNP_6_G10_1320306	7	6797223	6800402	3	-1.3239
MOHEL_p_TCGA_271_274_275_N_GenomeWideSNP_6_G10_1320306	7	6803531	38239855	23975	0.005
MOHEL_p_TCGA_271_274_275_N_GenomeWideSNP_6_G10_1320306	7	38240258	38353968	132	0.2411
MOHEL_p_TCGA_271_274_275_N_GenomeWideSNP_6_G10_1320306	7	38357890	56728994	12594	0.0054
MOHEL_p_TCGA_271_274_275_N_GenomeWideSNP_6_G10_1320306	7	56729607	56736308	3	-2.9475
MOHEL_p_TCGA_271_274_275_N_GenomeWideSNP_6_G10_1320306	7	56739660	66266675	2314	0.0445
MOHEL_p_TCGA_271_274_275_N_GenomeWideSNP_6_G10_1320306	7	66266764	66282667	8	-1.7522
MOHEL_p_TCGA_271_274_275_N_GenomeWideSNP_6_G10_1320306	7	66285074	70058374	2398	0.016
MOHEL_p_TCGA_271_274_275_N_GenomeWideSNP_6_G10_1320306	7	70061186	70064077	2	1.5244
MOHEL_p_TCGA_271_274_275_N_GenomeWideSNP_6_G10_1320306	7	70066179	73238974	1533	0.0165
MOHEL_p_TCGA_271_274_275_N_GenomeWideSNP_6_G10_1320306	7	73241014	73835664	196	0.3162
MOHEL_p_TCGA_271_274_275_N_GenomeWideSNP_6_G10_1320306	7	73846248	79307480	2682	0.0041
MOHEL_p_TCGA_271_274_275_N_GenomeWideSNP_6_G10_1320306	7	79316898	79318086	2	-1.5227
MOHEL_p_TCGA_271_274_275_N_GenomeWideSNP_6_G10_1320306	7	79321466	97223869	11446	-4e-04
MOHEL_p_TCGA_271_274_275_N_GenomeWideSNP_6_G10_1320306	7	97223906	97239868	10	0.6
MOHEL_p_TCGA_271_274_275_N_GenomeWideSNP_6_G10_1320306	7	97239895	102022781	2059	0.0105
MOHEL_p_TCGA_271_274_275_N_GenomeWideSNP_6_G10_1320306	7	102025202	102104345	7	0.8261
MOHEL_p_TCGA_271_274_275_N_GenomeWideSNP_6_G10_1320306	7	102123023	109221021	4572	5e-04
MOHEL_p_TCGA_271_274_275_N_GenomeWideSNP_6_G10_1320306	7	109221034	109229196	30	0.5549
MOHEL_p_TCGA_271_274_275_N_GenomeWideSNP_6_G10_1320306	7	109240949	118940578	5883	-0.002
MOHEL_p_TCGA_271_274_275_N_GenomeWideSNP_6_G10_1320306	7	118943759	118949683	11	-1.0057
MOHEL_p_TCGA_271_274_275_N_GenomeWideSNP_6_G10_1320306	7	118949966	133407800	8845	0.0025
MOHEL_p_TCGA_271_274_275_N_GenomeWideSNP_6_G10_1320306	7	133409342	133411091	2	-2.0307
MOHEL_p_TCGA_271_274_275_N_GenomeWideSNP_6_G10_1320306	7	133411225	139838811	4166	0.0103
MOHEL_p_TCGA_271_274_275_N_GenomeWideSNP_6_G10_1320306	7	139839328	139845481	13	-0.6165
MOHEL_p_TCGA_271_274_275_N_GenomeWideSNP_6_G10_1320306	7	139853071	142154515	1572	0.0396
MOHEL_p_TCGA_271_274_275_N_GenomeWideSNP_6_G10_1320306	7	142156294	142165614	27	-2.1169
MOHEL_p_TCGA_271_274_275_N_GenomeWideSNP_6_G10_1320306	7	142165684	142956491	478	0.0036
MOHEL_p_TCGA_271_274_275_N_GenomeWideSNP_6_G10_1320306	7	142956528	143216684	104	0.2798
MOHEL_p_TCGA_271_274_275_N_GenomeWideSNP_6_G10_1320306	7	143223388	158819765	9995	0.0115
MOHEL_p_TCGA_271_274_275_N_GenomeWideSNP_6_G10_1320306	8	21254	585875	335	0.0861
MOHEL_p_TCGA_271_274_275_N_GenomeWideSNP_6_G10_1320306	8	585892	585908	2	4.2246
MOHEL_p_TCGA_271_274_275_N_GenomeWideSNP_6_G10_1320306	8	591043	6147355	6578	0.0185
MOHEL_p_TCGA_271_274_275_N_GenomeWideSNP_6_G10_1320306	8	6147444	6147478	2	-1.7097
MOHEL_p_TCGA_271_274_275_N_GenomeWideSNP_6_G10_1320306	8	6148975	6986630	894	0.0274
MOHEL_p_TCGA_271_274_275_N_GenomeWideSNP_6_G10_1320306	8	6997005	7241738	45	0.3041
MOHEL_p_TCGA_271_274_275_N_GenomeWideSNP_6_G10_1320306	8	7241751	7898205	165	-0.0113
MOHEL_p_TCGA_271_274_275_N_GenomeWideSNP_6_G10_1320306	8	7902324	8055446	43	0.6006
MOHEL_p_TCGA_271_274_275_N_GenomeWideSNP_6_G10_1320306	8	8055447	137881042	82809	0.0024
MOHEL_p_TCGA_271_274_275_N_GenomeWideSNP_6_G10_1320306	8	137883767	137886756	8	-1.241
MOHEL_p_TCGA_271_274_275_N_GenomeWideSNP_6_G10_1320306	8	137887570	146268959	5066	0.0243
MOHEL_p_TCGA_271_274_275_N_GenomeWideSNP_6_G10_1320306	9	36587	592903	510	-0.3912
MOHEL_p_TCGA_271_274_275_N_GenomeWideSNP_6_G10_1320306	9	596699	596893	3	-1.722
MOHEL_p_TCGA_271_274_275_N_GenomeWideSNP_6_G10_1320306	9	596961	6685017	5863	-0.4263
MOHEL_p_TCGA_271_274_275_N_GenomeWideSNP_6_G10_1320306	9	6685397	6685472	2	-2.54
MOHEL_p_TCGA_271_274_275_N_GenomeWideSNP_6_G10_1320306	9	6685502	33899522	21807	-0.4482
MOHEL_p_TCGA_271_274_275_N_GenomeWideSNP_6_G10_1320306	9	33906379	39247172	3041	0.0898
MOHEL_p_TCGA_271_274_275_N_GenomeWideSNP_6_G10_1320306	9	39247353	43740182	163	-0.2715
MOHEL_p_TCGA_271_274_275_N_GenomeWideSNP_6_G10_1320306	9	44054868	47006996	180	0.0581
MOHEL_p_TCGA_271_274_275_N_GenomeWideSNP_6_G10_1320306	9	65356791	67706410	72	-0.2575
MOHEL_p_TCGA_271_274_275_N_GenomeWideSNP_6_G10_1320306	9	67709310	67847804	42	0.3004
MOHEL_p_TCGA_271_274_275_N_GenomeWideSNP_6_G10_1320306	9	67848642	68138997	23	-0.0527
MOHEL_p_TCGA_271_274_275_N_GenomeWideSNP_6_G10_1320306	9	68139184	105606318	24991	-0.4347
MOHEL_p_TCGA_271_274_275_N_GenomeWideSNP_6_G10_1320306	9	105608517	105609111	2	-2.8383
MOHEL_p_TCGA_271_274_275_N_GenomeWideSNP_6_G10_1320306	9	105610523	106972707	1169	-0.4364
MOHEL_p_TCGA_271_274_275_N_GenomeWideSNP_6_G10_1320306	9	106973597	106973954	2	-2.2138
MOHEL_p_TCGA_271_274_275_N_GenomeWideSNP_6_G10_1320306	9	106973986	140124312	21907	-0.4418
MOHEL_p_TCGA_271_274_275_N_GenomeWideSNP_6_G10_1320306	9	140124737	140124916	3	0.7214
MOHEL_p_TCGA_271_274_275_N_GenomeWideSNP_6_G10_1320306	9	140124934	140211215	53	-0.2461
MOHEL_p_TCGA_271_274_275_N_GenomeWideSNP_6_G10_1320306	10	62809	47417400	31951	0.0093
MOHEL_p_TCGA_271_274_275_N_GenomeWideSNP_6_G10_1320306	10	47432905	47737209	11	-0.8581
MOHEL_p_TCGA_271_274_275_N_GenomeWideSNP_6_G10_1320306	10	47799776	51561926	1761	0.0218
MOHEL_p_TCGA_271_274_275_N_GenomeWideSNP_6_G10_1320306	10	51573774	51640636	4	1.1743
MOHEL_p_TCGA_271_274_275_N_GenomeWideSNP_6_G10_1320306	10	51651977	54595789	2326	0.0166
MOHEL_p_TCGA_271_274_275_N_GenomeWideSNP_6_G10_1320306	10	54597533	54609159	11	-1.3329
MOHEL_p_TCGA_271_274_275_N_GenomeWideSNP_6_G10_1320306	10	54611407	60200905	4032	0.0038
MOHEL_p_TCGA_271_274_275_N_GenomeWideSNP_6_G10_1320306	10	60201267	60201687	5	-1.2169
MOHEL_p_TCGA_271_274_275_N_GenomeWideSNP_6_G10_1320306	10	60205926	66978023	4652	-0.0054
MOHEL_p_TCGA_271_274_275_N_GenomeWideSNP_6_G10_1320306	10	66978036	66978967	7	0.7723
MOHEL_p_TCGA_271_274_275_N_GenomeWideSNP_6_G10_1320306	10	66978977	66992801	18	0.1605
MOHEL_p_TCGA_271_274_275_N_GenomeWideSNP_6_G10_1320306	10	66992932	67006494	14	-1.0247
MOHEL_p_TCGA_271_274_275_N_GenomeWideSNP_6_G10_1320306	10	67010184	92449907	16952	0.0052
MOHEL_p_TCGA_271_274_275_N_GenomeWideSNP_6_G10_1320306	10	92452695	92453271	4	-1.0896
MOHEL_p_TCGA_271_274_275_N_GenomeWideSNP_6_G10_1320306	10	92461560	110241124	11218	0.0067
MOHEL_p_TCGA_271_274_275_N_GenomeWideSNP_6_G10_1320306	10	110250552	110253912	9	-0.9964
MOHEL_p_TCGA_271_274_275_N_GenomeWideSNP_6_G10_1320306	10	110255918	135356694	18101	0.0121
MOHEL_p_TCGA_271_274_275_N_GenomeWideSNP_6_G10_1320306	11	188510	4186558	1779	0.0087
MOHEL_p_TCGA_271_274_275_N_GenomeWideSNP_6_G10_1320306	11	4187679	4195630	11	0.6246
MOHEL_p_TCGA_271_274_275_N_GenomeWideSNP_6_G10_1320306	11	4206589	4924226	687	0.0079
MOHEL_p_TCGA_271_274_275_N_GenomeWideSNP_6_G10_1320306	11	4924693	4933483	43	0.4709
MOHEL_p_TCGA_271_274_275_N_GenomeWideSNP_6_G10_1320306	11	4933587	5739971	781	6e-04
MOHEL_p_TCGA_271_274_275_N_GenomeWideSNP_6_G10_1320306	11	5740258	5765715	35	-0.6581
MOHEL_p_TCGA_271_274_275_N_GenomeWideSNP_6_G10_1320306	11	5765914	6043707	221	0.0173
MOHEL_p_TCGA_271_274_275_N_GenomeWideSNP_6_G10_1320306	11	6044235	6078670	28	0.3002
MOHEL_p_TCGA_271_274_275_N_GenomeWideSNP_6_G10_1320306	11	6079079	18897446	9170	0.0074
MOHEL_p_TCGA_271_274_275_N_GenomeWideSNP_6_G10_1320306	11	18905648	18917754	40	0.5395
MOHEL_p_TCGA_271_274_275_N_GenomeWideSNP_6_G10_1320306	11	18917857	21148960	2060	0.0121
MOHEL_p_TCGA_271_274_275_N_GenomeWideSNP_6_G10_1320306	11	21149108	21152756	8	-0.5858
MOHEL_p_TCGA_271_274_275_N_GenomeWideSNP_6_G10_1320306	11	21152811	21711261	476	0.0408
MOHEL_p_TCGA_271_274_275_N_GenomeWideSNP_6_G10_1320306	11	21714083	21719668	2	-1.2265
MOHEL_p_TCGA_271_274_275_N_GenomeWideSNP_6_G10_1320306	11	21719669	25562338	2726	0.0027
MOHEL_p_TCGA_271_274_275_N_GenomeWideSNP_6_G10_1320306	11	25562420	25581317	24	-1.0516
MOHEL_p_TCGA_271_274_275_N_GenomeWideSNP_6_G10_1320306	11	25590159	50007298	15968	0.0052
MOHEL_p_TCGA_271_274_275_N_GenomeWideSNP_6_G10_1320306	11	50007872	50050824	8	0.453
MOHEL_p_TCGA_271_274_275_N_GenomeWideSNP_6_G10_1320306	11	50050875	134449982	53067	0.0048
MOHEL_p_TCGA_271_274_275_N_GenomeWideSNP_6_G10_1320306	12	20703	736231	418	0.0365
MOHEL_p_TCGA_271_274_275_N_GenomeWideSNP_6_G10_1320306	12	739370	744290	17	-0.856
MOHEL_p_TCGA_271_274_275_N_GenomeWideSNP_6_G10_1320306	12	745615	9521823	5770	0.0146
MOHEL_p_TCGA_271_274_275_N_GenomeWideSNP_6_G10_1320306	12	9525137	9619559	24	1.0343
MOHEL_p_TCGA_271_274_275_N_GenomeWideSNP_6_G10_1320306	12	9626236	10109477	384	-0.0081
MOHEL_p_TCGA_271_274_275_N_GenomeWideSNP_6_G10_1320306	12	10111152	10111421	3	-0.851
MOHEL_p_TCGA_271_274_275_N_GenomeWideSNP_6_G10_1320306	12	10112588	11127482	667	0.0033
MOHEL_p_TCGA_271_274_275_N_GenomeWideSNP_6_G10_1320306	12	11128103	11148096	5	0.801
MOHEL_p_TCGA_271_274_275_N_GenomeWideSNP_6_G10_1320306	12	11151542	11402845	132	0.0423
MOHEL_p_TCGA_271_274_275_N_GenomeWideSNP_6_G10_1320306	12	11403759	11434673	30	-0.7018
MOHEL_p_TCGA_271_274_275_N_GenomeWideSNP_6_G10_1320306	12	11443459	98315274	54828	0.0013
MOHEL_p_TCGA_271_274_275_N_GenomeWideSNP_6_G10_1320306	12	98315739	98322865	36	0.3348
MOHEL_p_TCGA_271_274_275_N_GenomeWideSNP_6_G10_1320306	12	98327224	124554155	16769	0.0053
MOHEL_p_TCGA_271_274_275_N_GenomeWideSNP_6_G10_1320306	12	124554986	124555577	2	-1.1992
MOHEL_p_TCGA_271_274_275_N_GenomeWideSNP_6_G10_1320306	12	124555826	126140013	1418	0.026
MOHEL_p_TCGA_271_274_275_N_GenomeWideSNP_6_G10_1320306	12	126141646	126151541	6	-0.8111
MOHEL_p_TCGA_271_274_275_N_GenomeWideSNP_6_G10_1320306	12	126151807	132288262	4570	0.0407
MOHEL_p_TCGA_271_274_275_N_GenomeWideSNP_6_G10_1320306	13	17924949	31430622	9642	0.0134
MOHEL_p_TCGA_271_274_275_N_GenomeWideSNP_6_G10_1320306	13	31430727	31435608	8	-2.142
MOHEL_p_TCGA_271_274_275_N_GenomeWideSNP_6_G10_1320306	13	31435623	31436408	8	-3.2857
MOHEL_p_TCGA_271_274_275_N_GenomeWideSNP_6_G10_1320306	13	31436423	36970036	3905	0.0027
MOHEL_p_TCGA_271_274_275_N_GenomeWideSNP_6_G10_1320306	13	36970224	36982757	15	-0.6877
MOHEL_p_TCGA_271_274_275_N_GenomeWideSNP_6_G10_1320306	13	36986330	39766378	2104	0.0036
MOHEL_p_TCGA_271_274_275_N_GenomeWideSNP_6_G10_1320306	13	39767228	39768011	2	-1.109
MOHEL_p_TCGA_271_274_275_N_GenomeWideSNP_6_G10_1320306	13	39774908	42101296	1488	0.0066
MOHEL_p_TCGA_271_274_275_N_GenomeWideSNP_6_G10_1320306	13	42102740	42123721	38	-1.0061
MOHEL_p_TCGA_271_274_275_N_GenomeWideSNP_6_G10_1320306	13	42127826	56649097	8911	0.0126
MOHEL_p_TCGA_271_274_275_N_GenomeWideSNP_6_G10_1320306	13	56656271	56676381	34	-2.2523
MOHEL_p_TCGA_271_274_275_N_GenomeWideSNP_6_G10_1320306	13	56687715	71702901	9282	-0.0035
MOHEL_p_TCGA_271_274_275_N_GenomeWideSNP_6_G10_1320306	13	71706483	71707429	2	-3.12
MOHEL_p_TCGA_271_274_275_N_GenomeWideSNP_6_G10_1320306	13	71711063	114126499	28853	-5e-04
MOHEL_p_TCGA_271_274_275_N_GenomeWideSNP_6_G10_1320306	14	18072124	18947072	67	0.2107
MOHEL_p_TCGA_271_274_275_N_GenomeWideSNP_6_G10_1320306	14	18979264	19270221	16	-0.3643
MOHEL_p_TCGA_271_274_275_N_GenomeWideSNP_6_G10_1320306	14	19270249	19495700	110	0.3181
MOHEL_p_TCGA_271_274_275_N_GenomeWideSNP_6_G10_1320306	14	19495751	73076460	34139	-0.0187
MOHEL_p_TCGA_271_274_275_N_GenomeWideSNP_6_G10_1320306	14	73076604	73090732	7	1.035
MOHEL_p_TCGA_271_274_275_N_GenomeWideSNP_6_G10_1320306	14	73099653	82132409	5934	-0.0213
MOHEL_p_TCGA_271_274_275_N_GenomeWideSNP_6_G10_1320306	14	82135466	82135495	2	-1.8615
MOHEL_p_TCGA_271_274_275_N_GenomeWideSNP_6_G10_1320306	14	82135791	99489186	12186	-0.0051
MOHEL_p_TCGA_271_274_275_N_GenomeWideSNP_6_G10_1320306	14	99490749	99498969	3	-1.3329
MOHEL_p_TCGA_271_274_275_N_GenomeWideSNP_6_G10_1320306	14	99501209	105079225	2535	-0.0155
MOHEL_p_TCGA_271_274_275_N_GenomeWideSNP_6_G10_1320306	14	105079690	105289630	28	0.714
MOHEL_p_TCGA_271_274_275_N_GenomeWideSNP_6_G10_1320306	14	105294645	105609107	127	0.0737
MOHEL_p_TCGA_271_274_275_N_GenomeWideSNP_6_G10_1320306	14	105612798	105640508	14	0.7515
MOHEL_p_TCGA_271_274_275_N_GenomeWideSNP_6_G10_1320306	14	105645163	105945406	141	0.1025
MOHEL_p_TCGA_271_274_275_N_GenomeWideSNP_6_G10_1320306	14	105950876	106005593	58	0.6506
MOHEL_p_TCGA_271_274_275_N_GenomeWideSNP_6_G10_1320306	14	106010833	106224218	127	0.0391
MOHEL_p_TCGA_271_274_275_N_GenomeWideSNP_6_G10_1320306	14	106231370	106250892	21	0.7378
MOHEL_p_TCGA_271_274_275_N_GenomeWideSNP_6_G10_1320306	14	106255229	106356482	69	0.0476
MOHEL_p_TCGA_271_274_275_N_GenomeWideSNP_6_G10_1320306	15	18276341	25592218	3815	0.0332
MOHEL_p_TCGA_271_274_275_N_GenomeWideSNP_6_G10_1320306	15	25593092	25601401	13	-0.9657
MOHEL_p_TCGA_271_274_275_N_GenomeWideSNP_6_G10_1320306	15	25602389	30364501	2462	0.0544
MOHEL_p_TCGA_271_274_275_N_GenomeWideSNP_6_G10_1320306	15	30365433	30379058	2	1.3568
MOHEL_p_TCGA_271_274_275_N_GenomeWideSNP_6_G10_1320306	15	30387094	74678296	28063	0.003
MOHEL_p_TCGA_271_274_275_N_GenomeWideSNP_6_G10_1320306	15	74678566	74682830	21	0.556
MOHEL_p_TCGA_271_274_275_N_GenomeWideSNP_6_G10_1320306	15	74689234	90566759	10243	0.0072
MOHEL_p_TCGA_271_274_275_N_GenomeWideSNP_6_G10_1320306	15	90566878	90567298	3	1.8364
MOHEL_p_TCGA_271_274_275_N_GenomeWideSNP_6_G10_1320306	15	90567762	100286563	7440	0.0155
MOHEL_p_TCGA_271_274_275_N_GenomeWideSNP_6_G10_1320306	16	777	12592646	9500	0.3849
MOHEL_p_TCGA_271_274_275_N_GenomeWideSNP_6_G10_1320306	16	12598360	12614880	43	-0.0527
MOHEL_p_TCGA_271_274_275_N_GenomeWideSNP_6_G10_1320306	16	12615795	14688155	1576	0.3696
MOHEL_p_TCGA_271_274_275_N_GenomeWideSNP_6_G10_1320306	16	14742568	14956269	19	0.789
MOHEL_p_TCGA_271_274_275_N_GenomeWideSNP_6_G10_1320306	16	14956345	15023758	62	-0.2161
MOHEL_p_TCGA_271_274_275_N_GenomeWideSNP_6_G10_1320306	16	15032942	15875743	336	0.4441
MOHEL_p_TCGA_271_274_275_N_GenomeWideSNP_6_G10_1320306	16	15877509	15940290	32	0.7879
MOHEL_p_TCGA_271_274_275_N_GenomeWideSNP_6_G10_1320306	16	15940440	20408524	2398	0.4103
MOHEL_p_TCGA_271_274_275_N_GenomeWideSNP_6_G10_1320306	16	20420282	20453353	27	-0.2068
MOHEL_p_TCGA_271_274_275_N_GenomeWideSNP_6_G10_1320306	16	20453641	32117375	6111	0.3739
MOHEL_p_TCGA_271_274_275_N_GenomeWideSNP_6_G10_1320306	16	32117600	33495172	206	0.729
MOHEL_p_TCGA_271_274_275_N_GenomeWideSNP_6_G10_1320306	16	33495525	33539331	23	1.0438
MOHEL_p_TCGA_271_274_275_N_GenomeWideSNP_6_G10_1320306	16	33550900	33735555	26	0.5675
MOHEL_p_TCGA_271_274_275_N_GenomeWideSNP_6_G10_1320306	16	33736226	60210889	10618	0.3704
MOHEL_p_TCGA_271_274_275_N_GenomeWideSNP_6_G10_1320306	16	60215854	60223309	2	-2.1352
MOHEL_p_TCGA_271_274_275_N_GenomeWideSNP_6_G10_1320306	16	60226708	76929109	10875	0.3742
MOHEL_p_TCGA_271_274_275_N_GenomeWideSNP_6_G10_1320306	16	76929941	76942239	16	1.0324
MOHEL_p_TCGA_271_274_275_N_GenomeWideSNP_6_G10_1320306	16	76942266	88815036	10634	0.3868
MOHEL_p_TCGA_271_274_275_N_GenomeWideSNP_6_G10_1320306	17	526	13459666	8421	0.005
MOHEL_p_TCGA_271_274_275_N_GenomeWideSNP_6_G10_1320306	17	13465386	13465642	2	-1.7528
MOHEL_p_TCGA_271_274_275_N_GenomeWideSNP_6_G10_1320306	17	13470985	13499770	36	-0.0285
MOHEL_p_TCGA_271_274_275_N_GenomeWideSNP_6_G10_1320306	17	13499805	13500902	3	-1.106
MOHEL_p_TCGA_271_274_275_N_GenomeWideSNP_6_G10_1320306	17	13501734	18296117	2981	0.0383
MOHEL_p_TCGA_271_274_275_N_GenomeWideSNP_6_G10_1320306	17	18299671	18321119	11	-0.5289
MOHEL_p_TCGA_271_274_275_N_GenomeWideSNP_6_G10_1320306	17	18322536	20332752	846	3e-04
MOHEL_p_TCGA_271_274_275_N_GenomeWideSNP_6_G10_1320306	17	20336479	20354038	3	0.9636
MOHEL_p_TCGA_271_274_275_N_GenomeWideSNP_6_G10_1320306	17	20371772	24806353	1937	0.0185
MOHEL_p_TCGA_271_274_275_N_GenomeWideSNP_6_G10_1320306	17	24806416	24807003	3	-1.0918
MOHEL_p_TCGA_271_274_275_N_GenomeWideSNP_6_G10_1320306	17	24812383	36668173	6725	0.0143
MOHEL_p_TCGA_271_274_275_N_GenomeWideSNP_6_G10_1320306	17	36671898	36676783	12	0.7074
MOHEL_p_TCGA_271_274_275_N_GenomeWideSNP_6_G10_1320306	17	36676831	41010873	2183	8e-04
MOHEL_p_TCGA_271_274_275_N_GenomeWideSNP_6_G10_1320306	17	41012163	41015209	6	-0.814
MOHEL_p_TCGA_271_274_275_N_GenomeWideSNP_6_G10_1320306	17	41020476	41860676	476	-0.001
MOHEL_p_TCGA_271_274_275_N_GenomeWideSNP_6_G10_1320306	17	41879021	41879036	2	1.9198
MOHEL_p_TCGA_271_274_275_N_GenomeWideSNP_6_G10_1320306	17	41901645	48593480	3788	0.0073
MOHEL_p_TCGA_271_274_275_N_GenomeWideSNP_6_G10_1320306	17	48595369	48595422	2	-1.3031
MOHEL_p_TCGA_271_274_275_N_GenomeWideSNP_6_G10_1320306	17	48598030	76743380	17127	0.007
MOHEL_p_TCGA_271_274_275_N_GenomeWideSNP_6_G10_1320306	17	76743467	76743696	3	-1.5906
MOHEL_p_TCGA_271_274_275_N_GenomeWideSNP_6_G10_1320306	17	76746508	78643088	727	0.0051
MOHEL_p_TCGA_271_274_275_N_GenomeWideSNP_6_G10_1320306	18	1543	61913280	40430	0.0035
MOHEL_p_TCGA_271_274_275_N_GenomeWideSNP_6_G10_1320306	18	61918120	61918902	3	-3.0871
MOHEL_p_TCGA_271_274_275_N_GenomeWideSNP_6_G10_1320306	18	61926575	63110203	772	-0.0102
MOHEL_p_TCGA_271_274_275_N_GenomeWideSNP_6_G10_1320306	18	63110303	63118245	19	-0.589
MOHEL_p_TCGA_271_274_275_N_GenomeWideSNP_6_G10_1320306	18	63118698	76116029	9591	0.0063
MOHEL_p_TCGA_271_274_275_N_GenomeWideSNP_6_G10_1320306	19	41910	39119663	15881	0.0058
MOHEL_p_TCGA_271_274_275_N_GenomeWideSNP_6_G10_1320306	19	39124070	39124517	2	-1.3637
MOHEL_p_TCGA_271_274_275_N_GenomeWideSNP_6_G10_1320306	19	39125772	40540901	938	-0.0058
MOHEL_p_TCGA_271_274_275_N_GenomeWideSNP_6_G10_1320306	19	40541011	40562188	32	0.2839
MOHEL_p_TCGA_271_274_275_N_GenomeWideSNP_6_G10_1320306	19	40566223	43618752	1540	-0.0052
MOHEL_p_TCGA_271_274_275_N_GenomeWideSNP_6_G10_1320306	19	43619156	43619257	2	-0.9933
MOHEL_p_TCGA_271_274_275_N_GenomeWideSNP_6_G10_1320306	19	43621756	45066649	758	0.0045
MOHEL_p_TCGA_271_274_275_N_GenomeWideSNP_6_G10_1320306	19	45066660	45085661	13	0.4606
MOHEL_p_TCGA_271_274_275_N_GenomeWideSNP_6_G10_1320306	19	45096473	48394873	1604	0.0227
MOHEL_p_TCGA_271_274_275_N_GenomeWideSNP_6_G10_1320306	19	48395344	48448077	21	-0.5597
MOHEL_p_TCGA_271_274_275_N_GenomeWideSNP_6_G10_1320306	19	48458499	55244706	3296	0.0019
MOHEL_p_TCGA_271_274_275_N_GenomeWideSNP_6_G10_1320306	19	55250351	55250949	3	-1.1859
MOHEL_p_TCGA_271_274_275_N_GenomeWideSNP_6_G10_1320306	19	55255078	56823625	870	0.0085
MOHEL_p_TCGA_271_274_275_N_GenomeWideSNP_6_G10_1320306	19	56834164	56840009	11	-0.7151
MOHEL_p_TCGA_271_274_275_N_GenomeWideSNP_6_G10_1320306	19	56846717	63789666	4381	0.0162
MOHEL_p_TCGA_271_274_275_N_GenomeWideSNP_6_G10_1320306	20	9305	1508999	1206	0.04
MOHEL_p_TCGA_271_274_275_N_GenomeWideSNP_6_G10_1320306	20	1509580	1530207	36	-0.3504
MOHEL_p_TCGA_271_274_275_N_GenomeWideSNP_6_G10_1320306	20	1538257	1541893	5	-1.9141
MOHEL_p_TCGA_271_274_275_N_GenomeWideSNP_6_G10_1320306	20	1545946	5678574	2997	0.003
MOHEL_p_TCGA_271_274_275_N_GenomeWideSNP_6_G10_1320306	20	5679199	5685039	4	-1.1152
MOHEL_p_TCGA_271_274_275_N_GenomeWideSNP_6_G10_1320306	20	5691282	62426597	38238	0.0063
MOHEL_p_TCGA_271_274_275_N_GenomeWideSNP_6_G10_1320306	21	9758742	20722523	5023	0.3805
MOHEL_p_TCGA_271_274_275_N_GenomeWideSNP_6_G10_1320306	21	20722676	20757493	58	-1.1297
MOHEL_p_TCGA_271_274_275_N_GenomeWideSNP_6_G10_1320306	21	20768504	43792481	17555	0.3758
MOHEL_p_TCGA_271_274_275_N_GenomeWideSNP_6_G10_1320306	21	43795301	43797240	2	-3.0607
MOHEL_p_TCGA_271_274_275_N_GenomeWideSNP_6_G10_1320306	21	43798095	46921385	1767	0.3907
MOHEL_p_TCGA_271_274_275_N_GenomeWideSNP_6_G10_1320306	22	14432528	16435605	781	0.0207
MOHEL_p_TCGA_271_274_275_N_GenomeWideSNP_6_G10_1320306	22	16438748	16442891	3	-0.965
MOHEL_p_TCGA_271_274_275_N_GenomeWideSNP_6_G10_1320306	22	16442987	17112919	431	0.0052
MOHEL_p_TCGA_271_274_275_N_GenomeWideSNP_6_G10_1320306	22	17128440	17128454	2	-1.312
MOHEL_p_TCGA_271_274_275_N_GenomeWideSNP_6_G10_1320306	22	17150421	20711537	1937	0.0758
MOHEL_p_TCGA_271_274_275_N_GenomeWideSNP_6_G10_1320306	22	20711552	20712344	11	-0.6843
MOHEL_p_TCGA_271_274_275_N_GenomeWideSNP_6_G10_1320306	22	20716434	22651137	1444	0.0863
MOHEL_p_TCGA_271_274_275_N_GenomeWideSNP_6_G10_1320306	22	22651273	22735492	37	0.47
MOHEL_p_TCGA_271_274_275_N_GenomeWideSNP_6_G10_1320306	22	22735507	37695545	10873	0.0046
MOHEL_p_TCGA_271_274_275_N_GenomeWideSNP_6_G10_1320306	22	37695567	37704661	13	-0.6693
MOHEL_p_TCGA_271_274_275_N_GenomeWideSNP_6_G10_1320306	22	37705253	49581321	8028	0.0139
MOHEL_p_TCGA_271_274_275_N_GenomeWideSNP_6_G10_1320306	X	108477	33914308	21244	0.0038
MOHEL_p_TCGA_271_274_275_N_GenomeWideSNP_6_G10_1320306	X	33915643	33918404	4	-2.8965
MOHEL_p_TCGA_271_274_275_N_GenomeWideSNP_6_G10_1320306	X	33920260	38287445	2647	-0.0216
MOHEL_p_TCGA_271_274_275_N_GenomeWideSNP_6_G10_1320306	X	38287590	38287660	2	-5.8003
MOHEL_p_TCGA_271_274_275_N_GenomeWideSNP_6_G10_1320306	X	38288817	47698262	5131	0.0038
MOHEL_p_TCGA_271_274_275_N_GenomeWideSNP_6_G10_1320306	X	47698359	47700742	3	-2.4479
MOHEL_p_TCGA_271_274_275_N_GenomeWideSNP_6_G10_1320306	X	47700837	54795016	2763	0.0189
MOHEL_p_TCGA_271_274_275_N_GenomeWideSNP_6_G10_1320306	X	54799537	54802557	4	-2.4925
MOHEL_p_TCGA_271_274_275_N_GenomeWideSNP_6_G10_1320306	X	54803496	134629972	40104	0.0085
MOHEL_p_TCGA_271_274_275_N_GenomeWideSNP_6_G10_1320306	X	134635057	134635107	2	-3.8572
MOHEL_p_TCGA_271_274_275_N_GenomeWideSNP_6_G10_1320306	X	134636843	154835548	12454	0.0222
MOHEL_p_TCGA_271_274_275_N_GenomeWideSNP_6_G10_1320306	Y	2710438	57427647	8585	-0.9569
