GDC_Aliquot	Chromosome	Start	End	Num_Probes	Segment_Mean
5cb8e722-e742-41c3-8b05-fcb79ccb1234	1	62920	16868660	8660	0.0104
5cb8e722-e742-41c3-8b05-fcb79ccb1234	1	16877002	16934716	45	-0.5144
5cb8e722-e742-41c3-8b05-fcb79ccb1234	1	16934753	34191211	9859	0.0075
5cb8e722-e742-41c3-8b05-fcb79ccb1234	1	34191702	34196051	2	-1.4596
5cb8e722-e742-41c3-8b05-fcb79ccb1234	1	34198211	43780106	5491	0.0079
5cb8e722-e742-41c3-8b05-fcb79ccb1234	1	43780268	43780892	2	-1.6418
5cb8e722-e742-41c3-8b05-fcb79ccb1234	1	43783007	72284670	18493	0.002
5cb8e722-e742-41c3-8b05-fcb79ccb1234	1	72290430	72297687	9	-2.8944
5cb8e722-e742-41c3-8b05-fcb79ccb1234	1	72302735	72345450	47	0.9243
5cb8e722-e742-41c3-8b05-fcb79ccb1234	1	72345465	103613180	19912	-0.0007
5cb8e722-e742-41c3-8b05-fcb79ccb1234	1	103614539	103717410	11	-0.6156
5cb8e722-e742-41c3-8b05-fcb79ccb1234	1	103717617	109679105	3546	-0.0006
5cb8e722-e742-41c3-8b05-fcb79ccb1234	1	109684695	109684893	2	0.5689
5cb8e722-e742-41c3-8b05-fcb79ccb1234	1	109690352	109697556	13	2.1302
5cb8e722-e742-41c3-8b05-fcb79ccb1234	1	109702376	121551153	7078	0.0036
5cb8e722-e742-41c3-8b05-fcb79ccb1234	1	121552111	143714703	114	0.1892
5cb8e722-e742-41c3-8b05-fcb79ccb1234	1	143734438	194479104	30387	0.0016
5cb8e722-e742-41c3-8b05-fcb79ccb1234	1	194482281	194485888	2	-2.1432
5cb8e722-e742-41c3-8b05-fcb79ccb1234	1	194487886	196741937	1442	-0.009
5cb8e722-e742-41c3-8b05-fcb79ccb1234	1	196742057	196832720	61	0.5056
5cb8e722-e742-41c3-8b05-fcb79ccb1234	1	196843377	207891839	7055	0.0018
5cb8e722-e742-41c3-8b05-fcb79ccb1234	1	207892265	207894306	2	-1.3795
5cb8e722-e742-41c3-8b05-fcb79ccb1234	1	207895234	209897717	1685	-0.0019
5cb8e722-e742-41c3-8b05-fcb79ccb1234	1	209908268	209910639	3	-1.7612
5cb8e722-e742-41c3-8b05-fcb79ccb1234	1	209913207	230302087	13455	0.0023
5cb8e722-e742-41c3-8b05-fcb79ccb1234	1	230303320	230304275	2	-1.8247
5cb8e722-e742-41c3-8b05-fcb79ccb1234	1	230304602	248930189	13429	0.0032
5cb8e722-e742-41c3-8b05-fcb79ccb1234	2	12784	13060284	9960	0.0141
5cb8e722-e742-41c3-8b05-fcb79ccb1234	2	13062181	13133624	38	0.5178
5cb8e722-e742-41c3-8b05-fcb79ccb1234	2	13135672	16392613	2282	0.0007
5cb8e722-e742-41c3-8b05-fcb79ccb1234	2	16392648	16393038	2	-1.9563
5cb8e722-e742-41c3-8b05-fcb79ccb1234	2	16396247	20893195	3395	0.008
5cb8e722-e742-41c3-8b05-fcb79ccb1234	2	20893630	20896215	2	-1.3151
5cb8e722-e742-41c3-8b05-fcb79ccb1234	2	20897074	24384085	2180	0.0048
5cb8e722-e742-41c3-8b05-fcb79ccb1234	2	24384113	24388259	14	-0.5418
5cb8e722-e742-41c3-8b05-fcb79ccb1234	2	24388858	30197964	3317	0.0101
5cb8e722-e742-41c3-8b05-fcb79ccb1234	2	30203730	30204444	2	-1.7706
5cb8e722-e742-41c3-8b05-fcb79ccb1234	2	30209249	34437911	2784	0.0043
5cb8e722-e742-41c3-8b05-fcb79ccb1234	2	34438291	34512489	57	0.411
5cb8e722-e742-41c3-8b05-fcb79ccb1234	2	34512965	51309666	12114	0.0105
5cb8e722-e742-41c3-8b05-fcb79ccb1234	2	51311298	51313307	2	-1.8879
5cb8e722-e742-41c3-8b05-fcb79ccb1234	2	51319583	52514599	802	-0.0195
5cb8e722-e742-41c3-8b05-fcb79ccb1234	2	52516787	52554404	41	0.3831
5cb8e722-e742-41c3-8b05-fcb79ccb1234	2	52560811	97359885	23743	0.005
5cb8e722-e742-41c3-8b05-fcb79ccb1234	2	97524284	97545726	9	-0.7949
5cb8e722-e742-41c3-8b05-fcb79ccb1234	2	97550415	109072516	7258	0.0006
5cb8e722-e742-41c3-8b05-fcb79ccb1234	2	109075969	109079313	5	-0.8717
5cb8e722-e742-41c3-8b05-fcb79ccb1234	2	109081692	118585362	5187	0.0036
5cb8e722-e742-41c3-8b05-fcb79ccb1234	2	118585387	118585879	2	-1.4907
5cb8e722-e742-41c3-8b05-fcb79ccb1234	2	118590121	123620008	3223	-0.0007
5cb8e722-e742-41c3-8b05-fcb79ccb1234	2	123624134	123624489	2	-1.5903
5cb8e722-e742-41c3-8b05-fcb79ccb1234	2	123625013	131326276	4469	-0.0002
5cb8e722-e742-41c3-8b05-fcb79ccb1234	2	131335459	131338866	7	-0.8797
5cb8e722-e742-41c3-8b05-fcb79ccb1234	2	131339746	146104517	9137	0.004
5cb8e722-e742-41c3-8b05-fcb79ccb1234	2	146106836	146109230	22	0.5971
5cb8e722-e742-41c3-8b05-fcb79ccb1234	2	146109341	154033296	4860	0.0083
5cb8e722-e742-41c3-8b05-fcb79ccb1234	2	154039462	154039969	2	-1.5192
5cb8e722-e742-41c3-8b05-fcb79ccb1234	2	154043710	183709219	18170	-0.0006
5cb8e722-e742-41c3-8b05-fcb79ccb1234	2	183712465	183712596	3	-1.149
5cb8e722-e742-41c3-8b05-fcb79ccb1234	2	183716167	193823021	5703	0.0083
5cb8e722-e742-41c3-8b05-fcb79ccb1234	2	193825580	193829074	2	1.4102
5cb8e722-e742-41c3-8b05-fcb79ccb1234	2	193837590	211828665	10762	0.0059
5cb8e722-e742-41c3-8b05-fcb79ccb1234	2	211829052	211835355	3	-1.7112
5cb8e722-e742-41c3-8b05-fcb79ccb1234	2	211835446	212316597	339	-0.004
5cb8e722-e742-41c3-8b05-fcb79ccb1234	2	212321824	212327088	24	-0.7484
5cb8e722-e742-41c3-8b05-fcb79ccb1234	2	212327101	242147305	18928	0.0062
5cb8e722-e742-41c3-8b05-fcb79ccb1234	3	20930	46297	22	0.158
5cb8e722-e742-41c3-8b05-fcb79ccb1234	3	52486	2717753	2313	-0.0414
5cb8e722-e742-41c3-8b05-fcb79ccb1234	3	2718513	37935209	25146	0.0003
5cb8e722-e742-41c3-8b05-fcb79ccb1234	3	37935926	37945437	19	-0.8205
5cb8e722-e742-41c3-8b05-fcb79ccb1234	3	37945615	44483182	4076	0.002
5cb8e722-e742-41c3-8b05-fcb79ccb1234	3	44486242	44489204	3	-0.9969
5cb8e722-e742-41c3-8b05-fcb79ccb1234	3	44489381	46751887	1433	0.0039
5cb8e722-e742-41c3-8b05-fcb79ccb1234	3	46760327	46808099	40	-0.6297
5cb8e722-e742-41c3-8b05-fcb79ccb1234	3	46817989	52989195	2483	-0.0053
5cb8e722-e742-41c3-8b05-fcb79ccb1234	3	52994359	53005247	39	-0.5627
5cb8e722-e742-41c3-8b05-fcb79ccb1234	3	53005263	56155400	2388	0.0056
5cb8e722-e742-41c3-8b05-fcb79ccb1234	3	56158309	56167843	6	-0.9282
5cb8e722-e742-41c3-8b05-fcb79ccb1234	3	56172563	68697013	9584	-0.0045
5cb8e722-e742-41c3-8b05-fcb79ccb1234	3	68697108	68698262	14	-1.1945
5cb8e722-e742-41c3-8b05-fcb79ccb1234	3	68699607	75357247	4841	0.0037
5cb8e722-e742-41c3-8b05-fcb79ccb1234	3	75366712	75511990	61	-0.638
5cb8e722-e742-41c3-8b05-fcb79ccb1234	3	75519398	99217783	10933	-0.0048
5cb8e722-e742-41c3-8b05-fcb79ccb1234	3	99218119	99232120	41	-0.4953
5cb8e722-e742-41c3-8b05-fcb79ccb1234	3	99232539	140823697	25359	0.0031
5cb8e722-e742-41c3-8b05-fcb79ccb1234	3	140826859	140828142	2	-2.0763
5cb8e722-e742-41c3-8b05-fcb79ccb1234	3	140841776	143566923	1627	-0.0062
5cb8e722-e742-41c3-8b05-fcb79ccb1234	3	143566958	143567132	4	1.5174
5cb8e722-e742-41c3-8b05-fcb79ccb1234	3	143567959	146661402	2017	-0.005
5cb8e722-e742-41c3-8b05-fcb79ccb1234	3	146665207	146668345	4	-0.8366
5cb8e722-e742-41c3-8b05-fcb79ccb1234	3	146674197	150610845	2351	0.0046
5cb8e722-e742-41c3-8b05-fcb79ccb1234	3	150613774	150614224	4	-1.6403
5cb8e722-e742-41c3-8b05-fcb79ccb1234	3	150616975	162815162	7484	0.0019
5cb8e722-e742-41c3-8b05-fcb79ccb1234	3	162816942	162822221	4	-0.6964
5cb8e722-e742-41c3-8b05-fcb79ccb1234	3	162822685	162822702	2	-2.0166
5cb8e722-e742-41c3-8b05-fcb79ccb1234	3	162827928	183659938	12611	-0.0005
5cb8e722-e742-41c3-8b05-fcb79ccb1234	3	183660762	183662247	2	-1.5269
5cb8e722-e742-41c3-8b05-fcb79ccb1234	3	183663542	193162684	6518	0.0073
5cb8e722-e742-41c3-8b05-fcb79ccb1234	3	193162798	193165114	12	-1.1416
5cb8e722-e742-41c3-8b05-fcb79ccb1234	3	193168646	195685341	1480	-0.0016
5cb8e722-e742-41c3-8b05-fcb79ccb1234	3	195691392	195768362	45	0.3648
5cb8e722-e742-41c3-8b05-fcb79ccb1234	3	195768450	198169247	1153	0.0101
5cb8e722-e742-41c3-8b05-fcb79ccb1234	4	68929	4108503	1616	0.0063
5cb8e722-e742-41c3-8b05-fcb79ccb1234	4	4112194	4151033	9	-0.8309
5cb8e722-e742-41c3-8b05-fcb79ccb1234	4	4158336	9455251	3499	0.0071
5cb8e722-e742-41c3-8b05-fcb79ccb1234	4	9459504	9477699	6	0.9926
5cb8e722-e742-41c3-8b05-fcb79ccb1234	4	9484440	9858139	158	0.0142
5cb8e722-e742-41c3-8b05-fcb79ccb1234	4	9858273	9862603	4	-1.1365
5cb8e722-e742-41c3-8b05-fcb79ccb1234	4	9863418	68354665	36696	-0.003
5cb8e722-e742-41c3-8b05-fcb79ccb1234	4	68361130	68395346	7	0.8747
5cb8e722-e742-41c3-8b05-fcb79ccb1234	4	68416487	68422424	5	-0.858
5cb8e722-e742-41c3-8b05-fcb79ccb1234	4	68429081	69257792	392	-0.0186
5cb8e722-e742-41c3-8b05-fcb79ccb1234	4	69261926	69363634	52	0.2867
5cb8e722-e742-41c3-8b05-fcb79ccb1234	4	69363716	87848853	11489	-0.002
5cb8e722-e742-41c3-8b05-fcb79ccb1234	4	87849022	87849248	6	0.8097
5cb8e722-e742-41c3-8b05-fcb79ccb1234	4	87849407	114258196	15711	-0.0008
5cb8e722-e742-41c3-8b05-fcb79ccb1234	4	114258272	114261019	12	0.8999
5cb8e722-e742-41c3-8b05-fcb79ccb1234	4	114263073	137171085	13177	-0.0024
5cb8e722-e742-41c3-8b05-fcb79ccb1234	4	137171266	137171910	12	-0.8185
5cb8e722-e742-41c3-8b05-fcb79ccb1234	4	137172260	151868634	8793	0.0028
5cb8e722-e742-41c3-8b05-fcb79ccb1234	4	151870381	151871415	12	-1.0786
5cb8e722-e742-41c3-8b05-fcb79ccb1234	4	151871739	160120152	5198	0.0009
5cb8e722-e742-41c3-8b05-fcb79ccb1234	4	160131622	160149036	32	-0.9018
5cb8e722-e742-41c3-8b05-fcb79ccb1234	4	160149103	190106768	19699	-0.0008
5cb8e722-e742-41c3-8b05-fcb79ccb1234	5	15532	896700	370	0.0194
5cb8e722-e742-41c3-8b05-fcb79ccb1234	5	905586	908425	3	-3.1868
5cb8e722-e742-41c3-8b05-fcb79ccb1234	5	913276	12819201	9773	0.0013
5cb8e722-e742-41c3-8b05-fcb79ccb1234	5	12819263	12826538	8	-1.593
5cb8e722-e742-41c3-8b05-fcb79ccb1234	5	12833745	21449167	5483	0.0044
5cb8e722-e742-41c3-8b05-fcb79ccb1234	5	21451091	21452329	5	-1.7818
5cb8e722-e742-41c3-8b05-fcb79ccb1234	5	21452387	26650769	3024	-0.0211
5cb8e722-e742-41c3-8b05-fcb79ccb1234	5	26653538	26653898	2	-1.524
5cb8e722-e742-41c3-8b05-fcb79ccb1234	5	26655510	30979544	2559	-0.0128
5cb8e722-e742-41c3-8b05-fcb79ccb1234	5	30979687	30982619	3	-1.3803
5cb8e722-e742-41c3-8b05-fcb79ccb1234	5	30985556	39808530	6005	-0.0054
5cb8e722-e742-41c3-8b05-fcb79ccb1234	5	39808852	39808867	2	-1.7624
5cb8e722-e742-41c3-8b05-fcb79ccb1234	5	39808883	46191782	3276	0.0127
5cb8e722-e742-41c3-8b05-fcb79ccb1234	5	46195781	46199333	4	-1.0562
5cb8e722-e742-41c3-8b05-fcb79ccb1234	5	46209197	46271006	15	0.2681
5cb8e722-e742-41c3-8b05-fcb79ccb1234	5	46271828	46273400	6	1.3696
5cb8e722-e742-41c3-8b05-fcb79ccb1234	5	46278110	95897200	26761	0.0011
5cb8e722-e742-41c3-8b05-fcb79ccb1234	5	95899087	95900711	3	-1.6701
5cb8e722-e742-41c3-8b05-fcb79ccb1234	5	95900763	104515520	5011	-0.0041
5cb8e722-e742-41c3-8b05-fcb79ccb1234	5	104524672	104524903	4	1.1699
5cb8e722-e742-41c3-8b05-fcb79ccb1234	5	104525348	156993692	33904	0.0019
5cb8e722-e742-41c3-8b05-fcb79ccb1234	5	156994920	156999228	5	-1.0035
5cb8e722-e742-41c3-8b05-fcb79ccb1234	5	157000282	158512509	1065	-0.0137
5cb8e722-e742-41c3-8b05-fcb79ccb1234	5	158515064	158515688	2	-1.6317
5cb8e722-e742-41c3-8b05-fcb79ccb1234	5	158518172	177771448	13047	0.0017
5cb8e722-e742-41c3-8b05-fcb79ccb1234	5	177800550	177827964	4	1.099
5cb8e722-e742-41c3-8b05-fcb79ccb1234	5	177832414	181363319	1974	-0.0125
5cb8e722-e742-41c3-8b05-fcb79ccb1234	6	149661	31313046	22216	-0.0001
5cb8e722-e742-41c3-8b05-fcb79ccb1234	6	31318499	31349570	13	-1.0459
5cb8e722-e742-41c3-8b05-fcb79ccb1234	6	31349920	78262085	27306	0.0018
5cb8e722-e742-41c3-8b05-fcb79ccb1234	6	78262117	78316427	89	0.2674
5cb8e722-e742-41c3-8b05-fcb79ccb1234	6	78316784	170741917	59419	-0.0001
5cb8e722-e742-41c3-8b05-fcb79ccb1234	7	43355	53786493	37905	0.0007
5cb8e722-e742-41c3-8b05-fcb79ccb1234	7	53786923	53790639	4	-1.5455
5cb8e722-e742-41c3-8b05-fcb79ccb1234	7	53791632	54182345	285	0.0144
5cb8e722-e742-41c3-8b05-fcb79ccb1234	7	54182777	54193456	4	-0.6075
5cb8e722-e742-41c3-8b05-fcb79ccb1234	7	54193587	54299223	85	0.0239
5cb8e722-e742-41c3-8b05-fcb79ccb1234	7	54318812	54318824	6	2.2767
5cb8e722-e742-41c3-8b05-fcb79ccb1234	7	54325795	57060351	1620	0.012
5cb8e722-e742-41c3-8b05-fcb79ccb1234	7	57061965	57537920	299	0.482
5cb8e722-e742-41c3-8b05-fcb79ccb1234	7	57541353	62589052	157	0.0269
5cb8e722-e742-41c3-8b05-fcb79ccb1234	7	62589062	62835518	70	0.2287
5cb8e722-e742-41c3-8b05-fcb79ccb1234	7	62835676	70955452	3959	-0.0015
5cb8e722-e742-41c3-8b05-fcb79ccb1234	7	70958264	70961155	2	-2.4088
5cb8e722-e742-41c3-8b05-fcb79ccb1234	7	70963257	109797042	22201	-0.0003
5cb8e722-e742-41c3-8b05-fcb79ccb1234	7	109797043	109813853	29	0.3605
5cb8e722-e742-41c3-8b05-fcb79ccb1234	7	109813925	126405428	9984	-0.0054
5cb8e722-e742-41c3-8b05-fcb79ccb1234	7	126405502	126406561	11	-0.8638
5cb8e722-e742-41c3-8b05-fcb79ccb1234	7	126406822	150588016	14950	-0.0011
5cb8e722-e742-41c3-8b05-fcb79ccb1234	7	150588713	150616328	15	-0.7764
5cb8e722-e742-41c3-8b05-fcb79ccb1234	7	150617598	159334314	5771	0.0055
5cb8e722-e742-41c3-8b05-fcb79ccb1234	8	81254	643041	322	-0.026
5cb8e722-e742-41c3-8b05-fcb79ccb1234	8	644944	645908	10	1.2257
5cb8e722-e742-41c3-8b05-fcb79ccb1234	8	656117	2844412	1701	0.0093
5cb8e722-e742-41c3-8b05-fcb79ccb1234	8	2846011	2846377	7	-1.256
5cb8e722-e742-41c3-8b05-fcb79ccb1234	8	2849649	5736745	3937	-0.0047
5cb8e722-e742-41c3-8b05-fcb79ccb1234	8	5741204	5746973	27	-0.5412
5cb8e722-e742-41c3-8b05-fcb79ccb1234	8	5749566	6273074	747	-0.0056
5cb8e722-e742-41c3-8b05-fcb79ccb1234	8	6273151	6273748	3	-1.4476
5cb8e722-e742-41c3-8b05-fcb79ccb1234	8	6273787	97486560	57292	-0.0022
5cb8e722-e742-41c3-8b05-fcb79ccb1234	8	97491184	97522409	19	0.5631
5cb8e722-e742-41c3-8b05-fcb79ccb1234	8	97522584	97537371	8	0.2398
5cb8e722-e742-41c3-8b05-fcb79ccb1234	8	97538541	97554387	4	0.6068
5cb8e722-e742-41c3-8b05-fcb79ccb1234	8	97555354	114619814	9980	-0.0025
5cb8e722-e742-41c3-8b05-fcb79ccb1234	8	114622258	114629502	35	-0.4511
5cb8e722-e742-41c3-8b05-fcb79ccb1234	8	114638468	128742994	9754	0.0041
5cb8e722-e742-41c3-8b05-fcb79ccb1234	8	128743214	128751839	4	-1.8827
5cb8e722-e742-41c3-8b05-fcb79ccb1234	8	128765208	143622987	10692	0.006
5cb8e722-e742-41c3-8b05-fcb79ccb1234	8	143623027	143625638	8	-1.7846
5cb8e722-e742-41c3-8b05-fcb79ccb1234	8	143636819	145072769	499	0.0331
5cb8e722-e742-41c3-8b05-fcb79ccb1234	9	46587	1447011	1454	-0.0253
5cb8e722-e742-41c3-8b05-fcb79ccb1234	9	1448017	1450320	10	-0.9711
5cb8e722-e742-41c3-8b05-fcb79ccb1234	9	1453039	23361807	18851	-0.0011
5cb8e722-e742-41c3-8b05-fcb79ccb1234	9	23363117	23373486	8	0.9696
5cb8e722-e742-41c3-8b05-fcb79ccb1234	9	23378490	24503818	793	-0.0096
5cb8e722-e742-41c3-8b05-fcb79ccb1234	9	24504127	24517684	19	-3.2492
5cb8e722-e742-41c3-8b05-fcb79ccb1234	9	24519686	31870067	5410	-0.0022
5cb8e722-e742-41c3-8b05-fcb79ccb1234	9	31871223	31871280	2	-2.0726
5cb8e722-e742-41c3-8b05-fcb79ccb1234	9	31871337	77154478	11339	0.0013
5cb8e722-e742-41c3-8b05-fcb79ccb1234	9	77155482	77162488	29	0.8366
5cb8e722-e742-41c3-8b05-fcb79ccb1234	9	77171212	138177075	41182	-0.0004
5cb8e722-e742-41c3-8b05-fcb79ccb1234	9	138177488	138200944	6	0.7462
5cb8e722-e742-41c3-8b05-fcb79ccb1234	10	45792	2868432	2282	0.0267
5cb8e722-e742-41c3-8b05-fcb79ccb1234	10	2869608	2872561	5	-1.0206
5cb8e722-e742-41c3-8b05-fcb79ccb1234	10	2874366	9279354	5679	-0.0023
5cb8e722-e742-41c3-8b05-fcb79ccb1234	10	9279760	9280564	2	-1.405
5cb8e722-e742-41c3-8b05-fcb79ccb1234	10	9281341	24088746	11139	0.0028
5cb8e722-e742-41c3-8b05-fcb79ccb1234	10	24088747	24089125	9	-1.7814
5cb8e722-e742-41c3-8b05-fcb79ccb1234	10	24089979	65546518	25096	-0.0009
5cb8e722-e742-41c3-8b05-fcb79ccb1234	10	65548165	65554688	28	-1.5015
5cb8e722-e742-41c3-8b05-fcb79ccb1234	10	65563037	77554832	7625	-0.0067
5cb8e722-e742-41c3-8b05-fcb79ccb1234	10	77555949	77556701	4	-1.0805
5cb8e722-e742-41c3-8b05-fcb79ccb1234	10	77557023	126434342	33178	0.001
5cb8e722-e742-41c3-8b05-fcb79ccb1234	10	126438594	126439011	2	-1.8224
5cb8e722-e742-41c3-8b05-fcb79ccb1234	10	126440217	131639180	4204	0.0006
5cb8e722-e742-41c3-8b05-fcb79ccb1234	10	131640199	131641362	4	-1.8821
5cb8e722-e742-41c3-8b05-fcb79ccb1234	10	131641644	133654968	969	0.0037
5cb8e722-e742-41c3-8b05-fcb79ccb1234	11	198510	4949013	2411	-0.0034
5cb8e722-e742-41c3-8b05-fcb79ccb1234	11	4949047	4955042	28	-1.4953
5cb8e722-e742-41c3-8b05-fcb79ccb1234	11	4955781	6096746	1056	0.0014
5cb8e722-e742-41c3-8b05-fcb79ccb1234	11	6099417	6100864	2	-1.6936
5cb8e722-e742-41c3-8b05-fcb79ccb1234	11	6101273	18919323	9116	-0.0051
5cb8e722-e742-41c3-8b05-fcb79ccb1234	11	18927525	18940066	41	0.5669
5cb8e722-e742-41c3-8b05-fcb79ccb1234	11	18940191	37105899	13339	0.0033
5cb8e722-e742-41c3-8b05-fcb79ccb1234	11	37106093	37112952	24	0.4124
5cb8e722-e742-41c3-8b05-fcb79ccb1234	11	37114376	49686823	7534	-0.0033
5cb8e722-e742-41c3-8b05-fcb79ccb1234	11	49689309	49736914	19	-0.4809
5cb8e722-e742-41c3-8b05-fcb79ccb1234	11	49737304	55608804	736	-0.007
5cb8e722-e742-41c3-8b05-fcb79ccb1234	11	55609022	55685533	51	-0.4057
5cb8e722-e742-41c3-8b05-fcb79ccb1234	11	55686100	89759710	19762	0.0053
5cb8e722-e742-41c3-8b05-fcb79ccb1234	11	89765194	89817056	10	-0.6843
5cb8e722-e742-41c3-8b05-fcb79ccb1234	11	89834373	107910653	12841	-0.0004
5cb8e722-e742-41c3-8b05-fcb79ccb1234	11	107913781	107914372	2	-3.3344
5cb8e722-e742-41c3-8b05-fcb79ccb1234	11	107916987	135074876	19412	-0.0018
5cb8e722-e742-41c3-8b05-fcb79ccb1234	12	51460	8289689	5530	0.0059
5cb8e722-e742-41c3-8b05-fcb79ccb1234	12	8296516	8296621	2	1.318
5cb8e722-e742-41c3-8b05-fcb79ccb1234	12	8300870	9481274	610	-0.0014
5cb8e722-e742-41c3-8b05-fcb79ccb1234	12	9485313	9582374	25	0.7062
5cb8e722-e742-41c3-8b05-fcb79ccb1234	12	9583090	11074314	1029	-0.0102
5cb8e722-e742-41c3-8b05-fcb79ccb1234	12	11078856	11088933	6	-1.4304
5cb8e722-e742-41c3-8b05-fcb79ccb1234	12	11099275	27941988	11647	-0.0033
5cb8e722-e742-41c3-8b05-fcb79ccb1234	12	27942560	27944711	11	-0.6924
5cb8e722-e742-41c3-8b05-fcb79ccb1234	12	27950527	29006848	755	-0.0079
5cb8e722-e742-41c3-8b05-fcb79ccb1234	12	29010695	29011589	3	-1.1311
5cb8e722-e742-41c3-8b05-fcb79ccb1234	12	29015050	30087223	786	-0.0008
5cb8e722-e742-41c3-8b05-fcb79ccb1234	12	30087238	30090756	15	-0.5267
5cb8e722-e742-41c3-8b05-fcb79ccb1234	12	30090789	33141726	2245	-0.0019
5cb8e722-e742-41c3-8b05-fcb79ccb1234	12	33148472	33154144	26	-2.3803
5cb8e722-e742-41c3-8b05-fcb79ccb1234	12	33154440	47132947	6513	0.0031
5cb8e722-e742-41c3-8b05-fcb79ccb1234	12	47133816	47134025	2	1.4669
5cb8e722-e742-41c3-8b05-fcb79ccb1234	12	47134590	48330995	764	0.0013
5cb8e722-e742-41c3-8b05-fcb79ccb1234	12	48331037	48331632	6	-0.6392
5cb8e722-e742-41c3-8b05-fcb79ccb1234	12	48336253	56084552	4279	-0.0043
5cb8e722-e742-41c3-8b05-fcb79ccb1234	12	56084572	56084625	4	1.236
5cb8e722-e742-41c3-8b05-fcb79ccb1234	12	56087291	63716253	4647	0.0003
5cb8e722-e742-41c3-8b05-fcb79ccb1234	12	63717757	63742874	10	-0.8173
5cb8e722-e742-41c3-8b05-fcb79ccb1234	12	63749408	90089066	16465	0.0001
5cb8e722-e742-41c3-8b05-fcb79ccb1234	12	90089570	90098297	9	0.6899
5cb8e722-e742-41c3-8b05-fcb79ccb1234	12	90099780	131636170	28491	0.0035
5cb8e722-e742-41c3-8b05-fcb79ccb1234	12	131648039	131648790	13	-1.6502
5cb8e722-e742-41c3-8b05-fcb79ccb1234	12	131657925	133201603	558	0.053
5cb8e722-e742-41c3-8b05-fcb79ccb1234	13	18452809	24056776	3618	-0.0026
5cb8e722-e742-41c3-8b05-fcb79ccb1234	13	24058001	24058911	4	-1.2961
5cb8e722-e742-41c3-8b05-fcb79ccb1234	13	24061115	30207584	4610	0.003
5cb8e722-e742-41c3-8b05-fcb79ccb1234	13	30207962	30209634	4	-0.8915
5cb8e722-e742-41c3-8b05-fcb79ccb1234	13	30215542	37496998	5190	0.007
5cb8e722-e742-41c3-8b05-fcb79ccb1234	13	37497899	37510595	15	0.5912
5cb8e722-e742-41c3-8b05-fcb79ccb1234	13	37510620	71902850	21460	-0.0054
5cb8e722-e742-41c3-8b05-fcb79ccb1234	13	71903417	71905409	2	-2.4273
5cb8e722-e742-41c3-8b05-fcb79ccb1234	13	71906311	114342922	28934	-0.0021
5cb8e722-e742-41c3-8b05-fcb79ccb1234	14	18239283	18674599	21	0.1284
5cb8e722-e742-41c3-8b05-fcb79ccb1234	14	18676849	18950560	5	-0.9194
5cb8e722-e742-41c3-8b05-fcb79ccb1234	14	18976793	19140829	10	0.2764
5cb8e722-e742-41c3-8b05-fcb79ccb1234	14	19143599	19954424	130	-0.3336
5cb8e722-e742-41c3-8b05-fcb79ccb1234	14	19955213	106321086	54692	0.0001
5cb8e722-e742-41c3-8b05-fcb79ccb1234	14	106340102	106346129	7	-1.0193
5cb8e722-e742-41c3-8b05-fcb79ccb1234	14	106360014	106412640	29	0.0482
5cb8e722-e742-41c3-8b05-fcb79ccb1234	14	106416146	106487827	54	0.3157
5cb8e722-e742-41c3-8b05-fcb79ccb1234	14	106492557	106877229	191	0.013
5cb8e722-e742-41c3-8b05-fcb79ccb1234	15	19811075	76586021	33739	0.0029
5cb8e722-e742-41c3-8b05-fcb79ccb1234	15	76598900	76603434	22	0.6964
5cb8e722-e742-41c3-8b05-fcb79ccb1234	15	76609838	101928837	17526	0.0036
5cb8e722-e742-41c3-8b05-fcb79ccb1234	16	10777	2603155	888	0.0335
5cb8e722-e742-41c3-8b05-fcb79ccb1234	16	2655940	2672368	13	0.5294
5cb8e722-e742-41c3-8b05-fcb79ccb1234	16	2676875	14218501	9920	-0.006
5cb8e722-e742-41c3-8b05-fcb79ccb1234	16	14218998	16882102	1011	0.0639
5cb8e722-e742-41c3-8b05-fcb79ccb1234	16	16882610	19933041	1581	0.0005
5cb8e722-e742-41c3-8b05-fcb79ccb1234	16	19934328	19954553	28	-0.8384
5cb8e722-e742-41c3-8b05-fcb79ccb1234	16	19956040	35214114	6649	0.0063
5cb8e722-e742-41c3-8b05-fcb79ccb1234	16	35214932	35521195	174	0.4323
5cb8e722-e742-41c3-8b05-fcb79ccb1234	16	35522700	53421751	4550	-0.0008
5cb8e722-e742-41c3-8b05-fcb79ccb1234	16	53421830	53435551	4	0.8939
5cb8e722-e742-41c3-8b05-fcb79ccb1234	16	53435895	56726527	2618	-0.0057
5cb8e722-e742-41c3-8b05-fcb79ccb1234	16	56727061	56731872	6	0.8022
5cb8e722-e742-41c3-8b05-fcb79ccb1234	16	56732919	70145440	8137	-0.0008
5cb8e722-e742-41c3-8b05-fcb79ccb1234	16	70145493	70153291	8	-0.7125
5cb8e722-e742-41c3-8b05-fcb79ccb1234	16	70163864	74350360	2287	0.0013
5cb8e722-e742-41c3-8b05-fcb79ccb1234	16	74363160	74432668	12	-0.5663
5cb8e722-e742-41c3-8b05-fcb79ccb1234	16	74432912	75985888	911	0.0072
5cb8e722-e742-41c3-8b05-fcb79ccb1234	16	75986031	75986047	2	1.2394
5cb8e722-e742-41c3-8b05-fcb79ccb1234	16	75986057	78337711	2268	-0.0091
5cb8e722-e742-41c3-8b05-fcb79ccb1234	16	78338543	78350841	16	-1.9111
5cb8e722-e742-41c3-8b05-fcb79ccb1234	16	78350868	88070485	9714	-0.0076
5cb8e722-e742-41c3-8b05-fcb79ccb1234	16	88070700	90096867	838	0.0634
5cb8e722-e742-41c3-8b05-fcb79ccb1234	17	150733	14361033	8954	0.0034
5cb8e722-e742-41c3-8b05-fcb79ccb1234	17	14363621	14679972	299	-0.1128
5cb8e722-e742-41c3-8b05-fcb79ccb1234	17	14680270	15623842	712	-0.006
5cb8e722-e742-41c3-8b05-fcb79ccb1234	17	15639847	15654216	6	-0.9048
5cb8e722-e742-41c3-8b05-fcb79ccb1234	17	15654426	36109315	8201	0.0049
5cb8e722-e742-41c3-8b05-fcb79ccb1234	17	36109735	36157718	35	0.447
5cb8e722-e742-41c3-8b05-fcb79ccb1234	17	36200725	41265433	2513	0.0012
5cb8e722-e742-41c3-8b05-fcb79ccb1234	17	41265456	41274279	25	0.5255
5cb8e722-e742-41c3-8b05-fcb79ccb1234	17	41276472	46100092	2502	0.0111
5cb8e722-e742-41c3-8b05-fcb79ccb1234	17	46103588	46286804	113	0.484
5cb8e722-e742-41c3-8b05-fcb79ccb1234	17	46323701	51362648	2405	-0.0023
5cb8e722-e742-41c3-8b05-fcb79ccb1234	17	51362966	51376422	13	-0.4895
5cb8e722-e742-41c3-8b05-fcb79ccb1234	17	51376525	83091923	19048	0.0041
5cb8e722-e742-41c3-8b05-fcb79ccb1234	18	48133	28613464	14991	0.0001
5cb8e722-e742-41c3-8b05-fcb79ccb1234	18	28613572	28616166	5	-1.1745
5cb8e722-e742-41c3-8b05-fcb79ccb1234	18	28616668	40680456	7686	-0.0011
5cb8e722-e742-41c3-8b05-fcb79ccb1234	18	40680470	40689534	19	-0.5317
5cb8e722-e742-41c3-8b05-fcb79ccb1234	18	40689848	42323814	1084	0.0031
5cb8e722-e742-41c3-8b05-fcb79ccb1234	18	42325134	42330005	7	-0.778
5cb8e722-e742-41c3-8b05-fcb79ccb1234	18	42330627	42471713	113	-0.0421
5cb8e722-e742-41c3-8b05-fcb79ccb1234	18	42476604	42477802	25	-1.7061
5cb8e722-e742-41c3-8b05-fcb79ccb1234	18	42478430	80257174	26560	-0.0013
5cb8e722-e742-41c3-8b05-fcb79ccb1234	19	90910	35358269	16640	0.0068
5cb8e722-e742-41c3-8b05-fcb79ccb1234	19	35358285	35370946	25	0.3963
5cb8e722-e742-41c3-8b05-fcb79ccb1234	19	35375842	42743373	3658	0.0042
5cb8e722-e742-41c3-8b05-fcb79ccb1234	19	42751065	42839339	38	0.5717
5cb8e722-e742-41c3-8b05-fcb79ccb1234	19	42845697	58586487	8637	0.0123
5cb8e722-e742-41c3-8b05-fcb79ccb1234	20	80664	64324800	42195	0.0032
5cb8e722-e742-41c3-8b05-fcb79ccb1234	21	10354168	46677045	23742	0.0028
5cb8e722-e742-41c3-8b05-fcb79ccb1234	22	15294547	17014661	301	-0.0414
5cb8e722-e742-41c3-8b05-fcb79ccb1234	22	17018144	17018618	2	1.0523
5cb8e722-e742-41c3-8b05-fcb79ccb1234	22	17019000	18131238	801	0.0041
5cb8e722-e742-41c3-8b05-fcb79ccb1234	22	18134748	18142004	4	0.6588
5cb8e722-e742-41c3-8b05-fcb79ccb1234	22	18143362	18146386	8	-0.733
5cb8e722-e742-41c3-8b05-fcb79ccb1234	22	18147293	18649244	17	0.0188
5cb8e722-e742-41c3-8b05-fcb79ccb1234	22	18760927	18818348	4	1.1856
5cb8e722-e742-41c3-8b05-fcb79ccb1234	22	18822581	23987520	3238	0.0263
5cb8e722-e742-41c3-8b05-fcb79ccb1234	22	23988078	23989773	2	-2.8826
5cb8e722-e742-41c3-8b05-fcb79ccb1234	22	23990431	25265409	813	0.0059
5cb8e722-e742-41c3-8b05-fcb79ccb1234	22	25265731	25522742	286	0.8552
5cb8e722-e742-41c3-8b05-fcb79ccb1234	22	25526375	49583212	17152	0.0038
5cb8e722-e742-41c3-8b05-fcb79ccb1234	22	49583909	49584567	3	1.17
5cb8e722-e742-41c3-8b05-fcb79ccb1234	22	49584805	50796027	546	0.0449
5cb8e722-e742-41c3-8b05-fcb79ccb1234	X	251810	155952689	83345	0.0018
5cb8e722-e742-41c3-8b05-fcb79ccb1234	Y	2782397	6076562	720	-2.4653
5cb8e722-e742-41c3-8b05-fcb79ccb1234	Y	6080059	21625076	5557	-2.7758
5cb8e722-e742-41c3-8b05-fcb79ccb1234	Y	21625388	56872112	362	-2.563
