Sample	Chromosome	Start	End	Num_Probes	Segment_Mean
DADOS_p_TCGAb3_85_86_87_88_NSP_GenomeWideSNP_6_G01_1464780	1	3208470	184530686	90315	0.0623
DADOS_p_TCGAb3_85_86_87_88_NSP_GenomeWideSNP_6_G01_1464780	1	184531355	184532571	2	-1.4636
DADOS_p_TCGAb3_85_86_87_88_NSP_GenomeWideSNP_6_G01_1464780	1	184532699	240430321	36028	0.0688
DADOS_p_TCGAb3_85_86_87_88_NSP_GenomeWideSNP_6_G01_1464780	1	240430338	240432071	3	-0.9587
DADOS_p_TCGAb3_85_86_87_88_NSP_GenomeWideSNP_6_G01_1464780	1	240434873	245880329	2712	0.0601
DADOS_p_TCGAb3_85_86_87_88_NSP_GenomeWideSNP_6_G01_1464780	2	474222	109395730	58068	0.0613
DADOS_p_TCGAb3_85_86_87_88_NSP_GenomeWideSNP_6_G01_1464780	2	109396652	109412831	12	-0.4371
DADOS_p_TCGAb3_85_86_87_88_NSP_GenomeWideSNP_6_G01_1464780	2	109413517	208208578	52676	0.0706
DADOS_p_TCGAb3_85_86_87_88_NSP_GenomeWideSNP_6_G01_1464780	2	208209190	208211796	2	-1.8358
DADOS_p_TCGAb3_85_86_87_88_NSP_GenomeWideSNP_6_G01_1464780	2	208212838	242124735	20534	0.0653
DADOS_p_TCGAb3_85_86_87_88_NSP_GenomeWideSNP_6_G01_1464780	3	526235	52908048	28874	-0.3758
DADOS_p_TCGAb3_85_86_87_88_NSP_GenomeWideSNP_6_G01_1464780	3	52919125	199023074	77465	0.0776
DADOS_p_TCGAb3_85_86_87_88_NSP_GenomeWideSNP_6_G01_1464780	4	1043934	20692322	12278	-0.3838
DADOS_p_TCGAb3_85_86_87_88_NSP_GenomeWideSNP_6_G01_1464780	4	20694428	20696239	3	-1.77
DADOS_p_TCGAb3_85_86_87_88_NSP_GenomeWideSNP_6_G01_1464780	4	20696258	29536844	5775	-0.3702
DADOS_p_TCGAb3_85_86_87_88_NSP_GenomeWideSNP_6_G01_1464780	4	29537873	29539923	3	-2.8737
DADOS_p_TCGAb3_85_86_87_88_NSP_GenomeWideSNP_6_G01_1464780	4	29546362	47763583	10066	-0.3638
DADOS_p_TCGAb3_85_86_87_88_NSP_GenomeWideSNP_6_G01_1464780	4	52393514	189836143	74584	0.0809
DADOS_p_TCGAb3_85_86_87_88_NSP_GenomeWideSNP_6_G01_1464780	5	967233	42282261	24525	0.0659
DADOS_p_TCGAb3_85_86_87_88_NSP_GenomeWideSNP_6_G01_1464780	5	42284991	42290541	5	-0.9398
DADOS_p_TCGAb3_85_86_87_88_NSP_GenomeWideSNP_6_G01_1464780	5	42298905	180293075	75975	0.0698
DADOS_p_TCGAb3_85_86_87_88_NSP_GenomeWideSNP_6_G01_1464780	6	959281	19843784	13151	-0.3874
DADOS_p_TCGAb3_85_86_87_88_NSP_GenomeWideSNP_6_G01_1464780	6	19845154	19848098	3	-2.02
DADOS_p_TCGAb3_85_86_87_88_NSP_GenomeWideSNP_6_G01_1464780	6	19849931	78253536	29516	-0.3762
DADOS_p_TCGAb3_85_86_87_88_NSP_GenomeWideSNP_6_G01_1464780	6	78253841	78258005	8	-1.9129
DADOS_p_TCGAb3_85_86_87_88_NSP_GenomeWideSNP_6_G01_1464780	6	78259161	170745844	53710	-0.3666
DADOS_p_TCGAb3_85_86_87_88_NSP_GenomeWideSNP_6_G01_1464780	7	671810	66917690	34641	0.3994
DADOS_p_TCGAb3_85_86_87_88_NSP_GenomeWideSNP_6_G01_1464780	7	66919567	66920158	2	-1.114
DADOS_p_TCGAb3_85_86_87_88_NSP_GenomeWideSNP_6_G01_1464780	7	66921541	158077879	46695	0.3928
DADOS_p_TCGAb3_85_86_87_88_NSP_GenomeWideSNP_6_G01_1464780	8	607667	3165318	1143	0.0653
DADOS_p_TCGAb3_85_86_87_88_NSP_GenomeWideSNP_6_G01_1464780	8	3165838	3166463	3	-1.053
DADOS_p_TCGAb3_85_86_87_88_NSP_GenomeWideSNP_6_G01_1464780	8	3166938	145304484	80391	0.0716
DADOS_p_TCGAb3_85_86_87_88_NSP_GenomeWideSNP_6_G01_1464780	9	779932	95933336	40798	-0.371
DADOS_p_TCGAb3_85_86_87_88_NSP_GenomeWideSNP_6_G01_1464780	9	95934004	95936113	2	-2.598
DADOS_p_TCGAb3_85_86_87_88_NSP_GenomeWideSNP_6_G01_1464780	9	95936533	140058573	27117	-0.3841
DADOS_p_TCGAb3_85_86_87_88_NSP_GenomeWideSNP_6_G01_1464780	10	405240	135075077	80864	0.0633
DADOS_p_TCGAb3_85_86_87_88_NSP_GenomeWideSNP_6_G01_1464780	11	446120	6957631	3160	0.0578
DADOS_p_TCGAb3_85_86_87_88_NSP_GenomeWideSNP_6_G01_1464780	11	6957956	6958272	2	1.2547
DADOS_p_TCGAb3_85_86_87_88_NSP_GenomeWideSNP_6_G01_1464780	11	6958362	45283424	25484	0.0686
DADOS_p_TCGAb3_85_86_87_88_NSP_GenomeWideSNP_6_G01_1464780	11	45284213	45284227	2	-1.265
DADOS_p_TCGAb3_85_86_87_88_NSP_GenomeWideSNP_6_G01_1464780	11	45289155	100501480	26763	0.0627
DADOS_p_TCGAb3_85_86_87_88_NSP_GenomeWideSNP_6_G01_1464780	11	100501488	114585252	8597	-0.3668
DADOS_p_TCGAb3_85_86_87_88_NSP_GenomeWideSNP_6_G01_1464780	11	114586773	133647740	13214	0.0611
DADOS_p_TCGAb3_85_86_87_88_NSP_GenomeWideSNP_6_G01_1464780	12	760163	131671419	73949	0.072
DADOS_p_TCGAb3_85_86_87_88_NSP_GenomeWideSNP_6_G01_1464780	13	18348806	98101783	46400	-0.3618
DADOS_p_TCGAb3_85_86_87_88_NSP_GenomeWideSNP_6_G01_1464780	13	98102001	98103632	2	-2.3338
DADOS_p_TCGAb3_85_86_87_88_NSP_GenomeWideSNP_6_G01_1464780	13	98111975	112155557	9593	-0.3718
DADOS_p_TCGAb3_85_86_87_88_NSP_GenomeWideSNP_6_G01_1464780	13	112155953	112156868	3	-1.7926
DADOS_p_TCGAb3_85_86_87_88_NSP_GenomeWideSNP_6_G01_1464780	13	112158186	114005560	598	-0.4179
DADOS_p_TCGAb3_85_86_87_88_NSP_GenomeWideSNP_6_G01_1464780	14	19571208	79959910	34339	0.0687
DADOS_p_TCGAb3_85_86_87_88_NSP_GenomeWideSNP_6_G01_1464780	14	79962365	79962635	2	-1.3266
DADOS_p_TCGAb3_85_86_87_88_NSP_GenomeWideSNP_6_G01_1464780	14	79967661	82170485	1348	0.0752
DADOS_p_TCGAb3_85_86_87_88_NSP_GenomeWideSNP_6_G01_1464780	14	82170500	82171590	2	-1.3867
DADOS_p_TCGAb3_85_86_87_88_NSP_GenomeWideSNP_6_G01_1464780	14	82176240	105059083	13754	0.0633
DADOS_p_TCGAb3_85_86_87_88_NSP_GenomeWideSNP_6_G01_1464780	15	21238778	33226719	4988	0.062
DADOS_p_TCGAb3_85_86_87_88_NSP_GenomeWideSNP_6_G01_1464780	15	33230040	38845087	3677	-0.3571
DADOS_p_TCGAb3_85_86_87_88_NSP_GenomeWideSNP_6_G01_1464780	15	38854167	38854350	2	-2.58
DADOS_p_TCGAb3_85_86_87_88_NSP_GenomeWideSNP_6_G01_1464780	15	38855929	42234068	1482	-0.3943
DADOS_p_TCGAb3_85_86_87_88_NSP_GenomeWideSNP_6_G01_1464780	15	42237881	99701830	34373	0.0613
DADOS_p_TCGAb3_85_86_87_88_NSP_GenomeWideSNP_6_G01_1464780	16	593460	87907437	40858	0.0534
DADOS_p_TCGAb3_85_86_87_88_NSP_GenomeWideSNP_6_G01_1464780	17	933971	22300454	9631	-0.3987
DADOS_p_TCGAb3_85_86_87_88_NSP_GenomeWideSNP_6_G01_1464780	17	22306232	71844721	24617	0.3778
DADOS_p_TCGAb3_85_86_87_88_NSP_GenomeWideSNP_6_G01_1464780	17	71847415	71848140	2	-0.8924
DADOS_p_TCGAb3_85_86_87_88_NSP_GenomeWideSNP_6_G01_1464780	17	71848705	78510305	2734	0.371
DADOS_p_TCGAb3_85_86_87_88_NSP_GenomeWideSNP_6_G01_1464780	18	319586	75210228	42672	0.0734
DADOS_p_TCGAb3_85_86_87_88_NSP_GenomeWideSNP_6_G01_1464780	19	235018	63570038	23941	0.0328
DADOS_p_TCGAb3_85_86_87_88_NSP_GenomeWideSNP_6_G01_1464780	20	403764	52931679	31426	0.0533
DADOS_p_TCGAb3_85_86_87_88_NSP_GenomeWideSNP_6_G01_1464780	20	52931794	52936156	2	-1.4108
DADOS_p_TCGAb3_85_86_87_88_NSP_GenomeWideSNP_6_G01_1464780	20	52936209	61690281	5839	0.0456
DADOS_p_TCGAb3_85_86_87_88_NSP_GenomeWideSNP_6_G01_1464780	21	14269492	46503202	20579	0.0672
DADOS_p_TCGAb3_85_86_87_88_NSP_GenomeWideSNP_6_G01_1464780	22	15803930	47717016	16927	0.0459
DADOS_p_TCGAb3_85_86_87_88_NSP_GenomeWideSNP_6_G01_1464780	X	3167107	154558783	63397	0.0039
