Sample	Chromosome	Start	End	Num_Probes	Segment_Mean
MOHEL_p_TCGA_271_274_275_N_GenomeWideSNP_6_F10_1320484	1	3218610	61014586	31601	0.0011
MOHEL_p_TCGA_271_274_275_N_GenomeWideSNP_6_F10_1320484	1	61018292	61030369	11	-1.1278
MOHEL_p_TCGA_271_274_275_N_GenomeWideSNP_6_F10_1320484	1	61034171	247813706	97259	0.0011
MOHEL_p_TCGA_271_274_275_N_GenomeWideSNP_6_F10_1320484	2	484222	211157100	112061	0.0024
MOHEL_p_TCGA_271_274_275_N_GenomeWideSNP_6_F10_1320484	2	211160637	211162312	6	-1.1796
MOHEL_p_TCGA_271_274_275_N_GenomeWideSNP_6_F10_1320484	2	211164855	242476062	19004	0.0066
MOHEL_p_TCGA_271_274_275_N_GenomeWideSNP_6_F10_1320484	3	2212571	197538677	106168	0.0015
MOHEL_p_TCGA_271_274_275_N_GenomeWideSNP_6_F10_1320484	4	1053934	172812378	94668	0.002
MOHEL_p_TCGA_271_274_275_N_GenomeWideSNP_6_F10_1320484	4	172812489	172813262	2	-1.956
MOHEL_p_TCGA_271_274_275_N_GenomeWideSNP_6_F10_1320484	4	172815579	188763651	7916	0.0083
MOHEL_p_TCGA_271_274_275_N_GenomeWideSNP_6_F10_1320484	5	914233	168065480	93287	0.0025
MOHEL_p_TCGA_271_274_275_N_GenomeWideSNP_6_F10_1320484	5	168066517	168078758	9	-0.995
MOHEL_p_TCGA_271_274_275_N_GenomeWideSNP_6_F10_1320484	5	168082013	171243884	2265	9e-04
MOHEL_p_TCGA_271_274_275_N_GenomeWideSNP_6_F10_1320484	5	171244610	171244760	2	-1.629
MOHEL_p_TCGA_271_274_275_N_GenomeWideSNP_6_F10_1320484	5	171246574	180360469	4739	0.012
MOHEL_p_TCGA_271_274_275_N_GenomeWideSNP_6_F10_1320484	6	1014281	98636375	53586	0.0016
MOHEL_p_TCGA_271_274_275_N_GenomeWideSNP_6_F10_1320484	6	98640180	98641374	2	-1.8479
MOHEL_p_TCGA_271_274_275_N_GenomeWideSNP_6_F10_1320484	6	98641766	170903919	42716	1e-04
MOHEL_p_TCGA_271_274_275_N_GenomeWideSNP_6_F10_1320484	7	705284	70032890	36224	0.0017
MOHEL_p_TCGA_271_274_275_N_GenomeWideSNP_6_F10_1320484	7	70033813	70036001	2	-2.0128
MOHEL_p_TCGA_271_274_275_N_GenomeWideSNP_6_F10_1320484	7	70037556	96884233	13094	0.0037
MOHEL_p_TCGA_271_274_275_N_GenomeWideSNP_6_F10_1320484	7	96920708	96923293	3	-1.559
MOHEL_p_TCGA_271_274_275_N_GenomeWideSNP_6_F10_1320484	7	96923961	158385118	31863	0.0045
MOHEL_p_TCGA_271_274_275_N_GenomeWideSNP_6_F10_1320484	8	617667	121235587	66416	0.0013
MOHEL_p_TCGA_271_274_275_N_GenomeWideSNP_6_F10_1320484	8	121236221	121239518	2	-3.0351
MOHEL_p_TCGA_271_274_275_N_GenomeWideSNP_6_F10_1320484	8	121240812	124653574	2169	-3e-04
MOHEL_p_TCGA_271_274_275_N_GenomeWideSNP_6_F10_1320484	8	124653592	124659121	4	-1.0135
MOHEL_p_TCGA_271_274_275_N_GenomeWideSNP_6_F10_1320484	8	124659329	145232496	12801	0.001
MOHEL_p_TCGA_271_274_275_N_GenomeWideSNP_6_F10_1320484	9	789932	35100990	20990	-0.002
MOHEL_p_TCGA_271_274_275_N_GenomeWideSNP_6_F10_1320484	9	35101870	35103722	3	-1.94
MOHEL_p_TCGA_271_274_275_N_GenomeWideSNP_6_F10_1320484	9	35104436	140938752	46875	-4e-04
MOHEL_p_TCGA_271_274_275_N_GenomeWideSNP_6_F10_1320484	10	415240	95405207	55615	0.0015
MOHEL_p_TCGA_271_274_275_N_GenomeWideSNP_6_F10_1320484	10	95405661	95406639	2	-1.7982
MOHEL_p_TCGA_271_274_275_N_GenomeWideSNP_6_F10_1320484	10	95407645	109429195	8380	-0.0011
MOHEL_p_TCGA_271_274_275_N_GenomeWideSNP_6_F10_1320484	10	109432616	109441553	2	-1.7124
MOHEL_p_TCGA_271_274_275_N_GenomeWideSNP_6_F10_1320484	10	109441620	135225087	16683	0.0027
MOHEL_p_TCGA_271_274_275_N_GenomeWideSNP_6_F10_1320484	11	456120	6221214	2670	0.0117
MOHEL_p_TCGA_271_274_275_N_GenomeWideSNP_6_F10_1320484	11	6221249	6221380	2	-1.3201
MOHEL_p_TCGA_271_274_275_N_GenomeWideSNP_6_F10_1320484	11	6221741	8397496	1527	-0.0043
MOHEL_p_TCGA_271_274_275_N_GenomeWideSNP_6_F10_1320484	11	8400145	8400566	2	-1.3631
MOHEL_p_TCGA_271_274_275_N_GenomeWideSNP_6_F10_1320484	11	8403190	57702788	27186	8e-04
MOHEL_p_TCGA_271_274_275_N_GenomeWideSNP_6_F10_1320484	11	57705324	57707387	3	-1.3206
MOHEL_p_TCGA_271_274_275_N_GenomeWideSNP_6_F10_1320484	11	57707610	134140152	45705	2e-04
MOHEL_p_TCGA_271_274_275_N_GenomeWideSNP_6_F10_1320484	12	889902	127487224	71709	0
MOHEL_p_TCGA_271_274_275_N_GenomeWideSNP_6_F10_1320484	12	127490932	127493679	5	-1.1901
MOHEL_p_TCGA_271_274_275_N_GenomeWideSNP_6_F10_1320484	12	127495362	133161346	2085	-0.0041
MOHEL_p_TCGA_271_274_275_N_GenomeWideSNP_6_F10_1320484	13	19450806	114987458	56528	0.0012
MOHEL_p_TCGA_271_274_275_N_GenomeWideSNP_6_F10_1320484	14	20501368	46145141	13062	2e-04
MOHEL_p_TCGA_271_274_275_N_GenomeWideSNP_6_F10_1320484	14	46245551	46273783	19	-1.0376
MOHEL_p_TCGA_271_274_275_N_GenomeWideSNP_6_F10_1320484	14	46276543	48694929	1279	-0.0011
MOHEL_p_TCGA_271_274_275_N_GenomeWideSNP_6_F10_1320484	14	48699913	48713049	11	-0.5461
MOHEL_p_TCGA_271_274_275_N_GenomeWideSNP_6_F10_1320484	14	48713510	105988038	34993	2e-04
MOHEL_p_TCGA_271_274_275_N_GenomeWideSNP_6_F10_1320484	15	23687685	91737765	38151	-0.0016
MOHEL_p_TCGA_271_274_275_N_GenomeWideSNP_6_F10_1320484	15	91738346	91742084	3	-1.9244
MOHEL_p_TCGA_271_274_275_N_GenomeWideSNP_6_F10_1320484	15	91742174	101884307	6289	0.0063
MOHEL_p_TCGA_271_274_275_N_GenomeWideSNP_6_F10_1320484	16	653459	89379936	40713	5e-04
MOHEL_p_TCGA_271_274_275_N_GenomeWideSNP_6_F10_1320484	17	987221	80917016	36927	2e-04
MOHEL_p_TCGA_271_274_275_N_GenomeWideSNP_6_F10_1320484	18	329586	47823026	26018	-0.0039
MOHEL_p_TCGA_271_274_275_N_GenomeWideSNP_6_F10_1320484	18	47826855	47827943	6	-1.0955
MOHEL_p_TCGA_271_274_275_N_GenomeWideSNP_6_F10_1320484	18	47829536	77109240	16552	-0.0046
MOHEL_p_TCGA_271_274_275_N_GenomeWideSNP_6_F10_1320484	19	284018	51542757	20798	0.0025
MOHEL_p_TCGA_271_274_275_N_GenomeWideSNP_6_F10_1320484	19	51542791	51545251	2	-1.4719
MOHEL_p_TCGA_271_274_275_N_GenomeWideSNP_6_F10_1320484	19	51546521	58878226	3107	-0.0019
MOHEL_p_TCGA_271_274_275_N_GenomeWideSNP_6_F10_1320484	20	455764	62219837	37207	0.0014
MOHEL_p_TCGA_271_274_275_N_GenomeWideSNP_6_F10_1320484	21	15347621	40428744	16221	8e-04
MOHEL_p_TCGA_271_274_275_N_GenomeWideSNP_6_F10_1320484	21	40430550	40433230	2	-1.7979
MOHEL_p_TCGA_271_274_275_N_GenomeWideSNP_6_F10_1320484	21	40433250	47678774	4304	0.0026
MOHEL_p_TCGA_271_274_275_N_GenomeWideSNP_6_F10_1320484	22	17423930	49049004	16687	-0.0025
MOHEL_p_TCGA_271_274_275_N_GenomeWideSNP_6_F10_1320484	22	49054563	49054594	2	-1.8381
MOHEL_p_TCGA_271_274_275_N_GenomeWideSNP_6_F10_1320484	22	49059082	49331012	203	0.0117
MOHEL_p_TCGA_271_274_275_N_GenomeWideSNP_6_F10_1320484	X	3157107	154905589	63690	0.0014
