GDC_Aliquot	Chromosome	Start	End	Num_Probes	Segment_Mean
3c5db147-bb94-4a13-9060-b04733faaf7b	1	62920	16679483	8675	0.0129
3c5db147-bb94-4a13-9060-b04733faaf7b	1	16685961	16721701	7	0.7268
3c5db147-bb94-4a13-9060-b04733faaf7b	1	16721910	16909373	37	0.375
3c5db147-bb94-4a13-9060-b04733faaf7b	1	16909713	16935752	34	0.6808
3c5db147-bb94-4a13-9060-b04733faaf7b	1	16949746	23631293	4358	0.012
3c5db147-bb94-4a13-9060-b04733faaf7b	1	23632431	23633123	2	-1.6761
3c5db147-bb94-4a13-9060-b04733faaf7b	1	23634378	25092208	778	0.0068
3c5db147-bb94-4a13-9060-b04733faaf7b	1	25096910	25097831	2	-1.3197
3c5db147-bb94-4a13-9060-b04733faaf7b	1	25098398	25256850	118	0.0613
3c5db147-bb94-4a13-9060-b04733faaf7b	1	25266637	25320198	22	0.8857
3c5db147-bb94-4a13-9060-b04733faaf7b	1	25320253	32076617	3456	0.0009
3c5db147-bb94-4a13-9060-b04733faaf7b	1	32079583	32079728	2	-1.6037
3c5db147-bb94-4a13-9060-b04733faaf7b	1	32087273	72274270	25239	-0.0031
3c5db147-bb94-4a13-9060-b04733faaf7b	1	72274390	72303233	20	0.3341
3c5db147-bb94-4a13-9060-b04733faaf7b	1	72303253	72313397	9	2.0221
3c5db147-bb94-4a13-9060-b04733faaf7b	1	72313408	72345465	36	0.941
3c5db147-bb94-4a13-9060-b04733faaf7b	1	72346221	102350784	19370	0.0022
3c5db147-bb94-4a13-9060-b04733faaf7b	1	102350985	102353130	3	-1.1628
3c5db147-bb94-4a13-9060-b04733faaf7b	1	102353146	105470754	1572	0.0125
3c5db147-bb94-4a13-9060-b04733faaf7b	1	105476583	105479738	16	-0.4982
3c5db147-bb94-4a13-9060-b04733faaf7b	1	105479753	109684893	2637	-0.0075
3c5db147-bb94-4a13-9060-b04733faaf7b	1	109690352	109697556	13	-1.9048
3c5db147-bb94-4a13-9060-b04733faaf7b	1	109702376	112147704	1947	0.0119
3c5db147-bb94-4a13-9060-b04733faaf7b	1	112153343	112154768	25	-1.8007
3c5db147-bb94-4a13-9060-b04733faaf7b	1	112163334	119984772	5038	0.006
3c5db147-bb94-4a13-9060-b04733faaf7b	1	120002553	149975645	1194	0.0701
3c5db147-bb94-4a13-9060-b04733faaf7b	1	149976135	152583319	1369	0.0173
3c5db147-bb94-4a13-9060-b04733faaf7b	1	152583408	152614064	30	0.5856
3c5db147-bb94-4a13-9060-b04733faaf7b	1	152614100	152789447	170	0.0205
3c5db147-bb94-4a13-9060-b04733faaf7b	1	152789463	152801429	37	-0.4906
3c5db147-bb94-4a13-9060-b04733faaf7b	1	152804279	164445487	7449	0.009
3c5db147-bb94-4a13-9060-b04733faaf7b	1	164445504	164445877	3	-1.9505
3c5db147-bb94-4a13-9060-b04733faaf7b	1	164449168	196745692	22001	0.0044
3c5db147-bb94-4a13-9060-b04733faaf7b	1	196745743	196832525	58	-0.5055
3c5db147-bb94-4a13-9060-b04733faaf7b	1	196832720	240228440	29943	0.0038
3c5db147-bb94-4a13-9060-b04733faaf7b	1	240230715	240230839	6	-1.8022
3c5db147-bb94-4a13-9060-b04733faaf7b	1	240232805	248589915	5693	0.0202
3c5db147-bb94-4a13-9060-b04733faaf7b	1	248590063	248646068	31	0.397
3c5db147-bb94-4a13-9060-b04733faaf7b	1	248661836	248930189	138	0.0852
3c5db147-bb94-4a13-9060-b04733faaf7b	2	12784	14563570	11033	0.0084
3c5db147-bb94-4a13-9060-b04733faaf7b	2	14564825	14569968	12	-1.0551
3c5db147-bb94-4a13-9060-b04733faaf7b	2	14570240	35750907	13945	0.0019
3c5db147-bb94-4a13-9060-b04733faaf7b	2	35752724	35762850	6	-1.4329
3c5db147-bb94-4a13-9060-b04733faaf7b	2	35762881	52527330	12119	0.0082
3c5db147-bb94-4a13-9060-b04733faaf7b	2	52527342	52563002	41	0.5807
3c5db147-bb94-4a13-9060-b04733faaf7b	2	52563355	57167767	3344	0.0062
3c5db147-bb94-4a13-9060-b04733faaf7b	2	57174909	57214788	68	1.0395
3c5db147-bb94-4a13-9060-b04733faaf7b	2	57218336	90203210	19459	0.0087
3c5db147-bb94-4a13-9060-b04733faaf7b	2	90203402	90209658	10	-1.24
3c5db147-bb94-4a13-9060-b04733faaf7b	2	90209918	95431649	328	0.0273
3c5db147-bb94-4a13-9060-b04733faaf7b	2	95483057	95486909	6	1.0435
3c5db147-bb94-4a13-9060-b04733faaf7b	2	95493335	100911585	2626	0.0112
3c5db147-bb94-4a13-9060-b04733faaf7b	2	100912635	100916523	6	-1.0606
3c5db147-bb94-4a13-9060-b04733faaf7b	2	100918774	105519180	2917	0.0018
3c5db147-bb94-4a13-9060-b04733faaf7b	2	105521668	105522759	3	-1.2616
3c5db147-bb94-4a13-9060-b04733faaf7b	2	105523754	106258266	643	-0.0042
3c5db147-bb94-4a13-9060-b04733faaf7b	2	106263639	106268901	12	0.7299
3c5db147-bb94-4a13-9060-b04733faaf7b	2	106270799	113604438	3782	0.0123
3c5db147-bb94-4a13-9060-b04733faaf7b	2	113604837	113623244	3	-1.5713
3c5db147-bb94-4a13-9060-b04733faaf7b	2	113625975	125684646	7660	0.0121
3c5db147-bb94-4a13-9060-b04733faaf7b	2	125694074	125694336	2	-3.1027
3c5db147-bb94-4a13-9060-b04733faaf7b	2	125694355	146104517	12368	0.0096
3c5db147-bb94-4a13-9060-b04733faaf7b	2	146106836	146109366	24	0.8136
3c5db147-bb94-4a13-9060-b04733faaf7b	2	146120238	163780342	10580	0.0036
3c5db147-bb94-4a13-9060-b04733faaf7b	2	163786978	163788616	5	-1.229
3c5db147-bb94-4a13-9060-b04733faaf7b	2	163790132	183929124	12681	0.001
3c5db147-bb94-4a13-9060-b04733faaf7b	2	183929673	183937588	16	-1.025
3c5db147-bb94-4a13-9060-b04733faaf7b	2	183937714	242147305	35753	0.0003
3c5db147-bb94-4a13-9060-b04733faaf7b	3	20930	1204652	979	0.0298
3c5db147-bb94-4a13-9060-b04733faaf7b	3	1205331	1207972	8	-1.268
3c5db147-bb94-4a13-9060-b04733faaf7b	3	1208950	55536924	36660	0.0141
3c5db147-bb94-4a13-9060-b04733faaf7b	3	55537489	55537902	4	-2.4011
3c5db147-bb94-4a13-9060-b04733faaf7b	3	55540792	59902043	2821	-0.0023
3c5db147-bb94-4a13-9060-b04733faaf7b	3	59902062	60997608	1253	0.0508
3c5db147-bb94-4a13-9060-b04733faaf7b	3	60998880	68697013	6045	-0.0077
3c5db147-bb94-4a13-9060-b04733faaf7b	3	68697108	68699635	16	-1.0843
3c5db147-bb94-4a13-9060-b04733faaf7b	3	68699794	75372019	4864	0.0127
3c5db147-bb94-4a13-9060-b04733faaf7b	3	75377956	75496021	50	-0.7574
3c5db147-bb94-4a13-9060-b04733faaf7b	3	75496671	82812537	4116	0.005
3c5db147-bb94-4a13-9060-b04733faaf7b	3	82815398	82823717	4	-0.943
3c5db147-bb94-4a13-9060-b04733faaf7b	3	82823736	84053071	570	0.0085
3c5db147-bb94-4a13-9060-b04733faaf7b	3	84056282	84057015	2	-1.1639
3c5db147-bb94-4a13-9060-b04733faaf7b	3	84061816	84649706	298	0.0033
3c5db147-bb94-4a13-9060-b04733faaf7b	3	84649839	84652864	14	-0.5173
3c5db147-bb94-4a13-9060-b04733faaf7b	3	84652966	98180575	5387	0.0061
3c5db147-bb94-4a13-9060-b04733faaf7b	3	98189826	98194581	3	-1.5367
3c5db147-bb94-4a13-9060-b04733faaf7b	3	98195973	99225667	596	0.0344
3c5db147-bb94-4a13-9060-b04733faaf7b	3	99225703	99230464	33	-0.7936
3c5db147-bb94-4a13-9060-b04733faaf7b	3	99230470	132270503	20181	0.0075
3c5db147-bb94-4a13-9060-b04733faaf7b	3	132273893	132276840	4	-2.8996
3c5db147-bb94-4a13-9060-b04733faaf7b	3	132281633	142127992	6009	0.0093
3c5db147-bb94-4a13-9060-b04733faaf7b	3	142131697	142135372	5	-0.9913
3c5db147-bb94-4a13-9060-b04733faaf7b	3	142139471	143372552	763	0.0364
3c5db147-bb94-4a13-9060-b04733faaf7b	3	143375075	143375798	2	-1.3816
3c5db147-bb94-4a13-9060-b04733faaf7b	3	143375994	146756356	2219	0.0227
3c5db147-bb94-4a13-9060-b04733faaf7b	3	146756536	146758696	3	-1.7303
3c5db147-bb94-4a13-9060-b04733faaf7b	3	146759265	162829721	9847	0.0138
3c5db147-bb94-4a13-9060-b04733faaf7b	3	162834280	162906093	42	-0.3354
3c5db147-bb94-4a13-9060-b04733faaf7b	3	162906109	162910826	6	-1.074
3c5db147-bb94-4a13-9060-b04733faaf7b	3	162910855	162996729	69	0.0599
3c5db147-bb94-4a13-9060-b04733faaf7b	3	162999939	163001774	2	-2.5043
3c5db147-bb94-4a13-9060-b04733faaf7b	3	163008371	173519113	6283	0.0083
3c5db147-bb94-4a13-9060-b04733faaf7b	3	173522845	173571890	24	0.707
3c5db147-bb94-4a13-9060-b04733faaf7b	3	173582403	175362958	1275	0.0096
3c5db147-bb94-4a13-9060-b04733faaf7b	3	175363114	175363536	4	-0.9657
3c5db147-bb94-4a13-9060-b04733faaf7b	3	175368999	183573374	4898	0.0168
3c5db147-bb94-4a13-9060-b04733faaf7b	3	183573676	184126524	288	0.117
3c5db147-bb94-4a13-9060-b04733faaf7b	3	184127605	193156958	6316	0.0015
3c5db147-bb94-4a13-9060-b04733faaf7b	3	193160113	193165114	20	1.3035
3c5db147-bb94-4a13-9060-b04733faaf7b	3	193168646	195558822	1483	0.0126
3c5db147-bb94-4a13-9060-b04733faaf7b	3	195559056	195704028	16	-0.8012
3c5db147-bb94-4a13-9060-b04733faaf7b	3	195706899	198169247	1194	0.0441
3c5db147-bb94-4a13-9060-b04733faaf7b	4	68929	3597665	1438	0.0289
3c5db147-bb94-4a13-9060-b04733faaf7b	4	3597723	3600457	3	-2.295
3c5db147-bb94-4a13-9060-b04733faaf7b	4	3607663	8720526	3656	0.016
3c5db147-bb94-4a13-9060-b04733faaf7b	4	8722817	9516451	75	0.5733
3c5db147-bb94-4a13-9060-b04733faaf7b	4	9519212	29314452	14251	0.0112
3c5db147-bb94-4a13-9060-b04733faaf7b	4	29316617	29316627	2	-1.9207
3c5db147-bb94-4a13-9060-b04733faaf7b	4	29316643	40698556	7210	0.0109
3c5db147-bb94-4a13-9060-b04733faaf7b	4	40701994	40702175	3	-2.9214
3c5db147-bb94-4a13-9060-b04733faaf7b	4	40702670	45003738	2753	0.0122
3c5db147-bb94-4a13-9060-b04733faaf7b	4	45003835	45004318	4	-1.1582
3c5db147-bb94-4a13-9060-b04733faaf7b	4	45008952	49508382	2337	0.0198
3c5db147-bb94-4a13-9060-b04733faaf7b	4	49509185	49656595	15	0.636
3c5db147-bb94-4a13-9060-b04733faaf7b	4	51819533	61541609	6326	0.0143
3c5db147-bb94-4a13-9060-b04733faaf7b	4	61541880	61543437	2	-1.8724
3c5db147-bb94-4a13-9060-b04733faaf7b	4	61547349	63265520	921	0.0102
3c5db147-bb94-4a13-9060-b04733faaf7b	4	63275560	63286195	6	-0.8819
3c5db147-bb94-4a13-9060-b04733faaf7b	4	63288849	68354665	3186	0.011
3c5db147-bb94-4a13-9060-b04733faaf7b	4	68361130	68395346	7	1.6957
3c5db147-bb94-4a13-9060-b04733faaf7b	4	68416487	68620261	82	0.3757
3c5db147-bb94-4a13-9060-b04733faaf7b	4	68623617	69272329	326	0.0758
3c5db147-bb94-4a13-9060-b04733faaf7b	4	69277656	69366304	43	-0.7644
3c5db147-bb94-4a13-9060-b04733faaf7b	4	69366406	137258291	40669	0.008
3c5db147-bb94-4a13-9060-b04733faaf7b	4	137261279	137270870	52	-0.8136
3c5db147-bb94-4a13-9060-b04733faaf7b	4	137271024	172066676	21658	0.0132
3c5db147-bb94-4a13-9060-b04733faaf7b	4	172066706	172068382	14	0.8163
3c5db147-bb94-4a13-9060-b04733faaf7b	4	172074828	186893712	10017	0.0194
3c5db147-bb94-4a13-9060-b04733faaf7b	4	186893847	186894096	2	-2.2084
3c5db147-bb94-4a13-9060-b04733faaf7b	4	186894493	190106768	2058	0.0338
3c5db147-bb94-4a13-9060-b04733faaf7b	5	15532	7169363	5719	0.0276
3c5db147-bb94-4a13-9060-b04733faaf7b	5	7177225	7189812	26	-1.0914
3c5db147-bb94-4a13-9060-b04733faaf7b	5	7202522	15718383	6423	0.0134
3c5db147-bb94-4a13-9060-b04733faaf7b	5	15719113	15720488	11	-0.8085
3c5db147-bb94-4a13-9060-b04733faaf7b	5	15723237	21376735	3481	0.0171
3c5db147-bb94-4a13-9060-b04733faaf7b	5	21377730	21377744	2	-2.7517
3c5db147-bb94-4a13-9060-b04733faaf7b	5	21385957	21449167	44	0.0727
3c5db147-bb94-4a13-9060-b04733faaf7b	5	21451091	21451168	2	-1.2419
3c5db147-bb94-4a13-9060-b04733faaf7b	5	21451855	21451889	2	-3.9529
3c5db147-bb94-4a13-9060-b04733faaf7b	5	21452329	78812085	32311	0.0087
3c5db147-bb94-4a13-9060-b04733faaf7b	5	78814168	78815348	3	-1.5927
3c5db147-bb94-4a13-9060-b04733faaf7b	5	78819688	104515520	14575	0.0141
3c5db147-bb94-4a13-9060-b04733faaf7b	5	104524672	104524903	4	1.5684
3c5db147-bb94-4a13-9060-b04733faaf7b	5	104525348	114314748	6603	0.0108
3c5db147-bb94-4a13-9060-b04733faaf7b	5	114314858	114315856	2	-1.424
3c5db147-bb94-4a13-9060-b04733faaf7b	5	114316162	129543464	10174	0.0132
3c5db147-bb94-4a13-9060-b04733faaf7b	5	129545317	129545482	3	-1.1811
3c5db147-bb94-4a13-9060-b04733faaf7b	5	129546635	136162118	3981	0.0074
3c5db147-bb94-4a13-9060-b04733faaf7b	5	136167083	136168568	2	-1.3179
3c5db147-bb94-4a13-9060-b04733faaf7b	5	136170152	139789292	1961	0.0057
3c5db147-bb94-4a13-9060-b04733faaf7b	5	139798577	139803311	4	-2.0565
3c5db147-bb94-4a13-9060-b04733faaf7b	5	139804359	140838209	481	0.0257
3c5db147-bb94-4a13-9060-b04733faaf7b	5	140838745	140872578	16	-0.7806
3c5db147-bb94-4a13-9060-b04733faaf7b	5	140874202	152134610	7539	0.0077
3c5db147-bb94-4a13-9060-b04733faaf7b	5	152135825	152138790	14	-0.757
3c5db147-bb94-4a13-9060-b04733faaf7b	5	152140710	181363319	19456	0.0151
3c5db147-bb94-4a13-9060-b04733faaf7b	6	149661	252145	96	0.1093
3c5db147-bb94-4a13-9060-b04733faaf7b	6	252772	278146	17	0.4579
3c5db147-bb94-4a13-9060-b04733faaf7b	6	279695	290598	5	1.0944
3c5db147-bb94-4a13-9060-b04733faaf7b	6	291082	381149	84	0.3756
3c5db147-bb94-4a13-9060-b04733faaf7b	6	382559	385784	8	-0.3961
3c5db147-bb94-4a13-9060-b04733faaf7b	6	387532	1057755	601	0.0618
3c5db147-bb94-4a13-9060-b04733faaf7b	6	1057973	29643212	20657	-0.0024
3c5db147-bb94-4a13-9060-b04733faaf7b	6	29643452	32486746	1372	0.0573
3c5db147-bb94-4a13-9060-b04733faaf7b	6	32488906	32606604	33	0.8862
3c5db147-bb94-4a13-9060-b04733faaf7b	6	32610305	66298393	19057	0.0086
3c5db147-bb94-4a13-9060-b04733faaf7b	6	66299130	66331020	35	-0.9838
3c5db147-bb94-4a13-9060-b04733faaf7b	6	66331558	66333342	7	-3.0606
3c5db147-bb94-4a13-9060-b04733faaf7b	6	66333465	66338736	13	-0.9659
3c5db147-bb94-4a13-9060-b04733faaf7b	6	66339513	76726815	6780	0.0055
3c5db147-bb94-4a13-9060-b04733faaf7b	6	76730151	76751356	22	0.4118
3c5db147-bb94-4a13-9060-b04733faaf7b	6	76758214	78252522	970	-0.0042
3c5db147-bb94-4a13-9060-b04733faaf7b	6	78252576	78329517	119	0.2302
3c5db147-bb94-4a13-9060-b04733faaf7b	6	78331916	86637147	5178	0.0114
3c5db147-bb94-4a13-9060-b04733faaf7b	6	86637265	86641855	4	-1.0922
3c5db147-bb94-4a13-9060-b04733faaf7b	6	86642316	101484250	9216	0.0124
3c5db147-bb94-4a13-9060-b04733faaf7b	6	101491162	101491613	5	-0.9094
3c5db147-bb94-4a13-9060-b04733faaf7b	6	101496448	105916609	2749	0.0078
3c5db147-bb94-4a13-9060-b04733faaf7b	6	105918707	105921014	2	-1.7145
3c5db147-bb94-4a13-9060-b04733faaf7b	6	105921170	133945130	17433	0.0096
3c5db147-bb94-4a13-9060-b04733faaf7b	6	133947933	133948494	2	-1.9873
3c5db147-bb94-4a13-9060-b04733faaf7b	6	133950934	134070235	71	0.0213
3c5db147-bb94-4a13-9060-b04733faaf7b	6	134071838	134072070	2	-1.8198
3c5db147-bb94-4a13-9060-b04733faaf7b	6	134072320	167281735	22954	0.0002
3c5db147-bb94-4a13-9060-b04733faaf7b	6	167285281	167285914	2	-1.5916
3c5db147-bb94-4a13-9060-b04733faaf7b	6	167286216	170741917	2051	0.0234
3c5db147-bb94-4a13-9060-b04733faaf7b	7	43355	54305455	38463	0.0096
3c5db147-bb94-4a13-9060-b04733faaf7b	7	54318812	54318824	6	1.8618
3c5db147-bb94-4a13-9060-b04733faaf7b	7	54325795	70955452	6117	0.0234
3c5db147-bb94-4a13-9060-b04733faaf7b	7	70958264	70961155	2	-2.6824
3c5db147-bb94-4a13-9060-b04733faaf7b	7	70963257	89222178	10242	0.0122
3c5db147-bb94-4a13-9060-b04733faaf7b	7	89222273	90217022	627	0.0813
3c5db147-bb94-4a13-9060-b04733faaf7b	7	90217494	101409205	6381	0.0039
3c5db147-bb94-4a13-9060-b04733faaf7b	7	101416451	101416668	2	-2.3102
3c5db147-bb94-4a13-9060-b04733faaf7b	7	101419630	126404920	15108	0.0016
3c5db147-bb94-4a13-9060-b04733faaf7b	7	126405428	126406823	14	-1.1672
3c5db147-bb94-4a13-9060-b04733faaf7b	7	126406824	142070827	9929	0.0036
3c5db147-bb94-4a13-9060-b04733faaf7b	7	142071122	142087441	11	0.5704
3c5db147-bb94-4a13-9060-b04733faaf7b	7	142087473	144199159	1216	0.0278
3c5db147-bb94-4a13-9060-b04733faaf7b	7	144207186	144295437	9	-0.729
3c5db147-bb94-4a13-9060-b04733faaf7b	7	144306653	148016901	2412	0.0082
3c5db147-bb94-4a13-9060-b04733faaf7b	7	148017689	148018804	4	-1.9606
3c5db147-bb94-4a13-9060-b04733faaf7b	7	148019073	158324903	6600	0.0174
3c5db147-bb94-4a13-9060-b04733faaf7b	7	158335896	158339473	2	2.564
3c5db147-bb94-4a13-9060-b04733faaf7b	7	158344294	159334314	633	0.0524
3c5db147-bb94-4a13-9060-b04733faaf7b	8	81254	2133225	1479	0.0302
3c5db147-bb94-4a13-9060-b04733faaf7b	8	2133366	2133385	2	-1.4403
3c5db147-bb94-4a13-9060-b04733faaf7b	8	2133420	3016831	736	0.0332
3c5db147-bb94-4a13-9060-b04733faaf7b	8	3032370	3033241	3	-1.8117
3c5db147-bb94-4a13-9060-b04733faaf7b	8	3039002	4144509	1472	0.0247
3c5db147-bb94-4a13-9060-b04733faaf7b	8	4144546	4145236	9	-0.9711
3c5db147-bb94-4a13-9060-b04733faaf7b	8	4145269	6969240	3926	0.0241
3c5db147-bb94-4a13-9060-b04733faaf7b	8	6969479	6969643	4	-1.4705
3c5db147-bb94-4a13-9060-b04733faaf7b	8	6969664	12143614	3388	0.0292
3c5db147-bb94-4a13-9060-b04733faaf7b	8	12176798	12555293	41	0.5526
3c5db147-bb94-4a13-9060-b04733faaf7b	8	12561014	12788880	102	0.0344
3c5db147-bb94-4a13-9060-b04733faaf7b	8	12791219	12795017	4	-1.541
3c5db147-bb94-4a13-9060-b04733faaf7b	8	12796024	15543415	2622	0.0044
3c5db147-bb94-4a13-9060-b04733faaf7b	8	15543669	15555938	10	-1.1145
3c5db147-bb94-4a13-9060-b04733faaf7b	8	15565761	25114672	7666	0.0102
3c5db147-bb94-4a13-9060-b04733faaf7b	8	25116928	25122039	14	0.6926
3c5db147-bb94-4a13-9060-b04733faaf7b	8	25122389	25122472	7	-1.2556
3c5db147-bb94-4a13-9060-b04733faaf7b	8	25126554	25126818	6	0.7098
3c5db147-bb94-4a13-9060-b04733faaf7b	8	25133589	27021561	1479	0.021
3c5db147-bb94-4a13-9060-b04733faaf7b	8	27022006	27023165	6	-0.7757
3c5db147-bb94-4a13-9060-b04733faaf7b	8	27029290	39373140	7528	0.0129
3c5db147-bb94-4a13-9060-b04733faaf7b	8	39378084	39529446	58	-2.3495
3c5db147-bb94-4a13-9060-b04733faaf7b	8	39530780	43173879	2382	0.0177
3c5db147-bb94-4a13-9060-b04733faaf7b	8	43188236	46613954	383	0.1007
3c5db147-bb94-4a13-9060-b04733faaf7b	8	46615926	46624924	9	0.669
3c5db147-bb94-4a13-9060-b04733faaf7b	8	46634473	47066178	213	0.0583
3c5db147-bb94-4a13-9060-b04733faaf7b	8	47071036	78262264	19352	0.009
3c5db147-bb94-4a13-9060-b04733faaf7b	8	78266379	78273089	5	-1.4223
3c5db147-bb94-4a13-9060-b04733faaf7b	8	78276379	140652001	40589	0.0089
3c5db147-bb94-4a13-9060-b04733faaf7b	8	140653786	145072769	1977	0.0834
3c5db147-bb94-4a13-9060-b04733faaf7b	9	46587	592306	478	0.0238
3c5db147-bb94-4a13-9060-b04733faaf7b	9	592552	592567	2	-2.3929
3c5db147-bb94-4a13-9060-b04733faaf7b	9	592718	602903	28	0.0537
3c5db147-bb94-4a13-9060-b04733faaf7b	9	606699	606961	4	-2.2941
3c5db147-bb94-4a13-9060-b04733faaf7b	9	607307	40952530	30685	0.0104
3c5db147-bb94-4a13-9060-b04733faaf7b	9	40977152	41533430	50	0.5429
3c5db147-bb94-4a13-9060-b04733faaf7b	9	41569585	61405110	121	-0.0008
3c5db147-bb94-4a13-9060-b04733faaf7b	9	61520021	61983615	45	0.8326
3c5db147-bb94-4a13-9060-b04733faaf7b	9	61992642	138200944	48059	-0.003
3c5db147-bb94-4a13-9060-b04733faaf7b	10	45792	13014263	10921	0.001
3c5db147-bb94-4a13-9060-b04733faaf7b	10	13014550	13016840	25	-1.1366
3c5db147-bb94-4a13-9060-b04733faaf7b	10	13022223	20551945	6034	-0.0047
3c5db147-bb94-4a13-9060-b04733faaf7b	10	20561183	20564574	5	-1.1593
3c5db147-bb94-4a13-9060-b04733faaf7b	10	20564605	41796971	12077	-0.0012
3c5db147-bb94-4a13-9060-b04733faaf7b	10	41798237	42324502	37	0.354
3c5db147-bb94-4a13-9060-b04733faaf7b	10	42324837	56027710	8672	0.0087
3c5db147-bb94-4a13-9060-b04733faaf7b	10	56028329	56029906	2	-1.5906
3c5db147-bb94-4a13-9060-b04733faaf7b	10	56030370	65546400	6621	0.0023
3c5db147-bb94-4a13-9060-b04733faaf7b	10	65546518	65563168	31	-0.4439
3c5db147-bb94-4a13-9060-b04733faaf7b	10	65565695	79754434	9239	-0.0013
3c5db147-bb94-4a13-9060-b04733faaf7b	10	79763550	79837384	18	-0.8669
3c5db147-bb94-4a13-9060-b04733faaf7b	10	79838023	80325211	264	0.067
3c5db147-bb94-4a13-9060-b04733faaf7b	10	80331071	130376713	34607	-0.0056
3c5db147-bb94-4a13-9060-b04733faaf7b	10	130377612	133415637	1920	0.056
3c5db147-bb94-4a13-9060-b04733faaf7b	10	133416215	133419150	3	-1.1598
3c5db147-bb94-4a13-9060-b04733faaf7b	10	133420636	133654968	146	0.0586
3c5db147-bb94-4a13-9060-b04733faaf7b	11	198510	241489	22	-0.0349
3c5db147-bb94-4a13-9060-b04733faaf7b	11	242112	456012	82	0.2265
3c5db147-bb94-4a13-9060-b04733faaf7b	11	456120	4949137	2322	0.0172
3c5db147-bb94-4a13-9060-b04733faaf7b	11	4950775	4952799	18	0.7225
3c5db147-bb94-4a13-9060-b04733faaf7b	11	4953934	5766850	791	0.0128
3c5db147-bb94-4a13-9060-b04733faaf7b	11	5766862	5788108	32	0.4518
3c5db147-bb94-4a13-9060-b04733faaf7b	11	5788231	18919323	9401	-0.001
3c5db147-bb94-4a13-9060-b04733faaf7b	11	18927525	18939631	34	-1.2917
3c5db147-bb94-4a13-9060-b04733faaf7b	11	18939734	55595864	21757	0.0078
3c5db147-bb94-4a13-9060-b04733faaf7b	11	55606556	55685501	58	-0.4648
3c5db147-bb94-4a13-9060-b04733faaf7b	11	55685533	81792426	14573	0.0061
3c5db147-bb94-4a13-9060-b04733faaf7b	11	81792950	81806116	10	-0.9609
3c5db147-bb94-4a13-9060-b04733faaf7b	11	81811590	135074876	37694	0.0052
3c5db147-bb94-4a13-9060-b04733faaf7b	12	51460	9477960	6170	0.0153
3c5db147-bb94-4a13-9060-b04733faaf7b	12	9481274	9575696	24	1.1208
3c5db147-bb94-4a13-9060-b04733faaf7b	12	9582373	10430768	631	0.0092
3c5db147-bb94-4a13-9060-b04733faaf7b	12	10434196	10443207	4	-1.4285
3c5db147-bb94-4a13-9060-b04733faaf7b	12	10446203	11066824	400	-0.0111
3c5db147-bb94-4a13-9060-b04733faaf7b	12	11068125	11088933	10	-1.5079
3c5db147-bb94-4a13-9060-b04733faaf7b	12	11099275	11359558	134	0.0092
3c5db147-bb94-4a13-9060-b04733faaf7b	12	11359597	11390452	27	0.6221
3c5db147-bb94-4a13-9060-b04733faaf7b	12	11390472	17802670	4481	0.0151
3c5db147-bb94-4a13-9060-b04733faaf7b	12	17809250	17812131	9	0.9329
3c5db147-bb94-4a13-9060-b04733faaf7b	12	17813475	27941830	7052	0.0045
3c5db147-bb94-4a13-9060-b04733faaf7b	12	27941988	27944711	12	-0.8817
3c5db147-bb94-4a13-9060-b04733faaf7b	12	27950527	33141726	3821	0.0053
3c5db147-bb94-4a13-9060-b04733faaf7b	12	33148472	33155426	28	0.4759
3c5db147-bb94-4a13-9060-b04733faaf7b	12	33155453	37593924	827	0.0497
3c5db147-bb94-4a13-9060-b04733faaf7b	12	37618765	37620216	2	-2.1673
3c5db147-bb94-4a13-9060-b04733faaf7b	12	37640556	45506042	4756	0.0121
3c5db147-bb94-4a13-9060-b04733faaf7b	12	45510655	45515754	4	-1.5678
3c5db147-bb94-4a13-9060-b04733faaf7b	12	45519509	130194350	54653	0.0086
3c5db147-bb94-4a13-9060-b04733faaf7b	12	130195008	130195630	3	-1.3313
3c5db147-bb94-4a13-9060-b04733faaf7b	12	130195892	131449682	998	0.0367
3c5db147-bb94-4a13-9060-b04733faaf7b	12	131449896	131449969	4	1.2264
3c5db147-bb94-4a13-9060-b04733faaf7b	12	131450216	133201603	755	0.0269
3c5db147-bb94-4a13-9060-b04733faaf7b	13	18452809	23055038	2853	0.0201
3c5db147-bb94-4a13-9060-b04733faaf7b	13	23055048	23059376	14	0.6785
3c5db147-bb94-4a13-9060-b04733faaf7b	13	23064056	24454945	1113	0.0008
3c5db147-bb94-4a13-9060-b04733faaf7b	13	24455157	24465540	17	-0.5168
3c5db147-bb94-4a13-9060-b04733faaf7b	13	24465893	37501828	9484	0.0025
3c5db147-bb94-4a13-9060-b04733faaf7b	13	37502130	37510620	12	0.6143
3c5db147-bb94-4a13-9060-b04733faaf7b	13	37514193	57138666	12509	0.0085
3c5db147-bb94-4a13-9060-b04733faaf7b	13	57139094	57139232	4	-1.009
3c5db147-bb94-4a13-9060-b04733faaf7b	13	57174890	71902850	9031	0.0031
3c5db147-bb94-4a13-9060-b04733faaf7b	13	71903417	71906467	5	1.2396
3c5db147-bb94-4a13-9060-b04733faaf7b	13	71912345	106730287	23810	0.0057
3c5db147-bb94-4a13-9060-b04733faaf7b	13	106731890	106732362	2	-1.5493
3c5db147-bb94-4a13-9060-b04733faaf7b	13	106732887	114342922	5269	0.0131
3c5db147-bb94-4a13-9060-b04733faaf7b	14	18239283	19298389	48	0.3933
3c5db147-bb94-4a13-9060-b04733faaf7b	14	19326853	19380699	3	-1.255
3c5db147-bb94-4a13-9060-b04733faaf7b	14	19383592	19966799	132	0.2727
3c5db147-bb94-4a13-9060-b04733faaf7b	14	19966871	21460179	1001	0.0077
3c5db147-bb94-4a13-9060-b04733faaf7b	14	21460194	22904297	1099	0.0753
3c5db147-bb94-4a13-9060-b04733faaf7b	14	22904777	41141293	11479	0.0017
3c5db147-bb94-4a13-9060-b04733faaf7b	14	41141487	41188146	14	-0.824
3c5db147-bb94-4a13-9060-b04733faaf7b	14	41200899	73529070	20460	0.0032
3c5db147-bb94-4a13-9060-b04733faaf7b	14	73534419	73563196	10	-1.5445
3c5db147-bb94-4a13-9060-b04733faaf7b	14	73563211	73953773	195	0.0111
3c5db147-bb94-4a13-9060-b04733faaf7b	14	73957074	73957079	2	-1.525
3c5db147-bb94-4a13-9060-b04733faaf7b	14	73958353	106321086	20672	0.0022
3c5db147-bb94-4a13-9060-b04733faaf7b	14	106340102	106345431	4	-1.085
3c5db147-bb94-4a13-9060-b04733faaf7b	14	106345838	106416146	33	0.0657
3c5db147-bb94-4a13-9060-b04733faaf7b	14	106418444	106475361	51	-0.68
3c5db147-bb94-4a13-9060-b04733faaf7b	14	106487515	106877229	193	0.0211
3c5db147-bb94-4a13-9060-b04733faaf7b	15	19811075	20001686	45	0.164
3c5db147-bb94-4a13-9060-b04733faaf7b	15	20011702	20060725	7	-1.1689
3c5db147-bb94-4a13-9060-b04733faaf7b	15	20062609	20380735	44	0.0582
3c5db147-bb94-4a13-9060-b04733faaf7b	15	20380837	20381659	7	-0.7747
3c5db147-bb94-4a13-9060-b04733faaf7b	15	20381689	20396301	7	-0.0003
3c5db147-bb94-4a13-9060-b04733faaf7b	15	20396470	22624663	111	0.2431
3c5db147-bb94-4a13-9060-b04733faaf7b	15	22631647	25174845	1470	0.0263
3c5db147-bb94-4a13-9060-b04733faaf7b	15	25176460	25185096	7	-0.8369
3c5db147-bb94-4a13-9060-b04733faaf7b	15	25188158	27692007	1900	-0.0008
3c5db147-bb94-4a13-9060-b04733faaf7b	15	27693507	30304026	1251	0.0771
3c5db147-bb94-4a13-9060-b04733faaf7b	15	30307497	34361534	2560	0.0059
3c5db147-bb94-4a13-9060-b04733faaf7b	15	34366218	34585564	87	0.2099
3c5db147-bb94-4a13-9060-b04733faaf7b	15	34586942	61392006	17279	-0.0094
3c5db147-bb94-4a13-9060-b04733faaf7b	15	61395970	61405782	16	-1.1075
3c5db147-bb94-4a13-9060-b04733faaf7b	15	61408185	101928837	26729	0.0021
3c5db147-bb94-4a13-9060-b04733faaf7b	16	10777	14683771	11086	0.0075
3c5db147-bb94-4a13-9060-b04733faaf7b	16	14686797	14895982	18	0.6441
3c5db147-bb94-4a13-9060-b04733faaf7b	16	14954911	15022400	52	-0.636
3c5db147-bb94-4a13-9060-b04733faaf7b	16	15031584	18704933	1622	0.0652
3c5db147-bb94-4a13-9060-b04733faaf7b	16	18705983	20046578	775	0.008
3c5db147-bb94-4a13-9060-b04733faaf7b	16	20047451	20047761	3	-1.3117
3c5db147-bb94-4a13-9060-b04733faaf7b	16	20048355	22604483	1219	-0.012
3c5db147-bb94-4a13-9060-b04733faaf7b	16	22614263	22693199	58	-0.338
3c5db147-bb94-4a13-9060-b04733faaf7b	16	22699421	55761136	12084	0.0013
3c5db147-bb94-4a13-9060-b04733faaf7b	16	55762477	55782734	18	-3.2104
3c5db147-bb94-4a13-9060-b04733faaf7b	16	55782793	55788485	3	-1.1478
3c5db147-bb94-4a13-9060-b04733faaf7b	16	55788532	55808603	5	-0.1617
3c5db147-bb94-4a13-9060-b04733faaf7b	16	55809606	55824881	9	0.8014
3c5db147-bb94-4a13-9060-b04733faaf7b	16	55834527	70105639	8738	0.004
3c5db147-bb94-4a13-9060-b04733faaf7b	16	70117657	70164427	13	0.7982
3c5db147-bb94-4a13-9060-b04733faaf7b	16	70164453	74263685	2244	0.003
3c5db147-bb94-4a13-9060-b04733faaf7b	16	74265147	74265351	2	-1.4288
3c5db147-bb94-4a13-9060-b04733faaf7b	16	74267578	74330951	45	-0.0094
3c5db147-bb94-4a13-9060-b04733faaf7b	16	74334793	74418138	12	0.7596
3c5db147-bb94-4a13-9060-b04733faaf7b	16	74422703	90096867	13832	0.0126
3c5db147-bb94-4a13-9060-b04733faaf7b	17	150733	8339592	4534	0.0195
3c5db147-bb94-4a13-9060-b04733faaf7b	17	8344229	8344415	2	-2.632
3c5db147-bb94-4a13-9060-b04733faaf7b	17	8346140	36109315	13709	0.0113
3c5db147-bb94-4a13-9060-b04733faaf7b	17	36109735	36208249	37	0.5714
3c5db147-bb94-4a13-9060-b04733faaf7b	17	36460442	39692350	1617	0.0093
3c5db147-bb94-4a13-9060-b04733faaf7b	17	39694457	39695391	7	-0.6913
3c5db147-bb94-4a13-9060-b04733faaf7b	17	39695588	41266838	901	0.0079
3c5db147-bb94-4a13-9060-b04733faaf7b	17	41266851	41274198	18	-0.6504
3c5db147-bb94-4a13-9060-b04733faaf7b	17	41274279	46080231	2494	0.0056
3c5db147-bb94-4a13-9060-b04733faaf7b	17	46084501	46664059	135	-0.3709
3c5db147-bb94-4a13-9060-b04733faaf7b	17	46687628	52821706	3538	0.0111
3c5db147-bb94-4a13-9060-b04733faaf7b	17	52821841	52826244	3	-1.7851
3c5db147-bb94-4a13-9060-b04733faaf7b	17	52826852	57610128	3451	-0.0008
3c5db147-bb94-4a13-9060-b04733faaf7b	17	57610972	57611632	2	-1.9089
3c5db147-bb94-4a13-9060-b04733faaf7b	17	57614632	73739281	9722	-0.0061
3c5db147-bb94-4a13-9060-b04733faaf7b	17	73739875	74539182	522	0.0989
3c5db147-bb94-4a13-9060-b04733faaf7b	17	74539870	83091923	4312	0.0119
3c5db147-bb94-4a13-9060-b04733faaf7b	18	48133	80257174	50724	-0.0018
3c5db147-bb94-4a13-9060-b04733faaf7b	19	90910	11837280	4651	0.0113
3c5db147-bb94-4a13-9060-b04733faaf7b	19	11839979	11840981	2	-1.3752
3c5db147-bb94-4a13-9060-b04733faaf7b	19	11842746	20563384	4357	0.0124
3c5db147-bb94-4a13-9060-b04733faaf7b	19	20576271	20582324	3	-1.2506
3c5db147-bb94-4a13-9060-b04733faaf7b	19	20582718	21632117	593	0.027
3c5db147-bb94-4a13-9060-b04733faaf7b	19	21632838	21637067	2	-1.7849
3c5db147-bb94-4a13-9060-b04733faaf7b	19	21637309	29370975	2927	0.0105
3c5db147-bb94-4a13-9060-b04733faaf7b	19	29373674	29373793	2	-1.9072
3c5db147-bb94-4a13-9060-b04733faaf7b	19	29374174	30793899	1020	0.0112
3c5db147-bb94-4a13-9060-b04733faaf7b	19	30797211	30797633	2	1.4956
3c5db147-bb94-4a13-9060-b04733faaf7b	19	30799692	31515209	539	0.0128
3c5db147-bb94-4a13-9060-b04733faaf7b	19	31515635	31515673	2	-1.5035
3c5db147-bb94-4a13-9060-b04733faaf7b	19	31515800	52813087	11445	0.0102
3c5db147-bb94-4a13-9060-b04733faaf7b	19	52815851	52815906	2	-1.6219
3c5db147-bb94-4a13-9060-b04733faaf7b	19	52824137	55771169	1706	0.0342
3c5db147-bb94-4a13-9060-b04733faaf7b	19	55771663	55771701	2	-2.2635
3c5db147-bb94-4a13-9060-b04733faaf7b	19	55774927	58586487	1839	0.0103
3c5db147-bb94-4a13-9060-b04733faaf7b	20	80664	1587360	1209	0.0322
3c5db147-bb94-4a13-9060-b04733faaf7b	20	1587437	1601446	28	-0.4209
3c5db147-bb94-4a13-9060-b04733faaf7b	20	1601561	1613247	6	-1.4629
3c5db147-bb94-4a13-9060-b04733faaf7b	20	1617300	7066403	4039	0.0093
3c5db147-bb94-4a13-9060-b04733faaf7b	20	7066638	7068131	3	-1.2053
3c5db147-bb94-4a13-9060-b04733faaf7b	20	7069458	8093469	771	-0.0146
3c5db147-bb94-4a13-9060-b04733faaf7b	20	8093550	8093871	2	-1.4716
3c5db147-bb94-4a13-9060-b04733faaf7b	20	8094576	14812166	5105	-0.0025
3c5db147-bb94-4a13-9060-b04733faaf7b	20	14812188	14812192	2	-2.6282
3c5db147-bb94-4a13-9060-b04733faaf7b	20	14812769	38376710	12567	0.0048
3c5db147-bb94-4a13-9060-b04733faaf7b	20	38382143	38383652	5	-0.9404
3c5db147-bb94-4a13-9060-b04733faaf7b	20	38390010	55723279	12571	0.0053
3c5db147-bb94-4a13-9060-b04733faaf7b	20	55725540	55727340	4	-1.1029
3c5db147-bb94-4a13-9060-b04733faaf7b	20	55728230	57001898	1041	0.0079
3c5db147-bb94-4a13-9060-b04733faaf7b	20	57002289	57002574	2	-1.769
3c5db147-bb94-4a13-9060-b04733faaf7b	20	57002587	64324800	5001	0.0022
3c5db147-bb94-4a13-9060-b04733faaf7b	21	10354168	14282180	476	0.0398
3c5db147-bb94-4a13-9060-b04733faaf7b	21	14284798	14286509	2	-1.6165
3c5db147-bb94-4a13-9060-b04733faaf7b	21	14286933	16738711	1742	0.0036
3c5db147-bb94-4a13-9060-b04733faaf7b	21	16740643	16750454	7	-0.6643
3c5db147-bb94-4a13-9060-b04733faaf7b	21	16751154	17007819	173	0.0051
3c5db147-bb94-4a13-9060-b04733faaf7b	21	17012019	17012507	3	-1.0773
3c5db147-bb94-4a13-9060-b04733faaf7b	21	17013450	18683769	1146	0.008
3c5db147-bb94-4a13-9060-b04733faaf7b	21	18685360	18709841	29	0.6021
3c5db147-bb94-4a13-9060-b04733faaf7b	21	18709926	41496204	17337	0.0031
3c5db147-bb94-4a13-9060-b04733faaf7b	21	41496268	41496286	2	-1.6245
3c5db147-bb94-4a13-9060-b04733faaf7b	21	41496410	46677045	2940	0.017
3c5db147-bb94-4a13-9060-b04733faaf7b	22	15294547	18620743	1133	0.0439
3c5db147-bb94-4a13-9060-b04733faaf7b	22	18649244	18822597	7	1.7833
3c5db147-bb94-4a13-9060-b04733faaf7b	22	18917479	22398127	2313	0.0642
3c5db147-bb94-4a13-9060-b04733faaf7b	22	22398345	22398545	4	-2.2732
3c5db147-bb94-4a13-9060-b04733faaf7b	22	22402989	42496576	13678	0.0057
3c5db147-bb94-4a13-9060-b04733faaf7b	22	42496590	42559425	27	0.5764
3c5db147-bb94-4a13-9060-b04733faaf7b	22	42559782	48929017	4896	0.005
3c5db147-bb94-4a13-9060-b04733faaf7b	22	48929644	50796027	1201	0.0702
3c5db147-bb94-4a13-9060-b04733faaf7b	X	251810	2858112	149	0.0096
3c5db147-bb94-4a13-9060-b04733faaf7b	X	2858331	2859805	3	-3.9276
3c5db147-bb94-4a13-9060-b04733faaf7b	X	2860281	137088221	71689	0.0136
3c5db147-bb94-4a13-9060-b04733faaf7b	X	137093171	137093208	2	-5.4254
3c5db147-bb94-4a13-9060-b04733faaf7b	X	137095116	146552861	6179	0.0116
3c5db147-bb94-4a13-9060-b04733faaf7b	X	146553971	146556240	2	-3.5338
3c5db147-bb94-4a13-9060-b04733faaf7b	X	146558160	155952689	5319	0.024
3c5db147-bb94-4a13-9060-b04733faaf7b	Y	2782397	8632861	1962	-1.0289
3c5db147-bb94-4a13-9060-b04733faaf7b	Y	8634195	8635659	2	-2.6889
3c5db147-bb94-4a13-9060-b04733faaf7b	Y	8640707	56872112	4672	-1.0214
