GDC_Aliquot	Chromosome	Start	End	Num_Probes	Segment_Mean
8a9a599e-5081-4f45-a85a-7d0c8bc8daf9	1	62920	16689764	8684	0.0377
8a9a599e-5081-4f45-a85a-7d0c8bc8daf9	1	16718963	16766762	7	0.6336
8a9a599e-5081-4f45-a85a-7d0c8bc8daf9	1	16766922	16785064	9	-0.1509
8a9a599e-5081-4f45-a85a-7d0c8bc8daf9	1	16785682	16955930	62	0.3468
8a9a599e-5081-4f45-a85a-7d0c8bc8daf9	1	16956580	25247980	5251	0.0382
8a9a599e-5081-4f45-a85a-7d0c8bc8daf9	1	25248216	25320253	29	0.4096
8a9a599e-5081-4f45-a85a-7d0c8bc8daf9	1	25320455	34626073	4951	0.0449
8a9a599e-5081-4f45-a85a-7d0c8bc8daf9	1	34637053	34638890	20	-0.4883
8a9a599e-5081-4f45-a85a-7d0c8bc8daf9	1	34648667	60908124	15895	0.0414
8a9a599e-5081-4f45-a85a-7d0c8bc8daf9	1	60908259	70779147	6947	0.0158
8a9a599e-5081-4f45-a85a-7d0c8bc8daf9	1	70779208	72297687	920	0.0432
8a9a599e-5081-4f45-a85a-7d0c8bc8daf9	1	72302735	72345465	48	-0.9835
8a9a599e-5081-4f45-a85a-7d0c8bc8daf9	1	72346221	105470754	20956	0.0119
8a9a599e-5081-4f45-a85a-7d0c8bc8daf9	1	105476583	105481433	18	0.6749
8a9a599e-5081-4f45-a85a-7d0c8bc8daf9	1	105481448	109679105	2631	0.0211
8a9a599e-5081-4f45-a85a-7d0c8bc8daf9	1	109684695	109702376	16	-0.4349
8a9a599e-5081-4f45-a85a-7d0c8bc8daf9	1	109703504	110788187	798	0.0227
8a9a599e-5081-4f45-a85a-7d0c8bc8daf9	1	110788274	110878805	115	0.2104
8a9a599e-5081-4f45-a85a-7d0c8bc8daf9	1	110878890	112147704	1034	0.0372
8a9a599e-5081-4f45-a85a-7d0c8bc8daf9	1	112153343	112153931	9	-0.5542
8a9a599e-5081-4f45-a85a-7d0c8bc8daf9	1	112153950	121601998	5178	0.0291
8a9a599e-5081-4f45-a85a-7d0c8bc8daf9	1	121705338	143942271	129	-0.59
8a9a599e-5081-4f45-a85a-7d0c8bc8daf9	1	144432083	152583051	2311	0.0473
8a9a599e-5081-4f45-a85a-7d0c8bc8daf9	1	152583230	152614118	35	-0.6719
8a9a599e-5081-4f45-a85a-7d0c8bc8daf9	1	152618018	168664338	10951	0.0262
8a9a599e-5081-4f45-a85a-7d0c8bc8daf9	1	168664457	168667870	7	-0.9138
8a9a599e-5081-4f45-a85a-7d0c8bc8daf9	1	168673613	248930189	54582	0.0225
8a9a599e-5081-4f45-a85a-7d0c8bc8daf9	2	12784	1315195	868	0.0385
8a9a599e-5081-4f45-a85a-7d0c8bc8daf9	2	1315982	1318101	3	-1.114
8a9a599e-5081-4f45-a85a-7d0c8bc8daf9	2	1323864	3245891	1416	0.004
8a9a599e-5081-4f45-a85a-7d0c8bc8daf9	2	3246139	3246612	4	-1.9794
8a9a599e-5081-4f45-a85a-7d0c8bc8daf9	2	3253510	16990023	10526	0.0047
8a9a599e-5081-4f45-a85a-7d0c8bc8daf9	2	16990478	214914439	119362	0.0172
8a9a599e-5081-4f45-a85a-7d0c8bc8daf9	2	214915810	221601315	4369	-0.0005
8a9a599e-5081-4f45-a85a-7d0c8bc8daf9	2	221601937	221606796	10	0.6932
8a9a599e-5081-4f45-a85a-7d0c8bc8daf9	2	221607842	242147305	12978	-0.0016
8a9a599e-5081-4f45-a85a-7d0c8bc8daf9	3	20930	3906578	3501	-0.5047
8a9a599e-5081-4f45-a85a-7d0c8bc8daf9	3	3907038	4096685	207	-0.8862
8a9a599e-5081-4f45-a85a-7d0c8bc8daf9	3	4097129	31461468	19813	-0.4908
8a9a599e-5081-4f45-a85a-7d0c8bc8daf9	3	31461540	31462228	4	-2.0485
8a9a599e-5081-4f45-a85a-7d0c8bc8daf9	3	31463464	37732682	3943	-0.4826
8a9a599e-5081-4f45-a85a-7d0c8bc8daf9	3	37733949	37734124	2	-4.5319
8a9a599e-5081-4f45-a85a-7d0c8bc8daf9	3	37734297	46760327	5677	-0.4658
8a9a599e-5081-4f45-a85a-7d0c8bc8daf9	3	46760374	46831077	44	-0.1613
8a9a599e-5081-4f45-a85a-7d0c8bc8daf9	3	46831514	47437019	264	-0.4545
8a9a599e-5081-4f45-a85a-7d0c8bc8daf9	3	47450332	47451230	2	-2.2806
8a9a599e-5081-4f45-a85a-7d0c8bc8daf9	3	47455724	68697133	14281	-0.476
8a9a599e-5081-4f45-a85a-7d0c8bc8daf9	3	68697295	68698262	12	-1.2763
8a9a599e-5081-4f45-a85a-7d0c8bc8daf9	3	68699607	124869232	31669	-0.4784
8a9a599e-5081-4f45-a85a-7d0c8bc8daf9	3	124870082	130041779	2957	-0.4328
8a9a599e-5081-4f45-a85a-7d0c8bc8daf9	3	130044016	130089968	43	0.2454
8a9a599e-5081-4f45-a85a-7d0c8bc8daf9	3	130092370	133490533	2236	-0.4365
8a9a599e-5081-4f45-a85a-7d0c8bc8daf9	3	133491829	133495290	2	-2.3853
8a9a599e-5081-4f45-a85a-7d0c8bc8daf9	3	133496031	162790480	18006	-0.4409
8a9a599e-5081-4f45-a85a-7d0c8bc8daf9	3	162794869	162807070	12	0.2507
8a9a599e-5081-4f45-a85a-7d0c8bc8daf9	3	162810842	162815162	4	-0.5548
8a9a599e-5081-4f45-a85a-7d0c8bc8daf9	3	162816942	162822702	6	-1.5835
8a9a599e-5081-4f45-a85a-7d0c8bc8daf9	3	162827928	162908784	49	-0.0678
8a9a599e-5081-4f45-a85a-7d0c8bc8daf9	3	162908815	169319697	3662	-0.428
8a9a599e-5081-4f45-a85a-7d0c8bc8daf9	3	169322285	169322406	2	-2.7801
8a9a599e-5081-4f45-a85a-7d0c8bc8daf9	3	169323129	193156958	15498	-0.4314
8a9a599e-5081-4f45-a85a-7d0c8bc8daf9	3	193160113	193168646	21	1.1382
8a9a599e-5081-4f45-a85a-7d0c8bc8daf9	3	193168669	193186365	26	-0.2746
8a9a599e-5081-4f45-a85a-7d0c8bc8daf9	3	193186714	195458232	1428	-0.4498
8a9a599e-5081-4f45-a85a-7d0c8bc8daf9	3	195459736	195775100	79	-0.1894
8a9a599e-5081-4f45-a85a-7d0c8bc8daf9	3	195775231	198045878	1076	-0.387
8a9a599e-5081-4f45-a85a-7d0c8bc8daf9	3	198047043	198169247	76	-0.1834
8a9a599e-5081-4f45-a85a-7d0c8bc8daf9	4	68929	1617184	549	0.0991
8a9a599e-5081-4f45-a85a-7d0c8bc8daf9	4	1617307	9428543	4593	0.0177
8a9a599e-5081-4f45-a85a-7d0c8bc8daf9	4	9430125	9462813	18	0.2332
8a9a599e-5081-4f45-a85a-7d0c8bc8daf9	4	9463248	9477699	4	1.4434
8a9a599e-5081-4f45-a85a-7d0c8bc8daf9	4	9484440	10208766	538	-0.0046
8a9a599e-5081-4f45-a85a-7d0c8bc8daf9	4	10212536	10232642	31	-2.1334
8a9a599e-5081-4f45-a85a-7d0c8bc8daf9	4	10232984	10233644	5	-0.8947
8a9a599e-5081-4f45-a85a-7d0c8bc8daf9	4	10234518	10389091	171	0.0548
8a9a599e-5081-4f45-a85a-7d0c8bc8daf9	4	10390730	10399044	16	0.6086
8a9a599e-5081-4f45-a85a-7d0c8bc8daf9	4	10401094	34777418	16786	0.0118
8a9a599e-5081-4f45-a85a-7d0c8bc8daf9	4	34777432	34823103	39	0.4206
8a9a599e-5081-4f45-a85a-7d0c8bc8daf9	4	34828250	68354665	19441	0.0131
8a9a599e-5081-4f45-a85a-7d0c8bc8daf9	4	68361130	68620261	89	0.4247
8a9a599e-5081-4f45-a85a-7d0c8bc8daf9	4	68623617	114254167	27702	0.0164
8a9a599e-5081-4f45-a85a-7d0c8bc8daf9	4	114254188	114261019	22	-1.2995
8a9a599e-5081-4f45-a85a-7d0c8bc8daf9	4	114263073	127206301	7787	0.0062
8a9a599e-5081-4f45-a85a-7d0c8bc8daf9	4	127206507	127207226	2	-1.7224
8a9a599e-5081-4f45-a85a-7d0c8bc8daf9	4	127209598	130120778	1612	0.0102
8a9a599e-5081-4f45-a85a-7d0c8bc8daf9	4	130121002	130133076	2	-2.0757
8a9a599e-5081-4f45-a85a-7d0c8bc8daf9	4	130137041	160958989	18561	0.012
8a9a599e-5081-4f45-a85a-7d0c8bc8daf9	4	160959045	160963448	17	-2.2174
8a9a599e-5081-4f45-a85a-7d0c8bc8daf9	4	160963756	171448195	6669	0.0004
8a9a599e-5081-4f45-a85a-7d0c8bc8daf9	4	171453733	171456559	10	-1.0033
8a9a599e-5081-4f45-a85a-7d0c8bc8daf9	4	171456573	189267889	12136	0.029
8a9a599e-5081-4f45-a85a-7d0c8bc8daf9	4	189273964	189278617	5	-1.6201
8a9a599e-5081-4f45-a85a-7d0c8bc8daf9	4	189290117	189828279	270	0.0813
8a9a599e-5081-4f45-a85a-7d0c8bc8daf9	4	189834486	189844248	5	-0.7654
8a9a599e-5081-4f45-a85a-7d0c8bc8daf9	4	189847213	190106768	73	0.0261
8a9a599e-5081-4f45-a85a-7d0c8bc8daf9	5	15532	12998813	10257	0.3523
8a9a599e-5081-4f45-a85a-7d0c8bc8daf9	5	13005102	13043119	15	-0.1214
8a9a599e-5081-4f45-a85a-7d0c8bc8daf9	5	13079786	46191782	20387	0.3497
8a9a599e-5081-4f45-a85a-7d0c8bc8daf9	5	46195781	46199333	4	-1.3459
8a9a599e-5081-4f45-a85a-7d0c8bc8daf9	5	46209197	46271006	15	0.4215
8a9a599e-5081-4f45-a85a-7d0c8bc8daf9	5	46271828	46273400	6	1.6109
8a9a599e-5081-4f45-a85a-7d0c8bc8daf9	5	46278110	58025819	5076	0.3604
8a9a599e-5081-4f45-a85a-7d0c8bc8daf9	5	58030200	58037706	32	-0.1445
8a9a599e-5081-4f45-a85a-7d0c8bc8daf9	5	58042530	69533520	7296	0.3573
8a9a599e-5081-4f45-a85a-7d0c8bc8daf9	5	69550476	69571467	2	-1.2947
8a9a599e-5081-4f45-a85a-7d0c8bc8daf9	5	69779150	121095613	30912	0.3521
8a9a599e-5081-4f45-a85a-7d0c8bc8daf9	5	121096250	121132933	21	-0.1545
8a9a599e-5081-4f45-a85a-7d0c8bc8daf9	5	121133112	121793804	462	0.3747
8a9a599e-5081-4f45-a85a-7d0c8bc8daf9	5	121797242	121799781	3	-0.8798
8a9a599e-5081-4f45-a85a-7d0c8bc8daf9	5	121800431	176033084	35689	0.3512
8a9a599e-5081-4f45-a85a-7d0c8bc8daf9	5	176038686	176042504	2	-1.6523
8a9a599e-5081-4f45-a85a-7d0c8bc8daf9	5	176043321	177739139	721	0.3614
8a9a599e-5081-4f45-a85a-7d0c8bc8daf9	5	177740962	177771448	3	-0.9702
8a9a599e-5081-4f45-a85a-7d0c8bc8daf9	5	177800550	177805604	3	1.8227
8a9a599e-5081-4f45-a85a-7d0c8bc8daf9	5	177827964	180766184	1690	0.3652
8a9a599e-5081-4f45-a85a-7d0c8bc8daf9	5	180766199	180772253	7	-0.6033
8a9a599e-5081-4f45-a85a-7d0c8bc8daf9	5	180773629	180947484	97	0.3707
8a9a599e-5081-4f45-a85a-7d0c8bc8daf9	5	180947523	181015441	24	-0.0954
8a9a599e-5081-4f45-a85a-7d0c8bc8daf9	5	181015920	181363319	166	0.4002
8a9a599e-5081-4f45-a85a-7d0c8bc8daf9	6	149661	257353	102	0.0539
8a9a599e-5081-4f45-a85a-7d0c8bc8daf9	6	258265	365138	90	0.2444
8a9a599e-5081-4f45-a85a-7d0c8bc8daf9	6	365720	16042464	12325	0.0332
8a9a599e-5081-4f45-a85a-7d0c8bc8daf9	6	16042962	16043333	2	-1.7866
8a9a599e-5081-4f45-a85a-7d0c8bc8daf9	6	16043354	32718419	10421	0.0312
8a9a599e-5081-4f45-a85a-7d0c8bc8daf9	6	32720838	32723053	11	0.768
8a9a599e-5081-4f45-a85a-7d0c8bc8daf9	6	32732907	54066353	13653	0.0369
8a9a599e-5081-4f45-a85a-7d0c8bc8daf9	6	54066432	54067057	6	-1.7431
8a9a599e-5081-4f45-a85a-7d0c8bc8daf9	6	54070550	76726815	12165	0.0197
8a9a599e-5081-4f45-a85a-7d0c8bc8daf9	6	76730151	76742972	20	-0.6452
8a9a599e-5081-4f45-a85a-7d0c8bc8daf9	6	76743040	78253157	977	0.0238
8a9a599e-5081-4f45-a85a-7d0c8bc8daf9	6	78253172	78325310	112	0.4611
8a9a599e-5081-4f45-a85a-7d0c8bc8daf9	6	78325457	103286954	15473	0.0081
8a9a599e-5081-4f45-a85a-7d0c8bc8daf9	6	103290101	103314186	46	0.7505
8a9a599e-5081-4f45-a85a-7d0c8bc8daf9	6	103317795	133945130	19075	0.0136
8a9a599e-5081-4f45-a85a-7d0c8bc8daf9	6	133947933	133948494	2	-2.2414
8a9a599e-5081-4f45-a85a-7d0c8bc8daf9	6	133950934	170741917	25093	0.0228
8a9a599e-5081-4f45-a85a-7d0c8bc8daf9	7	43355	45511363	32034	0.3548
8a9a599e-5081-4f45-a85a-7d0c8bc8daf9	7	45512262	45513547	3	-1.3963
8a9a599e-5081-4f45-a85a-7d0c8bc8daf9	7	45514082	56886702	8068	0.344
8a9a599e-5081-4f45-a85a-7d0c8bc8daf9	7	56898978	57086717	13	-0.1837
8a9a599e-5081-4f45-a85a-7d0c8bc8daf9	7	57088013	65502854	1572	0.3492
8a9a599e-5081-4f45-a85a-7d0c8bc8daf9	7	65539561	65586825	5	-0.5788
8a9a599e-5081-4f45-a85a-7d0c8bc8daf9	7	65587678	70955452	2927	0.3386
8a9a599e-5081-4f45-a85a-7d0c8bc8daf9	7	70958264	70961155	2	-1.8894
8a9a599e-5081-4f45-a85a-7d0c8bc8daf9	7	70963257	87303449	9084	0.3474
8a9a599e-5081-4f45-a85a-7d0c8bc8daf9	7	87311487	87318911	4	-0.8495
8a9a599e-5081-4f45-a85a-7d0c8bc8daf9	7	87322493	134093715	27998	0.3528
8a9a599e-5081-4f45-a85a-7d0c8bc8daf9	7	134093884	134135957	49	0.6167
8a9a599e-5081-4f45-a85a-7d0c8bc8daf9	7	134136232	142061030	5177	0.3526
8a9a599e-5081-4f45-a85a-7d0c8bc8daf9	7	142062894	142084696	19	0.895
8a9a599e-5081-4f45-a85a-7d0c8bc8daf9	7	142087330	154598185	7641	0.3579
8a9a599e-5081-4f45-a85a-7d0c8bc8daf9	7	154601461	154607903	4	1.5509
8a9a599e-5081-4f45-a85a-7d0c8bc8daf9	7	154609120	156330551	1408	0.3335
8a9a599e-5081-4f45-a85a-7d0c8bc8daf9	7	156335270	156335312	2	1.7783
8a9a599e-5081-4f45-a85a-7d0c8bc8daf9	7	156343048	159334314	1821	0.3646
8a9a599e-5081-4f45-a85a-7d0c8bc8daf9	8	81254	7477487	7761	0.0012
8a9a599e-5081-4f45-a85a-7d0c8bc8daf9	8	7513956	7890177	14	-0.6338
8a9a599e-5081-4f45-a85a-7d0c8bc8daf9	8	7919608	12177488	3247	-0.0053
8a9a599e-5081-4f45-a85a-7d0c8bc8daf9	8	12323772	12376891	11	-1.5421
8a9a599e-5081-4f45-a85a-7d0c8bc8daf9	8	12382326	12389977	18	-0.5094
8a9a599e-5081-4f45-a85a-7d0c8bc8daf9	8	12418301	24879410	10237	0.0038
8a9a599e-5081-4f45-a85a-7d0c8bc8daf9	8	24882378	27021561	1685	-0.0197
8a9a599e-5081-4f45-a85a-7d0c8bc8daf9	8	27022006	27023165	6	-0.821
8a9a599e-5081-4f45-a85a-7d0c8bc8daf9	8	27029290	32579357	3740	-0.0239
8a9a599e-5081-4f45-a85a-7d0c8bc8daf9	8	32579499	32581889	4	-1.1939
8a9a599e-5081-4f45-a85a-7d0c8bc8daf9	8	32584133	39373140	3788	-0.039
8a9a599e-5081-4f45-a85a-7d0c8bc8daf9	8	39378084	39529446	59	0.4607
8a9a599e-5081-4f45-a85a-7d0c8bc8daf9	8	39530780	43084488	2345	-0.0459
8a9a599e-5081-4f45-a85a-7d0c8bc8daf9	8	43085341	140601844	60595	0.0089
8a9a599e-5081-4f45-a85a-7d0c8bc8daf9	8	140606532	145072769	1993	0.0756
8a9a599e-5081-4f45-a85a-7d0c8bc8daf9	9	46587	6990926	6614	0.0215
8a9a599e-5081-4f45-a85a-7d0c8bc8daf9	9	6993701	106387209	51686	0.0079
8a9a599e-5081-4f45-a85a-7d0c8bc8daf9	9	106393105	138200944	21186	0.027
8a9a599e-5081-4f45-a85a-7d0c8bc8daf9	10	45792	5453194	4656	0.0361
8a9a599e-5081-4f45-a85a-7d0c8bc8daf9	10	5453255	24088746	14537	0.0058
8a9a599e-5081-4f45-a85a-7d0c8bc8daf9	10	24088747	24089125	9	-1.3977
8a9a599e-5081-4f45-a85a-7d0c8bc8daf9	10	24089979	50070600	14207	0.0095
8a9a599e-5081-4f45-a85a-7d0c8bc8daf9	10	50081224	50132160	4	-1.132
8a9a599e-5081-4f45-a85a-7d0c8bc8daf9	10	50144008	89178916	26844	0.0152
8a9a599e-5081-4f45-a85a-7d0c8bc8daf9	10	89183210	89188273	11	-0.8923
8a9a599e-5081-4f45-a85a-7d0c8bc8daf9	10	89188333	113444969	15688	0.0138
8a9a599e-5081-4f45-a85a-7d0c8bc8daf9	10	113448998	113457106	8	-1.2308
8a9a599e-5081-4f45-a85a-7d0c8bc8daf9	10	113459555	133654968	14695	0.0243
8a9a599e-5081-4f45-a85a-7d0c8bc8daf9	11	198510	3465494	1296	0.0276
8a9a599e-5081-4f45-a85a-7d0c8bc8daf9	11	3466435	3467311	3	-1.2488
8a9a599e-5081-4f45-a85a-7d0c8bc8daf9	11	3485296	4949013	1122	0.0204
8a9a599e-5081-4f45-a85a-7d0c8bc8daf9	11	4949047	4955042	28	0.7835
8a9a599e-5081-4f45-a85a-7d0c8bc8daf9	11	4955781	5499745	539	0.0445
8a9a599e-5081-4f45-a85a-7d0c8bc8daf9	11	5500921	5502363	7	-0.6954
8a9a599e-5081-4f45-a85a-7d0c8bc8daf9	11	5503234	5772211	247	0.0366
8a9a599e-5081-4f45-a85a-7d0c8bc8daf9	11	5772353	5788231	25	-0.6148
8a9a599e-5081-4f45-a85a-7d0c8bc8daf9	11	5791130	16333886	7723	0.0313
8a9a599e-5081-4f45-a85a-7d0c8bc8daf9	11	16336360	49981066	22911	0.0076
8a9a599e-5081-4f45-a85a-7d0c8bc8daf9	11	49984115	54742305	300	0.0474
8a9a599e-5081-4f45-a85a-7d0c8bc8daf9	11	54743970	54799680	14	0.5332
8a9a599e-5081-4f45-a85a-7d0c8bc8daf9	11	54799714	55595864	275	0.052
8a9a599e-5081-4f45-a85a-7d0c8bc8daf9	11	55606556	55685501	58	0.4224
8a9a599e-5081-4f45-a85a-7d0c8bc8daf9	11	55685533	135074876	52291	0.0206
8a9a599e-5081-4f45-a85a-7d0c8bc8daf9	12	51460	760112	421	0.069
8a9a599e-5081-4f45-a85a-7d0c8bc8daf9	12	760150	763297	9	0.6118
8a9a599e-5081-4f45-a85a-7d0c8bc8daf9	12	763873	1875990	659	0.0818
8a9a599e-5081-4f45-a85a-7d0c8bc8daf9	12	1876073	7818438	4270	0.0223
8a9a599e-5081-4f45-a85a-7d0c8bc8daf9	12	7818828	7990870	71	0.1287
8a9a599e-5081-4f45-a85a-7d0c8bc8daf9	12	7990887	17022688	5993	-0.0061
8a9a599e-5081-4f45-a85a-7d0c8bc8daf9	12	17025593	31249756	10059	0.0243
8a9a599e-5081-4f45-a85a-7d0c8bc8daf9	12	31253875	31253973	3	-1.0928
8a9a599e-5081-4f45-a85a-7d0c8bc8daf9	12	31254189	33141564	1292	0.0008
8a9a599e-5081-4f45-a85a-7d0c8bc8daf9	12	33141577	38711907	1311	0.0813
8a9a599e-5081-4f45-a85a-7d0c8bc8daf9	12	38712177	43180163	2936	0.0251
8a9a599e-5081-4f45-a85a-7d0c8bc8daf9	12	43180375	43183151	2	-1.4251
8a9a599e-5081-4f45-a85a-7d0c8bc8daf9	12	43185913	45506042	1371	0.0097
8a9a599e-5081-4f45-a85a-7d0c8bc8daf9	12	45510655	45515754	4	-2.0776
8a9a599e-5081-4f45-a85a-7d0c8bc8daf9	12	45519509	99401870	33701	0.024
8a9a599e-5081-4f45-a85a-7d0c8bc8daf9	12	99401959	99404956	28	-1.5237
8a9a599e-5081-4f45-a85a-7d0c8bc8daf9	12	99409315	131636170	22141	0.0331
8a9a599e-5081-4f45-a85a-7d0c8bc8daf9	12	131648039	131648790	13	-1.5613
8a9a599e-5081-4f45-a85a-7d0c8bc8daf9	12	131657925	133201603	559	0.0582
8a9a599e-5081-4f45-a85a-7d0c8bc8daf9	13	18452809	57176962	26021	0.0134
8a9a599e-5081-4f45-a85a-7d0c8bc8daf9	13	57184136	57204246	34	-0.4616
8a9a599e-5081-4f45-a85a-7d0c8bc8daf9	13	57215580	66805122	5785	0.0165
8a9a599e-5081-4f45-a85a-7d0c8bc8daf9	13	66805336	66812541	2	-1.2688
8a9a599e-5081-4f45-a85a-7d0c8bc8daf9	13	66815638	71902850	3208	0.0177
8a9a599e-5081-4f45-a85a-7d0c8bc8daf9	13	71903417	71906467	5	1.249
8a9a599e-5081-4f45-a85a-7d0c8bc8daf9	13	71912345	111517720	27671	0.0088
8a9a599e-5081-4f45-a85a-7d0c8bc8daf9	13	111518677	111518766	2	1.3272
8a9a599e-5081-4f45-a85a-7d0c8bc8daf9	13	111521972	114342922	1418	0.0142
8a9a599e-5081-4f45-a85a-7d0c8bc8daf9	14	18239283	19732024	65	-0.2062
8a9a599e-5081-4f45-a85a-7d0c8bc8daf9	14	19732222	22114075	1610	-0.4729
8a9a599e-5081-4f45-a85a-7d0c8bc8daf9	14	22118209	22490304	308	-0.6504
8a9a599e-5081-4f45-a85a-7d0c8bc8daf9	14	22490342	105616252	52872	-0.4569
8a9a599e-5081-4f45-a85a-7d0c8bc8daf9	14	105632009	105636696	4	-2.1515
8a9a599e-5081-4f45-a85a-7d0c8bc8daf9	14	105650524	106340774	221	-0.298
8a9a599e-5081-4f45-a85a-7d0c8bc8daf9	14	106345431	106365807	8	-1.7866
8a9a599e-5081-4f45-a85a-7d0c8bc8daf9	14	106369985	106503707	86	-0.1383
8a9a599e-5081-4f45-a85a-7d0c8bc8daf9	14	106504296	106719325	112	-0.4169
8a9a599e-5081-4f45-a85a-7d0c8bc8daf9	14	106769689	106770361	4	-1.6358
8a9a599e-5081-4f45-a85a-7d0c8bc8daf9	14	106775945	106877229	68	-0.3804
8a9a599e-5081-4f45-a85a-7d0c8bc8daf9	15	19811075	21975606	176	-0.0072
8a9a599e-5081-4f45-a85a-7d0c8bc8daf9	15	21997003	22003073	3	-1.3009
8a9a599e-5081-4f45-a85a-7d0c8bc8daf9	15	22005276	30094208	4649	0.0299
8a9a599e-5081-4f45-a85a-7d0c8bc8daf9	15	30106026	30314058	26	-0.7904
8a9a599e-5081-4f45-a85a-7d0c8bc8daf9	15	30440076	32520328	1085	0.0335
8a9a599e-5081-4f45-a85a-7d0c8bc8daf9	15	32565281	32584783	4	-0.7398
8a9a599e-5081-4f45-a85a-7d0c8bc8daf9	15	32610782	32825101	169	0.0022
8a9a599e-5081-4f45-a85a-7d0c8bc8daf9	15	32826058	32826470	2	1.2414
8a9a599e-5081-4f45-a85a-7d0c8bc8daf9	15	32826784	40592863	5617	0.0273
8a9a599e-5081-4f45-a85a-7d0c8bc8daf9	15	40592909	40593559	2	-2.0232
8a9a599e-5081-4f45-a85a-7d0c8bc8daf9	15	40594355	101928837	39823	0.0338
8a9a599e-5081-4f45-a85a-7d0c8bc8daf9	16	10777	317984	159	0.1281
8a9a599e-5081-4f45-a85a-7d0c8bc8daf9	16	319384	14956124	10966	0.029
8a9a599e-5081-4f45-a85a-7d0c8bc8daf9	16	14956141	14960024	11	0.3523
8a9a599e-5081-4f45-a85a-7d0c8bc8daf9	16	14960331	14960501	4	-0.4417
8a9a599e-5081-4f45-a85a-7d0c8bc8daf9	16	14964501	14969833	6	0.2468
8a9a599e-5081-4f45-a85a-7d0c8bc8daf9	16	14969860	15022400	21	0.5052
8a9a599e-5081-4f45-a85a-7d0c8bc8daf9	16	15031584	16168702	550	0.1021
8a9a599e-5081-4f45-a85a-7d0c8bc8daf9	16	16169293	16169504	2	-2.1029
8a9a599e-5081-4f45-a85a-7d0c8bc8daf9	16	16169856	16666829	69	0.0836
8a9a599e-5081-4f45-a85a-7d0c8bc8daf9	16	16692214	16743769	4	-1.3373
8a9a599e-5081-4f45-a85a-7d0c8bc8daf9	16	16761504	19933041	1676	0.054
8a9a599e-5081-4f45-a85a-7d0c8bc8daf9	16	19934328	19956040	29	-2.5033
8a9a599e-5081-4f45-a85a-7d0c8bc8daf9	16	19958932	21639468	945	0.0405
8a9a599e-5081-4f45-a85a-7d0c8bc8daf9	16	21642308	21703530	43	0.3209
8a9a599e-5081-4f45-a85a-7d0c8bc8daf9	16	21703635	22576696	297	0.0683
8a9a599e-5081-4f45-a85a-7d0c8bc8daf9	16	22576729	22699421	65	-0.1887
8a9a599e-5081-4f45-a85a-7d0c8bc8daf9	16	22701658	55762682	12092	0.0289
8a9a599e-5081-4f45-a85a-7d0c8bc8daf9	16	55764310	55775312	9	1.2925
8a9a599e-5081-4f45-a85a-7d0c8bc8daf9	16	55775554	55788532	9	0.499
8a9a599e-5081-4f45-a85a-7d0c8bc8daf9	16	55808442	78337711	14284	0.0107
8a9a599e-5081-4f45-a85a-7d0c8bc8daf9	16	78338543	78349243	15	-2.2629
8a9a599e-5081-4f45-a85a-7d0c8bc8daf9	16	78350841	83760390	6118	0.0184
8a9a599e-5081-4f45-a85a-7d0c8bc8daf9	16	83760392	83760401	2	-1.8561
8a9a599e-5081-4f45-a85a-7d0c8bc8daf9	16	83760419	84395886	569	0.0368
8a9a599e-5081-4f45-a85a-7d0c8bc8daf9	16	84397769	84510878	103	0.597
8a9a599e-5081-4f45-a85a-7d0c8bc8daf9	16	84511002	90096867	3822	0.0365
8a9a599e-5081-4f45-a85a-7d0c8bc8daf9	17	150733	8167470	4442	0.0499
8a9a599e-5081-4f45-a85a-7d0c8bc8daf9	17	8168628	14053350	4333	0.0059
8a9a599e-5081-4f45-a85a-7d0c8bc8daf9	17	14053456	16508073	1592	0.0397
8a9a599e-5081-4f45-a85a-7d0c8bc8daf9	17	16509028	16511473	6	-0.9466
8a9a599e-5081-4f45-a85a-7d0c8bc8daf9	17	16511542	18452078	1018	0.0148
8a9a599e-5081-4f45-a85a-7d0c8bc8daf9	17	18455632	18561907	26	0.6103
8a9a599e-5081-4f45-a85a-7d0c8bc8daf9	17	18565883	46127007	11948	0.0441
8a9a599e-5081-4f45-a85a-7d0c8bc8daf9	17	46130778	46286804	94	-0.1736
8a9a599e-5081-4f45-a85a-7d0c8bc8daf9	17	46323701	83091923	21569	0.0387
8a9a599e-5081-4f45-a85a-7d0c8bc8daf9	18	48133	66060309	40304	0.0255
8a9a599e-5081-4f45-a85a-7d0c8bc8daf9	18	66060363	66061104	10	-2.0914
8a9a599e-5081-4f45-a85a-7d0c8bc8daf9	18	66065502	80257174	10426	0.0395
8a9a599e-5081-4f45-a85a-7d0c8bc8daf9	19	90910	276245	19	0.2157
8a9a599e-5081-4f45-a85a-7d0c8bc8daf9	19	277378	20563384	8986	0.0363
8a9a599e-5081-4f45-a85a-7d0c8bc8daf9	19	20576271	20577052	2	-1.4186
8a9a599e-5081-4f45-a85a-7d0c8bc8daf9	19	20582324	22814505	1267	0.0683
8a9a599e-5081-4f45-a85a-7d0c8bc8daf9	19	22820936	35094199	6214	0.0236
8a9a599e-5081-4f45-a85a-7d0c8bc8daf9	19	35099016	35358269	213	0.076
8a9a599e-5081-4f45-a85a-7d0c8bc8daf9	19	35358285	35370747	22	0.4223
8a9a599e-5081-4f45-a85a-7d0c8bc8daf9	19	35370767	43193181	3868	0.0544
8a9a599e-5081-4f45-a85a-7d0c8bc8daf9	19	43198881	43252085	22	-0.5394
8a9a599e-5081-4f45-a85a-7d0c8bc8daf9	19	43262507	48028055	2389	0.0349
8a9a599e-5081-4f45-a85a-7d0c8bc8daf9	19	48028073	48028075	2	-1.7636
8a9a599e-5081-4f45-a85a-7d0c8bc8daf9	19	48028119	50757794	1171	0.0409
8a9a599e-5081-4f45-a85a-7d0c8bc8daf9	19	50761636	58586487	4932	0.0817
8a9a599e-5081-4f45-a85a-7d0c8bc8daf9	20	80664	1580353	1203	0.0538
8a9a599e-5081-4f45-a85a-7d0c8bc8daf9	20	1580934	1601561	36	-0.2278
8a9a599e-5081-4f45-a85a-7d0c8bc8daf9	20	1609611	1613247	5	-1.2539
8a9a599e-5081-4f45-a85a-7d0c8bc8daf9	20	1617300	64324800	41126	0.0197
8a9a599e-5081-4f45-a85a-7d0c8bc8daf9	21	10354168	10404522	8	0.0685
8a9a599e-5081-4f45-a85a-7d0c8bc8daf9	21	10420775	13092058	93	-0.2484
8a9a599e-5081-4f45-a85a-7d0c8bc8daf9	21	13095038	19070335	3793	0.013
8a9a599e-5081-4f45-a85a-7d0c8bc8daf9	21	19075967	19075997	2	-1.4924
8a9a599e-5081-4f45-a85a-7d0c8bc8daf9	21	19076146	38669145	14516	0.0194
8a9a599e-5081-4f45-a85a-7d0c8bc8daf9	21	38669371	38673682	4	-1.0643
8a9a599e-5081-4f45-a85a-7d0c8bc8daf9	21	38674307	41388971	2342	0.0287
8a9a599e-5081-4f45-a85a-7d0c8bc8daf9	21	41391303	41402768	14	-1.1565
8a9a599e-5081-4f45-a85a-7d0c8bc8daf9	21	41404219	46677045	3094	0.0428
8a9a599e-5081-4f45-a85a-7d0c8bc8daf9	22	15294547	15315221	2	1.587
8a9a599e-5081-4f45-a85a-7d0c8bc8daf9	22	15324751	18996043	1167	0.015
8a9a599e-5081-4f45-a85a-7d0c8bc8daf9	22	18996701	23649233	3028	0.0818
8a9a599e-5081-4f45-a85a-7d0c8bc8daf9	22	23649955	23940911	183	0.0108
8a9a599e-5081-4f45-a85a-7d0c8bc8daf9	22	23942595	23959448	7	-0.9631
8a9a599e-5081-4f45-a85a-7d0c8bc8daf9	22	23971476	48681058	17483	0.0351
8a9a599e-5081-4f45-a85a-7d0c8bc8daf9	22	48681330	48682570	2	-1.3352
8a9a599e-5081-4f45-a85a-7d0c8bc8daf9	22	48685333	50796027	1395	0.0674
8a9a599e-5081-4f45-a85a-7d0c8bc8daf9	X	251810	2748312	94	0.572
8a9a599e-5081-4f45-a85a-7d0c8bc8daf9	X	2785350	42824829	25867	-0.0193
8a9a599e-5081-4f45-a85a-7d0c8bc8daf9	X	42825509	42825692	2	-3.092
8a9a599e-5081-4f45-a85a-7d0c8bc8daf9	X	42826261	56891005	6425	0.0341
8a9a599e-5081-4f45-a85a-7d0c8bc8daf9	X	56896507	63340943	845	0.1411
8a9a599e-5081-4f45-a85a-7d0c8bc8daf9	X	63344243	68061626	2088	0.0511
8a9a599e-5081-4f45-a85a-7d0c8bc8daf9	X	68061821	68062114	2	-3.9986
8a9a599e-5081-4f45-a85a-7d0c8bc8daf9	X	68062871	75965734	3474	0.024
8a9a599e-5081-4f45-a85a-7d0c8bc8daf9	X	75966082	75969617	5	-2.8708
8a9a599e-5081-4f45-a85a-7d0c8bc8daf9	X	75969876	90391655	7514	0.027
8a9a599e-5081-4f45-a85a-7d0c8bc8daf9	X	90406200	92176004	643	0.1492
8a9a599e-5081-4f45-a85a-7d0c8bc8daf9	X	92176108	105335137	7013	0.0237
8a9a599e-5081-4f45-a85a-7d0c8bc8daf9	X	105335719	105339871	5	-3.4467
8a9a599e-5081-4f45-a85a-7d0c8bc8daf9	X	105342655	113908151	4563	0.0102
8a9a599e-5081-4f45-a85a-7d0c8bc8daf9	X	113908556	113908831	3	-3.6447
8a9a599e-5081-4f45-a85a-7d0c8bc8daf9	X	113909520	155952689	24286	-0.0088
8a9a599e-5081-4f45-a85a-7d0c8bc8daf9	Y	2782397	56872112	6635	-1.853
