Sample	Chromosome	Start	End	Num_Probes	Segment_Mean
CODON_p_TCGA_293_294_295_N_GenomeWideSNP_6_H02_1343724	1	61735	82170	9	-0.4395
CODON_p_TCGA_293_294_295_N_GenomeWideSNP_6_H02_1343724	1	82315	86341	6	-1.4761
CODON_p_TCGA_293_294_295_N_GenomeWideSNP_6_H02_1343724	1	98588	16869363	8561	-0.02
CODON_p_TCGA_293_294_295_N_GenomeWideSNP_6_H02_1343724	1	16871278	16963313	26	-0.7288
CODON_p_TCGA_293_294_295_N_GenomeWideSNP_6_H02_1343724	1	16963545	72763370	33659	-0.0266
CODON_p_TCGA_293_294_295_N_GenomeWideSNP_6_H02_1343724	1	72768418	72811133	47	-1.1098
CODON_p_TCGA_293_294_295_N_GenomeWideSNP_6_H02_1343724	1	72811148	76050844	1897	-0.0344
CODON_p_TCGA_293_294_295_N_GenomeWideSNP_6_H02_1343724	1	76054763	76054854	2	-2.1084
CODON_p_TCGA_293_294_295_N_GenomeWideSNP_6_H02_1343724	1	76059509	82315273	4134	-0.0338
CODON_p_TCGA_293_294_295_N_GenomeWideSNP_6_H02_1343724	1	82315723	82315740	2	-2.1506
CODON_p_TCGA_293_294_295_N_GenomeWideSNP_6_H02_1343724	1	82316071	106013376	14663	-0.0418
CODON_p_TCGA_293_294_295_N_GenomeWideSNP_6_H02_1343724	1	106019205	106024070	19	0.9708
CODON_p_TCGA_293_294_295_N_GenomeWideSNP_6_H02_1343724	1	106024090	110224427	2615	-0.0284
CODON_p_TCGA_293_294_295_N_GenomeWideSNP_6_H02_1343724	1	110225642	110240178	29	-0.7268
CODON_p_TCGA_293_294_295_N_GenomeWideSNP_6_H02_1343724	1	110242953	152555767	9829	-0.0303
CODON_p_TCGA_293_294_295_N_GenomeWideSNP_6_H02_1343724	1	152555795	152586238	29	0.6298
CODON_p_TCGA_293_294_295_N_GenomeWideSNP_6_H02_1343724	1	152586278	175662780	15428	-0.0068
CODON_p_TCGA_293_294_295_N_GenomeWideSNP_6_H02_1343724	1	175666677	175667116	2	-2.3611
CODON_p_TCGA_293_294_295_N_GenomeWideSNP_6_H02_1343724	1	175667199	196706677	13792	-0.0044
CODON_p_TCGA_293_294_295_N_GenomeWideSNP_6_H02_1343724	1	196706866	196790269	69	-0.4942
CODON_p_TCGA_293_294_295_N_GenomeWideSNP_6_H02_1343724	1	196790395	208569475	7467	0.0035
CODON_p_TCGA_293_294_295_N_GenomeWideSNP_6_H02_1343724	1	208571064	208574852	3	-1.8518
CODON_p_TCGA_293_294_295_N_GenomeWideSNP_6_H02_1343724	1	208575009	210081613	1185	-0.0082
CODON_p_TCGA_293_294_295_N_GenomeWideSNP_6_H02_1343724	1	210082065	210083984	2	1.8709
CODON_p_TCGA_293_294_295_N_GenomeWideSNP_6_H02_1343724	1	210086552	223644406	9190	-0.0019
CODON_p_TCGA_293_294_295_N_GenomeWideSNP_6_H02_1343724	1	223644478	223645256	2	-3.0939
CODON_p_TCGA_293_294_295_N_GenomeWideSNP_6_H02_1343724	1	223645361	242420888	13143	-0.0061
CODON_p_TCGA_293_294_295_N_GenomeWideSNP_6_H02_1343724	1	242424755	242425495	5	-1.5807
CODON_p_TCGA_293_294_295_N_GenomeWideSNP_6_H02_1343724	1	242427516	249224388	4246	-0.0102
CODON_p_TCGA_293_294_295_N_GenomeWideSNP_6_H02_1343724	2	12784	4216469	2945	-0.0721
CODON_p_TCGA_293_294_295_N_GenomeWideSNP_6_H02_1343724	2	4216905	4223512	31	-0.9102
CODON_p_TCGA_293_294_295_N_GenomeWideSNP_6_H02_1343724	2	4223567	20759651	12279	-0.0474
CODON_p_TCGA_293_294_295_N_GenomeWideSNP_6_H02_1343724	2	20760123	20762926	5	-3.1592
CODON_p_TCGA_293_294_295_N_GenomeWideSNP_6_H02_1343724	2	20763911	30551208	5711	-0.0436
CODON_p_TCGA_293_294_295_N_GenomeWideSNP_6_H02_1343724	2	30551366	30556099	4	-2.1531
CODON_p_TCGA_293_294_295_N_GenomeWideSNP_6_H02_1343724	2	30557003	34691069	2683	-0.0394
CODON_p_TCGA_293_294_295_N_GenomeWideSNP_6_H02_1343724	2	34699315	34737163	47	-1.9726
CODON_p_TCGA_293_294_295_N_GenomeWideSNP_6_H02_1343724	2	34737556	35975973	861	-0.0342
CODON_p_TCGA_293_294_295_N_GenomeWideSNP_6_H02_1343724	2	35977790	35987947	7	-1.6053
CODON_p_TCGA_293_294_295_N_GenomeWideSNP_6_H02_1343724	2	35997473	52754468	11904	-0.0336
CODON_p_TCGA_293_294_295_N_GenomeWideSNP_6_H02_1343724	2	52754480	52781542	39	0.7279
CODON_p_TCGA_293_294_295_N_GenomeWideSNP_6_H02_1343724	2	52787949	80704851	18004	-0.0394
CODON_p_TCGA_293_294_295_N_GenomeWideSNP_6_H02_1343724	2	80709740	80723590	13	-0.933
CODON_p_TCGA_293_294_295_N_GenomeWideSNP_6_H02_1343724	2	80726567	97712442	5565	-0.0422
CODON_p_TCGA_293_294_295_N_GenomeWideSNP_6_H02_1343724	2	97713135	98154265	99	0.3143
CODON_p_TCGA_293_294_295_N_GenomeWideSNP_6_H02_1343724	2	98157272	127842237	17704	-0.0444
CODON_p_TCGA_293_294_295_N_GenomeWideSNP_6_H02_1343724	2	127842324	127857763	11	-0.9961
CODON_p_TCGA_293_294_295_N_GenomeWideSNP_6_H02_1343724	2	127858646	146862085	11329	-0.0482
CODON_p_TCGA_293_294_295_N_GenomeWideSNP_6_H02_1343724	2	146864404	146866934	24	-1.7334
CODON_p_TCGA_293_294_295_N_GenomeWideSNP_6_H02_1343724	2	146877806	232823390	51854	-0.0384
CODON_p_TCGA_293_294_295_N_GenomeWideSNP_6_H02_1343724	2	232833503	232880971	23	-0.6751
CODON_p_TCGA_293_294_295_N_GenomeWideSNP_6_H02_1343724	2	232890592	233069807	92	-0.0572
CODON_p_TCGA_293_294_295_N_GenomeWideSNP_6_H02_1343724	2	233071691	234214600	632	-0.6915
CODON_p_TCGA_293_294_295_N_GenomeWideSNP_6_H02_1343724	2	234214641	234243064	21	-0.0346
CODON_p_TCGA_293_294_295_N_GenomeWideSNP_6_H02_1343724	2	234243276	234314479	45	-0.6452
CODON_p_TCGA_293_294_295_N_GenomeWideSNP_6_H02_1343724	2	234315792	243089456	5500	-0.0381
CODON_p_TCGA_293_294_295_N_GenomeWideSNP_6_H02_1343724	3	60345	53023211	35123	-0.0291
CODON_p_TCGA_293_294_295_N_GenomeWideSNP_6_H02_1343724	3	53028375	53039116	37	-1.8693
CODON_p_TCGA_293_294_295_N_GenomeWideSNP_6_H02_1343724	3	53039217	89405117	24306	-0.0389
CODON_p_TCGA_293_294_295_N_GenomeWideSNP_6_H02_1343724	3	89405754	89419380	38	-0.8733
CODON_p_TCGA_293_294_295_N_GenomeWideSNP_6_H02_1343724	3	89419381	129763698	21680	-0.05
CODON_p_TCGA_293_294_295_N_GenomeWideSNP_6_H02_1343724	3	129766586	129806236	51	-1.3885
CODON_p_TCGA_293_294_295_N_GenomeWideSNP_6_H02_1343724	3	129806924	140542539	6604	-0.0566
CODON_p_TCGA_293_294_295_N_GenomeWideSNP_6_H02_1343724	3	140545701	140546984	2	-2.8237
CODON_p_TCGA_293_294_295_N_GenomeWideSNP_6_H02_1343724	3	140560618	162530870	13348	-0.0442
CODON_p_TCGA_293_294_295_N_GenomeWideSNP_6_H02_1343724	3	162532950	162540473	6	-1.4844
CODON_p_TCGA_293_294_295_N_GenomeWideSNP_6_H02_1343724	3	162540490	162593763	28	0.5057
CODON_p_TCGA_293_294_295_N_GenomeWideSNP_6_H02_1343724	3	162597133	186034661	13973	-0.0311
CODON_p_TCGA_293_294_295_N_GenomeWideSNP_6_H02_1343724	3	186035859	186036485	2	-2.7213
CODON_p_TCGA_293_294_295_N_GenomeWideSNP_6_H02_1343724	3	186037296	192210315	4473	-0.0292
CODON_p_TCGA_293_294_295_N_GenomeWideSNP_6_H02_1343724	3	192216223	192401094	124	-0.6899
CODON_p_TCGA_293_294_295_N_GenomeWideSNP_6_H02_1343724	3	192404468	192424298	15	-0.0111
CODON_p_TCGA_293_294_295_N_GenomeWideSNP_6_H02_1343724	3	192426058	192451041	22	-0.695
CODON_p_TCGA_293_294_295_N_GenomeWideSNP_6_H02_1343724	3	192453195	197896118	2969	-0.0245
CODON_p_TCGA_293_294_295_N_GenomeWideSNP_6_H02_1343724	4	12281	36768	28	-0.5307
CODON_p_TCGA_293_294_295_N_GenomeWideSNP_6_H02_1343724	4	43043	43257	5	0.3306
CODON_p_TCGA_293_294_295_N_GenomeWideSNP_6_H02_1343724	4	43629	69713	29	-0.5185
CODON_p_TCGA_293_294_295_N_GenomeWideSNP_6_H02_1343724	4	71420	3599450	1432	-0.0309
CODON_p_TCGA_293_294_295_N_GenomeWideSNP_6_H02_1343724	4	3599869	3602184	2	-2.153
CODON_p_TCGA_293_294_295_N_GenomeWideSNP_6_H02_1343724	4	3609390	4373659	375	-0.0364
CODON_p_TCGA_293_294_295_N_GenomeWideSNP_6_H02_1343724	4	4374476	4375243	2	-2.4404
CODON_p_TCGA_293_294_295_N_GenomeWideSNP_6_H02_1343724	4	4376088	10210390	3821	-0.0552
CODON_p_TCGA_293_294_295_N_GenomeWideSNP_6_H02_1343724	4	10223416	10234608	31	-1.1634
CODON_p_TCGA_293_294_295_N_GenomeWideSNP_6_H02_1343724	4	10235007	34779054	16754	-0.0458
CODON_p_TCGA_293_294_295_N_GenomeWideSNP_6_H02_1343724	4	34786500	34821340	36	0.6851
CODON_p_TCGA_293_294_295_N_GenomeWideSNP_6_H02_1343724	4	34824183	182171084	87048	-0.0391
CODON_p_TCGA_293_294_295_N_GenomeWideSNP_6_H02_1343724	4	182174931	182248413	59	-0.9294
CODON_p_TCGA_293_294_295_N_GenomeWideSNP_6_H02_1343724	4	182249946	189221258	4834	-0.0589
CODON_p_TCGA_293_294_295_N_GenomeWideSNP_6_H02_1343724	4	189221360	189221375	2	-2.42
CODON_p_TCGA_293_294_295_N_GenomeWideSNP_6_H02_1343724	4	189221424	191027923	1162	-0.0268
CODON_p_TCGA_293_294_295_N_GenomeWideSNP_6_H02_1343724	5	15532	681302	301	-0.1188
CODON_p_TCGA_293_294_295_N_GenomeWideSNP_6_H02_1343724	5	685504	779860	32	0.5474
CODON_p_TCGA_293_294_295_N_GenomeWideSNP_6_H02_1343724	5	779881	46271108	29941	-0.0444
CODON_p_TCGA_293_294_295_N_GenomeWideSNP_6_H02_1343724	5	46271930	46273502	6	-2.09
CODON_p_TCGA_293_294_295_N_GenomeWideSNP_6_H02_1343724	5	46278212	57321646	5002	-0.0411
CODON_p_TCGA_293_294_295_N_GenomeWideSNP_6_H02_1343724	5	57326027	57332916	28	-0.8451
CODON_p_TCGA_293_294_295_N_GenomeWideSNP_6_H02_1343724	5	57332955	104587153	26983	-0.0364
CODON_p_TCGA_293_294_295_N_GenomeWideSNP_6_H02_1343724	5	104588432	104588453	2	-3.0746
CODON_p_TCGA_293_294_295_N_GenomeWideSNP_6_H02_1343724	5	104589281	179046956	47924	-0.0412
CODON_p_TCGA_293_294_295_N_GenomeWideSNP_6_H02_1343724	5	179046971	179103726	55	0.3419
CODON_p_TCGA_293_294_295_N_GenomeWideSNP_6_H02_1343724	5	179104050	179104532	5	-0.7984
CODON_p_TCGA_293_294_295_N_GenomeWideSNP_6_H02_1343724	5	179104600	179151340	22	0.3948
CODON_p_TCGA_293_294_295_N_GenomeWideSNP_6_H02_1343724	5	179151829	180790320	877	-0.0014
CODON_p_TCGA_293_294_295_N_GenomeWideSNP_6_H02_1343724	6	149661	30285121	21569	-0.035
CODON_p_TCGA_293_294_295_N_GenomeWideSNP_6_H02_1343724	6	30285405	30299245	3	-2.7401
CODON_p_TCGA_293_294_295_N_GenomeWideSNP_6_H02_1343724	6	30301600	32454523	947	-0.0586
CODON_p_TCGA_293_294_295_N_GenomeWideSNP_6_H02_1343724	6	32456742	32605576	53	0.6223
CODON_p_TCGA_293_294_295_N_GenomeWideSNP_6_H02_1343724	6	32605884	74592225	23848	-0.0309
CODON_p_TCGA_293_294_295_N_GenomeWideSNP_6_H02_1343724	6	74592457	74601410	9	-2.533
CODON_p_TCGA_293_294_295_N_GenomeWideSNP_6_H02_1343724	6	74603555	171051005	61583	-0.0397
CODON_p_TCGA_293_294_295_N_GenomeWideSNP_6_H02_1343724	7	43355	5911291	3020	0.4111
CODON_p_TCGA_293_294_295_N_GenomeWideSNP_6_H02_1343724	7	5912885	6031941	28	-0.1991
CODON_p_TCGA_293_294_295_N_GenomeWideSNP_6_H02_1343724	7	6038725	15019394	6890	0.3942
CODON_p_TCGA_293_294_295_N_GenomeWideSNP_6_H02_1343724	7	15020655	15021274	3	2.1928
CODON_p_TCGA_293_294_295_N_GenomeWideSNP_6_H02_1343724	7	15025332	16530716	1213	1.2546
CODON_p_TCGA_293_294_295_N_GenomeWideSNP_6_H02_1343724	7	16531285	17508208	762	0.7864
CODON_p_TCGA_293_294_295_N_GenomeWideSNP_6_H02_1343724	7	17508294	17816060	290	1.8219
CODON_p_TCGA_293_294_295_N_GenomeWideSNP_6_H02_1343724	7	17816836	17837258	16	2.5717
CODON_p_TCGA_293_294_295_N_GenomeWideSNP_6_H02_1343724	7	17838851	17867557	18	2.1297
CODON_p_TCGA_293_294_295_N_GenomeWideSNP_6_H02_1343724	7	17869292	17888651	12	0.7582
CODON_p_TCGA_293_294_295_N_GenomeWideSNP_6_H02_1343724	7	17889993	17932057	32	1.969
CODON_p_TCGA_293_294_295_N_GenomeWideSNP_6_H02_1343724	7	17938491	17972511	24	0.7437
CODON_p_TCGA_293_294_295_N_GenomeWideSNP_6_H02_1343724	7	17978115	18443911	314	1.8941
CODON_p_TCGA_293_294_295_N_GenomeWideSNP_6_H02_1343724	7	18449789	18478701	16	3.1844
CODON_p_TCGA_293_294_295_N_GenomeWideSNP_6_H02_1343724	7	18478869	18778494	215	2.4322
CODON_p_TCGA_293_294_295_N_GenomeWideSNP_6_H02_1343724	7	18780400	18890021	126	2.8622
CODON_p_TCGA_293_294_295_N_GenomeWideSNP_6_H02_1343724	7	18892292	19170821	391	1.8683
CODON_p_TCGA_293_294_295_N_GenomeWideSNP_6_H02_1343724	7	19173983	19179508	17	0.509
CODON_p_TCGA_293_294_295_N_GenomeWideSNP_6_H02_1343724	7	19180686	19259289	112	2.3623
CODON_p_TCGA_293_294_295_N_GenomeWideSNP_6_H02_1343724	7	19263332	19274183	4	-0.0973
CODON_p_TCGA_293_294_295_N_GenomeWideSNP_6_H02_1343724	7	19275771	19521211	223	2.2318
CODON_p_TCGA_293_294_295_N_GenomeWideSNP_6_H02_1343724	7	19526947	19889738	257	0.7321
CODON_p_TCGA_293_294_295_N_GenomeWideSNP_6_H02_1343724	7	19899038	19934365	21	1.2084
CODON_p_TCGA_293_294_295_N_GenomeWideSNP_6_H02_1343724	7	19935067	19958855	12	0.3937
CODON_p_TCGA_293_294_295_N_GenomeWideSNP_6_H02_1343724	7	19958932	20784134	589	1.0669
CODON_p_TCGA_293_294_295_N_GenomeWideSNP_6_H02_1343724	7	20784538	20803668	27	0.6624
CODON_p_TCGA_293_294_295_N_GenomeWideSNP_6_H02_1343724	7	20807544	20867876	36	2.7142
CODON_p_TCGA_293_294_295_N_GenomeWideSNP_6_H02_1343724	7	20872203	21115223	166	1.8868
CODON_p_TCGA_293_294_295_N_GenomeWideSNP_6_H02_1343724	7	21115660	21230382	108	2.3906
CODON_p_TCGA_293_294_295_N_GenomeWideSNP_6_H02_1343724	7	21231450	22434780	961	1.0969
CODON_p_TCGA_293_294_295_N_GenomeWideSNP_6_H02_1343724	7	22435472	22436487	2	2.6615
CODON_p_TCGA_293_294_295_N_GenomeWideSNP_6_H02_1343724	7	22438754	23949512	1005	1.1851
CODON_p_TCGA_293_294_295_N_GenomeWideSNP_6_H02_1343724	7	23949539	24327920	355	1.8382
CODON_p_TCGA_293_294_295_N_GenomeWideSNP_6_H02_1343724	7	24329133	24341654	17	2.6248
CODON_p_TCGA_293_294_295_N_GenomeWideSNP_6_H02_1343724	7	24344323	24377125	61	1.7415
CODON_p_TCGA_293_294_295_N_GenomeWideSNP_6_H02_1343724	7	24377991	25105932	517	2.1886
CODON_p_TCGA_293_294_295_N_GenomeWideSNP_6_H02_1343724	7	25106182	25371700	212	1.1044
CODON_p_TCGA_293_294_295_N_GenomeWideSNP_6_H02_1343724	7	25374534	25378863	9	2.0663
CODON_p_TCGA_293_294_295_N_GenomeWideSNP_6_H02_1343724	7	25383052	25582362	169	1.0476
CODON_p_TCGA_293_294_295_N_GenomeWideSNP_6_H02_1343724	7	25585623	25728704	127	1.9138
CODON_p_TCGA_293_294_295_N_GenomeWideSNP_6_H02_1343724	7	25732025	26222452	308	2.661
CODON_p_TCGA_293_294_295_N_GenomeWideSNP_6_H02_1343724	7	26227777	26387544	76	2.0689
CODON_p_TCGA_293_294_295_N_GenomeWideSNP_6_H02_1343724	7	26388422	26388888	3	0.3955
CODON_p_TCGA_293_294_295_N_GenomeWideSNP_6_H02_1343724	7	26389139	26752781	322	2.0036
CODON_p_TCGA_293_294_295_N_GenomeWideSNP_6_H02_1343724	7	26756935	26819275	42	2.4855
CODON_p_TCGA_293_294_295_N_GenomeWideSNP_6_H02_1343724	7	26819465	27151188	161	2.1079
CODON_p_TCGA_293_294_295_N_GenomeWideSNP_6_H02_1343724	7	27152184	27355114	97	2.469
CODON_p_TCGA_293_294_295_N_GenomeWideSNP_6_H02_1343724	7	27356185	27560990	179	2.8967
CODON_p_TCGA_293_294_295_N_GenomeWideSNP_6_H02_1343724	7	27561256	27796710	134	3.2982
CODON_p_TCGA_293_294_295_N_GenomeWideSNP_6_H02_1343724	7	27796740	27834859	19	4.209
CODON_p_TCGA_293_294_295_N_GenomeWideSNP_6_H02_1343724	7	27844038	27972634	107	3.2841
CODON_p_TCGA_293_294_295_N_GenomeWideSNP_6_H02_1343724	7	27973270	29924686	1570	2.6776
CODON_p_TCGA_293_294_295_N_GenomeWideSNP_6_H02_1343724	7	29924715	30237609	200	3.0169
CODON_p_TCGA_293_294_295_N_GenomeWideSNP_6_H02_1343724	7	30238400	31779704	1048	2.3688
CODON_p_TCGA_293_294_295_N_GenomeWideSNP_6_H02_1343724	7	31779936	32086047	252	1.8362
CODON_p_TCGA_293_294_295_N_GenomeWideSNP_6_H02_1343724	7	32088928	32152532	43	2.4187
CODON_p_TCGA_293_294_295_N_GenomeWideSNP_6_H02_1343724	7	32163088	32238115	51	1.6598
CODON_p_TCGA_293_294_295_N_GenomeWideSNP_6_H02_1343724	7	32240959	32810095	405	2.0587
CODON_p_TCGA_293_294_295_N_GenomeWideSNP_6_H02_1343724	7	32814311	33235358	204	0.9015
CODON_p_TCGA_293_294_295_N_GenomeWideSNP_6_H02_1343724	7	33235512	33328156	59	1.8677
CODON_p_TCGA_293_294_295_N_GenomeWideSNP_6_H02_1343724	7	33332770	33568567	141	0.8397
CODON_p_TCGA_293_294_295_N_GenomeWideSNP_6_H02_1343724	7	33569954	33598427	12	1.257
CODON_p_TCGA_293_294_295_N_GenomeWideSNP_6_H02_1343724	7	33598621	33958479	285	2.4432
CODON_p_TCGA_293_294_295_N_GenomeWideSNP_6_H02_1343724	7	33966191	34106286	85	2.9855
CODON_p_TCGA_293_294_295_N_GenomeWideSNP_6_H02_1343724	7	34110094	34215613	93	2.3008
CODON_p_TCGA_293_294_295_N_GenomeWideSNP_6_H02_1343724	7	34216106	34379074	108	1.5964
CODON_p_TCGA_293_294_295_N_GenomeWideSNP_6_H02_1343724	7	34379666	34388338	8	2.305
CODON_p_TCGA_293_294_295_N_GenomeWideSNP_6_H02_1343724	7	34389537	34452672	38	3.1144
CODON_p_TCGA_293_294_295_N_GenomeWideSNP_6_H02_1343724	7	34459421	34747992	187	2.3486
CODON_p_TCGA_293_294_295_N_GenomeWideSNP_6_H02_1343724	7	34752547	34932607	104	1.5459
CODON_p_TCGA_293_294_295_N_GenomeWideSNP_6_H02_1343724	7	34933882	35039514	53	2.2561
CODON_p_TCGA_293_294_295_N_GenomeWideSNP_6_H02_1343724	7	35039970	35370145	135	2.7231
CODON_p_TCGA_293_294_295_N_GenomeWideSNP_6_H02_1343724	7	35374178	35404696	24	1.5871
CODON_p_TCGA_293_294_295_N_GenomeWideSNP_6_H02_1343724	7	35405728	35418000	9	2.8868
CODON_p_TCGA_293_294_295_N_GenomeWideSNP_6_H02_1343724	7	35418632	35533523	121	1.5864
CODON_p_TCGA_293_294_295_N_GenomeWideSNP_6_H02_1343724	7	35533597	35536541	8	2.3159
CODON_p_TCGA_293_294_295_N_GenomeWideSNP_6_H02_1343724	7	35536636	35615667	82	1.6315
CODON_p_TCGA_293_294_295_N_GenomeWideSNP_6_H02_1343724	7	35616053	35688911	66	0.8118
CODON_p_TCGA_293_294_295_N_GenomeWideSNP_6_H02_1343724	7	35691093	35788602	55	1.8685
CODON_p_TCGA_293_294_295_N_GenomeWideSNP_6_H02_1343724	7	35796377	36085817	155	0.9392
CODON_p_TCGA_293_294_295_N_GenomeWideSNP_6_H02_1343724	7	36090317	36161357	77	1.9545
CODON_p_TCGA_293_294_295_N_GenomeWideSNP_6_H02_1343724	7	36165352	36359596	175	0.8751
CODON_p_TCGA_293_294_295_N_GenomeWideSNP_6_H02_1343724	7	36360196	36426696	41	1.753
CODON_p_TCGA_293_294_295_N_GenomeWideSNP_6_H02_1343724	7	36431951	36479603	33	0.796
CODON_p_TCGA_293_294_295_N_GenomeWideSNP_6_H02_1343724	7	36480847	39910206	2539	0.3619
CODON_p_TCGA_293_294_295_N_GenomeWideSNP_6_H02_1343724	7	39913003	39913272	2	2.1876
CODON_p_TCGA_293_294_295_N_GenomeWideSNP_6_H02_1343724	7	39913409	40077032	79	0.3701
CODON_p_TCGA_293_294_295_N_GenomeWideSNP_6_H02_1343724	7	40077193	44861601	2960	0.8603
CODON_p_TCGA_293_294_295_N_GenomeWideSNP_6_H02_1343724	7	44862570	48083021	2281	1.4555
CODON_p_TCGA_293_294_295_N_GenomeWideSNP_6_H02_1343724	7	48085132	48122072	26	1.8623
CODON_p_TCGA_293_294_295_N_GenomeWideSNP_6_H02_1343724	7	48122193	48244414	42	1.3661
CODON_p_TCGA_293_294_295_N_GenomeWideSNP_6_H02_1343724	7	48245083	48824531	390	2.41
CODON_p_TCGA_293_294_295_N_GenomeWideSNP_6_H02_1343724	7	48825062	49086257	200	1.8755
CODON_p_TCGA_293_294_295_N_GenomeWideSNP_6_H02_1343724	7	49087711	49119538	22	1.2348
CODON_p_TCGA_293_294_295_N_GenomeWideSNP_6_H02_1343724	7	49120144	49934382	578	1.7937
CODON_p_TCGA_293_294_295_N_GenomeWideSNP_6_H02_1343724	7	49941705	50033074	50	2.423
CODON_p_TCGA_293_294_295_N_GenomeWideSNP_6_H02_1343724	7	50034270	50071618	19	1.7348
CODON_p_TCGA_293_294_295_N_GenomeWideSNP_6_H02_1343724	7	50078299	50086605	3	0.7865
CODON_p_TCGA_293_294_295_N_GenomeWideSNP_6_H02_1343724	7	50087159	50411774	196	1.8345
CODON_p_TCGA_293_294_295_N_GenomeWideSNP_6_H02_1343724	7	50413724	50863651	413	1.2371
CODON_p_TCGA_293_294_295_N_GenomeWideSNP_6_H02_1343724	7	50871351	51169801	231	2.4694
CODON_p_TCGA_293_294_295_N_GenomeWideSNP_6_H02_1343724	7	51170012	51705324	346	2.1081
CODON_p_TCGA_293_294_295_N_GenomeWideSNP_6_H02_1343724	7	51705634	51875417	135	0.8743
CODON_p_TCGA_293_294_295_N_GenomeWideSNP_6_H02_1343724	7	51878190	51999574	112	2.1553
CODON_p_TCGA_293_294_295_N_GenomeWideSNP_6_H02_1343724	7	52007764	52658760	516	1.3106
CODON_p_TCGA_293_294_295_N_GenomeWideSNP_6_H02_1343724	7	52659177	52769599	84	1.7567
CODON_p_TCGA_293_294_295_N_GenomeWideSNP_6_H02_1343724	7	52769752	52775956	6	2.4231
CODON_p_TCGA_293_294_295_N_GenomeWideSNP_6_H02_1343724	7	52781473	52790635	6	1.1664
CODON_p_TCGA_293_294_295_N_GenomeWideSNP_6_H02_1343724	7	52791177	53218912	313	2.5664
CODON_p_TCGA_293_294_295_N_GenomeWideSNP_6_H02_1343724	7	53222388	53256158	37	1.914
CODON_p_TCGA_293_294_295_N_GenomeWideSNP_6_H02_1343724	7	53260221	53316829	55	1.4819
CODON_p_TCGA_293_294_295_N_GenomeWideSNP_6_H02_1343724	7	53318387	53446981	92	1.9218
CODON_p_TCGA_293_294_295_N_GenomeWideSNP_6_H02_1343724	7	53447257	53754135	205	2.4137
CODON_p_TCGA_293_294_295_N_GenomeWideSNP_6_H02_1343724	7	53754497	54380373	452	3.2238
CODON_p_TCGA_293_294_295_N_GenomeWideSNP_6_H02_1343724	7	54386505	54386517	6	-1.3258
CODON_p_TCGA_293_294_295_N_GenomeWideSNP_6_H02_1343724	7	54393488	54418837	26	2.9025
CODON_p_TCGA_293_294_295_N_GenomeWideSNP_6_H02_1343724	7	54419021	54677957	171	3.4411
CODON_p_TCGA_293_294_295_N_GenomeWideSNP_6_H02_1343724	7	54678344	54935343	210	2.9875
CODON_p_TCGA_293_294_295_N_GenomeWideSNP_6_H02_1343724	7	54939080	55175275	272	3.5105
CODON_p_TCGA_293_294_295_N_GenomeWideSNP_6_H02_1343724	7	55175876	56105091	578	3.1363
CODON_p_TCGA_293_294_295_N_GenomeWideSNP_6_H02_1343724	7	56105763	56253638	61	2.6491
CODON_p_TCGA_293_294_295_N_GenomeWideSNP_6_H02_1343724	7	56255912	57480876	513	0.5973
CODON_p_TCGA_293_294_295_N_GenomeWideSNP_6_H02_1343724	7	57480907	57480970	2	3.7956
CODON_p_TCGA_293_294_295_N_GenomeWideSNP_6_H02_1343724	7	57481104	57577416	93	0.8409
CODON_p_TCGA_293_294_295_N_GenomeWideSNP_6_H02_1343724	7	57581242	58019983	141	1.7052
CODON_p_TCGA_293_294_295_N_GenomeWideSNP_6_H02_1343724	7	61063974	62077301	77	0.5859
CODON_p_TCGA_293_294_295_N_GenomeWideSNP_6_H02_1343724	7	62077305	62123747	27	1.4021
CODON_p_TCGA_293_294_295_N_GenomeWideSNP_6_H02_1343724	7	62124074	62156731	10	0.3992
CODON_p_TCGA_293_294_295_N_GenomeWideSNP_6_H02_1343724	7	62156733	62720216	205	1.2488
CODON_p_TCGA_293_294_295_N_GenomeWideSNP_6_H02_1343724	7	62720986	63328811	93	0.4956
CODON_p_TCGA_293_294_295_N_GenomeWideSNP_6_H02_1343724	7	63332907	64193662	462	2.8117
CODON_p_TCGA_293_294_295_N_GenomeWideSNP_6_H02_1343724	7	64193767	64595698	179	2.2032
CODON_p_TCGA_293_294_295_N_GenomeWideSNP_6_H02_1343724	7	64637128	64797790	85	1.4121
CODON_p_TCGA_293_294_295_N_GenomeWideSNP_6_H02_1343724	7	64803525	64960457	91	1.1286
CODON_p_TCGA_293_294_295_N_GenomeWideSNP_6_H02_1343724	7	64963651	65261298	83	0.5931
CODON_p_TCGA_293_294_295_N_GenomeWideSNP_6_H02_1343724	7	65264524	65283868	10	2.5481
CODON_p_TCGA_293_294_295_N_GenomeWideSNP_6_H02_1343724	7	65292958	65441068	59	0.6263
CODON_p_TCGA_293_294_295_N_GenomeWideSNP_6_H02_1343724	7	65445667	67307776	834	1.8102
CODON_p_TCGA_293_294_295_N_GenomeWideSNP_6_H02_1343724	7	67307955	67451845	93	1.3318
CODON_p_TCGA_293_294_295_N_GenomeWideSNP_6_H02_1343724	7	67454472	67777088	218	1.9391
CODON_p_TCGA_293_294_295_N_GenomeWideSNP_6_H02_1343724	7	67780742	68644600	613	1.3393
CODON_p_TCGA_293_294_295_N_GenomeWideSNP_6_H02_1343724	7	68645312	68738072	48	2.4831
CODON_p_TCGA_293_294_295_N_GenomeWideSNP_6_H02_1343724	7	68739174	68944836	126	1.3617
CODON_p_TCGA_293_294_295_N_GenomeWideSNP_6_H02_1343724	7	68949957	69037021	37	2.01
CODON_p_TCGA_293_294_295_N_GenomeWideSNP_6_H02_1343724	7	69038651	69625871	314	2.9538
CODON_p_TCGA_293_294_295_N_GenomeWideSNP_6_H02_1343724	7	69628435	69662019	16	1.854
CODON_p_TCGA_293_294_295_N_GenomeWideSNP_6_H02_1343724	7	69672693	69783429	56	2.6561
CODON_p_TCGA_293_294_295_N_GenomeWideSNP_6_H02_1343724	7	69785604	69850057	37	1.981
CODON_p_TCGA_293_294_295_N_GenomeWideSNP_6_H02_1343724	7	69854784	70012012	101	1.4297
CODON_p_TCGA_293_294_295_N_GenomeWideSNP_6_H02_1343724	7	70012913	70361637	260	2.011
CODON_p_TCGA_293_294_295_N_GenomeWideSNP_6_H02_1343724	7	70362591	71637229	846	1.4428
CODON_p_TCGA_293_294_295_N_GenomeWideSNP_6_H02_1343724	7	71643055	71665540	20	2.5713
CODON_p_TCGA_293_294_295_N_GenomeWideSNP_6_H02_1343724	7	71670019	75058217	912	1.1063
CODON_p_TCGA_293_294_295_N_GenomeWideSNP_6_H02_1343724	7	75061016	77489402	1121	0.2198
CODON_p_TCGA_293_294_295_N_GenomeWideSNP_6_H02_1343724	7	77496555	77576102	41	1.0357
CODON_p_TCGA_293_294_295_N_GenomeWideSNP_6_H02_1343724	7	77582265	101626768	14599	0.3723
CODON_p_TCGA_293_294_295_N_GenomeWideSNP_6_H02_1343724	7	101632370	109080408	4507	-0.046
CODON_p_TCGA_293_294_295_N_GenomeWideSNP_6_H02_1343724	7	109095828	126045686	10184	0.3745
CODON_p_TCGA_293_294_295_N_GenomeWideSNP_6_H02_1343724	7	126045744	126046615	8	-1.4808
CODON_p_TCGA_293_294_295_N_GenomeWideSNP_6_H02_1343724	7	126046876	133785177	4649	0.3793
CODON_p_TCGA_293_294_295_N_GenomeWideSNP_6_H02_1343724	7	133785195	133798109	31	-1.265
CODON_p_TCGA_293_294_295_N_GenomeWideSNP_6_H02_1343724	7	133798543	141028746	4675	0.3829
CODON_p_TCGA_293_294_295_N_GenomeWideSNP_6_H02_1343724	7	141030390	141030804	2	-1.6622
CODON_p_TCGA_293_294_295_N_GenomeWideSNP_6_H02_1343724	7	141031540	141770260	448	0.384
CODON_p_TCGA_293_294_295_N_GenomeWideSNP_6_H02_1343724	7	141770369	141770627	4	-1.2951
CODON_p_TCGA_293_294_295_N_GenomeWideSNP_6_H02_1343724	7	141770922	142474939	476	0.4418
CODON_p_TCGA_293_294_295_N_GenomeWideSNP_6_H02_1343724	7	142476719	142486045	27	1.1664
CODON_p_TCGA_293_294_295_N_GenomeWideSNP_6_H02_1343724	7	142486115	143873952	829	0.3798
CODON_p_TCGA_293_294_295_N_GenomeWideSNP_6_H02_1343724	7	143896252	144066947	44	1.5249
CODON_p_TCGA_293_294_295_N_GenomeWideSNP_6_H02_1343724	7	144074929	159127004	9564	0.3826
CODON_p_TCGA_293_294_295_N_GenomeWideSNP_6_H02_1343724	8	31254	594973	324	-0.0716
CODON_p_TCGA_293_294_295_N_GenomeWideSNP_6_H02_1343724	8	595220	595875	6	0.9449
CODON_p_TCGA_293_294_295_N_GenomeWideSNP_6_H02_1343724	8	595892	595908	2	4.8983
CODON_p_TCGA_293_294_295_N_GenomeWideSNP_6_H02_1343724	8	601043	4003305	3397	-0.0382
CODON_p_TCGA_293_294_295_N_GenomeWideSNP_6_H02_1343724	8	4003463	4003478	2	-3.465
CODON_p_TCGA_293_294_295_N_GenomeWideSNP_6_H02_1343724	8	4003561	7254341	3984	-0.0188
CODON_p_TCGA_293_294_295_N_GenomeWideSNP_6_H02_1343724	8	7255048	7978171	191	-0.5454
CODON_p_TCGA_293_294_295_N_GenomeWideSNP_6_H02_1343724	8	7978187	12001123	3182	-0.0329
CODON_p_TCGA_293_294_295_N_GenomeWideSNP_6_H02_1343724	8	12034307	12358181	82	-0.5025
CODON_p_TCGA_293_294_295_N_GenomeWideSNP_6_H02_1343724	8	12361900	20184339	6937	-0.0395
CODON_p_TCGA_293_294_295_N_GenomeWideSNP_6_H02_1343724	8	20184824	20185310	3	-2.0291
CODON_p_TCGA_293_294_295_N_GenomeWideSNP_6_H02_1343724	8	20186202	24976202	3326	-0.0467
CODON_p_TCGA_293_294_295_N_GenomeWideSNP_6_H02_1343724	8	24976536	24984333	20	-0.7453
CODON_p_TCGA_293_294_295_N_GenomeWideSNP_6_H02_1343724	8	24991104	32683098	5329	-0.0408
CODON_p_TCGA_293_294_295_N_GenomeWideSNP_6_H02_1343724	8	32683965	32688413	7	-1.137
CODON_p_TCGA_293_294_295_N_GenomeWideSNP_6_H02_1343724	8	32692106	58117486	12665	-0.0508
CODON_p_TCGA_293_294_295_N_GenomeWideSNP_6_H02_1343724	8	58118052	58130025	3	-2.3752
CODON_p_TCGA_293_294_295_N_GenomeWideSNP_6_H02_1343724	8	58132798	72215311	8575	-0.0507
CODON_p_TCGA_293_294_295_N_GenomeWideSNP_6_H02_1343724	8	72215364	72216599	8	-2.8299
CODON_p_TCGA_293_294_295_N_GenomeWideSNP_6_H02_1343724	8	72219863	143137678	45180	-0.0497
CODON_p_TCGA_293_294_295_N_GenomeWideSNP_6_H02_1343724	8	143138709	143141969	3	-2.5501
CODON_p_TCGA_293_294_295_N_GenomeWideSNP_6_H02_1343724	8	143145505	146298155	1104	-0.0606
CODON_p_TCGA_293_294_295_N_GenomeWideSNP_6_H02_1343724	9	46587	44214745	30777	-0.2215
CODON_p_TCGA_293_294_295_N_GenomeWideSNP_6_H02_1343724	9	44218282	44273241	19	-0.6747
CODON_p_TCGA_293_294_295_N_GenomeWideSNP_6_H02_1343724	9	44385979	44727859	9	-0.1998
CODON_p_TCGA_293_294_295_N_GenomeWideSNP_6_H02_1343724	9	44729751	44855737	35	-1.6267
CODON_p_TCGA_293_294_295_N_GenomeWideSNP_6_H02_1343724	9	44866028	141091394	47451	-0.1713
CODON_p_TCGA_293_294_295_N_GenomeWideSNP_6_H02_1343724	10	72759	6209274	5034	-0.7121
CODON_p_TCGA_293_294_295_N_GenomeWideSNP_6_H02_1343724	10	6210312	6211708	4	-5.1857
CODON_p_TCGA_293_294_295_N_GenomeWideSNP_6_H02_1343724	10	6211878	14225269	6573	-0.6896
CODON_p_TCGA_293_294_295_N_GenomeWideSNP_6_H02_1343724	10	14226873	14227649	6	-3.2226
CODON_p_TCGA_293_294_295_N_GenomeWideSNP_6_H02_1343724	10	14227718	44375635	17739	-0.6736
CODON_p_TCGA_293_294_295_N_GenomeWideSNP_6_H02_1343724	10	44375680	44375925	4	-5.1939
CODON_p_TCGA_293_294_295_N_GenomeWideSNP_6_H02_1343724	10	44376205	61815712	10496	-0.6779
CODON_p_TCGA_293_294_295_N_GenomeWideSNP_6_H02_1343724	10	61820489	61820514	2	-6.6349
CODON_p_TCGA_293_294_295_N_GenomeWideSNP_6_H02_1343724	10	61820551	91575732	19423	-0.6765
CODON_p_TCGA_293_294_295_N_GenomeWideSNP_6_H02_1343724	10	91575784	91576181	4	-4.0428
CODON_p_TCGA_293_294_295_N_GenomeWideSNP_6_H02_1343724	10	91576975	124344109	21304	-0.678
CODON_p_TCGA_293_294_295_N_GenomeWideSNP_6_H02_1343724	10	124344223	124346914	3	-4.1325
CODON_p_TCGA_293_294_295_N_GenomeWideSNP_6_H02_1343724	10	124346978	131583538	5216	-0.7209
CODON_p_TCGA_293_294_295_N_GenomeWideSNP_6_H02_1343724	10	131583553	131584161	2	-3.7276
CODON_p_TCGA_293_294_295_N_GenomeWideSNP_6_H02_1343724	10	131585151	131922813	216	-0.7605
CODON_p_TCGA_293_294_295_N_GenomeWideSNP_6_H02_1343724	10	131924058	131924179	2	-4.065
CODON_p_TCGA_293_294_295_N_GenomeWideSNP_6_H02_1343724	10	131924995	135506704	2205	-0.7549
CODON_p_TCGA_293_294_295_N_GenomeWideSNP_6_H02_1343724	11	198510	4967396	2431	-0.0326
CODON_p_TCGA_293_294_295_N_GenomeWideSNP_6_H02_1343724	11	4967650	4976614	39	0.7274
CODON_p_TCGA_293_294_295_N_GenomeWideSNP_6_H02_1343724	11	4976814	5520975	525	-0.0458
CODON_p_TCGA_293_294_295_N_GenomeWideSNP_6_H02_1343724	11	5522151	5522564	6	-1.7543
CODON_p_TCGA_293_294_295_N_GenomeWideSNP_6_H02_1343724	11	5523593	5788092	235	-0.0883
CODON_p_TCGA_293_294_295_N_GenomeWideSNP_6_H02_1343724	11	5789601	5809139	30	-2.7374
CODON_p_TCGA_293_294_295_N_GenomeWideSNP_6_H02_1343724	11	5809338	37755032	22907	-0.0409
CODON_p_TCGA_293_294_295_N_GenomeWideSNP_6_H02_1343724	11	37755416	37834961	40	0.6198
CODON_p_TCGA_293_294_295_N_GenomeWideSNP_6_H02_1343724	11	37842577	79967209	20922	-0.0363
CODON_p_TCGA_293_294_295_N_GenomeWideSNP_6_H02_1343724	11	79967504	79967564	4	-1.9206
CODON_p_TCGA_293_294_295_N_GenomeWideSNP_6_H02_1343724	11	79967686	134944770	38373	-0.0467
CODON_p_TCGA_293_294_295_N_GenomeWideSNP_6_H02_1343724	12	150442	11214145	7143	0.1765
CODON_p_TCGA_293_294_295_N_GenomeWideSNP_6_H02_1343724	12	11215372	11241532	14	-1.0212
CODON_p_TCGA_293_294_295_N_GenomeWideSNP_6_H02_1343724	12	11251874	11504091	131	0.1368
CODON_p_TCGA_293_294_295_N_GenomeWideSNP_6_H02_1343724	12	11511577	11543386	31	0.7037
CODON_p_TCGA_293_294_295_N_GenomeWideSNP_6_H02_1343724	12	11543406	12530697	813	0.2033
CODON_p_TCGA_293_294_295_N_GenomeWideSNP_6_H02_1343724	12	12536219	12542880	18	-0.6691
CODON_p_TCGA_293_294_295_N_GenomeWideSNP_6_H02_1343724	12	12542914	21692115	5958	0.1749
CODON_p_TCGA_293_294_295_N_GenomeWideSNP_6_H02_1343724	12	21695459	25959337	3084	0.6994
CODON_p_TCGA_293_294_295_N_GenomeWideSNP_6_H02_1343724	12	25961316	34462395	6030	0.1219
CODON_p_TCGA_293_294_295_N_GenomeWideSNP_6_H02_1343724	12	34464469	39625910	894	-0.1885
CODON_p_TCGA_293_294_295_N_GenomeWideSNP_6_H02_1343724	12	39627797	39628291	2	-2.1574
CODON_p_TCGA_293_294_295_N_GenomeWideSNP_6_H02_1343724	12	39628938	40640626	596	-0.2569
CODON_p_TCGA_293_294_295_N_GenomeWideSNP_6_H02_1343724	12	40644874	41199139	391	0.0989
CODON_p_TCGA_293_294_295_N_GenomeWideSNP_6_H02_1343724	12	41202193	41895356	489	-0.3142
CODON_p_TCGA_293_294_295_N_GenomeWideSNP_6_H02_1343724	12	41895911	42028048	126	0.0964
CODON_p_TCGA_293_294_295_N_GenomeWideSNP_6_H02_1343724	12	42031672	42344534	221	-0.2992
CODON_p_TCGA_293_294_295_N_GenomeWideSNP_6_H02_1343724	12	42345048	42519191	109	0.103
CODON_p_TCGA_293_294_295_N_GenomeWideSNP_6_H02_1343724	12	42522427	57852368	8584	-0.3405
CODON_p_TCGA_293_294_295_N_GenomeWideSNP_6_H02_1343724	12	57859431	57977950	58	2.9274
CODON_p_TCGA_293_294_295_N_GenomeWideSNP_6_H02_1343724	12	57978740	58117645	58	-0.2901
CODON_p_TCGA_293_294_295_N_GenomeWideSNP_6_H02_1343724	12	58124803	58303535	96	2.5926
CODON_p_TCGA_293_294_295_N_GenomeWideSNP_6_H02_1343724	12	58308173	61095266	1856	-0.2946
CODON_p_TCGA_293_294_295_N_GenomeWideSNP_6_H02_1343724	12	61103562	61245850	71	3.0876
CODON_p_TCGA_293_294_295_N_GenomeWideSNP_6_H02_1343724	12	61247954	61420741	82	2.1529
CODON_p_TCGA_293_294_295_N_GenomeWideSNP_6_H02_1343724	12	61429752	63692710	1520	-0.3667
CODON_p_TCGA_293_294_295_N_GenomeWideSNP_6_H02_1343724	12	63696548	63720782	14	1.6426
CODON_p_TCGA_293_294_295_N_GenomeWideSNP_6_H02_1343724	12	63725909	63736398	4	-0.5569
CODON_p_TCGA_293_294_295_N_GenomeWideSNP_6_H02_1343724	12	63744380	64085136	157	0.4761
CODON_p_TCGA_293_294_295_N_GenomeWideSNP_6_H02_1343724	12	64087698	64117268	15	1.2754
CODON_p_TCGA_293_294_295_N_GenomeWideSNP_6_H02_1343724	12	64117849	64194005	38	0.5258
CODON_p_TCGA_293_294_295_N_GenomeWideSNP_6_H02_1343724	12	64202233	64339934	73	-0.3508
CODON_p_TCGA_293_294_295_N_GenomeWideSNP_6_H02_1343724	12	64346815	64455989	81	1.1939
CODON_p_TCGA_293_294_295_N_GenomeWideSNP_6_H02_1343724	12	64457864	64861069	198	2.1688
CODON_p_TCGA_293_294_295_N_GenomeWideSNP_6_H02_1343724	12	64866718	64899032	12	0.2531
CODON_p_TCGA_293_294_295_N_GenomeWideSNP_6_H02_1343724	12	64910433	64973433	38	1.1627
CODON_p_TCGA_293_294_295_N_GenomeWideSNP_6_H02_1343724	12	64978075	65018192	22	0.3764
CODON_p_TCGA_293_294_295_N_GenomeWideSNP_6_H02_1343724	12	65024384	65038622	38	-0.3026
CODON_p_TCGA_293_294_295_N_GenomeWideSNP_6_H02_1343724	12	65039695	65213909	95	1.9861
CODON_p_TCGA_293_294_295_N_GenomeWideSNP_6_H02_1343724	12	65214097	65250743	17	2.6508
CODON_p_TCGA_293_294_295_N_GenomeWideSNP_6_H02_1343724	12	65252118	65330329	58	1.9096
CODON_p_TCGA_293_294_295_N_GenomeWideSNP_6_H02_1343724	12	65330766	65556130	136	2.378
CODON_p_TCGA_293_294_295_N_GenomeWideSNP_6_H02_1343724	12	65556179	65653134	37	1.9239
CODON_p_TCGA_293_294_295_N_GenomeWideSNP_6_H02_1343724	12	65655934	65742539	48	2.9663
CODON_p_TCGA_293_294_295_N_GenomeWideSNP_6_H02_1343724	12	65747604	66216073	279	1.8229
CODON_p_TCGA_293_294_295_N_GenomeWideSNP_6_H02_1343724	12	66217394	66336004	54	2.2852
CODON_p_TCGA_293_294_295_N_GenomeWideSNP_6_H02_1343724	12	66340859	66378706	28	1.69
CODON_p_TCGA_293_294_295_N_GenomeWideSNP_6_H02_1343724	12	66382532	66606937	140	0.3361
CODON_p_TCGA_293_294_295_N_GenomeWideSNP_6_H02_1343724	12	66610270	66846138	158	2.3351
CODON_p_TCGA_293_294_295_N_GenomeWideSNP_6_H02_1343724	12	66856667	67564678	589	0.3544
CODON_p_TCGA_293_294_295_N_GenomeWideSNP_6_H02_1343724	12	67573954	67731036	101	2.111
CODON_p_TCGA_293_294_295_N_GenomeWideSNP_6_H02_1343724	12	67735685	67770705	24	-0.1079
CODON_p_TCGA_293_294_295_N_GenomeWideSNP_6_H02_1343724	12	67773337	67909776	114	2.0447
CODON_p_TCGA_293_294_295_N_GenomeWideSNP_6_H02_1343724	12	67917497	67935513	18	-0.3155
CODON_p_TCGA_293_294_295_N_GenomeWideSNP_6_H02_1343724	12	67939204	68468711	386	2.9018
CODON_p_TCGA_293_294_295_N_GenomeWideSNP_6_H02_1343724	12	68469279	68882985	367	2.0853
CODON_p_TCGA_293_294_295_N_GenomeWideSNP_6_H02_1343724	12	68885718	69198112	156	2.6216
CODON_p_TCGA_293_294_295_N_GenomeWideSNP_6_H02_1343724	12	69199207	69523766	244	3.0544
CODON_p_TCGA_293_294_295_N_GenomeWideSNP_6_H02_1343724	12	69523923	69815760	188	2.3821
CODON_p_TCGA_293_294_295_N_GenomeWideSNP_6_H02_1343724	12	69816761	69824319	10	1.7753
CODON_p_TCGA_293_294_295_N_GenomeWideSNP_6_H02_1343724	12	69824399	69864170	26	2.231
CODON_p_TCGA_293_294_295_N_GenomeWideSNP_6_H02_1343724	12	69866441	70988149	758	1.5951
CODON_p_TCGA_293_294_295_N_GenomeWideSNP_6_H02_1343724	12	70988555	70990054	4	2.6862
CODON_p_TCGA_293_294_295_N_GenomeWideSNP_6_H02_1343724	12	70992717	71040930	46	1.7526
CODON_p_TCGA_293_294_295_N_GenomeWideSNP_6_H02_1343724	12	71047087	71103393	42	2.3009
CODON_p_TCGA_293_294_295_N_GenomeWideSNP_6_H02_1343724	12	71105774	71320774	156	1.4978
CODON_p_TCGA_293_294_295_N_GenomeWideSNP_6_H02_1343724	12	71325019	72024721	449	-0.5796
CODON_p_TCGA_293_294_295_N_GenomeWideSNP_6_H02_1343724	12	72029285	72266741	121	2.4631
CODON_p_TCGA_293_294_295_N_GenomeWideSNP_6_H02_1343724	12	72272833	75464526	1856	-0.3445
CODON_p_TCGA_293_294_295_N_GenomeWideSNP_6_H02_1343724	12	75467299	75669525	135	0.3753
CODON_p_TCGA_293_294_295_N_GenomeWideSNP_6_H02_1343724	12	75669635	84469954	5553	-0.3707
CODON_p_TCGA_293_294_295_N_GenomeWideSNP_6_H02_1343724	12	84470278	84805716	214	-0.0634
CODON_p_TCGA_293_294_295_N_GenomeWideSNP_6_H02_1343724	12	84808978	85222139	275	-0.6275
CODON_p_TCGA_293_294_295_N_GenomeWideSNP_6_H02_1343724	12	85224209	85380694	77	-0.0741
CODON_p_TCGA_293_294_295_N_GenomeWideSNP_6_H02_1343724	12	85381585	85585474	104	-0.5797
CODON_p_TCGA_293_294_295_N_GenomeWideSNP_6_H02_1343724	12	85585696	85726421	58	-0.0769
CODON_p_TCGA_293_294_295_N_GenomeWideSNP_6_H02_1343724	12	85733069	85854996	63	-0.6075
CODON_p_TCGA_293_294_295_N_GenomeWideSNP_6_H02_1343724	12	85855453	133742709	31292	-0.0318
CODON_p_TCGA_293_294_295_N_GenomeWideSNP_6_H02_1343724	12	133750052	133778189	16	-0.4524
CODON_p_TCGA_293_294_295_N_GenomeWideSNP_6_H02_1343724	13	19026949	20121459	560	-0.0349
CODON_p_TCGA_293_294_295_N_GenomeWideSNP_6_H02_1343724	13	20123895	20123910	2	3.0625
CODON_p_TCGA_293_294_295_N_GenomeWideSNP_6_H02_1343724	13	20124501	36865377	11910	-0.0404
CODON_p_TCGA_293_294_295_N_GenomeWideSNP_6_H02_1343724	13	36867019	36976301	69	0.3699
CODON_p_TCGA_293_294_295_N_GenomeWideSNP_6_H02_1343724	13	36977851	36991021	5	-0.4205
CODON_p_TCGA_293_294_295_N_GenomeWideSNP_6_H02_1343724	13	36994615	37132985	102	0.4303
CODON_p_TCGA_293_294_295_N_GenomeWideSNP_6_H02_1343724	13	37134465	37192736	41	-0.039
CODON_p_TCGA_293_294_295_N_GenomeWideSNP_6_H02_1343724	13	37193549	38071135	600	0.3766
CODON_p_TCGA_293_294_295_N_GenomeWideSNP_6_H02_1343724	13	38072036	38084757	16	1.2864
CODON_p_TCGA_293_294_295_N_GenomeWideSNP_6_H02_1343724	13	38088330	39052811	689	0.3869
CODON_p_TCGA_293_294_295_N_GenomeWideSNP_6_H02_1343724	13	39057572	39058056	2	-1.8523
CODON_p_TCGA_293_294_295_N_GenomeWideSNP_6_H02_1343724	13	39065057	39648018	412	0.3757
CODON_p_TCGA_293_294_295_N_GenomeWideSNP_6_H02_1343724	13	39648519	39649040	2	-0.9943
CODON_p_TCGA_293_294_295_N_GenomeWideSNP_6_H02_1343724	13	39653627	40913798	987	0.3814
CODON_p_TCGA_293_294_295_N_GenomeWideSNP_6_H02_1343724	13	40914178	40914540	2	-1.3005
CODON_p_TCGA_293_294_295_N_GenomeWideSNP_6_H02_1343724	13	40914645	46878798	3891	0.3969
CODON_p_TCGA_293_294_295_N_GenomeWideSNP_6_H02_1343724	13	46880235	48845005	1303	-0.6843
CODON_p_TCGA_293_294_295_N_GenomeWideSNP_6_H02_1343724	13	48849803	48971522	152	0.234
CODON_p_TCGA_293_294_295_N_GenomeWideSNP_6_H02_1343724	13	48971523	48971573	3	-0.8171
CODON_p_TCGA_293_294_295_N_GenomeWideSNP_6_H02_1343724	13	48971576	49385379	336	0.2386
CODON_p_TCGA_293_294_295_N_GenomeWideSNP_6_H02_1343724	13	49392290	49481237	72	-0.7142
CODON_p_TCGA_293_294_295_N_GenomeWideSNP_6_H02_1343724	13	49483734	49630361	79	0.2154
CODON_p_TCGA_293_294_295_N_GenomeWideSNP_6_H02_1343724	13	49635100	50752815	502	-0.6437
CODON_p_TCGA_293_294_295_N_GenomeWideSNP_6_H02_1343724	13	50761018	50831288	43	0.1331
CODON_p_TCGA_293_294_295_N_GenomeWideSNP_6_H02_1343724	13	50834890	51368852	383	-0.6319
CODON_p_TCGA_293_294_295_N_GenomeWideSNP_6_H02_1343724	13	51369374	51372549	3	-4.2732
CODON_p_TCGA_293_294_295_N_GenomeWideSNP_6_H02_1343724	13	51372616	53563153	1119	-0.695
CODON_p_TCGA_293_294_295_N_GenomeWideSNP_6_H02_1343724	13	53564699	53643370	64	0.2441
CODON_p_TCGA_293_294_295_N_GenomeWideSNP_6_H02_1343724	13	53645705	73898065	12073	-0.656
CODON_p_TCGA_293_294_295_N_GenomeWideSNP_6_H02_1343724	13	73903556	85117899	7369	-0.0381
CODON_p_TCGA_293_294_295_N_GenomeWideSNP_6_H02_1343724	13	85120181	100837494	9849	0.3784
CODON_p_TCGA_293_294_295_N_GenomeWideSNP_6_H02_1343724	13	100839314	102145560	911	-0.0602
CODON_p_TCGA_293_294_295_N_GenomeWideSNP_6_H02_1343724	13	102145938	115095809	9524	0.3865
CODON_p_TCGA_293_294_295_N_GenomeWideSNP_6_H02_1343724	13	115099210	115108397	5	-0.138
CODON_p_TCGA_293_294_295_N_GenomeWideSNP_6_H02_1343724	14	19002124	19402242	26	-0.3626
CODON_p_TCGA_293_294_295_N_GenomeWideSNP_6_H02_1343724	14	19416191	19600435	16	-1.1104
CODON_p_TCGA_293_294_295_N_GenomeWideSNP_6_H02_1343724	14	19602674	20332571	96	-0.4028
CODON_p_TCGA_293_294_295_N_GenomeWideSNP_6_H02_1343724	14	20332797	91254602	44733	-0.0339
CODON_p_TCGA_293_294_295_N_GenomeWideSNP_6_H02_1343724	14	91254718	91265405	8	-1.3221
CODON_p_TCGA_293_294_295_N_GenomeWideSNP_6_H02_1343724	14	91274852	107285437	9691	-0.0346
CODON_p_TCGA_293_294_295_N_GenomeWideSNP_6_H02_1343724	15	20016328	22341689	326	0.1785
CODON_p_TCGA_293_294_295_N_GenomeWideSNP_6_H02_1343724	15	22350922	22751245	100	0.5186
CODON_p_TCGA_293_294_295_N_GenomeWideSNP_6_H02_1343724	15	22751256	56789529	20779	-0.0626
CODON_p_TCGA_293_294_295_N_GenomeWideSNP_6_H02_1343724	15	56789647	56800977	26	-0.6186
CODON_p_TCGA_293_294_295_N_GenomeWideSNP_6_H02_1343724	15	56801623	76891627	12501	-0.049
CODON_p_TCGA_293_294_295_N_GenomeWideSNP_6_H02_1343724	15	76891741	76895775	19	-1.9376
CODON_p_TCGA_293_294_295_N_GenomeWideSNP_6_H02_1343724	15	76902179	102469040	17377	-0.0639
CODON_p_TCGA_293_294_295_N_GenomeWideSNP_6_H02_1343724	16	60777	17199665	11832	-0.0397
CODON_p_TCGA_293_294_295_N_GenomeWideSNP_6_H02_1343724	16	17199764	17200759	5	-1.6352
CODON_p_TCGA_293_294_295_N_GenomeWideSNP_6_H02_1343724	16	17201240	32743289	8001	-0.0275
CODON_p_TCGA_293_294_295_N_GenomeWideSNP_6_H02_1343724	16	32743481	33627826	139	-0.387
CODON_p_TCGA_293_294_295_N_GenomeWideSNP_6_H02_1343724	16	33631830	55796594	6874	-0.0408
CODON_p_TCGA_293_294_295_N_GenomeWideSNP_6_H02_1343724	16	55798222	55798779	3	3.4854
CODON_p_TCGA_293_294_295_N_GenomeWideSNP_6_H02_1343724	16	55804348	86109235	22069	-0.0347
CODON_p_TCGA_293_294_295_N_GenomeWideSNP_6_H02_1343724	16	86113630	86117865	9	-1.5012
CODON_p_TCGA_293_294_295_N_GenomeWideSNP_6_H02_1343724	16	86118553	90287535	2530	-0.0577
CODON_p_TCGA_293_294_295_N_GenomeWideSNP_6_H02_1343724	17	526	18355392	11255	-0.0142
CODON_p_TCGA_293_294_295_N_GenomeWideSNP_6_H02_1343724	17	18358946	18453437	25	-1.8003
CODON_p_TCGA_293_294_295_N_GenomeWideSNP_6_H02_1343724	17	18459272	44364170	11957	-0.0074
CODON_p_TCGA_293_294_295_N_GenomeWideSNP_6_H02_1343724	17	44394412	44752300	48	-0.7019
CODON_p_TCGA_293_294_295_N_GenomeWideSNP_6_H02_1343724	17	44764994	54161051	5704	-0.0218
CODON_p_TCGA_293_294_295_N_GenomeWideSNP_6_H02_1343724	17	54161171	54172591	22	-1.1922
CODON_p_TCGA_293_294_295_N_GenomeWideSNP_6_H02_1343724	17	54172823	81049726	15496	-0.0218
CODON_p_TCGA_293_294_295_N_GenomeWideSNP_6_H02_1343724	18	11543	78015057	50077	0.3814
CODON_p_TCGA_293_294_295_N_GenomeWideSNP_6_H02_1343724	19	90910	35849322	16563	-8e-04
CODON_p_TCGA_293_294_295_N_GenomeWideSNP_6_H02_1343724	19	35849493	35861848	22	-0.5709
CODON_p_TCGA_293_294_295_N_GenomeWideSNP_6_H02_1343724	19	35866744	43703033	3875	0.0077
CODON_p_TCGA_293_294_295_N_GenomeWideSNP_6_H02_1343724	19	43703504	43766659	22	-0.7719
CODON_p_TCGA_293_294_295_N_GenomeWideSNP_6_H02_1343724	19	43767012	44907010	744	-0.0037
CODON_p_TCGA_293_294_295_N_GenomeWideSNP_6_H02_1343724	19	44907183	44918777	3	-1.9118
CODON_p_TCGA_293_294_295_N_GenomeWideSNP_6_H02_1343724	19	44918809	54797848	5132	0.0056
CODON_p_TCGA_293_294_295_N_GenomeWideSNP_6_H02_1343724	19	54805530	54811325	4	-2.3142
CODON_p_TCGA_293_294_295_N_GenomeWideSNP_6_H02_1343724	19	54812675	59097854	2547	8e-04
CODON_p_TCGA_293_294_295_N_GenomeWideSNP_6_H02_1343724	20	61305	1561580	1190	0.3924
CODON_p_TCGA_293_294_295_N_GenomeWideSNP_6_H02_1343724	20	1561667	1593893	40	-1.0855
CODON_p_TCGA_293_294_295_N_GenomeWideSNP_6_H02_1343724	20	1597946	62956153	40647	0.3885
CODON_p_TCGA_293_294_295_N_GenomeWideSNP_6_H02_1343724	21	10736871	10960425	44	0.1824
CODON_p_TCGA_293_294_295_N_GenomeWideSNP_6_H02_1343724	21	10960471	14369127	72	-0.2123
CODON_p_TCGA_293_294_295_N_GenomeWideSNP_6_H02_1343724	21	14369207	48096957	23939	0.2846
CODON_p_TCGA_293_294_295_N_GenomeWideSNP_6_H02_1343724	22	16052528	18904992	1222	-0.6491
CODON_p_TCGA_293_294_295_N_GenomeWideSNP_6_H02_1343724	22	18904995	18909276	7	-3.7329
CODON_p_TCGA_293_294_295_N_GenomeWideSNP_6_H02_1343724	22	18916856	32938416	9239	-0.6822
CODON_p_TCGA_293_294_295_N_GenomeWideSNP_6_H02_1343724	22	32939340	32940660	6	-6.056
CODON_p_TCGA_293_294_295_N_GenomeWideSNP_6_H02_1343724	22	32940844	32980455	29	-0.7583
CODON_p_TCGA_293_294_295_N_GenomeWideSNP_6_H02_1343724	22	32980495	32980676	2	-7.0493
CODON_p_TCGA_293_294_295_N_GenomeWideSNP_6_H02_1343724	22	32981064	39290920	4471	-0.6858
CODON_p_TCGA_293_294_295_N_GenomeWideSNP_6_H02_1343724	22	39295255	39296904	3	-3.4977
CODON_p_TCGA_293_294_295_N_GenomeWideSNP_6_H02_1343724	22	39299114	47741458	5218	-0.6839
CODON_p_TCGA_293_294_295_N_GenomeWideSNP_6_H02_1343724	22	47752111	47753514	5	-4.3867
CODON_p_TCGA_293_294_295_N_GenomeWideSNP_6_H02_1343724	22	47753575	51234455	2559	-0.7688
CODON_p_TCGA_293_294_295_N_GenomeWideSNP_6_H02_1343724	X	168477	76353650	39602	0.007
CODON_p_TCGA_293_294_295_N_GenomeWideSNP_6_H02_1343724	X	76362292	76473278	12	-1.0155
CODON_p_TCGA_293_294_295_N_GenomeWideSNP_6_H02_1343724	X	76476301	92743239	8316	0.0051
CODON_p_TCGA_293_294_295_N_GenomeWideSNP_6_H02_1343724	X	92746133	92747130	2	-2.2741
CODON_p_TCGA_293_294_295_N_GenomeWideSNP_6_H02_1343724	X	92747208	115133681	12075	-0.0015
CODON_p_TCGA_293_294_295_N_GenomeWideSNP_6_H02_1343724	X	115137955	115150638	7	1.1874
CODON_p_TCGA_293_294_295_N_GenomeWideSNP_6_H02_1343724	X	115156419	139282418	13833	0.0102
CODON_p_TCGA_293_294_295_N_GenomeWideSNP_6_H02_1343724	X	139282440	139284650	4	-2.6401
CODON_p_TCGA_293_294_295_N_GenomeWideSNP_6_H02_1343724	X	139285651	155182354	9630	-0.0024
CODON_p_TCGA_293_294_295_N_GenomeWideSNP_6_H02_1343724	Y	2650438	6107901	870	-2.5509
CODON_p_TCGA_293_294_295_N_GenomeWideSNP_6_H02_1343724	Y	6110498	6344503	105	-3.7924
CODON_p_TCGA_293_294_295_N_GenomeWideSNP_6_H02_1343724	Y	6356305	8334875	1076	-3.0495
CODON_p_TCGA_293_294_295_N_GenomeWideSNP_6_H02_1343724	Y	8335038	9784949	575	-3.5347
CODON_p_TCGA_293_294_295_N_GenomeWideSNP_6_H02_1343724	Y	9787350	19571480	3031	-3.0634
CODON_p_TCGA_293_294_295_N_GenomeWideSNP_6_H02_1343724	Y	19574890	21024613	672	-3.5923
CODON_p_TCGA_293_294_295_N_GenomeWideSNP_6_H02_1343724	Y	21025062	23884367	1096	-3.1495
CODON_p_TCGA_293_294_295_N_GenomeWideSNP_6_H02_1343724	Y	23886358	27367487	676	-3.5738
CODON_p_TCGA_293_294_295_N_GenomeWideSNP_6_H02_1343724	Y	27436702	27721117	94	-2.9338
CODON_p_TCGA_293_294_295_N_GenomeWideSNP_6_H02_1343724	Y	27723774	28423938	249	-3.6653
CODON_p_TCGA_293_294_295_N_GenomeWideSNP_6_H02_1343724	Y	28438116	59018259	183	-2.835
